ID;LeeftijdReferentiepersoon;BurgerlijkeStaatReferentiepersoon;Perioden;TotaalParticuliereHuishoudens_1;Eenpersoonshuishouden_2;TotaalMeerpersoonshuishoudens_3;Paar_4;Eenouderhuishouden_5;OverigHuishouden_6
0;Totaal leeftijd;Totaal burgerlijke staat;2013;7572956;2814301;4758655;4193033;523650;41972
1;Totaal leeftijd;Totaal burgerlijke staat;2014;7631061;2859072;4771989;4199378;531348;41263
2;Totaal leeftijd;Totaal burgerlijke staat;2015;7687948;2898070;4789878;4213168;535568;41142
3;Totaal leeftijd;Totaal burgerlijke staat;2016;7744940;2933415;4811525;4233096;537018;41411
4;Totaal leeftijd;Totaal burgerlijke staat;2017;7801610;2970187;4831423;4251320;538437;41666
5;Totaal leeftijd;Totaal burgerlijke staat;2018;7858279;3008177;4850102;4268515;539632;41955
6;Totaal leeftijd;Totaal burgerlijke staat;2019;7913500;3047111;4866389;4283496;540627;42266
7;Totaal leeftijd;Totaal burgerlijke staat;2020;7966674;3086030;4880644;4296802;541253;42589
8;Totaal leeftijd;Totaal burgerlijke staat;2021;8017607;3124383;4893224;4308661;541679;42884
9;Totaal leeftijd;Totaal burgerlijke staat;2022;8066419;3162396;4904023;4319277;541549;43197
10;Totaal leeftijd;Totaal burgerlijke staat;2023;8112851;3199458;4913393;4328676;541234;43483
11;Totaal leeftijd;Totaal burgerlijke staat;2024;8157131;3235879;4921252;4336839;540601;43812
12;Totaal leeftijd;Totaal burgerlijke staat;2025;8198959;3271360;4927599;4343650;539865;44084
13;Totaal leeftijd;Totaal burgerlijke staat;2026;8238190;3305970;4932220;4348963;538905;44352
14;Totaal leeftijd;Totaal burgerlijke staat;2027;8274903;3339817;4935086;4352693;537814;44579
15;Totaal leeftijd;Totaal burgerlijke staat;2028;8309128;3372826;4936302;4354834;536673;44795
16;Totaal leeftijd;Totaal burgerlijke staat;2029;8340756;3404725;4936031;4355454;535564;45013
17;Totaal leeftijd;Totaal burgerlijke staat;2030;8369440;3435094;4934346;4354650;534509;45187
18;Totaal leeftijd;Totaal burgerlijke staat;2031;8395023;3463412;4931611;4352547;533727;45337
19;Totaal leeftijd;Totaal burgerlijke staat;2032;8417717;3489986;4927731;4349291;532979;45461
20;Totaal leeftijd;Totaal burgerlijke staat;2033;8437856;3514837;4923019;4345027;532432;45560
21;Totaal leeftijd;Totaal burgerlijke staat;2034;8455861;3538205;4917656;4339850;532134;45672
22;Totaal leeftijd;Totaal burgerlijke staat;2035;8471965;3560184;4911781;4333923;532064;45794
23;Totaal leeftijd;Totaal burgerlijke staat;2036;8486453;3580718;4905735;4327393;532431;45911
24;Totaal leeftijd;Totaal burgerlijke staat;2037;8499419;3600164;4899255;4320493;532757;46005
25;Totaal leeftijd;Totaal burgerlijke staat;2038;8511159;3618326;4892833;4313396;533339;46098
26;Totaal leeftijd;Totaal burgerlijke staat;2039;8521896;3635359;4886537;4306293;534027;46217
27;Totaal leeftijd;Totaal burgerlijke staat;2040;8531786;3651283;4880503;4299337;534799;46367
28;Totaal leeftijd;Totaal burgerlijke staat;2041;8541046;3666375;4874671;4292617;535518;46536
29;Totaal leeftijd;Totaal burgerlijke staat;2042;8549823;3680718;4869105;4286204;536179;46722
30;Totaal leeftijd;Totaal burgerlijke staat;2043;8558139;3694335;4863804;4280151;536740;46913
31;Totaal leeftijd;Totaal burgerlijke staat;2044;8566158;3707371;4858787;4274459;537213;47115
32;Totaal leeftijd;Totaal burgerlijke staat;2045;8573829;3719752;4854077;4269190;537556;47331
33;Totaal leeftijd;Totaal burgerlijke staat;2046;8581191;3731474;4849717;4264424;537749;47544
34;Totaal leeftijd;Totaal burgerlijke staat;2047;8588136;3742488;4845648;4260127;537777;47744
35;Totaal leeftijd;Totaal burgerlijke staat;2048;8594694;3752716;4841978;4256354;537659;47965
36;Totaal leeftijd;Totaal burgerlijke staat;2049;8600709;3762060;4838649;4253088;537407;48154
37;Totaal leeftijd;Totaal burgerlijke staat;2050;8606153;3770405;4835748;4250379;537036;48333
38;Totaal leeftijd;Totaal burgerlijke staat;2051;8610979;3777676;4833303;4248241;536561;48501
39;Totaal leeftijd;Totaal burgerlijke staat;2052;8615088;3783758;4831330;4246705;535974;48651
40;Totaal leeftijd;Totaal burgerlijke staat;2053;8618503;3788604;4829899;4245786;535325;48788
41;Totaal leeftijd;Totaal burgerlijke staat;2054;8621234;3792266;4828968;4245501;534581;48886
42;Totaal leeftijd;Totaal burgerlijke staat;2055;8623409;3794776;4828633;4245861;533795;48977
43;Totaal leeftijd;Totaal burgerlijke staat;2056;8625075;3796205;4828870;4246864;532948;49058
44;Totaal leeftijd;Totaal burgerlijke staat;2057;8626352;3796640;4829712;4248512;532089;49111
45;Totaal leeftijd;Totaal burgerlijke staat;2058;8627332;3796218;4831114;4250798;531170;49146
46;Totaal leeftijd;Totaal burgerlijke staat;2059;8628237;3795115;4833122;4253694;530263;49165
47;Totaal leeftijd;Totaal burgerlijke staat;2060;8629269;3793515;4835754;4257195;529398;49161
48;Totaal leeftijd;Ongehuwd;2013;2407630;1522438;885192;699088;149107;36997
49;Totaal leeftijd;Ongehuwd;2014;2461597;1551248;910349;718653;155275;36421
50;Totaal leeftijd;Ongehuwd;2015;2515459;1574875;940584;743481;160727;36376
51;Totaal leeftijd;Ongehuwd;2016;2570305;1595344;974961;772699;165567;36695
52;Totaal leeftijd;Ongehuwd;2017;2623638;1617032;1006606;799310;170315;36981
53;Totaal leeftijd;Ongehuwd;2018;2675810;1639695;1036115;823894;174915;37306
54;Totaal leeftijd;Ongehuwd;2019;2726088;1663152;1062936;845817;179472;37647
55;Totaal leeftijd;Ongehuwd;2020;2774141;1686565;1087576;865681;183903;37992
56;Totaal leeftijd;Ongehuwd;2021;2820016;1709585;1110431;883922;188192;38317
57;Totaal leeftijd;Ongehuwd;2022;2864084;1732236;1131848;900936;192268;38644
58;Totaal leeftijd;Ongehuwd;2023;2906225;1754259;1151966;916848;196166;38952
59;Totaal leeftijd;Ongehuwd;2024;2946827;1775888;1170939;931782;199850;39307
60;Totaal leeftijd;Ongehuwd;2025;2985764;1797126;1188638;945718;203320;39600
61;Totaal leeftijd;Ongehuwd;2026;3023094;1817992;1205102;958645;206570;39887
62;Totaal leeftijd;Ongehuwd;2027;3059129;1838841;1220288;970563;209584;40141
63;Totaal leeftijd;Ongehuwd;2028;3093960;1859725;1234235;981487;212373;40375
64;Totaal leeftijd;Ongehuwd;2029;3127635;1880567;1247068;991468;214970;40630
65;Totaal leeftijd;Ongehuwd;2030;3159914;1901082;1258832;1000640;217357;40835
66;Totaal leeftijd;Ongehuwd;2031;3190753;1921016;1269737;1009120;219594;41023
67;Totaal leeftijd;Ongehuwd;2032;3220422;1940566;1279856;1017040;221628;41188
68;Totaal leeftijd;Ongehuwd;2033;3249243;1959959;1289284;1024467;223501;41316
69;Totaal leeftijd;Ongehuwd;2034;3277616;1979450;1298166;1031457;225238;41471
70;Totaal leeftijd;Ongehuwd;2035;3305685;1999178;1306507;1038064;226813;41630
71;Totaal leeftijd;Ongehuwd;2036;3333647;2019159;1314488;1044376;228314;41798
72;Totaal leeftijd;Ongehuwd;2037;3361506;2039438;1322068;1050484;229642;41942
73;Totaal leeftijd;Ongehuwd;2038;3389336;2059925;1329411;1056422;230896;42093
74;Totaal leeftijd;Ongehuwd;2039;3417220;2080583;1336637;1062325;232051;42261
75;Totaal leeftijd;Ongehuwd;2040;3445154;2101378;1343776;1068188;233125;42463
76;Totaal leeftijd;Ongehuwd;2041;3473202;2122356;1350846;1074099;234073;42674
77;Totaal leeftijd;Ongehuwd;2042;3501298;2143483;1357815;1079986;234922;42907
78;Totaal leeftijd;Ongehuwd;2043;3529343;2164680;1364663;1085860;235658;43145
79;Totaal leeftijd;Ongehuwd;2044;3557267;2185868;1371399;1091692;236317;43390
80;Totaal leeftijd;Ongehuwd;2045;3584865;2206927;1377938;1097423;236873;43642
81;Totaal leeftijd;Ongehuwd;2046;3612062;2227770;1384292;1103075;237331;43886
82;Totaal leeftijd;Ongehuwd;2047;3638714;2248267;1390447;1108628;237693;44126
83;Totaal leeftijd;Ongehuwd;2048;3664726;2268299;1396427;1114078;237983;44366
84;Totaal leeftijd;Ongehuwd;2049;3689954;2287781;1402173;1119382;238204;44587
85;Totaal leeftijd;Ongehuwd;2050;3714327;2306628;1407699;1124537;238369;44793
86;Totaal leeftijd;Ongehuwd;2051;3737720;2324751;1412969;1129502;238488;44979
87;Totaal leeftijd;Ongehuwd;2052;3760064;2342077;1417987;1134266;238571;45150
88;Totaal leeftijd;Ongehuwd;2053;3781245;2358494;1422751;1138814;238630;45307
89;Totaal leeftijd;Ongehuwd;2054;3801198;2374002;1427196;1143105;238657;45434
90;Totaal leeftijd;Ongehuwd;2055;3819861;2388549;1431312;1147109;238660;45543
91;Totaal leeftijd;Ongehuwd;2056;3837316;2402162;1435154;1150863;238655;45636
92;Totaal leeftijd;Ongehuwd;2057;3853439;2414830;1438609;1154259;238637;45713
93;Totaal leeftijd;Ongehuwd;2058;3868294;2426590;1441704;1157347;238591;45766
94;Totaal leeftijd;Ongehuwd;2059;3881930;2437493;1444437;1160082;238551;45804
95;Totaal leeftijd;Ongehuwd;2060;3894354;2447589;1446765;1162454;238492;45819
96;Totaal leeftijd;Wettig gehuwd plus partnerschap;2013;3434789;81747;3353042;3315115;36774;1153
97;Totaal leeftijd;Wettig gehuwd plus partnerschap;2014;3417908;80141;3337767;3300332;36343;1092
98;Totaal leeftijd;Wettig gehuwd plus partnerschap;2015;3402314;78418;3323896;3287517;35322;1057
99;Totaal leeftijd;Wettig gehuwd plus partnerschap;2016;3388203;76725;3311478;3276379;34069;1030
100;Totaal leeftijd;Wettig gehuwd plus partnerschap;2017;3376560;75655;3300905;3266735;33151;1019
101;Totaal leeftijd;Wettig gehuwd plus partnerschap;2018;3367090;75052;3292038;3258595;32436;1007
102;Totaal leeftijd;Wettig gehuwd plus partnerschap;2019;3358957;74781;3284176;3251249;31935;992
103;Totaal leeftijd;Wettig gehuwd plus partnerschap;2020;3351825;74711;3277114;3244559;31566;989
104;Totaal leeftijd;Wettig gehuwd plus partnerschap;2021;3345255;74772;3270483;3238235;31266;982
105;Totaal leeftijd;Wettig gehuwd plus partnerschap;2022;3338946;74913;3264033;3232040;31011;982
106;Totaal leeftijd;Wettig gehuwd plus partnerschap;2023;3332703;75107;3257596;3225821;30798;977
107;Totaal leeftijd;Wettig gehuwd plus partnerschap;2024;3326387;75344;3251043;3219456;30611;976
108;Totaal leeftijd;Wettig gehuwd plus partnerschap;2025;3319814;75597;3244217;3212814;30430;973
109;Totaal leeftijd;Wettig gehuwd plus partnerschap;2026;3312882;75876;3237006;3205773;30267;966
110;Totaal leeftijd;Wettig gehuwd plus partnerschap;2027;3305492;76159;3229333;3198255;30109;969
111;Totaal leeftijd;Wettig gehuwd plus partnerschap;2028;3297558;76424;3221134;3190203;29961;970
112;Totaal leeftijd;Wettig gehuwd plus partnerschap;2029;3289075;76670;3212405;3181610;29831;964
113;Totaal leeftijd;Wettig gehuwd plus partnerschap;2030;3279967;76882;3203085;3172424;29700;961
114;Totaal leeftijd;Wettig gehuwd plus partnerschap;2031;3270247;77034;3193213;3162658;29604;951
115;Totaal leeftijd;Wettig gehuwd plus partnerschap;2032;3259897;77135;3182762;3152307;29509;946
116;Totaal leeftijd;Wettig gehuwd plus partnerschap;2033;3248986;77198;3171788;3141418;29427;943
117;Totaal leeftijd;Wettig gehuwd plus partnerschap;2034;3237589;77234;3160355;3130062;29352;941
118;Totaal leeftijd;Wettig gehuwd plus partnerschap;2035;3225819;77244;3148575;3118340;29300;935
119;Totaal leeftijd;Wettig gehuwd plus partnerschap;2036;3213754;77241;3136513;3106313;29273;927
120;Totaal leeftijd;Wettig gehuwd plus partnerschap;2037;3201507;77227;3124280;3094107;29252;921
121;Totaal leeftijd;Wettig gehuwd plus partnerschap;2038;3189213;77200;3112013;3081852;29244;917
122;Totaal leeftijd;Wettig gehuwd plus partnerschap;2039;3176960;77184;3099776;3069611;29257;908
123;Totaal leeftijd;Wettig gehuwd plus partnerschap;2040;3164874;77146;3087728;3057548;29276;904
124;Totaal leeftijd;Wettig gehuwd plus partnerschap;2041;3153005;77136;3075869;3045672;29294;903
125;Totaal leeftijd;Wettig gehuwd plus partnerschap;2042;3141475;77140;3064335;3034123;29310;902
126;Totaal leeftijd;Wettig gehuwd plus partnerschap;2043;3130308;77136;3053172;3022944;29331;897
127;Totaal leeftijd;Wettig gehuwd plus partnerschap;2044;3119552;77142;3042410;3012170;29347;893
128;Totaal leeftijd;Wettig gehuwd plus partnerschap;2045;3109354;77163;3032191;3001933;29366;892
129;Totaal leeftijd;Wettig gehuwd plus partnerschap;2046;3099740;77191;3022549;2992270;29386;893
130;Totaal leeftijd;Wettig gehuwd plus partnerschap;2047;3090655;77195;3013460;2983168;29403;889
131;Totaal leeftijd;Wettig gehuwd plus partnerschap;2048;3082161;77190;3004971;2974672;29406;893
132;Totaal leeftijd;Wettig gehuwd plus partnerschap;2049;3074284;77164;2997120;2966811;29416;893
133;Totaal leeftijd;Wettig gehuwd plus partnerschap;2050;3067046;77111;2989935;2959630;29416;889
134;Totaal leeftijd;Wettig gehuwd plus partnerschap;2051;3060526;77042;2983484;2953173;29419;892
135;Totaal leeftijd;Wettig gehuwd plus partnerschap;2052;3054724;76943;2977781;2947476;29410;895
136;Totaal leeftijd;Wettig gehuwd plus partnerschap;2053;3049705;76821;2972884;2942576;29414;894
137;Totaal leeftijd;Wettig gehuwd plus partnerschap;2054;3045502;76686;2968816;2938516;29408;892
138;Totaal leeftijd;Wettig gehuwd plus partnerschap;2055;3042174;76545;2965629;2935327;29411;891
139;Totaal leeftijd;Wettig gehuwd plus partnerschap;2056;3039705;76395;2963310;2933016;29403;891
140;Totaal leeftijd;Wettig gehuwd plus partnerschap;2057;3038160;76247;2961913;2931624;29396;893
141;Totaal leeftijd;Wettig gehuwd plus partnerschap;2058;3037548;76119;2961429;2931146;29390;893
142;Totaal leeftijd;Wettig gehuwd plus partnerschap;2059;3037835;75993;2961842;2931566;29385;891
143;Totaal leeftijd;Wettig gehuwd plus partnerschap;2060;3039079;75915;2963164;2932891;29384;889
144;Totaal leeftijd;Verweduwd;2013;742546;648589;93957;17432;75883;642
145;Totaal leeftijd;Verweduwd;2014;744883;652333;92550;17544;74362;644
146;Totaal leeftijd;Verweduwd;2015;747201;656129;91072;17697;72721;654
147;Totaal leeftijd;Verweduwd;2016;749531;660016;89515;17877;70983;655
148;Totaal leeftijd;Verweduwd;2017;752177;664122;88055;18004;69391;660
149;Totaal leeftijd;Verweduwd;2018;755080;668457;86623;18075;67892;656
150;Totaal leeftijd;Verweduwd;2019;758336;673045;85291;18126;66500;665
151;Totaal leeftijd;Verweduwd;2020;761912;677888;84024;18171;65193;660
152;Totaal leeftijd;Verweduwd;2021;765747;682902;82845;18197;63992;656
153;Totaal leeftijd;Verweduwd;2022;769828;688165;81663;18212;62790;661
154;Totaal leeftijd;Verweduwd;2023;774070;693516;80554;18217;61677;660
155;Totaal leeftijd;Verweduwd;2024;778417;698942;79475;18204;60610;661
156;Totaal leeftijd;Verweduwd;2025;782775;704328;78447;18177;59618;652
157;Totaal leeftijd;Verweduwd;2026;787067;709624;77443;18132;58650;661
158;Totaal leeftijd;Verweduwd;2027;791122;714706;76416;18055;57708;653
159;Totaal leeftijd;Verweduwd;2028;794930;719495;75435;17967;56811;657
160;Totaal leeftijd;Verweduwd;2029;798304;723866;74438;17850;55939;649
161;Totaal leeftijd;Verweduwd;2030;801216;727747;73469;17727;55097;645
162;Totaal leeftijd;Verweduwd;2031;803517;731000;72517;17576;54295;646
163;Totaal leeftijd;Verweduwd;2032;805114;733606;71508;17396;53475;637
164;Totaal leeftijd;Verweduwd;2033;805980;735447;70533;17212;52686;635
165;Totaal leeftijd;Verweduwd;2034;806031;736468;69563;17005;51936;622
166;Totaal leeftijd;Verweduwd;2035;805208;736590;68618;16779;51226;613
167;Totaal leeftijd;Verweduwd;2036;803532;735783;67749;16527;50616;606
168;Totaal leeftijd;Verweduwd;2037;800997;734162;66835;16271;49974;590
169;Totaal leeftijd;Verweduwd;2038;797623;731663;65960;16005;49382;573
170;Totaal leeftijd;Verweduwd;2039;793482;728385;65097;15725;48817;555
171;Totaal leeftijd;Verweduwd;2040;788619;724356;64263;15438;48287;538
172;Totaal leeftijd;Verweduwd;2041;783084;719643;63441;15144;47778;519
173;Totaal leeftijd;Verweduwd;2042;776963;714339;62624;14846;47282;496
174;Totaal leeftijd;Verweduwd;2043;770359;708529;61830;14552;46800;478
175;Totaal leeftijd;Verweduwd;2044;763435;702385;61050;14256;46339;455
176;Totaal leeftijd;Verweduwd;2045;756147;695879;60268;13956;45875;437
177;Totaal leeftijd;Verweduwd;2046;748562;689070;59492;13661;45412;419
178;Totaal leeftijd;Verweduwd;2047;740787;682072;58715;13357;44957;401
179;Totaal leeftijd;Verweduwd;2048;732816;674863;57953;13063;44505;385
180;Totaal leeftijd;Verweduwd;2049;724615;667426;57189;12768;44053;368
181;Totaal leeftijd;Verweduwd;2050;716154;659718;56436;12478;43601;357
182;Totaal leeftijd;Verweduwd;2051;707373;651696;55677;12182;43153;342
183;Totaal leeftijd;Verweduwd;2052;698252;643329;54923;11902;42693;328
184;Totaal leeftijd;Verweduwd;2053;688804;634630;54174;11622;42235;317
185;Totaal leeftijd;Verweduwd;2054;679015;625615;53400;11338;41762;300
186;Totaal leeftijd;Verweduwd;2055;668954;616303;52651;11080;41284;287
187;Totaal leeftijd;Verweduwd;2056;658609;606723;51886;10805;40802;279
188;Totaal leeftijd;Verweduwd;2057;648058;596931;51127;10553;40309;265
189;Totaal leeftijd;Verweduwd;2058;637310;586963;50347;10297;39797;253
190;Totaal leeftijd;Verweduwd;2059;626514;576944;49570;10055;39275;240
191;Totaal leeftijd;Verweduwd;2060;615750;566939;48811;9822;38758;231
192;Totaal leeftijd;Gescheiden;2013;987991;561527;426464;161398;261886;3180
193;Totaal leeftijd;Gescheiden;2014;1006673;575350;431323;162849;265368;3106
194;Totaal leeftijd;Gescheiden;2015;1022974;588648;434326;164473;266798;3055
195;Totaal leeftijd;Gescheiden;2016;1036901;601330;435571;166141;266399;3031
196;Totaal leeftijd;Gescheiden;2017;1049235;613378;435857;167271;265580;3006
197;Totaal leeftijd;Gescheiden;2018;1060299;624973;435326;167951;264389;2986
198;Totaal leeftijd;Gescheiden;2019;1070119;636133;433986;168304;262720;2962
199;Totaal leeftijd;Gescheiden;2020;1078796;646866;431930;168391;260591;2948
200;Totaal leeftijd;Gescheiden;2021;1086589;657124;429465;168307;258229;2929
201;Totaal leeftijd;Gescheiden;2022;1093561;667082;426479;168089;255480;2910
202;Totaal leeftijd;Gescheiden;2023;1099853;676576;423277;167790;252593;2894
203;Totaal leeftijd;Gescheiden;2024;1105500;685705;419795;167397;249530;2868
204;Totaal leeftijd;Gescheiden;2025;1110606;694309;416297;166941;246497;2859
205;Totaal leeftijd;Gescheiden;2026;1115147;702478;412669;166413;243418;2838
206;Totaal leeftijd;Gescheiden;2027;1119160;710111;409049;165820;240413;2816
207;Totaal leeftijd;Gescheiden;2028;1122680;717182;405498;165177;237528;2793
208;Totaal leeftijd;Gescheiden;2029;1125742;723622;402120;164526;234824;2770
209;Totaal leeftijd;Gescheiden;2030;1128343;729383;398960;163859;232355;2746
210;Totaal leeftijd;Gescheiden;2031;1130506;734362;396144;163193;230234;2717
211;Totaal leeftijd;Gescheiden;2032;1132284;738679;393605;162548;228367;2690
212;Totaal leeftijd;Gescheiden;2033;1133647;742233;391414;161930;226818;2666
213;Totaal leeftijd;Gescheiden;2034;1134625;745053;389572;161326;225608;2638
214;Totaal leeftijd;Gescheiden;2035;1135253;747172;388081;160740;224725;2616
215;Totaal leeftijd;Gescheiden;2036;1135520;748535;386985;160177;224228;2580
216;Totaal leeftijd;Gescheiden;2037;1135409;749337;386072;159631;223889;2552
217;Totaal leeftijd;Gescheiden;2038;1134987;749538;385449;159117;223817;2515
218;Totaal leeftijd;Gescheiden;2039;1134234;749207;385027;158632;223902;2493
219;Totaal leeftijd;Gescheiden;2040;1133139;748403;384736;158163;224111;2462
220;Totaal leeftijd;Gescheiden;2041;1131755;747240;384515;157702;224373;2440
221;Totaal leeftijd;Gescheiden;2042;1130087;745756;384331;157249;224665;2417
222;Totaal leeftijd;Gescheiden;2043;1128129;743990;384139;156795;224951;2393
223;Totaal leeftijd;Gescheiden;2044;1125904;741976;383928;156341;225210;2377
224;Totaal leeftijd;Gescheiden;2045;1123463;739783;383680;155878;225442;2360
225;Totaal leeftijd;Gescheiden;2046;1120827;737443;383384;155418;225620;2346
226;Totaal leeftijd;Gescheiden;2047;1117980;734954;383026;154974;225724;2328
227;Totaal leeftijd;Gescheiden;2048;1114991;732364;382627;154541;225765;2321
228;Totaal leeftijd;Gescheiden;2049;1111856;729689;382167;154127;225734;2306
229;Totaal leeftijd;Gescheiden;2050;1108626;726948;381678;153734;225650;2294
230;Totaal leeftijd;Gescheiden;2051;1105360;724187;381173;153384;225501;2288
231;Totaal leeftijd;Gescheiden;2052;1102048;721409;380639;153061;225300;2278
232;Totaal leeftijd;Gescheiden;2053;1098749;718659;380090;152774;225046;2270
233;Totaal leeftijd;Gescheiden;2054;1095519;715963;379556;152542;224754;2260
234;Totaal leeftijd;Gescheiden;2055;1092420;713379;379041;152345;224440;2256
235;Totaal leeftijd;Gescheiden;2056;1089445;710925;378520;152180;224088;2252
236;Totaal leeftijd;Gescheiden;2057;1086695;708632;378063;152076;223747;2240
237;Totaal leeftijd;Gescheiden;2058;1084180;706546;377634;152008;223392;2234
238;Totaal leeftijd;Gescheiden;2059;1081958;704685;377273;151991;223052;2230
239;Totaal leeftijd;Gescheiden;2060;1080086;703072;377014;152028;222764;2222
240;15 jaar;Totaal burgerlijke staat;2013;458;269;189;10;2;177
241;15 jaar;Totaal burgerlijke staat;2014;553;364;189;12;2;175
242;15 jaar;Totaal burgerlijke staat;2015;707;508;199;23;2;174
243;15 jaar;Totaal burgerlijke staat;2016;1007;739;268;95;2;171
244;15 jaar;Totaal burgerlijke staat;2017;997;729;268;94;2;172
245;15 jaar;Totaal burgerlijke staat;2018;992;726;266;94;2;170
246;15 jaar;Totaal burgerlijke staat;2019;991;724;267;94;2;171
247;15 jaar;Totaal burgerlijke staat;2020;965;703;262;93;2;167
248;15 jaar;Totaal burgerlijke staat;2021;941;684;257;91;2;164
249;15 jaar;Totaal burgerlijke staat;2022;932;677;255;90;2;163
250;15 jaar;Totaal burgerlijke staat;2023;918;665;253;89;2;162
251;15 jaar;Totaal burgerlijke staat;2024;934;676;258;91;2;165
252;15 jaar;Totaal burgerlijke staat;2025;930;674;256;90;2;164
253;15 jaar;Totaal burgerlijke staat;2026;926;671;255;89;2;164
254;15 jaar;Totaal burgerlijke staat;2027;909;658;251;88;2;161
255;15 jaar;Totaal burgerlijke staat;2028;895;648;247;86;2;159
256;15 jaar;Totaal burgerlijke staat;2029;896;649;247;86;2;159
257;15 jaar;Totaal burgerlijke staat;2030;898;651;247;86;2;159
258;15 jaar;Totaal burgerlijke staat;2031;905;656;249;87;2;160
259;15 jaar;Totaal burgerlijke staat;2032;911;661;250;87;2;161
260;15 jaar;Totaal burgerlijke staat;2033;917;666;251;87;2;162
261;15 jaar;Totaal burgerlijke staat;2034;922;669;253;88;2;163
262;15 jaar;Totaal burgerlijke staat;2035;927;673;254;88;2;164
263;15 jaar;Totaal burgerlijke staat;2036;930;675;255;88;2;165
264;15 jaar;Totaal burgerlijke staat;2037;935;679;256;89;2;165
265;15 jaar;Totaal burgerlijke staat;2038;939;682;257;89;2;166
266;15 jaar;Totaal burgerlijke staat;2039;942;683;259;90;2;167
267;15 jaar;Totaal burgerlijke staat;2040;944;685;259;90;2;167
268;15 jaar;Totaal burgerlijke staat;2041;946;687;259;90;2;167
269;15 jaar;Totaal burgerlijke staat;2042;947;687;260;91;2;167
270;15 jaar;Totaal burgerlijke staat;2043;949;689;260;91;2;167
271;15 jaar;Totaal burgerlijke staat;2044;949;689;260;91;2;167
272;15 jaar;Totaal burgerlijke staat;2045;949;689;260;91;2;167
273;15 jaar;Totaal burgerlijke staat;2046;949;689;260;91;2;167
274;15 jaar;Totaal burgerlijke staat;2047;948;688;260;91;2;167
275;15 jaar;Totaal burgerlijke staat;2048;947;687;260;91;2;167
276;15 jaar;Totaal burgerlijke staat;2049;944;685;259;91;2;166
277;15 jaar;Totaal burgerlijke staat;2050;941;682;259;91;2;166
278;15 jaar;Totaal burgerlijke staat;2051;937;680;257;90;2;165
279;15 jaar;Totaal burgerlijke staat;2052;932;676;256;90;2;164
280;15 jaar;Totaal burgerlijke staat;2053;929;673;256;90;2;164
281;15 jaar;Totaal burgerlijke staat;2054;923;669;254;89;2;163
282;15 jaar;Totaal burgerlijke staat;2055;919;666;253;89;2;162
283;15 jaar;Totaal burgerlijke staat;2056;917;664;253;89;2;162
284;15 jaar;Totaal burgerlijke staat;2057;913;662;251;88;2;161
285;15 jaar;Totaal burgerlijke staat;2058;912;661;251;88;2;161
286;15 jaar;Totaal burgerlijke staat;2059;909;659;250;88;2;160
287;15 jaar;Totaal burgerlijke staat;2060;909;659;250;88;2;160
288;15 jaar;Ongehuwd;2013;454;269;185;6;2;177
289;15 jaar;Ongehuwd;2014;549;364;185;8;2;175
290;15 jaar;Ongehuwd;2015;703;508;195;19;2;174
291;15 jaar;Ongehuwd;2016;1003;739;264;91;2;171
292;15 jaar;Ongehuwd;2017;993;729;264;90;2;172
293;15 jaar;Ongehuwd;2018;988;726;262;90;2;170
294;15 jaar;Ongehuwd;2019;987;724;263;90;2;171
295;15 jaar;Ongehuwd;2020;961;703;258;89;2;167
296;15 jaar;Ongehuwd;2021;937;684;253;87;2;164
297;15 jaar;Ongehuwd;2022;928;677;251;86;2;163
298;15 jaar;Ongehuwd;2023;914;665;249;85;2;162
299;15 jaar;Ongehuwd;2024;930;676;254;87;2;165
300;15 jaar;Ongehuwd;2025;926;674;252;86;2;164
301;15 jaar;Ongehuwd;2026;923;671;252;86;2;164
302;15 jaar;Ongehuwd;2027;906;658;248;85;2;161
303;15 jaar;Ongehuwd;2028;892;648;244;83;2;159
304;15 jaar;Ongehuwd;2029;893;649;244;83;2;159
305;15 jaar;Ongehuwd;2030;895;651;244;83;2;159
306;15 jaar;Ongehuwd;2031;902;656;246;84;2;160
307;15 jaar;Ongehuwd;2032;908;661;247;84;2;161
308;15 jaar;Ongehuwd;2033;914;666;248;84;2;162
309;15 jaar;Ongehuwd;2034;919;669;250;85;2;163
310;15 jaar;Ongehuwd;2035;924;673;251;85;2;164
311;15 jaar;Ongehuwd;2036;927;675;252;85;2;165
312;15 jaar;Ongehuwd;2037;932;679;253;86;2;165
313;15 jaar;Ongehuwd;2038;936;682;254;86;2;166
314;15 jaar;Ongehuwd;2039;939;683;256;87;2;167
315;15 jaar;Ongehuwd;2040;941;685;256;87;2;167
316;15 jaar;Ongehuwd;2041;943;687;256;87;2;167
317;15 jaar;Ongehuwd;2042;944;687;257;88;2;167
318;15 jaar;Ongehuwd;2043;946;689;257;88;2;167
319;15 jaar;Ongehuwd;2044;946;689;257;88;2;167
320;15 jaar;Ongehuwd;2045;946;689;257;88;2;167
321;15 jaar;Ongehuwd;2046;946;689;257;88;2;167
322;15 jaar;Ongehuwd;2047;945;688;257;88;2;167
323;15 jaar;Ongehuwd;2048;944;687;257;88;2;167
324;15 jaar;Ongehuwd;2049;941;685;256;88;2;166
325;15 jaar;Ongehuwd;2050;938;682;256;88;2;166
326;15 jaar;Ongehuwd;2051;934;680;254;87;2;165
327;15 jaar;Ongehuwd;2052;929;676;253;87;2;164
328;15 jaar;Ongehuwd;2053;926;673;253;87;2;164
329;15 jaar;Ongehuwd;2054;920;669;251;86;2;163
330;15 jaar;Ongehuwd;2055;916;666;250;86;2;162
331;15 jaar;Ongehuwd;2056;914;664;250;86;2;162
332;15 jaar;Ongehuwd;2057;910;662;248;85;2;161
333;15 jaar;Ongehuwd;2058;909;661;248;85;2;161
334;15 jaar;Ongehuwd;2059;906;659;247;85;2;160
335;15 jaar;Ongehuwd;2060;906;659;247;85;2;160
336;15 jaar;Wettig gehuwd plus partnerschap;2013;4;0;4;4;0;0
337;15 jaar;Wettig gehuwd plus partnerschap;2014;4;0;4;4;0;0
338;15 jaar;Wettig gehuwd plus partnerschap;2015;4;0;4;4;0;0
339;15 jaar;Wettig gehuwd plus partnerschap;2016;4;0;4;4;0;0
340;15 jaar;Wettig gehuwd plus partnerschap;2017;4;0;4;4;0;0
341;15 jaar;Wettig gehuwd plus partnerschap;2018;4;0;4;4;0;0
342;15 jaar;Wettig gehuwd plus partnerschap;2019;4;0;4;4;0;0
343;15 jaar;Wettig gehuwd plus partnerschap;2020;4;0;4;4;0;0
344;15 jaar;Wettig gehuwd plus partnerschap;2021;4;0;4;4;0;0
345;15 jaar;Wettig gehuwd plus partnerschap;2022;4;0;4;4;0;0
346;15 jaar;Wettig gehuwd plus partnerschap;2023;4;0;4;4;0;0
347;15 jaar;Wettig gehuwd plus partnerschap;2024;4;0;4;4;0;0
348;15 jaar;Wettig gehuwd plus partnerschap;2025;4;0;4;4;0;0
349;15 jaar;Wettig gehuwd plus partnerschap;2026;3;0;3;3;0;0
350;15 jaar;Wettig gehuwd plus partnerschap;2027;3;0;3;3;0;0
351;15 jaar;Wettig gehuwd plus partnerschap;2028;3;0;3;3;0;0
352;15 jaar;Wettig gehuwd plus partnerschap;2029;3;0;3;3;0;0
353;15 jaar;Wettig gehuwd plus partnerschap;2030;3;0;3;3;0;0
354;15 jaar;Wettig gehuwd plus partnerschap;2031;3;0;3;3;0;0
355;15 jaar;Wettig gehuwd plus partnerschap;2032;3;0;3;3;0;0
356;15 jaar;Wettig gehuwd plus partnerschap;2033;3;0;3;3;0;0
357;15 jaar;Wettig gehuwd plus partnerschap;2034;3;0;3;3;0;0
358;15 jaar;Wettig gehuwd plus partnerschap;2035;3;0;3;3;0;0
359;15 jaar;Wettig gehuwd plus partnerschap;2036;3;0;3;3;0;0
360;15 jaar;Wettig gehuwd plus partnerschap;2037;3;0;3;3;0;0
361;15 jaar;Wettig gehuwd plus partnerschap;2038;3;0;3;3;0;0
362;15 jaar;Wettig gehuwd plus partnerschap;2039;3;0;3;3;0;0
363;15 jaar;Wettig gehuwd plus partnerschap;2040;3;0;3;3;0;0
364;15 jaar;Wettig gehuwd plus partnerschap;2041;3;0;3;3;0;0
365;15 jaar;Wettig gehuwd plus partnerschap;2042;3;0;3;3;0;0
366;15 jaar;Wettig gehuwd plus partnerschap;2043;3;0;3;3;0;0
367;15 jaar;Wettig gehuwd plus partnerschap;2044;3;0;3;3;0;0
368;15 jaar;Wettig gehuwd plus partnerschap;2045;3;0;3;3;0;0
369;15 jaar;Wettig gehuwd plus partnerschap;2046;3;0;3;3;0;0
370;15 jaar;Wettig gehuwd plus partnerschap;2047;3;0;3;3;0;0
371;15 jaar;Wettig gehuwd plus partnerschap;2048;3;0;3;3;0;0
372;15 jaar;Wettig gehuwd plus partnerschap;2049;3;0;3;3;0;0
373;15 jaar;Wettig gehuwd plus partnerschap;2050;3;0;3;3;0;0
374;15 jaar;Wettig gehuwd plus partnerschap;2051;3;0;3;3;0;0
375;15 jaar;Wettig gehuwd plus partnerschap;2052;3;0;3;3;0;0
376;15 jaar;Wettig gehuwd plus partnerschap;2053;3;0;3;3;0;0
377;15 jaar;Wettig gehuwd plus partnerschap;2054;3;0;3;3;0;0
378;15 jaar;Wettig gehuwd plus partnerschap;2055;3;0;3;3;0;0
379;15 jaar;Wettig gehuwd plus partnerschap;2056;3;0;3;3;0;0
380;15 jaar;Wettig gehuwd plus partnerschap;2057;3;0;3;3;0;0
381;15 jaar;Wettig gehuwd plus partnerschap;2058;3;0;3;3;0;0
382;15 jaar;Wettig gehuwd plus partnerschap;2059;3;0;3;3;0;0
383;15 jaar;Wettig gehuwd plus partnerschap;2060;3;0;3;3;0;0
384;15 jaar;Verweduwd;2013;0;0;0;0;0;0
385;15 jaar;Verweduwd;2014;0;0;0;0;0;0
386;15 jaar;Verweduwd;2015;0;0;0;0;0;0
387;15 jaar;Verweduwd;2016;0;0;0;0;0;0
388;15 jaar;Verweduwd;2017;0;0;0;0;0;0
389;15 jaar;Verweduwd;2018;0;0;0;0;0;0
390;15 jaar;Verweduwd;2019;0;0;0;0;0;0
391;15 jaar;Verweduwd;2020;0;0;0;0;0;0
392;15 jaar;Verweduwd;2021;0;0;0;0;0;0
393;15 jaar;Verweduwd;2022;0;0;0;0;0;0
394;15 jaar;Verweduwd;2023;0;0;0;0;0;0
395;15 jaar;Verweduwd;2024;0;0;0;0;0;0
396;15 jaar;Verweduwd;2025;0;0;0;0;0;0
397;15 jaar;Verweduwd;2026;0;0;0;0;0;0
398;15 jaar;Verweduwd;2027;0;0;0;0;0;0
399;15 jaar;Verweduwd;2028;0;0;0;0;0;0
400;15 jaar;Verweduwd;2029;0;0;0;0;0;0
401;15 jaar;Verweduwd;2030;0;0;0;0;0;0
402;15 jaar;Verweduwd;2031;0;0;0;0;0;0
403;15 jaar;Verweduwd;2032;0;0;0;0;0;0
404;15 jaar;Verweduwd;2033;0;0;0;0;0;0
405;15 jaar;Verweduwd;2034;0;0;0;0;0;0
406;15 jaar;Verweduwd;2035;0;0;0;0;0;0
407;15 jaar;Verweduwd;2036;0;0;0;0;0;0
408;15 jaar;Verweduwd;2037;0;0;0;0;0;0
409;15 jaar;Verweduwd;2038;0;0;0;0;0;0
410;15 jaar;Verweduwd;2039;0;0;0;0;0;0
411;15 jaar;Verweduwd;2040;0;0;0;0;0;0
412;15 jaar;Verweduwd;2041;0;0;0;0;0;0
413;15 jaar;Verweduwd;2042;0;0;0;0;0;0
414;15 jaar;Verweduwd;2043;0;0;0;0;0;0
415;15 jaar;Verweduwd;2044;0;0;0;0;0;0
416;15 jaar;Verweduwd;2045;0;0;0;0;0;0
417;15 jaar;Verweduwd;2046;0;0;0;0;0;0
418;15 jaar;Verweduwd;2047;0;0;0;0;0;0
419;15 jaar;Verweduwd;2048;0;0;0;0;0;0
420;15 jaar;Verweduwd;2049;0;0;0;0;0;0
421;15 jaar;Verweduwd;2050;0;0;0;0;0;0
422;15 jaar;Verweduwd;2051;0;0;0;0;0;0
423;15 jaar;Verweduwd;2052;0;0;0;0;0;0
424;15 jaar;Verweduwd;2053;0;0;0;0;0;0
425;15 jaar;Verweduwd;2054;0;0;0;0;0;0
426;15 jaar;Verweduwd;2055;0;0;0;0;0;0
427;15 jaar;Verweduwd;2056;0;0;0;0;0;0
428;15 jaar;Verweduwd;2057;0;0;0;0;0;0
429;15 jaar;Verweduwd;2058;0;0;0;0;0;0
430;15 jaar;Verweduwd;2059;0;0;0;0;0;0
431;15 jaar;Verweduwd;2060;0;0;0;0;0;0
432;15 jaar;Gescheiden;2013;0;0;0;0;0;0
433;15 jaar;Gescheiden;2014;0;0;0;0;0;0
434;15 jaar;Gescheiden;2015;0;0;0;0;0;0
435;15 jaar;Gescheiden;2016;0;0;0;0;0;0
436;15 jaar;Gescheiden;2017;0;0;0;0;0;0
437;15 jaar;Gescheiden;2018;0;0;0;0;0;0
438;15 jaar;Gescheiden;2019;0;0;0;0;0;0
439;15 jaar;Gescheiden;2020;0;0;0;0;0;0
440;15 jaar;Gescheiden;2021;0;0;0;0;0;0
441;15 jaar;Gescheiden;2022;0;0;0;0;0;0
442;15 jaar;Gescheiden;2023;0;0;0;0;0;0
443;15 jaar;Gescheiden;2024;0;0;0;0;0;0
444;15 jaar;Gescheiden;2025;0;0;0;0;0;0
445;15 jaar;Gescheiden;2026;0;0;0;0;0;0
446;15 jaar;Gescheiden;2027;0;0;0;0;0;0
447;15 jaar;Gescheiden;2028;0;0;0;0;0;0
448;15 jaar;Gescheiden;2029;0;0;0;0;0;0
449;15 jaar;Gescheiden;2030;0;0;0;0;0;0
450;15 jaar;Gescheiden;2031;0;0;0;0;0;0
451;15 jaar;Gescheiden;2032;0;0;0;0;0;0
452;15 jaar;Gescheiden;2033;0;0;0;0;0;0
453;15 jaar;Gescheiden;2034;0;0;0;0;0;0
454;15 jaar;Gescheiden;2035;0;0;0;0;0;0
455;15 jaar;Gescheiden;2036;0;0;0;0;0;0
456;15 jaar;Gescheiden;2037;0;0;0;0;0;0
457;15 jaar;Gescheiden;2038;0;0;0;0;0;0
458;15 jaar;Gescheiden;2039;0;0;0;0;0;0
459;15 jaar;Gescheiden;2040;0;0;0;0;0;0
460;15 jaar;Gescheiden;2041;0;0;0;0;0;0
461;15 jaar;Gescheiden;2042;0;0;0;0;0;0
462;15 jaar;Gescheiden;2043;0;0;0;0;0;0
463;15 jaar;Gescheiden;2044;0;0;0;0;0;0
464;15 jaar;Gescheiden;2045;0;0;0;0;0;0
465;15 jaar;Gescheiden;2046;0;0;0;0;0;0
466;15 jaar;Gescheiden;2047;0;0;0;0;0;0
467;15 jaar;Gescheiden;2048;0;0;0;0;0;0
468;15 jaar;Gescheiden;2049;0;0;0;0;0;0
469;15 jaar;Gescheiden;2050;0;0;0;0;0;0
470;15 jaar;Gescheiden;2051;0;0;0;0;0;0
471;15 jaar;Gescheiden;2052;0;0;0;0;0;0
472;15 jaar;Gescheiden;2053;0;0;0;0;0;0
473;15 jaar;Gescheiden;2054;0;0;0;0;0;0
474;15 jaar;Gescheiden;2055;0;0;0;0;0;0
475;15 jaar;Gescheiden;2056;0;0;0;0;0;0
476;15 jaar;Gescheiden;2057;0;0;0;0;0;0
477;15 jaar;Gescheiden;2058;0;0;0;0;0;0
478;15 jaar;Gescheiden;2059;0;0;0;0;0;0
479;15 jaar;Gescheiden;2060;0;0;0;0;0;0
480;16 jaar;Totaal burgerlijke staat;2013;1546;1268;278;51;60;167
481;16 jaar;Totaal burgerlijke staat;2014;1639;1349;290;74;48;168
482;16 jaar;Totaal burgerlijke staat;2015;1714;1406;308;96;46;166
483;16 jaar;Totaal burgerlijke staat;2016;1819;1478;341;130;46;165
484;16 jaar;Totaal burgerlijke staat;2017;2031;1639;392;178;49;165
485;16 jaar;Totaal burgerlijke staat;2018;2023;1633;390;177;48;165
486;16 jaar;Totaal burgerlijke staat;2019;2007;1621;386;175;47;164
487;16 jaar;Totaal burgerlijke staat;2020;2001;1615;386;175;47;164
488;16 jaar;Totaal burgerlijke staat;2021;1953;1574;379;174;45;160
489;16 jaar;Totaal burgerlijke staat;2022;1907;1540;367;166;44;157
490;16 jaar;Totaal burgerlijke staat;2023;1890;1522;368;168;44;156
491;16 jaar;Totaal burgerlijke staat;2024;1862;1504;358;161;43;154
492;16 jaar;Totaal burgerlijke staat;2025;1893;1524;369;168;44;157
493;16 jaar;Totaal burgerlijke staat;2026;1887;1524;363;162;44;157
494;16 jaar;Totaal burgerlijke staat;2027;1879;1515;364;165;43;156
495;16 jaar;Totaal burgerlijke staat;2028;1843;1490;353;157;43;153
496;16 jaar;Totaal burgerlijke staat;2029;1819;1468;351;158;42;151
497;16 jaar;Totaal burgerlijke staat;2030;1817;1471;346;153;42;151
498;16 jaar;Totaal burgerlijke staat;2031;1825;1476;349;154;43;152
499;16 jaar;Totaal burgerlijke staat;2032;1838;1483;355;159;43;153
500;16 jaar;Totaal burgerlijke staat;2033;1846;1490;356;159;43;154
501;16 jaar;Totaal burgerlijke staat;2034;1858;1500;358;160;43;155
502;16 jaar;Totaal burgerlijke staat;2035;1866;1509;357;157;44;156
503;16 jaar;Totaal burgerlijke staat;2036;1877;1515;362;162;44;156
504;16 jaar;Totaal burgerlijke staat;2037;1884;1520;364;163;44;157
505;16 jaar;Totaal burgerlijke staat;2038;1893;1527;366;164;44;158
506;16 jaar;Totaal burgerlijke staat;2039;1898;1531;367;165;44;158
507;16 jaar;Totaal burgerlijke staat;2040;1903;1534;369;166;44;159
508;16 jaar;Totaal burgerlijke staat;2041;1907;1540;367;163;45;159
509;16 jaar;Totaal burgerlijke staat;2042;1914;1542;372;168;45;159
510;16 jaar;Totaal burgerlijke staat;2043;1912;1541;371;168;44;159
511;16 jaar;Totaal burgerlijke staat;2044;1914;1545;369;165;44;160
512;16 jaar;Totaal burgerlijke staat;2045;1918;1544;374;170;44;160
513;16 jaar;Totaal burgerlijke staat;2046;1916;1543;373;170;44;159
514;16 jaar;Totaal burgerlijke staat;2047;1918;1544;374;170;44;160
515;16 jaar;Totaal burgerlijke staat;2048;1914;1541;373;170;44;159
516;16 jaar;Totaal burgerlijke staat;2049;1912;1539;373;170;44;159
517;16 jaar;Totaal burgerlijke staat;2050;1908;1535;373;170;44;159
518;16 jaar;Totaal burgerlijke staat;2051;1900;1529;371;169;44;158
519;16 jaar;Totaal burgerlijke staat;2052;1889;1524;365;164;44;157
520;16 jaar;Totaal burgerlijke staat;2053;1883;1515;368;168;44;156
521;16 jaar;Totaal burgerlijke staat;2054;1875;1508;367;167;44;156
522;16 jaar;Totaal burgerlijke staat;2055;1868;1503;365;167;43;155
523;16 jaar;Totaal burgerlijke staat;2056;1860;1497;363;166;43;154
524;16 jaar;Totaal burgerlijke staat;2057;1851;1493;358;161;43;154
525;16 jaar;Totaal burgerlijke staat;2058;1847;1490;357;160;43;154
526;16 jaar;Totaal burgerlijke staat;2059;1842;1486;356;160;43;153
527;16 jaar;Totaal burgerlijke staat;2060;1841;1482;359;164;42;153
528;16 jaar;Ongehuwd;2013;1537;1268;269;42;60;167
529;16 jaar;Ongehuwd;2014;1625;1348;277;61;48;168
530;16 jaar;Ongehuwd;2015;1700;1405;295;83;46;166
531;16 jaar;Ongehuwd;2016;1805;1477;328;117;46;165
532;16 jaar;Ongehuwd;2017;2018;1639;379;165;49;165
533;16 jaar;Ongehuwd;2018;2011;1633;378;165;48;165
534;16 jaar;Ongehuwd;2019;1995;1621;374;163;47;164
535;16 jaar;Ongehuwd;2020;1990;1615;375;164;47;164
536;16 jaar;Ongehuwd;2021;1942;1574;368;163;45;160
537;16 jaar;Ongehuwd;2022;1897;1540;357;156;44;157
538;16 jaar;Ongehuwd;2023;1880;1522;358;158;44;156
539;16 jaar;Ongehuwd;2024;1852;1504;348;151;43;154
540;16 jaar;Ongehuwd;2025;1883;1524;359;158;44;157
541;16 jaar;Ongehuwd;2026;1877;1524;353;152;44;157
542;16 jaar;Ongehuwd;2027;1869;1515;354;155;43;156
543;16 jaar;Ongehuwd;2028;1833;1490;343;147;43;153
544;16 jaar;Ongehuwd;2029;1809;1468;341;148;42;151
545;16 jaar;Ongehuwd;2030;1807;1471;336;143;42;151
546;16 jaar;Ongehuwd;2031;1815;1476;339;144;43;152
547;16 jaar;Ongehuwd;2032;1828;1483;345;149;43;153
548;16 jaar;Ongehuwd;2033;1836;1490;346;149;43;154
549;16 jaar;Ongehuwd;2034;1848;1500;348;150;43;155
550;16 jaar;Ongehuwd;2035;1856;1509;347;147;44;156
551;16 jaar;Ongehuwd;2036;1867;1515;352;152;44;156
552;16 jaar;Ongehuwd;2037;1874;1520;354;153;44;157
553;16 jaar;Ongehuwd;2038;1883;1527;356;154;44;158
554;16 jaar;Ongehuwd;2039;1888;1531;357;155;44;158
555;16 jaar;Ongehuwd;2040;1893;1534;359;156;44;159
556;16 jaar;Ongehuwd;2041;1897;1540;357;153;45;159
557;16 jaar;Ongehuwd;2042;1904;1542;362;158;45;159
558;16 jaar;Ongehuwd;2043;1903;1541;362;159;44;159
559;16 jaar;Ongehuwd;2044;1905;1545;360;156;44;160
560;16 jaar;Ongehuwd;2045;1909;1544;365;161;44;160
561;16 jaar;Ongehuwd;2046;1907;1543;364;161;44;159
562;16 jaar;Ongehuwd;2047;1909;1544;365;161;44;160
563;16 jaar;Ongehuwd;2048;1905;1541;364;161;44;159
564;16 jaar;Ongehuwd;2049;1903;1539;364;161;44;159
565;16 jaar;Ongehuwd;2050;1899;1535;364;161;44;159
566;16 jaar;Ongehuwd;2051;1891;1529;362;160;44;158
567;16 jaar;Ongehuwd;2052;1880;1524;356;155;44;157
568;16 jaar;Ongehuwd;2053;1874;1515;359;159;44;156
569;16 jaar;Ongehuwd;2054;1866;1508;358;158;44;156
570;16 jaar;Ongehuwd;2055;1859;1503;356;158;43;155
571;16 jaar;Ongehuwd;2056;1851;1497;354;157;43;154
572;16 jaar;Ongehuwd;2057;1842;1493;349;152;43;154
573;16 jaar;Ongehuwd;2058;1838;1490;348;151;43;154
574;16 jaar;Ongehuwd;2059;1833;1486;347;151;43;153
575;16 jaar;Ongehuwd;2060;1832;1482;350;155;42;153
576;16 jaar;Wettig gehuwd plus partnerschap;2013;9;0;9;9;0;0
577;16 jaar;Wettig gehuwd plus partnerschap;2014;14;1;13;13;0;0
578;16 jaar;Wettig gehuwd plus partnerschap;2015;14;1;13;13;0;0
579;16 jaar;Wettig gehuwd plus partnerschap;2016;14;1;13;13;0;0
580;16 jaar;Wettig gehuwd plus partnerschap;2017;13;0;13;13;0;0
581;16 jaar;Wettig gehuwd plus partnerschap;2018;12;0;12;12;0;0
582;16 jaar;Wettig gehuwd plus partnerschap;2019;12;0;12;12;0;0
583;16 jaar;Wettig gehuwd plus partnerschap;2020;11;0;11;11;0;0
584;16 jaar;Wettig gehuwd plus partnerschap;2021;11;0;11;11;0;0
585;16 jaar;Wettig gehuwd plus partnerschap;2022;10;0;10;10;0;0
586;16 jaar;Wettig gehuwd plus partnerschap;2023;10;0;10;10;0;0
587;16 jaar;Wettig gehuwd plus partnerschap;2024;10;0;10;10;0;0
588;16 jaar;Wettig gehuwd plus partnerschap;2025;10;0;10;10;0;0
589;16 jaar;Wettig gehuwd plus partnerschap;2026;10;0;10;10;0;0
590;16 jaar;Wettig gehuwd plus partnerschap;2027;10;0;10;10;0;0
591;16 jaar;Wettig gehuwd plus partnerschap;2028;10;0;10;10;0;0
592;16 jaar;Wettig gehuwd plus partnerschap;2029;10;0;10;10;0;0
593;16 jaar;Wettig gehuwd plus partnerschap;2030;10;0;10;10;0;0
594;16 jaar;Wettig gehuwd plus partnerschap;2031;10;0;10;10;0;0
595;16 jaar;Wettig gehuwd plus partnerschap;2032;10;0;10;10;0;0
596;16 jaar;Wettig gehuwd plus partnerschap;2033;10;0;10;10;0;0
597;16 jaar;Wettig gehuwd plus partnerschap;2034;10;0;10;10;0;0
598;16 jaar;Wettig gehuwd plus partnerschap;2035;10;0;10;10;0;0
599;16 jaar;Wettig gehuwd plus partnerschap;2036;10;0;10;10;0;0
600;16 jaar;Wettig gehuwd plus partnerschap;2037;10;0;10;10;0;0
601;16 jaar;Wettig gehuwd plus partnerschap;2038;10;0;10;10;0;0
602;16 jaar;Wettig gehuwd plus partnerschap;2039;10;0;10;10;0;0
603;16 jaar;Wettig gehuwd plus partnerschap;2040;10;0;10;10;0;0
604;16 jaar;Wettig gehuwd plus partnerschap;2041;10;0;10;10;0;0
605;16 jaar;Wettig gehuwd plus partnerschap;2042;10;0;10;10;0;0
606;16 jaar;Wettig gehuwd plus partnerschap;2043;9;0;9;9;0;0
607;16 jaar;Wettig gehuwd plus partnerschap;2044;9;0;9;9;0;0
608;16 jaar;Wettig gehuwd plus partnerschap;2045;9;0;9;9;0;0
609;16 jaar;Wettig gehuwd plus partnerschap;2046;9;0;9;9;0;0
610;16 jaar;Wettig gehuwd plus partnerschap;2047;9;0;9;9;0;0
611;16 jaar;Wettig gehuwd plus partnerschap;2048;9;0;9;9;0;0
612;16 jaar;Wettig gehuwd plus partnerschap;2049;9;0;9;9;0;0
613;16 jaar;Wettig gehuwd plus partnerschap;2050;9;0;9;9;0;0
614;16 jaar;Wettig gehuwd plus partnerschap;2051;9;0;9;9;0;0
615;16 jaar;Wettig gehuwd plus partnerschap;2052;9;0;9;9;0;0
616;16 jaar;Wettig gehuwd plus partnerschap;2053;9;0;9;9;0;0
617;16 jaar;Wettig gehuwd plus partnerschap;2054;9;0;9;9;0;0
618;16 jaar;Wettig gehuwd plus partnerschap;2055;9;0;9;9;0;0
619;16 jaar;Wettig gehuwd plus partnerschap;2056;9;0;9;9;0;0
620;16 jaar;Wettig gehuwd plus partnerschap;2057;9;0;9;9;0;0
621;16 jaar;Wettig gehuwd plus partnerschap;2058;9;0;9;9;0;0
622;16 jaar;Wettig gehuwd plus partnerschap;2059;9;0;9;9;0;0
623;16 jaar;Wettig gehuwd plus partnerschap;2060;9;0;9;9;0;0
624;16 jaar;Verweduwd;2013;0;0;0;0;0;0
625;16 jaar;Verweduwd;2014;0;0;0;0;0;0
626;16 jaar;Verweduwd;2015;0;0;0;0;0;0
627;16 jaar;Verweduwd;2016;0;0;0;0;0;0
628;16 jaar;Verweduwd;2017;0;0;0;0;0;0
629;16 jaar;Verweduwd;2018;0;0;0;0;0;0
630;16 jaar;Verweduwd;2019;0;0;0;0;0;0
631;16 jaar;Verweduwd;2020;0;0;0;0;0;0
632;16 jaar;Verweduwd;2021;0;0;0;0;0;0
633;16 jaar;Verweduwd;2022;0;0;0;0;0;0
634;16 jaar;Verweduwd;2023;0;0;0;0;0;0
635;16 jaar;Verweduwd;2024;0;0;0;0;0;0
636;16 jaar;Verweduwd;2025;0;0;0;0;0;0
637;16 jaar;Verweduwd;2026;0;0;0;0;0;0
638;16 jaar;Verweduwd;2027;0;0;0;0;0;0
639;16 jaar;Verweduwd;2028;0;0;0;0;0;0
640;16 jaar;Verweduwd;2029;0;0;0;0;0;0
641;16 jaar;Verweduwd;2030;0;0;0;0;0;0
642;16 jaar;Verweduwd;2031;0;0;0;0;0;0
643;16 jaar;Verweduwd;2032;0;0;0;0;0;0
644;16 jaar;Verweduwd;2033;0;0;0;0;0;0
645;16 jaar;Verweduwd;2034;0;0;0;0;0;0
646;16 jaar;Verweduwd;2035;0;0;0;0;0;0
647;16 jaar;Verweduwd;2036;0;0;0;0;0;0
648;16 jaar;Verweduwd;2037;0;0;0;0;0;0
649;16 jaar;Verweduwd;2038;0;0;0;0;0;0
650;16 jaar;Verweduwd;2039;0;0;0;0;0;0
651;16 jaar;Verweduwd;2040;0;0;0;0;0;0
652;16 jaar;Verweduwd;2041;0;0;0;0;0;0
653;16 jaar;Verweduwd;2042;0;0;0;0;0;0
654;16 jaar;Verweduwd;2043;0;0;0;0;0;0
655;16 jaar;Verweduwd;2044;0;0;0;0;0;0
656;16 jaar;Verweduwd;2045;0;0;0;0;0;0
657;16 jaar;Verweduwd;2046;0;0;0;0;0;0
658;16 jaar;Verweduwd;2047;0;0;0;0;0;0
659;16 jaar;Verweduwd;2048;0;0;0;0;0;0
660;16 jaar;Verweduwd;2049;0;0;0;0;0;0
661;16 jaar;Verweduwd;2050;0;0;0;0;0;0
662;16 jaar;Verweduwd;2051;0;0;0;0;0;0
663;16 jaar;Verweduwd;2052;0;0;0;0;0;0
664;16 jaar;Verweduwd;2053;0;0;0;0;0;0
665;16 jaar;Verweduwd;2054;0;0;0;0;0;0
666;16 jaar;Verweduwd;2055;0;0;0;0;0;0
667;16 jaar;Verweduwd;2056;0;0;0;0;0;0
668;16 jaar;Verweduwd;2057;0;0;0;0;0;0
669;16 jaar;Verweduwd;2058;0;0;0;0;0;0
670;16 jaar;Verweduwd;2059;0;0;0;0;0;0
671;16 jaar;Verweduwd;2060;0;0;0;0;0;0
672;16 jaar;Gescheiden;2013;0;0;0;0;0;0
673;16 jaar;Gescheiden;2014;0;0;0;0;0;0
674;16 jaar;Gescheiden;2015;0;0;0;0;0;0
675;16 jaar;Gescheiden;2016;0;0;0;0;0;0
676;16 jaar;Gescheiden;2017;0;0;0;0;0;0
677;16 jaar;Gescheiden;2018;0;0;0;0;0;0
678;16 jaar;Gescheiden;2019;0;0;0;0;0;0
679;16 jaar;Gescheiden;2020;0;0;0;0;0;0
680;16 jaar;Gescheiden;2021;0;0;0;0;0;0
681;16 jaar;Gescheiden;2022;0;0;0;0;0;0
682;16 jaar;Gescheiden;2023;0;0;0;0;0;0
683;16 jaar;Gescheiden;2024;0;0;0;0;0;0
684;16 jaar;Gescheiden;2025;0;0;0;0;0;0
685;16 jaar;Gescheiden;2026;0;0;0;0;0;0
686;16 jaar;Gescheiden;2027;0;0;0;0;0;0
687;16 jaar;Gescheiden;2028;0;0;0;0;0;0
688;16 jaar;Gescheiden;2029;0;0;0;0;0;0
689;16 jaar;Gescheiden;2030;0;0;0;0;0;0
690;16 jaar;Gescheiden;2031;0;0;0;0;0;0
691;16 jaar;Gescheiden;2032;0;0;0;0;0;0
692;16 jaar;Gescheiden;2033;0;0;0;0;0;0
693;16 jaar;Gescheiden;2034;0;0;0;0;0;0
694;16 jaar;Gescheiden;2035;0;0;0;0;0;0
695;16 jaar;Gescheiden;2036;0;0;0;0;0;0
696;16 jaar;Gescheiden;2037;0;0;0;0;0;0
697;16 jaar;Gescheiden;2038;0;0;0;0;0;0
698;16 jaar;Gescheiden;2039;0;0;0;0;0;0
699;16 jaar;Gescheiden;2040;0;0;0;0;0;0
700;16 jaar;Gescheiden;2041;0;0;0;0;0;0
701;16 jaar;Gescheiden;2042;0;0;0;0;0;0
702;16 jaar;Gescheiden;2043;0;0;0;0;0;0
703;16 jaar;Gescheiden;2044;0;0;0;0;0;0
704;16 jaar;Gescheiden;2045;0;0;0;0;0;0
705;16 jaar;Gescheiden;2046;0;0;0;0;0;0
706;16 jaar;Gescheiden;2047;0;0;0;0;0;0
707;16 jaar;Gescheiden;2048;0;0;0;0;0;0
708;16 jaar;Gescheiden;2049;0;0;0;0;0;0
709;16 jaar;Gescheiden;2050;0;0;0;0;0;0
710;16 jaar;Gescheiden;2051;0;0;0;0;0;0
711;16 jaar;Gescheiden;2052;0;0;0;0;0;0
712;16 jaar;Gescheiden;2053;0;0;0;0;0;0
713;16 jaar;Gescheiden;2054;0;0;0;0;0;0
714;16 jaar;Gescheiden;2055;0;0;0;0;0;0
715;16 jaar;Gescheiden;2056;0;0;0;0;0;0
716;16 jaar;Gescheiden;2057;0;0;0;0;0;0
717;16 jaar;Gescheiden;2058;0;0;0;0;0;0
718;16 jaar;Gescheiden;2059;0;0;0;0;0;0
719;16 jaar;Gescheiden;2060;0;0;0;0;0;0
720;17 jaar;Totaal burgerlijke staat;2013;3841;3366;475;180;141;154
721;17 jaar;Totaal burgerlijke staat;2014;3929;3409;520;209;160;151
722;17 jaar;Totaal burgerlijke staat;2015;4064;3527;537;236;149;152
723;17 jaar;Totaal burgerlijke staat;2016;4214;3653;561;267;142;152
724;17 jaar;Totaal burgerlijke staat;2017;4319;3736;583;289;142;152
725;17 jaar;Totaal burgerlijke staat;2018;4553;3923;630;326;150;154
726;17 jaar;Totaal burgerlijke staat;2019;4509;3887;622;323;146;153
727;17 jaar;Totaal burgerlijke staat;2020;4471;3855;616;320;144;152
728;17 jaar;Totaal burgerlijke staat;2021;4449;3837;612;318;143;151
729;17 jaar;Totaal burgerlijke staat;2022;4326;3731;595;308;139;148
730;17 jaar;Totaal burgerlijke staat;2023;4215;3638;577;296;136;145
731;17 jaar;Totaal burgerlijke staat;2024;4171;3600;571;294;134;143
732;17 jaar;Totaal burgerlijke staat;2025;4109;3551;558;284;132;142
733;17 jaar;Totaal burgerlijke staat;2026;4170;3600;570;292;134;144
734;17 jaar;Totaal burgerlijke staat;2027;4162;3597;565;287;134;144
735;17 jaar;Totaal burgerlijke staat;2028;4143;3582;561;285;133;143
736;17 jaar;Totaal burgerlijke staat;2029;4059;3513;546;275;131;140
737;17 jaar;Totaal burgerlijke staat;2030;4001;3463;538;271;129;138
738;17 jaar;Totaal burgerlijke staat;2031;4003;3467;536;268;129;139
739;17 jaar;Totaal burgerlijke staat;2032;4016;3478;538;269;130;139
740;17 jaar;Totaal burgerlijke staat;2033;4045;3501;544;274;130;140
741;17 jaar;Totaal burgerlijke staat;2034;4068;3520;548;276;131;141
742;17 jaar;Totaal burgerlijke staat;2035;4098;3546;552;278;132;142
743;17 jaar;Totaal burgerlijke staat;2036;4116;3563;553;277;133;143
744;17 jaar;Totaal burgerlijke staat;2037;4140;3582;558;282;133;143
745;17 jaar;Totaal burgerlijke staat;2038;4162;3599;563;285;134;144
746;17 jaar;Totaal burgerlijke staat;2039;4181;3615;566;287;134;145
747;17 jaar;Totaal burgerlijke staat;2040;4194;3625;569;289;135;145
748;17 jaar;Totaal burgerlijke staat;2041;4207;3635;572;291;135;146
749;17 jaar;Totaal burgerlijke staat;2042;4220;3647;573;291;136;146
750;17 jaar;Totaal burgerlijke staat;2043;4230;3653;577;295;136;146
751;17 jaar;Totaal burgerlijke staat;2044;4234;3656;578;296;136;146
752;17 jaar;Totaal burgerlijke staat;2045;4238;3660;578;295;136;147
753;17 jaar;Totaal burgerlijke staat;2046;4244;3662;582;299;136;147
754;17 jaar;Totaal burgerlijke staat;2047;4245;3663;582;299;136;147
755;17 jaar;Totaal burgerlijke staat;2048;4244;3661;583;300;136;147
756;17 jaar;Totaal burgerlijke staat;2049;4238;3656;582;300;136;146
757;17 jaar;Totaal burgerlijke staat;2050;4232;3650;582;300;136;146
758;17 jaar;Totaal burgerlijke staat;2051;4220;3639;581;299;136;146
759;17 jaar;Totaal burgerlijke staat;2052;4203;3626;577;297;135;145
760;17 jaar;Totaal burgerlijke staat;2053;4182;3609;573;294;134;145
761;17 jaar;Totaal burgerlijke staat;2054;4164;3590;574;296;134;144
762;17 jaar;Totaal burgerlijke staat;2055;4144;3574;570;294;133;143
763;17 jaar;Totaal burgerlijke staat;2056;4126;3559;567;293;132;142
764;17 jaar;Totaal burgerlijke staat;2057;4108;3543;565;291;132;142
765;17 jaar;Totaal burgerlijke staat;2058;4092;3531;561;287;132;142
766;17 jaar;Totaal burgerlijke staat;2059;4078;3520;558;286;131;141
767;17 jaar;Totaal burgerlijke staat;2060;4069;3512;557;285;131;141
768;17 jaar;Ongehuwd;2013;3812;3362;450;162;134;154
769;17 jaar;Ongehuwd;2014;3893;3405;488;183;154;151
770;17 jaar;Ongehuwd;2015;4024;3522;502;207;143;152
771;17 jaar;Ongehuwd;2016;4176;3648;528;239;137;152
772;17 jaar;Ongehuwd;2017;4281;3731;550;261;137;152
773;17 jaar;Ongehuwd;2018;4515;3918;597;299;144;154
774;17 jaar;Ongehuwd;2019;4472;3882;590;296;141;153
775;17 jaar;Ongehuwd;2020;4435;3850;585;294;139;152
776;17 jaar;Ongehuwd;2021;4413;3832;581;292;138;151
777;17 jaar;Ongehuwd;2022;4291;3726;565;283;134;148
778;17 jaar;Ongehuwd;2023;4180;3633;547;271;131;145
779;17 jaar;Ongehuwd;2024;4137;3595;542;270;129;143
780;17 jaar;Ongehuwd;2025;4076;3547;529;260;127;142
781;17 jaar;Ongehuwd;2026;4136;3595;541;268;129;144
782;17 jaar;Ongehuwd;2027;4128;3592;536;263;129;144
783;17 jaar;Ongehuwd;2028;4109;3577;532;261;128;143
784;17 jaar;Ongehuwd;2029;4026;3509;517;251;126;140
785;17 jaar;Ongehuwd;2030;3968;3459;509;247;124;138
786;17 jaar;Ongehuwd;2031;3970;3463;507;244;124;139
787;17 jaar;Ongehuwd;2032;3983;3474;509;245;125;139
788;17 jaar;Ongehuwd;2033;4012;3497;515;250;125;140
789;17 jaar;Ongehuwd;2034;4035;3516;519;252;126;141
790;17 jaar;Ongehuwd;2035;4065;3542;523;254;127;142
791;17 jaar;Ongehuwd;2036;4083;3559;524;253;128;143
792;17 jaar;Ongehuwd;2037;4106;3577;529;258;128;143
793;17 jaar;Ongehuwd;2038;4128;3594;534;261;129;144
794;17 jaar;Ongehuwd;2039;4147;3610;537;263;129;145
795;17 jaar;Ongehuwd;2040;4160;3620;540;265;130;145
796;17 jaar;Ongehuwd;2041;4174;3630;544;268;130;146
797;17 jaar;Ongehuwd;2042;4187;3642;545;268;131;146
798;17 jaar;Ongehuwd;2043;4197;3648;549;272;131;146
799;17 jaar;Ongehuwd;2044;4201;3651;550;273;131;146
800;17 jaar;Ongehuwd;2045;4205;3655;550;272;131;147
801;17 jaar;Ongehuwd;2046;4211;3657;554;276;131;147
802;17 jaar;Ongehuwd;2047;4212;3658;554;276;131;147
803;17 jaar;Ongehuwd;2048;4211;3656;555;277;131;147
804;17 jaar;Ongehuwd;2049;4205;3651;554;277;131;146
805;17 jaar;Ongehuwd;2050;4199;3645;554;277;131;146
806;17 jaar;Ongehuwd;2051;4187;3634;553;276;131;146
807;17 jaar;Ongehuwd;2052;4170;3621;549;274;130;145
808;17 jaar;Ongehuwd;2053;4149;3604;545;271;129;145
809;17 jaar;Ongehuwd;2054;4132;3586;546;273;129;144
810;17 jaar;Ongehuwd;2055;4112;3570;542;271;128;143
811;17 jaar;Ongehuwd;2056;4094;3555;539;270;127;142
812;17 jaar;Ongehuwd;2057;4076;3539;537;268;127;142
813;17 jaar;Ongehuwd;2058;4060;3527;533;264;127;142
814;17 jaar;Ongehuwd;2059;4046;3516;530;263;126;141
815;17 jaar;Ongehuwd;2060;4037;3508;529;262;126;141
816;17 jaar;Wettig gehuwd plus partnerschap;2013;29;4;25;18;7;0
817;17 jaar;Wettig gehuwd plus partnerschap;2014;36;4;32;26;6;0
818;17 jaar;Wettig gehuwd plus partnerschap;2015;40;5;35;29;6;0
819;17 jaar;Wettig gehuwd plus partnerschap;2016;38;5;33;28;5;0
820;17 jaar;Wettig gehuwd plus partnerschap;2017;38;5;33;28;5;0
821;17 jaar;Wettig gehuwd plus partnerschap;2018;38;5;33;27;6;0
822;17 jaar;Wettig gehuwd plus partnerschap;2019;37;5;32;27;5;0
823;17 jaar;Wettig gehuwd plus partnerschap;2020;36;5;31;26;5;0
824;17 jaar;Wettig gehuwd plus partnerschap;2021;36;5;31;26;5;0
825;17 jaar;Wettig gehuwd plus partnerschap;2022;35;5;30;25;5;0
826;17 jaar;Wettig gehuwd plus partnerschap;2023;35;5;30;25;5;0
827;17 jaar;Wettig gehuwd plus partnerschap;2024;34;5;29;24;5;0
828;17 jaar;Wettig gehuwd plus partnerschap;2025;33;4;29;24;5;0
829;17 jaar;Wettig gehuwd plus partnerschap;2026;34;5;29;24;5;0
830;17 jaar;Wettig gehuwd plus partnerschap;2027;34;5;29;24;5;0
831;17 jaar;Wettig gehuwd plus partnerschap;2028;34;5;29;24;5;0
832;17 jaar;Wettig gehuwd plus partnerschap;2029;33;4;29;24;5;0
833;17 jaar;Wettig gehuwd plus partnerschap;2030;33;4;29;24;5;0
834;17 jaar;Wettig gehuwd plus partnerschap;2031;33;4;29;24;5;0
835;17 jaar;Wettig gehuwd plus partnerschap;2032;33;4;29;24;5;0
836;17 jaar;Wettig gehuwd plus partnerschap;2033;33;4;29;24;5;0
837;17 jaar;Wettig gehuwd plus partnerschap;2034;33;4;29;24;5;0
838;17 jaar;Wettig gehuwd plus partnerschap;2035;33;4;29;24;5;0
839;17 jaar;Wettig gehuwd plus partnerschap;2036;33;4;29;24;5;0
840;17 jaar;Wettig gehuwd plus partnerschap;2037;34;5;29;24;5;0
841;17 jaar;Wettig gehuwd plus partnerschap;2038;34;5;29;24;5;0
842;17 jaar;Wettig gehuwd plus partnerschap;2039;34;5;29;24;5;0
843;17 jaar;Wettig gehuwd plus partnerschap;2040;34;5;29;24;5;0
844;17 jaar;Wettig gehuwd plus partnerschap;2041;33;5;28;23;5;0
845;17 jaar;Wettig gehuwd plus partnerschap;2042;33;5;28;23;5;0
846;17 jaar;Wettig gehuwd plus partnerschap;2043;33;5;28;23;5;0
847;17 jaar;Wettig gehuwd plus partnerschap;2044;33;5;28;23;5;0
848;17 jaar;Wettig gehuwd plus partnerschap;2045;33;5;28;23;5;0
849;17 jaar;Wettig gehuwd plus partnerschap;2046;33;5;28;23;5;0
850;17 jaar;Wettig gehuwd plus partnerschap;2047;33;5;28;23;5;0
851;17 jaar;Wettig gehuwd plus partnerschap;2048;33;5;28;23;5;0
852;17 jaar;Wettig gehuwd plus partnerschap;2049;33;5;28;23;5;0
853;17 jaar;Wettig gehuwd plus partnerschap;2050;33;5;28;23;5;0
854;17 jaar;Wettig gehuwd plus partnerschap;2051;33;5;28;23;5;0
855;17 jaar;Wettig gehuwd plus partnerschap;2052;33;5;28;23;5;0
856;17 jaar;Wettig gehuwd plus partnerschap;2053;33;5;28;23;5;0
857;17 jaar;Wettig gehuwd plus partnerschap;2054;32;4;28;23;5;0
858;17 jaar;Wettig gehuwd plus partnerschap;2055;32;4;28;23;5;0
859;17 jaar;Wettig gehuwd plus partnerschap;2056;32;4;28;23;5;0
860;17 jaar;Wettig gehuwd plus partnerschap;2057;32;4;28;23;5;0
861;17 jaar;Wettig gehuwd plus partnerschap;2058;32;4;28;23;5;0
862;17 jaar;Wettig gehuwd plus partnerschap;2059;32;4;28;23;5;0
863;17 jaar;Wettig gehuwd plus partnerschap;2060;32;4;28;23;5;0
864;17 jaar;Verweduwd;2013;0;0;0;0;0;0
865;17 jaar;Verweduwd;2014;0;0;0;0;0;0
866;17 jaar;Verweduwd;2015;0;0;0;0;0;0
867;17 jaar;Verweduwd;2016;0;0;0;0;0;0
868;17 jaar;Verweduwd;2017;0;0;0;0;0;0
869;17 jaar;Verweduwd;2018;0;0;0;0;0;0
870;17 jaar;Verweduwd;2019;0;0;0;0;0;0
871;17 jaar;Verweduwd;2020;0;0;0;0;0;0
872;17 jaar;Verweduwd;2021;0;0;0;0;0;0
873;17 jaar;Verweduwd;2022;0;0;0;0;0;0
874;17 jaar;Verweduwd;2023;0;0;0;0;0;0
875;17 jaar;Verweduwd;2024;0;0;0;0;0;0
876;17 jaar;Verweduwd;2025;0;0;0;0;0;0
877;17 jaar;Verweduwd;2026;0;0;0;0;0;0
878;17 jaar;Verweduwd;2027;0;0;0;0;0;0
879;17 jaar;Verweduwd;2028;0;0;0;0;0;0
880;17 jaar;Verweduwd;2029;0;0;0;0;0;0
881;17 jaar;Verweduwd;2030;0;0;0;0;0;0
882;17 jaar;Verweduwd;2031;0;0;0;0;0;0
883;17 jaar;Verweduwd;2032;0;0;0;0;0;0
884;17 jaar;Verweduwd;2033;0;0;0;0;0;0
885;17 jaar;Verweduwd;2034;0;0;0;0;0;0
886;17 jaar;Verweduwd;2035;0;0;0;0;0;0
887;17 jaar;Verweduwd;2036;0;0;0;0;0;0
888;17 jaar;Verweduwd;2037;0;0;0;0;0;0
889;17 jaar;Verweduwd;2038;0;0;0;0;0;0
890;17 jaar;Verweduwd;2039;0;0;0;0;0;0
891;17 jaar;Verweduwd;2040;0;0;0;0;0;0
892;17 jaar;Verweduwd;2041;0;0;0;0;0;0
893;17 jaar;Verweduwd;2042;0;0;0;0;0;0
894;17 jaar;Verweduwd;2043;0;0;0;0;0;0
895;17 jaar;Verweduwd;2044;0;0;0;0;0;0
896;17 jaar;Verweduwd;2045;0;0;0;0;0;0
897;17 jaar;Verweduwd;2046;0;0;0;0;0;0
898;17 jaar;Verweduwd;2047;0;0;0;0;0;0
899;17 jaar;Verweduwd;2048;0;0;0;0;0;0
900;17 jaar;Verweduwd;2049;0;0;0;0;0;0
901;17 jaar;Verweduwd;2050;0;0;0;0;0;0
902;17 jaar;Verweduwd;2051;0;0;0;0;0;0
903;17 jaar;Verweduwd;2052;0;0;0;0;0;0
904;17 jaar;Verweduwd;2053;0;0;0;0;0;0
905;17 jaar;Verweduwd;2054;0;0;0;0;0;0
906;17 jaar;Verweduwd;2055;0;0;0;0;0;0
907;17 jaar;Verweduwd;2056;0;0;0;0;0;0
908;17 jaar;Verweduwd;2057;0;0;0;0;0;0
909;17 jaar;Verweduwd;2058;0;0;0;0;0;0
910;17 jaar;Verweduwd;2059;0;0;0;0;0;0
911;17 jaar;Verweduwd;2060;0;0;0;0;0;0
912;17 jaar;Gescheiden;2013;0;0;0;0;0;0
913;17 jaar;Gescheiden;2014;0;0;0;0;0;0
914;17 jaar;Gescheiden;2015;0;0;0;0;0;0
915;17 jaar;Gescheiden;2016;0;0;0;0;0;0
916;17 jaar;Gescheiden;2017;0;0;0;0;0;0
917;17 jaar;Gescheiden;2018;0;0;0;0;0;0
918;17 jaar;Gescheiden;2019;0;0;0;0;0;0
919;17 jaar;Gescheiden;2020;0;0;0;0;0;0
920;17 jaar;Gescheiden;2021;0;0;0;0;0;0
921;17 jaar;Gescheiden;2022;0;0;0;0;0;0
922;17 jaar;Gescheiden;2023;0;0;0;0;0;0
923;17 jaar;Gescheiden;2024;0;0;0;0;0;0
924;17 jaar;Gescheiden;2025;0;0;0;0;0;0
925;17 jaar;Gescheiden;2026;0;0;0;0;0;0
926;17 jaar;Gescheiden;2027;0;0;0;0;0;0
927;17 jaar;Gescheiden;2028;0;0;0;0;0;0
928;17 jaar;Gescheiden;2029;0;0;0;0;0;0
929;17 jaar;Gescheiden;2030;0;0;0;0;0;0
930;17 jaar;Gescheiden;2031;0;0;0;0;0;0
931;17 jaar;Gescheiden;2032;0;0;0;0;0;0
932;17 jaar;Gescheiden;2033;0;0;0;0;0;0
933;17 jaar;Gescheiden;2034;0;0;0;0;0;0
934;17 jaar;Gescheiden;2035;0;0;0;0;0;0
935;17 jaar;Gescheiden;2036;0;0;0;0;0;0
936;17 jaar;Gescheiden;2037;0;0;0;0;0;0
937;17 jaar;Gescheiden;2038;0;0;0;0;0;0
938;17 jaar;Gescheiden;2039;0;0;0;0;0;0
939;17 jaar;Gescheiden;2040;0;0;0;0;0;0
940;17 jaar;Gescheiden;2041;0;0;0;0;0;0
941;17 jaar;Gescheiden;2042;0;0;0;0;0;0
942;17 jaar;Gescheiden;2043;0;0;0;0;0;0
943;17 jaar;Gescheiden;2044;0;0;0;0;0;0
944;17 jaar;Gescheiden;2045;0;0;0;0;0;0
945;17 jaar;Gescheiden;2046;0;0;0;0;0;0
946;17 jaar;Gescheiden;2047;0;0;0;0;0;0
947;17 jaar;Gescheiden;2048;0;0;0;0;0;0
948;17 jaar;Gescheiden;2049;0;0;0;0;0;0
949;17 jaar;Gescheiden;2050;0;0;0;0;0;0
950;17 jaar;Gescheiden;2051;0;0;0;0;0;0
951;17 jaar;Gescheiden;2052;0;0;0;0;0;0
952;17 jaar;Gescheiden;2053;0;0;0;0;0;0
953;17 jaar;Gescheiden;2054;0;0;0;0;0;0
954;17 jaar;Gescheiden;2055;0;0;0;0;0;0
955;17 jaar;Gescheiden;2056;0;0;0;0;0;0
956;17 jaar;Gescheiden;2057;0;0;0;0;0;0
957;17 jaar;Gescheiden;2058;0;0;0;0;0;0
958;17 jaar;Gescheiden;2059;0;0;0;0;0;0
959;17 jaar;Gescheiden;2060;0;0;0;0;0;0
960;18 jaar;Totaal burgerlijke staat;2013;17800;16638;1162;671;262;229
961;18 jaar;Totaal burgerlijke staat;2014;17824;16542;1282;719;324;239
962;18 jaar;Totaal burgerlijke staat;2015;18194;16829;1365;791;328;246
963;18 jaar;Totaal burgerlijke staat;2016;18820;17391;1429;857;313;259
964;18 jaar;Totaal burgerlijke staat;2017;19412;17929;1483;908;311;264
965;18 jaar;Totaal burgerlijke staat;2018;19627;18122;1505;926;314;265
966;18 jaar;Totaal burgerlijke staat;2019;20175;18619;1556;961;325;270
967;18 jaar;Totaal burgerlijke staat;2020;19885;18356;1529;942;320;267
968;18 jaar;Totaal burgerlijke staat;2021;19706;18196;1510;930;315;265
969;18 jaar;Totaal burgerlijke staat;2022;19613;18114;1499;921;314;264
970;18 jaar;Totaal burgerlijke staat;2023;19009;17572;1437;876;305;256
971;18 jaar;Totaal burgerlijke staat;2024;18474;17087;1387;840;298;249
972;18 jaar;Totaal burgerlijke staat;2025;18268;16901;1367;826;294;247
973;18 jaar;Totaal burgerlijke staat;2026;17972;16644;1328;794;291;243
974;18 jaar;Totaal burgerlijke staat;2027;18249;16894;1355;814;294;247
975;18 jaar;Totaal burgerlijke staat;2028;18226;16883;1343;802;294;247
976;18 jaar;Totaal burgerlijke staat;2029;18153;16823;1330;790;294;246
977;18 jaar;Totaal burgerlijke staat;2030;17760;16465;1295;766;288;241
978;18 jaar;Totaal burgerlijke staat;2031;17476;16211;1265;745;283;237
979;18 jaar;Totaal burgerlijke staat;2032;17504;16238;1266;744;284;238
980;18 jaar;Totaal burgerlijke staat;2033;17571;16299;1272;748;285;239
981;18 jaar;Totaal burgerlijke staat;2034;17713;16429;1284;757;287;240
982;18 jaar;Totaal burgerlijke staat;2035;17831;16537;1294;764;288;242
983;18 jaar;Totaal burgerlijke staat;2036;17985;16676;1309;775;290;244
984;18 jaar;Totaal burgerlijke staat;2037;18089;16771;1318;781;292;245
985;18 jaar;Totaal burgerlijke staat;2038;18201;16870;1331;791;293;247
986;18 jaar;Totaal burgerlijke staat;2039;18303;16960;1343;801;294;248
987;18 jaar;Totaal burgerlijke staat;2040;18406;17050;1356;811;296;249
988;18 jaar;Totaal burgerlijke staat;2041;18474;17108;1366;819;297;250
989;18 jaar;Totaal burgerlijke staat;2042;18540;17164;1376;827;298;251
990;18 jaar;Totaal burgerlijke staat;2043;18612;17228;1384;833;299;252
991;18 jaar;Totaal burgerlijke staat;2044;18659;17267;1392;840;299;253
992;18 jaar;Totaal burgerlijke staat;2045;18687;17290;1397;845;299;253
993;18 jaar;Totaal burgerlijke staat;2046;18716;17315;1401;848;300;253
994;18 jaar;Totaal burgerlijke staat;2047;18739;17333;1406;853;300;253
995;18 jaar;Totaal burgerlijke staat;2048;18753;17342;1411;857;300;254
996;18 jaar;Totaal burgerlijke staat;2049;18752;17339;1413;859;300;254
997;18 jaar;Totaal burgerlijke staat;2050;18730;17318;1412;860;299;253
998;18 jaar;Totaal burgerlijke staat;2051;18693;17281;1412;860;299;253
999;18 jaar;Totaal burgerlijke staat;2052;18636;17227;1409;858;299;252
1000;18 jaar;Totaal burgerlijke staat;2053;18562;17160;1402;853;298;251
1001;18 jaar;Totaal burgerlijke staat;2054;18477;17082;1395;849;296;250
1002;18 jaar;Totaal burgerlijke staat;2055;18384;16996;1388;845;295;248
1003;18 jaar;Totaal burgerlijke staat;2056;18291;16910;1381;840;294;247
1004;18 jaar;Totaal burgerlijke staat;2057;18203;16830;1373;835;292;246
1005;18 jaar;Totaal burgerlijke staat;2058;18122;16756;1366;830;291;245
1006;18 jaar;Totaal burgerlijke staat;2059;18048;16690;1358;824;290;244
1007;18 jaar;Totaal burgerlijke staat;2060;17989;16637;1352;820;289;243
1008;18 jaar;Ongehuwd;2013;17695;16606;1089;607;254;228
1009;18 jaar;Ongehuwd;2014;17702;16509;1193;644;311;238
1010;18 jaar;Ongehuwd;2015;18071;16797;1274;713;316;245
1011;18 jaar;Ongehuwd;2016;18697;17359;1338;779;301;258
1012;18 jaar;Ongehuwd;2017;19290;17896;1394;832;299;263
1013;18 jaar;Ongehuwd;2018;19505;18088;1417;851;302;264
1014;18 jaar;Ongehuwd;2019;20052;18584;1468;886;313;269
1015;18 jaar;Ongehuwd;2020;19765;18322;1443;869;308;266
1016;18 jaar;Ongehuwd;2021;19588;18162;1426;859;303;264
1017;18 jaar;Ongehuwd;2022;19496;18080;1416;851;302;263
1018;18 jaar;Ongehuwd;2023;18896;17539;1357;808;294;255
1019;18 jaar;Ongehuwd;2024;18363;17055;1308;773;287;248
1020;18 jaar;Ongehuwd;2025;18158;16870;1288;759;283;246
1021;18 jaar;Ongehuwd;2026;17862;16613;1249;727;280;242
1022;18 jaar;Ongehuwd;2027;18139;16863;1276;747;283;246
1023;18 jaar;Ongehuwd;2028;18116;16852;1264;735;283;246
1024;18 jaar;Ongehuwd;2029;18043;16792;1251;723;283;245
1025;18 jaar;Ongehuwd;2030;17650;16434;1216;699;277;240
1026;18 jaar;Ongehuwd;2031;17368;16181;1187;679;272;236
1027;18 jaar;Ongehuwd;2032;17396;16208;1188;678;273;237
1028;18 jaar;Ongehuwd;2033;17463;16269;1194;682;274;238
1029;18 jaar;Ongehuwd;2034;17604;16398;1206;691;276;239
1030;18 jaar;Ongehuwd;2035;17722;16506;1216;698;277;241
1031;18 jaar;Ongehuwd;2036;17876;16645;1231;709;279;243
1032;18 jaar;Ongehuwd;2037;17980;16740;1240;715;281;244
1033;18 jaar;Ongehuwd;2038;18092;16839;1253;725;282;246
1034;18 jaar;Ongehuwd;2039;18193;16928;1265;735;283;247
1035;18 jaar;Ongehuwd;2040;18296;17018;1278;745;285;248
1036;18 jaar;Ongehuwd;2041;18364;17076;1288;753;286;249
1037;18 jaar;Ongehuwd;2042;18430;17132;1298;761;287;250
1038;18 jaar;Ongehuwd;2043;18502;17196;1306;767;288;251
1039;18 jaar;Ongehuwd;2044;18550;17235;1315;775;288;252
1040;18 jaar;Ongehuwd;2045;18578;17258;1320;780;288;252
1041;18 jaar;Ongehuwd;2046;18607;17283;1324;783;289;252
1042;18 jaar;Ongehuwd;2047;18630;17301;1329;788;289;252
1043;18 jaar;Ongehuwd;2048;18644;17310;1334;792;289;253
1044;18 jaar;Ongehuwd;2049;18643;17307;1336;794;289;253
1045;18 jaar;Ongehuwd;2050;18621;17286;1335;795;288;252
1046;18 jaar;Ongehuwd;2051;18584;17249;1335;795;288;252
1047;18 jaar;Ongehuwd;2052;18527;17195;1332;793;288;251
1048;18 jaar;Ongehuwd;2053;18453;17128;1325;788;287;250
1049;18 jaar;Ongehuwd;2054;18368;17050;1318;784;285;249
1050;18 jaar;Ongehuwd;2055;18275;16964;1311;780;284;247
1051;18 jaar;Ongehuwd;2056;18183;16879;1304;775;283;246
1052;18 jaar;Ongehuwd;2057;18095;16799;1296;770;281;245
1053;18 jaar;Ongehuwd;2058;18014;16725;1289;765;280;244
1054;18 jaar;Ongehuwd;2059;17940;16659;1281;759;279;243
1055;18 jaar;Ongehuwd;2060;17881;16606;1275;755;278;242
1056;18 jaar;Wettig gehuwd plus partnerschap;2013;105;32;73;64;8;1
1057;18 jaar;Wettig gehuwd plus partnerschap;2014;121;33;88;75;12;1
1058;18 jaar;Wettig gehuwd plus partnerschap;2015;122;32;90;78;11;1
1059;18 jaar;Wettig gehuwd plus partnerschap;2016;122;32;90;78;11;1
1060;18 jaar;Wettig gehuwd plus partnerschap;2017;121;33;88;76;11;1
1061;18 jaar;Wettig gehuwd plus partnerschap;2018;121;34;87;75;11;1
1062;18 jaar;Wettig gehuwd plus partnerschap;2019;122;35;87;75;11;1
1063;18 jaar;Wettig gehuwd plus partnerschap;2020;119;34;85;73;11;1
1064;18 jaar;Wettig gehuwd plus partnerschap;2021;117;34;83;71;11;1
1065;18 jaar;Wettig gehuwd plus partnerschap;2022;116;34;82;70;11;1
1066;18 jaar;Wettig gehuwd plus partnerschap;2023;112;33;79;68;10;1
1067;18 jaar;Wettig gehuwd plus partnerschap;2024;110;32;78;67;10;1
1068;18 jaar;Wettig gehuwd plus partnerschap;2025;109;31;78;67;10;1
1069;18 jaar;Wettig gehuwd plus partnerschap;2026;109;31;78;67;10;1
1070;18 jaar;Wettig gehuwd plus partnerschap;2027;109;31;78;67;10;1
1071;18 jaar;Wettig gehuwd plus partnerschap;2028;109;31;78;67;10;1
1072;18 jaar;Wettig gehuwd plus partnerschap;2029;109;31;78;67;10;1
1073;18 jaar;Wettig gehuwd plus partnerschap;2030;109;31;78;67;10;1
1074;18 jaar;Wettig gehuwd plus partnerschap;2031;107;30;77;66;10;1
1075;18 jaar;Wettig gehuwd plus partnerschap;2032;107;30;77;66;10;1
1076;18 jaar;Wettig gehuwd plus partnerschap;2033;107;30;77;66;10;1
1077;18 jaar;Wettig gehuwd plus partnerschap;2034;108;31;77;66;10;1
1078;18 jaar;Wettig gehuwd plus partnerschap;2035;108;31;77;66;10;1
1079;18 jaar;Wettig gehuwd plus partnerschap;2036;108;31;77;66;10;1
1080;18 jaar;Wettig gehuwd plus partnerschap;2037;108;31;77;66;10;1
1081;18 jaar;Wettig gehuwd plus partnerschap;2038;108;31;77;66;10;1
1082;18 jaar;Wettig gehuwd plus partnerschap;2039;109;32;77;66;10;1
1083;18 jaar;Wettig gehuwd plus partnerschap;2040;109;32;77;66;10;1
1084;18 jaar;Wettig gehuwd plus partnerschap;2041;109;32;77;66;10;1
1085;18 jaar;Wettig gehuwd plus partnerschap;2042;109;32;77;66;10;1
1086;18 jaar;Wettig gehuwd plus partnerschap;2043;109;32;77;66;10;1
1087;18 jaar;Wettig gehuwd plus partnerschap;2044;108;32;76;65;10;1
1088;18 jaar;Wettig gehuwd plus partnerschap;2045;108;32;76;65;10;1
1089;18 jaar;Wettig gehuwd plus partnerschap;2046;108;32;76;65;10;1
1090;18 jaar;Wettig gehuwd plus partnerschap;2047;108;32;76;65;10;1
1091;18 jaar;Wettig gehuwd plus partnerschap;2048;108;32;76;65;10;1
1092;18 jaar;Wettig gehuwd plus partnerschap;2049;108;32;76;65;10;1
1093;18 jaar;Wettig gehuwd plus partnerschap;2050;108;32;76;65;10;1
1094;18 jaar;Wettig gehuwd plus partnerschap;2051;108;32;76;65;10;1
1095;18 jaar;Wettig gehuwd plus partnerschap;2052;108;32;76;65;10;1
1096;18 jaar;Wettig gehuwd plus partnerschap;2053;108;32;76;65;10;1
1097;18 jaar;Wettig gehuwd plus partnerschap;2054;108;32;76;65;10;1
1098;18 jaar;Wettig gehuwd plus partnerschap;2055;108;32;76;65;10;1
1099;18 jaar;Wettig gehuwd plus partnerschap;2056;107;31;76;65;10;1
1100;18 jaar;Wettig gehuwd plus partnerschap;2057;107;31;76;65;10;1
1101;18 jaar;Wettig gehuwd plus partnerschap;2058;107;31;76;65;10;1
1102;18 jaar;Wettig gehuwd plus partnerschap;2059;107;31;76;65;10;1
1103;18 jaar;Wettig gehuwd plus partnerschap;2060;107;31;76;65;10;1
1104;18 jaar;Verweduwd;2013;0;0;0;0;0;0
1105;18 jaar;Verweduwd;2014;0;0;0;0;0;0
1106;18 jaar;Verweduwd;2015;0;0;0;0;0;0
1107;18 jaar;Verweduwd;2016;0;0;0;0;0;0
1108;18 jaar;Verweduwd;2017;0;0;0;0;0;0
1109;18 jaar;Verweduwd;2018;0;0;0;0;0;0
1110;18 jaar;Verweduwd;2019;0;0;0;0;0;0
1111;18 jaar;Verweduwd;2020;0;0;0;0;0;0
1112;18 jaar;Verweduwd;2021;0;0;0;0;0;0
1113;18 jaar;Verweduwd;2022;0;0;0;0;0;0
1114;18 jaar;Verweduwd;2023;0;0;0;0;0;0
1115;18 jaar;Verweduwd;2024;0;0;0;0;0;0
1116;18 jaar;Verweduwd;2025;0;0;0;0;0;0
1117;18 jaar;Verweduwd;2026;0;0;0;0;0;0
1118;18 jaar;Verweduwd;2027;0;0;0;0;0;0
1119;18 jaar;Verweduwd;2028;0;0;0;0;0;0
1120;18 jaar;Verweduwd;2029;0;0;0;0;0;0
1121;18 jaar;Verweduwd;2030;0;0;0;0;0;0
1122;18 jaar;Verweduwd;2031;0;0;0;0;0;0
1123;18 jaar;Verweduwd;2032;0;0;0;0;0;0
1124;18 jaar;Verweduwd;2033;0;0;0;0;0;0
1125;18 jaar;Verweduwd;2034;0;0;0;0;0;0
1126;18 jaar;Verweduwd;2035;0;0;0;0;0;0
1127;18 jaar;Verweduwd;2036;0;0;0;0;0;0
1128;18 jaar;Verweduwd;2037;0;0;0;0;0;0
1129;18 jaar;Verweduwd;2038;0;0;0;0;0;0
1130;18 jaar;Verweduwd;2039;0;0;0;0;0;0
1131;18 jaar;Verweduwd;2040;0;0;0;0;0;0
1132;18 jaar;Verweduwd;2041;0;0;0;0;0;0
1133;18 jaar;Verweduwd;2042;0;0;0;0;0;0
1134;18 jaar;Verweduwd;2043;0;0;0;0;0;0
1135;18 jaar;Verweduwd;2044;0;0;0;0;0;0
1136;18 jaar;Verweduwd;2045;0;0;0;0;0;0
1137;18 jaar;Verweduwd;2046;0;0;0;0;0;0
1138;18 jaar;Verweduwd;2047;0;0;0;0;0;0
1139;18 jaar;Verweduwd;2048;0;0;0;0;0;0
1140;18 jaar;Verweduwd;2049;0;0;0;0;0;0
1141;18 jaar;Verweduwd;2050;0;0;0;0;0;0
1142;18 jaar;Verweduwd;2051;0;0;0;0;0;0
1143;18 jaar;Verweduwd;2052;0;0;0;0;0;0
1144;18 jaar;Verweduwd;2053;0;0;0;0;0;0
1145;18 jaar;Verweduwd;2054;0;0;0;0;0;0
1146;18 jaar;Verweduwd;2055;0;0;0;0;0;0
1147;18 jaar;Verweduwd;2056;0;0;0;0;0;0
1148;18 jaar;Verweduwd;2057;0;0;0;0;0;0
1149;18 jaar;Verweduwd;2058;0;0;0;0;0;0
1150;18 jaar;Verweduwd;2059;0;0;0;0;0;0
1151;18 jaar;Verweduwd;2060;0;0;0;0;0;0
1152;18 jaar;Gescheiden;2013;0;0;0;0;0;0
1153;18 jaar;Gescheiden;2014;1;0;1;0;1;0
1154;18 jaar;Gescheiden;2015;1;0;1;0;1;0
1155;18 jaar;Gescheiden;2016;1;0;1;0;1;0
1156;18 jaar;Gescheiden;2017;1;0;1;0;1;0
1157;18 jaar;Gescheiden;2018;1;0;1;0;1;0
1158;18 jaar;Gescheiden;2019;1;0;1;0;1;0
1159;18 jaar;Gescheiden;2020;1;0;1;0;1;0
1160;18 jaar;Gescheiden;2021;1;0;1;0;1;0
1161;18 jaar;Gescheiden;2022;1;0;1;0;1;0
1162;18 jaar;Gescheiden;2023;1;0;1;0;1;0
1163;18 jaar;Gescheiden;2024;1;0;1;0;1;0
1164;18 jaar;Gescheiden;2025;1;0;1;0;1;0
1165;18 jaar;Gescheiden;2026;1;0;1;0;1;0
1166;18 jaar;Gescheiden;2027;1;0;1;0;1;0
1167;18 jaar;Gescheiden;2028;1;0;1;0;1;0
1168;18 jaar;Gescheiden;2029;1;0;1;0;1;0
1169;18 jaar;Gescheiden;2030;1;0;1;0;1;0
1170;18 jaar;Gescheiden;2031;1;0;1;0;1;0
1171;18 jaar;Gescheiden;2032;1;0;1;0;1;0
1172;18 jaar;Gescheiden;2033;1;0;1;0;1;0
1173;18 jaar;Gescheiden;2034;1;0;1;0;1;0
1174;18 jaar;Gescheiden;2035;1;0;1;0;1;0
1175;18 jaar;Gescheiden;2036;1;0;1;0;1;0
1176;18 jaar;Gescheiden;2037;1;0;1;0;1;0
1177;18 jaar;Gescheiden;2038;1;0;1;0;1;0
1178;18 jaar;Gescheiden;2039;1;0;1;0;1;0
1179;18 jaar;Gescheiden;2040;1;0;1;0;1;0
1180;18 jaar;Gescheiden;2041;1;0;1;0;1;0
1181;18 jaar;Gescheiden;2042;1;0;1;0;1;0
1182;18 jaar;Gescheiden;2043;1;0;1;0;1;0
1183;18 jaar;Gescheiden;2044;1;0;1;0;1;0
1184;18 jaar;Gescheiden;2045;1;0;1;0;1;0
1185;18 jaar;Gescheiden;2046;1;0;1;0;1;0
1186;18 jaar;Gescheiden;2047;1;0;1;0;1;0
1187;18 jaar;Gescheiden;2048;1;0;1;0;1;0
1188;18 jaar;Gescheiden;2049;1;0;1;0;1;0
1189;18 jaar;Gescheiden;2050;1;0;1;0;1;0
1190;18 jaar;Gescheiden;2051;1;0;1;0;1;0
1191;18 jaar;Gescheiden;2052;1;0;1;0;1;0
1192;18 jaar;Gescheiden;2053;1;0;1;0;1;0
1193;18 jaar;Gescheiden;2054;1;0;1;0;1;0
1194;18 jaar;Gescheiden;2055;1;0;1;0;1;0
1195;18 jaar;Gescheiden;2056;1;0;1;0;1;0
1196;18 jaar;Gescheiden;2057;1;0;1;0;1;0
1197;18 jaar;Gescheiden;2058;1;0;1;0;1;0
1198;18 jaar;Gescheiden;2059;1;0;1;0;1;0
1199;18 jaar;Gescheiden;2060;1;0;1;0;1;0
1200;19 jaar;Totaal burgerlijke staat;2013;33562;31005;2557;1644;535;378
1201;19 jaar;Totaal burgerlijke staat;2014;33574;30809;2765;1806;578;381
1202;19 jaar;Totaal burgerlijke staat;2015;33180;30215;2965;1964;608;393
1203;19 jaar;Totaal burgerlijke staat;2016;33475;30282;3193;2177;606;410
1204;19 jaar;Totaal burgerlijke staat;2017;34180;30939;3241;2219;602;420
1205;19 jaar;Totaal burgerlijke staat;2018;35205;31855;3350;2310;609;431
1206;19 jaar;Totaal burgerlijke staat;2019;35508;32130;3378;2331;613;434
1207;19 jaar;Totaal burgerlijke staat;2020;36353;32901;3452;2380;629;443
1208;19 jaar;Totaal burgerlijke staat;2021;35812;32420;3392;2336;619;437
1209;19 jaar;Totaal burgerlijke staat;2022;35488;32135;3353;2308;612;433
1210;19 jaar;Totaal burgerlijke staat;2023;35309;31981;3328;2288;609;431
1211;19 jaar;Totaal burgerlijke staat;2024;34243;31044;3199;2187;593;419
1212;19 jaar;Totaal burgerlijke staat;2025;33289;30196;3093;2108;577;408
1213;19 jaar;Totaal burgerlijke staat;2026;32924;29877;3047;2073;571;403
1214;19 jaar;Totaal burgerlijke staat;2027;32392;29426;2966;2005;564;397
1215;19 jaar;Totaal burgerlijke staat;2028;32884;29864;3020;2046;570;404
1216;19 jaar;Totaal burgerlijke staat;2029;32849;29851;2998;2024;571;403
1217;19 jaar;Totaal burgerlijke staat;2030;32715;29747;2968;1997;570;401
1218;19 jaar;Totaal burgerlijke staat;2031;32018;29120;2898;1948;557;393
1219;19 jaar;Totaal burgerlijke staat;2032;31519;28680;2839;1904;548;387
1220;19 jaar;Totaal burgerlijke staat;2033;31570;28727;2843;1906;549;388
1221;19 jaar;Totaal burgerlijke staat;2034;31694;28839;2855;1913;552;390
1222;19 jaar;Totaal burgerlijke staat;2035;31947;29065;2882;1933;556;393
1223;19 jaar;Totaal burgerlijke staat;2036;32160;29256;2904;1950;559;395
1224;19 jaar;Totaal burgerlijke staat;2037;32440;29502;2938;1976;563;399
1225;19 jaar;Totaal burgerlijke staat;2038;32635;29672;2963;1995;567;401
1226;19 jaar;Totaal burgerlijke staat;2039;32839;29847;2992;2018;570;404
1227;19 jaar;Totaal burgerlijke staat;2040;33019;30001;3018;2039;573;406
1228;19 jaar;Totaal burgerlijke staat;2041;33202;30157;3045;2062;575;408
1229;19 jaar;Totaal burgerlijke staat;2042;33327;30262;3065;2079;577;409
1230;19 jaar;Totaal burgerlijke staat;2043;33446;30360;3086;2096;579;411
1231;19 jaar;Totaal burgerlijke staat;2044;33577;30471;3106;2113;581;412
1232;19 jaar;Totaal burgerlijke staat;2045;33661;30539;3122;2127;582;413
1233;19 jaar;Totaal burgerlijke staat;2046;33715;30582;3133;2137;582;414
1234;19 jaar;Totaal burgerlijke staat;2047;33767;30623;3144;2147;583;414
1235;19 jaar;Totaal burgerlijke staat;2048;33810;30655;3155;2156;584;415
1236;19 jaar;Totaal burgerlijke staat;2049;33836;30672;3164;2165;584;415
1237;19 jaar;Totaal burgerlijke staat;2050;33834;30665;3169;2170;584;415
1238;19 jaar;Totaal burgerlijke staat;2051;33799;30630;3169;2172;583;414
1239;19 jaar;Totaal burgerlijke staat;2052;33732;30566;3166;2171;582;413
1240;19 jaar;Totaal burgerlijke staat;2053;33632;30472;3160;2167;581;412
1241;19 jaar;Totaal burgerlijke staat;2054;33502;30354;3148;2159;579;410
1242;19 jaar;Totaal burgerlijke staat;2055;33351;30217;3134;2150;576;408
1243;19 jaar;Totaal burgerlijke staat;2056;33190;30070;3120;2140;574;406
1244;19 jaar;Totaal burgerlijke staat;2057;33025;29920;3105;2129;572;404
1245;19 jaar;Totaal burgerlijke staat;2058;32870;29781;3089;2118;569;402
1246;19 jaar;Totaal burgerlijke staat;2059;32726;29651;3075;2107;567;401
1247;19 jaar;Totaal burgerlijke staat;2060;32596;29536;3060;2097;564;399
1248;19 jaar;Ongehuwd;2013;33323;30924;2399;1504;518;377
1249;19 jaar;Ongehuwd;2014;33269;30712;2557;1622;555;380
1250;19 jaar;Ongehuwd;2015;32861;30119;2742;1772;578;392
1251;19 jaar;Ongehuwd;2016;33172;30189;2983;2002;572;409
1252;19 jaar;Ongehuwd;2017;33878;30843;3035;2048;568;419
1253;19 jaar;Ongehuwd;2018;34901;31757;3144;2139;575;430
1254;19 jaar;Ongehuwd;2019;35205;32031;3174;2162;579;433
1255;19 jaar;Ongehuwd;2020;36047;32799;3248;2212;594;442
1256;19 jaar;Ongehuwd;2021;35512;32320;3192;2172;584;436
1257;19 jaar;Ongehuwd;2022;35192;32035;3157;2147;578;432
1258;19 jaar;Ongehuwd;2023;35017;31883;3134;2129;575;430
1259;19 jaar;Ongehuwd;2024;33957;30948;3009;2031;560;418
1260;19 jaar;Ongehuwd;2025;33007;30102;2905;1953;545;407
1261;19 jaar;Ongehuwd;2026;32645;29784;2861;1920;539;402
1262;19 jaar;Ongehuwd;2027;32116;29335;2781;1852;533;396
1263;19 jaar;Ongehuwd;2028;32605;29771;2834;1893;538;403
1264;19 jaar;Ongehuwd;2029;32570;29758;2812;1871;539;402
1265;19 jaar;Ongehuwd;2030;32437;29654;2783;1845;538;400
1266;19 jaar;Ongehuwd;2031;31744;29030;2714;1796;526;392
1267;19 jaar;Ongehuwd;2032;31248;28591;2657;1754;517;386
1268;19 jaar;Ongehuwd;2033;31299;28638;2661;1756;518;387
1269;19 jaar;Ongehuwd;2034;31423;28750;2673;1763;521;389
1270;19 jaar;Ongehuwd;2035;31675;28975;2700;1783;525;392
1271;19 jaar;Ongehuwd;2036;31887;29166;2721;1799;528;394
1272;19 jaar;Ongehuwd;2037;32165;29411;2754;1824;532;398
1273;19 jaar;Ongehuwd;2038;32358;29580;2778;1843;535;400
1274;19 jaar;Ongehuwd;2039;32561;29754;2807;1866;538;403
1275;19 jaar;Ongehuwd;2040;32741;29908;2833;1887;541;405
1276;19 jaar;Ongehuwd;2041;32923;30063;2860;1910;543;407
1277;19 jaar;Ongehuwd;2042;33048;30168;2880;1927;545;408
1278;19 jaar;Ongehuwd;2043;33167;30266;2901;1944;547;410
1279;19 jaar;Ongehuwd;2044;33297;30377;2920;1960;549;411
1280;19 jaar;Ongehuwd;2045;33380;30444;2936;1974;550;412
1281;19 jaar;Ongehuwd;2046;33434;30487;2947;1984;550;413
1282;19 jaar;Ongehuwd;2047;33486;30528;2958;1994;551;413
1283;19 jaar;Ongehuwd;2048;33529;30560;2969;2003;552;414
1284;19 jaar;Ongehuwd;2049;33555;30577;2978;2012;552;414
1285;19 jaar;Ongehuwd;2050;33553;30570;2983;2017;552;414
1286;19 jaar;Ongehuwd;2051;33518;30535;2983;2019;551;413
1287;19 jaar;Ongehuwd;2052;33451;30471;2980;2018;550;412
1288;19 jaar;Ongehuwd;2053;33352;30378;2974;2014;549;411
1289;19 jaar;Ongehuwd;2054;33222;30260;2962;2006;547;409
1290;19 jaar;Ongehuwd;2055;33071;30123;2948;1997;544;407
1291;19 jaar;Ongehuwd;2056;32913;29977;2936;1989;542;405
1292;19 jaar;Ongehuwd;2057;32748;29827;2921;1978;540;403
1293;19 jaar;Ongehuwd;2058;32593;29688;2905;1967;537;401
1294;19 jaar;Ongehuwd;2059;32450;29559;2891;1956;535;400
1295;19 jaar;Ongehuwd;2060;32321;29444;2877;1946;533;398
1296;19 jaar;Wettig gehuwd plus partnerschap;2013;233;79;154;140;13;1
1297;19 jaar;Wettig gehuwd plus partnerschap;2014;292;92;200;183;16;1
1298;19 jaar;Wettig gehuwd plus partnerschap;2015;303;91;212;190;21;1
1299;19 jaar;Wettig gehuwd plus partnerschap;2016;286;88;198;173;24;1
1300;19 jaar;Wettig gehuwd plus partnerschap;2017;285;91;194;169;24;1
1301;19 jaar;Wettig gehuwd plus partnerschap;2018;287;93;194;169;24;1
1302;19 jaar;Wettig gehuwd plus partnerschap;2019;286;94;192;167;24;1
1303;19 jaar;Wettig gehuwd plus partnerschap;2020;289;97;192;166;25;1
1304;19 jaar;Wettig gehuwd plus partnerschap;2021;283;95;188;162;25;1
1305;19 jaar;Wettig gehuwd plus partnerschap;2022;279;95;184;159;24;1
1306;19 jaar;Wettig gehuwd plus partnerschap;2023;275;93;182;157;24;1
1307;19 jaar;Wettig gehuwd plus partnerschap;2024;271;91;180;155;24;1
1308;19 jaar;Wettig gehuwd plus partnerschap;2025;267;89;178;154;23;1
1309;19 jaar;Wettig gehuwd plus partnerschap;2026;264;88;176;152;23;1
1310;19 jaar;Wettig gehuwd plus partnerschap;2027;261;86;175;152;22;1
1311;19 jaar;Wettig gehuwd plus partnerschap;2028;264;88;176;152;23;1
1312;19 jaar;Wettig gehuwd plus partnerschap;2029;264;88;176;152;23;1
1313;19 jaar;Wettig gehuwd plus partnerschap;2030;263;88;175;151;23;1
1314;19 jaar;Wettig gehuwd plus partnerschap;2031;259;85;174;151;22;1
1315;19 jaar;Wettig gehuwd plus partnerschap;2032;256;84;172;149;22;1
1316;19 jaar;Wettig gehuwd plus partnerschap;2033;256;84;172;149;22;1
1317;19 jaar;Wettig gehuwd plus partnerschap;2034;256;84;172;149;22;1
1318;19 jaar;Wettig gehuwd plus partnerschap;2035;257;85;172;149;22;1
1319;19 jaar;Wettig gehuwd plus partnerschap;2036;258;85;173;150;22;1
1320;19 jaar;Wettig gehuwd plus partnerschap;2037;260;86;174;151;22;1
1321;19 jaar;Wettig gehuwd plus partnerschap;2038;262;87;175;151;23;1
1322;19 jaar;Wettig gehuwd plus partnerschap;2039;263;88;175;151;23;1
1323;19 jaar;Wettig gehuwd plus partnerschap;2040;263;88;175;151;23;1
1324;19 jaar;Wettig gehuwd plus partnerschap;2041;264;89;175;151;23;1
1325;19 jaar;Wettig gehuwd plus partnerschap;2042;264;89;175;151;23;1
1326;19 jaar;Wettig gehuwd plus partnerschap;2043;264;89;175;151;23;1
1327;19 jaar;Wettig gehuwd plus partnerschap;2044;265;89;176;152;23;1
1328;19 jaar;Wettig gehuwd plus partnerschap;2045;266;90;176;152;23;1
1329;19 jaar;Wettig gehuwd plus partnerschap;2046;266;90;176;152;23;1
1330;19 jaar;Wettig gehuwd plus partnerschap;2047;266;90;176;152;23;1
1331;19 jaar;Wettig gehuwd plus partnerschap;2048;266;90;176;152;23;1
1332;19 jaar;Wettig gehuwd plus partnerschap;2049;266;90;176;152;23;1
1333;19 jaar;Wettig gehuwd plus partnerschap;2050;266;90;176;152;23;1
1334;19 jaar;Wettig gehuwd plus partnerschap;2051;266;90;176;152;23;1
1335;19 jaar;Wettig gehuwd plus partnerschap;2052;266;90;176;152;23;1
1336;19 jaar;Wettig gehuwd plus partnerschap;2053;265;89;176;152;23;1
1337;19 jaar;Wettig gehuwd plus partnerschap;2054;265;89;176;152;23;1
1338;19 jaar;Wettig gehuwd plus partnerschap;2055;265;89;176;152;23;1
1339;19 jaar;Wettig gehuwd plus partnerschap;2056;262;88;174;150;23;1
1340;19 jaar;Wettig gehuwd plus partnerschap;2057;262;88;174;150;23;1
1341;19 jaar;Wettig gehuwd plus partnerschap;2058;262;88;174;150;23;1
1342;19 jaar;Wettig gehuwd plus partnerschap;2059;261;87;174;150;23;1
1343;19 jaar;Wettig gehuwd plus partnerschap;2060;260;87;173;150;22;1
1344;19 jaar;Verweduwd;2013;0;0;0;0;0;0
1345;19 jaar;Verweduwd;2014;0;0;0;0;0;0
1346;19 jaar;Verweduwd;2015;0;0;0;0;0;0
1347;19 jaar;Verweduwd;2016;0;0;0;0;0;0
1348;19 jaar;Verweduwd;2017;0;0;0;0;0;0
1349;19 jaar;Verweduwd;2018;0;0;0;0;0;0
1350;19 jaar;Verweduwd;2019;0;0;0;0;0;0
1351;19 jaar;Verweduwd;2020;0;0;0;0;0;0
1352;19 jaar;Verweduwd;2021;0;0;0;0;0;0
1353;19 jaar;Verweduwd;2022;0;0;0;0;0;0
1354;19 jaar;Verweduwd;2023;0;0;0;0;0;0
1355;19 jaar;Verweduwd;2024;0;0;0;0;0;0
1356;19 jaar;Verweduwd;2025;0;0;0;0;0;0
1357;19 jaar;Verweduwd;2026;0;0;0;0;0;0
1358;19 jaar;Verweduwd;2027;0;0;0;0;0;0
1359;19 jaar;Verweduwd;2028;0;0;0;0;0;0
1360;19 jaar;Verweduwd;2029;0;0;0;0;0;0
1361;19 jaar;Verweduwd;2030;0;0;0;0;0;0
1362;19 jaar;Verweduwd;2031;0;0;0;0;0;0
1363;19 jaar;Verweduwd;2032;0;0;0;0;0;0
1364;19 jaar;Verweduwd;2033;0;0;0;0;0;0
1365;19 jaar;Verweduwd;2034;0;0;0;0;0;0
1366;19 jaar;Verweduwd;2035;0;0;0;0;0;0
1367;19 jaar;Verweduwd;2036;0;0;0;0;0;0
1368;19 jaar;Verweduwd;2037;0;0;0;0;0;0
1369;19 jaar;Verweduwd;2038;0;0;0;0;0;0
1370;19 jaar;Verweduwd;2039;0;0;0;0;0;0
1371;19 jaar;Verweduwd;2040;0;0;0;0;0;0
1372;19 jaar;Verweduwd;2041;0;0;0;0;0;0
1373;19 jaar;Verweduwd;2042;0;0;0;0;0;0
1374;19 jaar;Verweduwd;2043;0;0;0;0;0;0
1375;19 jaar;Verweduwd;2044;0;0;0;0;0;0
1376;19 jaar;Verweduwd;2045;0;0;0;0;0;0
1377;19 jaar;Verweduwd;2046;0;0;0;0;0;0
1378;19 jaar;Verweduwd;2047;0;0;0;0;0;0
1379;19 jaar;Verweduwd;2048;0;0;0;0;0;0
1380;19 jaar;Verweduwd;2049;0;0;0;0;0;0
1381;19 jaar;Verweduwd;2050;0;0;0;0;0;0
1382;19 jaar;Verweduwd;2051;0;0;0;0;0;0
1383;19 jaar;Verweduwd;2052;0;0;0;0;0;0
1384;19 jaar;Verweduwd;2053;0;0;0;0;0;0
1385;19 jaar;Verweduwd;2054;0;0;0;0;0;0
1386;19 jaar;Verweduwd;2055;0;0;0;0;0;0
1387;19 jaar;Verweduwd;2056;0;0;0;0;0;0
1388;19 jaar;Verweduwd;2057;0;0;0;0;0;0
1389;19 jaar;Verweduwd;2058;0;0;0;0;0;0
1390;19 jaar;Verweduwd;2059;0;0;0;0;0;0
1391;19 jaar;Verweduwd;2060;0;0;0;0;0;0
1392;19 jaar;Gescheiden;2013;6;2;4;0;4;0
1393;19 jaar;Gescheiden;2014;13;5;8;1;7;0
1394;19 jaar;Gescheiden;2015;16;5;11;2;9;0
1395;19 jaar;Gescheiden;2016;17;5;12;2;10;0
1396;19 jaar;Gescheiden;2017;17;5;12;2;10;0
1397;19 jaar;Gescheiden;2018;17;5;12;2;10;0
1398;19 jaar;Gescheiden;2019;17;5;12;2;10;0
1399;19 jaar;Gescheiden;2020;17;5;12;2;10;0
1400;19 jaar;Gescheiden;2021;17;5;12;2;10;0
1401;19 jaar;Gescheiden;2022;17;5;12;2;10;0
1402;19 jaar;Gescheiden;2023;17;5;12;2;10;0
1403;19 jaar;Gescheiden;2024;15;5;10;1;9;0
1404;19 jaar;Gescheiden;2025;15;5;10;1;9;0
1405;19 jaar;Gescheiden;2026;15;5;10;1;9;0
1406;19 jaar;Gescheiden;2027;15;5;10;1;9;0
1407;19 jaar;Gescheiden;2028;15;5;10;1;9;0
1408;19 jaar;Gescheiden;2029;15;5;10;1;9;0
1409;19 jaar;Gescheiden;2030;15;5;10;1;9;0
1410;19 jaar;Gescheiden;2031;15;5;10;1;9;0
1411;19 jaar;Gescheiden;2032;15;5;10;1;9;0
1412;19 jaar;Gescheiden;2033;15;5;10;1;9;0
1413;19 jaar;Gescheiden;2034;15;5;10;1;9;0
1414;19 jaar;Gescheiden;2035;15;5;10;1;9;0
1415;19 jaar;Gescheiden;2036;15;5;10;1;9;0
1416;19 jaar;Gescheiden;2037;15;5;10;1;9;0
1417;19 jaar;Gescheiden;2038;15;5;10;1;9;0
1418;19 jaar;Gescheiden;2039;15;5;10;1;9;0
1419;19 jaar;Gescheiden;2040;15;5;10;1;9;0
1420;19 jaar;Gescheiden;2041;15;5;10;1;9;0
1421;19 jaar;Gescheiden;2042;15;5;10;1;9;0
1422;19 jaar;Gescheiden;2043;15;5;10;1;9;0
1423;19 jaar;Gescheiden;2044;15;5;10;1;9;0
1424;19 jaar;Gescheiden;2045;15;5;10;1;9;0
1425;19 jaar;Gescheiden;2046;15;5;10;1;9;0
1426;19 jaar;Gescheiden;2047;15;5;10;1;9;0
1427;19 jaar;Gescheiden;2048;15;5;10;1;9;0
1428;19 jaar;Gescheiden;2049;15;5;10;1;9;0
1429;19 jaar;Gescheiden;2050;15;5;10;1;9;0
1430;19 jaar;Gescheiden;2051;15;5;10;1;9;0
1431;19 jaar;Gescheiden;2052;15;5;10;1;9;0
1432;19 jaar;Gescheiden;2053;15;5;10;1;9;0
1433;19 jaar;Gescheiden;2054;15;5;10;1;9;0
1434;19 jaar;Gescheiden;2055;15;5;10;1;9;0
1435;19 jaar;Gescheiden;2056;15;5;10;1;9;0
1436;19 jaar;Gescheiden;2057;15;5;10;1;9;0
1437;19 jaar;Gescheiden;2058;15;5;10;1;9;0
1438;19 jaar;Gescheiden;2059;15;5;10;1;9;0
1439;19 jaar;Gescheiden;2060;15;5;10;1;9;0
1440;20 jaar;Totaal burgerlijke staat;2013;48200;43309;4891;3253;923;715
1441;20 jaar;Totaal burgerlijke staat;2014;47216;42177;5039;3415;939;685
1442;20 jaar;Totaal burgerlijke staat;2015;47565;42151;5414;3746;967;701
1443;20 jaar;Totaal burgerlijke staat;2016;47127;41437;5690;4000;972;718
1444;20 jaar;Totaal burgerlijke staat;2017;47440;41608;5832;4130;968;734
1445;20 jaar;Totaal burgerlijke staat;2018;48197;42314;5883;4157;977;749
1446;20 jaar;Totaal burgerlijke staat;2019;49589;43528;6061;4297;991;773
1447;20 jaar;Totaal burgerlijke staat;2020;49960;43856;6104;4327;995;782
1448;20 jaar;Totaal burgerlijke staat;2021;51048;44828;6220;4401;1019;800
1449;20 jaar;Totaal burgerlijke staat;2022;50287;44175;6112;4324;1002;786
1450;20 jaar;Totaal burgerlijke staat;2023;49831;43788;6043;4274;993;776
1451;20 jaar;Totaal burgerlijke staat;2024;49596;43598;5998;4238;989;771
1452;20 jaar;Totaal burgerlijke staat;2025;48110;42340;5770;4062;963;745
1453;20 jaar;Totaal burgerlijke staat;2026;46795;41213;5582;3924;935;723
1454;20 jaar;Totaal burgerlijke staat;2027;46295;40793;5502;3864;924;714
1455;20 jaar;Totaal burgerlijke staat;2028;45550;40183;5367;3750;914;703
1456;20 jaar;Totaal burgerlijke staat;2029;46238;40777;5461;3820;923;718
1457;20 jaar;Totaal burgerlijke staat;2030;46192;40760;5432;3788;924;720
1458;20 jaar;Totaal burgerlijke staat;2031;46002;40615;5387;3746;923;718
1459;20 jaar;Totaal burgerlijke staat;2032;45062;39790;5272;3667;903;702
1460;20 jaar;Totaal burgerlijke staat;2033;44375;39203;5172;3594;890;688
1461;20 jaar;Totaal burgerlijke staat;2034;44447;39269;5178;3598;891;689
1462;20 jaar;Totaal burgerlijke staat;2035;44621;39420;5201;3614;894;693
1463;20 jaar;Totaal burgerlijke staat;2036;44976;39724;5252;3649;902;701
1464;20 jaar;Totaal burgerlijke staat;2037;45278;39981;5297;3683;907;707
1465;20 jaar;Totaal burgerlijke staat;2038;45672;40316;5356;3728;914;714
1466;20 jaar;Totaal burgerlijke staat;2039;45944;40543;5401;3764;919;718
1467;20 jaar;Totaal burgerlijke staat;2040;46226;40776;5450;3804;924;722
1468;20 jaar;Totaal burgerlijke staat;2041;46480;40983;5497;3843;928;726
1469;20 jaar;Totaal burgerlijke staat;2042;46740;41193;5547;3882;935;730
1470;20 jaar;Totaal burgerlijke staat;2043;46916;41335;5581;3911;938;732
1471;20 jaar;Totaal burgerlijke staat;2044;47087;41470;5617;3940;942;735
1472;20 jaar;Totaal burgerlijke staat;2045;47269;41618;5651;3969;945;737
1473;20 jaar;Totaal burgerlijke staat;2046;47388;41711;5677;3991;947;739
1474;20 jaar;Totaal burgerlijke staat;2047;47462;41766;5696;4009;948;739
1475;20 jaar;Totaal burgerlijke staat;2048;47538;41822;5716;4027;949;740
1476;20 jaar;Totaal burgerlijke staat;2049;47600;41866;5734;4043;950;741
1477;20 jaar;Totaal burgerlijke staat;2050;47636;41888;5748;4056;951;741
1478;20 jaar;Totaal burgerlijke staat;2051;47635;41878;5757;4065;951;741
1479;20 jaar;Totaal burgerlijke staat;2052;47591;41833;5758;4068;950;740
1480;20 jaar;Totaal burgerlijke staat;2053;47497;41745;5752;4066;948;738
1481;20 jaar;Totaal burgerlijke staat;2054;47360;41620;5740;4059;946;735
1482;20 jaar;Totaal burgerlijke staat;2055;47186;41464;5722;4047;943;732
1483;20 jaar;Totaal burgerlijke staat;2056;46979;41281;5698;4031;938;729
1484;20 jaar;Totaal burgerlijke staat;2057;46757;41085;5672;4013;934;725
1485;20 jaar;Totaal burgerlijke staat;2058;46529;40886;5643;3993;929;721
1486;20 jaar;Totaal burgerlijke staat;2059;46314;40698;5616;3974;925;717
1487;20 jaar;Totaal burgerlijke staat;2060;46116;40527;5589;3955;920;714
1488;20 jaar;Ongehuwd;2013;47664;43141;4523;2937;876;710
1489;20 jaar;Ongehuwd;2014;46588;41995;4593;3019;893;681
1490;20 jaar;Ongehuwd;2015;46873;41956;4917;3310;912;695
1491;20 jaar;Ongehuwd;2016;46442;41253;5189;3570;907;712
1492;20 jaar;Ongehuwd;2017;46767;41424;5343;3713;902;728
1493;20 jaar;Ongehuwd;2018;47521;42126;5395;3743;909;743
1494;20 jaar;Ongehuwd;2019;48904;43334;5570;3880;923;767
1495;20 jaar;Ongehuwd;2020;49278;43662;5616;3913;927;776
1496;20 jaar;Ongehuwd;2021;50360;44629;5731;3988;949;794
1497;20 jaar;Ongehuwd;2022;49612;43978;5634;3920;934;780
1498;20 jaar;Ongehuwd;2023;49164;43594;5570;3875;925;770
1499;20 jaar;Ongehuwd;2024;48931;43405;5526;3840;921;765
1500;20 jaar;Ongehuwd;2025;47461;42153;5308;3672;897;739
1501;20 jaar;Ongehuwd;2026;46157;41030;5127;3539;871;717
1502;20 jaar;Ongehuwd;2027;45662;40613;5049;3480;861;708
1503;20 jaar;Ongehuwd;2028;44922;40004;4918;3370;851;697
1504;20 jaar;Ongehuwd;2029;45607;40597;5010;3438;860;712
1505;20 jaar;Ongehuwd;2030;45561;40580;4981;3406;861;714
1506;20 jaar;Ongehuwd;2031;45373;40435;4938;3366;860;712
1507;20 jaar;Ongehuwd;2032;44441;39614;4827;3290;841;696
1508;20 jaar;Ongehuwd;2033;43761;39030;4731;3220;829;682
1509;20 jaar;Ongehuwd;2034;43833;39095;4738;3225;830;683
1510;20 jaar;Ongehuwd;2035;44006;39246;4760;3240;833;687
1511;20 jaar;Ongehuwd;2036;44356;39548;4808;3273;840;695
1512;20 jaar;Ongehuwd;2037;44656;39804;4852;3307;844;701
1513;20 jaar;Ongehuwd;2038;45046;40137;4909;3350;851;708
1514;20 jaar;Ongehuwd;2039;45316;40363;4953;3385;856;712
1515;20 jaar;Ongehuwd;2040;45596;40595;5001;3424;861;716
1516;20 jaar;Ongehuwd;2041;45849;40802;5047;3462;865;720
1517;20 jaar;Ongehuwd;2042;46105;41010;5095;3500;871;724
1518;20 jaar;Ongehuwd;2043;46280;41152;5128;3528;874;726
1519;20 jaar;Ongehuwd;2044;46448;41286;5162;3556;877;729
1520;20 jaar;Ongehuwd;2045;46629;41434;5195;3584;880;731
1521;20 jaar;Ongehuwd;2046;46747;41526;5221;3606;882;733
1522;20 jaar;Ongehuwd;2047;46821;41581;5240;3624;883;733
1523;20 jaar;Ongehuwd;2048;46895;41637;5258;3640;884;734
1524;20 jaar;Ongehuwd;2049;46957;41681;5276;3656;885;735
1525;20 jaar;Ongehuwd;2050;46993;41703;5290;3669;886;735
1526;20 jaar;Ongehuwd;2051;46992;41693;5299;3678;886;735
1527;20 jaar;Ongehuwd;2052;46948;41648;5300;3681;885;734
1528;20 jaar;Ongehuwd;2053;46854;41560;5294;3679;883;732
1529;20 jaar;Ongehuwd;2054;46718;41435;5283;3673;881;729
1530;20 jaar;Ongehuwd;2055;46546;41280;5266;3662;878;726
1531;20 jaar;Ongehuwd;2056;46341;41097;5244;3647;874;723
1532;20 jaar;Ongehuwd;2057;46120;40902;5218;3629;870;719
1533;20 jaar;Ongehuwd;2058;45896;40704;5192;3611;866;715
1534;20 jaar;Ongehuwd;2059;45682;40517;5165;3592;862;711
1535;20 jaar;Ongehuwd;2060;45486;40347;5139;3574;857;708
1536;20 jaar;Wettig gehuwd plus partnerschap;2013;499;151;348;315;29;4
1537;20 jaar;Wettig gehuwd plus partnerschap;2014;593;166;427;392;31;4
1538;20 jaar;Wettig gehuwd plus partnerschap;2015;646;175;471;430;36;5
1539;20 jaar;Wettig gehuwd plus partnerschap;2016;635;164;471;424;42;5
1540;20 jaar;Wettig gehuwd plus partnerschap;2017;623;164;459;411;43;5
1541;20 jaar;Wettig gehuwd plus partnerschap;2018;625;168;457;408;44;5
1542;20 jaar;Wettig gehuwd plus partnerschap;2019;633;173;460;411;44;5
1543;20 jaar;Wettig gehuwd plus partnerschap;2020;630;173;457;408;44;5
1544;20 jaar;Wettig gehuwd plus partnerschap;2021;635;178;457;407;45;5
1545;20 jaar;Wettig gehuwd plus partnerschap;2022;623;176;447;398;44;5
1546;20 jaar;Wettig gehuwd plus partnerschap;2023;615;173;442;393;44;5
1547;20 jaar;Wettig gehuwd plus partnerschap;2024;613;172;441;392;44;5
1548;20 jaar;Wettig gehuwd plus partnerschap;2025;600;168;432;384;43;5
1549;20 jaar;Wettig gehuwd plus partnerschap;2026;590;164;426;379;42;5
1550;20 jaar;Wettig gehuwd plus partnerschap;2027;585;161;424;378;41;5
1551;20 jaar;Wettig gehuwd plus partnerschap;2028;580;160;420;374;41;5
1552;20 jaar;Wettig gehuwd plus partnerschap;2029;583;161;422;376;41;5
1553;20 jaar;Wettig gehuwd plus partnerschap;2030;583;161;422;376;41;5
1554;20 jaar;Wettig gehuwd plus partnerschap;2031;581;161;420;374;41;5
1555;20 jaar;Wettig gehuwd plus partnerschap;2032;574;158;416;371;40;5
1556;20 jaar;Wettig gehuwd plus partnerschap;2033;568;155;413;368;40;5
1557;20 jaar;Wettig gehuwd plus partnerschap;2034;568;156;412;367;40;5
1558;20 jaar;Wettig gehuwd plus partnerschap;2035;569;156;413;368;40;5
1559;20 jaar;Wettig gehuwd plus partnerschap;2036;573;158;415;370;40;5
1560;20 jaar;Wettig gehuwd plus partnerschap;2037;575;159;416;370;41;5
1561;20 jaar;Wettig gehuwd plus partnerschap;2038;578;160;418;372;41;5
1562;20 jaar;Wettig gehuwd plus partnerschap;2039;580;161;419;373;41;5
1563;20 jaar;Wettig gehuwd plus partnerschap;2040;582;162;420;374;41;5
1564;20 jaar;Wettig gehuwd plus partnerschap;2041;583;162;421;375;41;5
1565;20 jaar;Wettig gehuwd plus partnerschap;2042;587;164;423;376;42;5
1566;20 jaar;Wettig gehuwd plus partnerschap;2043;588;164;424;377;42;5
1567;20 jaar;Wettig gehuwd plus partnerschap;2044;590;165;425;378;42;5
1568;20 jaar;Wettig gehuwd plus partnerschap;2045;591;165;426;379;42;5
1569;20 jaar;Wettig gehuwd plus partnerschap;2046;592;166;426;379;42;5
1570;20 jaar;Wettig gehuwd plus partnerschap;2047;592;166;426;379;42;5
1571;20 jaar;Wettig gehuwd plus partnerschap;2048;594;166;428;381;42;5
1572;20 jaar;Wettig gehuwd plus partnerschap;2049;594;166;428;381;42;5
1573;20 jaar;Wettig gehuwd plus partnerschap;2050;594;166;428;381;42;5
1574;20 jaar;Wettig gehuwd plus partnerschap;2051;594;166;428;381;42;5
1575;20 jaar;Wettig gehuwd plus partnerschap;2052;594;166;428;381;42;5
1576;20 jaar;Wettig gehuwd plus partnerschap;2053;594;166;428;381;42;5
1577;20 jaar;Wettig gehuwd plus partnerschap;2054;593;166;427;380;42;5
1578;20 jaar;Wettig gehuwd plus partnerschap;2055;591;165;426;379;42;5
1579;20 jaar;Wettig gehuwd plus partnerschap;2056;590;165;425;378;42;5
1580;20 jaar;Wettig gehuwd plus partnerschap;2057;589;164;425;378;42;5
1581;20 jaar;Wettig gehuwd plus partnerschap;2058;585;163;422;376;41;5
1582;20 jaar;Wettig gehuwd plus partnerschap;2059;584;162;422;376;41;5
1583;20 jaar;Wettig gehuwd plus partnerschap;2060;582;161;421;375;41;5
1584;20 jaar;Verweduwd;2013;1;1;0;0;0;0
1585;20 jaar;Verweduwd;2014;0;0;0;0;0;0
1586;20 jaar;Verweduwd;2015;0;0;0;0;0;0
1587;20 jaar;Verweduwd;2016;0;0;0;0;0;0
1588;20 jaar;Verweduwd;2017;0;0;0;0;0;0
1589;20 jaar;Verweduwd;2018;0;0;0;0;0;0
1590;20 jaar;Verweduwd;2019;0;0;0;0;0;0
1591;20 jaar;Verweduwd;2020;0;0;0;0;0;0
1592;20 jaar;Verweduwd;2021;0;0;0;0;0;0
1593;20 jaar;Verweduwd;2022;0;0;0;0;0;0
1594;20 jaar;Verweduwd;2023;0;0;0;0;0;0
1595;20 jaar;Verweduwd;2024;0;0;0;0;0;0
1596;20 jaar;Verweduwd;2025;0;0;0;0;0;0
1597;20 jaar;Verweduwd;2026;0;0;0;0;0;0
1598;20 jaar;Verweduwd;2027;0;0;0;0;0;0
1599;20 jaar;Verweduwd;2028;0;0;0;0;0;0
1600;20 jaar;Verweduwd;2029;0;0;0;0;0;0
1601;20 jaar;Verweduwd;2030;0;0;0;0;0;0
1602;20 jaar;Verweduwd;2031;0;0;0;0;0;0
1603;20 jaar;Verweduwd;2032;0;0;0;0;0;0
1604;20 jaar;Verweduwd;2033;0;0;0;0;0;0
1605;20 jaar;Verweduwd;2034;0;0;0;0;0;0
1606;20 jaar;Verweduwd;2035;0;0;0;0;0;0
1607;20 jaar;Verweduwd;2036;0;0;0;0;0;0
1608;20 jaar;Verweduwd;2037;0;0;0;0;0;0
1609;20 jaar;Verweduwd;2038;0;0;0;0;0;0
1610;20 jaar;Verweduwd;2039;0;0;0;0;0;0
1611;20 jaar;Verweduwd;2040;0;0;0;0;0;0
1612;20 jaar;Verweduwd;2041;0;0;0;0;0;0
1613;20 jaar;Verweduwd;2042;0;0;0;0;0;0
1614;20 jaar;Verweduwd;2043;0;0;0;0;0;0
1615;20 jaar;Verweduwd;2044;0;0;0;0;0;0
1616;20 jaar;Verweduwd;2045;0;0;0;0;0;0
1617;20 jaar;Verweduwd;2046;0;0;0;0;0;0
1618;20 jaar;Verweduwd;2047;0;0;0;0;0;0
1619;20 jaar;Verweduwd;2048;0;0;0;0;0;0
1620;20 jaar;Verweduwd;2049;0;0;0;0;0;0
1621;20 jaar;Verweduwd;2050;0;0;0;0;0;0
1622;20 jaar;Verweduwd;2051;0;0;0;0;0;0
1623;20 jaar;Verweduwd;2052;0;0;0;0;0;0
1624;20 jaar;Verweduwd;2053;0;0;0;0;0;0
1625;20 jaar;Verweduwd;2054;0;0;0;0;0;0
1626;20 jaar;Verweduwd;2055;0;0;0;0;0;0
1627;20 jaar;Verweduwd;2056;0;0;0;0;0;0
1628;20 jaar;Verweduwd;2057;0;0;0;0;0;0
1629;20 jaar;Verweduwd;2058;0;0;0;0;0;0
1630;20 jaar;Verweduwd;2059;0;0;0;0;0;0
1631;20 jaar;Verweduwd;2060;0;0;0;0;0;0
1632;20 jaar;Gescheiden;2013;36;16;20;1;18;1
1633;20 jaar;Gescheiden;2014;35;16;19;4;15;0
1634;20 jaar;Gescheiden;2015;46;20;26;6;19;1
1635;20 jaar;Gescheiden;2016;50;20;30;6;23;1
1636;20 jaar;Gescheiden;2017;50;20;30;6;23;1
1637;20 jaar;Gescheiden;2018;51;20;31;6;24;1
1638;20 jaar;Gescheiden;2019;52;21;31;6;24;1
1639;20 jaar;Gescheiden;2020;52;21;31;6;24;1
1640;20 jaar;Gescheiden;2021;53;21;32;6;25;1
1641;20 jaar;Gescheiden;2022;52;21;31;6;24;1
1642;20 jaar;Gescheiden;2023;52;21;31;6;24;1
1643;20 jaar;Gescheiden;2024;52;21;31;6;24;1
1644;20 jaar;Gescheiden;2025;49;19;30;6;23;1
1645;20 jaar;Gescheiden;2026;48;19;29;6;22;1
1646;20 jaar;Gescheiden;2027;48;19;29;6;22;1
1647;20 jaar;Gescheiden;2028;48;19;29;6;22;1
1648;20 jaar;Gescheiden;2029;48;19;29;6;22;1
1649;20 jaar;Gescheiden;2030;48;19;29;6;22;1
1650;20 jaar;Gescheiden;2031;48;19;29;6;22;1
1651;20 jaar;Gescheiden;2032;47;18;29;6;22;1
1652;20 jaar;Gescheiden;2033;46;18;28;6;21;1
1653;20 jaar;Gescheiden;2034;46;18;28;6;21;1
1654;20 jaar;Gescheiden;2035;46;18;28;6;21;1
1655;20 jaar;Gescheiden;2036;47;18;29;6;22;1
1656;20 jaar;Gescheiden;2037;47;18;29;6;22;1
1657;20 jaar;Gescheiden;2038;48;19;29;6;22;1
1658;20 jaar;Gescheiden;2039;48;19;29;6;22;1
1659;20 jaar;Gescheiden;2040;48;19;29;6;22;1
1660;20 jaar;Gescheiden;2041;48;19;29;6;22;1
1661;20 jaar;Gescheiden;2042;48;19;29;6;22;1
1662;20 jaar;Gescheiden;2043;48;19;29;6;22;1
1663;20 jaar;Gescheiden;2044;49;19;30;6;23;1
1664;20 jaar;Gescheiden;2045;49;19;30;6;23;1
1665;20 jaar;Gescheiden;2046;49;19;30;6;23;1
1666;20 jaar;Gescheiden;2047;49;19;30;6;23;1
1667;20 jaar;Gescheiden;2048;49;19;30;6;23;1
1668;20 jaar;Gescheiden;2049;49;19;30;6;23;1
1669;20 jaar;Gescheiden;2050;49;19;30;6;23;1
1670;20 jaar;Gescheiden;2051;49;19;30;6;23;1
1671;20 jaar;Gescheiden;2052;49;19;30;6;23;1
1672;20 jaar;Gescheiden;2053;49;19;30;6;23;1
1673;20 jaar;Gescheiden;2054;49;19;30;6;23;1
1674;20 jaar;Gescheiden;2055;49;19;30;6;23;1
1675;20 jaar;Gescheiden;2056;48;19;29;6;22;1
1676;20 jaar;Gescheiden;2057;48;19;29;6;22;1
1677;20 jaar;Gescheiden;2058;48;19;29;6;22;1
1678;20 jaar;Gescheiden;2059;48;19;29;6;22;1
1679;20 jaar;Gescheiden;2060;48;19;29;6;22;1
1680;21 jaar;Totaal burgerlijke staat;2013;60551;51977;8574;6019;1462;1093
1681;21 jaar;Totaal burgerlijke staat;2014;59663;51004;8659;6187;1419;1053
1682;21 jaar;Totaal burgerlijke staat;2015;58919;49959;8960;6496;1418;1046
1683;21 jaar;Totaal burgerlijke staat;2016;59526;50027;9499;6976;1441;1082
1684;21 jaar;Totaal burgerlijke staat;2017;58838;49301;9537;7022;1432;1083
1685;21 jaar;Totaal burgerlijke staat;2018;59140;49493;9647;7125;1425;1097
1686;21 jaar;Totaal burgerlijke staat;2019;59871;50187;9684;7127;1441;1116
1687;21 jaar;Totaal burgerlijke staat;2020;61569;51596;9973;7354;1467;1152
1688;21 jaar;Totaal burgerlijke staat;2021;61991;51958;10033;7400;1471;1162
1689;21 jaar;Totaal burgerlijke staat;2022;63256;53049;10207;7516;1507;1184
1690;21 jaar;Totaal burgerlijke staat;2023;62329;52292;10037;7390;1485;1162
1691;21 jaar;Totaal burgerlijke staat;2024;61798;51870;9928;7310;1469;1149
1692;21 jaar;Totaal burgerlijke staat;2025;61510;51660;9850;7246;1464;1140
1693;21 jaar;Totaal burgerlijke staat;2026;59690;50200;9490;6961;1425;1104
1694;21 jaar;Totaal burgerlijke staat;2027;58094;48897;9197;6740;1384;1073
1695;21 jaar;Totaal burgerlijke staat;2028;57492;48418;9074;6644;1368;1062
1696;21 jaar;Totaal burgerlijke staat;2029;56572;47701;8871;6467;1354;1050
1697;21 jaar;Totaal burgerlijke staat;2030;57436;48410;9026;6588;1367;1071
1698;21 jaar;Totaal burgerlijke staat;2031;57371;48388;8983;6543;1369;1071
1699;21 jaar;Totaal burgerlijke staat;2032;57132;48217;8915;6481;1368;1066
1700;21 jaar;Totaal burgerlijke staat;2033;56009;47272;8737;6360;1337;1040
1701;21 jaar;Totaal burgerlijke staat;2034;55183;46596;8587;6245;1318;1024
1702;21 jaar;Totaal burgerlijke staat;2035;55281;46675;8606;6255;1323;1028
1703;21 jaar;Totaal burgerlijke staat;2036;55499;46854;8645;6283;1327;1035
1704;21 jaar;Totaal burgerlijke staat;2037;55940;47211;8729;6346;1337;1046
1705;21 jaar;Totaal burgerlijke staat;2038;56318;47514;8804;6405;1345;1054
1706;21 jaar;Totaal burgerlijke staat;2039;56807;47905;8902;6483;1356;1063
1707;21 jaar;Totaal burgerlijke staat;2040;57149;48172;8977;6544;1364;1069
1708;21 jaar;Totaal burgerlijke staat;2041;57501;48445;9056;6609;1372;1075
1709;21 jaar;Totaal burgerlijke staat;2042;57819;48691;9128;6669;1379;1080
1710;21 jaar;Totaal burgerlijke staat;2043;58135;48936;9199;6729;1385;1085
1711;21 jaar;Totaal burgerlijke staat;2044;58357;49102;9255;6776;1390;1089
1712;21 jaar;Totaal burgerlijke staat;2045;58568;49260;9308;6820;1396;1092
1713;21 jaar;Totaal burgerlijke staat;2046;58800;49437;9363;6866;1401;1096
1714;21 jaar;Totaal burgerlijke staat;2047;58947;49544;9403;6900;1405;1098
1715;21 jaar;Totaal burgerlijke staat;2048;59048;49613;9435;6929;1407;1099
1716;21 jaar;Totaal burgerlijke staat;2049;59146;49679;9467;6956;1410;1101
1717;21 jaar;Totaal burgerlijke staat;2050;59225;49730;9495;6982;1411;1102
1718;21 jaar;Totaal burgerlijke staat;2051;59273;49758;9515;7001;1412;1102
1719;21 jaar;Totaal burgerlijke staat;2052;59275;49748;9527;7014;1412;1101
1720;21 jaar;Totaal burgerlijke staat;2053;59226;49697;9529;7018;1411;1100
1721;21 jaar;Totaal burgerlijke staat;2054;59115;49596;9519;7014;1408;1097
1722;21 jaar;Totaal burgerlijke staat;2055;58948;49450;9498;7000;1405;1093
1723;21 jaar;Totaal burgerlijke staat;2056;58738;49269;9469;6979;1401;1089
1724;21 jaar;Totaal burgerlijke staat;2057;58484;49056;9428;6952;1392;1084
1725;21 jaar;Totaal burgerlijke staat;2058;58215;48831;9384;6921;1385;1078
1726;21 jaar;Totaal burgerlijke staat;2059;57942;48602;9340;6888;1380;1072
1727;21 jaar;Totaal burgerlijke staat;2060;57683;48386;9297;6855;1374;1068
1728;21 jaar;Ongehuwd;2013;59486;51710;7776;5307;1387;1082
1729;21 jaar;Ongehuwd;2014;58429;50704;7725;5351;1332;1042
1730;21 jaar;Ongehuwd;2015;57603;49656;7947;5587;1325;1035
1731;21 jaar;Ongehuwd;2016;58156;49724;8432;6027;1334;1071
1732;21 jaar;Ongehuwd;2017;57478;49004;8474;6083;1319;1072
1733;21 jaar;Ongehuwd;2018;57787;49195;8592;6196;1310;1086
1734;21 jaar;Ongehuwd;2019;58519;49885;8634;6204;1325;1105
1735;21 jaar;Ongehuwd;2020;60196;51286;8910;6421;1349;1140
1736;21 jaar;Ongehuwd;2021;60622;51647;8975;6472;1353;1150
1737;21 jaar;Ongehuwd;2022;61880;52731;9149;6590;1387;1172
1738;21 jaar;Ongehuwd;2023;60971;51978;8993;6477;1366;1150
1739;21 jaar;Ongehuwd;2024;60453;51559;8894;6405;1352;1137
1740;21 jaar;Ongehuwd;2025;60171;51351;8820;6345;1347;1128
1741;21 jaar;Ongehuwd;2026;58383;49899;8484;6080;1311;1093
1742;21 jaar;Ongehuwd;2027;56813;48604;8209;5873;1274;1062
1743;21 jaar;Ongehuwd;2028;56219;48128;8091;5781;1259;1051
1744;21 jaar;Ongehuwd;2029;55314;47415;7899;5615;1245;1039
1745;21 jaar;Ongehuwd;2030;56165;48120;8045;5727;1258;1060
1746;21 jaar;Ongehuwd;2031;56102;48098;8004;5684;1260;1060
1747;21 jaar;Ongehuwd;2032;55868;47927;7941;5627;1259;1055
1748;21 jaar;Ongehuwd;2033;54761;46988;7773;5514;1230;1029
1749;21 jaar;Ongehuwd;2034;53950;46316;7634;5408;1213;1013
1750;21 jaar;Ongehuwd;2035;54045;46395;7650;5417;1216;1017
1751;21 jaar;Ongehuwd;2036;54260;46573;7687;5443;1220;1024
1752;21 jaar;Ongehuwd;2037;54694;46927;7767;5502;1230;1035
1753;21 jaar;Ongehuwd;2038;55067;47229;7838;5558;1237;1043
1754;21 jaar;Ongehuwd;2039;55547;47617;7930;5631;1247;1052
1755;21 jaar;Ongehuwd;2040;55885;47883;8002;5689;1255;1058
1756;21 jaar;Ongehuwd;2041;56231;48154;8077;5751;1262;1064
1757;21 jaar;Ongehuwd;2042;56543;48398;8145;5807;1269;1069
1758;21 jaar;Ongehuwd;2043;56855;48642;8213;5864;1275;1074
1759;21 jaar;Ongehuwd;2044;57072;48806;8266;5908;1280;1078
1760;21 jaar;Ongehuwd;2045;57278;48964;8314;5949;1284;1081
1761;21 jaar;Ongehuwd;2046;57505;49139;8366;5992;1289;1085
1762;21 jaar;Ongehuwd;2047;57650;49245;8405;6025;1293;1087
1763;21 jaar;Ongehuwd;2048;57747;49313;8434;6052;1294;1088
1764;21 jaar;Ongehuwd;2049;57844;49379;8465;6078;1297;1090
1765;21 jaar;Ongehuwd;2050;57922;49430;8492;6103;1298;1091
1766;21 jaar;Ongehuwd;2051;57969;49458;8511;6121;1299;1091
1767;21 jaar;Ongehuwd;2052;57971;49448;8523;6134;1299;1090
1768;21 jaar;Ongehuwd;2053;57922;49397;8525;6138;1298;1089
1769;21 jaar;Ongehuwd;2054;57812;49296;8516;6135;1295;1086
1770;21 jaar;Ongehuwd;2055;57647;49151;8496;6122;1292;1082
1771;21 jaar;Ongehuwd;2056;57441;48972;8469;6103;1288;1078
1772;21 jaar;Ongehuwd;2057;57193;48760;8433;6079;1281;1073
1773;21 jaar;Ongehuwd;2058;56930;48537;8393;6051;1275;1067
1774;21 jaar;Ongehuwd;2059;56661;48309;8352;6021;1270;1061
1775;21 jaar;Ongehuwd;2060;56405;48094;8311;5990;1264;1057
1776;21 jaar;Wettig gehuwd plus partnerschap;2013;998;235;763;707;47;9
1777;21 jaar;Wettig gehuwd plus partnerschap;2014;1147;258;889;828;52;9
1778;21 jaar;Wettig gehuwd plus partnerschap;2015;1224;258;966;899;58;9
1779;21 jaar;Wettig gehuwd plus partnerschap;2016;1265;254;1011;936;66;9
1780;21 jaar;Wettig gehuwd plus partnerschap;2017;1251;248;1003;926;68;9
1781;21 jaar;Wettig gehuwd plus partnerschap;2018;1242;248;994;916;69;9
1782;21 jaar;Wettig gehuwd plus partnerschap;2019;1241;252;989;910;70;9
1783;21 jaar;Wettig gehuwd plus partnerschap;2020;1260;259;1001;920;71;10
1784;21 jaar;Wettig gehuwd plus partnerschap;2021;1256;260;996;915;71;10
1785;21 jaar;Wettig gehuwd plus partnerschap;2022;1261;266;995;913;72;10
1786;21 jaar;Wettig gehuwd plus partnerschap;2023;1243;262;981;900;71;10
1787;21 jaar;Wettig gehuwd plus partnerschap;2024;1232;260;972;892;70;10
1788;21 jaar;Wettig gehuwd plus partnerschap;2025;1226;258;968;888;70;10
1789;21 jaar;Wettig gehuwd plus partnerschap;2026;1197;251;946;869;68;9
1790;21 jaar;Wettig gehuwd plus partnerschap;2027;1175;245;930;855;66;9
1791;21 jaar;Wettig gehuwd plus partnerschap;2028;1167;242;925;851;65;9
1792;21 jaar;Wettig gehuwd plus partnerschap;2029;1153;239;914;840;65;9
1793;21 jaar;Wettig gehuwd plus partnerschap;2030;1165;242;923;849;65;9
1794;21 jaar;Wettig gehuwd plus partnerschap;2031;1163;242;921;847;65;9
1795;21 jaar;Wettig gehuwd plus partnerschap;2032;1158;242;916;842;65;9
1796;21 jaar;Wettig gehuwd plus partnerschap;2033;1144;237;907;834;64;9
1797;21 jaar;Wettig gehuwd plus partnerschap;2034;1131;234;897;825;63;9
1798;21 jaar;Wettig gehuwd plus partnerschap;2035;1133;234;899;826;64;9
1799;21 jaar;Wettig gehuwd plus partnerschap;2036;1136;235;901;828;64;9
1800;21 jaar;Wettig gehuwd plus partnerschap;2037;1142;237;905;832;64;9
1801;21 jaar;Wettig gehuwd plus partnerschap;2038;1147;238;909;835;65;9
1802;21 jaar;Wettig gehuwd plus partnerschap;2039;1155;241;914;840;65;9
1803;21 jaar;Wettig gehuwd plus partnerschap;2040;1159;242;917;843;65;9
1804;21 jaar;Wettig gehuwd plus partnerschap;2041;1164;243;921;846;66;9
1805;21 jaar;Wettig gehuwd plus partnerschap;2042;1170;245;925;850;66;9
1806;21 jaar;Wettig gehuwd plus partnerschap;2043;1174;246;928;853;66;9
1807;21 jaar;Wettig gehuwd plus partnerschap;2044;1178;247;931;856;66;9
1808;21 jaar;Wettig gehuwd plus partnerschap;2045;1182;247;935;859;67;9
1809;21 jaar;Wettig gehuwd plus partnerschap;2046;1187;249;938;862;67;9
1810;21 jaar;Wettig gehuwd plus partnerschap;2047;1188;249;939;863;67;9
1811;21 jaar;Wettig gehuwd plus partnerschap;2048;1192;250;942;865;68;9
1812;21 jaar;Wettig gehuwd plus partnerschap;2049;1193;250;943;866;68;9
1813;21 jaar;Wettig gehuwd plus partnerschap;2050;1194;250;944;867;68;9
1814;21 jaar;Wettig gehuwd plus partnerschap;2051;1195;250;945;868;68;9
1815;21 jaar;Wettig gehuwd plus partnerschap;2052;1195;250;945;868;68;9
1816;21 jaar;Wettig gehuwd plus partnerschap;2053;1195;250;945;868;68;9
1817;21 jaar;Wettig gehuwd plus partnerschap;2054;1194;250;944;867;68;9
1818;21 jaar;Wettig gehuwd plus partnerschap;2055;1192;249;943;866;68;9
1819;21 jaar;Wettig gehuwd plus partnerschap;2056;1189;248;941;864;68;9
1820;21 jaar;Wettig gehuwd plus partnerschap;2057;1184;247;937;861;67;9
1821;21 jaar;Wettig gehuwd plus partnerschap;2058;1179;246;933;858;66;9
1822;21 jaar;Wettig gehuwd plus partnerschap;2059;1175;245;930;855;66;9
1823;21 jaar;Wettig gehuwd plus partnerschap;2060;1172;244;928;853;66;9
1824;21 jaar;Verweduwd;2013;0;0;0;0;0;0
1825;21 jaar;Verweduwd;2014;2;1;1;0;1;0
1826;21 jaar;Verweduwd;2015;2;1;1;0;1;0
1827;21 jaar;Verweduwd;2016;2;1;1;0;1;0
1828;21 jaar;Verweduwd;2017;2;1;1;0;1;0
1829;21 jaar;Verweduwd;2018;2;1;1;0;1;0
1830;21 jaar;Verweduwd;2019;2;1;1;0;1;0
1831;21 jaar;Verweduwd;2020;2;1;1;0;1;0
1832;21 jaar;Verweduwd;2021;2;1;1;0;1;0
1833;21 jaar;Verweduwd;2022;2;1;1;0;1;0
1834;21 jaar;Verweduwd;2023;2;1;1;0;1;0
1835;21 jaar;Verweduwd;2024;2;1;1;0;1;0
1836;21 jaar;Verweduwd;2025;2;1;1;0;1;0
1837;21 jaar;Verweduwd;2026;2;1;1;0;1;0
1838;21 jaar;Verweduwd;2027;2;1;1;0;1;0
1839;21 jaar;Verweduwd;2028;2;1;1;0;1;0
1840;21 jaar;Verweduwd;2029;2;1;1;0;1;0
1841;21 jaar;Verweduwd;2030;2;1;1;0;1;0
1842;21 jaar;Verweduwd;2031;2;1;1;0;1;0
1843;21 jaar;Verweduwd;2032;2;1;1;0;1;0
1844;21 jaar;Verweduwd;2033;2;1;1;0;1;0
1845;21 jaar;Verweduwd;2034;2;1;1;0;1;0
1846;21 jaar;Verweduwd;2035;2;1;1;0;1;0
1847;21 jaar;Verweduwd;2036;2;1;1;0;1;0
1848;21 jaar;Verweduwd;2037;2;1;1;0;1;0
1849;21 jaar;Verweduwd;2038;2;1;1;0;1;0
1850;21 jaar;Verweduwd;2039;2;1;1;0;1;0
1851;21 jaar;Verweduwd;2040;2;1;1;0;1;0
1852;21 jaar;Verweduwd;2041;2;1;1;0;1;0
1853;21 jaar;Verweduwd;2042;2;1;1;0;1;0
1854;21 jaar;Verweduwd;2043;2;1;1;0;1;0
1855;21 jaar;Verweduwd;2044;2;1;1;0;1;0
1856;21 jaar;Verweduwd;2045;2;1;1;0;1;0
1857;21 jaar;Verweduwd;2046;2;1;1;0;1;0
1858;21 jaar;Verweduwd;2047;2;1;1;0;1;0
1859;21 jaar;Verweduwd;2048;2;1;1;0;1;0
1860;21 jaar;Verweduwd;2049;2;1;1;0;1;0
1861;21 jaar;Verweduwd;2050;2;1;1;0;1;0
1862;21 jaar;Verweduwd;2051;2;1;1;0;1;0
1863;21 jaar;Verweduwd;2052;2;1;1;0;1;0
1864;21 jaar;Verweduwd;2053;2;1;1;0;1;0
1865;21 jaar;Verweduwd;2054;2;1;1;0;1;0
1866;21 jaar;Verweduwd;2055;2;1;1;0;1;0
1867;21 jaar;Verweduwd;2056;2;1;1;0;1;0
1868;21 jaar;Verweduwd;2057;2;1;1;0;1;0
1869;21 jaar;Verweduwd;2058;2;1;1;0;1;0
1870;21 jaar;Verweduwd;2059;2;1;1;0;1;0
1871;21 jaar;Verweduwd;2060;2;1;1;0;1;0
1872;21 jaar;Gescheiden;2013;67;32;35;5;28;2
1873;21 jaar;Gescheiden;2014;85;41;44;8;34;2
1874;21 jaar;Gescheiden;2015;90;44;46;10;34;2
1875;21 jaar;Gescheiden;2016;103;48;55;13;40;2
1876;21 jaar;Gescheiden;2017;107;48;59;13;44;2
1877;21 jaar;Gescheiden;2018;109;49;60;13;45;2
1878;21 jaar;Gescheiden;2019;109;49;60;13;45;2
1879;21 jaar;Gescheiden;2020;111;50;61;13;46;2
1880;21 jaar;Gescheiden;2021;111;50;61;13;46;2
1881;21 jaar;Gescheiden;2022;113;51;62;13;47;2
1882;21 jaar;Gescheiden;2023;113;51;62;13;47;2
1883;21 jaar;Gescheiden;2024;111;50;61;13;46;2
1884;21 jaar;Gescheiden;2025;111;50;61;13;46;2
1885;21 jaar;Gescheiden;2026;108;49;59;12;45;2
1886;21 jaar;Gescheiden;2027;104;47;57;12;43;2
1887;21 jaar;Gescheiden;2028;104;47;57;12;43;2
1888;21 jaar;Gescheiden;2029;103;46;57;12;43;2
1889;21 jaar;Gescheiden;2030;104;47;57;12;43;2
1890;21 jaar;Gescheiden;2031;104;47;57;12;43;2
1891;21 jaar;Gescheiden;2032;104;47;57;12;43;2
1892;21 jaar;Gescheiden;2033;102;46;56;12;42;2
1893;21 jaar;Gescheiden;2034;100;45;55;12;41;2
1894;21 jaar;Gescheiden;2035;101;45;56;12;42;2
1895;21 jaar;Gescheiden;2036;101;45;56;12;42;2
1896;21 jaar;Gescheiden;2037;102;46;56;12;42;2
1897;21 jaar;Gescheiden;2038;102;46;56;12;42;2
1898;21 jaar;Gescheiden;2039;103;46;57;12;43;2
1899;21 jaar;Gescheiden;2040;103;46;57;12;43;2
1900;21 jaar;Gescheiden;2041;104;47;57;12;43;2
1901;21 jaar;Gescheiden;2042;104;47;57;12;43;2
1902;21 jaar;Gescheiden;2043;104;47;57;12;43;2
1903;21 jaar;Gescheiden;2044;105;48;57;12;43;2
1904;21 jaar;Gescheiden;2045;106;48;58;12;44;2
1905;21 jaar;Gescheiden;2046;106;48;58;12;44;2
1906;21 jaar;Gescheiden;2047;107;49;58;12;44;2
1907;21 jaar;Gescheiden;2048;107;49;58;12;44;2
1908;21 jaar;Gescheiden;2049;107;49;58;12;44;2
1909;21 jaar;Gescheiden;2050;107;49;58;12;44;2
1910;21 jaar;Gescheiden;2051;107;49;58;12;44;2
1911;21 jaar;Gescheiden;2052;107;49;58;12;44;2
1912;21 jaar;Gescheiden;2053;107;49;58;12;44;2
1913;21 jaar;Gescheiden;2054;107;49;58;12;44;2
1914;21 jaar;Gescheiden;2055;107;49;58;12;44;2
1915;21 jaar;Gescheiden;2056;106;48;58;12;44;2
1916;21 jaar;Gescheiden;2057;105;48;57;12;43;2
1917;21 jaar;Gescheiden;2058;104;47;57;12;43;2
1918;21 jaar;Gescheiden;2059;104;47;57;12;43;2
1919;21 jaar;Gescheiden;2060;104;47;57;12;43;2
1920;22 jaar;Totaal burgerlijke staat;2013;70678;56867;13811;10312;1959;1540
1921;22 jaar;Totaal burgerlijke staat;2014;70330;56293;14037;10589;1988;1460
1922;22 jaar;Totaal burgerlijke staat;2015;69725;55220;14505;11148;1926;1431
1923;22 jaar;Totaal burgerlijke staat;2016;69370;54265;15105;11771;1906;1428
1924;22 jaar;Totaal burgerlijke staat;2017;70032;54523;15509;12134;1919;1456
1925;22 jaar;Totaal burgerlijke staat;2018;69060;53719;15341;12000;1897;1444
1926;22 jaar;Totaal burgerlijke staat;2019;69304;53879;15425;12081;1887;1457
1927;22 jaar;Totaal burgerlijke staat;2020;69986;54526;15460;12071;1910;1479
1928;22 jaar;Totaal burgerlijke staat;2021;71953;56041;15912;12442;1946;1524
1929;22 jaar;Totaal burgerlijke staat;2022;72430;56425;16005;12520;1954;1531
1930;22 jaar;Totaal burgerlijke staat;2023;73840;57579;16261;12705;2000;1556
1931;22 jaar;Totaal burgerlijke staat;2024;72811;56807;16004;12502;1971;1531
1932;22 jaar;Totaal burgerlijke staat;2025;72211;56378;15833;12367;1953;1513
1933;22 jaar;Totaal burgerlijke staat;2026;71882;56170;15712;12262;1946;1504
1934;22 jaar;Totaal burgerlijke staat;2027;69755;54606;15149;11797;1894;1458
1935;22 jaar;Totaal burgerlijke staat;2028;67927;53221;14706;11444;1841;1421
1936;22 jaar;Totaal burgerlijke staat;2029;67253;52721;14532;11299;1820;1413
1937;22 jaar;Totaal burgerlijke staat;2030;66162;51942;14220;11023;1801;1396
1938;22 jaar;Totaal burgerlijke staat;2031;67195;52724;14471;11232;1819;1420
1939;22 jaar;Totaal burgerlijke staat;2032;67108;52697;14411;11170;1823;1418
1940;22 jaar;Totaal burgerlijke staat;2033;66815;52510;14305;11076;1822;1407
1941;22 jaar;Totaal burgerlijke staat;2034;65554;51512;14042;10883;1780;1379
1942;22 jaar;Totaal burgerlijke staat;2035;64613;50795;13818;10701;1756;1361
1943;22 jaar;Totaal burgerlijke staat;2036;64736;50886;13850;10723;1759;1368
1944;22 jaar;Totaal burgerlijke staat;2037;65001;51081;13920;10778;1766;1376
1945;22 jaar;Totaal burgerlijke staat;2038;65522;51467;14055;10887;1780;1388
1946;22 jaar;Totaal burgerlijke staat;2039;65972;51796;14176;10987;1792;1397
1947;22 jaar;Totaal burgerlijke staat;2040;66549;52218;14331;11116;1806;1409
1948;22 jaar;Totaal burgerlijke staat;2041;66957;52506;14451;11217;1818;1416
1949;22 jaar;Totaal burgerlijke staat;2042;67377;52804;14573;11321;1828;1424
1950;22 jaar;Totaal burgerlijke staat;2043;67754;53069;14685;11416;1838;1431
1951;22 jaar;Totaal burgerlijke staat;2044;68133;53335;14798;11512;1848;1438
1952;22 jaar;Totaal burgerlijke staat;2045;68392;53513;14879;11583;1853;1443
1953;22 jaar;Totaal burgerlijke staat;2046;68647;53688;14959;11651;1861;1447
1954;22 jaar;Totaal burgerlijke staat;2047;68920;53877;15043;11724;1867;1452
1955;22 jaar;Totaal burgerlijke staat;2048;69096;53991;15105;11777;1873;1455
1956;22 jaar;Totaal burgerlijke staat;2049;69222;54069;15153;11821;1875;1457
1957;22 jaar;Totaal burgerlijke staat;2050;69341;54142;15199;11863;1878;1458
1958;22 jaar;Totaal burgerlijke staat;2051;69439;54199;15240;11900;1880;1460
1959;22 jaar;Totaal burgerlijke staat;2052;69502;54232;15270;11927;1883;1460
1960;22 jaar;Totaal burgerlijke staat;2053;69507;54221;15286;11944;1883;1459
1961;22 jaar;Totaal burgerlijke staat;2054;69453;54168;15285;11948;1880;1457
1962;22 jaar;Totaal burgerlijke staat;2055;69326;54060;15266;11936;1877;1453
1963;22 jaar;Totaal burgerlijke staat;2056;69141;53908;15233;11911;1873;1449
1964;22 jaar;Totaal burgerlijke staat;2057;68899;53717;15182;11873;1866;1443
1965;22 jaar;Totaal burgerlijke staat;2058;68613;53492;15121;11826;1859;1436
1966;22 jaar;Totaal burgerlijke staat;2059;68303;53251;15052;11772;1851;1429
1967;22 jaar;Totaal burgerlijke staat;2060;67989;53010;14979;11715;1841;1423
1968;22 jaar;Ongehuwd;2013;68672;56485;12187;8842;1826;1519
1969;22 jaar;Ongehuwd;2014;68145;55879;12266;8983;1845;1438
1970;22 jaar;Ongehuwd;2015;67394;54797;12597;9419;1769;1409
1971;22 jaar;Ongehuwd;2016;66963;53848;13115;9967;1741;1407
1972;22 jaar;Ongehuwd;2017;67559;54099;13460;10285;1742;1433
1973;22 jaar;Ongehuwd;2018;66612;53301;13311;10175;1714;1422
1974;22 jaar;Ongehuwd;2019;66865;53461;13404;10266;1703;1435
1975;22 jaar;Ongehuwd;2020;67549;54102;13447;10267;1724;1456
1976;22 jaar;Ongehuwd;2021;69481;55607;13874;10615;1758;1501
1977;22 jaar;Ongehuwd;2022;69962;55990;13972;10700;1764;1508
1978;22 jaar;Ongehuwd;2023;71355;57136;14219;10879;1808;1532
1979;22 jaar;Ongehuwd;2024;70358;56370;13988;10699;1781;1508
1980;22 jaar;Ongehuwd;2025;69775;55944;13831;10576;1765;1490
1981;22 jaar;Ongehuwd;2026;69455;55737;13718;10479;1758;1481
1982;22 jaar;Ongehuwd;2027;67389;54184;13205;10058;1711;1436
1983;22 jaar;Ongehuwd;2028;65608;52809;12799;9737;1663;1399
1984;22 jaar;Ongehuwd;2029;64951;52313;12638;9602;1644;1392
1985;22 jaar;Ongehuwd;2030;63891;51540;12351;9350;1626;1375
1986;22 jaar;Ongehuwd;2031;64896;52316;12580;9538;1643;1399
1987;22 jaar;Ongehuwd;2032;64812;52290;12522;9480;1646;1396
1988;22 jaar;Ongehuwd;2033;64530;52104;12426;9395;1645;1386
1989;22 jaar;Ongehuwd;2034;63301;51115;12186;9221;1607;1358
1990;22 jaar;Ongehuwd;2035;62385;50401;11984;9059;1585;1340
1991;22 jaar;Ongehuwd;2036;62505;50491;12014;9079;1588;1347
1992;22 jaar;Ongehuwd;2037;62764;50686;12078;9129;1594;1355
1993;22 jaar;Ongehuwd;2038;63270;51068;12202;9228;1607;1367
1994;22 jaar;Ongehuwd;2039;63709;51395;12314;9320;1618;1376
1995;22 jaar;Ongehuwd;2040;64270;51814;12456;9437;1631;1388
1996;22 jaar;Ongehuwd;2041;64667;52100;12567;9531;1641;1395
1997;22 jaar;Ongehuwd;2042;65074;52395;12679;9626;1651;1402
1998;22 jaar;Ongehuwd;2043;65440;52658;12782;9713;1660;1409
1999;22 jaar;Ongehuwd;2044;65808;52922;12886;9801;1669;1416
2000;22 jaar;Ongehuwd;2045;66061;53099;12962;9867;1674;1421
2001;22 jaar;Ongehuwd;2046;66305;53271;13034;9928;1681;1425
2002;22 jaar;Ongehuwd;2047;66570;53459;13111;9995;1686;1430
2003;22 jaar;Ongehuwd;2048;66741;53573;13168;10044;1691;1433
2004;22 jaar;Ongehuwd;2049;66861;53649;13212;10084;1693;1435
2005;22 jaar;Ongehuwd;2050;66977;53722;13255;10123;1696;1436
2006;22 jaar;Ongehuwd;2051;67072;53779;13293;10157;1698;1438
2007;22 jaar;Ongehuwd;2052;67132;53811;13321;10183;1700;1438
2008;22 jaar;Ongehuwd;2053;67135;53800;13335;10198;1700;1437
2009;22 jaar;Ongehuwd;2054;67083;53748;13335;10202;1698;1435
2010;22 jaar;Ongehuwd;2055;66960;53641;13319;10193;1695;1431
2011;22 jaar;Ongehuwd;2056;66779;53489;13290;10172;1691;1427
2012;22 jaar;Ongehuwd;2057;66545;53300;13245;10139;1685;1421
2013;22 jaar;Ongehuwd;2058;66265;53076;13189;10097;1678;1414
2014;22 jaar;Ongehuwd;2059;65966;52838;13128;10050;1671;1407
2015;22 jaar;Ongehuwd;2060;65660;52597;13063;9999;1663;1401
2016;22 jaar;Wettig gehuwd plus partnerschap;2013;1869;316;1553;1458;80;15
2017;22 jaar;Wettig gehuwd plus partnerschap;2014;2025;337;1688;1591;82;15
2018;22 jaar;Wettig gehuwd plus partnerschap;2015;2146;334;1812;1710;87;15
2019;22 jaar;Wettig gehuwd plus partnerschap;2016;2215;325;1890;1782;94;14
2020;22 jaar;Wettig gehuwd plus partnerschap;2017;2265;327;1938;1824;99;15
2021;22 jaar;Wettig gehuwd plus partnerschap;2018;2236;321;1915;1800;101;14
2022;22 jaar;Wettig gehuwd plus partnerschap;2019;2225;320;1905;1790;101;14
2023;22 jaar;Wettig gehuwd plus partnerschap;2020;2221;325;1896;1779;102;15
2024;22 jaar;Wettig gehuwd plus partnerschap;2021;2253;333;1920;1802;103;15
2025;22 jaar;Wettig gehuwd plus partnerschap;2022;2248;334;1914;1795;104;15
2026;22 jaar;Wettig gehuwd plus partnerschap;2023;2262;340;1922;1801;105;16
2027;22 jaar;Wettig gehuwd plus partnerschap;2024;2233;336;1897;1778;104;15
2028;22 jaar;Wettig gehuwd plus partnerschap;2025;2217;333;1884;1766;103;15
2029;22 jaar;Wettig gehuwd plus partnerschap;2026;2209;333;1876;1758;103;15
2030;22 jaar;Wettig gehuwd plus partnerschap;2027;2154;324;1830;1716;100;14
2031;22 jaar;Wettig gehuwd plus partnerschap;2028;2111;316;1795;1684;97;14
2032;22 jaar;Wettig gehuwd plus partnerschap;2029;2097;313;1784;1674;96;14
2033;22 jaar;Wettig gehuwd plus partnerschap;2030;2069;309;1760;1650;96;14
2034;22 jaar;Wettig gehuwd plus partnerschap;2031;2094;313;1781;1671;96;14
2035;22 jaar;Wettig gehuwd plus partnerschap;2032;2091;313;1778;1667;97;14
2036;22 jaar;Wettig gehuwd plus partnerschap;2033;2082;313;1769;1658;97;14
2037;22 jaar;Wettig gehuwd plus partnerschap;2034;2054;306;1748;1639;95;14
2038;22 jaar;Wettig gehuwd plus partnerschap;2035;2031;303;1728;1620;94;14
2039;22 jaar;Wettig gehuwd plus partnerschap;2036;2034;304;1730;1622;94;14
2040;22 jaar;Wettig gehuwd plus partnerschap;2037;2039;304;1735;1627;94;14
2041;22 jaar;Wettig gehuwd plus partnerschap;2038;2052;307;1745;1636;95;14
2042;22 jaar;Wettig gehuwd plus partnerschap;2039;2062;309;1753;1644;95;14
2043;22 jaar;Wettig gehuwd plus partnerschap;2040;2077;311;1766;1656;96;14
2044;22 jaar;Wettig gehuwd plus partnerschap;2041;2087;313;1774;1663;97;14
2045;22 jaar;Wettig gehuwd plus partnerschap;2042;2098;315;1783;1672;97;14
2046;22 jaar;Wettig gehuwd plus partnerschap;2043;2108;316;1792;1680;98;14
2047;22 jaar;Wettig gehuwd plus partnerschap;2044;2118;318;1800;1688;98;14
2048;22 jaar;Wettig gehuwd plus partnerschap;2045;2124;319;1805;1693;98;14
2049;22 jaar;Wettig gehuwd plus partnerschap;2046;2134;321;1813;1700;99;14
2050;22 jaar;Wettig gehuwd plus partnerschap;2047;2142;322;1820;1706;100;14
2051;22 jaar;Wettig gehuwd plus partnerschap;2048;2146;322;1824;1710;100;14
2052;22 jaar;Wettig gehuwd plus partnerschap;2049;2152;324;1828;1714;100;14
2053;22 jaar;Wettig gehuwd plus partnerschap;2050;2155;324;1831;1717;100;14
2054;22 jaar;Wettig gehuwd plus partnerschap;2051;2158;324;1834;1720;100;14
2055;22 jaar;Wettig gehuwd plus partnerschap;2052;2161;325;1836;1721;101;14
2056;22 jaar;Wettig gehuwd plus partnerschap;2053;2162;325;1837;1722;101;14
2057;22 jaar;Wettig gehuwd plus partnerschap;2054;2160;324;1836;1722;100;14
2058;22 jaar;Wettig gehuwd plus partnerschap;2055;2156;323;1833;1719;100;14
2059;22 jaar;Wettig gehuwd plus partnerschap;2056;2153;323;1830;1716;100;14
2060;22 jaar;Wettig gehuwd plus partnerschap;2057;2146;321;1825;1711;100;14
2061;22 jaar;Wettig gehuwd plus partnerschap;2058;2140;320;1820;1706;100;14
2062;22 jaar;Wettig gehuwd plus partnerschap;2059;2130;318;1812;1699;99;14
2063;22 jaar;Wettig gehuwd plus partnerschap;2060;2123;318;1805;1693;98;14
2064;22 jaar;Verweduwd;2013;6;3;3;0;3;0
2065;22 jaar;Verweduwd;2014;2;1;1;0;1;0
2066;22 jaar;Verweduwd;2015;4;2;2;0;2;0
2067;22 jaar;Verweduwd;2016;4;2;2;0;2;0
2068;22 jaar;Verweduwd;2017;4;2;2;0;2;0
2069;22 jaar;Verweduwd;2018;4;2;2;0;2;0
2070;22 jaar;Verweduwd;2019;4;2;2;0;2;0
2071;22 jaar;Verweduwd;2020;4;2;2;0;2;0
2072;22 jaar;Verweduwd;2021;4;2;2;0;2;0
2073;22 jaar;Verweduwd;2022;4;2;2;0;2;0
2074;22 jaar;Verweduwd;2023;4;2;2;0;2;0
2075;22 jaar;Verweduwd;2024;4;2;2;0;2;0
2076;22 jaar;Verweduwd;2025;4;2;2;0;2;0
2077;22 jaar;Verweduwd;2026;4;2;2;0;2;0
2078;22 jaar;Verweduwd;2027;4;2;2;0;2;0
2079;22 jaar;Verweduwd;2028;4;2;2;0;2;0
2080;22 jaar;Verweduwd;2029;4;2;2;0;2;0
2081;22 jaar;Verweduwd;2030;4;2;2;0;2;0
2082;22 jaar;Verweduwd;2031;4;2;2;0;2;0
2083;22 jaar;Verweduwd;2032;3;1;2;0;2;0
2084;22 jaar;Verweduwd;2033;3;1;2;0;2;0
2085;22 jaar;Verweduwd;2034;3;1;2;0;2;0
2086;22 jaar;Verweduwd;2035;3;1;2;0;2;0
2087;22 jaar;Verweduwd;2036;3;1;2;0;2;0
2088;22 jaar;Verweduwd;2037;3;1;2;0;2;0
2089;22 jaar;Verweduwd;2038;3;1;2;0;2;0
2090;22 jaar;Verweduwd;2039;3;1;2;0;2;0
2091;22 jaar;Verweduwd;2040;3;1;2;0;2;0
2092;22 jaar;Verweduwd;2041;3;1;2;0;2;0
2093;22 jaar;Verweduwd;2042;3;1;2;0;2;0
2094;22 jaar;Verweduwd;2043;3;1;2;0;2;0
2095;22 jaar;Verweduwd;2044;3;1;2;0;2;0
2096;22 jaar;Verweduwd;2045;3;1;2;0;2;0
2097;22 jaar;Verweduwd;2046;3;1;2;0;2;0
2098;22 jaar;Verweduwd;2047;3;1;2;0;2;0
2099;22 jaar;Verweduwd;2048;3;1;2;0;2;0
2100;22 jaar;Verweduwd;2049;3;1;2;0;2;0
2101;22 jaar;Verweduwd;2050;3;1;2;0;2;0
2102;22 jaar;Verweduwd;2051;3;1;2;0;2;0
2103;22 jaar;Verweduwd;2052;3;1;2;0;2;0
2104;22 jaar;Verweduwd;2053;3;1;2;0;2;0
2105;22 jaar;Verweduwd;2054;3;1;2;0;2;0
2106;22 jaar;Verweduwd;2055;3;1;2;0;2;0
2107;22 jaar;Verweduwd;2056;3;1;2;0;2;0
2108;22 jaar;Verweduwd;2057;3;1;2;0;2;0
2109;22 jaar;Verweduwd;2058;3;1;2;0;2;0
2110;22 jaar;Verweduwd;2059;3;1;2;0;2;0
2111;22 jaar;Verweduwd;2060;3;1;2;0;2;0
2112;22 jaar;Gescheiden;2013;131;63;68;12;50;6
2113;22 jaar;Gescheiden;2014;158;76;82;15;60;7
2114;22 jaar;Gescheiden;2015;181;87;94;19;68;7
2115;22 jaar;Gescheiden;2016;188;90;98;22;69;7
2116;22 jaar;Gescheiden;2017;204;95;109;25;76;8
2117;22 jaar;Gescheiden;2018;208;95;113;25;80;8
2118;22 jaar;Gescheiden;2019;210;96;114;25;81;8
2119;22 jaar;Gescheiden;2020;212;97;115;25;82;8
2120;22 jaar;Gescheiden;2021;215;99;116;25;83;8
2121;22 jaar;Gescheiden;2022;216;99;117;25;84;8
2122;22 jaar;Gescheiden;2023;219;101;118;25;85;8
2123;22 jaar;Gescheiden;2024;216;99;117;25;84;8
2124;22 jaar;Gescheiden;2025;215;99;116;25;83;8
2125;22 jaar;Gescheiden;2026;214;98;116;25;83;8
2126;22 jaar;Gescheiden;2027;208;96;112;23;81;8
2127;22 jaar;Gescheiden;2028;204;94;110;23;79;8
2128;22 jaar;Gescheiden;2029;201;93;108;23;78;7
2129;22 jaar;Gescheiden;2030;198;91;107;23;77;7
2130;22 jaar;Gescheiden;2031;201;93;108;23;78;7
2131;22 jaar;Gescheiden;2032;202;93;109;23;78;8
2132;22 jaar;Gescheiden;2033;200;92;108;23;78;7
2133;22 jaar;Gescheiden;2034;196;90;106;23;76;7
2134;22 jaar;Gescheiden;2035;194;90;104;22;75;7
2135;22 jaar;Gescheiden;2036;194;90;104;22;75;7
2136;22 jaar;Gescheiden;2037;195;90;105;22;76;7
2137;22 jaar;Gescheiden;2038;197;91;106;23;76;7
2138;22 jaar;Gescheiden;2039;198;91;107;23;77;7
2139;22 jaar;Gescheiden;2040;199;92;107;23;77;7
2140;22 jaar;Gescheiden;2041;200;92;108;23;78;7
2141;22 jaar;Gescheiden;2042;202;93;109;23;78;8
2142;22 jaar;Gescheiden;2043;203;94;109;23;78;8
2143;22 jaar;Gescheiden;2044;204;94;110;23;79;8
2144;22 jaar;Gescheiden;2045;204;94;110;23;79;8
2145;22 jaar;Gescheiden;2046;205;95;110;23;79;8
2146;22 jaar;Gescheiden;2047;205;95;110;23;79;8
2147;22 jaar;Gescheiden;2048;206;95;111;23;80;8
2148;22 jaar;Gescheiden;2049;206;95;111;23;80;8
2149;22 jaar;Gescheiden;2050;206;95;111;23;80;8
2150;22 jaar;Gescheiden;2051;206;95;111;23;80;8
2151;22 jaar;Gescheiden;2052;206;95;111;23;80;8
2152;22 jaar;Gescheiden;2053;207;95;112;24;80;8
2153;22 jaar;Gescheiden;2054;207;95;112;24;80;8
2154;22 jaar;Gescheiden;2055;207;95;112;24;80;8
2155;22 jaar;Gescheiden;2056;206;95;111;23;80;8
2156;22 jaar;Gescheiden;2057;205;95;110;23;79;8
2157;22 jaar;Gescheiden;2058;205;95;110;23;79;8
2158;22 jaar;Gescheiden;2059;204;94;110;23;79;8
2159;22 jaar;Gescheiden;2060;203;94;109;23;78;8
2160;23 jaar;Totaal burgerlijke staat;2013;78309;58288;20021;15555;2608;1858
2161;23 jaar;Totaal burgerlijke staat;2014;80681;59815;20866;16494;2560;1812
2162;23 jaar;Totaal burgerlijke staat;2015;80668;59127;21541;17197;2567;1777
2163;23 jaar;Totaal burgerlijke staat;2016;80369;58041;22328;18065;2493;1770
2164;23 jaar;Totaal burgerlijke staat;2017;80011;57372;22639;18414;2464;1761
2165;23 jaar;Totaal burgerlijke staat;2018;80676;57692;22984;18729;2472;1783
2166;23 jaar;Totaal burgerlijke staat;2019;79341;56766;22575;18376;2436;1763
2167;23 jaar;Totaal burgerlijke staat;2020;79531;56873;22658;18463;2418;1777
2168;23 jaar;Totaal burgerlijke staat;2021;80150;57467;22683;18437;2449;1797
2169;23 jaar;Totaal burgerlijke staat;2022;82422;59080;23342;18997;2500;1845
2170;23 jaar;Totaal burgerlijke staat;2023;82968;59496;23472;19113;2510;1849
2171;23 jaar;Totaal burgerlijke staat;2024;84573;60730;23843;19387;2573;1883
2172;23 jaar;Totaal burgerlijke staat;2025;83419;59954;23465;19080;2534;1851
2173;23 jaar;Totaal burgerlijke staat;2026;82750;59530;23220;18876;2511;1833
2174;23 jaar;Totaal burgerlijke staat;2027;82369;59326;23043;18718;2501;1824
2175;23 jaar;Totaal burgerlijke staat;2028;79931;57688;22243;18033;2438;1772
2176;23 jaar;Totaal burgerlijke staat;2029;77869;56245;21624;17518;2371;1735
2177;23 jaar;Totaal burgerlijke staat;2030;77118;55730;21388;17319;2343;1726
2178;23 jaar;Totaal burgerlijke staat;2031;75842;54905;20937;16920;2316;1701
2179;23 jaar;Totaal burgerlijke staat;2032;77063;55747;21316;17248;2342;1726
2180;23 jaar;Totaal burgerlijke staat;2033;76947;55717;21230;17166;2347;1717
2181;23 jaar;Totaal burgerlijke staat;2034;76601;55516;21085;17031;2344;1710
2182;23 jaar;Totaal burgerlijke staat;2035;75205;54486;20719;16748;2291;1680
2183;23 jaar;Totaal burgerlijke staat;2036;74139;53732;20407;16484;2260;1663
2184;23 jaar;Totaal burgerlijke staat;2037;74293;53832;20461;16527;2265;1669
2185;23 jaar;Totaal burgerlijke staat;2038;74610;54040;20570;16619;2274;1677
2186;23 jaar;Totaal burgerlijke staat;2039;75218;54446;20772;16790;2292;1690
2187;23 jaar;Totaal burgerlijke staat;2040;75745;54791;20954;16945;2308;1701
2188;23 jaar;Totaal burgerlijke staat;2041;76419;55237;21182;17140;2327;1715
2189;23 jaar;Totaal burgerlijke staat;2042;76899;55544;21355;17289;2342;1724
2190;23 jaar;Totaal burgerlijke staat;2043;77388;55858;21530;17440;2357;1733
2191;23 jaar;Totaal burgerlijke staat;2044;77826;56137;21689;17579;2368;1742
2192;23 jaar;Totaal burgerlijke staat;2045;78268;56420;21848;17716;2382;1750
2193;23 jaar;Totaal burgerlijke staat;2046;78573;56611;21962;17818;2389;1755
2194;23 jaar;Totaal burgerlijke staat;2047;78868;56792;22076;17917;2398;1761
2195;23 jaar;Totaal burgerlijke staat;2048;79191;56993;22198;18023;2408;1767
2196;23 jaar;Totaal burgerlijke staat;2049;79396;57113;22283;18099;2414;1770
2197;23 jaar;Totaal burgerlijke staat;2050;79547;57196;22351;18161;2418;1772
2198;23 jaar;Totaal burgerlijke staat;2051;79689;57274;22415;18218;2423;1774
2199;23 jaar;Totaal burgerlijke staat;2052;79806;57335;22471;18270;2425;1776
2200;23 jaar;Totaal burgerlijke staat;2053;79879;57369;22510;18306;2428;1776
2201;23 jaar;Totaal burgerlijke staat;2054;79889;57359;22530;18327;2428;1775
2202;23 jaar;Totaal burgerlijke staat;2055;79833;57307;22526;18328;2426;1772
2203;23 jaar;Totaal burgerlijke staat;2056;79692;57196;22496;18306;2422;1768
2204;23 jaar;Totaal burgerlijke staat;2057;79485;57042;22443;18264;2416;1763
2205;23 jaar;Totaal burgerlijke staat;2058;79211;56843;22368;18204;2408;1756
2206;23 jaar;Totaal burgerlijke staat;2059;78888;56611;22277;18130;2399;1748
2207;23 jaar;Totaal burgerlijke staat;2060;78532;56360;22172;18045;2387;1740
2208;23 jaar;Ongehuwd;2013;74729;57781;16948;12736;2385;1827
2209;23 jaar;Ongehuwd;2014;77021;59283;17738;13621;2337;1780
2210;23 jaar;Ongehuwd;2015;76884;58589;18295;14209;2340;1746
2211;23 jaar;Ongehuwd;2016;76426;57503;18923;14934;2251;1738
2212;23 jaar;Ongehuwd;2017;75982;56832;19150;15210;2213;1727
2213;23 jaar;Ongehuwd;2018;76568;57141;19427;15471;2207;1749
2214;23 jaar;Ongehuwd;2019;75289;56221;19068;15172;2167;1729
2215;23 jaar;Ongehuwd;2020;75490;56330;19160;15268;2150;1742
2216;23 jaar;Ongehuwd;2021;76122;56919;19203;15263;2178;1762
2217;23 jaar;Ongehuwd;2022;78325;58518;19807;15774;2224;1809
2218;23 jaar;Ongehuwd;2023;78874;58931;19943;15895;2234;1814
2219;23 jaar;Ongehuwd;2024;80444;60155;20289;16150;2291;1848
2220;23 jaar;Ongehuwd;2025;79340;59387;19953;15881;2256;1816
2221;23 jaar;Ongehuwd;2026;78700;58967;19733;15698;2236;1799
2222;23 jaar;Ongehuwd;2027;78338;58765;19573;15555;2228;1790
2223;23 jaar;Ongehuwd;2028;75999;57140;18859;14950;2170;1739
2224;23 jaar;Ongehuwd;2029;74018;55711;18307;14495;2109;1703
2225;23 jaar;Ongehuwd;2030;73295;55200;18095;14317;2085;1693
2226;23 jaar;Ongehuwd;2031;72076;54381;17695;13964;2062;1669
2227;23 jaar;Ongehuwd;2032;73243;55216;18027;14250;2084;1693
2228;23 jaar;Ongehuwd;2033;73136;55186;17950;14177;2088;1685
2229;23 jaar;Ongehuwd;2034;72812;54988;17824;14059;2087;1678
2230;23 jaar;Ongehuwd;2035;71464;53966;17498;13811;2038;1649
2231;23 jaar;Ongehuwd;2036;70443;53219;17224;13582;2011;1631
2232;23 jaar;Ongehuwd;2037;70589;53317;17272;13620;2015;1637
2233;23 jaar;Ongehuwd;2038;70895;53524;17371;13703;2023;1645
2234;23 jaar;Ongehuwd;2039;71478;53926;17552;13855;2039;1658
2235;23 jaar;Ongehuwd;2040;71983;54268;17715;13992;2054;1669
2236;23 jaar;Ongehuwd;2041;72629;54710;17919;14166;2071;1682
2237;23 jaar;Ongehuwd;2042;73088;55014;18074;14299;2084;1691
2238;23 jaar;Ongehuwd;2043;73553;55324;18229;14433;2096;1700
2239;23 jaar;Ongehuwd;2044;73974;55602;18372;14556;2107;1709
2240;23 jaar;Ongehuwd;2045;74393;55881;18512;14676;2119;1717
2241;23 jaar;Ongehuwd;2046;74685;56071;18614;14766;2126;1722
2242;23 jaar;Ongehuwd;2047;74963;56249;18714;14853;2134;1727
2243;23 jaar;Ongehuwd;2048;75271;56448;18823;14947;2143;1733
2244;23 jaar;Ongehuwd;2049;75466;56567;18899;15015;2148;1736
2245;23 jaar;Ongehuwd;2050;75608;56648;18960;15070;2152;1738
2246;23 jaar;Ongehuwd;2051;75743;56725;19018;15122;2156;1740
2247;23 jaar;Ongehuwd;2052;75855;56786;19069;15169;2158;1742
2248;23 jaar;Ongehuwd;2053;75925;56820;19105;15202;2161;1742
2249;23 jaar;Ongehuwd;2054;75933;56810;19123;15221;2161;1741
2250;23 jaar;Ongehuwd;2055;75879;56758;19121;15224;2159;1738
2251;23 jaar;Ongehuwd;2056;75744;56648;19096;15207;2155;1734
2252;23 jaar;Ongehuwd;2057;75546;56495;19051;15172;2150;1729
2253;23 jaar;Ongehuwd;2058;75284;56298;18986;15121;2143;1722
2254;23 jaar;Ongehuwd;2059;74974;56068;18906;15058;2134;1714
2255;23 jaar;Ongehuwd;2060;74635;55820;18815;14984;2124;1707
2256;23 jaar;Wettig gehuwd plus partnerschap;2013;3318;373;2945;2805;120;20
2257;23 jaar;Wettig gehuwd plus partnerschap;2014;3381;390;2991;2851;120;20
2258;23 jaar;Wettig gehuwd plus partnerschap;2015;3486;386;3100;2962;119;19
2259;23 jaar;Wettig gehuwd plus partnerschap;2016;3623;378;3245;3101;125;19
2260;23 jaar;Wettig gehuwd plus partnerschap;2017;3696;375;3321;3171;130;20
2261;23 jaar;Wettig gehuwd plus partnerschap;2018;3756;379;3377;3222;135;20
2262;23 jaar;Wettig gehuwd plus partnerschap;2019;3697;374;3323;3168;135;20
2263;23 jaar;Wettig gehuwd plus partnerschap;2020;3685;373;3312;3159;133;20
2264;23 jaar;Wettig gehuwd plus partnerschap;2021;3669;376;3293;3138;135;20
2265;23 jaar;Wettig gehuwd plus partnerschap;2022;3732;386;3346;3187;138;21
2266;23 jaar;Wettig gehuwd plus partnerschap;2023;3729;388;3341;3182;138;21
2267;23 jaar;Wettig gehuwd plus partnerschap;2024;3758;395;3363;3201;141;21
2268;23 jaar;Wettig gehuwd plus partnerschap;2025;3713;390;3323;3163;139;21
2269;23 jaar;Wettig gehuwd plus partnerschap;2026;3686;387;3299;3142;137;20
2270;23 jaar;Wettig gehuwd plus partnerschap;2027;3670;386;3284;3128;136;20
2271;23 jaar;Wettig gehuwd plus partnerschap;2028;3578;377;3201;3048;134;19
2272;23 jaar;Wettig gehuwd plus partnerschap;2029;3506;367;3139;2989;131;19
2273;23 jaar;Wettig gehuwd plus partnerschap;2030;3483;365;3118;2969;129;20
2274;23 jaar;Wettig gehuwd plus partnerschap;2031;3429;360;3069;2923;127;19
2275;23 jaar;Wettig gehuwd plus partnerschap;2032;3479;365;3114;2965;129;20
2276;23 jaar;Wettig gehuwd plus partnerschap;2033;3469;365;3104;2956;129;19
2277;23 jaar;Wettig gehuwd plus partnerschap;2034;3450;363;3087;2939;129;19
2278;23 jaar;Wettig gehuwd plus partnerschap;2035;3406;357;3049;2904;127;18
2279;23 jaar;Wettig gehuwd plus partnerschap;2036;3366;353;3013;2869;125;19
2280;23 jaar;Wettig gehuwd plus partnerschap;2037;3372;354;3018;2874;125;19
2281;23 jaar;Wettig gehuwd plus partnerschap;2038;3383;355;3028;2883;126;19
2282;23 jaar;Wettig gehuwd plus partnerschap;2039;3406;358;3048;2902;127;19
2283;23 jaar;Wettig gehuwd plus partnerschap;2040;3426;360;3066;2920;127;19
2284;23 jaar;Wettig gehuwd plus partnerschap;2041;3452;363;3089;2941;128;20
2285;23 jaar;Wettig gehuwd plus partnerschap;2042;3471;365;3106;2957;129;20
2286;23 jaar;Wettig gehuwd plus partnerschap;2043;3492;367;3125;2974;131;20
2287;23 jaar;Wettig gehuwd plus partnerschap;2044;3508;368;3140;2989;131;20
2288;23 jaar;Wettig gehuwd plus partnerschap;2045;3528;371;3157;3005;132;20
2289;23 jaar;Wettig gehuwd plus partnerschap;2046;3541;372;3169;3017;132;20
2290;23 jaar;Wettig gehuwd plus partnerschap;2047;3554;373;3181;3029;132;20
2291;23 jaar;Wettig gehuwd plus partnerschap;2048;3569;375;3194;3041;133;20
2292;23 jaar;Wettig gehuwd plus partnerschap;2049;3578;376;3202;3049;133;20
2293;23 jaar;Wettig gehuwd plus partnerschap;2050;3586;377;3209;3056;133;20
2294;23 jaar;Wettig gehuwd plus partnerschap;2051;3593;378;3215;3061;134;20
2295;23 jaar;Wettig gehuwd plus partnerschap;2052;3598;378;3220;3066;134;20
2296;23 jaar;Wettig gehuwd plus partnerschap;2053;3601;378;3223;3069;134;20
2297;23 jaar;Wettig gehuwd plus partnerschap;2054;3603;378;3225;3071;134;20
2298;23 jaar;Wettig gehuwd plus partnerschap;2055;3601;378;3223;3069;134;20
2299;23 jaar;Wettig gehuwd plus partnerschap;2056;3595;377;3218;3064;134;20
2300;23 jaar;Wettig gehuwd plus partnerschap;2057;3586;376;3210;3057;133;20
2301;23 jaar;Wettig gehuwd plus partnerschap;2058;3576;375;3201;3048;133;20
2302;23 jaar;Wettig gehuwd plus partnerschap;2059;3563;373;3190;3037;133;20
2303;23 jaar;Wettig gehuwd plus partnerschap;2060;3550;372;3178;3026;132;20
2304;23 jaar;Verweduwd;2013;9;5;4;0;4;0
2305;23 jaar;Verweduwd;2014;9;4;5;0;5;0
2306;23 jaar;Verweduwd;2015;5;3;2;0;2;0
2307;23 jaar;Verweduwd;2016;6;3;3;0;3;0
2308;23 jaar;Verweduwd;2017;6;3;3;0;3;0
2309;23 jaar;Verweduwd;2018;6;3;3;0;3;0
2310;23 jaar;Verweduwd;2019;6;3;3;0;3;0
2311;23 jaar;Verweduwd;2020;6;3;3;0;3;0
2312;23 jaar;Verweduwd;2021;6;3;3;0;3;0
2313;23 jaar;Verweduwd;2022;6;3;3;0;3;0
2314;23 jaar;Verweduwd;2023;6;3;3;0;3;0
2315;23 jaar;Verweduwd;2024;6;3;3;0;3;0
2316;23 jaar;Verweduwd;2025;6;3;3;0;3;0
2317;23 jaar;Verweduwd;2026;6;3;3;0;3;0
2318;23 jaar;Verweduwd;2027;6;3;3;0;3;0
2319;23 jaar;Verweduwd;2028;6;3;3;0;3;0
2320;23 jaar;Verweduwd;2029;6;3;3;0;3;0
2321;23 jaar;Verweduwd;2030;6;3;3;0;3;0
2322;23 jaar;Verweduwd;2031;6;3;3;0;3;0
2323;23 jaar;Verweduwd;2032;6;3;3;0;3;0
2324;23 jaar;Verweduwd;2033;6;3;3;0;3;0
2325;23 jaar;Verweduwd;2034;6;3;3;0;3;0
2326;23 jaar;Verweduwd;2035;6;3;3;0;3;0
2327;23 jaar;Verweduwd;2036;6;3;3;0;3;0
2328;23 jaar;Verweduwd;2037;6;3;3;0;3;0
2329;23 jaar;Verweduwd;2038;6;3;3;0;3;0
2330;23 jaar;Verweduwd;2039;6;3;3;0;3;0
2331;23 jaar;Verweduwd;2040;6;3;3;0;3;0
2332;23 jaar;Verweduwd;2041;6;3;3;0;3;0
2333;23 jaar;Verweduwd;2042;6;3;3;0;3;0
2334;23 jaar;Verweduwd;2043;6;3;3;0;3;0
2335;23 jaar;Verweduwd;2044;6;3;3;0;3;0
2336;23 jaar;Verweduwd;2045;6;3;3;0;3;0
2337;23 jaar;Verweduwd;2046;6;3;3;0;3;0
2338;23 jaar;Verweduwd;2047;6;3;3;0;3;0
2339;23 jaar;Verweduwd;2048;6;3;3;0;3;0
2340;23 jaar;Verweduwd;2049;6;3;3;0;3;0
2341;23 jaar;Verweduwd;2050;6;3;3;0;3;0
2342;23 jaar;Verweduwd;2051;6;3;3;0;3;0
2343;23 jaar;Verweduwd;2052;6;3;3;0;3;0
2344;23 jaar;Verweduwd;2053;6;3;3;0;3;0
2345;23 jaar;Verweduwd;2054;6;3;3;0;3;0
2346;23 jaar;Verweduwd;2055;6;3;3;0;3;0
2347;23 jaar;Verweduwd;2056;6;3;3;0;3;0
2348;23 jaar;Verweduwd;2057;6;3;3;0;3;0
2349;23 jaar;Verweduwd;2058;6;3;3;0;3;0
2350;23 jaar;Verweduwd;2059;6;3;3;0;3;0
2351;23 jaar;Verweduwd;2060;6;3;3;0;3;0
2352;23 jaar;Gescheiden;2013;253;129;124;14;99;11
2353;23 jaar;Gescheiden;2014;270;138;132;22;98;12
2354;23 jaar;Gescheiden;2015;293;149;144;26;106;12
2355;23 jaar;Gescheiden;2016;314;157;157;30;114;13
2356;23 jaar;Gescheiden;2017;327;162;165;33;118;14
2357;23 jaar;Gescheiden;2018;346;169;177;36;127;14
2358;23 jaar;Gescheiden;2019;349;168;181;36;131;14
2359;23 jaar;Gescheiden;2020;350;167;183;36;132;15
2360;23 jaar;Gescheiden;2021;353;169;184;36;133;15
2361;23 jaar;Gescheiden;2022;359;173;186;36;135;15
2362;23 jaar;Gescheiden;2023;359;174;185;36;135;14
2363;23 jaar;Gescheiden;2024;365;177;188;36;138;14
2364;23 jaar;Gescheiden;2025;360;174;186;36;136;14
2365;23 jaar;Gescheiden;2026;358;173;185;36;135;14
2366;23 jaar;Gescheiden;2027;355;172;183;35;134;14
2367;23 jaar;Gescheiden;2028;348;168;180;35;131;14
2368;23 jaar;Gescheiden;2029;339;164;175;34;128;13
2369;23 jaar;Gescheiden;2030;334;162;172;33;126;13
2370;23 jaar;Gescheiden;2031;331;161;170;33;124;13
2371;23 jaar;Gescheiden;2032;335;163;172;33;126;13
2372;23 jaar;Gescheiden;2033;336;163;173;33;127;13
2373;23 jaar;Gescheiden;2034;333;162;171;33;125;13
2374;23 jaar;Gescheiden;2035;329;160;169;33;123;13
2375;23 jaar;Gescheiden;2036;324;157;167;33;121;13
2376;23 jaar;Gescheiden;2037;326;158;168;33;122;13
2377;23 jaar;Gescheiden;2038;326;158;168;33;122;13
2378;23 jaar;Gescheiden;2039;328;159;169;33;123;13
2379;23 jaar;Gescheiden;2040;330;160;170;33;124;13
2380;23 jaar;Gescheiden;2041;332;161;171;33;125;13
2381;23 jaar;Gescheiden;2042;334;162;172;33;126;13
2382;23 jaar;Gescheiden;2043;337;164;173;33;127;13
2383;23 jaar;Gescheiden;2044;338;164;174;34;127;13
2384;23 jaar;Gescheiden;2045;341;165;176;35;128;13
2385;23 jaar;Gescheiden;2046;341;165;176;35;128;13
2386;23 jaar;Gescheiden;2047;345;167;178;35;129;14
2387;23 jaar;Gescheiden;2048;345;167;178;35;129;14
2388;23 jaar;Gescheiden;2049;346;167;179;35;130;14
2389;23 jaar;Gescheiden;2050;347;168;179;35;130;14
2390;23 jaar;Gescheiden;2051;347;168;179;35;130;14
2391;23 jaar;Gescheiden;2052;347;168;179;35;130;14
2392;23 jaar;Gescheiden;2053;347;168;179;35;130;14
2393;23 jaar;Gescheiden;2054;347;168;179;35;130;14
2394;23 jaar;Gescheiden;2055;347;168;179;35;130;14
2395;23 jaar;Gescheiden;2056;347;168;179;35;130;14
2396;23 jaar;Gescheiden;2057;347;168;179;35;130;14
2397;23 jaar;Gescheiden;2058;345;167;178;35;129;14
2398;23 jaar;Gescheiden;2059;345;167;178;35;129;14
2399;23 jaar;Gescheiden;2060;341;165;176;35;128;13
2400;24 jaar;Totaal burgerlijke staat;2013;87993;59937;28056;22803;3216;2037
2401;24 jaar;Totaal burgerlijke staat;2014;88428;60199;28229;23037;3254;1938
2402;24 jaar;Totaal burgerlijke staat;2015;91542;61721;29821;24649;3229;1943
2403;24 jaar;Totaal burgerlijke staat;2016;91795;61057;30738;25587;3223;1928
2404;24 jaar;Totaal burgerlijke staat;2017;91398;60173;31225;26177;3134;1914
2405;24 jaar;Totaal burgerlijke staat;2018;90955;59622;31333;26335;3096;1902
2406;24 jaar;Totaal burgerlijke staat;2019;91551;59932;31619;26594;3103;1922
2407;24 jaar;Totaal burgerlijke staat;2020;89852;58876;30976;26031;3049;1896
2408;24 jaar;Totaal burgerlijke staat;2021;90003;58941;31062;26132;3027;1903
2409;24 jaar;Totaal burgerlijke staat;2022;90577;59503;31074;26093;3065;1916
2410;24 jaar;Totaal burgerlijke staat;2023;93164;61200;31964;26871;3131;1962
2411;24 jaar;Totaal burgerlijke staat;2024;93829;61674;32155;27033;3148;1974
2412;24 jaar;Totaal burgerlijke staat;2025;95613;62973;32640;27407;3225;2008
2413;24 jaar;Totaal burgerlijke staat;2026;94334;62199;32135;26978;3178;1979
2414;24 jaar;Totaal burgerlijke staat;2027;93591;61782;31809;26696;3151;1962
2415;24 jaar;Totaal burgerlijke staat;2028;93165;61585;31580;26487;3137;1956
2416;24 jaar;Totaal burgerlijke staat;2029;90402;59886;30516;25551;3056;1909
2417;24 jaar;Totaal burgerlijke staat;2030;88099;58401;29698;24857;2973;1868
2418;24 jaar;Totaal burgerlijke staat;2031;87269;57876;29393;24600;2939;1854
2419;24 jaar;Totaal burgerlijke staat;2032;85800;57009;28791;24061;2908;1822
2420;24 jaar;Totaal burgerlijke staat;2033;87213;57899;29314;24530;2939;1845
2421;24 jaar;Totaal burgerlijke staat;2034;87081;57867;29214;24426;2945;1843
2422;24 jaar;Totaal burgerlijke staat;2035;86683;57654;29029;24248;2942;1839
2423;24 jaar;Totaal burgerlijke staat;2036;85151;56598;28553;23865;2877;1811
2424;24 jaar;Totaal burgerlijke staat;2037;83949;55811;28138;23509;2840;1789
2425;24 jaar;Totaal burgerlijke staat;2038;84134;55915;28219;23581;2845;1793
2426;24 jaar;Totaal burgerlijke staat;2039;84505;56130;28375;23717;2857;1801
2427;24 jaar;Totaal burgerlijke staat;2040;85203;56550;28653;23960;2879;1814
2428;24 jaar;Totaal burgerlijke staat;2041;85810;56908;28902;24178;2899;1825
2429;24 jaar;Totaal burgerlijke staat;2042;86581;57372;29209;24447;2923;1839
2430;24 jaar;Totaal burgerlijke staat;2043;87127;57688;29439;24649;2941;1849
2431;24 jaar;Totaal burgerlijke staat;2044;87686;58012;29674;24855;2960;1859
2432;24 jaar;Totaal burgerlijke staat;2045;88186;58304;29882;25040;2974;1868
2433;24 jaar;Totaal burgerlijke staat;2046;88689;58596;30093;25225;2991;1877
2434;24 jaar;Totaal burgerlijke staat;2047;89041;58793;30248;25363;3002;1883
2435;24 jaar;Totaal burgerlijke staat;2048;89381;58981;30400;25499;3013;1888
2436;24 jaar;Totaal burgerlijke staat;2049;89747;59187;30560;25640;3025;1895
2437;24 jaar;Totaal burgerlijke staat;2050;89980;59312;30668;25739;3031;1898
2438;24 jaar;Totaal burgerlijke staat;2051;90154;59396;30758;25820;3037;1901
2439;24 jaar;Totaal burgerlijke staat;2052;90318;59479;30839;25894;3043;1902
2440;24 jaar;Totaal burgerlijke staat;2053;90454;59544;30910;25960;3046;1904
2441;24 jaar;Totaal burgerlijke staat;2054;90541;59581;30960;26005;3050;1905
2442;24 jaar;Totaal burgerlijke staat;2055;90550;59570;30980;26026;3050;1904
2443;24 jaar;Totaal burgerlijke staat;2056;90486;59516;30970;26022;3047;1901
2444;24 jaar;Totaal burgerlijke staat;2057;90329;59403;30926;25986;3043;1897
2445;24 jaar;Totaal burgerlijke staat;2058;90095;59244;30851;25924;3036;1891
2446;24 jaar;Totaal burgerlijke staat;2059;89785;59041;30744;25835;3025;1884
2447;24 jaar;Totaal burgerlijke staat;2060;89423;58806;30617;25728;3013;1876
2448;24 jaar;Ongehuwd;2013;82120;59271;22849;18015;2846;1988
2449;24 jaar;Ongehuwd;2014;82558;59505;23053;18263;2900;1890
2450;24 jaar;Ongehuwd;2015;85469;61002;24467;19695;2880;1892
2451;24 jaar;Ongehuwd;2016;85551;60331;25220;20470;2872;1878
2452;24 jaar;Ongehuwd;2017;84977;59439;25538;20906;2769;1863
2453;24 jaar;Ongehuwd;2018;84443;58881;25562;20992;2720;1850
2454;24 jaar;Ongehuwd;2019;84949;59180;25769;21189;2711;1869
2455;24 jaar;Ongehuwd;2020;83364;58136;25228;20727;2657;1844
2456;24 jaar;Ongehuwd;2021;83524;58201;25323;20837;2635;1851
2457;24 jaar;Ongehuwd;2022;84119;58756;25363;20829;2671;1863
2458;24 jaar;Ongehuwd;2023;86581;60436;26145;21506;2730;1909
2459;24 jaar;Ongehuwd;2024;87235;60905;26330;21664;2745;1921
2460;24 jaar;Ongehuwd;2025;88953;62190;26763;21995;2815;1953
2461;24 jaar;Ongehuwd;2026;87756;61427;26329;21630;2774;1925
2462;24 jaar;Ongehuwd;2027;87059;61014;26045;21386;2750;1909
2463;24 jaar;Ongehuwd;2028;86662;60819;25843;21201;2739;1903
2464;24 jaar;Ongehuwd;2029;84071;59139;24932;20407;2668;1857
2465;24 jaar;Ongehuwd;2030;81898;57672;24226;19816;2593;1817
2466;24 jaar;Ongehuwd;2031;81114;57153;23961;19594;2564;1803
2467;24 jaar;Ongehuwd;2032;79747;56297;23450;19141;2536;1773
2468;24 jaar;Ongehuwd;2033;81066;57176;23890;19532;2564;1794
2469;24 jaar;Ongehuwd;2034;80950;57144;23806;19445;2569;1792
2470;24 jaar;Ongehuwd;2035;80586;56934;23652;19297;2567;1788
2471;24 jaar;Ongehuwd;2036;79135;55889;23246;18976;2508;1762
2472;24 jaar;Ongehuwd;2037;78004;55112;22892;18677;2475;1740
2473;24 jaar;Ongehuwd;2038;78179;55214;22965;18741;2480;1744
2474;24 jaar;Ongehuwd;2039;78527;55426;23101;18859;2490;1752
2475;24 jaar;Ongehuwd;2040;79184;55842;23342;19067;2510;1765
2476;24 jaar;Ongehuwd;2041;79752;56195;23557;19254;2527;1776
2477;24 jaar;Ongehuwd;2042;80472;56652;23820;19482;2549;1789
2478;24 jaar;Ongehuwd;2043;80984;56965;24019;19656;2565;1798
2479;24 jaar;Ongehuwd;2044;81504;57285;24219;19830;2581;1808
2480;24 jaar;Ongehuwd;2045;81971;57573;24398;19987;2594;1817
2481;24 jaar;Ongehuwd;2046;82439;57861;24578;20143;2609;1826
2482;24 jaar;Ongehuwd;2047;82765;58055;24710;20260;2618;1832
2483;24 jaar;Ongehuwd;2048;83080;58240;24840;20374;2629;1837
2484;24 jaar;Ongehuwd;2049;83421;58444;24977;20495;2639;1843
2485;24 jaar;Ongehuwd;2050;83637;58567;25070;20579;2645;1846
2486;24 jaar;Ongehuwd;2051;83798;58650;25148;20649;2650;1849
2487;24 jaar;Ongehuwd;2052;83949;58731;25218;20713;2655;1850
2488;24 jaar;Ongehuwd;2053;84076;58796;25280;20770;2658;1852
2489;24 jaar;Ongehuwd;2054;84155;58832;25323;20810;2661;1852
2490;24 jaar;Ongehuwd;2055;84163;58821;25342;20830;2661;1851
2491;24 jaar;Ongehuwd;2056;84104;58767;25337;20830;2659;1848
2492;24 jaar;Ongehuwd;2057;83957;58656;25301;20801;2655;1845
2493;24 jaar;Ongehuwd;2058;83740;58499;25241;20752;2649;1840
2494;24 jaar;Ongehuwd;2059;83450;58298;25152;20680;2639;1833
2495;24 jaar;Ongehuwd;2060;83110;58065;25045;20591;2629;1825
2496;24 jaar;Wettig gehuwd plus partnerschap;2013;5412;433;4979;4760;191;28
2497;24 jaar;Wettig gehuwd plus partnerschap;2014;5401;454;4947;4746;174;27
2498;24 jaar;Wettig gehuwd plus partnerschap;2015;5585;469;5116;4917;171;28
2499;24 jaar;Wettig gehuwd plus partnerschap;2016;5736;467;5269;5075;167;27
2500;24 jaar;Wettig gehuwd plus partnerschap;2017;5887;465;5422;5225;170;27
2501;24 jaar;Wettig gehuwd plus partnerschap;2018;5962;466;5496;5293;176;27
2502;24 jaar;Wettig gehuwd plus partnerschap;2019;6030;469;5561;5353;180;28
2503;24 jaar;Wettig gehuwd plus partnerschap;2020;5920;461;5459;5253;179;27
2504;24 jaar;Wettig gehuwd plus partnerschap;2021;5911;461;5450;5245;178;27
2505;24 jaar;Wettig gehuwd plus partnerschap;2022;5885;465;5420;5214;178;28
2506;24 jaar;Wettig gehuwd plus partnerschap;2023;5999;476;5523;5313;182;28
2507;24 jaar;Wettig gehuwd plus partnerschap;2024;6007;479;5528;5317;183;28
2508;24 jaar;Wettig gehuwd plus partnerschap;2025;6063;488;5575;5360;186;29
2509;24 jaar;Wettig gehuwd plus partnerschap;2026;5990;481;5509;5296;184;29
2510;24 jaar;Wettig gehuwd plus partnerschap;2027;5949;479;5470;5259;183;28
2511;24 jaar;Wettig gehuwd plus partnerschap;2028;5922;478;5444;5235;181;28
2512;24 jaar;Wettig gehuwd plus partnerschap;2029;5766;466;5300;5095;177;28
2513;24 jaar;Wettig gehuwd plus partnerschap;2030;5648;455;5193;4992;174;27
2514;24 jaar;Wettig gehuwd plus partnerschap;2031;5607;452;5155;4957;171;27
2515;24 jaar;Wettig gehuwd plus partnerschap;2032;5514;445;5069;4873;170;26
2516;24 jaar;Wettig gehuwd plus partnerschap;2033;5599;452;5147;4949;171;27
2517;24 jaar;Wettig gehuwd plus partnerschap;2034;5582;451;5131;4932;172;27
2518;24 jaar;Wettig gehuwd plus partnerschap;2035;5552;450;5102;4904;171;27
2519;24 jaar;Wettig gehuwd plus partnerschap;2036;5480;443;5037;4842;169;26
2520;24 jaar;Wettig gehuwd plus partnerschap;2037;5415;437;4978;4785;167;26
2521;24 jaar;Wettig gehuwd plus partnerschap;2038;5425;439;4986;4793;167;26
2522;24 jaar;Wettig gehuwd plus partnerschap;2039;5445;440;5005;4811;168;26
2523;24 jaar;Wettig gehuwd plus partnerschap;2040;5484;443;5041;4846;169;26
2524;24 jaar;Wettig gehuwd plus partnerschap;2041;5519;446;5073;4877;170;26
2525;24 jaar;Wettig gehuwd plus partnerschap;2042;5565;450;5115;4917;171;27
2526;24 jaar;Wettig gehuwd plus partnerschap;2043;5596;452;5144;4945;172;27
2527;24 jaar;Wettig gehuwd plus partnerschap;2044;5631;454;5177;4976;174;27
2528;24 jaar;Wettig gehuwd plus partnerschap;2045;5662;457;5205;5004;174;27
2529;24 jaar;Wettig gehuwd plus partnerschap;2046;5695;460;5235;5033;175;27
2530;24 jaar;Wettig gehuwd plus partnerschap;2047;5719;462;5257;5054;176;27
2531;24 jaar;Wettig gehuwd plus partnerschap;2048;5741;463;5278;5075;176;27
2532;24 jaar;Wettig gehuwd plus partnerschap;2049;5765;465;5300;5095;177;28
2533;24 jaar;Wettig gehuwd plus partnerschap;2050;5781;466;5315;5110;177;28
2534;24 jaar;Wettig gehuwd plus partnerschap;2051;5793;467;5326;5121;177;28
2535;24 jaar;Wettig gehuwd plus partnerschap;2052;5804;467;5337;5131;178;28
2536;24 jaar;Wettig gehuwd plus partnerschap;2053;5813;467;5346;5140;178;28
2537;24 jaar;Wettig gehuwd plus partnerschap;2054;5819;468;5351;5145;178;28
2538;24 jaar;Wettig gehuwd plus partnerschap;2055;5820;468;5352;5146;178;28
2539;24 jaar;Wettig gehuwd plus partnerschap;2056;5816;468;5348;5142;178;28
2540;24 jaar;Wettig gehuwd plus partnerschap;2057;5807;466;5341;5135;178;28
2541;24 jaar;Wettig gehuwd plus partnerschap;2058;5792;466;5326;5122;177;27
2542;24 jaar;Wettig gehuwd plus partnerschap;2059;5773;464;5309;5105;177;27
2543;24 jaar;Wettig gehuwd plus partnerschap;2060;5753;463;5290;5087;176;27
2544;24 jaar;Verweduwd;2013;15;8;7;0;7;0
2545;24 jaar;Verweduwd;2014;12;6;6;0;6;0
2546;24 jaar;Verweduwd;2015;11;5;6;0;6;0
2547;24 jaar;Verweduwd;2016;10;5;5;0;5;0
2548;24 jaar;Verweduwd;2017;12;6;6;0;6;0
2549;24 jaar;Verweduwd;2018;11;5;6;0;6;0
2550;24 jaar;Verweduwd;2019;11;5;6;0;6;0
2551;24 jaar;Verweduwd;2020;11;5;6;0;6;0
2552;24 jaar;Verweduwd;2021;11;5;6;0;6;0
2553;24 jaar;Verweduwd;2022;11;5;6;0;6;0
2554;24 jaar;Verweduwd;2023;10;5;5;0;5;0
2555;24 jaar;Verweduwd;2024;10;5;5;0;5;0
2556;24 jaar;Verweduwd;2025;10;5;5;0;5;0
2557;24 jaar;Verweduwd;2026;9;5;4;0;4;0
2558;24 jaar;Verweduwd;2027;9;5;4;0;4;0
2559;24 jaar;Verweduwd;2028;9;5;4;0;4;0
2560;24 jaar;Verweduwd;2029;9;5;4;0;4;0
2561;24 jaar;Verweduwd;2030;9;5;4;0;4;0
2562;24 jaar;Verweduwd;2031;9;5;4;0;4;0
2563;24 jaar;Verweduwd;2032;8;4;4;0;4;0
2564;24 jaar;Verweduwd;2033;8;4;4;0;4;0
2565;24 jaar;Verweduwd;2034;8;4;4;0;4;0
2566;24 jaar;Verweduwd;2035;8;4;4;0;4;0
2567;24 jaar;Verweduwd;2036;8;4;4;0;4;0
2568;24 jaar;Verweduwd;2037;8;4;4;0;4;0
2569;24 jaar;Verweduwd;2038;8;4;4;0;4;0
2570;24 jaar;Verweduwd;2039;8;4;4;0;4;0
2571;24 jaar;Verweduwd;2040;8;4;4;0;4;0
2572;24 jaar;Verweduwd;2041;8;4;4;0;4;0
2573;24 jaar;Verweduwd;2042;8;4;4;0;4;0
2574;24 jaar;Verweduwd;2043;8;4;4;0;4;0
2575;24 jaar;Verweduwd;2044;8;4;4;0;4;0
2576;24 jaar;Verweduwd;2045;8;4;4;0;4;0
2577;24 jaar;Verweduwd;2046;8;4;4;0;4;0
2578;24 jaar;Verweduwd;2047;8;4;4;0;4;0
2579;24 jaar;Verweduwd;2048;8;4;4;0;4;0
2580;24 jaar;Verweduwd;2049;8;4;4;0;4;0
2581;24 jaar;Verweduwd;2050;8;4;4;0;4;0
2582;24 jaar;Verweduwd;2051;8;4;4;0;4;0
2583;24 jaar;Verweduwd;2052;8;4;4;0;4;0
2584;24 jaar;Verweduwd;2053;8;4;4;0;4;0
2585;24 jaar;Verweduwd;2054;8;4;4;0;4;0
2586;24 jaar;Verweduwd;2055;8;4;4;0;4;0
2587;24 jaar;Verweduwd;2056;8;4;4;0;4;0
2588;24 jaar;Verweduwd;2057;8;4;4;0;4;0
2589;24 jaar;Verweduwd;2058;8;4;4;0;4;0
2590;24 jaar;Verweduwd;2059;8;4;4;0;4;0
2591;24 jaar;Verweduwd;2060;8;4;4;0;4;0
2592;24 jaar;Gescheiden;2013;446;225;221;28;172;21
2593;24 jaar;Gescheiden;2014;457;234;223;28;174;21
2594;24 jaar;Gescheiden;2015;477;245;232;37;172;23
2595;24 jaar;Gescheiden;2016;498;254;244;42;179;23
2596;24 jaar;Gescheiden;2017;522;263;259;46;189;24
2597;24 jaar;Gescheiden;2018;539;270;269;50;194;25
2598;24 jaar;Gescheiden;2019;561;278;283;52;206;25
2599;24 jaar;Gescheiden;2020;557;274;283;51;207;25
2600;24 jaar;Gescheiden;2021;557;274;283;50;208;25
2601;24 jaar;Gescheiden;2022;562;277;285;50;210;25
2602;24 jaar;Gescheiden;2023;574;283;291;52;214;25
2603;24 jaar;Gescheiden;2024;577;285;292;52;215;25
2604;24 jaar;Gescheiden;2025;587;290;297;52;219;26
2605;24 jaar;Gescheiden;2026;579;286;293;52;216;25
2606;24 jaar;Gescheiden;2027;574;284;290;51;214;25
2607;24 jaar;Gescheiden;2028;572;283;289;51;213;25
2608;24 jaar;Gescheiden;2029;556;276;280;49;207;24
2609;24 jaar;Gescheiden;2030;544;269;275;49;202;24
2610;24 jaar;Gescheiden;2031;539;266;273;49;200;24
2611;24 jaar;Gescheiden;2032;531;263;268;47;198;23
2612;24 jaar;Gescheiden;2033;540;267;273;49;200;24
2613;24 jaar;Gescheiden;2034;541;268;273;49;200;24
2614;24 jaar;Gescheiden;2035;537;266;271;47;200;24
2615;24 jaar;Gescheiden;2036;528;262;266;47;196;23
2616;24 jaar;Gescheiden;2037;522;258;264;47;194;23
2617;24 jaar;Gescheiden;2038;522;258;264;47;194;23
2618;24 jaar;Gescheiden;2039;525;260;265;47;195;23
2619;24 jaar;Gescheiden;2040;527;261;266;47;196;23
2620;24 jaar;Gescheiden;2041;531;263;268;47;198;23
2621;24 jaar;Gescheiden;2042;536;266;270;48;199;23
2622;24 jaar;Gescheiden;2043;539;267;272;48;200;24
2623;24 jaar;Gescheiden;2044;543;269;274;49;201;24
2624;24 jaar;Gescheiden;2045;545;270;275;49;202;24
2625;24 jaar;Gescheiden;2046;547;271;276;49;203;24
2626;24 jaar;Gescheiden;2047;549;272;277;49;204;24
2627;24 jaar;Gescheiden;2048;552;274;278;50;204;24
2628;24 jaar;Gescheiden;2049;553;274;279;50;205;24
2629;24 jaar;Gescheiden;2050;554;275;279;50;205;24
2630;24 jaar;Gescheiden;2051;555;275;280;50;206;24
2631;24 jaar;Gescheiden;2052;557;277;280;50;206;24
2632;24 jaar;Gescheiden;2053;557;277;280;50;206;24
2633;24 jaar;Gescheiden;2054;559;277;282;50;207;25
2634;24 jaar;Gescheiden;2055;559;277;282;50;207;25
2635;24 jaar;Gescheiden;2056;558;277;281;50;206;25
2636;24 jaar;Gescheiden;2057;557;277;280;50;206;24
2637;24 jaar;Gescheiden;2058;555;275;280;50;206;24
2638;24 jaar;Gescheiden;2059;554;275;279;50;205;24
2639;24 jaar;Gescheiden;2060;552;274;278;50;204;24
2640;25 jaar;Totaal burgerlijke staat;2013;97561;60848;36713;30716;3847;2150
2641;25 jaar;Totaal burgerlijke staat;2014;97308;60722;36586;30692;3837;2057
2642;25 jaar;Totaal burgerlijke staat;2015;98107;60690;37417;31541;3855;2021
2643;25 jaar;Totaal burgerlijke staat;2016;101954;62108;39846;33917;3857;2072
2644;25 jaar;Totaal burgerlijke staat;2017;102172;61644;40528;34626;3847;2055
2645;25 jaar;Totaal burgerlijke staat;2018;101659;60869;40790;35009;3748;2033
2646;25 jaar;Totaal burgerlijke staat;2019;101051;60377;40674;34952;3707;2015
2647;25 jaar;Totaal burgerlijke staat;2020;101584;60656;40928;35194;3709;2025
2648;25 jaar;Totaal burgerlijke staat;2021;99559;59516;40043;34414;3641;1988
2649;25 jaar;Totaal burgerlijke staat;2022;99701;59560;40141;34534;3615;1992
2650;25 jaar;Totaal burgerlijke staat;2023;100245;60094;40151;34478;3663;2010
2651;25 jaar;Totaal burgerlijke staat;2024;103178;61861;41317;35498;3747;2072
2652;25 jaar;Totaal burgerlijke staat;2025;103934;62373;41561;35705;3765;2091
2653;25 jaar;Totaal burgerlijke staat;2026;105891;63704;42187;36192;3859;2136
2654;25 jaar;Totaal burgerlijke staat;2027;104497;62948;41549;35636;3803;2110
2655;25 jaar;Totaal burgerlijke staat;2028;103688;62545;41143;35277;3771;2095
2656;25 jaar;Totaal burgerlijke staat;2029;103223;62359;40864;35022;3754;2088
2657;25 jaar;Totaal burgerlijke staat;2030;100154;60640;39514;33825;3661;2028
2658;25 jaar;Totaal burgerlijke staat;2031;97619;59144;38475;32939;3560;1976
2659;25 jaar;Totaal burgerlijke staat;2032;96721;58620;38101;32622;3520;1959
2660;25 jaar;Totaal burgerlijke staat;2033;95076;57733;37343;31932;3483;1928
2661;25 jaar;Totaal burgerlijke staat;2034;96695;58653;38042;32559;3520;1963
2662;25 jaar;Totaal burgerlijke staat;2035;96538;58614;37924;32434;3528;1962
2663;25 jaar;Totaal burgerlijke staat;2036;96086;58393;37693;32212;3527;1954
2664;25 jaar;Totaal burgerlijke staat;2037;94415;57324;37091;31725;3448;1918
2665;25 jaar;Totaal burgerlijke staat;2038;93084;56522;36562;31271;3402;1889
2666;25 jaar;Totaal burgerlijke staat;2039;93299;56622;36677;31375;3410;1892
2667;25 jaar;Totaal burgerlijke staat;2040;93716;56833;36883;31559;3424;1900
2668;25 jaar;Totaal burgerlijke staat;2041;94506;57257;37249;31882;3451;1916
2669;25 jaar;Totaal burgerlijke staat;2042;95182;57615;37567;32164;3474;1929
2670;25 jaar;Totaal burgerlijke staat;2043;96039;58081;37958;32510;3504;1944
2671;25 jaar;Totaal burgerlijke staat;2044;96645;58397;38248;32768;3525;1955
2672;25 jaar;Totaal burgerlijke staat;2045;97264;58724;38540;33029;3545;1966
2673;25 jaar;Totaal burgerlijke staat;2046;97828;59019;38809;33266;3567;1976
2674;25 jaar;Totaal burgerlijke staat;2047;98388;59314;39074;33503;3586;1985
2675;25 jaar;Totaal burgerlijke staat;2048;98776;59507;39269;33678;3600;1991
2676;25 jaar;Totaal burgerlijke staat;2049;99152;59694;39458;33847;3613;1998
2677;25 jaar;Totaal burgerlijke staat;2050;99558;59903;39655;34026;3625;2004
2678;25 jaar;Totaal burgerlijke staat;2051;99820;60026;39794;34149;3636;2009
2679;25 jaar;Totaal burgerlijke staat;2052;100010;60109;39901;34249;3641;2011
2680;25 jaar;Totaal burgerlijke staat;2053;100193;60193;40000;34339;3647;2014
2681;25 jaar;Totaal burgerlijke staat;2054;100345;60258;40087;34419;3652;2016
2682;25 jaar;Totaal burgerlijke staat;2055;100438;60296;40142;34470;3655;2017
2683;25 jaar;Totaal burgerlijke staat;2056;100453;60288;40165;34492;3656;2017
2684;25 jaar;Totaal burgerlijke staat;2057;100379;60230;40149;34481;3653;2015
2685;25 jaar;Totaal burgerlijke staat;2058;100210;60122;40088;34429;3648;2011
2686;25 jaar;Totaal burgerlijke staat;2059;99948;59963;39985;34341;3639;2005
2687;25 jaar;Totaal burgerlijke staat;2060;99609;59762;39847;34221;3628;1998
2688;25 jaar;Ongehuwd;2013;88576;59970;28606;23211;3307;2088
2689;25 jaar;Ongehuwd;2014;88436;59830;28606;23307;3305;1994
2690;25 jaar;Ongehuwd;2015;89105;59771;29334;24032;3345;1957
2691;25 jaar;Ongehuwd;2016;92601;61157;31444;26085;3354;2005
2692;25 jaar;Ongehuwd;2017;92615;60682;31933;26601;3344;1988
2693;25 jaar;Ongehuwd;2018;91909;59899;32010;26815;3230;1965
2694;25 jaar;Ongehuwd;2019;91229;59399;31830;26706;3177;1947
2695;25 jaar;Ongehuwd;2020;91657;59666;31991;26872;3164;1955
2696;25 jaar;Ongehuwd;2021;89816;58541;31275;26257;3099;1919
2697;25 jaar;Ongehuwd;2022;89965;58587;31378;26381;3074;1923
2698;25 jaar;Ongehuwd;2023;90531;59113;31418;26361;3117;1940
2699;25 jaar;Ongehuwd;2024;93249;60855;32394;27205;3189;2000
2700;25 jaar;Ongehuwd;2025;93980;61362;32618;27393;3206;2019
2701;25 jaar;Ongehuwd;2026;95829;62673;33156;27803;3289;2064
2702;25 jaar;Ongehuwd;2027;94554;61930;32624;27345;3241;2038
2703;25 jaar;Ongehuwd;2028;93815;61533;32282;27046;3213;2023
2704;25 jaar;Ongehuwd;2029;93397;61349;32048;26831;3201;2016
2705;25 jaar;Ongehuwd;2030;90592;59656;30936;25859;3119;1958
2706;25 jaar;Ongehuwd;2031;88265;58184;30081;25141;3032;1908
2707;25 jaar;Ongehuwd;2032;87439;57667;29772;24883;2998;1891
2708;25 jaar;Ongehuwd;2033;85949;56793;29156;24329;2965;1862
2709;25 jaar;Ongehuwd;2034;87423;57699;29724;24831;2998;1895
2710;25 jaar;Ongehuwd;2035;87289;57660;29629;24731;3004;1894
2711;25 jaar;Ongehuwd;2036;86886;57442;29444;24553;3003;1888
2712;25 jaar;Ongehuwd;2037;85340;56390;28950;24164;2934;1852
2713;25 jaar;Ongehuwd;2038;84122;55600;28522;23802;2895;1825
2714;25 jaar;Ongehuwd;2039;84319;55698;28621;23891;2902;1828
2715;25 jaar;Ongehuwd;2040;84698;55906;28792;24043;2914;1835
2716;25 jaar;Ongehuwd;2041;85418;56323;29095;24308;2937;1850
2717;25 jaar;Ongehuwd;2042;86033;56675;29358;24538;2957;1863
2718;25 jaar;Ongehuwd;2043;86813;57134;29679;24818;2983;1878
2719;25 jaar;Ongehuwd;2044;87362;57444;29918;25028;3001;1889
2720;25 jaar;Ongehuwd;2045;87920;57765;30155;25238;3019;1898
2721;25 jaar;Ongehuwd;2046;88427;58055;30372;25428;3036;1908
2722;25 jaar;Ongehuwd;2047;88933;58344;30589;25619;3053;1917
2723;25 jaar;Ongehuwd;2048;89281;58533;30748;25760;3065;1923
2724;25 jaar;Ongehuwd;2049;89619;58718;30901;25895;3076;1930
2725;25 jaar;Ongehuwd;2050;89987;58922;31065;26041;3088;1936
2726;25 jaar;Ongehuwd;2051;90220;59044;31176;26140;3096;1940
2727;25 jaar;Ongehuwd;2052;90389;59125;31264;26222;3101;1941
2728;25 jaar;Ongehuwd;2053;90554;59207;31347;26296;3107;1944
2729;25 jaar;Ongehuwd;2054;90691;59271;31420;26363;3111;1946
2730;25 jaar;Ongehuwd;2055;90775;59307;31468;26407;3114;1947
2731;25 jaar;Ongehuwd;2056;90789;59299;31490;26428;3115;1947
2732;25 jaar;Ongehuwd;2057;90725;59245;31480;26423;3112;1945
2733;25 jaar;Ongehuwd;2058;90568;59136;31432;26384;3107;1941
2734;25 jaar;Ongehuwd;2059;90333;58980;31353;26318;3100;1935
2735;25 jaar;Ongehuwd;2060;90025;58782;31243;26223;3090;1930
2736;25 jaar;Wettig gehuwd plus partnerschap;2013;8273;521;7752;7457;260;35
2737;25 jaar;Wettig gehuwd plus partnerschap;2014;8156;532;7624;7334;255;35
2738;25 jaar;Wettig gehuwd plus partnerschap;2015;8278;552;7726;7453;238;35
2739;25 jaar;Wettig gehuwd plus partnerschap;2016;8604;570;8034;7765;232;37
2740;25 jaar;Wettig gehuwd plus partnerschap;2017;8791;571;8220;7954;230;36
2741;25 jaar;Wettig gehuwd plus partnerschap;2018;8956;569;8387;8118;233;36
2742;25 jaar;Wettig gehuwd plus partnerschap;2019;9012;570;8442;8168;238;36
2743;25 jaar;Wettig gehuwd plus partnerschap;2020;9095;574;8521;8242;242;37
2744;25 jaar;Wettig gehuwd plus partnerschap;2021;8917;565;8352;8078;238;36
2745;25 jaar;Wettig gehuwd plus partnerschap;2022;8911;564;8347;8074;237;36
2746;25 jaar;Wettig gehuwd plus partnerschap;2023;8882;568;8314;8038;239;37
2747;25 jaar;Wettig gehuwd plus partnerschap;2024;9078;583;8495;8212;245;38
2748;25 jaar;Wettig gehuwd plus partnerschap;2025;9100;586;8514;8231;245;38
2749;25 jaar;Wettig gehuwd plus partnerschap;2026;9193;597;8596;8308;250;38
2750;25 jaar;Wettig gehuwd plus partnerschap;2027;9086;591;8495;8210;247;38
2751;25 jaar;Wettig gehuwd plus partnerschap;2028;9021;588;8433;8150;245;38
2752;25 jaar;Wettig gehuwd plus partnerschap;2029;8980;587;8393;8112;243;38
2753;25 jaar;Wettig gehuwd plus partnerschap;2030;8735;572;8163;7888;238;37
2754;25 jaar;Wettig gehuwd plus partnerschap;2031;8548;558;7990;7722;232;36
2755;25 jaar;Wettig gehuwd plus partnerschap;2032;8483;554;7929;7663;230;36
2756;25 jaar;Wettig gehuwd plus partnerschap;2033;8338;546;7792;7529;228;35
2757;25 jaar;Wettig gehuwd plus partnerschap;2034;8473;555;7918;7652;230;36
2758;25 jaar;Wettig gehuwd plus partnerschap;2035;8449;555;7894;7627;231;36
2759;25 jaar;Wettig gehuwd plus partnerschap;2036;8403;553;7850;7584;231;35
2760;25 jaar;Wettig gehuwd plus partnerschap;2037;8292;543;7749;7487;227;35
2761;25 jaar;Wettig gehuwd plus partnerschap;2038;8188;536;7652;7395;223;34
2762;25 jaar;Wettig gehuwd plus partnerschap;2039;8206;538;7668;7410;224;34
2763;25 jaar;Wettig gehuwd plus partnerschap;2040;8241;539;7702;7442;225;35
2764;25 jaar;Wettig gehuwd plus partnerschap;2041;8306;544;7762;7500;227;35
2765;25 jaar;Wettig gehuwd plus partnerschap;2042;8361;547;7814;7551;228;35
2766;25 jaar;Wettig gehuwd plus partnerschap;2043;8434;552;7882;7617;230;35
2767;25 jaar;Wettig gehuwd plus partnerschap;2044;8485;554;7931;7665;231;35
2768;25 jaar;Wettig gehuwd plus partnerschap;2045;8540;558;7982;7714;232;36
2769;25 jaar;Wettig gehuwd plus partnerschap;2046;8592;561;8031;7761;234;36
2770;25 jaar;Wettig gehuwd plus partnerschap;2047;8642;564;8078;7807;235;36
2771;25 jaar;Wettig gehuwd plus partnerschap;2048;8679;566;8113;7841;236;36
2772;25 jaar;Wettig gehuwd plus partnerschap;2049;8715;568;8147;7874;237;36
2773;25 jaar;Wettig gehuwd plus partnerschap;2050;8751;571;8180;7907;237;36
2774;25 jaar;Wettig gehuwd plus partnerschap;2051;8775;571;8204;7930;238;36
2775;25 jaar;Wettig gehuwd plus partnerschap;2052;8795;572;8223;7948;238;37
2776;25 jaar;Wettig gehuwd plus partnerschap;2053;8813;573;8240;7964;239;37
2777;25 jaar;Wettig gehuwd plus partnerschap;2054;8827;574;8253;7977;239;37
2778;25 jaar;Wettig gehuwd plus partnerschap;2055;8834;574;8260;7984;239;37
2779;25 jaar;Wettig gehuwd plus partnerschap;2056;8835;574;8261;7985;239;37
2780;25 jaar;Wettig gehuwd plus partnerschap;2057;8828;573;8255;7979;239;37
2781;25 jaar;Wettig gehuwd plus partnerschap;2058;8815;573;8242;7966;239;37
2782;25 jaar;Wettig gehuwd plus partnerschap;2059;8790;571;8219;7944;238;37
2783;25 jaar;Wettig gehuwd plus partnerschap;2060;8763;570;8193;7919;238;36
2784;25 jaar;Verweduwd;2013;15;7;8;0;8;0
2785;25 jaar;Verweduwd;2014;19;10;9;0;9;0
2786;25 jaar;Verweduwd;2015;17;8;9;0;9;0
2787;25 jaar;Verweduwd;2016;18;8;10;0;10;0
2788;25 jaar;Verweduwd;2017;15;8;7;0;7;0
2789;25 jaar;Verweduwd;2018;16;8;8;0;8;0
2790;25 jaar;Verweduwd;2019;16;8;8;0;8;0
2791;25 jaar;Verweduwd;2020;16;8;8;0;8;0
2792;25 jaar;Verweduwd;2021;16;8;8;0;8;0
2793;25 jaar;Verweduwd;2022;16;8;8;0;8;0
2794;25 jaar;Verweduwd;2023;16;8;8;0;8;0
2795;25 jaar;Verweduwd;2024;16;8;8;0;8;0
2796;25 jaar;Verweduwd;2025;16;8;8;0;8;0
2797;25 jaar;Verweduwd;2026;16;8;8;0;8;0
2798;25 jaar;Verweduwd;2027;15;7;8;0;8;0
2799;25 jaar;Verweduwd;2028;15;7;8;0;8;0
2800;25 jaar;Verweduwd;2029;14;7;7;0;7;0
2801;25 jaar;Verweduwd;2030;14;7;7;0;7;0
2802;25 jaar;Verweduwd;2031;14;7;7;0;7;0
2803;25 jaar;Verweduwd;2032;14;7;7;0;7;0
2804;25 jaar;Verweduwd;2033;14;7;7;0;7;0
2805;25 jaar;Verweduwd;2034;14;7;7;0;7;0
2806;25 jaar;Verweduwd;2035;14;7;7;0;7;0
2807;25 jaar;Verweduwd;2036;14;7;7;0;7;0
2808;25 jaar;Verweduwd;2037;14;7;7;0;7;0
2809;25 jaar;Verweduwd;2038;14;7;7;0;7;0
2810;25 jaar;Verweduwd;2039;13;6;7;0;7;0
2811;25 jaar;Verweduwd;2040;14;7;7;0;7;0
2812;25 jaar;Verweduwd;2041;13;6;7;0;7;0
2813;25 jaar;Verweduwd;2042;14;7;7;0;7;0
2814;25 jaar;Verweduwd;2043;13;6;7;0;7;0
2815;25 jaar;Verweduwd;2044;14;7;7;0;7;0
2816;25 jaar;Verweduwd;2045;14;7;7;0;7;0
2817;25 jaar;Verweduwd;2046;14;7;7;0;7;0
2818;25 jaar;Verweduwd;2047;14;7;7;0;7;0
2819;25 jaar;Verweduwd;2048;14;7;7;0;7;0
2820;25 jaar;Verweduwd;2049;14;7;7;0;7;0
2821;25 jaar;Verweduwd;2050;13;7;6;0;6;0
2822;25 jaar;Verweduwd;2051;14;7;7;0;7;0
2823;25 jaar;Verweduwd;2052;14;7;7;0;7;0
2824;25 jaar;Verweduwd;2053;13;7;6;0;6;0
2825;25 jaar;Verweduwd;2054;13;7;6;0;6;0
2826;25 jaar;Verweduwd;2055;13;7;6;0;6;0
2827;25 jaar;Verweduwd;2056;13;7;6;0;6;0
2828;25 jaar;Verweduwd;2057;12;6;6;0;6;0
2829;25 jaar;Verweduwd;2058;13;7;6;0;6;0
2830;25 jaar;Verweduwd;2059;12;6;6;0;6;0
2831;25 jaar;Verweduwd;2060;12;6;6;0;6;0
2832;25 jaar;Gescheiden;2013;697;350;347;48;272;27
2833;25 jaar;Gescheiden;2014;697;350;347;51;268;28
2834;25 jaar;Gescheiden;2015;707;359;348;56;263;29
2835;25 jaar;Gescheiden;2016;731;373;358;67;261;30
2836;25 jaar;Gescheiden;2017;751;383;368;71;266;31
2837;25 jaar;Gescheiden;2018;778;393;385;76;277;32
2838;25 jaar;Gescheiden;2019;794;400;394;78;284;32
2839;25 jaar;Gescheiden;2020;816;408;408;80;295;33
2840;25 jaar;Gescheiden;2021;810;402;408;79;296;33
2841;25 jaar;Gescheiden;2022;809;401;408;79;296;33
2842;25 jaar;Gescheiden;2023;816;405;411;79;299;33
2843;25 jaar;Gescheiden;2024;835;415;420;81;305;34
2844;25 jaar;Gescheiden;2025;838;417;421;81;306;34
2845;25 jaar;Gescheiden;2026;853;426;427;81;312;34
2846;25 jaar;Gescheiden;2027;842;420;422;81;307;34
2847;25 jaar;Gescheiden;2028;837;417;420;81;305;34
2848;25 jaar;Gescheiden;2029;832;416;416;79;303;34
2849;25 jaar;Gescheiden;2030;813;405;408;78;297;33
2850;25 jaar;Gescheiden;2031;792;395;397;76;289;32
2851;25 jaar;Gescheiden;2032;785;392;393;76;285;32
2852;25 jaar;Gescheiden;2033;775;387;388;74;283;31
2853;25 jaar;Gescheiden;2034;785;392;393;76;285;32
2854;25 jaar;Gescheiden;2035;786;392;394;76;286;32
2855;25 jaar;Gescheiden;2036;783;391;392;75;286;31
2856;25 jaar;Gescheiden;2037;769;384;385;74;280;31
2857;25 jaar;Gescheiden;2038;760;379;381;74;277;30
2858;25 jaar;Gescheiden;2039;761;380;381;74;277;30
2859;25 jaar;Gescheiden;2040;763;381;382;74;278;30
2860;25 jaar;Gescheiden;2041;769;384;385;74;280;31
2861;25 jaar;Gescheiden;2042;774;386;388;75;282;31
2862;25 jaar;Gescheiden;2043;779;389;390;75;284;31
2863;25 jaar;Gescheiden;2044;784;392;392;75;286;31
2864;25 jaar;Gescheiden;2045;790;394;396;77;287;32
2865;25 jaar;Gescheiden;2046;795;396;399;77;290;32
2866;25 jaar;Gescheiden;2047;799;399;400;77;291;32
2867;25 jaar;Gescheiden;2048;802;401;401;77;292;32
2868;25 jaar;Gescheiden;2049;804;401;403;78;293;32
2869;25 jaar;Gescheiden;2050;807;403;404;78;294;32
2870;25 jaar;Gescheiden;2051;811;404;407;79;295;33
2871;25 jaar;Gescheiden;2052;812;405;407;79;295;33
2872;25 jaar;Gescheiden;2053;813;406;407;79;295;33
2873;25 jaar;Gescheiden;2054;814;406;408;79;296;33
2874;25 jaar;Gescheiden;2055;816;408;408;79;296;33
2875;25 jaar;Gescheiden;2056;816;408;408;79;296;33
2876;25 jaar;Gescheiden;2057;814;406;408;79;296;33
2877;25 jaar;Gescheiden;2058;814;406;408;79;296;33
2878;25 jaar;Gescheiden;2059;813;406;407;79;295;33
2879;25 jaar;Gescheiden;2060;809;404;405;79;294;32
2880;26 jaar;Totaal burgerlijke staat;2013;105175;60196;44979;38058;4794;2127
2881;26 jaar;Totaal burgerlijke staat;2014;106179;61212;44967;38393;4557;2017
2882;26 jaar;Totaal burgerlijke staat;2015;106119;60880;45239;38750;4526;1963
2883;26 jaar;Totaal burgerlijke staat;2016;107377;60912;46465;39974;4537;1954
2884;26 jaar;Totaal burgerlijke staat;2017;111638;62576;49062;42476;4578;2008
2885;26 jaar;Totaal burgerlijke staat;2018;111824;62228;49596;43035;4565;1996
2886;26 jaar;Totaal burgerlijke staat;2019;111159;61519;49640;43207;4459;1974
2887;26 jaar;Totaal burgerlijke staat;2020;110409;61037;49372;43003;4412;1957
2888;26 jaar;Totaal burgerlijke staat;2021;110904;61285;49619;43240;4414;1965
2889;26 jaar;Totaal burgerlijke staat;2022;108609;60084;48525;42269;4328;1928
2890;26 jaar;Totaal burgerlijke staat;2023;108754;60125;48629;42402;4296;1931
2891;26 jaar;Totaal burgerlijke staat;2024;109299;60658;48641;42334;4357;1950
2892;26 jaar;Totaal burgerlijke staat;2025;112522;62484;50038;43569;4458;2011
2893;26 jaar;Totaal burgerlijke staat;2026;113363;63030;50333;43821;4481;2031
2894;26 jaar;Totaal burgerlijke staat;2027;115467;64388;51079;44414;4593;2072
2895;26 jaar;Totaal burgerlijke staat;2028;113973;63647;50326;43754;4526;2046
2896;26 jaar;Totaal burgerlijke staat;2029;113116;63256;49860;43338;4488;2034
2897;26 jaar;Totaal burgerlijke staat;2030;112630;63075;49555;43056;4473;2026
2898;26 jaar;Totaal burgerlijke staat;2031;109287;61333;47954;41627;4358;1969
2899;26 jaar;Totaal burgerlijke staat;2032;106560;59828;46732;40572;4240;1920
2900;26 jaar;Totaal burgerlijke staat;2033;105606;59304;46302;40204;4195;1903
2901;26 jaar;Totaal burgerlijke staat;2034;103797;58396;45401;39376;4149;1876
2902;26 jaar;Totaal burgerlijke staat;2035;105594;59337;46257;40153;4195;1909
2903;26 jaar;Totaal burgerlijke staat;2036;105417;59292;46125;40015;4203;1907
2904;26 jaar;Totaal burgerlijke staat;2037;104912;59055;45857;39759;4200;1898
2905;26 jaar;Totaal burgerlijke staat;2038;103126;57976;45150;39180;4107;1863
2906;26 jaar;Totaal burgerlijke staat;2039;101678;57153;44525;38637;4052;1836
2907;26 jaar;Totaal burgerlijke staat;2040;101917;57245;44672;38770;4062;1840
2908;26 jaar;Totaal burgerlijke staat;2041;102377;57454;44923;38997;4079;1847
2909;26 jaar;Totaal burgerlijke staat;2042;103236;57876;45360;39387;4111;1862
2910;26 jaar;Totaal burgerlijke staat;2043;103968;58232;45736;39724;4139;1873
2911;26 jaar;Totaal burgerlijke staat;2044;104900;58697;46203;40139;4175;1889
2912;26 jaar;Totaal burgerlijke staat;2045;105556;59013;46543;40444;4201;1898
2913;26 jaar;Totaal burgerlijke staat;2046;106227;59339;46888;40755;4225;1908
2914;26 jaar;Totaal burgerlijke staat;2047;106834;59632;47202;41036;4248;1918
2915;26 jaar;Totaal burgerlijke staat;2048;107441;59924;47517;41319;4271;1927
2916;26 jaar;Totaal burgerlijke staat;2049;107862;60115;47747;41525;4289;1933
2917;26 jaar;Totaal burgerlijke staat;2050;108270;60302;47968;41725;4304;1939
2918;26 jaar;Totaal burgerlijke staat;2051;108710;60509;48201;41936;4320;1945
2919;26 jaar;Totaal burgerlijke staat;2052;108990;60632;48358;42079;4330;1949
2920;26 jaar;Totaal burgerlijke staat;2053;109198;60713;48485;42193;4340;1952
2921;26 jaar;Totaal burgerlijke staat;2054;109393;60795;48598;42297;4347;1954
2922;26 jaar;Totaal burgerlijke staat;2055;109553;60859;48694;42386;4352;1956
2923;26 jaar;Totaal burgerlijke staat;2056;109659;60900;48759;42443;4358;1958
2924;26 jaar;Totaal burgerlijke staat;2057;109673;60892;48781;42465;4359;1957
2925;26 jaar;Totaal burgerlijke staat;2058;109595;60839;48756;42446;4355;1955
2926;26 jaar;Totaal burgerlijke staat;2059;109407;60730;48677;42377;4348;1952
2927;26 jaar;Totaal burgerlijke staat;2060;109122;60571;48551;42266;4338;1947
2928;26 jaar;Ongehuwd;2013;92590;59071;33519;27431;4034;2054
2929;26 jaar;Ongehuwd;2014;93557;60055;33502;27748;3812;1942
2930;26 jaar;Ongehuwd;2015;93540;59714;33826;28136;3803;1887
2931;26 jaar;Ongehuwd;2016;94585;59719;34866;29144;3845;1877
2932;26 jaar;Ongehuwd;2017;98318;61345;36973;31158;3887;1928
2933;26 jaar;Ongehuwd;2018;98263;60985;37278;31491;3872;1915
2934;26 jaar;Ongehuwd;2019;97409;60266;37143;31497;3753;1893
2935;26 jaar;Ongehuwd;2020;96607;59777;36830;31262;3693;1875
2936;26 jaar;Ongehuwd;2021;96985;60012;36973;31413;3678;1882
2937;26 jaar;Ongehuwd;2022;94961;58831;36130;30685;3599;1846
2938;26 jaar;Ongehuwd;2023;95104;58874;36230;30811;3570;1849
2939;26 jaar;Ongehuwd;2024;95670;59398;36272;30782;3622;1868
2940;26 jaar;Ongehuwd;2025;98573;61191;37382;31747;3709;1926
2941;26 jaar;Ongehuwd;2026;99363;61728;37635;31960;3730;1945
2942;26 jaar;Ongehuwd;2027;101298;63061;38237;32426;3826;1985
2943;26 jaar;Ongehuwd;2028;99975;62334;37641;31910;3770;1961
2944;26 jaar;Ongehuwd;2029;99219;61950;37269;31581;3739;1949
2945;26 jaar;Ongehuwd;2030;98794;61773;37021;31354;3726;1941
2946;26 jaar;Ongehuwd;2031;95836;60064;35772;30257;3629;1886
2947;26 jaar;Ongehuwd;2032;93405;58590;34815;29448;3528;1839
2948;26 jaar;Ongehuwd;2033;92552;58075;34477;29166;3489;1822
2949;26 jaar;Ongehuwd;2034;90968;57185;33783;28535;3451;1797
2950;26 jaar;Ongehuwd;2035;92553;58108;34445;29128;3489;1828
2951;26 jaar;Ongehuwd;2036;92410;58063;34347;29023;3497;1827
2952;26 jaar;Ongehuwd;2037;91973;57830;34143;28830;3495;1818
2953;26 jaar;Ongehuwd;2038;90363;56771;33592;28392;3416;1784
2954;26 jaar;Ongehuwd;2039;89076;55965;33111;27983;3370;1758
2955;26 jaar;Ongehuwd;2040;89285;56056;33229;28089;3378;1762
2956;26 jaar;Ongehuwd;2041;89688;56260;33428;28267;3392;1769
2957;26 jaar;Ongehuwd;2042;90443;56673;33770;28568;3419;1783
2958;26 jaar;Ongehuwd;2043;91086;57022;34064;28827;3443;1794
2959;26 jaar;Ongehuwd;2044;91905;57476;34429;29147;3473;1809
2960;26 jaar;Ongehuwd;2045;92475;57785;34690;29377;3495;1818
2961;26 jaar;Ongehuwd;2046;93061;58104;34957;29613;3516;1828
2962;26 jaar;Ongehuwd;2047;93588;58389;35199;29826;3536;1837
2963;26 jaar;Ongehuwd;2048;94117;58675;35442;30041;3555;1846
2964;26 jaar;Ongehuwd;2049;94479;58862;35617;30197;3569;1851
2965;26 jaar;Ongehuwd;2050;94832;59044;35788;30349;3582;1857
2966;26 jaar;Ongehuwd;2051;95216;59246;35970;30511;3596;1863
2967;26 jaar;Ongehuwd;2052;95459;59366;36093;30621;3605;1867
2968;26 jaar;Ongehuwd;2053;95638;59446;36192;30710;3613;1869
2969;26 jaar;Ongehuwd;2054;95805;59525;36280;30790;3619;1871
2970;26 jaar;Ongehuwd;2055;95947;59589;36358;30861;3624;1873
2971;26 jaar;Ongehuwd;2056;96040;59628;36412;30909;3628;1875
2972;26 jaar;Ongehuwd;2057;96053;59620;36433;30930;3629;1874
2973;26 jaar;Ongehuwd;2058;95984;59567;36417;30919;3626;1872
2974;26 jaar;Ongehuwd;2059;95821;59461;36360;30871;3620;1869
2975;26 jaar;Ongehuwd;2060;95571;59305;36266;30790;3611;1865
2976;26 jaar;Wettig gehuwd plus partnerschap;2013;11586;647;10939;10530;367;42
2977;26 jaar;Wettig gehuwd plus partnerschap;2014;11555;634;10921;10551;331;39
2978;26 jaar;Wettig gehuwd plus partnerschap;2015;11504;640;10864;10511;314;39
2979;26 jaar;Wettig gehuwd plus partnerschap;2016;11712;658;11054;10719;295;40
2980;26 jaar;Wettig gehuwd plus partnerschap;2017;12206;675;11531;11196;294;41
2981;26 jaar;Wettig gehuwd plus partnerschap;2018;12426;677;11749;11416;292;41
2982;26 jaar;Wettig gehuwd plus partnerschap;2019;12590;678;11912;11577;294;41
2983;26 jaar;Wettig gehuwd plus partnerschap;2020;12624;678;11946;11607;298;41
2984;26 jaar;Wettig gehuwd plus partnerschap;2021;12717;683;12034;11690;302;42
2985;26 jaar;Wettig gehuwd plus partnerschap;2022;12460;671;11789;11450;298;41
2986;26 jaar;Wettig gehuwd plus partnerschap;2023;12465;671;11794;11457;296;41
2987;26 jaar;Wettig gehuwd plus partnerschap;2024;12433;675;11758;11417;300;41
2988;26 jaar;Wettig gehuwd plus partnerschap;2025;12725;693;12032;11684;305;43
2989;26 jaar;Wettig gehuwd plus partnerschap;2026;12771;698;12073;11723;306;44
2990;26 jaar;Wettig gehuwd plus partnerschap;2027;12917;711;12206;11849;313;44
2991;26 jaar;Wettig gehuwd plus partnerschap;2028;12762;704;12058;11706;309;43
2992;26 jaar;Wettig gehuwd plus partnerschap;2029;12670;701;11969;11620;306;43
2993;26 jaar;Wettig gehuwd plus partnerschap;2030;12612;699;11913;11565;305;43
2994;26 jaar;Wettig gehuwd plus partnerschap;2031;12259;681;11578;11238;298;42
2995;26 jaar;Wettig gehuwd plus partnerschap;2032;11993;666;11327;10995;291;41
2996;26 jaar;Wettig gehuwd plus partnerschap;2033;11900;661;11239;10909;289;41
2997;26 jaar;Wettig gehuwd plus partnerschap;2034;11690;651;11039;10714;285;40
2998;26 jaar;Wettig gehuwd plus partnerschap;2035;11887;661;11226;10896;289;41
2999;26 jaar;Wettig gehuwd plus partnerschap;2036;11852;660;11192;10863;289;40
3000;26 jaar;Wettig gehuwd plus partnerschap;2037;11787;658;11129;10801;288;40
3001;26 jaar;Wettig gehuwd plus partnerschap;2038;11633;648;10985;10662;283;40
3002;26 jaar;Wettig gehuwd plus partnerschap;2039;11488;640;10848;10529;280;39
3003;26 jaar;Wettig gehuwd plus partnerschap;2040;11515;640;10875;10555;281;39
3004;26 jaar;Wettig gehuwd plus partnerschap;2041;11568;643;10925;10604;282;39
3005;26 jaar;Wettig gehuwd plus partnerschap;2042;11664;648;11016;10692;284;40
3006;26 jaar;Wettig gehuwd plus partnerschap;2043;11746;652;11094;10769;285;40
3007;26 jaar;Wettig gehuwd plus partnerschap;2044;11850;658;11192;10864;288;40
3008;26 jaar;Wettig gehuwd plus partnerschap;2045;11928;661;11267;10937;290;40
3009;26 jaar;Wettig gehuwd plus partnerschap;2046;12008;665;11343;11012;291;40
3010;26 jaar;Wettig gehuwd plus partnerschap;2047;12081;669;11412;11079;292;41
3011;26 jaar;Wettig gehuwd plus partnerschap;2048;12155;673;11482;11147;294;41
3012;26 jaar;Wettig gehuwd plus partnerschap;2049;12207;675;11532;11195;296;41
3013;26 jaar;Wettig gehuwd plus partnerschap;2050;12258;677;11581;11243;297;41
3014;26 jaar;Wettig gehuwd plus partnerschap;2051;12310;680;11630;11291;298;41
3015;26 jaar;Wettig gehuwd plus partnerschap;2052;12344;681;11663;11324;298;41
3016;26 jaar;Wettig gehuwd plus partnerschap;2053;12372;682;11690;11349;299;42
3017;26 jaar;Wettig gehuwd plus partnerschap;2054;12396;683;11713;11372;299;42
3018;26 jaar;Wettig gehuwd plus partnerschap;2055;12413;683;11730;11389;299;42
3019;26 jaar;Wettig gehuwd plus partnerschap;2056;12424;684;11740;11398;300;42
3020;26 jaar;Wettig gehuwd plus partnerschap;2057;12425;684;11741;11399;300;42
3021;26 jaar;Wettig gehuwd plus partnerschap;2058;12417;684;11733;11391;300;42
3022;26 jaar;Wettig gehuwd plus partnerschap;2059;12393;682;11711;11370;299;42
3023;26 jaar;Wettig gehuwd plus partnerschap;2060;12361;681;11680;11340;299;41
3024;26 jaar;Verweduwd;2013;41;20;21;1;20;0
3025;26 jaar;Verweduwd;2014;23;12;11;0;11;0
3026;26 jaar;Verweduwd;2015;29;15;14;1;13;0
3027;26 jaar;Verweduwd;2016;25;13;12;0;12;0
3028;26 jaar;Verweduwd;2017;26;13;13;0;13;0
3029;26 jaar;Verweduwd;2018;23;12;11;0;11;0
3030;26 jaar;Verweduwd;2019;24;12;12;0;12;0
3031;26 jaar;Verweduwd;2020;24;12;12;0;12;0
3032;26 jaar;Verweduwd;2021;24;12;12;0;12;0
3033;26 jaar;Verweduwd;2022;23;12;11;0;11;0
3034;26 jaar;Verweduwd;2023;23;12;11;0;11;0
3035;26 jaar;Verweduwd;2024;23;12;11;0;11;0
3036;26 jaar;Verweduwd;2025;23;12;11;0;11;0
3037;26 jaar;Verweduwd;2026;23;12;11;0;11;0
3038;26 jaar;Verweduwd;2027;23;12;11;0;11;0
3039;26 jaar;Verweduwd;2028;22;12;10;0;10;0
3040;26 jaar;Verweduwd;2029;22;12;10;0;10;0
3041;26 jaar;Verweduwd;2030;22;12;10;0;10;0
3042;26 jaar;Verweduwd;2031;22;12;10;0;10;0
3043;26 jaar;Verweduwd;2032;21;11;10;0;10;0
3044;26 jaar;Verweduwd;2033;21;11;10;0;10;0
3045;26 jaar;Verweduwd;2034;21;11;10;0;10;0
3046;26 jaar;Verweduwd;2035;21;11;10;0;10;0
3047;26 jaar;Verweduwd;2036;21;11;10;0;10;0
3048;26 jaar;Verweduwd;2037;21;11;10;0;10;0
3049;26 jaar;Verweduwd;2038;20;11;9;0;9;0
3050;26 jaar;Verweduwd;2039;19;10;9;0;9;0
3051;26 jaar;Verweduwd;2040;19;10;9;0;9;0
3052;26 jaar;Verweduwd;2041;19;10;9;0;9;0
3053;26 jaar;Verweduwd;2042;19;10;9;0;9;0
3054;26 jaar;Verweduwd;2043;19;10;9;0;9;0
3055;26 jaar;Verweduwd;2044;19;10;9;0;9;0
3056;26 jaar;Verweduwd;2045;19;10;9;0;9;0
3057;26 jaar;Verweduwd;2046;19;10;9;0;9;0
3058;26 jaar;Verweduwd;2047;19;10;9;0;9;0
3059;26 jaar;Verweduwd;2048;19;10;9;0;9;0
3060;26 jaar;Verweduwd;2049;19;10;9;0;9;0
3061;26 jaar;Verweduwd;2050;19;10;9;0;9;0
3062;26 jaar;Verweduwd;2051;19;10;9;0;9;0
3063;26 jaar;Verweduwd;2052;19;10;9;0;9;0
3064;26 jaar;Verweduwd;2053;19;10;9;0;9;0
3065;26 jaar;Verweduwd;2054;19;10;9;0;9;0
3066;26 jaar;Verweduwd;2055;19;10;9;0;9;0
3067;26 jaar;Verweduwd;2056;19;10;9;0;9;0
3068;26 jaar;Verweduwd;2057;19;10;9;0;9;0
3069;26 jaar;Verweduwd;2058;19;10;9;0;9;0
3070;26 jaar;Verweduwd;2059;19;10;9;0;9;0
3071;26 jaar;Verweduwd;2060;19;10;9;0;9;0
3072;26 jaar;Gescheiden;2013;958;458;500;96;373;31
3073;26 jaar;Gescheiden;2014;1044;511;533;94;403;36
3074;26 jaar;Gescheiden;2015;1046;511;535;102;396;37
3075;26 jaar;Gescheiden;2016;1055;522;533;111;385;37
3076;26 jaar;Gescheiden;2017;1088;543;545;122;384;39
3077;26 jaar;Gescheiden;2018;1112;554;558;128;390;40
3078;26 jaar;Gescheiden;2019;1136;563;573;133;400;40
3079;26 jaar;Gescheiden;2020;1154;570;584;134;409;41
3080;26 jaar;Gescheiden;2021;1178;578;600;137;422;41
3081;26 jaar;Gescheiden;2022;1165;570;595;134;420;41
3082;26 jaar;Gescheiden;2023;1162;568;594;134;419;41
3083;26 jaar;Gescheiden;2024;1173;573;600;135;424;41
3084;26 jaar;Gescheiden;2025;1201;588;613;138;433;42
3085;26 jaar;Gescheiden;2026;1206;592;614;138;434;42
3086;26 jaar;Gescheiden;2027;1229;604;625;139;443;43
3087;26 jaar;Gescheiden;2028;1214;597;617;138;437;42
3088;26 jaar;Gescheiden;2029;1205;593;612;137;433;42
3089;26 jaar;Gescheiden;2030;1202;591;611;137;432;42
3090;26 jaar;Gescheiden;2031;1170;576;594;132;421;41
3091;26 jaar;Gescheiden;2032;1141;561;580;129;411;40
3092;26 jaar;Gescheiden;2033;1133;557;576;129;407;40
3093;26 jaar;Gescheiden;2034;1118;549;569;127;403;39
3094;26 jaar;Gescheiden;2035;1133;557;576;129;407;40
3095;26 jaar;Gescheiden;2036;1134;558;576;129;407;40
3096;26 jaar;Gescheiden;2037;1131;556;575;128;407;40
3097;26 jaar;Gescheiden;2038;1110;546;564;126;399;39
3098;26 jaar;Gescheiden;2039;1095;538;557;125;393;39
3099;26 jaar;Gescheiden;2040;1098;539;559;126;394;39
3100;26 jaar;Gescheiden;2041;1102;541;561;126;396;39
3101;26 jaar;Gescheiden;2042;1110;545;565;127;399;39
3102;26 jaar;Gescheiden;2043;1117;548;569;128;402;39
3103;26 jaar;Gescheiden;2044;1126;553;573;128;405;40
3104;26 jaar;Gescheiden;2045;1134;557;577;130;407;40
3105;26 jaar;Gescheiden;2046;1139;560;579;130;409;40
3106;26 jaar;Gescheiden;2047;1146;564;582;131;411;40
3107;26 jaar;Gescheiden;2048;1150;566;584;131;413;40
3108;26 jaar;Gescheiden;2049;1157;568;589;133;415;41
3109;26 jaar;Gescheiden;2050;1161;571;590;133;416;41
3110;26 jaar;Gescheiden;2051;1165;573;592;134;417;41
3111;26 jaar;Gescheiden;2052;1168;575;593;134;418;41
3112;26 jaar;Gescheiden;2053;1169;575;594;134;419;41
3113;26 jaar;Gescheiden;2054;1173;577;596;135;420;41
3114;26 jaar;Gescheiden;2055;1174;577;597;136;420;41
3115;26 jaar;Gescheiden;2056;1176;578;598;136;421;41
3116;26 jaar;Gescheiden;2057;1176;578;598;136;421;41
3117;26 jaar;Gescheiden;2058;1175;578;597;136;420;41
3118;26 jaar;Gescheiden;2059;1174;577;597;136;420;41
3119;26 jaar;Gescheiden;2060;1171;575;596;136;419;41
3120;27 jaar;Totaal burgerlijke staat;2013;109174;57936;51238;44071;5206;1961
3121;27 jaar;Totaal burgerlijke staat;2014;111675;59454;52221;44854;5450;1917
3122;27 jaar;Totaal burgerlijke staat;2015;112774;59981;52793;45702;5221;1870
3123;27 jaar;Totaal burgerlijke staat;2016;112642;59348;53294;46283;5167;1844
3124;27 jaar;Totaal burgerlijke staat;2017;113924;59472;54452;47418;5192;1842
3125;27 jaar;Totaal burgerlijke staat;2018;118487;61255;57232;50069;5266;1897
3126;27 jaar;Totaal burgerlijke staat;2019;118614;61010;57604;50461;5256;1887
3127;27 jaar;Totaal burgerlijke staat;2020;117838;60338;57500;50492;5142;1866
3128;27 jaar;Totaal burgerlijke staat;2021;116995;59873;57122;50176;5094;1852
3129;27 jaar;Totaal burgerlijke staat;2022;117470;60099;57371;50418;5094;1859
3130;27 jaar;Totaal burgerlijke staat;2023;114994;58899;56095;49278;4994;1823
3131;27 jaar;Totaal burgerlijke staat;2024;115170;58959;56211;49425;4957;1829
3132;27 jaar;Totaal burgerlijke staat;2025;115700;59484;56216;49341;5029;1846
3133;27 jaar;Totaal burgerlijke staat;2026;119127;61310;57817;50767;5146;1904
3134;27 jaar;Totaal burgerlijke staat;2027;120026;61868;58158;51063;5174;1921
3135;27 jaar;Totaal burgerlijke staat;2028;122231;63211;59020;51757;5303;1960
3136;27 jaar;Totaal burgerlijke staat;2029;120683;62499;58184;51020;5226;1938
3137;27 jaar;Totaal burgerlijke staat;2030;119803;62126;57677;50568;5184;1925
3138;27 jaar;Totaal burgerlijke staat;2031;119303;61951;57352;50269;5164;1919
3139;27 jaar;Totaal burgerlijke staat;2032;115777;60235;55542;48640;5036;1866
3140;27 jaar;Totaal burgerlijke staat;2033;112928;58764;54164;47444;4899;1821
3141;27 jaar;Totaal burgerlijke staat;2034;111939;58254;53685;47033;4844;1808
3142;27 jaar;Totaal burgerlijke staat;2035;110018;57355;52663;46089;4793;1781
3143;27 jaar;Totaal burgerlijke staat;2036;111939;58283;53656;47000;4845;1811
3144;27 jaar;Totaal burgerlijke staat;2037;111747;58228;53519;46858;4853;1808
3145;27 jaar;Totaal burgerlijke staat;2038;111209;57983;53226;46576;4852;1798
3146;27 jaar;Totaal burgerlijke staat;2039;109346;56918;52428;45917;4745;1766
3147;27 jaar;Totaal burgerlijke staat;2040;107822;56102;51720;45296;4683;1741
3148;27 jaar;Totaal burgerlijke staat;2041;108077;56186;51891;45453;4693;1745
3149;27 jaar;Totaal burgerlijke staat;2042;108560;56383;52177;45712;4714;1751
3150;27 jaar;Totaal burgerlijke staat;2043;109462;56791;52671;46156;4751;1764
3151;27 jaar;Totaal burgerlijke staat;2044;110230;57134;53096;46539;4782;1775
3152;27 jaar;Totaal burgerlijke staat;2045;111206;57585;53621;47010;4823;1788
3153;27 jaar;Totaal burgerlijke staat;2046;111893;57888;54005;47356;4852;1797
3154;27 jaar;Totaal burgerlijke staat;2047;112599;58202;54397;47708;4882;1807
3155;27 jaar;Totaal burgerlijke staat;2048;113232;58482;54750;48027;4908;1815
3156;27 jaar;Totaal burgerlijke staat;2049;113867;58763;55104;48346;4934;1824
3157;27 jaar;Totaal burgerlijke staat;2050;114302;58945;55357;48577;4952;1828
3158;27 jaar;Totaal burgerlijke staat;2051;114732;59123;55609;48802;4972;1835
3159;27 jaar;Totaal burgerlijke staat;2052;115195;59324;55871;49039;4991;1841
3160;27 jaar;Totaal burgerlijke staat;2053;115485;59440;56045;49196;5005;1844
3161;27 jaar;Totaal burgerlijke staat;2054;115703;59520;56183;49323;5013;1847
3162;27 jaar;Totaal burgerlijke staat;2055;115902;59598;56304;49435;5021;1848
3163;27 jaar;Totaal burgerlijke staat;2056;116076;59664;56412;49533;5028;1851
3164;27 jaar;Totaal burgerlijke staat;2057;116184;59704;56480;49594;5034;1852
3165;27 jaar;Totaal burgerlijke staat;2058;116193;59695;56498;49612;5035;1851
3166;27 jaar;Totaal burgerlijke staat;2059;116112;59646;56466;49585;5031;1850
3167;27 jaar;Totaal burgerlijke staat;2060;115912;59540;56372;49501;5024;1847
3168;27 jaar;Ongehuwd;2013;92343;56481;35862;29820;4175;1867
3169;27 jaar;Ongehuwd;2014;95083;58051;37032;30756;4447;1829
3170;27 jaar;Ongehuwd;2015;96082;58558;37524;31492;4250;1782
3171;27 jaar;Ongehuwd;2016;95938;57922;38016;32036;4227;1753
3172;27 jaar;Ongehuwd;2017;96922;58020;38902;32881;4272;1749
3173;27 jaar;Ongehuwd;2018;100751;59750;41001;34861;4339;1801
3174;27 jaar;Ongehuwd;2019;100620;59490;41130;35012;4327;1791
3175;27 jaar;Ongehuwd;2020;99668;58809;40859;34889;4201;1769
3176;27 jaar;Ongehuwd;2021;98805;58338;40467;34574;4139;1754
3177;27 jaar;Ongehuwd;2022;99153;58551;40602;34720;4122;1760
3178;27 jaar;Ongehuwd;2023;97044;57378;39666;33908;4032;1726
3179;27 jaar;Ongehuwd;2024;97203;57438;39765;34034;4000;1731
3180;27 jaar;Ongehuwd;2025;97753;57952;39801;33993;4060;1748
3181;27 jaar;Ongehuwd;2026;100741;59735;41006;35044;4159;1803
3182;27 jaar;Ongehuwd;2027;101557;60282;41275;35271;4184;1820
3183;27 jaar;Ongehuwd;2028;103526;61594;41932;35784;4291;1857
3184;27 jaar;Ongehuwd;2029;102205;60900;41305;35241;4229;1835
3185;27 jaar;Ongehuwd;2030;101458;60535;40923;34905;4194;1824
3186;27 jaar;Ongehuwd;2031;101041;60365;40676;34680;4178;1818
3187;27 jaar;Ongehuwd;2032;98031;58691;39340;33501;4072;1767
3188;27 jaar;Ongehuwd;2033;95575;57256;38319;32636;3959;1724
3189;27 jaar;Ongehuwd;2034;94723;56758;37965;32339;3915;1711
3190;27 jaar;Ongehuwd;2035;93099;55880;37219;31660;3873;1686
3191;27 jaar;Ongehuwd;2036;94734;56786;37948;32319;3915;1714
3192;27 jaar;Ongehuwd;2037;94587;56733;37854;32219;3923;1712
3193;27 jaar;Ongehuwd;2038;94137;56494;37643;32018;3922;1703
3194;27 jaar;Ongehuwd;2039;92508;55454;37054;31548;3833;1673
3195;27 jaar;Ongehuwd;2040;91193;54658;36535;31104;3782;1649
3196;27 jaar;Ongehuwd;2041;91403;54738;36665;31222;3791;1652
3197;27 jaar;Ongehuwd;2042;91807;54929;36878;31413;3807;1658
3198;27 jaar;Ongehuwd;2043;92567;55326;37241;31732;3838;1671
3199;27 jaar;Ongehuwd;2044;93214;55660;37554;32010;3864;1680
3200;27 jaar;Ongehuwd;2045;94038;56098;37940;32349;3898;1693
3201;27 jaar;Ongehuwd;2046;94611;56393;38218;32594;3922;1702
3202;27 jaar;Ongehuwd;2047;95201;56699;38502;32844;3947;1711
3203;27 jaar;Ongehuwd;2048;95725;56970;38755;33069;3968;1718
3204;27 jaar;Ongehuwd;2049;96257;57243;39014;33297;3990;1727
3205;27 jaar;Ongehuwd;2050;96619;57420;39199;33463;4005;1731
3206;27 jaar;Ongehuwd;2051;96973;57592;39381;33623;4021;1737
3207;27 jaar;Ongehuwd;2052;97362;57787;39575;33796;4036;1743
3208;27 jaar;Ongehuwd;2053;97602;57900;39702;33909;4047;1746
3209;27 jaar;Ongehuwd;2054;97781;57977;39804;34001;4054;1749
3210;27 jaar;Ongehuwd;2055;97948;58053;39895;34084;4061;1750
3211;27 jaar;Ongehuwd;2056;98094;58116;39978;34159;4067;1752
3212;27 jaar;Ongehuwd;2057;98188;58155;40033;34209;4071;1753
3213;27 jaar;Ongehuwd;2058;98198;58147;40051;34227;4072;1752
3214;27 jaar;Ongehuwd;2059;98130;58098;40032;34212;4069;1751
3215;27 jaar;Ongehuwd;2060;97962;57995;39967;34156;4063;1748
3216;27 jaar;Wettig gehuwd plus partnerschap;2013;15292;734;14558;14077;434;47
3217;27 jaar;Wettig gehuwd plus partnerschap;2014;15127;714;14413;13934;433;46
3218;27 jaar;Wettig gehuwd plus partnerschap;2015;15180;708;14472;14035;394;43
3219;27 jaar;Wettig gehuwd plus partnerschap;2016;15191;710;14481;14061;375;45
3220;27 jaar;Wettig gehuwd plus partnerschap;2017;15473;720;14753;14341;366;46
3221;27 jaar;Wettig gehuwd plus partnerschap;2018;16156;743;15413;14997;369;47
3222;27 jaar;Wettig gehuwd plus partnerschap;2019;16395;747;15648;15232;369;47
3223;27 jaar;Wettig gehuwd plus partnerschap;2020;16546;747;15799;15382;370;47
3224;27 jaar;Wettig gehuwd plus partnerschap;2021;16546;747;15799;15379;373;47
3225;27 jaar;Wettig gehuwd plus partnerschap;2022;16648;751;15897;15472;377;48
3226;27 jaar;Wettig gehuwd plus partnerschap;2023;16305;738;15567;15148;372;47
3227;27 jaar;Wettig gehuwd plus partnerschap;2024;16323;738;15585;15169;369;47
3228;27 jaar;Wettig gehuwd plus partnerschap;2025;16290;743;15547;15126;374;47
3229;27 jaar;Wettig gehuwd plus partnerschap;2026;16690;764;15926;15496;381;49
3230;27 jaar;Wettig gehuwd plus partnerschap;2027;16764;770;15994;15563;382;49
3231;27 jaar;Wettig gehuwd plus partnerschap;2028;16969;785;16184;15743;391;50
3232;27 jaar;Wettig gehuwd plus partnerschap;2029;16763;777;15986;15551;385;50
3233;27 jaar;Wettig gehuwd plus partnerschap;2030;16642;773;15869;15437;383;49
3234;27 jaar;Wettig gehuwd plus partnerschap;2031;16564;771;15793;15363;381;49
3235;27 jaar;Wettig gehuwd plus partnerschap;2032;16091;751;15340;14920;372;48
3236;27 jaar;Wettig gehuwd plus partnerschap;2033;15739;735;15004;14593;364;47
3237;27 jaar;Wettig gehuwd plus partnerschap;2034;15616;729;14887;14480;360;47
3238;27 jaar;Wettig gehuwd plus partnerschap;2035;15340;719;14621;14219;356;46
3239;27 jaar;Wettig gehuwd plus partnerschap;2036;15605;730;14875;14467;361;47
3240;27 jaar;Wettig gehuwd plus partnerschap;2037;15560;728;14832;14426;360;46
3241;27 jaar;Wettig gehuwd plus partnerschap;2038;15476;725;14751;14345;360;46
3242;27 jaar;Wettig gehuwd plus partnerschap;2039;15271;714;14557;14159;353;45
3243;27 jaar;Wettig gehuwd plus partnerschap;2040;15083;704;14379;13985;350;44
3244;27 jaar;Wettig gehuwd plus partnerschap;2041;15124;706;14418;14023;350;45
3245;27 jaar;Wettig gehuwd plus partnerschap;2042;15197;709;14488;14091;352;45
3246;27 jaar;Wettig gehuwd plus partnerschap;2043;15326;714;14612;14213;354;45
3247;27 jaar;Wettig gehuwd plus partnerschap;2044;15438;719;14719;14317;356;46
3248;27 jaar;Wettig gehuwd plus partnerschap;2045;15578;725;14853;14448;359;46
3249;27 jaar;Wettig gehuwd plus partnerschap;2046;15683;729;14954;14547;361;46
3250;27 jaar;Wettig gehuwd plus partnerschap;2047;15790;733;15057;14648;363;46
3251;27 jaar;Wettig gehuwd plus partnerschap;2048;15890;738;15152;14740;365;47
3252;27 jaar;Wettig gehuwd plus partnerschap;2049;15985;741;15244;14830;367;47
3253;27 jaar;Wettig gehuwd plus partnerschap;2050;16052;743;15309;14894;368;47
3254;27 jaar;Wettig gehuwd plus partnerschap;2051;16120;746;15374;14957;370;47
3255;27 jaar;Wettig gehuwd plus partnerschap;2052;16189;749;15440;15022;371;47
3256;27 jaar;Wettig gehuwd plus partnerschap;2053;16234;750;15484;15065;372;47
3257;27 jaar;Wettig gehuwd plus partnerschap;2054;16270;752;15518;15099;372;47
3258;27 jaar;Wettig gehuwd plus partnerschap;2055;16299;752;15547;15127;373;47
3259;27 jaar;Wettig gehuwd plus partnerschap;2056;16325;754;15571;15150;373;48
3260;27 jaar;Wettig gehuwd plus partnerschap;2057;16337;754;15583;15161;374;48
3261;27 jaar;Wettig gehuwd plus partnerschap;2058;16336;753;15583;15161;374;48
3262;27 jaar;Wettig gehuwd plus partnerschap;2059;16324;753;15571;15149;374;48
3263;27 jaar;Wettig gehuwd plus partnerschap;2060;16294;752;15542;15121;373;48
3264;27 jaar;Verweduwd;2013;45;22;23;1;22;0
3265;27 jaar;Verweduwd;2014;52;25;27;2;25;0
3266;27 jaar;Verweduwd;2015;37;18;19;2;17;0
3267;27 jaar;Verweduwd;2016;40;20;20;2;18;0
3268;27 jaar;Verweduwd;2017;39;19;20;2;18;0
3269;27 jaar;Verweduwd;2018;40;19;21;2;19;0
3270;27 jaar;Verweduwd;2019;36;18;18;2;16;0
3271;27 jaar;Verweduwd;2020;38;19;19;2;17;0
3272;27 jaar;Verweduwd;2021;37;18;19;2;17;0
3273;27 jaar;Verweduwd;2022;37;18;19;2;17;0
3274;27 jaar;Verweduwd;2023;36;18;18;2;16;0
3275;27 jaar;Verweduwd;2024;36;18;18;2;16;0
3276;27 jaar;Verweduwd;2025;36;18;18;2;16;0
3277;27 jaar;Verweduwd;2026;36;18;18;2;16;0
3278;27 jaar;Verweduwd;2027;36;18;18;2;16;0
3279;27 jaar;Verweduwd;2028;36;18;18;2;16;0
3280;27 jaar;Verweduwd;2029;36;18;18;2;16;0
3281;27 jaar;Verweduwd;2030;36;18;18;2;16;0
3282;27 jaar;Verweduwd;2031;36;18;18;2;16;0
3283;27 jaar;Verweduwd;2032;35;17;18;2;16;0
3284;27 jaar;Verweduwd;2033;33;16;17;2;15;0
3285;27 jaar;Verweduwd;2034;32;16;16;2;14;0
3286;27 jaar;Verweduwd;2035;32;16;16;2;14;0
3287;27 jaar;Verweduwd;2036;32;16;16;2;14;0
3288;27 jaar;Verweduwd;2037;32;16;16;2;14;0
3289;27 jaar;Verweduwd;2038;32;16;16;2;14;0
3290;27 jaar;Verweduwd;2039;32;16;16;2;14;0
3291;27 jaar;Verweduwd;2040;31;16;15;2;13;0
3292;27 jaar;Verweduwd;2041;31;16;15;2;13;0
3293;27 jaar;Verweduwd;2042;31;16;15;2;13;0
3294;27 jaar;Verweduwd;2043;31;16;15;2;13;0
3295;27 jaar;Verweduwd;2044;31;16;15;2;13;0
3296;27 jaar;Verweduwd;2045;31;16;15;2;13;0
3297;27 jaar;Verweduwd;2046;31;16;15;2;13;0
3298;27 jaar;Verweduwd;2047;31;16;15;2;13;0
3299;27 jaar;Verweduwd;2048;31;16;15;2;13;0
3300;27 jaar;Verweduwd;2049;31;16;15;2;13;0
3301;27 jaar;Verweduwd;2050;31;16;15;2;13;0
3302;27 jaar;Verweduwd;2051;31;16;15;2;13;0
3303;27 jaar;Verweduwd;2052;30;16;14;1;13;0
3304;27 jaar;Verweduwd;2053;30;16;14;1;13;0
3305;27 jaar;Verweduwd;2054;30;16;14;1;13;0
3306;27 jaar;Verweduwd;2055;30;16;14;1;13;0
3307;27 jaar;Verweduwd;2056;30;16;14;1;13;0
3308;27 jaar;Verweduwd;2057;30;16;14;1;13;0
3309;27 jaar;Verweduwd;2058;30;16;14;1;13;0
3310;27 jaar;Verweduwd;2059;30;16;14;1;13;0
3311;27 jaar;Verweduwd;2060;30;16;14;1;13;0
3312;27 jaar;Gescheiden;2013;1494;699;795;173;575;47
3313;27 jaar;Gescheiden;2014;1413;664;749;162;545;42
3314;27 jaar;Gescheiden;2015;1475;697;778;173;560;45
3315;27 jaar;Gescheiden;2016;1473;696;777;184;547;46
3316;27 jaar;Gescheiden;2017;1490;713;777;194;536;47
3317;27 jaar;Gescheiden;2018;1540;743;797;209;539;49
3318;27 jaar;Gescheiden;2019;1563;755;808;215;544;49
3319;27 jaar;Gescheiden;2020;1586;763;823;219;554;50
3320;27 jaar;Gescheiden;2021;1607;770;837;221;565;51
3321;27 jaar;Gescheiden;2022;1632;779;853;224;578;51
3322;27 jaar;Gescheiden;2023;1609;765;844;220;574;50
3323;27 jaar;Gescheiden;2024;1608;765;843;220;572;51
3324;27 jaar;Gescheiden;2025;1621;771;850;220;579;51
3325;27 jaar;Gescheiden;2026;1660;793;867;225;590;52
3326;27 jaar;Gescheiden;2027;1669;798;871;227;592;52
3327;27 jaar;Gescheiden;2028;1700;814;886;228;605;53
3328;27 jaar;Gescheiden;2029;1679;804;875;226;596;53
3329;27 jaar;Gescheiden;2030;1667;800;867;224;591;52
3330;27 jaar;Gescheiden;2031;1662;797;865;224;589;52
3331;27 jaar;Gescheiden;2032;1620;776;844;217;576;51
3332;27 jaar;Gescheiden;2033;1581;757;824;213;561;50
3333;27 jaar;Gescheiden;2034;1568;751;817;212;555;50
3334;27 jaar;Gescheiden;2035;1547;740;807;208;550;49
3335;27 jaar;Gescheiden;2036;1568;751;817;212;555;50
3336;27 jaar;Gescheiden;2037;1568;751;817;211;556;50
3337;27 jaar;Gescheiden;2038;1564;748;816;211;556;49
3338;27 jaar;Gescheiden;2039;1535;734;801;208;545;48
3339;27 jaar;Gescheiden;2040;1515;724;791;205;538;48
3340;27 jaar;Gescheiden;2041;1519;726;793;206;539;48
3341;27 jaar;Gescheiden;2042;1525;729;796;206;542;48
3342;27 jaar;Gescheiden;2043;1538;735;803;209;546;48
3343;27 jaar;Gescheiden;2044;1547;739;808;210;549;49
3344;27 jaar;Gescheiden;2045;1559;746;813;211;553;49
3345;27 jaar;Gescheiden;2046;1568;750;818;213;556;49
3346;27 jaar;Gescheiden;2047;1577;754;823;214;559;50
3347;27 jaar;Gescheiden;2048;1586;758;828;216;562;50
3348;27 jaar;Gescheiden;2049;1594;763;831;217;564;50
3349;27 jaar;Gescheiden;2050;1600;766;834;218;566;50
3350;27 jaar;Gescheiden;2051;1608;769;839;220;568;51
3351;27 jaar;Gescheiden;2052;1614;772;842;220;571;51
3352;27 jaar;Gescheiden;2053;1619;774;845;221;573;51
3353;27 jaar;Gescheiden;2054;1622;775;847;222;574;51
3354;27 jaar;Gescheiden;2055;1625;777;848;223;574;51
3355;27 jaar;Gescheiden;2056;1627;778;849;223;575;51
3356;27 jaar;Gescheiden;2057;1629;779;850;223;576;51
3357;27 jaar;Gescheiden;2058;1629;779;850;223;576;51
3358;27 jaar;Gescheiden;2059;1628;779;849;223;575;51
3359;27 jaar;Gescheiden;2060;1626;777;849;223;575;51
3360;28 jaar;Totaal burgerlijke staat;2013;111809;54793;57016;49302;5898;1816
3361;28 jaar;Totaal burgerlijke staat;2014;113348;56154;57194;49568;5886;1740
3362;28 jaar;Totaal burgerlijke staat;2015;115998;57304;58694;50853;6108;1733
3363;28 jaar;Totaal burgerlijke staat;2016;117184;57471;59713;52103;5894;1716
3364;28 jaar;Totaal burgerlijke staat;2017;116961;56883;60078;52538;5845;1695
3365;28 jaar;Totaal burgerlijke staat;2018;118274;57076;61198;53625;5877;1696
3366;28 jaar;Totaal burgerlijke staat;2019;122997;58913;64084;56344;5991;1749
3367;28 jaar;Totaal burgerlijke staat;2020;123090;58727;64363;56637;5983;1743
3368;28 jaar;Totaal burgerlijke staat;2021;122244;58095;64149;56563;5861;1725
3369;28 jaar;Totaal burgerlijke staat;2022;121343;57654;63689;56168;5810;1711
3370;28 jaar;Totaal burgerlijke staat;2023;121816;57876;63940;56411;5810;1719
3371;28 jaar;Totaal burgerlijke staat;2024;119245;56722;62523;55141;5695;1687
3372;28 jaar;Totaal burgerlijke staat;2025;119443;56802;62641;55294;5654;1693
3373;28 jaar;Totaal burgerlijke staat;2026;119955;57311;62644;55202;5735;1707
3374;28 jaar;Totaal burgerlijke staat;2027;123516;59098;64418;56786;5872;1760
3375;28 jaar;Totaal burgerlijke staat;2028;124465;59659;64806;57127;5903;1776
3376;28 jaar;Totaal burgerlijke staat;2029;126737;60959;65778;57914;6051;1813
3377;28 jaar;Totaal burgerlijke staat;2030;125167;60281;64886;57128;5965;1793
3378;28 jaar;Totaal burgerlijke staat;2031;124276;59926;64350;56654;5915;1781
3379;28 jaar;Totaal burgerlijke staat;2032;123777;59761;64016;56345;5894;1777
3380;28 jaar;Totaal burgerlijke staat;2033;120137;58102;62035;54562;5746;1727
3381;28 jaar;Totaal burgerlijke staat;2034;117217;56686;60531;53251;5592;1688
3382;28 jaar;Totaal burgerlijke staat;2035;116211;56196;60015;52809;5531;1675
3383;28 jaar;Totaal burgerlijke staat;2036;114216;55320;58896;51775;5473;1648
3384;28 jaar;Totaal burgerlijke staat;2037;116225;56217;60008;52801;5531;1676
3385;28 jaar;Totaal burgerlijke staat;2038;116021;56150;59871;52657;5542;1672
3386;28 jaar;Totaal burgerlijke staat;2039;115458;55901;59557;52354;5540;1663
3387;28 jaar;Totaal burgerlijke staat;2040;113557;54873;58684;51632;5418;1634
3388;28 jaar;Totaal burgerlijke staat;2041;111981;54077;57904;50945;5347;1612
3389;28 jaar;Totaal burgerlijke staat;2042;112241;54151;58090;51117;5359;1614
3390;28 jaar;Totaal burgerlijke staat;2043;112736;54334;58402;51400;5382;1620
3391;28 jaar;Totaal burgerlijke staat;2044;113663;54722;58941;51886;5424;1631
3392;28 jaar;Totaal burgerlijke staat;2045;114453;55049;59404;52301;5463;1640
3393;28 jaar;Totaal burgerlijke staat;2046;115457;55479;59978;52817;5508;1653
3394;28 jaar;Totaal burgerlijke staat;2047;116160;55766;60394;53193;5541;1660
3395;28 jaar;Totaal burgerlijke staat;2048;116883;56062;60821;53578;5574;1669
3396;28 jaar;Totaal burgerlijke staat;2049;117535;56328;61207;53926;5604;1677
3397;28 jaar;Totaal burgerlijke staat;2050;118188;56596;61592;54274;5633;1685
3398;28 jaar;Totaal burgerlijke staat;2051;118638;56768;61870;54523;5657;1690
3399;28 jaar;Totaal burgerlijke staat;2052;119075;56936;62139;54766;5678;1695
3400;28 jaar;Totaal burgerlijke staat;2053;119549;57128;62421;55021;5700;1700
3401;28 jaar;Totaal burgerlijke staat;2054;119847;57239;62608;55192;5713;1703
3402;28 jaar;Totaal burgerlijke staat;2055;120070;57316;62754;55326;5723;1705
3403;28 jaar;Totaal burgerlijke staat;2056;120273;57389;62884;55444;5733;1707
3404;28 jaar;Totaal burgerlijke staat;2057;120444;57450;62994;55545;5740;1709
3405;28 jaar;Totaal burgerlijke staat;2058;120555;57491;63064;55607;5746;1711
3406;28 jaar;Totaal burgerlijke staat;2059;120566;57485;63081;55623;5748;1710
3407;28 jaar;Totaal burgerlijke staat;2060;120480;57438;63042;55589;5744;1709
3408;28 jaar;Ongehuwd;2013;90331;52959;37372;31077;4590;1705
3409;28 jaar;Ongehuwd;2014;92176;54421;37755;31540;4577;1638
3410;28 jaar;Ongehuwd;2015;94862;55608;39254;32775;4845;1634
3411;28 jaar;Ongehuwd;2016;95833;55758;40075;33785;4675;1615
3412;28 jaar;Ongehuwd;2017;95548;55163;40385;34140;4651;1594
3413;28 jaar;Ongehuwd;2018;96474;55326;41148;34857;4698;1593
3414;28 jaar;Ongehuwd;2019;100243;57094;43149;36713;4794;1642
3415;28 jaar;Ongehuwd;2020;100060;56889;43171;36753;4783;1635
3416;28 jaar;Ongehuwd;2021;99067;56251;42816;36548;4652;1616
3417;28 jaar;Ongehuwd;2022;98191;55807;42384;36196;4586;1602
3418;28 jaar;Ongehuwd;2023;98518;56012;42506;36329;4568;1609
3419;28 jaar;Ongehuwd;2024;96425;54893;41532;35485;4467;1580
3420;28 jaar;Ongehuwd;2025;96595;54973;41622;35603;4434;1585
3421;28 jaar;Ongehuwd;2026;97125;55467;41658;35558;4501;1599
3422;28 jaar;Ongehuwd;2027;100101;57202;42899;36639;4612;1648
3423;28 jaar;Ongehuwd;2028;100932;57748;43184;36881;4639;1664
3424;28 jaar;Ongehuwd;2029;102886;59010;43876;37420;4757;1699
3425;28 jaar;Ongehuwd;2030;101606;58353;43253;36884;4690;1679
3426;28 jaar;Ongehuwd;2031;100888;58010;42878;36558;4651;1669
3427;28 jaar;Ongehuwd;2032;100497;57849;42648;36349;4634;1665
3428;28 jaar;Ongehuwd;2033;97522;56241;41281;35147;4516;1618
3429;28 jaar;Ongehuwd;2034;95109;54870;40239;34266;4392;1581
3430;28 jaar;Ongehuwd;2035;94276;54395;39881;33970;4343;1568
3431;28 jaar;Ongehuwd;2036;92661;53545;39116;33276;4296;1544
3432;28 jaar;Ongehuwd;2037;94299;54416;39883;33971;4343;1569
3433;28 jaar;Ongehuwd;2038;94144;54351;39793;33876;4352;1565
3434;28 jaar;Ongehuwd;2039;93693;54109;39584;33676;4350;1558
3435;28 jaar;Ongehuwd;2040;92089;53112;38977;33193;4253;1531
3436;28 jaar;Ongehuwd;2041;90777;52339;38438;32733;4196;1509
3437;28 jaar;Ongehuwd;2042;90978;52410;38568;32851;4206;1511
3438;28 jaar;Ongehuwd;2043;91367;52586;38781;33041;4223;1517
3439;28 jaar;Ongehuwd;2044;92112;52960;39152;33366;4258;1528
3440;28 jaar;Ongehuwd;2045;92741;53274;39467;33643;4288;1536
3441;28 jaar;Ongehuwd;2046;93544;53690;39854;33982;4324;1548
3442;28 jaar;Ongehuwd;2047;94100;53966;40134;34228;4351;1555
3443;28 jaar;Ongehuwd;2048;94672;54252;40420;34480;4378;1562
3444;28 jaar;Ongehuwd;2049;95189;54508;40681;34709;4402;1570
3445;28 jaar;Ongehuwd;2050;95709;54765;40944;34940;4426;1578
3446;28 jaar;Ongehuwd;2051;96060;54930;41130;35104;4444;1582
3447;28 jaar;Ongehuwd;2052;96405;55093;41312;35264;4461;1587
3448;28 jaar;Ongehuwd;2053;96783;55278;41505;35435;4478;1592
3449;28 jaar;Ongehuwd;2054;97019;55384;41635;35551;4489;1595
3450;28 jaar;Ongehuwd;2055;97194;55456;41738;35643;4498;1597
3451;28 jaar;Ongehuwd;2056;97357;55528;41829;35725;4506;1598
3452;28 jaar;Ongehuwd;2057;97497;55587;41910;35798;4512;1600
3453;28 jaar;Ongehuwd;2058;97587;55626;41961;35844;4516;1601
3454;28 jaar;Ongehuwd;2059;97600;55620;41980;35862;4518;1600
3455;28 jaar;Ongehuwd;2060;97531;55574;41957;35844;4514;1599
3456;28 jaar;Wettig gehuwd plus partnerschap;2013;19338;833;18505;17947;505;53
3457;28 jaar;Wettig gehuwd plus partnerschap;2014;19085;774;18311;17760;504;47
3458;28 jaar;Wettig gehuwd plus partnerschap;2015;19115;766;18349;17814;489;46
3459;28 jaar;Wettig gehuwd plus partnerschap;2016;19301;765;18536;18037;453;46
3460;28 jaar;Wettig gehuwd plus partnerschap;2017;19355;765;18590;18105;439;46
3461;28 jaar;Wettig gehuwd plus partnerschap;2018;19724;776;18948;18466;435;47
3462;28 jaar;Wettig gehuwd plus partnerschap;2019;20604;802;19802;19311;443;48
3463;28 jaar;Wettig gehuwd plus partnerschap;2020;20858;808;20050;19558;443;49
3464;28 jaar;Wettig gehuwd plus partnerschap;2021;20983;807;20176;19684;443;49
3465;28 jaar;Wettig gehuwd plus partnerschap;2022;20941;805;20136;19640;447;49
3466;28 jaar;Wettig gehuwd plus partnerschap;2023;21055;810;20245;19746;450;49
3467;28 jaar;Wettig gehuwd plus partnerschap;2024;20615;796;19819;19327;444;48
3468;28 jaar;Wettig gehuwd plus partnerschap;2025;20647;796;19851;19362;441;48
3469;28 jaar;Wettig gehuwd plus partnerschap;2026;20612;803;19809;19315;446;48
3470;28 jaar;Wettig gehuwd plus partnerschap;2027;21139;826;20313;19808;455;50
3471;28 jaar;Wettig gehuwd plus partnerschap;2028;21246;833;20413;19906;457;50
3472;28 jaar;Wettig gehuwd plus partnerschap;2029;21517;849;20668;20149;468;51
3473;28 jaar;Wettig gehuwd plus partnerschap;2030;21257;841;20416;19903;462;51
3474;28 jaar;Wettig gehuwd plus partnerschap;2031;21100;836;20264;19757;457;50
3475;28 jaar;Wettig gehuwd plus partnerschap;2032;20999;834;20165;19659;456;50
3476;28 jaar;Wettig gehuwd plus partnerschap;2033;20393;812;19581;19087;445;49
3477;28 jaar;Wettig gehuwd plus partnerschap;2034;19941;794;19147;18664;435;48
3478;28 jaar;Wettig gehuwd plus partnerschap;2035;19785;787;18998;18520;430;48
3479;28 jaar;Wettig gehuwd plus partnerschap;2036;19435;776;18659;18186;426;47
3480;28 jaar;Wettig gehuwd plus partnerschap;2037;19776;787;18989;18511;430;48
3481;28 jaar;Wettig gehuwd plus partnerschap;2038;19727;786;18941;18462;431;48
3482;28 jaar;Wettig gehuwd plus partnerschap;2039;19622;783;18839;18361;431;47
3483;28 jaar;Wettig gehuwd plus partnerschap;2040;19365;770;18595;18126;423;46
3484;28 jaar;Wettig gehuwd plus partnerschap;2041;19127;761;18366;17903;417;46
3485;28 jaar;Wettig gehuwd plus partnerschap;2042;19183;763;18420;17956;418;46
3486;28 jaar;Wettig gehuwd plus partnerschap;2043;19281;766;18515;18048;421;46
3487;28 jaar;Wettig gehuwd plus partnerschap;2044;19446;771;18675;18206;423;46
3488;28 jaar;Wettig gehuwd plus partnerschap;2045;19593;777;18816;18343;426;47
3489;28 jaar;Wettig gehuwd plus partnerschap;2046;19776;783;18993;18516;430;47
3490;28 jaar;Wettig gehuwd plus partnerschap;2047;19911;788;19123;18644;432;47
3491;28 jaar;Wettig gehuwd plus partnerschap;2048;20050;793;19257;18775;434;48
3492;28 jaar;Wettig gehuwd plus partnerschap;2049;20173;797;19376;18892;436;48
3493;28 jaar;Wettig gehuwd plus partnerschap;2050;20294;801;19493;19007;438;48
3494;28 jaar;Wettig gehuwd plus partnerschap;2051;20383;804;19579;19090;441;48
3495;28 jaar;Wettig gehuwd plus partnerschap;2052;20467;806;19661;19171;442;48
3496;28 jaar;Wettig gehuwd plus partnerschap;2053;20555;809;19746;19254;444;48
3497;28 jaar;Wettig gehuwd plus partnerschap;2054;20612;811;19801;19308;445;48
3498;28 jaar;Wettig gehuwd plus partnerschap;2055;20655;813;19842;19349;445;48
3499;28 jaar;Wettig gehuwd plus partnerschap;2056;20691;813;19878;19384;446;48
3500;28 jaar;Wettig gehuwd plus partnerschap;2057;20719;814;19905;19411;446;48
3501;28 jaar;Wettig gehuwd plus partnerschap;2058;20736;814;19922;19426;447;49
3502;28 jaar;Wettig gehuwd plus partnerschap;2059;20734;814;19920;19424;447;49
3503;28 jaar;Wettig gehuwd plus partnerschap;2060;20717;813;19904;19408;447;49
3504;28 jaar;Verweduwd;2013;55;28;27;2;25;0
3505;28 jaar;Verweduwd;2014;57;27;30;2;28;0
3506;28 jaar;Verweduwd;2015;64;30;34;3;31;0
3507;28 jaar;Verweduwd;2016;47;23;24;2;22;0
3508;28 jaar;Verweduwd;2017;54;26;28;4;24;0
3509;28 jaar;Verweduwd;2018;49;24;25;2;23;0
3510;28 jaar;Verweduwd;2019;53;26;27;2;25;0
3511;28 jaar;Verweduwd;2020;50;25;25;2;23;0
3512;28 jaar;Verweduwd;2021;50;25;25;2;23;0
3513;28 jaar;Verweduwd;2022;49;25;24;2;22;0
3514;28 jaar;Verweduwd;2023;49;25;24;2;22;0
3515;28 jaar;Verweduwd;2024;47;23;24;2;22;0
3516;28 jaar;Verweduwd;2025;46;23;23;2;21;0
3517;28 jaar;Verweduwd;2026;46;23;23;2;21;0
3518;28 jaar;Verweduwd;2027;47;23;24;2;22;0
3519;28 jaar;Verweduwd;2028;46;23;23;2;21;0
3520;28 jaar;Verweduwd;2029;48;24;24;2;22;0
3521;28 jaar;Verweduwd;2030;46;23;23;2;21;0
3522;28 jaar;Verweduwd;2031;46;23;23;2;21;0
3523;28 jaar;Verweduwd;2032;46;23;23;2;21;0
3524;28 jaar;Verweduwd;2033;45;23;22;2;20;0
3525;28 jaar;Verweduwd;2034;44;22;22;2;20;0
3526;28 jaar;Verweduwd;2035;44;22;22;2;20;0
3527;28 jaar;Verweduwd;2036;44;22;22;2;20;0
3528;28 jaar;Verweduwd;2037;44;22;22;2;20;0
3529;28 jaar;Verweduwd;2038;43;21;22;2;20;0
3530;28 jaar;Verweduwd;2039;43;21;22;2;20;0
3531;28 jaar;Verweduwd;2040;42;21;21;2;19;0
3532;28 jaar;Verweduwd;2041;41;20;21;2;19;0
3533;28 jaar;Verweduwd;2042;41;20;21;2;19;0
3534;28 jaar;Verweduwd;2043;41;20;21;2;19;0
3535;28 jaar;Verweduwd;2044;42;21;21;2;19;0
3536;28 jaar;Verweduwd;2045;42;21;21;2;19;0
3537;28 jaar;Verweduwd;2046;42;21;21;2;19;0
3538;28 jaar;Verweduwd;2047;42;21;21;2;19;0
3539;28 jaar;Verweduwd;2048;42;21;21;2;19;0
3540;28 jaar;Verweduwd;2049;42;21;21;2;19;0
3541;28 jaar;Verweduwd;2050;42;21;21;2;19;0
3542;28 jaar;Verweduwd;2051;42;21;21;2;19;0
3543;28 jaar;Verweduwd;2052;42;21;21;2;19;0
3544;28 jaar;Verweduwd;2053;42;21;21;2;19;0
3545;28 jaar;Verweduwd;2054;41;21;20;2;18;0
3546;28 jaar;Verweduwd;2055;41;21;20;2;18;0
3547;28 jaar;Verweduwd;2056;41;21;20;2;18;0
3548;28 jaar;Verweduwd;2057;41;21;20;2;18;0
3549;28 jaar;Verweduwd;2058;41;21;20;2;18;0
3550;28 jaar;Verweduwd;2059;41;21;20;2;18;0
3551;28 jaar;Verweduwd;2060;41;21;20;2;18;0
3552;28 jaar;Gescheiden;2013;2085;973;1112;276;778;58
3553;28 jaar;Gescheiden;2014;2030;932;1098;266;777;55
3554;28 jaar;Gescheiden;2015;1957;900;1057;261;743;53
3555;28 jaar;Gescheiden;2016;2003;925;1078;279;744;55
3556;28 jaar;Gescheiden;2017;2004;929;1075;289;731;55
3557;28 jaar;Gescheiden;2018;2027;950;1077;300;721;56
3558;28 jaar;Gescheiden;2019;2097;991;1106;318;729;59
3559;28 jaar;Gescheiden;2020;2122;1005;1117;324;734;59
3560;28 jaar;Gescheiden;2021;2144;1012;1132;329;743;60
3561;28 jaar;Gescheiden;2022;2162;1017;1145;330;755;60
3562;28 jaar;Gescheiden;2023;2194;1029;1165;334;770;61
3563;28 jaar;Gescheiden;2024;2158;1010;1148;327;762;59
3564;28 jaar;Gescheiden;2025;2155;1010;1145;327;758;60
3565;28 jaar;Gescheiden;2026;2172;1018;1154;327;767;60
3566;28 jaar;Gescheiden;2027;2229;1047;1182;337;783;62
3567;28 jaar;Gescheiden;2028;2241;1055;1186;338;786;62
3568;28 jaar;Gescheiden;2029;2286;1076;1210;343;804;63
3569;28 jaar;Gescheiden;2030;2258;1064;1194;339;792;63
3570;28 jaar;Gescheiden;2031;2242;1057;1185;337;786;62
3571;28 jaar;Gescheiden;2032;2235;1055;1180;335;783;62
3572;28 jaar;Gescheiden;2033;2177;1026;1151;326;765;60
3573;28 jaar;Gescheiden;2034;2123;1000;1123;319;745;59
3574;28 jaar;Gescheiden;2035;2106;992;1114;317;738;59
3575;28 jaar;Gescheiden;2036;2076;977;1099;311;731;57
3576;28 jaar;Gescheiden;2037;2106;992;1114;317;738;59
3577;28 jaar;Gescheiden;2038;2107;992;1115;317;739;59
3578;28 jaar;Gescheiden;2039;2100;988;1112;315;739;58
3579;28 jaar;Gescheiden;2040;2061;970;1091;311;723;57
3580;28 jaar;Gescheiden;2041;2036;957;1079;307;715;57
3581;28 jaar;Gescheiden;2042;2039;958;1081;308;716;57
3582;28 jaar;Gescheiden;2043;2047;962;1085;309;719;57
3583;28 jaar;Gescheiden;2044;2063;970;1093;312;724;57
3584;28 jaar;Gescheiden;2045;2077;977;1100;313;730;57
3585;28 jaar;Gescheiden;2046;2095;985;1110;317;735;58
3586;28 jaar;Gescheiden;2047;2107;991;1116;319;739;58
3587;28 jaar;Gescheiden;2048;2119;996;1123;321;743;59
3588;28 jaar;Gescheiden;2049;2131;1002;1129;323;747;59
3589;28 jaar;Gescheiden;2050;2143;1009;1134;325;750;59
3590;28 jaar;Gescheiden;2051;2153;1013;1140;327;753;60
3591;28 jaar;Gescheiden;2052;2161;1016;1145;329;756;60
3592;28 jaar;Gescheiden;2053;2169;1020;1149;330;759;60
3593;28 jaar;Gescheiden;2054;2175;1023;1152;331;761;60
3594;28 jaar;Gescheiden;2055;2180;1026;1154;332;762;60
3595;28 jaar;Gescheiden;2056;2184;1027;1157;333;763;61
3596;28 jaar;Gescheiden;2057;2187;1028;1159;334;764;61
3597;28 jaar;Gescheiden;2058;2191;1030;1161;335;765;61
3598;28 jaar;Gescheiden;2059;2191;1030;1161;335;765;61
3599;28 jaar;Gescheiden;2060;2191;1030;1161;335;765;61
3600;29 jaar;Totaal burgerlijke staat;2013;111129;51134;59995;52149;6240;1606
3601;29 jaar;Totaal burgerlijke staat;2014;114482;52751;61731;53666;6520;1545
3602;29 jaar;Totaal burgerlijke staat;2015;116098;53764;62334;54311;6508;1515
3603;29 jaar;Totaal burgerlijke staat;2016;118925;54738;64187;55933;6726;1528
3604;29 jaar;Totaal burgerlijke staat;2017;120165;54907;65258;57191;6545;1522
3605;29 jaar;Totaal burgerlijke staat;2018;119892;54368;65524;57524;6496;1504
3606;29 jaar;Totaal burgerlijke staat;2019;121199;54627;66572;58516;6548;1508
3607;29 jaar;Totaal burgerlijke staat;2020;126012;56456;69556;61309;6689;1558
3608;29 jaar;Totaal burgerlijke staat;2021;126072;56304;69768;61530;6684;1554
3609;29 jaar;Totaal burgerlijke staat;2022;125192;55714;69478;61382;6557;1539
3610;29 jaar;Totaal burgerlijke staat;2023;124269;55306;68963;60930;6505;1528
3611;29 jaar;Totaal burgerlijke staat;2024;124753;55534;69219;61177;6506;1536
3612;29 jaar;Totaal burgerlijke staat;2025;122127;54438;67689;59807;6375;1507
3613;29 jaar;Totaal burgerlijke staat;2026;122344;54535;67809;59966;6331;1512
3614;29 jaar;Totaal burgerlijke staat;2027;122845;55026;67819;59872;6423;1524
3615;29 jaar;Totaal burgerlijke staat;2028;126499;56766;69733;61584;6578;1571
3616;29 jaar;Totaal burgerlijke staat;2029;127491;57318;70173;61971;6616;1586
3617;29 jaar;Totaal burgerlijke staat;2030;129802;58566;71236;62840;6777;1619
3618;29 jaar;Totaal burgerlijke staat;2031;128225;57921;70304;62022;6681;1601
3619;29 jaar;Totaal burgerlijke staat;2032;127339;57584;69755;61535;6628;1592
3620;29 jaar;Totaal burgerlijke staat;2033;126838;57425;69413;61223;6602;1588
3621;29 jaar;Totaal burgerlijke staat;2034;123131;55826;67305;59321;6438;1546
3622;29 jaar;Totaal burgerlijke staat;2035;120166;54467;65699;57924;6266;1509
3623;29 jaar;Totaal burgerlijke staat;2036;119152;53996;65156;57462;6197;1497
3624;29 jaar;Totaal burgerlijke staat;2037;117107;53140;63967;56364;6132;1471
3625;29 jaar;Totaal burgerlijke staat;2038;119177;54005;65172;57481;6196;1495
3626;29 jaar;Totaal burgerlijke staat;2039;118966;53929;65037;57334;6210;1493
3627;29 jaar;Totaal burgerlijke staat;2040;118383;53675;64708;57015;6207;1486
3628;29 jaar;Totaal burgerlijke staat;2041;116462;52688;63774;56242;6072;1460
3629;29 jaar;Totaal burgerlijke staat;2042;114851;51916;62935;55502;5994;1439
3630;29 jaar;Totaal burgerlijke staat;2043;115117;51985;63132;55684;6007;1441
3631;29 jaar;Totaal burgerlijke staat;2044;115616;52156;63460;55983;6032;1445
3632;29 jaar;Totaal burgerlijke staat;2045;116557;52524;64033;56499;6079;1455
3633;29 jaar;Totaal burgerlijke staat;2046;117361;52834;64527;56941;6122;1464
3634;29 jaar;Totaal burgerlijke staat;2047;118379;53242;65137;57490;6173;1474
3635;29 jaar;Totaal burgerlijke staat;2048;119093;53511;65582;57891;6209;1482
3636;29 jaar;Totaal burgerlijke staat;2049;119828;53793;66035;58300;6246;1489
3637;29 jaar;Totaal burgerlijke staat;2050;120488;54042;66446;58671;6279;1496
3638;29 jaar;Totaal burgerlijke staat;2051;121151;54294;66857;59039;6315;1503
3639;29 jaar;Totaal burgerlijke staat;2052;121602;54455;67147;59302;6338;1507
3640;29 jaar;Totaal burgerlijke staat;2053;122045;54614;67431;59558;6361;1512
3641;29 jaar;Totaal burgerlijke staat;2054;122531;54799;67732;59829;6386;1517
3642;29 jaar;Totaal burgerlijke staat;2055;122832;54904;67928;60007;6402;1519
3643;29 jaar;Totaal burgerlijke staat;2056;123056;54977;68079;60145;6413;1521
3644;29 jaar;Totaal burgerlijke staat;2057;123264;55049;68215;60268;6424;1523
3645;29 jaar;Totaal burgerlijke staat;2058;123443;55112;68331;60374;6432;1525
3646;29 jaar;Totaal burgerlijke staat;2059;123554;55152;68402;60437;6439;1526
3647;29 jaar;Totaal burgerlijke staat;2060;123562;55148;68414;60448;6440;1526
3648;29 jaar;Ongehuwd;2013;85438;49014;36424;30408;4528;1488
3649;29 jaar;Ongehuwd;2014;88420;50646;37774;31452;4890;1432
3650;29 jaar;Ongehuwd;2015;90098;51730;38368;32060;4902;1406
3651;29 jaar;Ongehuwd;2016;92784;52727;40057;33461;5176;1420
3652;29 jaar;Ongehuwd;2017;93682;52873;40809;34356;5040;1413
3653;29 jaar;Ongehuwd;2018;93304;52326;40978;34570;5013;1395
3654;29 jaar;Ongehuwd;2019;94138;52547;41591;35124;5070;1397
3655;29 jaar;Ongehuwd;2020;97758;54291;43467;36840;5185;1442
3656;29 jaar;Ongehuwd;2021;97545;54120;43425;36813;5175;1437
3657;29 jaar;Ongehuwd;2022;96555;53526;43029;36567;5040;1422
3658;29 jaar;Ongehuwd;2023;95701;53115;42586;36202;4973;1411
3659;29 jaar;Ongehuwd;2024;96023;53325;42698;36326;4955;1417
3660;29 jaar;Ongehuwd;2025;93995;52271;41724;35489;4844;1391
3661;29 jaar;Ongehuwd;2026;94170;52366;41804;35599;4809;1396
3662;29 jaar;Ongehuwd;2027;94683;52841;41842;35553;4882;1407
3663;29 jaar;Ongehuwd;2028;97596;54516;43080;36625;5005;1450
3664;29 jaar;Ongehuwd;2029;98426;55050;43376;36876;5035;1465
3665;29 jaar;Ongehuwd;2030;100331;56252;44079;37422;5162;1495
3666;29 jaar;Ongehuwd;2031;99115;55632;43483;36916;5089;1478
3667;29 jaar;Ongehuwd;2032;98442;55308;43134;36615;5048;1471
3668;29 jaar;Ongehuwd;2033;98076;55156;42920;36424;5029;1467
3669;29 jaar;Ongehuwd;2034;95198;53619;41579;35249;4902;1428
3670;29 jaar;Ongehuwd;2035;92861;52314;40547;34386;4767;1394
3671;29 jaar;Ongehuwd;2036;92061;51862;40199;34102;4714;1383
3672;29 jaar;Ongehuwd;2037;90485;51038;39447;33424;4664;1359
3673;29 jaar;Ongehuwd;2038;92085;51870;40215;34120;4714;1381
3674;29 jaar;Ongehuwd;2039;91933;51796;40137;34034;4725;1378
3675;29 jaar;Ongehuwd;2040;91484;51552;39932;33838;4722;1372
3676;29 jaar;Ongehuwd;2041;89927;50601;39326;33361;4617;1348
3677;29 jaar;Ongehuwd;2042;88642;49856;38786;32901;4556;1329
3678;29 jaar;Ongehuwd;2043;88827;49920;38907;33011;4566;1330
3679;29 jaar;Ongehuwd;2044;89194;50082;39112;33192;4586;1334
3680;29 jaar;Ongehuwd;2045;89906;50434;39472;33506;4623;1343
3681;29 jaar;Ongehuwd;2046;90508;50730;39778;33770;4656;1352
3682;29 jaar;Ongehuwd;2047;91274;51119;40155;34099;4695;1361
3683;29 jaar;Ongehuwd;2048;91804;51376;40428;34337;4724;1367
3684;29 jaar;Ongehuwd;2049;92355;51645;40710;34583;4753;1374
3685;29 jaar;Ongehuwd;2050;92847;51882;40965;34806;4779;1380
3686;29 jaar;Ongehuwd;2051;93345;52123;41222;35029;4806;1387
3687;29 jaar;Ongehuwd;2052;93679;52277;41402;35187;4824;1391
3688;29 jaar;Ongehuwd;2053;94008;52428;41580;35343;4842;1395
3689;29 jaar;Ongehuwd;2054;94375;52604;41771;35509;4862;1400
3690;29 jaar;Ongehuwd;2055;94600;52704;41896;35620;4874;1402
3691;29 jaar;Ongehuwd;2056;94768;52772;41996;35709;4883;1404
3692;29 jaar;Ongehuwd;2057;94928;52842;42086;35788;4892;1406
3693;29 jaar;Ongehuwd;2058;95066;52901;42165;35860;4898;1407
3694;29 jaar;Ongehuwd;2059;95157;52940;42217;35906;4903;1408
3695;29 jaar;Ongehuwd;2060;95166;52936;42230;35917;4905;1408
3696;29 jaar;Wettig gehuwd plus partnerschap;2013;22888;885;22003;21359;589;55
3697;29 jaar;Wettig gehuwd plus partnerschap;2014;23308;862;22446;21817;577;52
3698;29 jaar;Wettig gehuwd plus partnerschap;2015;23305;839;22466;21855;561;50
3699;29 jaar;Wettig gehuwd plus partnerschap;2016;23506;839;22667;22076;541;50
3700;29 jaar;Wettig gehuwd plus partnerschap;2017;23824;842;22982;22420;512;50
3701;29 jaar;Wettig gehuwd plus partnerschap;2018;23924;841;23083;22530;503;50
3702;29 jaar;Wettig gehuwd plus partnerschap;2019;24367;854;23513;22958;504;51
3703;29 jaar;Wettig gehuwd plus partnerschap;2020;25465;886;24579;24010;516;53
3704;29 jaar;Wettig gehuwd plus partnerschap;2021;25714;891;24823;24253;516;54
3705;29 jaar;Wettig gehuwd plus partnerschap;2022;25804;889;24915;24346;515;54
3706;29 jaar;Wettig gehuwd plus partnerschap;2023;25716;887;24829;24257;519;53
3707;29 jaar;Wettig gehuwd plus partnerschap;2024;25844;892;24952;24376;522;54
3708;29 jaar;Wettig gehuwd plus partnerschap;2025;25295;875;24420;23853;514;53
3709;29 jaar;Wettig gehuwd plus partnerschap;2026;25342;877;24465;23901;511;53
3710;29 jaar;Wettig gehuwd plus partnerschap;2027;25309;884;24425;23854;518;53
3711;29 jaar;Wettig gehuwd plus partnerschap;2028;25974;910;25064;24481;528;55
3712;29 jaar;Wettig gehuwd plus partnerschap;2029;26119;918;25201;24614;532;55
3713;29 jaar;Wettig gehuwd plus partnerschap;2030;26465;936;25529;24930;543;56
3714;29 jaar;Wettig gehuwd plus partnerschap;2031;26143;927;25216;24624;536;56
3715;29 jaar;Wettig gehuwd plus partnerschap;2032;25950;922;25028;24441;532;55
3716;29 jaar;Wettig gehuwd plus partnerschap;2033;25824;919;24905;24321;529;55
3717;29 jaar;Wettig gehuwd plus partnerschap;2034;25073;894;24179;23608;517;54
3718;29 jaar;Wettig gehuwd plus partnerschap;2035;24514;873;23641;23084;505;52
3719;29 jaar;Wettig gehuwd plus partnerschap;2036;24328;867;23461;22909;500;52
3720;29 jaar;Wettig gehuwd plus partnerschap;2037;23897;854;23043;22497;495;51
3721;29 jaar;Wettig gehuwd plus partnerschap;2038;24328;867;23461;22910;499;52
3722;29 jaar;Wettig gehuwd plus partnerschap;2039;24266;865;23401;22849;500;52
3723;29 jaar;Wettig gehuwd plus partnerschap;2040;24142;861;23281;22729;500;52
3724;29 jaar;Wettig gehuwd plus partnerschap;2041;23828;848;22980;22438;491;51
3725;29 jaar;Wettig gehuwd plus partnerschap;2042;23537;838;22699;22164;485;50
3726;29 jaar;Wettig gehuwd plus partnerschap;2043;23611;840;22771;22235;486;50
3727;29 jaar;Wettig gehuwd plus partnerschap;2044;23733;844;22889;22351;488;50
3728;29 jaar;Wettig gehuwd plus partnerschap;2045;23944;851;23093;22551;491;51
3729;29 jaar;Wettig gehuwd plus partnerschap;2046;24126;856;23270;22725;494;51
3730;29 jaar;Wettig gehuwd plus partnerschap;2047;24354;864;23490;22940;499;51
3731;29 jaar;Wettig gehuwd plus partnerschap;2048;24522;869;23653;23100;501;52
3732;29 jaar;Wettig gehuwd plus partnerschap;2049;24691;875;23816;23260;504;52
3733;29 jaar;Wettig gehuwd plus partnerschap;2050;24843;879;23964;23405;506;53
3734;29 jaar;Wettig gehuwd plus partnerschap;2051;24993;883;24110;23547;510;53
3735;29 jaar;Wettig gehuwd plus partnerschap;2052;25100;886;24214;23650;511;53
3736;29 jaar;Wettig gehuwd plus partnerschap;2053;25203;889;24314;23748;513;53
3737;29 jaar;Wettig gehuwd plus partnerschap;2054;25311;893;24418;23850;515;53
3738;29 jaar;Wettig gehuwd plus partnerschap;2055;25378;894;24484;23915;516;53
3739;29 jaar;Wettig gehuwd plus partnerschap;2056;25430;896;24534;23964;517;53
3740;29 jaar;Wettig gehuwd plus partnerschap;2057;25472;896;24576;24006;517;53
3741;29 jaar;Wettig gehuwd plus partnerschap;2058;25508;898;24610;24039;518;53
3742;29 jaar;Wettig gehuwd plus partnerschap;2059;25526;898;24628;24056;519;53
3743;29 jaar;Wettig gehuwd plus partnerschap;2060;25525;898;24627;24055;519;53
3744;29 jaar;Verweduwd;2013;76;34;42;3;39;0
3745;29 jaar;Verweduwd;2014;69;34;35;3;32;0
3746;29 jaar;Verweduwd;2015;73;33;40;4;36;0
3747;29 jaar;Verweduwd;2016;78;35;43;5;38;0
3748;29 jaar;Verweduwd;2017;63;30;33;4;29;0
3749;29 jaar;Verweduwd;2018;67;32;35;5;30;0
3750;29 jaar;Verweduwd;2019;66;31;35;4;31;0
3751;29 jaar;Verweduwd;2020;66;31;35;4;31;0
3752;29 jaar;Verweduwd;2021;63;30;33;4;29;0
3753;29 jaar;Verweduwd;2022;63;30;33;4;29;0
3754;29 jaar;Verweduwd;2023;63;30;33;4;29;0
3755;29 jaar;Verweduwd;2024;63;30;33;4;29;0
3756;29 jaar;Verweduwd;2025;62;29;33;4;29;0
3757;29 jaar;Verweduwd;2026;61;29;32;4;28;0
3758;29 jaar;Verweduwd;2027;61;29;32;4;28;0
3759;29 jaar;Verweduwd;2028;61;29;32;4;28;0
3760;29 jaar;Verweduwd;2029;61;29;32;4;28;0
3761;29 jaar;Verweduwd;2030;62;29;33;4;29;0
3762;29 jaar;Verweduwd;2031;60;29;31;4;27;0
3763;29 jaar;Verweduwd;2032;60;29;31;4;27;0
3764;29 jaar;Verweduwd;2033;60;29;31;4;27;0
3765;29 jaar;Verweduwd;2034;58;28;30;4;26;0
3766;29 jaar;Verweduwd;2035;58;28;30;4;26;0
3767;29 jaar;Verweduwd;2036;55;26;29;4;25;0
3768;29 jaar;Verweduwd;2037;55;26;29;4;25;0
3769;29 jaar;Verweduwd;2038;55;26;29;4;25;0
3770;29 jaar;Verweduwd;2039;55;26;29;4;25;0
3771;29 jaar;Verweduwd;2040;55;26;29;4;25;0
3772;29 jaar;Verweduwd;2041;54;26;28;4;24;0
3773;29 jaar;Verweduwd;2042;54;26;28;4;24;0
3774;29 jaar;Verweduwd;2043;54;26;28;4;24;0
3775;29 jaar;Verweduwd;2044;54;26;28;4;24;0
3776;29 jaar;Verweduwd;2045;53;26;27;3;24;0
3777;29 jaar;Verweduwd;2046;53;26;27;3;24;0
3778;29 jaar;Verweduwd;2047;53;26;27;3;24;0
3779;29 jaar;Verweduwd;2048;53;26;27;3;24;0
3780;29 jaar;Verweduwd;2049;53;26;27;3;24;0
3781;29 jaar;Verweduwd;2050;53;26;27;3;24;0
3782;29 jaar;Verweduwd;2051;52;25;27;3;24;0
3783;29 jaar;Verweduwd;2052;52;25;27;3;24;0
3784;29 jaar;Verweduwd;2053;52;25;27;3;24;0
3785;29 jaar;Verweduwd;2054;52;25;27;3;24;0
3786;29 jaar;Verweduwd;2055;52;25;27;3;24;0
3787;29 jaar;Verweduwd;2056;52;25;27;3;24;0
3788;29 jaar;Verweduwd;2057;52;25;27;3;24;0
3789;29 jaar;Verweduwd;2058;52;25;27;3;24;0
3790;29 jaar;Verweduwd;2059;52;25;27;3;24;0
3791;29 jaar;Verweduwd;2060;51;25;26;3;23;0
3792;29 jaar;Gescheiden;2013;2727;1201;1526;379;1084;63
3793;29 jaar;Gescheiden;2014;2685;1209;1476;394;1021;61
3794;29 jaar;Gescheiden;2015;2622;1162;1460;392;1009;59
3795;29 jaar;Gescheiden;2016;2557;1137;1420;391;971;58
3796;29 jaar;Gescheiden;2017;2596;1162;1434;411;964;59
3797;29 jaar;Gescheiden;2018;2597;1169;1428;419;950;59
3798;29 jaar;Gescheiden;2019;2628;1195;1433;430;943;60
3799;29 jaar;Gescheiden;2020;2723;1248;1475;455;957;63
3800;29 jaar;Gescheiden;2021;2750;1263;1487;460;964;63
3801;29 jaar;Gescheiden;2022;2770;1269;1501;465;973;63
3802;29 jaar;Gescheiden;2023;2789;1274;1515;467;984;64
3803;29 jaar;Gescheiden;2024;2823;1287;1536;471;1000;65
3804;29 jaar;Gescheiden;2025;2775;1263;1512;461;988;63
3805;29 jaar;Gescheiden;2026;2771;1263;1508;462;983;63
3806;29 jaar;Gescheiden;2027;2792;1272;1520;461;995;64
3807;29 jaar;Gescheiden;2028;2868;1311;1557;474;1017;66
3808;29 jaar;Gescheiden;2029;2885;1321;1564;477;1021;66
3809;29 jaar;Gescheiden;2030;2944;1349;1595;484;1043;68
3810;29 jaar;Gescheiden;2031;2907;1333;1574;478;1029;67
3811;29 jaar;Gescheiden;2032;2887;1325;1562;475;1021;66
3812;29 jaar;Gescheiden;2033;2878;1321;1557;474;1017;66
3813;29 jaar;Gescheiden;2034;2802;1285;1517;460;993;64
3814;29 jaar;Gescheiden;2035;2733;1252;1481;450;968;63
3815;29 jaar;Gescheiden;2036;2708;1241;1467;447;958;62
3816;29 jaar;Gescheiden;2037;2670;1222;1448;439;948;61
3817;29 jaar;Gescheiden;2038;2709;1242;1467;447;958;62
3818;29 jaar;Gescheiden;2039;2712;1242;1470;447;960;63
3819;29 jaar;Gescheiden;2040;2702;1236;1466;444;960;62
3820;29 jaar;Gescheiden;2041;2653;1213;1440;439;940;61
3821;29 jaar;Gescheiden;2042;2618;1196;1422;433;929;60
3822;29 jaar;Gescheiden;2043;2625;1199;1426;434;931;61
3823;29 jaar;Gescheiden;2044;2635;1204;1431;436;934;61
3824;29 jaar;Gescheiden;2045;2654;1213;1441;439;941;61
3825;29 jaar;Gescheiden;2046;2674;1222;1452;443;948;61
3826;29 jaar;Gescheiden;2047;2698;1233;1465;448;955;62
3827;29 jaar;Gescheiden;2048;2714;1240;1474;451;960;63
3828;29 jaar;Gescheiden;2049;2729;1247;1482;454;965;63
3829;29 jaar;Gescheiden;2050;2745;1255;1490;457;970;63
3830;29 jaar;Gescheiden;2051;2761;1263;1498;460;975;63
3831;29 jaar;Gescheiden;2052;2771;1267;1504;462;979;63
3832;29 jaar;Gescheiden;2053;2782;1272;1510;464;982;64
3833;29 jaar;Gescheiden;2054;2793;1277;1516;467;985;64
3834;29 jaar;Gescheiden;2055;2802;1281;1521;469;988;64
3835;29 jaar;Gescheiden;2056;2806;1284;1522;469;989;64
3836;29 jaar;Gescheiden;2057;2812;1286;1526;471;991;64
3837;29 jaar;Gescheiden;2058;2817;1288;1529;472;992;65
3838;29 jaar;Gescheiden;2059;2819;1289;1530;472;993;65
3839;29 jaar;Gescheiden;2060;2820;1289;1531;473;993;65
3840;30 jaar;Totaal burgerlijke staat;2013;112819;48379;64440;56408;6651;1381
3841;30 jaar;Totaal burgerlijke staat;2014;112770;48748;64022;55845;6841;1336
3842;30 jaar;Totaal burgerlijke staat;2015;116001;49880;66121;57711;7094;1316
3843;30 jaar;Totaal burgerlijke staat;2016;117586;50516;67070;58676;7085;1309
3844;30 jaar;Totaal burgerlijke staat;2017;120439;51456;68983;60346;7312;1325
3845;30 jaar;Totaal burgerlijke staat;2018;121741;51643;70098;61616;7158;1324
3846;30 jaar;Totaal burgerlijke staat;2019;121417;51183;70234;61807;7116;1311
3847;30 jaar;Totaal burgerlijke staat;2020;122702;51458;71244;62742;7183;1319
3848;30 jaar;Totaal burgerlijke staat;2021;127549;53234;74315;65603;7348;1364
3849;30 jaar;Totaal burgerlijke staat;2022;127599;53120;74479;65771;7346;1362
3850;30 jaar;Totaal burgerlijke staat;2023;126698;52579;74119;65557;7214;1348
3851;30 jaar;Totaal burgerlijke staat;2024;125775;52217;73558;65058;7161;1339
3852;30 jaar;Totaal burgerlijke staat;2025;126268;52451;73817;65307;7164;1346
3853;30 jaar;Totaal burgerlijke staat;2026;123625;51429;72196;63856;7019;1321
3854;30 jaar;Totaal burgerlijke staat;2027;123854;51536;72318;64025;6969;1324
3855;30 jaar;Totaal burgerlijke staat;2028;124343;51997;72346;63940;7070;1336
3856;30 jaar;Totaal burgerlijke staat;2029;128052;53663;74389;65769;7241;1379
3857;30 jaar;Totaal burgerlijke staat;2030;129071;54195;74876;66202;7281;1393
3858;30 jaar;Totaal burgerlijke staat;2031;131393;55372;76021;67142;7457;1422
3859;30 jaar;Totaal burgerlijke staat;2032;129826;54763;75063;66302;7353;1408
3860;30 jaar;Totaal burgerlijke staat;2033;128947;54445;74502;65808;7293;1401
3861;30 jaar;Totaal burgerlijke staat;2034;128453;54298;74155;65492;7265;1398
3862;30 jaar;Totaal burgerlijke staat;2035;124712;52777;71935;63491;7086;1358
3863;30 jaar;Totaal burgerlijke staat;2036;121739;51489;70250;62027;6897;1326
3864;30 jaar;Totaal burgerlijke staat;2037;120734;51043;69691;61555;6821;1315
3865;30 jaar;Totaal burgerlijke staat;2038;118662;50215;68447;60403;6750;1294
3866;30 jaar;Totaal burgerlijke staat;2039;120770;51036;69734;61597;6823;1314
3867;30 jaar;Totaal burgerlijke staat;2040;120547;50955;69592;61447;6834;1311
3868;30 jaar;Totaal burgerlijke staat;2041;119950;50703;69247;61111;6832;1304
3869;30 jaar;Totaal burgerlijke staat;2042;118027;49769;68258;60292;6685;1281
3870;30 jaar;Totaal burgerlijke staat;2043;116398;49031;67367;59506;6599;1262
3871;30 jaar;Totaal burgerlijke staat;2044;116667;49092;67575;59695;6617;1263
3872;30 jaar;Totaal burgerlijke staat;2045;117165;49251;67914;60005;6642;1267
3873;30 jaar;Totaal burgerlijke staat;2046;118111;49595;68516;60546;6695;1275
3874;30 jaar;Totaal burgerlijke staat;2047;118913;49884;69029;61007;6740;1282
3875;30 jaar;Totaal burgerlijke staat;2048;119940;50269;69671;61583;6796;1292
3876;30 jaar;Totaal burgerlijke staat;2049;120657;50519;70138;62003;6837;1298
3877;30 jaar;Totaal burgerlijke staat;2050;121397;50782;70615;62432;6878;1305
3878;30 jaar;Totaal burgerlijke staat;2051;122061;51016;71045;62819;6915;1311
3879;30 jaar;Totaal burgerlijke staat;2052;122723;51252;71471;63203;6951;1317
3880;30 jaar;Totaal burgerlijke staat;2053;123178;51405;71773;63476;6976;1321
3881;30 jaar;Totaal burgerlijke staat;2054;123620;51552;72068;63741;7002;1325
3882;30 jaar;Totaal burgerlijke staat;2055;124108;51726;72382;64023;7029;1330
3883;30 jaar;Totaal burgerlijke staat;2056;124410;51827;72583;64205;7046;1332
3884;30 jaar;Totaal burgerlijke staat;2057;124635;51895;72740;64348;7058;1334
3885;30 jaar;Totaal burgerlijke staat;2058;124842;51963;72879;64472;7072;1335
3886;30 jaar;Totaal burgerlijke staat;2059;125023;52025;72998;64580;7081;1337
3887;30 jaar;Totaal burgerlijke staat;2060;125137;52068;73069;64642;7089;1338
3888;30 jaar;Ongehuwd;2013;81962;45956;36006;30135;4608;1263
3889;30 jaar;Ongehuwd;2014;82495;46375;36120;30124;4777;1219
3890;30 jaar;Ongehuwd;2015;85098;47510;37588;31270;5116;1202
3891;30 jaar;Ongehuwd;2016;86679;48215;38464;32122;5146;1196
3892;30 jaar;Ongehuwd;2017;89209;49157;40052;33412;5426;1214
3893;30 jaar;Ongehuwd;2018;90043;49317;40726;34197;5318;1211
3894;30 jaar;Ongehuwd;2019;89589;48845;40744;34253;5293;1198
3895;30 jaar;Ongehuwd;2020;90319;49078;41241;34684;5354;1203
3896;30 jaar;Ongehuwd;2021;93747;50752;42995;36270;5481;1244
3897;30 jaar;Ongehuwd;2022;93529;50617;42912;36199;5473;1240
3898;30 jaar;Ongehuwd;2023;92564;50075;42489;35927;5336;1226
3899;30 jaar;Ongehuwd;2024;91761;49712;42049;35563;5268;1218
3900;30 jaar;Ongehuwd;2025;92074;49926;42148;35675;5250;1223
3901;30 jaar;Ongehuwd;2026;90153;48952;41201;34867;5134;1200
3902;30 jaar;Ongehuwd;2027;90326;49057;41269;34971;5095;1203
3903;30 jaar;Ongehuwd;2028;90822;49500;41322;34934;5173;1215
3904;30 jaar;Ongehuwd;2029;93625;51088;42537;35981;5303;1253
3905;30 jaar;Ongehuwd;2030;94435;51598;42837;36237;5334;1266
3906;30 jaar;Ongehuwd;2031;96264;52721;43543;36780;5469;1294
3907;30 jaar;Ongehuwd;2032;95126;52143;42983;36312;5391;1280
3908;30 jaar;Ongehuwd;2033;94500;51841;42659;36038;5347;1274
3909;30 jaar;Ongehuwd;2034;94163;51701;42462;35864;5327;1271
3910;30 jaar;Ongehuwd;2035;91415;50253;41162;34734;5193;1235
3911;30 jaar;Ongehuwd;2036;89192;49027;40165;33909;5050;1206
3912;30 jaar;Ongehuwd;2037;88436;48602;39834;33644;4994;1196
3913;30 jaar;Ongehuwd;2038;86926;47814;39112;32995;4941;1176
3914;30 jaar;Ongehuwd;2039;88460;48594;39866;33676;4995;1195
3915;30 jaar;Ongehuwd;2040;88302;48515;39787;33591;5004;1192
3916;30 jaar;Ongehuwd;2041;87863;48275;39588;33400;5003;1185
3917;30 jaar;Ongehuwd;2042;86374;47384;38990;32933;4892;1165
3918;30 jaar;Ongehuwd;2043;85135;46679;38456;32482;4827;1147
3919;30 jaar;Ongehuwd;2044;85306;46734;38572;32584;4840;1148
3920;30 jaar;Ongehuwd;2045;85644;46883;38761;32749;4860;1152
3921;30 jaar;Ongehuwd;2046;86311;47208;39103;33044;4900;1159
3922;30 jaar;Ongehuwd;2047;86870;47480;39390;33291;4934;1165
3923;30 jaar;Ongehuwd;2048;87596;47843;39753;33604;4975;1174
3924;30 jaar;Ongehuwd;2049;88097;48079;40018;33832;5007;1179
3925;30 jaar;Ongehuwd;2050;88616;48327;40289;34066;5037;1186
3926;30 jaar;Ongehuwd;2051;89079;48547;40532;34276;5065;1191
3927;30 jaar;Ongehuwd;2052;89544;48769;40775;34487;5092;1196
3928;30 jaar;Ongehuwd;2053;89860;48913;40947;34636;5111;1200
3929;30 jaar;Ongehuwd;2054;90170;49052;41118;34783;5131;1204
3930;30 jaar;Ongehuwd;2055;90517;49216;41301;34942;5151;1208
3931;30 jaar;Ongehuwd;2056;90731;49310;41421;35047;5164;1210
3932;30 jaar;Ongehuwd;2057;90893;49374;41519;35134;5173;1212
3933;30 jaar;Ongehuwd;2058;91043;49440;41603;35207;5183;1213
3934;30 jaar;Ongehuwd;2059;91178;49498;41680;35275;5190;1215
3935;30 jaar;Ongehuwd;2060;91265;49538;41727;35316;5196;1215
3936;30 jaar;Wettig gehuwd plus partnerschap;2013;27392;955;26437;25759;628;50
3937;30 jaar;Wettig gehuwd plus partnerschap;2014;26783;896;25887;25193;645;49
3938;30 jaar;Wettig gehuwd plus partnerschap;2015;27452;887;26565;25889;628;48
3939;30 jaar;Wettig gehuwd plus partnerschap;2016;27520;866;26654;25997;609;48
3940;30 jaar;Wettig gehuwd plus partnerschap;2017;27889;873;27016;26375;593;48
3941;30 jaar;Wettig gehuwd plus partnerschap;2018;28335;879;27456;26838;569;49
3942;30 jaar;Wettig gehuwd plus partnerschap;2019;28460;880;27580;26968;564;48
3943;30 jaar;Wettig gehuwd plus partnerschap;2020;28971;893;28078;27458;570;50
3944;30 jaar;Wettig gehuwd plus partnerschap;2021;30266;928;29338;28702;585;51
3945;30 jaar;Wettig gehuwd plus partnerschap;2022;30505;933;29572;28934;586;52
3946;30 jaar;Wettig gehuwd plus partnerschap;2023;30554;929;29625;28988;585;52
3947;30 jaar;Wettig gehuwd plus partnerschap;2024;30418;927;29491;28853;587;51
3948;30 jaar;Wettig gehuwd plus partnerschap;2025;30559;932;29627;28984;591;52
3949;30 jaar;Wettig gehuwd plus partnerschap;2026;29902;915;28987;28355;581;51
3950;30 jaar;Wettig gehuwd plus partnerschap;2027;29965;917;29048;28419;578;51
3951;30 jaar;Wettig gehuwd plus partnerschap;2028;29932;924;29008;28372;585;51
3952;30 jaar;Wettig gehuwd plus partnerschap;2029;30739;953;29786;29135;598;53
3953;30 jaar;Wettig gehuwd plus partnerschap;2030;30924;962;29962;29307;601;54
3954;30 jaar;Wettig gehuwd plus partnerschap;2031;31343;981;30362;29694;614;54
3955;30 jaar;Wettig gehuwd plus partnerschap;2032;30960;970;29990;29330;606;54
3956;30 jaar;Wettig gehuwd plus partnerschap;2033;30732;964;29768;29113;601;54
3957;30 jaar;Wettig gehuwd plus partnerschap;2034;30587;961;29626;28973;599;54
3958;30 jaar;Wettig gehuwd plus partnerschap;2035;29694;935;28759;28122;585;52
3959;30 jaar;Wettig gehuwd plus partnerschap;2036;29033;913;28120;27498;571;51
3960;30 jaar;Wettig gehuwd plus partnerschap;2037;28816;906;27910;27295;565;50
3961;30 jaar;Wettig gehuwd plus partnerschap;2038;28306;892;27414;26805;559;50
3962;30 jaar;Wettig gehuwd plus partnerschap;2039;28825;906;27919;27304;565;50
3963;30 jaar;Wettig gehuwd plus partnerschap;2040;28760;905;27855;27240;565;50
3964;30 jaar;Wettig gehuwd plus partnerschap;2041;28614;901;27713;27098;565;50
3965;30 jaar;Wettig gehuwd plus partnerschap;2042;28245;886;27359;26755;555;49
3966;30 jaar;Wettig gehuwd plus partnerschap;2043;27900;875;27025;26428;549;48
3967;30 jaar;Wettig gehuwd plus partnerschap;2044;27990;878;27112;26514;550;48
3968;30 jaar;Wettig gehuwd plus partnerschap;2045;28138;882;27256;26656;552;48
3969;30 jaar;Wettig gehuwd plus partnerschap;2046;28391;889;27502;26897;556;49
3970;30 jaar;Wettig gehuwd plus partnerschap;2047;28611;896;27715;27106;560;49
3971;30 jaar;Wettig gehuwd plus partnerschap;2048;28881;904;27977;27363;564;50
3972;30 jaar;Wettig gehuwd plus partnerschap;2049;29077;909;28168;27551;567;50
3973;30 jaar;Wettig gehuwd plus partnerschap;2050;29276;914;28362;27741;571;50
3974;30 jaar;Wettig gehuwd plus partnerschap;2051;29457;920;28537;27913;573;51
3975;30 jaar;Wettig gehuwd plus partnerschap;2052;29633;924;28709;28082;576;51
3976;30 jaar;Wettig gehuwd plus partnerschap;2053;29759;927;28832;28203;578;51
3977;30 jaar;Wettig gehuwd plus partnerschap;2054;29879;930;28949;28318;580;51
3978;30 jaar;Wettig gehuwd plus partnerschap;2055;30003;933;29070;28437;582;51
3979;30 jaar;Wettig gehuwd plus partnerschap;2056;30081;935;29146;28512;583;51
3980;30 jaar;Wettig gehuwd plus partnerschap;2057;30140;937;29203;28568;584;51
3981;30 jaar;Wettig gehuwd plus partnerschap;2058;30190;937;29253;28617;585;51
3982;30 jaar;Wettig gehuwd plus partnerschap;2059;30231;938;29293;28656;586;51
3983;30 jaar;Wettig gehuwd plus partnerschap;2060;30253;939;29314;28676;586;52
3984;30 jaar;Verweduwd;2013;87;29;58;8;49;1
3985;30 jaar;Verweduwd;2014;91;37;54;6;47;1
3986;30 jaar;Verweduwd;2015;86;38;48;5;42;1
3987;30 jaar;Verweduwd;2016;88;37;51;5;45;1
3988;30 jaar;Verweduwd;2017;93;39;54;7;46;1
3989;30 jaar;Verweduwd;2018;79;34;45;6;38;1
3990;30 jaar;Verweduwd;2019;82;36;46;6;39;1
3991;30 jaar;Verweduwd;2020;82;35;47;6;40;1
3992;30 jaar;Verweduwd;2021;83;36;47;6;40;1
3993;30 jaar;Verweduwd;2022;80;35;45;6;38;1
3994;30 jaar;Verweduwd;2023;80;35;45;6;38;1
3995;30 jaar;Verweduwd;2024;80;35;45;6;38;1
3996;30 jaar;Verweduwd;2025;80;35;45;6;38;1
3997;30 jaar;Verweduwd;2026;78;34;44;6;37;1
3998;30 jaar;Verweduwd;2027;76;33;43;6;36;1
3999;30 jaar;Verweduwd;2028;76;33;43;6;36;1
4000;30 jaar;Verweduwd;2029;76;33;43;6;36;1
4001;30 jaar;Verweduwd;2030;76;33;43;6;36;1
4002;30 jaar;Verweduwd;2031;77;34;43;6;36;1
4003;30 jaar;Verweduwd;2032;76;33;43;6;36;1
4004;30 jaar;Verweduwd;2033;75;33;42;6;35;1
4005;30 jaar;Verweduwd;2034;75;33;42;6;35;1
4006;30 jaar;Verweduwd;2035;73;32;41;6;34;1
4007;30 jaar;Verweduwd;2036;71;31;40;5;34;1
4008;30 jaar;Verweduwd;2037;70;31;39;5;33;1
4009;30 jaar;Verweduwd;2038;69;30;39;5;33;1
4010;30 jaar;Verweduwd;2039;70;31;39;5;33;1
4011;30 jaar;Verweduwd;2040;70;31;39;5;33;1
4012;30 jaar;Verweduwd;2041;69;30;39;5;33;1
4013;30 jaar;Verweduwd;2042;67;29;38;5;32;1
4014;30 jaar;Verweduwd;2043;67;29;38;5;32;1
4015;30 jaar;Verweduwd;2044;67;29;38;5;32;1
4016;30 jaar;Verweduwd;2045;66;29;37;5;31;1
4017;30 jaar;Verweduwd;2046;66;29;37;5;31;1
4018;30 jaar;Verweduwd;2047;66;29;37;5;31;1
4019;30 jaar;Verweduwd;2048;66;29;37;5;31;1
4020;30 jaar;Verweduwd;2049;66;29;37;5;31;1
4021;30 jaar;Verweduwd;2050;66;29;37;5;31;1
4022;30 jaar;Verweduwd;2051;66;29;37;5;31;1
4023;30 jaar;Verweduwd;2052;66;29;37;5;31;1
4024;30 jaar;Verweduwd;2053;66;29;37;5;31;1
4025;30 jaar;Verweduwd;2054;66;29;37;5;31;1
4026;30 jaar;Verweduwd;2055;66;29;37;5;31;1
4027;30 jaar;Verweduwd;2056;66;29;37;5;31;1
4028;30 jaar;Verweduwd;2057;64;28;36;4;31;1
4029;30 jaar;Verweduwd;2058;64;28;36;4;31;1
4030;30 jaar;Verweduwd;2059;64;28;36;4;31;1
4031;30 jaar;Verweduwd;2060;64;28;36;4;31;1
4032;30 jaar;Gescheiden;2013;3378;1439;1939;506;1366;67
4033;30 jaar;Gescheiden;2014;3401;1440;1961;522;1372;67
4034;30 jaar;Gescheiden;2015;3365;1445;1920;547;1308;65
4035;30 jaar;Gescheiden;2016;3299;1398;1901;552;1285;64
4036;30 jaar;Gescheiden;2017;3248;1387;1861;552;1247;62
4037;30 jaar;Gescheiden;2018;3284;1413;1871;575;1233;63
4038;30 jaar;Gescheiden;2019;3286;1422;1864;580;1220;64
4039;30 jaar;Gescheiden;2020;3330;1452;1878;594;1219;65
4040;30 jaar;Gescheiden;2021;3453;1518;1935;625;1242;68
4041;30 jaar;Gescheiden;2022;3485;1535;1950;632;1249;69
4042;30 jaar;Gescheiden;2023;3500;1540;1960;636;1255;69
4043;30 jaar;Gescheiden;2024;3516;1543;1973;636;1268;69
4044;30 jaar;Gescheiden;2025;3555;1558;1997;642;1285;70
4045;30 jaar;Gescheiden;2026;3492;1528;1964;628;1267;69
4046;30 jaar;Gescheiden;2027;3487;1529;1958;629;1260;69
4047;30 jaar;Gescheiden;2028;3513;1540;1973;628;1276;69
4048;30 jaar;Gescheiden;2029;3612;1589;2023;647;1304;72
4049;30 jaar;Gescheiden;2030;3636;1602;2034;652;1310;72
4050;30 jaar;Gescheiden;2031;3709;1636;2073;662;1338;73
4051;30 jaar;Gescheiden;2032;3664;1617;2047;654;1320;73
4052;30 jaar;Gescheiden;2033;3640;1607;2033;651;1310;72
4053;30 jaar;Gescheiden;2034;3628;1603;2025;649;1304;72
4054;30 jaar;Gescheiden;2035;3530;1557;1973;629;1274;70
4055;30 jaar;Gescheiden;2036;3443;1518;1925;615;1242;68
4056;30 jaar;Gescheiden;2037;3412;1504;1908;611;1229;68
4057;30 jaar;Gescheiden;2038;3361;1479;1882;598;1217;67
4058;30 jaar;Gescheiden;2039;3415;1505;1910;612;1230;68
4059;30 jaar;Gescheiden;2040;3415;1504;1911;611;1232;68
4060;30 jaar;Gescheiden;2041;3404;1497;1907;608;1231;68
4061;30 jaar;Gescheiden;2042;3341;1470;1871;599;1206;66
4062;30 jaar;Gescheiden;2043;3296;1448;1848;591;1191;66
4063;30 jaar;Gescheiden;2044;3304;1451;1853;592;1195;66
4064;30 jaar;Gescheiden;2045;3317;1457;1860;595;1199;66
4065;30 jaar;Gescheiden;2046;3343;1469;1874;600;1208;66
4066;30 jaar;Gescheiden;2047;3366;1479;1887;605;1215;67
4067;30 jaar;Gescheiden;2048;3397;1493;1904;611;1226;67
4068;30 jaar;Gescheiden;2049;3417;1502;1915;615;1232;68
4069;30 jaar;Gescheiden;2050;3439;1512;1927;620;1239;68
4070;30 jaar;Gescheiden;2051;3459;1520;1939;625;1246;68
4071;30 jaar;Gescheiden;2052;3480;1530;1950;629;1252;69
4072;30 jaar;Gescheiden;2053;3493;1536;1957;632;1256;69
4073;30 jaar;Gescheiden;2054;3505;1541;1964;635;1260;69
4074;30 jaar;Gescheiden;2055;3522;1548;1974;639;1265;70
4075;30 jaar;Gescheiden;2056;3532;1553;1979;641;1268;70
4076;30 jaar;Gescheiden;2057;3538;1556;1982;642;1270;70
4077;30 jaar;Gescheiden;2058;3545;1558;1987;644;1273;70
4078;30 jaar;Gescheiden;2059;3550;1561;1989;645;1274;70
4079;30 jaar;Gescheiden;2060;3555;1563;1992;646;1276;70
4080;31 jaar;Totaal burgerlijke staat;2013;115736;45977;69759;61150;7361;1248
4081;31 jaar;Totaal burgerlijke staat;2014;113607;45759;67848;59411;7272;1165
4082;31 jaar;Totaal burgerlijke staat;2015;113350;45741;67609;59084;7385;1140
4083;31 jaar;Totaal burgerlijke staat;2016;116448;46535;69913;61164;7612;1137
4084;31 jaar;Totaal burgerlijke staat;2017;118046;47127;70919;62153;7629;1137
4085;31 jaar;Totaal burgerlijke staat;2018;120934;48046;72888;63868;7864;1156
4086;31 jaar;Totaal burgerlijke staat;2019;122264;48267;73997;65092;7746;1159
4087;31 jaar;Totaal burgerlijke staat;2020;121891;47847;74044;65187;7709;1148
4088;31 jaar;Totaal burgerlijke staat;2021;123136;48116;75020;66082;7783;1155
4089;31 jaar;Totaal burgerlijke staat;2022;127993;49826;78167;68998;7972;1197
4090;31 jaar;Totaal burgerlijke staat;2023;128029;49740;78289;69122;7972;1195
4091;31 jaar;Totaal burgerlijke staat;2024;127137;49256;77881;68858;7839;1184
4092;31 jaar;Totaal burgerlijke staat;2025;126231;48942;77289;68325;7785;1179
4093;31 jaar;Totaal burgerlijke staat;2026;126730;49179;77551;68575;7791;1185
4094;31 jaar;Totaal burgerlijke staat;2027;124087;48225;75862;67069;7631;1162
4095;31 jaar;Totaal burgerlijke staat;2028;124333;48339;75994;67252;7577;1165
4096;31 jaar;Totaal burgerlijke staat;2029;124806;48763;76043;67180;7688;1175
4097;31 jaar;Totaal burgerlijke staat;2030;128540;50343;78197;69108;7875;1214
4098;31 jaar;Totaal burgerlijke staat;2031;129572;50850;78722;69580;7916;1226
4099;31 jaar;Totaal burgerlijke staat;2032;131885;51949;79936;70577;8107;1252
4100;31 jaar;Totaal burgerlijke staat;2033;130341;51384;78957;69724;7993;1240
4101;31 jaar;Totaal burgerlijke staat;2034;129469;51085;78384;69222;7928;1234
4102;31 jaar;Totaal burgerlijke staat;2035;128981;50949;78032;68904;7898;1230
4103;31 jaar;Totaal burgerlijke staat;2036;125240;49510;75730;66832;7702;1196
4104;31 jaar;Totaal burgerlijke staat;2037;122279;48294;73985;65322;7496;1167
4105;31 jaar;Totaal burgerlijke staat;2038;121285;47869;73416;64843;7416;1157
4106;31 jaar;Totaal burgerlijke staat;2039;119200;47074;72126;63650;7339;1137
4107;31 jaar;Totaal burgerlijke staat;2040;121319;47847;73472;64901;7416;1155
4108;31 jaar;Totaal burgerlijke staat;2041;121094;47765;73329;64745;7431;1153
4109;31 jaar;Totaal burgerlijke staat;2042;120489;47520;72969;64394;7428;1147
4110;31 jaar;Totaal burgerlijke staat;2043;118576;46645;71931;63538;7267;1126
4111;31 jaar;Totaal burgerlijke staat;2044;116947;45946;71001;62716;7176;1109
4112;31 jaar;Totaal burgerlijke staat;2045;117211;45999;71212;62908;7194;1110
4113;31 jaar;Totaal burgerlijke staat;2046;117711;46147;71564;63226;7226;1112
4114;31 jaar;Totaal burgerlijke staat;2047;118655;46467;72188;63785;7283;1120
4115;31 jaar;Totaal burgerlijke staat;2048;119452;46734;72718;64261;7331;1126
4116;31 jaar;Totaal burgerlijke staat;2049;120474;47092;73382;64857;7391;1134
4117;31 jaar;Totaal burgerlijke staat;2050;121191;47325;73866;65290;7435;1141
4118;31 jaar;Totaal burgerlijke staat;2051;121930;47572;74358;65732;7479;1147
4119;31 jaar;Totaal burgerlijke staat;2052;122594;47792;74802;66132;7518;1152
4120;31 jaar;Totaal burgerlijke staat;2053;123253;48012;75241;66526;7558;1157
4121;31 jaar;Totaal burgerlijke staat;2054;123705;48151;75554;66807;7586;1161
4122;31 jaar;Totaal burgerlijke staat;2055;124144;48289;75855;67077;7614;1164
4123;31 jaar;Totaal burgerlijke staat;2056;124629;48453;76176;67366;7643;1167
4124;31 jaar;Totaal burgerlijke staat;2057;124928;48546;76382;67551;7661;1170
4125;31 jaar;Totaal burgerlijke staat;2058;125150;48610;76540;67694;7674;1172
4126;31 jaar;Totaal burgerlijke staat;2059;125357;48678;76679;67819;7687;1173
4127;31 jaar;Totaal burgerlijke staat;2060;125538;48737;76801;67928;7697;1176
4128;31 jaar;Ongehuwd;2013;79314;43187;36127;30116;4893;1118
4129;31 jaar;Ongehuwd;2014;78405;43086;35319;29428;4843;1048
4130;31 jaar;Ongehuwd;2015;78722;43132;35590;29597;4969;1024
4131;31 jaar;Ongehuwd;2016;81058;43926;37132;30826;5285;1021
4132;31 jaar;Ongehuwd;2017;82569;44567;38002;31634;5345;1023
4133;31 jaar;Ongehuwd;2018;84962;45470;39492;32823;5626;1043
4134;31 jaar;Ongehuwd;2019;85723;45657;40066;33472;5550;1044
4135;31 jaar;Ongehuwd;2020;85207;45226;39981;33423;5525;1033
4136;31 jaar;Ongehuwd;2021;85847;45449;40398;33773;5587;1038
4137;31 jaar;Ongehuwd;2022;89069;47038;42031;35235;5722;1074
4138;31 jaar;Ongehuwd;2023;88854;46931;41923;35136;5715;1072
4139;31 jaar;Ongehuwd;2024;87938;46447;41491;34852;5579;1060
4140;31 jaar;Ongehuwd;2025;87195;46132;41063;34498;5511;1054
4141;31 jaar;Ongehuwd;2026;87501;46347;41154;34601;5494;1059
4142;31 jaar;Ongehuwd;2027;85695;45451;40244;33835;5371;1038
4143;31 jaar;Ongehuwd;2028;85873;45560;40313;33939;5332;1042
4144;31 jaar;Ongehuwd;2029;86349;45967;40382;33916;5415;1051
4145;31 jaar;Ongehuwd;2030;89020;47455;41565;34929;5550;1086
4146;31 jaar;Ongehuwd;2031;89801;47935;41866;35188;5582;1096
4147;31 jaar;Ongehuwd;2032;91534;48974;42560;35718;5722;1120
4148;31 jaar;Ongehuwd;2033;90479;48442;42037;35287;5641;1109
4149;31 jaar;Ongehuwd;2034;89896;48162;41734;35036;5595;1103
4150;31 jaar;Ongehuwd;2035;89583;48033;41550;34875;5574;1101
4151;31 jaar;Ongehuwd;2036;86985;46680;40305;33803;5432;1070
4152;31 jaar;Ongehuwd;2037;84886;45536;39350;33023;5283;1044
4153;31 jaar;Ongehuwd;2038;84171;45134;39037;32777;5225;1035
4154;31 jaar;Ongehuwd;2039;82737;44389;38348;32162;5170;1016
4155;31 jaar;Ongehuwd;2040;84183;45112;39071;32812;5226;1033
4156;31 jaar;Ongehuwd;2041;84032;45033;38999;32729;5238;1032
4157;31 jaar;Ongehuwd;2042;83602;44802;38800;32539;5235;1026
4158;31 jaar;Ongehuwd;2043;82188;43974;38214;32088;5119;1007
4159;31 jaar;Ongehuwd;2044;81010;43313;37697;31652;5053;992
4160;31 jaar;Ongehuwd;2045;81159;43360;37799;31740;5066;993
4161;31 jaar;Ongehuwd;2046;81471;43496;37975;31891;5089;995
4162;31 jaar;Ongehuwd;2047;82091;43794;38297;32165;5130;1002
4163;31 jaar;Ongehuwd;2048;82612;44043;38569;32397;5165;1007
4164;31 jaar;Ongehuwd;2049;83292;44377;38915;32693;5208;1014
4165;31 jaar;Ongehuwd;2050;83758;44592;39166;32906;5240;1020
4166;31 jaar;Ongehuwd;2051;84243;44821;39422;33125;5272;1025
4167;31 jaar;Ongehuwd;2052;84678;45025;39653;33324;5300;1029
4168;31 jaar;Ongehuwd;2053;85116;45230;39886;33522;5330;1034
4169;31 jaar;Ongehuwd;2054;85409;45360;40049;33663;5349;1037
4170;31 jaar;Ongehuwd;2055;85698;45487;40211;33802;5369;1040
4171;31 jaar;Ongehuwd;2056;86024;45640;40384;33951;5391;1042
4172;31 jaar;Ongehuwd;2057;86225;45726;40499;34050;5404;1045
4173;31 jaar;Ongehuwd;2058;86375;45787;40588;34128;5414;1046
4174;31 jaar;Ongehuwd;2059;86518;45849;40669;34198;5423;1048
4175;31 jaar;Ongehuwd;2060;86649;45905;40744;34264;5430;1050
4176;31 jaar;Wettig gehuwd plus partnerschap;2013;32077;984;31093;30338;704;51
4177;31 jaar;Wettig gehuwd plus partnerschap;2014;30982;943;30039;29309;684;46
4178;31 jaar;Wettig gehuwd plus partnerschap;2015;30415;898;29517;28796;675;46
4179;31 jaar;Wettig gehuwd plus partnerschap;2016;31208;892;30316;29614;656;46
4180;31 jaar;Wettig gehuwd plus partnerschap;2017;31358;882;30476;29790;640;46
4181;31 jaar;Wettig gehuwd plus partnerschap;2018;31880;895;30985;30311;628;46
4182;31 jaar;Wettig gehuwd plus partnerschap;2019;32428;904;31524;30864;613;47
4183;31 jaar;Wettig gehuwd plus partnerschap;2020;32567;905;31662;31003;612;47
4184;31 jaar;Wettig gehuwd plus partnerschap;2021;33119;918;32201;31535;619;47
4185;31 jaar;Wettig gehuwd plus partnerschap;2022;34591;956;33635;32947;638;50
4186;31 jaar;Wettig gehuwd plus partnerschap;2023;34812;960;33852;33163;639;50
4187;31 jaar;Wettig gehuwd plus partnerschap;2024;34821;956;33865;33178;637;50
4188;31 jaar;Wettig gehuwd plus partnerschap;2025;34644;954;33690;33001;639;50
4189;31 jaar;Wettig gehuwd plus partnerschap;2026;34793;960;33833;33140;643;50
4190;31 jaar;Wettig gehuwd plus partnerschap;2027;34041;941;33100;32420;631;49
4191;31 jaar;Wettig gehuwd plus partnerschap;2028;34118;944;33174;32498;627;49
4192;31 jaar;Wettig gehuwd plus partnerschap;2029;34085;950;33135;32451;635;49
4193;31 jaar;Wettig gehuwd plus partnerschap;2030;35022;981;34041;33340;650;51
4194;31 jaar;Wettig gehuwd plus partnerschap;2031;35242;991;34251;33546;653;52
4195;31 jaar;Wettig gehuwd plus partnerschap;2032;35729;1010;34719;33999;667;53
4196;31 jaar;Wettig gehuwd plus partnerschap;2033;35296;999;34297;33586;659;52
4197;31 jaar;Wettig gehuwd plus partnerschap;2034;35038;993;34045;33340;653;52
4198;31 jaar;Wettig gehuwd plus partnerschap;2035;34878;990;33888;33186;651;51
4199;31 jaar;Wettig gehuwd plus partnerschap;2036;33860;962;32898;32212;636;50
4200;31 jaar;Wettig gehuwd plus partnerschap;2037;33108;938;32170;31501;620;49
4201;31 jaar;Wettig gehuwd plus partnerschap;2038;32867;931;31936;31274;614;48
4202;31 jaar;Wettig gehuwd plus partnerschap;2039;32283;915;31368;30712;608;48
4203;31 jaar;Wettig gehuwd plus partnerschap;2040;32888;932;31956;31294;614;48
4204;31 jaar;Wettig gehuwd plus partnerschap;2041;32816;930;31886;31223;615;48
4205;31 jaar;Wettig gehuwd plus partnerschap;2042;32655;926;31729;31066;615;48
4206;31 jaar;Wettig gehuwd plus partnerschap;2043;32234;911;31323;30673;603;47
4207;31 jaar;Wettig gehuwd plus partnerschap;2044;31839;899;30940;30298;596;46
4208;31 jaar;Wettig gehuwd plus partnerschap;2045;31945;902;31043;30400;597;46
4209;31 jaar;Wettig gehuwd plus partnerschap;2046;32116;906;31210;30563;600;47
4210;31 jaar;Wettig gehuwd plus partnerschap;2047;32407;914;31493;30841;605;47
4211;31 jaar;Wettig gehuwd plus partnerschap;2048;32655;920;31735;31079;608;48
4212;31 jaar;Wettig gehuwd plus partnerschap;2049;32960;928;32032;31371;613;48
4213;31 jaar;Wettig gehuwd plus partnerschap;2050;33185;935;32250;31585;617;48
4214;31 jaar;Wettig gehuwd plus partnerschap;2051;33410;941;32469;31801;620;48
4215;31 jaar;Wettig gehuwd plus partnerschap;2052;33615;946;32669;31997;623;49
4216;31 jaar;Wettig gehuwd plus partnerschap;2053;33813;950;32863;32188;626;49
4217;31 jaar;Wettig gehuwd plus partnerschap;2054;33954;953;33001;32323;629;49
4218;31 jaar;Wettig gehuwd plus partnerschap;2055;34087;956;33131;32451;631;49
4219;31 jaar;Wettig gehuwd plus partnerschap;2056;34229;960;33269;32586;633;50
4220;31 jaar;Wettig gehuwd plus partnerschap;2057;34315;962;33353;32669;634;50
4221;31 jaar;Wettig gehuwd plus partnerschap;2058;34379;962;33417;32732;635;50
4222;31 jaar;Wettig gehuwd plus partnerschap;2059;34435;964;33471;32785;636;50
4223;31 jaar;Wettig gehuwd plus partnerschap;2060;34481;965;33516;32829;637;50
4224;31 jaar;Verweduwd;2013;118;43;75;10;65;0
4225;31 jaar;Verweduwd;2014;104;35;69;8;60;1
4226;31 jaar;Verweduwd;2015;105;41;64;7;57;0
4227;31 jaar;Verweduwd;2016;100;41;59;6;52;1
4228;31 jaar;Verweduwd;2017;102;41;61;6;54;1
4229;31 jaar;Verweduwd;2018;106;42;64;8;56;0
4230;31 jaar;Verweduwd;2019;93;38;55;7;48;0
4231;31 jaar;Verweduwd;2020;97;40;57;8;49;0
4232;31 jaar;Verweduwd;2021;95;39;56;7;49;0
4233;31 jaar;Verweduwd;2022;98;40;58;8;50;0
4234;31 jaar;Verweduwd;2023;94;39;55;7;48;0
4235;31 jaar;Verweduwd;2024;94;39;55;7;48;0
4236;31 jaar;Verweduwd;2025;94;39;55;7;48;0
4237;31 jaar;Verweduwd;2026;94;39;55;7;48;0
4238;31 jaar;Verweduwd;2027;91;37;54;7;47;0
4239;31 jaar;Verweduwd;2028;89;37;52;7;45;0
4240;31 jaar;Verweduwd;2029;89;37;52;7;45;0
4241;31 jaar;Verweduwd;2030;91;38;53;7;46;0
4242;31 jaar;Verweduwd;2031;90;38;52;7;45;0
4243;31 jaar;Verweduwd;2032;91;38;53;7;46;0
4244;31 jaar;Verweduwd;2033;90;38;52;7;45;0
4245;31 jaar;Verweduwd;2034;87;37;50;6;44;0
4246;31 jaar;Verweduwd;2035;87;37;50;6;44;0
4247;31 jaar;Verweduwd;2036;85;36;49;6;43;0
4248;31 jaar;Verweduwd;2037;83;35;48;6;42;0
4249;31 jaar;Verweduwd;2038;83;35;48;6;42;0
4250;31 jaar;Verweduwd;2039;80;33;47;6;41;0
4251;31 jaar;Verweduwd;2040;81;34;47;6;41;0
4252;31 jaar;Verweduwd;2041;80;34;46;6;40;0
4253;31 jaar;Verweduwd;2042;79;33;46;6;40;0
4254;31 jaar;Verweduwd;2043;78;33;45;6;39;0
4255;31 jaar;Verweduwd;2044;77;32;45;6;39;0
4256;31 jaar;Verweduwd;2045;77;32;45;6;39;0
4257;31 jaar;Verweduwd;2046;77;32;45;6;39;0
4258;31 jaar;Verweduwd;2047;77;32;45;6;39;0
4259;31 jaar;Verweduwd;2048;77;32;45;6;39;0
4260;31 jaar;Verweduwd;2049;77;32;45;6;39;0
4261;31 jaar;Verweduwd;2050;77;32;45;6;39;0
4262;31 jaar;Verweduwd;2051;77;32;45;6;39;0
4263;31 jaar;Verweduwd;2052;77;32;45;6;39;0
4264;31 jaar;Verweduwd;2053;77;32;45;6;39;0
4265;31 jaar;Verweduwd;2054;77;32;45;6;39;0
4266;31 jaar;Verweduwd;2055;77;32;45;6;39;0
4267;31 jaar;Verweduwd;2056;76;31;45;6;39;0
4268;31 jaar;Verweduwd;2057;76;31;45;6;39;0
4269;31 jaar;Verweduwd;2058;76;31;45;6;39;0
4270;31 jaar;Verweduwd;2059;76;31;45;6;39;0
4271;31 jaar;Verweduwd;2060;74;31;43;4;39;0
4272;31 jaar;Gescheiden;2013;4227;1763;2464;686;1699;79
4273;31 jaar;Gescheiden;2014;4116;1695;2421;666;1685;70
4274;31 jaar;Gescheiden;2015;4108;1670;2438;684;1684;70
4275;31 jaar;Gescheiden;2016;4082;1676;2406;718;1619;69
4276;31 jaar;Gescheiden;2017;4017;1637;2380;723;1590;67
4277;31 jaar;Gescheiden;2018;3986;1639;2347;726;1554;67
4278;31 jaar;Gescheiden;2019;4020;1668;2352;749;1535;68
4279;31 jaar;Gescheiden;2020;4020;1676;2344;753;1523;68
4280;31 jaar;Gescheiden;2021;4075;1710;2365;767;1528;70
4281;31 jaar;Gescheiden;2022;4235;1792;2443;808;1562;73
4282;31 jaar;Gescheiden;2023;4269;1810;2459;816;1570;73
4283;31 jaar;Gescheiden;2024;4284;1814;2470;821;1575;74
4284;31 jaar;Gescheiden;2025;4298;1817;2481;819;1587;75
4285;31 jaar;Gescheiden;2026;4342;1833;2509;827;1606;76
4286;31 jaar;Gescheiden;2027;4260;1796;2464;807;1582;75
4287;31 jaar;Gescheiden;2028;4253;1798;2455;808;1573;74
4288;31 jaar;Gescheiden;2029;4283;1809;2474;806;1593;75
4289;31 jaar;Gescheiden;2030;4407;1869;2538;832;1629;77
4290;31 jaar;Gescheiden;2031;4439;1886;2553;839;1636;78
4291;31 jaar;Gescheiden;2032;4531;1927;2604;853;1672;79
4292;31 jaar;Gescheiden;2033;4476;1905;2571;844;1648;79
4293;31 jaar;Gescheiden;2034;4448;1893;2555;840;1636;79
4294;31 jaar;Gescheiden;2035;4433;1889;2544;837;1629;78
4295;31 jaar;Gescheiden;2036;4310;1832;2478;811;1591;76
4296;31 jaar;Gescheiden;2037;4202;1785;2417;792;1551;74
4297;31 jaar;Gescheiden;2038;4164;1769;2395;786;1535;74
4298;31 jaar;Gescheiden;2039;4100;1737;2363;770;1520;73
4299;31 jaar;Gescheiden;2040;4167;1769;2398;789;1535;74
4300;31 jaar;Gescheiden;2041;4166;1768;2398;787;1538;73
4301;31 jaar;Gescheiden;2042;4153;1759;2394;783;1538;73
4302;31 jaar;Gescheiden;2043;4076;1727;2349;771;1506;72
4303;31 jaar;Gescheiden;2044;4021;1702;2319;760;1488;71
4304;31 jaar;Gescheiden;2045;4030;1705;2325;762;1492;71
4305;31 jaar;Gescheiden;2046;4047;1713;2334;766;1498;70
4306;31 jaar;Gescheiden;2047;4080;1727;2353;773;1509;71
4307;31 jaar;Gescheiden;2048;4108;1739;2369;779;1519;71
4308;31 jaar;Gescheiden;2049;4145;1755;2390;787;1531;72
4309;31 jaar;Gescheiden;2050;4171;1766;2405;793;1539;73
4310;31 jaar;Gescheiden;2051;4200;1778;2422;800;1548;74
4311;31 jaar;Gescheiden;2052;4224;1789;2435;805;1556;74
4312;31 jaar;Gescheiden;2053;4247;1800;2447;810;1563;74
4313;31 jaar;Gescheiden;2054;4265;1806;2459;815;1569;75
4314;31 jaar;Gescheiden;2055;4282;1814;2468;818;1575;75
4315;31 jaar;Gescheiden;2056;4300;1822;2478;823;1580;75
4316;31 jaar;Gescheiden;2057;4312;1827;2485;826;1584;75
4317;31 jaar;Gescheiden;2058;4320;1830;2490;828;1586;76
4318;31 jaar;Gescheiden;2059;4328;1834;2494;830;1589;75
4319;31 jaar;Gescheiden;2060;4334;1836;2498;831;1591;76
4320;32 jaar;Totaal burgerlijke staat;2013;118034;43906;74128;65056;7955;1117
4321;32 jaar;Totaal burgerlijke staat;2014;116347;43575;72772;63693;8003;1076
4322;32 jaar;Totaal burgerlijke staat;2015;113983;42907;71076;62211;7844;1021
4323;32 jaar;Totaal burgerlijke staat;2016;113598;42590;71008;62106;7898;1004
4324;32 jaar;Totaal burgerlijke staat;2017;116678;43330;73348;64208;8130;1010
4325;32 jaar;Totaal burgerlijke staat;2018;118308;43900;74408;65223;8169;1016
4326;32 jaar;Totaal burgerlijke staat;2019;121179;44801;76378;66920;8422;1036
4327;32 jaar;Totaal burgerlijke staat;2020;122517;45027;77490;68121;8329;1040
4328;32 jaar;Totaal burgerlijke staat;2021;122106;44631;77475;68145;8299;1031
4329;32 jaar;Totaal burgerlijke staat;2022;123325;44894;78431;69011;8383;1037
4330;32 jaar;Totaal burgerlijke staat;2023;128169;46540;81629;71963;8589;1077
4331;32 jaar;Totaal burgerlijke staat;2024;128211;46489;81722;72054;8593;1075
4332;32 jaar;Totaal burgerlijke staat;2025;127333;46059;81274;71750;8457;1067
4333;32 jaar;Totaal burgerlijke staat;2026;126432;45775;80657;71192;8404;1061
4334;32 jaar;Totaal burgerlijke staat;2027;126934;46013;80921;71445;8409;1067
4335;32 jaar;Totaal burgerlijke staat;2028;124307;45118;79189;69904;8239;1046
4336;32 jaar;Totaal burgerlijke staat;2029;124568;45230;79338;70105;8184;1049
4337;32 jaar;Totaal burgerlijke staat;2030;125036;45620;79416;70055;8303;1058
4338;32 jaar;Totaal burgerlijke staat;2031;128768;47112;81656;72061;8502;1093
4339;32 jaar;Totaal burgerlijke staat;2032;129809;47591;82218;72567;8547;1104
4340;32 jaar;Totaal burgerlijke staat;2033;132109;48623;83486;73608;8749;1129
4341;32 jaar;Totaal burgerlijke staat;2034;130583;48093;82490;72745;8629;1116
4342;32 jaar;Totaal burgerlijke staat;2035;129723;47815;81908;72239;8558;1111
4343;32 jaar;Totaal burgerlijke staat;2036;129240;47689;81551;71920;8523;1108
4344;32 jaar;Totaal burgerlijke staat;2037;125512;46324;79188;69798;8313;1077
4345;32 jaar;Totaal burgerlijke staat;2038;122573;45174;77399;68254;8095;1050
4346;32 jaar;Totaal burgerlijke staat;2039;121586;44767;76819;67769;8010;1040
4347;32 jaar;Totaal burgerlijke staat;2040;119501;44006;75495;66546;7928;1021
4348;32 jaar;Totaal burgerlijke staat;2041;121627;44740;76887;67837;8011;1039
4349;32 jaar;Totaal burgerlijke staat;2042;121395;44659;76736;67673;8026;1037
4350;32 jaar;Totaal burgerlijke staat;2043;120781;44425;76356;67305;8019;1032
4351;32 jaar;Totaal burgerlijke staat;2044;118885;43602;75283;66420;7850;1013
4352;32 jaar;Totaal burgerlijke staat;2045;117258;42940;74318;65568;7753;997
4353;32 jaar;Totaal burgerlijke staat;2046;117518;42985;74533;65763;7773;997
4354;32 jaar;Totaal burgerlijke staat;2047;118017;43124;74893;66088;7805;1000
4355;32 jaar;Totaal burgerlijke staat;2048;118957;43423;75534;66661;7866;1007
4356;32 jaar;Totaal burgerlijke staat;2049;119752;43671;76081;67149;7919;1013
4357;32 jaar;Totaal burgerlijke staat;2050;120770;44008;76762;67759;7983;1020
4358;32 jaar;Totaal burgerlijke staat;2051;121486;44227;77259;68202;8031;1026
4359;32 jaar;Totaal burgerlijke staat;2052;122218;44456;77762;68654;8077;1031
4360;32 jaar;Totaal burgerlijke staat;2053;122878;44661;78217;69061;8120;1036
4361;32 jaar;Totaal burgerlijke staat;2054;123533;44866;78667;69464;8163;1040
4362;32 jaar;Totaal burgerlijke staat;2055;123982;44999;78983;69747;8192;1044
4363;32 jaar;Totaal burgerlijke staat;2056;124417;45130;79287;70021;8220;1046
4364;32 jaar;Totaal burgerlijke staat;2057;124902;45285;79617;70315;8252;1050
4365;32 jaar;Totaal burgerlijke staat;2058;125196;45371;79825;70500;8272;1053
4366;32 jaar;Totaal burgerlijke staat;2059;125416;45434;79982;70643;8285;1054
4367;32 jaar;Totaal burgerlijke staat;2060;125620;45498;80122;70768;8298;1056
4368;32 jaar;Ongehuwd;2013;76056;40800;35256;29297;4972;987
4369;32 jaar;Ongehuwd;2014;75792;40532;35260;29221;5082;957
4370;32 jaar;Ongehuwd;2015;74790;40015;34775;28856;5008;911
4371;32 jaar;Ongehuwd;2016;74974;39770;35204;29210;5099;895
4372;32 jaar;Ongehuwd;2017;77139;40482;36657;30350;5407;900
4373;32 jaar;Ongehuwd;2018;78596;41084;37512;31115;5490;907
4374;32 jaar;Ongehuwd;2019;80832;41955;38877;32172;5779;926
4375;32 jaar;Ongehuwd;2020;81516;42141;39375;32719;5727;929
4376;32 jaar;Ongehuwd;2021;80966;41738;39228;32606;5703;919
4377;32 jaar;Ongehuwd;2022;81528;41950;39578;32891;5764;923
4378;32 jaar;Ongehuwd;2023;84551;43454;41097;34234;5905;958
4379;32 jaar;Ongehuwd;2024;84353;43381;40972;34117;5899;956
4380;32 jaar;Ongehuwd;2025;83494;42951;40543;33833;5763;947
4381;32 jaar;Ongehuwd;2026;82804;42672;40132;33495;5696;941
4382;32 jaar;Ongehuwd;2027;83099;42884;40215;33590;5679;946
4383;32 jaar;Ongehuwd;2028;81412;42058;39354;32873;5553;928
4384;32 jaar;Ongehuwd;2029;81584;42162;39422;32979;5513;930
4385;32 jaar;Ongehuwd;2030;82045;42535;39510;32975;5597;938
4386;32 jaar;Ongehuwd;2031;84576;43922;40654;33949;5736;969
4387;32 jaar;Ongehuwd;2032;85328;44370;40958;34209;5770;979
4388;32 jaar;Ongehuwd;2033;86964;45333;41631;34718;5912;1001
4389;32 jaar;Ongehuwd;2034;85984;44842;41142;34323;5829;990
4390;32 jaar;Ongehuwd;2035;85439;44584;40855;34089;5781;985
4391;32 jaar;Ongehuwd;2036;85144;44464;40680;33939;5759;982
4392;32 jaar;Ongehuwd;2037;82696;43199;39497;32928;5613;956
4393;32 jaar;Ongehuwd;2038;80720;42132;38588;32195;5461;932
4394;32 jaar;Ongehuwd;2039;80043;41752;38291;31967;5402;922
4395;32 jaar;Ongehuwd;2040;78686;41048;37638;31386;5346;906
4396;32 jaar;Ongehuwd;2041;80045;41722;38323;31999;5403;921
4397;32 jaar;Ongehuwd;2042;79890;41645;38245;31912;5414;919
4398;32 jaar;Ongehuwd;2043;79475;41425;38050;31723;5411;916
4399;32 jaar;Ongehuwd;2044;78137;40657;37480;31289;5293;898
4400;32 jaar;Ongehuwd;2045;77019;40039;36980;30870;5226;884
4401;32 jaar;Ongehuwd;2046;77149;40078;37071;30948;5239;884
4402;32 jaar;Ongehuwd;2047;77437;40203;37234;31085;5262;887
4403;32 jaar;Ongehuwd;2048;78016;40477;37539;31342;5304;893
4404;32 jaar;Ongehuwd;2049;78504;40704;37800;31561;5341;898
4405;32 jaar;Ongehuwd;2050;79141;41013;38128;31839;5385;904
4406;32 jaar;Ongehuwd;2051;79576;41212;38364;32038;5418;908
4407;32 jaar;Ongehuwd;2052;80028;41421;38607;32244;5450;913
4408;32 jaar;Ongehuwd;2053;80436;41608;38828;32430;5480;918
4409;32 jaar;Ongehuwd;2054;80845;41796;39049;32617;5510;922
4410;32 jaar;Ongehuwd;2055;81119;41917;39202;32747;5530;925
4411;32 jaar;Ongehuwd;2056;81391;42036;39355;32878;5550;927
4412;32 jaar;Ongehuwd;2057;81699;42178;39521;33019;5572;930
4413;32 jaar;Ongehuwd;2058;81886;42257;39629;33111;5586;932
4414;32 jaar;Ongehuwd;2059;82027;42315;39712;33183;5596;933
4415;32 jaar;Ongehuwd;2060;82162;42375;39787;33247;5605;935
4416;32 jaar;Wettig gehuwd plus partnerschap;2013;36713;1042;35671;34873;746;52
4417;32 jaar;Wettig gehuwd plus partnerschap;2014;35350;956;34394;33591;756;47
4418;32 jaar;Wettig gehuwd plus partnerschap;2015;34161;904;33257;32494;718;45
4419;32 jaar;Wettig gehuwd plus partnerschap;2016;33628;867;32761;32019;698;44
4420;32 jaar;Wettig gehuwd plus partnerschap;2017;34547;874;33673;32944;684;45
4421;32 jaar;Wettig gehuwd plus partnerschap;2018;34775;872;33903;33188;670;45
4422;32 jaar;Wettig gehuwd plus partnerschap;2019;35421;888;34533;33821;666;46
4423;32 jaar;Wettig gehuwd plus partnerschap;2020;36051;899;35152;34450;656;46
4424;32 jaar;Wettig gehuwd plus partnerschap;2021;36184;898;35286;34583;657;46
4425;32 jaar;Wettig gehuwd plus partnerschap;2022;36773;911;35862;35148;667;47
4426;32 jaar;Wettig gehuwd plus partnerschap;2023;38390;951;37439;36704;686;49
4427;32 jaar;Wettig gehuwd plus partnerschap;2024;38595;954;37641;36903;689;49
4428;32 jaar;Wettig gehuwd plus partnerschap;2025;38565;951;37614;36880;685;49
4429;32 jaar;Wettig gehuwd plus partnerschap;2026;38345;947;37398;36662;687;49
4430;32 jaar;Wettig gehuwd plus partnerschap;2027;38506;954;37552;36813;690;49
4431;32 jaar;Wettig gehuwd plus partnerschap;2028;37676;934;36742;36016;678;48
4432;32 jaar;Wettig gehuwd plus partnerschap;2029;37769;937;36832;36108;675;49
4433;32 jaar;Wettig gehuwd plus partnerschap;2030;37740;942;36798;36065;684;49
4434;32 jaar;Wettig gehuwd plus partnerschap;2031;38786;974;37812;37062;699;51
4435;32 jaar;Wettig gehuwd plus partnerschap;2032;39036;984;38052;37299;702;51
4436;32 jaar;Wettig gehuwd plus partnerschap;2033;39583;1003;38580;37810;718;52
4437;32 jaar;Wettig gehuwd plus partnerschap;2034;39106;992;38114;37355;708;51
4438;32 jaar;Wettig gehuwd plus partnerschap;2035;38828;986;37842;37088;703;51
4439;32 jaar;Wettig gehuwd plus partnerschap;2036;38655;983;37672;36922;699;51
4440;32 jaar;Wettig gehuwd plus partnerschap;2037;37532;955;36577;35845;683;49
4441;32 jaar;Wettig gehuwd plus partnerschap;2038;36707;931;35776;35061;667;48
4442;32 jaar;Wettig gehuwd plus partnerschap;2039;36442;923;35519;34810;661;48
4443;32 jaar;Wettig gehuwd plus partnerschap;2040;35797;906;34891;34190;654;47
4444;32 jaar;Wettig gehuwd plus partnerschap;2041;36477;924;35553;34844;661;48
4445;32 jaar;Wettig gehuwd plus partnerschap;2042;36402;923;35479;34769;662;48
4446;32 jaar;Wettig gehuwd plus partnerschap;2043;36222;919;35303;34595;661;47
4447;32 jaar;Wettig gehuwd plus partnerschap;2044;35759;904;34855;34159;649;47
4448;32 jaar;Wettig gehuwd plus partnerschap;2045;35322;892;34430;33742;642;46
4449;32 jaar;Wettig gehuwd plus partnerschap;2046;35439;894;34545;33856;643;46
4450;32 jaar;Wettig gehuwd plus partnerschap;2047;35630;899;34731;34039;646;46
4451;32 jaar;Wettig gehuwd plus partnerschap;2048;35949;907;35042;34345;651;46
4452;32 jaar;Wettig gehuwd plus partnerschap;2049;36221;913;35308;34606;655;47
4453;32 jaar;Wettig gehuwd plus partnerschap;2050;36556;921;35635;34928;660;47
4454;32 jaar;Wettig gehuwd plus partnerschap;2051;36805;928;35877;35165;664;48
4455;32 jaar;Wettig gehuwd plus partnerschap;2052;37051;933;36118;35403;667;48
4456;32 jaar;Wettig gehuwd plus partnerschap;2053;37275;939;36336;35617;671;48
4457;32 jaar;Wettig gehuwd plus partnerschap;2054;37491;943;36548;35826;674;48
4458;32 jaar;Wettig gehuwd plus partnerschap;2055;37643;946;36697;35973;676;48
4459;32 jaar;Wettig gehuwd plus partnerschap;2056;37786;949;36837;36111;678;48
4460;32 jaar;Wettig gehuwd plus partnerschap;2057;37942;953;36989;36259;681;49
4461;32 jaar;Wettig gehuwd plus partnerschap;2058;38034;954;37080;36348;683;49
4462;32 jaar;Wettig gehuwd plus partnerschap;2059;38105;956;37149;36416;684;49
4463;32 jaar;Wettig gehuwd plus partnerschap;2060;38166;957;37209;36475;685;49
4464;32 jaar;Verweduwd;2013;127;37;90;6;84;0
4465;32 jaar;Verweduwd;2014;132;45;87;10;77;0
4466;32 jaar;Verweduwd;2015;118;38;80;8;72;0
4467;32 jaar;Verweduwd;2016;119;43;76;8;68;0
4468;32 jaar;Verweduwd;2017;115;43;72;7;65;0
4469;32 jaar;Verweduwd;2018;116;43;73;7;66;0
4470;32 jaar;Verweduwd;2019;121;45;76;8;68;0
4471;32 jaar;Verweduwd;2020;108;41;67;7;60;0
4472;32 jaar;Verweduwd;2021;111;42;69;8;61;0
4473;32 jaar;Verweduwd;2022;110;42;68;7;61;0
4474;32 jaar;Verweduwd;2023;111;42;69;7;62;0
4475;32 jaar;Verweduwd;2024;109;42;67;7;60;0
4476;32 jaar;Verweduwd;2025;109;42;67;7;60;0
4477;32 jaar;Verweduwd;2026;107;41;66;7;59;0
4478;32 jaar;Verweduwd;2027;106;40;66;7;59;0
4479;32 jaar;Verweduwd;2028;105;40;65;7;58;0
4480;32 jaar;Verweduwd;2029;104;40;64;7;57;0
4481;32 jaar;Verweduwd;2030;104;40;64;7;57;0
4482;32 jaar;Verweduwd;2031;105;40;65;7;58;0
4483;32 jaar;Verweduwd;2032;104;40;64;7;57;0
4484;32 jaar;Verweduwd;2033;105;41;64;7;57;0
4485;32 jaar;Verweduwd;2034;104;40;64;7;57;0
4486;32 jaar;Verweduwd;2035;102;39;63;7;56;0
4487;32 jaar;Verweduwd;2036;101;39;62;7;55;0
4488;32 jaar;Verweduwd;2037;99;38;61;7;54;0
4489;32 jaar;Verweduwd;2038;95;36;59;6;53;0
4490;32 jaar;Verweduwd;2039;94;36;58;6;52;0
4491;32 jaar;Verweduwd;2040;93;36;57;5;52;0
4492;32 jaar;Verweduwd;2041;93;36;57;5;52;0
4493;32 jaar;Verweduwd;2042;91;35;56;5;51;0
4494;32 jaar;Verweduwd;2043;90;35;55;5;50;0
4495;32 jaar;Verweduwd;2044;88;34;54;5;49;0
4496;32 jaar;Verweduwd;2045;87;34;53;5;48;0
4497;32 jaar;Verweduwd;2046;87;33;54;5;49;0
4498;32 jaar;Verweduwd;2047;86;33;53;5;48;0
4499;32 jaar;Verweduwd;2048;86;33;53;5;48;0
4500;32 jaar;Verweduwd;2049;87;33;54;5;49;0
4501;32 jaar;Verweduwd;2050;86;33;53;5;48;0
4502;32 jaar;Verweduwd;2051;87;33;54;5;49;0
4503;32 jaar;Verweduwd;2052;87;33;54;5;49;0
4504;32 jaar;Verweduwd;2053;87;33;54;5;49;0
4505;32 jaar;Verweduwd;2054;87;33;54;5;49;0
4506;32 jaar;Verweduwd;2055;88;34;54;5;49;0
4507;32 jaar;Verweduwd;2056;88;34;54;5;49;0
4508;32 jaar;Verweduwd;2057;87;34;53;5;48;0
4509;32 jaar;Verweduwd;2058;87;34;53;5;48;0
4510;32 jaar;Verweduwd;2059;85;33;52;5;47;0
4511;32 jaar;Verweduwd;2060;84;32;52;5;47;0
4512;32 jaar;Gescheiden;2013;5138;2027;3111;880;2153;78
4513;32 jaar;Gescheiden;2014;5073;2042;3031;871;2088;72
4514;32 jaar;Gescheiden;2015;4914;1950;2964;853;2046;65
4515;32 jaar;Gescheiden;2016;4877;1910;2967;869;2033;65
4516;32 jaar;Gescheiden;2017;4877;1931;2946;907;1974;65
4517;32 jaar;Gescheiden;2018;4821;1901;2920;913;1943;64
4518;32 jaar;Gescheiden;2019;4805;1913;2892;919;1909;64
4519;32 jaar;Gescheiden;2020;4842;1946;2896;945;1886;65
4520;32 jaar;Gescheiden;2021;4845;1953;2892;948;1878;66
4521;32 jaar;Gescheiden;2022;4914;1991;2923;965;1891;67
4522;32 jaar;Gescheiden;2023;5117;2093;3024;1018;1936;70
4523;32 jaar;Gescheiden;2024;5154;2112;3042;1027;1945;70
4524;32 jaar;Gescheiden;2025;5165;2115;3050;1030;1949;71
4525;32 jaar;Gescheiden;2026;5176;2115;3061;1028;1962;71
4526;32 jaar;Gescheiden;2027;5223;2135;3088;1035;1981;72
4527;32 jaar;Gescheiden;2028;5114;2086;3028;1008;1950;70
4528;32 jaar;Gescheiden;2029;5111;2091;3020;1011;1939;70
4529;32 jaar;Gescheiden;2030;5147;2103;3044;1008;1965;71
4530;32 jaar;Gescheiden;2031;5301;2176;3125;1043;2009;73
4531;32 jaar;Gescheiden;2032;5341;2197;3144;1052;2018;74
4532;32 jaar;Gescheiden;2033;5457;2246;3211;1073;2062;76
4533;32 jaar;Gescheiden;2034;5389;2219;3170;1060;2035;75
4534;32 jaar;Gescheiden;2035;5354;2206;3148;1055;2018;75
4535;32 jaar;Gescheiden;2036;5340;2203;3137;1052;2010;75
4536;32 jaar;Gescheiden;2037;5185;2132;3053;1018;1963;72
4537;32 jaar;Gescheiden;2038;5051;2075;2976;992;1914;70
4538;32 jaar;Gescheiden;2039;5007;2056;2951;986;1895;70
4539;32 jaar;Gescheiden;2040;4925;2016;2909;965;1876;68
4540;32 jaar;Gescheiden;2041;5012;2058;2954;989;1895;70
4541;32 jaar;Gescheiden;2042;5012;2056;2956;987;1899;70
4542;32 jaar;Gescheiden;2043;4994;2046;2948;982;1897;69
4543;32 jaar;Gescheiden;2044;4901;2007;2894;967;1859;68
4544;32 jaar;Gescheiden;2045;4830;1975;2855;951;1837;67
4545;32 jaar;Gescheiden;2046;4843;1980;2863;954;1842;67
4546;32 jaar;Gescheiden;2047;4864;1989;2875;959;1849;67
4547;32 jaar;Gescheiden;2048;4906;2006;2900;969;1863;68
4548;32 jaar;Gescheiden;2049;4940;2021;2919;977;1874;68
4549;32 jaar;Gescheiden;2050;4987;2041;2946;987;1890;69
4550;32 jaar;Gescheiden;2051;5018;2054;2964;994;1900;70
4551;32 jaar;Gescheiden;2052;5052;2069;2983;1002;1911;70
4552;32 jaar;Gescheiden;2053;5080;2081;2999;1009;1920;70
4553;32 jaar;Gescheiden;2054;5110;2094;3016;1016;1930;70
4554;32 jaar;Gescheiden;2055;5132;2102;3030;1022;1937;71
4555;32 jaar;Gescheiden;2056;5152;2111;3041;1027;1943;71
4556;32 jaar;Gescheiden;2057;5174;2120;3054;1032;1951;71
4557;32 jaar;Gescheiden;2058;5189;2126;3063;1036;1955;72
4558;32 jaar;Gescheiden;2059;5199;2130;3069;1039;1958;72
4559;32 jaar;Gescheiden;2060;5208;2134;3074;1041;1961;72
4560;33 jaar;Totaal burgerlijke staat;2013;114165;39750;74415;65180;8312;923
4561;33 jaar;Totaal burgerlijke staat;2014;118410;41760;76650;67001;8699;950
4562;33 jaar;Totaal burgerlijke staat;2015;116533;41147;75386;65801;8667;918
4563;33 jaar;Totaal burgerlijke staat;2016;113997;40196;73801;64482;8444;875
4564;33 jaar;Totaal burgerlijke staat;2017;113597;39873;73724;64383;8479;862
4565;33 jaar;Totaal burgerlijke staat;2018;116671;40581;76090;66501;8716;873
4566;33 jaar;Totaal burgerlijke staat;2019;118297;41136;77161;67488;8792;881
4567;33 jaar;Totaal burgerlijke staat;2020;121138;41998;79140;69177;9063;900
4568;33 jaar;Totaal burgerlijke staat;2021;122478;42218;80260;70362;8994;904
4569;33 jaar;Totaal burgerlijke staat;2022;122039;41842;80197;70336;8965;896
4570;33 jaar;Totaal burgerlijke staat;2023;123235;42096;81139;71179;9058;902
4571;33 jaar;Totaal burgerlijke staat;2024;128073;43702;84371;74143;9290;938
4572;33 jaar;Totaal burgerlijke staat;2025;128119;43682;84437;74207;9292;938
4573;33 jaar;Totaal burgerlijke staat;2026;127249;43291;83958;73875;9153;930
4574;33 jaar;Totaal burgerlijke staat;2027;126362;43035;83327;73304;9097;926
4575;33 jaar;Totaal burgerlijke staat;2028;126871;43272;83599;73564;9105;930
4576;33 jaar;Totaal burgerlijke staat;2029;124254;42414;81840;72009;8919;912
4577;33 jaar;Totaal burgerlijke staat;2030;124527;42517;82010;72232;8863;915
4578;33 jaar;Totaal burgerlijke staat;2031;124986;42872;82114;72204;8988;922
4579;33 jaar;Totaal burgerlijke staat;2032;128716;44296;84420;74264;9203;953
4580;33 jaar;Totaal burgerlijke staat;2033;129767;44756;85011;74794;9254;963
4581;33 jaar;Totaal burgerlijke staat;2034;132051;45734;86317;75863;9469;985
4582;33 jaar;Totaal burgerlijke staat;2035;130542;45234;85308;74995;9338;975
4583;33 jaar;Totaal burgerlijke staat;2036;129690;44974;84716;74487;9260;969
4584;33 jaar;Totaal burgerlijke staat;2037;129214;44854;84360;74168;9225;967
4585;33 jaar;Totaal burgerlijke staat;2038;125497;43545;81952;72016;8997;939
4586;33 jaar;Totaal burgerlijke staat;2039;122580;42451;80129;70453;8761;915
4587;33 jaar;Totaal burgerlijke staat;2040;121601;42058;79543;69966;8671;906
4588;33 jaar;Totaal burgerlijke staat;2041;119524;41327;78197;68723;8584;890
4589;33 jaar;Totaal burgerlijke staat;2042;121648;42034;79614;70037;8672;905
4590;33 jaar;Totaal burgerlijke staat;2043;121409;41956;79453;69861;8688;904
4591;33 jaar;Totaal burgerlijke staat;2044;120794;41733;79061;69481;8682;898
4592;33 jaar;Totaal burgerlijke staat;2045;118915;40954;77961;68577;8502;882
4593;33 jaar;Totaal burgerlijke staat;2046;117294;40320;76974;67708;8399;867
4594;33 jaar;Totaal burgerlijke staat;2047;117551;40362;77189;67904;8417;868
4595;33 jaar;Totaal burgerlijke staat;2048;118053;40492;77561;68234;8456;871
4596;33 jaar;Totaal burgerlijke staat;2049;118986;40775;78211;68815;8519;877
4597;33 jaar;Totaal burgerlijke staat;2050;119778;41010;78768;69310;8576;882
4598;33 jaar;Totaal burgerlijke staat;2051;120790;41327;79463;69930;8644;889
4599;33 jaar;Totaal burgerlijke staat;2052;121497;41531;79966;70377;8695;894
4600;33 jaar;Totaal burgerlijke staat;2053;122225;41747;80478;70834;8746;898
4601;33 jaar;Totaal burgerlijke staat;2054;122881;41942;80939;71247;8790;902
4602;33 jaar;Totaal burgerlijke staat;2055;123531;42136;81395;71652;8836;907
4603;33 jaar;Totaal burgerlijke staat;2056;123980;42264;81716;71937;8869;910
4604;33 jaar;Totaal burgerlijke staat;2057;124412;42386;82026;72214;8900;912
4605;33 jaar;Totaal burgerlijke staat;2058;124893;42537;82356;72509;8931;916
4606;33 jaar;Totaal burgerlijke staat;2059;125184;42620;82564;72693;8954;917
4607;33 jaar;Totaal burgerlijke staat;2060;125408;42683;82725;72836;8970;919
4608;33 jaar;Ongehuwd;2013;69010;36393;32617;26904;4902;811
4609;33 jaar;Ongehuwd;2014;72670;38406;34264;28210;5218;836
4610;33 jaar;Ongehuwd;2015;72275;37907;34368;28276;5280;812
4611;33 jaar;Ongehuwd;2016;71176;37137;34039;28082;5184;773
4612;33 jaar;Ongehuwd;2017;71306;36878;34428;28400;5266;762
4613;33 jaar;Ongehuwd;2018;73323;37534;35789;29448;5570;771
4614;33 jaar;Ongehuwd;2019;74702;38107;36595;30133;5682;780
4615;33 jaar;Ongehuwd;2020;76786;38928;37858;31079;5982;797
4616;33 jaar;Ongehuwd;2021;77402;39104;38298;31547;5951;800
4617;33 jaar;Ongehuwd;2022;76836;38723;38113;31396;5925;792
4618;33 jaar;Ongehuwd;2023;77333;38925;38408;31626;5986;796
4619;33 jaar;Ongehuwd;2024;80168;40364;39804;32843;6134;827
4620;33 jaar;Ongehuwd;2025;79994;40321;39673;32720;6127;826
4621;33 jaar;Ongehuwd;2026;79185;39934;39251;32442;5991;818
4622;33 jaar;Ongehuwd;2027;78547;39684;38863;32126;5923;814
4623;33 jaar;Ongehuwd;2028;78830;39891;38939;32215;5907;817
4624;33 jaar;Ongehuwd;2029;77254;39115;38139;31562;5775;802
4625;33 jaar;Ongehuwd;2030;77430;39213;38217;31677;5735;805
4626;33 jaar;Ongehuwd;2031;77873;39550;38323;31691;5821;811
4627;33 jaar;Ongehuwd;2032;80272;40853;39419;32615;5966;838
4628;33 jaar;Ongehuwd;2033;80992;41278;39714;32866;6001;847
4629;33 jaar;Ongehuwd;2034;82536;42175;40361;33347;6147;867
4630;33 jaar;Ongehuwd;2035;81620;41721;39899;32982;6060;857
4631;33 jaar;Ongehuwd;2036;81108;41480;39628;32765;6010;853
4632;33 jaar;Ongehuwd;2037;80827;41366;39461;32623;5987;851
4633;33 jaar;Ongehuwd;2038;78517;40173;38344;31682;5836;826
4634;33 jaar;Ongehuwd;2039;76657;39171;37486;31002;5679;805
4635;33 jaar;Ongehuwd;2040;76015;38810;37205;30789;5618;798
4636;33 jaar;Ongehuwd;2041;74732;38144;36588;30245;5560;783
4637;33 jaar;Ongehuwd;2042;76006;38779;37227;30811;5619;797
4638;33 jaar;Ongehuwd;2043;75848;38705;37143;30717;5630;796
4639;33 jaar;Ongehuwd;2044;75447;38496;36951;30534;5627;790
4640;33 jaar;Ongehuwd;2045;74184;37779;36405;30122;5507;776
4641;33 jaar;Ongehuwd;2046;73121;37197;35924;29725;5437;762
4642;33 jaar;Ongehuwd;2047;73237;37230;36007;29794;5450;763
4643;33 jaar;Ongehuwd;2048;73508;37346;36162;29921;5475;766
4644;33 jaar;Ongehuwd;2049;74048;37599;36449;30160;5518;771
4645;33 jaar;Ongehuwd;2050;74506;37812;36694;30363;5556;775
4646;33 jaar;Ongehuwd;2051;75101;38098;37003;30621;5601;781
4647;33 jaar;Ongehuwd;2052;75510;38282;37228;30807;5635;786
4648;33 jaar;Ongehuwd;2053;75933;38476;37457;30998;5669;790
4649;33 jaar;Ongehuwd;2054;76313;38650;37663;31172;5699;792
4650;33 jaar;Ongehuwd;2055;76693;38825;37868;31343;5729;796
4651;33 jaar;Ongehuwd;2056;76956;38939;38017;31466;5752;799
4652;33 jaar;Ongehuwd;2057;77211;39050;38161;31588;5772;801
4653;33 jaar;Ongehuwd;2058;77502;39185;38317;31719;5794;804
4654;33 jaar;Ongehuwd;2059;77679;39261;38418;31804;5809;805
4655;33 jaar;Ongehuwd;2060;77813;39317;38496;31870;5820;806
4656;33 jaar;Wettig gehuwd plus partnerschap;2013;39071;1027;38044;37233;766;45
4657;33 jaar;Wettig gehuwd plus partnerschap;2014;39535;997;38538;37692;801;45
4658;33 jaar;Wettig gehuwd plus partnerschap;2015;38188;917;37271;36436;793;42
4659;33 jaar;Wettig gehuwd plus partnerschap;2016;36982;859;36123;35333;749;41
4660;33 jaar;Wettig gehuwd plus partnerschap;2017;36507;834;35673;34907;726;40
4661;33 jaar;Wettig gehuwd plus partnerschap;2018;37539;849;36690;35933;716;41
4662;33 jaar;Wettig gehuwd plus partnerschap;2019;37835;853;36982;36231;710;41
4663;33 jaar;Wettig gehuwd plus partnerschap;2020;38583;870;37713;36961;710;42
4664;33 jaar;Wettig gehuwd plus partnerschap;2021;39274;881;38393;37648;703;42
4665;33 jaar;Wettig gehuwd plus partnerschap;2022;39399;879;38520;37773;705;42
4666;33 jaar;Wettig gehuwd plus partnerschap;2023;40014;891;39123;38364;716;43
4667;33 jaar;Wettig gehuwd plus partnerschap;2024;41763;934;40829;40045;739;45
4668;33 jaar;Wettig gehuwd plus partnerschap;2025;41945;938;41007;40222;740;45
4669;33 jaar;Wettig gehuwd plus partnerschap;2026;41881;933;40948;40166;737;45
4670;33 jaar;Wettig gehuwd plus partnerschap;2027;41629;930;40699;39917;737;45
4671;33 jaar;Wettig gehuwd plus partnerschap;2028;41801;937;40864;40078;741;45
4672;33 jaar;Wettig gehuwd plus partnerschap;2029;40900;915;39985;39213;728;44
4673;33 jaar;Wettig gehuwd plus partnerschap;2030;41003;917;40086;39318;724;44
4674;33 jaar;Wettig gehuwd plus partnerschap;2031;40979;923;40056;39279;733;44
4675;33 jaar;Wettig gehuwd plus partnerschap;2032;42122;956;41166;40370;750;46
4676;33 jaar;Wettig gehuwd plus partnerschap;2033;42402;966;41436;40636;754;46
4677;33 jaar;Wettig gehuwd plus partnerschap;2034;43000;985;42015;41198;770;47
4678;33 jaar;Wettig gehuwd plus partnerschap;2035;42492;974;41518;40711;760;47
4679;33 jaar;Wettig gehuwd plus partnerschap;2036;42194;969;41225;40426;753;46
4680;33 jaar;Wettig gehuwd plus partnerschap;2037;42015;967;41048;40251;751;46
4681;33 jaar;Wettig gehuwd plus partnerschap;2038;40799;936;39863;39085;733;45
4682;33 jaar;Wettig gehuwd plus partnerschap;2039;39905;912;38993;38234;715;44
4683;33 jaar;Wettig gehuwd plus partnerschap;2040;39624;903;38721;37969;709;43
4684;33 jaar;Wettig gehuwd plus partnerschap;2041;38928;886;38042;37297;702;43
4685;33 jaar;Wettig gehuwd plus partnerschap;2042;39673;907;38766;38014;709;43
4686;33 jaar;Wettig gehuwd plus partnerschap;2043;39592;905;38687;37933;711;43
4687;33 jaar;Wettig gehuwd plus partnerschap;2044;39398;901;38497;37744;710;43
4688;33 jaar;Wettig gehuwd plus partnerschap;2045;38896;886;38010;37271;697;42
4689;33 jaar;Wettig gehuwd plus partnerschap;2046;38424;873;37551;36819;690;42
4690;33 jaar;Wettig gehuwd plus partnerschap;2047;38551;876;37675;36942;691;42
4691;33 jaar;Wettig gehuwd plus partnerschap;2048;38756;880;37876;37139;695;42
4692;33 jaar;Wettig gehuwd plus partnerschap;2049;39099;889;38210;37469;699;42
4693;33 jaar;Wettig gehuwd plus partnerschap;2050;39393;895;38498;37751;704;43
4694;33 jaar;Wettig gehuwd plus partnerschap;2051;39755;903;38852;38100;709;43
4695;33 jaar;Wettig gehuwd plus partnerschap;2052;40017;909;39108;38352;713;43
4696;33 jaar;Wettig gehuwd plus partnerschap;2053;40283;915;39368;38608;717;43
4697;33 jaar;Wettig gehuwd plus partnerschap;2054;40522;920;39602;38838;720;44
4698;33 jaar;Wettig gehuwd plus partnerschap;2055;40756;925;39831;39063;724;44
4699;33 jaar;Wettig gehuwd plus partnerschap;2056;40918;928;39990;39219;727;44
4700;33 jaar;Wettig gehuwd plus partnerschap;2057;41071;931;40140;39367;729;44
4701;33 jaar;Wettig gehuwd plus partnerschap;2058;41236;935;40301;39525;731;45
4702;33 jaar;Wettig gehuwd plus partnerschap;2059;41334;936;40398;39620;733;45
4703;33 jaar;Wettig gehuwd plus partnerschap;2060;41410;938;40472;39693;734;45
4704;33 jaar;Verweduwd;2013;166;50;116;9;107;0
4705;33 jaar;Verweduwd;2014;147;41;106;7;99;0
4706;33 jaar;Verweduwd;2015;150;47;103;11;92;0
4707;33 jaar;Verweduwd;2016;134;40;94;8;86;0
4708;33 jaar;Verweduwd;2017;135;44;91;8;83;0
4709;33 jaar;Verweduwd;2018;131;44;87;7;80;0
4710;33 jaar;Verweduwd;2019;131;43;88;7;81;0
4711;33 jaar;Verweduwd;2020;135;45;90;8;82;0
4712;33 jaar;Verweduwd;2021;124;42;82;8;74;0
4713;33 jaar;Verweduwd;2022;125;43;82;8;74;0
4714;33 jaar;Verweduwd;2023;125;42;83;8;75;0
4715;33 jaar;Verweduwd;2024;128;44;84;8;76;0
4716;33 jaar;Verweduwd;2025;125;43;82;8;74;0
4717;33 jaar;Verweduwd;2026;125;43;82;8;74;0
4718;33 jaar;Verweduwd;2027;123;42;81;8;73;0
4719;33 jaar;Verweduwd;2028;122;42;80;8;72;0
4720;33 jaar;Verweduwd;2029;118;41;77;7;70;0
4721;33 jaar;Verweduwd;2030;117;40;77;7;70;0
4722;33 jaar;Verweduwd;2031;117;40;77;7;70;0
4723;33 jaar;Verweduwd;2032;117;40;77;7;70;0
4724;33 jaar;Verweduwd;2033;117;40;77;7;70;0
4725;33 jaar;Verweduwd;2034;120;42;78;7;71;0
4726;33 jaar;Verweduwd;2035;117;40;77;7;70;0
4727;33 jaar;Verweduwd;2036;116;40;76;7;69;0
4728;33 jaar;Verweduwd;2037;114;40;74;7;67;0
4729;33 jaar;Verweduwd;2038;110;38;72;6;66;0
4730;33 jaar;Verweduwd;2039;108;38;70;6;64;0
4731;33 jaar;Verweduwd;2040;106;36;70;6;64;0
4732;33 jaar;Verweduwd;2041;105;36;69;6;63;0
4733;33 jaar;Verweduwd;2042;105;36;69;6;63;0
4734;33 jaar;Verweduwd;2043;104;36;68;6;62;0
4735;33 jaar;Verweduwd;2044;102;36;66;5;61;0
4736;33 jaar;Verweduwd;2045;99;34;65;5;60;0
4737;33 jaar;Verweduwd;2046;98;34;64;5;59;0
4738;33 jaar;Verweduwd;2047;98;34;64;5;59;0
4739;33 jaar;Verweduwd;2048;98;34;64;5;59;0
4740;33 jaar;Verweduwd;2049;98;34;64;5;59;0
4741;33 jaar;Verweduwd;2050;98;34;64;5;59;0
4742;33 jaar;Verweduwd;2051;98;34;64;5;59;0
4743;33 jaar;Verweduwd;2052;97;33;64;5;59;0
4744;33 jaar;Verweduwd;2053;97;33;64;5;59;0
4745;33 jaar;Verweduwd;2054;97;33;64;5;59;0
4746;33 jaar;Verweduwd;2055;97;33;64;5;59;0
4747;33 jaar;Verweduwd;2056;98;34;64;5;59;0
4748;33 jaar;Verweduwd;2057;97;33;64;5;59;0
4749;33 jaar;Verweduwd;2058;97;34;63;5;58;0
4750;33 jaar;Verweduwd;2059;96;33;63;5;58;0
4751;33 jaar;Verweduwd;2060;96;33;63;5;58;0
4752;33 jaar;Gescheiden;2013;5918;2280;3638;1034;2537;67
4753;33 jaar;Gescheiden;2014;6058;2316;3742;1092;2581;69
4754;33 jaar;Gescheiden;2015;5920;2276;3644;1078;2502;64
4755;33 jaar;Gescheiden;2016;5705;2160;3545;1059;2425;61
4756;33 jaar;Gescheiden;2017;5649;2117;3532;1068;2404;60
4757;33 jaar;Gescheiden;2018;5678;2154;3524;1113;2350;61
4758;33 jaar;Gescheiden;2019;5629;2133;3496;1117;2319;60
4759;33 jaar;Gescheiden;2020;5634;2155;3479;1129;2289;61
4760;33 jaar;Gescheiden;2021;5678;2191;3487;1159;2266;62
4761;33 jaar;Gescheiden;2022;5679;2197;3482;1159;2261;62
4762;33 jaar;Gescheiden;2023;5763;2238;3525;1181;2281;63
4763;33 jaar;Gescheiden;2024;6014;2360;3654;1247;2341;66
4764;33 jaar;Gescheiden;2025;6055;2380;3675;1257;2351;67
4765;33 jaar;Gescheiden;2026;6058;2381;3677;1259;2351;67
4766;33 jaar;Gescheiden;2027;6063;2379;3684;1253;2364;67
4767;33 jaar;Gescheiden;2028;6118;2402;3716;1263;2385;68
4768;33 jaar;Gescheiden;2029;5982;2343;3639;1227;2346;66
4769;33 jaar;Gescheiden;2030;5977;2347;3630;1230;2334;66
4770;33 jaar;Gescheiden;2031;6017;2359;3658;1227;2364;67
4771;33 jaar;Gescheiden;2032;6205;2447;3758;1272;2417;69
4772;33 jaar;Gescheiden;2033;6256;2472;3784;1285;2429;70
4773;33 jaar;Gescheiden;2034;6395;2532;3863;1311;2481;71
4774;33 jaar;Gescheiden;2035;6313;2499;3814;1295;2448;71
4775;33 jaar;Gescheiden;2036;6272;2485;3787;1289;2428;70
4776;33 jaar;Gescheiden;2037;6258;2481;3777;1287;2420;70
4777;33 jaar;Gescheiden;2038;6071;2398;3673;1243;2362;68
4778;33 jaar;Gescheiden;2039;5910;2330;3580;1211;2303;66
4779;33 jaar;Gescheiden;2040;5856;2309;3547;1202;2280;65
4780;33 jaar;Gescheiden;2041;5759;2261;3498;1175;2259;64
4781;33 jaar;Gescheiden;2042;5864;2312;3552;1206;2281;65
4782;33 jaar;Gescheiden;2043;5865;2310;3555;1205;2285;65
4783;33 jaar;Gescheiden;2044;5847;2300;3547;1198;2284;65
4784;33 jaar;Gescheiden;2045;5736;2255;3481;1179;2238;64
4785;33 jaar;Gescheiden;2046;5651;2216;3435;1159;2213;63
4786;33 jaar;Gescheiden;2047;5665;2222;3443;1163;2217;63
4787;33 jaar;Gescheiden;2048;5691;2232;3459;1169;2227;63
4788;33 jaar;Gescheiden;2049;5741;2253;3488;1181;2243;64
4789;33 jaar;Gescheiden;2050;5781;2269;3512;1191;2257;64
4790;33 jaar;Gescheiden;2051;5836;2292;3544;1204;2275;65
4791;33 jaar;Gescheiden;2052;5873;2307;3566;1213;2288;65
4792;33 jaar;Gescheiden;2053;5912;2323;3589;1223;2301;65
4793;33 jaar;Gescheiden;2054;5949;2339;3610;1232;2312;66
4794;33 jaar;Gescheiden;2055;5985;2353;3632;1241;2324;67
4795;33 jaar;Gescheiden;2056;6008;2363;3645;1247;2331;67
4796;33 jaar;Gescheiden;2057;6033;2372;3661;1254;2340;67
4797;33 jaar;Gescheiden;2058;6058;2383;3675;1260;2348;67
4798;33 jaar;Gescheiden;2059;6075;2390;3685;1264;2354;67
4799;33 jaar;Gescheiden;2060;6089;2395;3694;1268;2358;68
4800;34 jaar;Totaal burgerlijke staat;2013;114502;37836;76666;67004;8839;823
4801;34 jaar;Totaal burgerlijke staat;2014;114309;37916;76393;66634;8960;799
4802;34 jaar;Totaal burgerlijke staat;2015;118361;39560;78801;68667;9306;828
4803;34 jaar;Totaal burgerlijke staat;2016;116397;38807;77590;67581;9204;805
4804;34 jaar;Totaal burgerlijke staat;2017;113840;37844;75996;66264;8960;772
4805;34 jaar;Totaal burgerlijke staat;2018;113440;37532;75908;66175;8970;763
4806;34 jaar;Totaal burgerlijke staat;2019;116468;38221;78247;68257;9215;775
4807;34 jaar;Totaal burgerlijke staat;2020;118075;38742;79333;69227;9322;784
4808;34 jaar;Totaal burgerlijke staat;2021;120894;39569;81325;70914;9609;802
4809;34 jaar;Totaal burgerlijke staat;2022;122233;39779;82454;72086;9561;807
4810;34 jaar;Totaal burgerlijke staat;2023;121776;39419;82357;72023;9535;799
4811;34 jaar;Totaal burgerlijke staat;2024;122959;39672;83287;72845;9637;805
4812;34 jaar;Totaal burgerlijke staat;2025;127785;41243;86542;75816;9888;838
4813;34 jaar;Totaal burgerlijke staat;2026;127831;41244;86587;75856;9892;839
4814;34 jaar;Totaal burgerlijke staat;2027;126969;40885;86084;75500;9752;832
4815;34 jaar;Totaal burgerlijke staat;2028;126097;40648;85449;74924;9699;826
4816;34 jaar;Totaal burgerlijke staat;2029;126610;40875;85735;75194;9710;831
4817;34 jaar;Totaal burgerlijke staat;2030;124014;40047;83967;73640;9513;814
4818;34 jaar;Totaal burgerlijke staat;2031;124294;40139;84155;73884;9454;817
4819;34 jaar;Totaal burgerlijke staat;2032;124751;40462;84289;73876;9590;823
4820;34 jaar;Totaal burgerlijke staat;2033;128470;41823;86647;75979;9817;851
4821;34 jaar;Totaal burgerlijke staat;2034;129522;42267;87255;76524;9871;860
4822;34 jaar;Totaal burgerlijke staat;2035;131796;43202;88594;77613;10101;880
4823;34 jaar;Totaal burgerlijke staat;2036;130299;42727;87572;76743;9959;870
4824;34 jaar;Totaal burgerlijke staat;2037;129459;42481;86978;76234;9878;866
4825;34 jaar;Totaal burgerlijke staat;2038;128988;42367;86621;75916;9841;864
4826;34 jaar;Totaal burgerlijke staat;2039;125286;41107;84179;73743;9600;836
4827;34 jaar;Totaal burgerlijke staat;2040;122386;40054;82332;72168;9349;815
4828;34 jaar;Totaal burgerlijke staat;2041;121421;39682;81739;71678;9254;807
4829;34 jaar;Totaal burgerlijke staat;2042;119354;38981;80373;70420;9160;793
4830;34 jaar;Totaal burgerlijke staat;2043;121472;39665;81807;71746;9254;807
4831;34 jaar;Totaal burgerlijke staat;2044;121229;39593;81636;71560;9271;805
4832;34 jaar;Totaal burgerlijke staat;2045;120609;39375;81234;71168;9266;800
4833;34 jaar;Totaal burgerlijke staat;2046;118747;38636;80111;70250;9076;785
4834;34 jaar;Totaal burgerlijke staat;2047;117128;38025;79103;69368;8963;772
4835;34 jaar;Totaal burgerlijke staat;2048;117387;38062;79325;69567;8986;772
4836;34 jaar;Totaal burgerlijke staat;2049;117885;38186;79699;69900;9024;775
4837;34 jaar;Totaal burgerlijke staat;2050;118812;38455;80357;70485;9091;781
4838;34 jaar;Totaal burgerlijke staat;2051;119600;38678;80922;70984;9152;786
4839;34 jaar;Totaal burgerlijke staat;2052;120609;38984;81625;71609;9224;792
4840;34 jaar;Totaal burgerlijke staat;2053;121310;39178;82132;72060;9277;795
4841;34 jaar;Totaal burgerlijke staat;2054;122034;39384;82650;72521;9329;800
4842;34 jaar;Totaal burgerlijke staat;2055;122689;39569;83120;72935;9381;804
4843;34 jaar;Totaal burgerlijke staat;2056;123338;39758;83580;73344;9429;807
4844;34 jaar;Totaal burgerlijke staat;2057;123778;39877;83901;73628;9463;810
4845;34 jaar;Totaal burgerlijke staat;2058;124212;39997;84215;73906;9496;813
4846;34 jaar;Totaal burgerlijke staat;2059;124689;40141;84548;74201;9531;816
4847;34 jaar;Totaal burgerlijke staat;2060;124982;40225;84757;74384;9555;818
4848;34 jaar;Ongehuwd;2013;65384;34106;31278;25692;4868;718
4849;34 jaar;Ongehuwd;2014;65969;34340;31629;25855;5073;701
4850;34 jaar;Ongehuwd;2015;69280;35997;33283;27191;5364;728
4851;34 jaar;Ongehuwd;2016;68842;35395;33447;27348;5388;711
4852;34 jaar;Ongehuwd;2017;67751;34607;33144;27168;5293;683
4853;34 jaar;Ongehuwd;2018;67845;34353;33492;27456;5362;674
4854;34 jaar;Ongehuwd;2019;69701;34967;34734;28387;5663;684
4855;34 jaar;Ongehuwd;2020;70988;35497;35491;29001;5797;693
4856;34 jaar;Ongehuwd;2021;72943;36270;36673;29862;6101;710
4857;34 jaar;Ongehuwd;2022;73504;36434;37070;30267;6090;713
4858;34 jaar;Ongehuwd;2023;72929;36073;36856;30087;6063;706
4859;34 jaar;Ongehuwd;2024;73375;36270;37105;30273;6123;709
4860;34 jaar;Ongehuwd;2025;76041;37650;38391;31378;6276;737
4861;34 jaar;Ongehuwd;2026;75884;37629;38255;31248;6270;737
4862;34 jaar;Ongehuwd;2027;75118;37275;37843;30977;6136;730
4863;34 jaar;Ongehuwd;2028;74527;37047;37480;30685;6069;726
4864;34 jaar;Ongehuwd;2029;74801;37243;37558;30774;6055;729
4865;34 jaar;Ongehuwd;2030;73327;36510;36817;30182;5920;715
4866;34 jaar;Ongehuwd;2031;73500;36597;36903;30306;5880;717
4867;34 jaar;Ongehuwd;2032;73936;36905;37031;30339;5969;723
4868;34 jaar;Ongehuwd;2033;76207;38131;38076;31211;6117;748
4869;34 jaar;Ongehuwd;2034;76893;38534;38359;31452;6152;755
4870;34 jaar;Ongehuwd;2035;78351;39376;38975;31901;6302;772
4871;34 jaar;Ongehuwd;2036;77493;38952;38541;31564;6213;764
4872;34 jaar;Ongehuwd;2037;77010;38727;38283;31361;6161;761
4873;34 jaar;Ongehuwd;2038;76743;38619;38124;31227;6138;759
4874;34 jaar;Ongehuwd;2039;74559;37489;37070;30351;5984;735
4875;34 jaar;Ongehuwd;2040;72800;36542;36258;29718;5824;716
4876;34 jaar;Ongehuwd;2041;72193;36201;35992;29520;5763;709
4877;34 jaar;Ongehuwd;2042;70981;35573;35408;29008;5703;697
4878;34 jaar;Ongehuwd;2043;72172;36174;35998;29526;5763;709
4879;34 jaar;Ongehuwd;2044;72016;36105;35911;29429;5775;707
4880;34 jaar;Ongehuwd;2045;71629;35906;35723;29248;5772;703
4881;34 jaar;Ongehuwd;2046;70431;35234;35197;28858;5649;690
4882;34 jaar;Ongehuwd;2047;69424;34682;34742;28486;5578;678
4883;34 jaar;Ongehuwd;2048;69529;34710;34819;28549;5592;678
4884;34 jaar;Ongehuwd;2049;69782;34818;34964;28667;5616;681
4885;34 jaar;Ongehuwd;2050;70290;35056;35234;28888;5660;686
4886;34 jaar;Ongehuwd;2051;70716;35252;35464;29075;5699;690
4887;34 jaar;Ongehuwd;2052;71279;35524;35755;29315;5745;695
4888;34 jaar;Ongehuwd;2053;71661;35694;35967;29489;5780;698
4889;34 jaar;Ongehuwd;2054;72057;35876;36181;29666;5814;701
4890;34 jaar;Ongehuwd;2055;72418;36039;36379;29828;5846;705
4891;34 jaar;Ongehuwd;2056;72781;36206;36575;29990;5877;708
4892;34 jaar;Ongehuwd;2057;73024;36313;36711;30103;5898;710
4893;34 jaar;Ongehuwd;2058;73269;36419;36850;30217;5920;713
4894;34 jaar;Ongehuwd;2059;73542;36547;36995;30337;5942;716
4895;34 jaar;Ongehuwd;2060;73711;36621;37090;30415;5958;717
4896;34 jaar;Wettig gehuwd plus partnerschap;2013;41861;1038;40823;39973;810;40
4897;34 jaar;Wettig gehuwd plus partnerschap;2014;41357;987;40370;39504;830;36
4898;34 jaar;Wettig gehuwd plus partnerschap;2015;41980;962;41018;40136;845;37
4899;34 jaar;Wettig gehuwd plus partnerschap;2016;40658;890;39768;38908;825;35
4900;34 jaar;Wettig gehuwd plus partnerschap;2017;39459;843;38616;37804;779;33
4901;34 jaar;Wettig gehuwd plus partnerschap;2018;39041;826;38215;37427;755;33
4902;34 jaar;Wettig gehuwd plus partnerschap;2019;40160;848;39312;38526;752;34
4903;34 jaar;Wettig gehuwd plus partnerschap;2020;40518;855;39663;38876;753;34
4904;34 jaar;Wettig gehuwd plus partnerschap;2021;41348;874;40474;39682;757;35
4905;34 jaar;Wettig gehuwd plus partnerschap;2022;42087;885;41202;40415;751;36
4906;34 jaar;Wettig gehuwd plus partnerschap;2023;42203;882;41321;40532;754;35
4907;34 jaar;Wettig gehuwd plus partnerschap;2024;42841;894;41947;41144;767;36
4908;34 jaar;Wettig gehuwd plus partnerschap;2025;44695;940;43755;42927;790;38
4909;34 jaar;Wettig gehuwd plus partnerschap;2026;44860;943;43917;43087;792;38
4910;34 jaar;Wettig gehuwd plus partnerschap;2027;44766;939;43827;43001;788;38
4911;34 jaar;Wettig gehuwd plus partnerschap;2028;44487;935;43552;42725;790;37
4912;34 jaar;Wettig gehuwd plus partnerschap;2029;44669;942;43727;42896;793;38
4913;34 jaar;Wettig gehuwd plus partnerschap;2030;43714;918;42796;41980;779;37
4914;34 jaar;Wettig gehuwd plus partnerschap;2031;43828;920;42908;42096;775;37
4915;34 jaar;Wettig gehuwd plus partnerschap;2032;43805;923;42882;42059;786;37
4916;34 jaar;Wettig gehuwd plus partnerschap;2033;45031;958;44073;43232;803;38
4917;34 jaar;Wettig gehuwd plus partnerschap;2034;45336;969;44367;43520;808;39
4918;34 jaar;Wettig gehuwd plus partnerschap;2035;45982;991;44991;44126;825;40
4919;34 jaar;Wettig gehuwd plus partnerschap;2036;45445;979;44466;43613;814;39
4920;34 jaar;Wettig gehuwd plus partnerschap;2037;45135;973;44162;43315;808;39
4921;34 jaar;Wettig gehuwd plus partnerschap;2038;44948;972;43976;43133;804;39
4922;34 jaar;Wettig gehuwd plus partnerschap;2039;43653;939;42714;41890;787;37
4923;34 jaar;Wettig gehuwd plus partnerschap;2040;42705;913;41792;40988;767;37
4924;34 jaar;Wettig gehuwd plus partnerschap;2041;42410;906;41504;40708;760;36
4925;34 jaar;Wettig gehuwd plus partnerschap;2042;41673;888;40785;39996;753;36
4926;34 jaar;Wettig gehuwd plus partnerschap;2043;42469;909;41560;40764;760;36
4927;34 jaar;Wettig gehuwd plus partnerschap;2044;42385;909;41476;40678;762;36
4928;34 jaar;Wettig gehuwd plus partnerschap;2045;42178;904;41274;40476;762;36
4929;34 jaar;Wettig gehuwd plus partnerschap;2046;41644;889;40755;39972;748;35
4930;34 jaar;Wettig gehuwd plus partnerschap;2047;41135;874;40261;39487;739;35
4931;34 jaar;Wettig gehuwd plus partnerschap;2048;41272;878;40394;39618;741;35
4932;34 jaar;Wettig gehuwd plus partnerschap;2049;41487;882;40605;39825;745;35
4933;34 jaar;Wettig gehuwd plus partnerschap;2050;41849;890;40959;40175;749;35
4934;34 jaar;Wettig gehuwd plus partnerschap;2051;42162;897;41265;40474;755;36
4935;34 jaar;Wettig gehuwd plus partnerschap;2052;42546;906;41640;40843;761;36
4936;34 jaar;Wettig gehuwd plus partnerschap;2053;42822;912;41910;41109;765;36
4937;34 jaar;Wettig gehuwd plus partnerschap;2054;43103;918;42185;41380;768;37
4938;34 jaar;Wettig gehuwd plus partnerschap;2055;43355;923;42432;41622;773;37
4939;34 jaar;Wettig gehuwd plus partnerschap;2056;43600;929;42671;41858;776;37
4940;34 jaar;Wettig gehuwd plus partnerschap;2057;43768;931;42837;42021;779;37
4941;34 jaar;Wettig gehuwd plus partnerschap;2058;43931;934;42997;42178;782;37
4942;34 jaar;Wettig gehuwd plus partnerschap;2059;44104;938;43166;42344;785;37
4943;34 jaar;Wettig gehuwd plus partnerschap;2060;44210;941;43269;42445;787;37
4944;34 jaar;Verweduwd;2013;206;54;152;8;144;0
4945;34 jaar;Verweduwd;2014;187;52;135;10;125;0
4946;34 jaar;Verweduwd;2015;171;44;127;9;118;0
4947;34 jaar;Verweduwd;2016;170;47;123;12;111;0
4948;34 jaar;Verweduwd;2017;155;42;113;9;104;0
4949;34 jaar;Verweduwd;2018;154;45;109;9;100;0
4950;34 jaar;Verweduwd;2019;149;45;104;8;96;0
4951;34 jaar;Verweduwd;2020;151;44;107;9;98;0
4952;34 jaar;Verweduwd;2021;155;46;109;10;99;0
4953;34 jaar;Verweduwd;2022;143;43;100;9;91;0
4954;34 jaar;Verweduwd;2023;144;44;100;9;91;0
4955;34 jaar;Verweduwd;2024;143;43;100;9;91;0
4956;34 jaar;Verweduwd;2025;147;45;102;9;93;0
4957;34 jaar;Verweduwd;2026;144;44;100;9;91;0
4958;34 jaar;Verweduwd;2027;143;44;99;9;90;0
4959;34 jaar;Verweduwd;2028;142;44;98;9;89;0
4960;34 jaar;Verweduwd;2029;141;43;98;9;89;0
4961;34 jaar;Verweduwd;2030;137;42;95;8;87;0
4962;34 jaar;Verweduwd;2031;135;41;94;8;86;0
4963;34 jaar;Verweduwd;2032;135;41;94;8;86;0
4964;34 jaar;Verweduwd;2033;135;41;94;8;86;0
4965;34 jaar;Verweduwd;2034;135;41;94;8;86;0
4966;34 jaar;Verweduwd;2035;138;43;95;8;87;0
4967;34 jaar;Verweduwd;2036;134;41;93;8;85;0
4968;34 jaar;Verweduwd;2037;133;41;92;8;84;0
4969;34 jaar;Verweduwd;2038;133;41;92;8;84;0
4970;34 jaar;Verweduwd;2039;128;39;89;8;81;0
4971;34 jaar;Verweduwd;2040;124;37;87;8;79;0
4972;34 jaar;Verweduwd;2041;122;37;85;7;78;0
4973;34 jaar;Verweduwd;2042;120;37;83;6;77;0
4974;34 jaar;Verweduwd;2043;120;37;83;6;77;0
4975;34 jaar;Verweduwd;2044;119;37;82;6;76;0
4976;34 jaar;Verweduwd;2045;117;36;81;6;75;0
4977;34 jaar;Verweduwd;2046;115;35;80;6;74;0
4978;34 jaar;Verweduwd;2047;113;35;78;6;72;0
4979;34 jaar;Verweduwd;2048;113;34;79;6;73;0
4980;34 jaar;Verweduwd;2049;112;34;78;6;72;0
4981;34 jaar;Verweduwd;2050;112;34;78;6;72;0
4982;34 jaar;Verweduwd;2051;112;34;78;6;72;0
4983;34 jaar;Verweduwd;2052;111;34;77;6;71;0
4984;34 jaar;Verweduwd;2053;111;34;77;6;71;0
4985;34 jaar;Verweduwd;2054;111;34;77;6;71;0
4986;34 jaar;Verweduwd;2055;112;34;78;6;72;0
4987;34 jaar;Verweduwd;2056;112;34;78;6;72;0
4988;34 jaar;Verweduwd;2057;112;34;78;6;72;0
4989;34 jaar;Verweduwd;2058;112;34;78;6;72;0
4990;34 jaar;Verweduwd;2059;110;33;77;6;71;0
4991;34 jaar;Verweduwd;2060;110;33;77;6;71;0
4992;34 jaar;Gescheiden;2013;7051;2638;4413;1331;3017;65
4993;34 jaar;Gescheiden;2014;6796;2537;4259;1265;2932;62
4994;34 jaar;Gescheiden;2015;6930;2557;4373;1331;2979;63
4995;34 jaar;Gescheiden;2016;6727;2475;4252;1313;2880;59
4996;34 jaar;Gescheiden;2017;6475;2352;4123;1283;2784;56
4997;34 jaar;Gescheiden;2018;6400;2308;4092;1283;2753;56
4998;34 jaar;Gescheiden;2019;6458;2361;4097;1336;2704;57
4999;34 jaar;Gescheiden;2020;6418;2346;4072;1341;2674;57
5000;34 jaar;Gescheiden;2021;6448;2379;4069;1360;2652;57
5001;34 jaar;Gescheiden;2022;6499;2417;4082;1395;2629;58
5002;34 jaar;Gescheiden;2023;6500;2420;4080;1395;2627;58
5003;34 jaar;Gescheiden;2024;6600;2465;4135;1419;2656;60
5004;34 jaar;Gescheiden;2025;6902;2608;4294;1502;2729;63
5005;34 jaar;Gescheiden;2026;6943;2628;4315;1512;2739;64
5006;34 jaar;Gescheiden;2027;6942;2627;4315;1513;2738;64
5007;34 jaar;Gescheiden;2028;6941;2622;4319;1505;2751;63
5008;34 jaar;Gescheiden;2029;6999;2647;4352;1515;2773;64
5009;34 jaar;Gescheiden;2030;6836;2577;4259;1470;2727;62
5010;34 jaar;Gescheiden;2031;6831;2581;4250;1474;2713;63
5011;34 jaar;Gescheiden;2032;6875;2593;4282;1470;2749;63
5012;34 jaar;Gescheiden;2033;7097;2693;4404;1528;2811;65
5013;34 jaar;Gescheiden;2034;7158;2723;4435;1544;2825;66
5014;34 jaar;Gescheiden;2035;7325;2792;4533;1578;2887;68
5015;34 jaar;Gescheiden;2036;7227;2755;4472;1558;2847;67
5016;34 jaar;Gescheiden;2037;7181;2740;4441;1550;2825;66
5017;34 jaar;Gescheiden;2038;7164;2735;4429;1548;2815;66
5018;34 jaar;Gescheiden;2039;6946;2640;4306;1494;2748;64
5019;34 jaar;Gescheiden;2040;6757;2562;4195;1454;2679;62
5020;34 jaar;Gescheiden;2041;6696;2538;4158;1443;2653;62
5021;34 jaar;Gescheiden;2042;6580;2483;4097;1410;2627;60
5022;34 jaar;Gescheiden;2043;6711;2545;4166;1450;2654;62
5023;34 jaar;Gescheiden;2044;6709;2542;4167;1447;2658;62
5024;34 jaar;Gescheiden;2045;6685;2529;4156;1438;2657;61
5025;34 jaar;Gescheiden;2046;6557;2478;4079;1414;2605;60
5026;34 jaar;Gescheiden;2047;6456;2434;4022;1389;2574;59
5027;34 jaar;Gescheiden;2048;6473;2440;4033;1394;2580;59
5028;34 jaar;Gescheiden;2049;6504;2452;4052;1402;2591;59
5029;34 jaar;Gescheiden;2050;6561;2475;4086;1416;2610;60
5030;34 jaar;Gescheiden;2051;6610;2495;4115;1429;2626;60
5031;34 jaar;Gescheiden;2052;6673;2520;4153;1445;2647;61
5032;34 jaar;Gescheiden;2053;6716;2538;4178;1456;2661;61
5033;34 jaar;Gescheiden;2054;6763;2556;4207;1469;2676;62
5034;34 jaar;Gescheiden;2055;6804;2573;4231;1479;2690;62
5035;34 jaar;Gescheiden;2056;6845;2589;4256;1490;2704;62
5036;34 jaar;Gescheiden;2057;6874;2599;4275;1498;2714;63
5037;34 jaar;Gescheiden;2058;6900;2610;4290;1505;2722;63
5038;34 jaar;Gescheiden;2059;6933;2623;4310;1514;2733;63
5039;34 jaar;Gescheiden;2060;6951;2630;4321;1518;2739;64
5040;35 jaar;Totaal burgerlijke staat;2013;113404;35379;78025;67789;9565;671
5041;35 jaar;Totaal burgerlijke staat;2014;114862;36437;78425;68178;9557;690
5042;35 jaar;Totaal burgerlijke staat;2015;114593;36366;78227;67961;9589;677
5043;35 jaar;Totaal burgerlijke staat;2016;118541;37786;80755;70153;9902;700
5044;35 jaar;Totaal burgerlijke staat;2017;116580;37059;79521;69066;9771;684
5045;35 jaar;Totaal burgerlijke staat;2018;114020;36099;77921;67762;9500;659
5046;35 jaar;Totaal burgerlijke staat;2019;113587;35793;77794;67640;9502;652
5047;35 jaar;Totaal burgerlijke staat;2020;116566;36452;80114;69691;9757;666
5048;35 jaar;Totaal burgerlijke staat;2021;118156;36942;81214;70653;9889;672
5049;35 jaar;Totaal burgerlijke staat;2022;120956;37744;83212;72336;10190;686
5050;35 jaar;Totaal burgerlijke staat;2023;122299;37955;84344;73500;10154;690
5051;35 jaar;Totaal burgerlijke staat;2024;121837;37611;84226;73410;10131;685
5052;35 jaar;Totaal burgerlijke staat;2025;123008;37868;85140;74214;10236;690
5053;35 jaar;Totaal burgerlijke staat;2026;127820;39422;88398;77174;10505;719
5054;35 jaar;Totaal burgerlijke staat;2027;127871;39443;88428;77196;10511;721
5055;35 jaar;Totaal burgerlijke staat;2028;127017;39105;87912;76828;10369;715
5056;35 jaar;Totaal burgerlijke staat;2029;126157;38877;87280;76256;10313;711
5057;35 jaar;Totaal burgerlijke staat;2030;126678;39098;87580;76538;10325;717
5058;35 jaar;Totaal burgerlijke staat;2031;124096;38284;85812;74994;10116;702
5059;35 jaar;Totaal burgerlijke staat;2032;124385;38368;86017;75258;10056;703
5060;35 jaar;Totaal burgerlijke staat;2033;124836;38661;86175;75268;10198;709
5061;35 jaar;Totaal burgerlijke staat;2034;128552;39986;88566;77394;10440;732
5062;35 jaar;Totaal burgerlijke staat;2035;129605;40420;89185;77951;10495;739
5063;35 jaar;Totaal burgerlijke staat;2036;131861;41321;90540;79050;10735;755
5064;35 jaar;Totaal burgerlijke staat;2037;130384;40870;89514;78181;10585;748
5065;35 jaar;Totaal burgerlijke staat;2038;129549;40631;88918;77674;10500;744
5066;35 jaar;Totaal burgerlijke staat;2039;129080;40519;88561;77355;10463;743
5067;35 jaar;Totaal burgerlijke staat;2040;125393;39294;86099;75172;10207;720
5068;35 jaar;Totaal burgerlijke staat;2041;122515;38277;84238;73592;9943;703
5069;35 jaar;Totaal burgerlijke staat;2042;121554;37917;83637;73099;9842;696
5070;35 jaar;Totaal burgerlijke staat;2043;119487;37233;82254;71830;9740;684
5071;35 jaar;Totaal burgerlijke staat;2044;121602;37906;83696;73159;9842;695
5072;35 jaar;Totaal burgerlijke staat;2045;121354;37839;83515;72962;9861;692
5073;35 jaar;Totaal burgerlijke staat;2046;120737;37628;83109;72563;9857;689
5074;35 jaar;Totaal burgerlijke staat;2047;118879;36913;81966;71636;9655;675
5075;35 jaar;Totaal burgerlijke staat;2048;117272;36321;80951;70748;9538;665
5076;35 jaar;Totaal burgerlijke staat;2049;117528;36354;81174;70948;9560;666
5077;35 jaar;Totaal burgerlijke staat;2050;118023;36473;81550;71284;9598;668
5078;35 jaar;Totaal burgerlijke staat;2051;118945;36733;82212;71871;9670;671
5079;35 jaar;Totaal burgerlijke staat;2052;119729;36948;82781;72372;9734;675
5080;35 jaar;Totaal burgerlijke staat;2053;120734;37244;83490;72999;9811;680
5081;35 jaar;Totaal burgerlijke staat;2054;121431;37429;84002;73450;9868;684
5082;35 jaar;Totaal burgerlijke staat;2055;122153;37630;84523;73912;9924;687
5083;35 jaar;Totaal burgerlijke staat;2056;122802;37809;84993;74326;9976;691
5084;35 jaar;Totaal burgerlijke staat;2057;123449;37993;85456;74736;10026;694
5085;35 jaar;Totaal burgerlijke staat;2058;123890;38111;85779;75019;10063;697
5086;35 jaar;Totaal burgerlijke staat;2059;124322;38229;86093;75296;10098;699
5087;35 jaar;Totaal burgerlijke staat;2060;124794;38369;86425;75591;10132;702
5088;35 jaar;Ongehuwd;2013;61185;31347;29838;24383;4885;570
5089;35 jaar;Ongehuwd;2014;62867;32446;30421;24776;5050;595
5090;35 jaar;Ongehuwd;2015;63308;32524;30784;24990;5208;586
5091;35 jaar;Ongehuwd;2016;66423;33935;32488;26396;5484;608
5092;35 jaar;Ongehuwd;2017;65982;33355;32627;26543;5488;596
5093;35 jaar;Ongehuwd;2018;64911;32570;32341;26379;5388;574
5094;35 jaar;Ongehuwd;2019;64952;32323;32629;26606;5454;569
5095;35 jaar;Ongehuwd;2020;66651;32884;33767;27436;5751;580
5096;35 jaar;Ongehuwd;2021;67860;33373;34487;27999;5902;586
5097;35 jaar;Ongehuwd;2022;69707;34109;35598;28788;6210;600
5098;35 jaar;Ongehuwd;2023;70219;34266;35953;29141;6211;601
5099;35 jaar;Ongehuwd;2024;69647;33924;35723;28945;6182;596
5100;35 jaar;Ongehuwd;2025;70048;34117;35931;29092;6239;600
5101;35 jaar;Ongehuwd;2026;72556;35451;37105;30087;6394;624
5102;35 jaar;Ongehuwd;2027;72416;35448;36968;29955;6388;625
5103;35 jaar;Ongehuwd;2028;71696;35118;36578;29703;6256;619
5104;35 jaar;Ongehuwd;2029;71143;34905;36238;29435;6188;615
5105;35 jaar;Ongehuwd;2030;71409;35091;36318;29524;6174;620
5106;35 jaar;Ongehuwd;2031;70024;34389;35635;28990;6037;608
5107;35 jaar;Ongehuwd;2032;70201;34468;35733;29127;5997;609
5108;35 jaar;Ongehuwd;2033;70621;34748;35873;29173;6086;614
5109;35 jaar;Ongehuwd;2034;72777;35915;36862;29992;6236;634
5110;35 jaar;Ongehuwd;2035;73437;36304;37133;30221;6272;640
5111;35 jaar;Ongehuwd;2036;74813;37101;37712;30637;6422;653
5112;35 jaar;Ongehuwd;2037;74004;36703;37301;30322;6331;648
5113;35 jaar;Ongehuwd;2038;73544;36488;37056;30132;6280;644
5114;35 jaar;Ongehuwd;2039;73286;36384;36902;30002;6257;643
5115;35 jaar;Ongehuwd;2040;71220;35307;35913;29188;6101;624
5116;35 jaar;Ongehuwd;2041;69553;34406;35147;28600;5938;609
5117;35 jaar;Ongehuwd;2042;68970;34082;34888;28410;5876;602
5118;35 jaar;Ongehuwd;2043;67819;33483;34336;27928;5815;593
5119;35 jaar;Ongehuwd;2044;68936;34059;34877;28399;5876;602
5120;35 jaar;Ongehuwd;2045;68780;33994;34786;28298;5889;599
5121;35 jaar;Ongehuwd;2046;68410;33803;34607;28123;5888;596
5122;35 jaar;Ongehuwd;2047;67268;33166;34102;27755;5762;585
5123;35 jaar;Ongehuwd;2048;66315;32640;33675;27409;5690;576
5124;35 jaar;Ongehuwd;2049;66414;32665;33749;27468;5704;577
5125;35 jaar;Ongehuwd;2050;66653;32766;33887;27580;5728;579
5126;35 jaar;Ongehuwd;2051;67126;32989;34137;27784;5772;581
5127;35 jaar;Ongehuwd;2052;67531;33175;34356;27959;5812;585
5128;35 jaar;Ongehuwd;2053;68062;33431;34631;28184;5858;589
5129;35 jaar;Ongehuwd;2054;68420;33592;34828;28343;5894;591
5130;35 jaar;Ongehuwd;2055;68796;33764;35032;28510;5928;594
5131;35 jaar;Ongehuwd;2056;69138;33919;35219;28661;5960;598
5132;35 jaar;Ongehuwd;2057;69484;34079;35405;28814;5991;600
5133;35 jaar;Ongehuwd;2058;69716;34181;35535;28918;6014;603
5134;35 jaar;Ongehuwd;2059;69947;34283;35664;29023;6036;605
5135;35 jaar;Ongehuwd;2060;70208;34406;35802;29137;6058;607
5136;35 jaar;Wettig gehuwd plus partnerschap;2013;43900;1082;42818;41875;907;36
5137;35 jaar;Wettig gehuwd plus partnerschap;2014;43780;1024;42756;41844;878;34
5138;35 jaar;Wettig gehuwd plus partnerschap;2015;43354;980;42374;41477;865;32
5139;35 jaar;Wettig gehuwd plus partnerschap;2016;44060;965;43095;42204;860;31
5140;35 jaar;Wettig gehuwd plus partnerschap;2017;42781;911;41870;41003;836;31
5141;35 jaar;Wettig gehuwd plus partnerschap;2018;41597;870;40727;39907;790;30
5142;35 jaar;Wettig gehuwd plus partnerschap;2019;41220;856;40364;39563;772;29
5143;35 jaar;Wettig gehuwd plus partnerschap;2020;42413;884;41529;40724;775;30
5144;35 jaar;Wettig gehuwd plus partnerschap;2021;42820;894;41926;41117;779;30
5145;35 jaar;Wettig gehuwd plus partnerschap;2022;43714;914;42800;41984;786;30
5146;35 jaar;Wettig gehuwd plus partnerschap;2023;44496;927;43569;42757;781;31
5147;35 jaar;Wettig gehuwd plus partnerschap;2024;44605;924;43681;42865;785;31
5148;35 jaar;Wettig gehuwd plus partnerschap;2025;45260;938;44322;43494;797;31
5149;35 jaar;Wettig gehuwd plus partnerschap;2026;47204;990;46214;45359;822;33
5150;35 jaar;Wettig gehuwd plus partnerschap;2027;47353;993;46360;45504;823;33
5151;35 jaar;Wettig gehuwd plus partnerschap;2028;47231;988;46243;45391;819;33
5152;35 jaar;Wettig gehuwd plus partnerschap;2029;46931;982;45949;45097;819;33
5153;35 jaar;Wettig gehuwd plus partnerschap;2030;47122;990;46132;45277;822;33
5154;35 jaar;Wettig gehuwd plus partnerschap;2031;46123;963;45160;44320;808;32
5155;35 jaar;Wettig gehuwd plus partnerschap;2032;46245;964;45281;44444;805;32
5156;35 jaar;Wettig gehuwd plus partnerschap;2033;46226;966;45260;44412;815;33
5157;35 jaar;Wettig gehuwd plus partnerschap;2034;47523;1005;46518;45651;834;33
5158;35 jaar;Wettig gehuwd plus partnerschap;2035;47849;1016;46833;45961;838;34
5159;35 jaar;Wettig gehuwd plus partnerschap;2036;48536;1041;47495;46604;856;35
5160;35 jaar;Wettig gehuwd plus partnerschap;2037;47978;1029;46949;46071;844;34
5161;35 jaar;Wettig gehuwd plus partnerschap;2038;47658;1023;46635;45763;838;34
5162;35 jaar;Wettig gehuwd plus partnerschap;2039;47465;1021;46444;45575;835;34
5163;35 jaar;Wettig gehuwd plus partnerschap;2040;46106;985;45121;44272;816;33
5164;35 jaar;Wettig gehuwd plus partnerschap;2041;45115;958;44157;43327;797;33
5165;35 jaar;Wettig gehuwd plus partnerschap;2042;44809;950;43859;43037;789;33
5166;35 jaar;Wettig gehuwd plus partnerschap;2043;44033;930;43103;42290;781;32
5167;35 jaar;Wettig gehuwd plus partnerschap;2044;44877;955;43922;43100;790;32
5168;35 jaar;Wettig gehuwd plus partnerschap;2045;44787;955;43832;43008;792;32
5169;35 jaar;Wettig gehuwd plus partnerschap;2046;44568;950;43618;42795;791;32
5170;35 jaar;Wettig gehuwd plus partnerschap;2047;44005;933;43072;42264;777;31
5171;35 jaar;Wettig gehuwd plus partnerschap;2048;43468;918;42550;41751;768;31
5172;35 jaar;Wettig gehuwd plus partnerschap;2049;43608;920;42688;41887;770;31
5173;35 jaar;Wettig gehuwd plus partnerschap;2050;43831;925;42906;42102;773;31
5174;35 jaar;Wettig gehuwd plus partnerschap;2051;44212;934;43278;42468;779;31
5175;35 jaar;Wettig gehuwd plus partnerschap;2052;44534;941;43593;42779;783;31
5176;35 jaar;Wettig gehuwd plus partnerschap;2053;44936;951;43985;43164;790;31
5177;35 jaar;Wettig gehuwd plus partnerschap;2054;45224;956;44268;43442;794;32
5178;35 jaar;Wettig gehuwd plus partnerschap;2055;45517;964;44553;43723;798;32
5179;35 jaar;Wettig gehuwd plus partnerschap;2056;45777;969;44808;43974;802;32
5180;35 jaar;Wettig gehuwd plus partnerschap;2057;46032;974;45058;44219;807;32
5181;35 jaar;Wettig gehuwd plus partnerschap;2058;46208;978;45230;44389;809;32
5182;35 jaar;Wettig gehuwd plus partnerschap;2059;46378;982;45396;44552;812;32
5183;35 jaar;Wettig gehuwd plus partnerschap;2060;46555;985;45570;44724;814;32
5184;35 jaar;Verweduwd;2013;219;50;169;16;153;0
5185;35 jaar;Verweduwd;2014;231;56;175;11;164;0
5186;35 jaar;Verweduwd;2015;211;54;157;12;145;0
5187;35 jaar;Verweduwd;2016;196;47;149;11;138;0
5188;35 jaar;Verweduwd;2017;193;50;143;13;130;0
5189;35 jaar;Verweduwd;2018;178;45;133;10;123;0
5190;35 jaar;Verweduwd;2019;174;46;128;10;118;0
5191;35 jaar;Verweduwd;2020;171;47;124;10;114;0
5192;35 jaar;Verweduwd;2021;172;46;126;10;116;0
5193;35 jaar;Verweduwd;2022;176;48;128;11;117;0
5194;35 jaar;Verweduwd;2023;165;46;119;10;109;0
5195;35 jaar;Verweduwd;2024;165;46;119;10;109;0
5196;35 jaar;Verweduwd;2025;164;45;119;10;109;0
5197;35 jaar;Verweduwd;2026;169;47;122;11;111;0
5198;35 jaar;Verweduwd;2027;166;46;120;11;109;0
5199;35 jaar;Verweduwd;2028;164;46;118;10;108;0
5200;35 jaar;Verweduwd;2029;162;45;117;10;107;0
5201;35 jaar;Verweduwd;2030;162;45;117;10;107;0
5202;35 jaar;Verweduwd;2031;156;43;113;10;103;0
5203;35 jaar;Verweduwd;2032;154;43;111;9;102;0
5204;35 jaar;Verweduwd;2033;155;43;112;9;103;0
5205;35 jaar;Verweduwd;2034;157;44;113;9;104;0
5206;35 jaar;Verweduwd;2035;156;44;112;9;103;0
5207;35 jaar;Verweduwd;2036;157;44;113;9;104;0
5208;35 jaar;Verweduwd;2037;155;44;111;9;102;0
5209;35 jaar;Verweduwd;2038;152;43;109;9;100;0
5210;35 jaar;Verweduwd;2039;151;42;109;9;100;0
5211;35 jaar;Verweduwd;2040;147;41;106;9;97;0
5212;35 jaar;Verweduwd;2041;142;40;102;8;94;0
5213;35 jaar;Verweduwd;2042;140;39;101;8;93;0
5214;35 jaar;Verweduwd;2043;135;38;97;7;90;0
5215;35 jaar;Verweduwd;2044;137;38;99;8;91;0
5216;35 jaar;Verweduwd;2045;136;38;98;8;90;0
5217;35 jaar;Verweduwd;2046;135;38;97;7;90;0
5218;35 jaar;Verweduwd;2047;131;36;95;7;88;0
5219;35 jaar;Verweduwd;2048;130;36;94;7;87;0
5220;35 jaar;Verweduwd;2049;129;36;93;7;86;0
5221;35 jaar;Verweduwd;2050;127;35;92;7;85;0
5222;35 jaar;Verweduwd;2051;127;35;92;7;85;0
5223;35 jaar;Verweduwd;2052;128;35;93;7;86;0
5224;35 jaar;Verweduwd;2053;127;35;92;6;86;0
5225;35 jaar;Verweduwd;2054;127;35;92;6;86;0
5226;35 jaar;Verweduwd;2055;127;35;92;6;86;0
5227;35 jaar;Verweduwd;2056;127;35;92;6;86;0
5228;35 jaar;Verweduwd;2057;126;35;91;6;85;0
5229;35 jaar;Verweduwd;2058;126;35;91;6;85;0
5230;35 jaar;Verweduwd;2059;126;35;91;6;85;0
5231;35 jaar;Verweduwd;2060;125;35;90;6;84;0
5232;35 jaar;Gescheiden;2013;8100;2900;5200;1515;3620;65
5233;35 jaar;Gescheiden;2014;7984;2911;5073;1547;3465;61
5234;35 jaar;Gescheiden;2015;7720;2808;4912;1482;3371;59
5235;35 jaar;Gescheiden;2016;7862;2839;5023;1542;3420;61
5236;35 jaar;Gescheiden;2017;7624;2743;4881;1507;3317;57
5237;35 jaar;Gescheiden;2018;7334;2614;4720;1466;3199;55
5238;35 jaar;Gescheiden;2019;7241;2568;4673;1461;3158;54
5239;35 jaar;Gescheiden;2020;7331;2637;4694;1521;3117;56
5240;35 jaar;Gescheiden;2021;7304;2629;4675;1527;3092;56
5241;35 jaar;Gescheiden;2022;7359;2673;4686;1553;3077;56
5242;35 jaar;Gescheiden;2023;7419;2716;4703;1592;3053;58
5243;35 jaar;Gescheiden;2024;7420;2717;4703;1590;3055;58
5244;35 jaar;Gescheiden;2025;7536;2768;4768;1618;3091;59
5245;35 jaar;Gescheiden;2026;7891;2934;4957;1717;3178;62
5246;35 jaar;Gescheiden;2027;7936;2956;4980;1726;3191;63
5247;35 jaar;Gescheiden;2028;7926;2953;4973;1724;3186;63
5248;35 jaar;Gescheiden;2029;7921;2945;4976;1714;3199;63
5249;35 jaar;Gescheiden;2030;7985;2972;5013;1727;3222;64
5250;35 jaar;Gescheiden;2031;7793;2889;4904;1674;3168;62
5251;35 jaar;Gescheiden;2032;7785;2893;4892;1678;3152;62
5252;35 jaar;Gescheiden;2033;7834;2904;4930;1674;3194;62
5253;35 jaar;Gescheiden;2034;8095;3022;5073;1742;3266;65
5254;35 jaar;Gescheiden;2035;8163;3056;5107;1760;3282;65
5255;35 jaar;Gescheiden;2036;8355;3135;5220;1800;3353;67
5256;35 jaar;Gescheiden;2037;8247;3094;5153;1779;3308;66
5257;35 jaar;Gescheiden;2038;8195;3077;5118;1770;3282;66
5258;35 jaar;Gescheiden;2039;8178;3072;5106;1769;3271;66
5259;35 jaar;Gescheiden;2040;7920;2961;4959;1703;3193;63
5260;35 jaar;Gescheiden;2041;7705;2873;4832;1657;3114;61
5261;35 jaar;Gescheiden;2042;7635;2846;4789;1644;3084;61
5262;35 jaar;Gescheiden;2043;7500;2782;4718;1605;3054;59
5263;35 jaar;Gescheiden;2044;7652;2854;4798;1652;3085;61
5264;35 jaar;Gescheiden;2045;7651;2852;4799;1648;3090;61
5265;35 jaar;Gescheiden;2046;7624;2837;4787;1638;3088;61
5266;35 jaar;Gescheiden;2047;7475;2778;4697;1610;3028;59
5267;35 jaar;Gescheiden;2048;7359;2727;4632;1581;2993;58
5268;35 jaar;Gescheiden;2049;7377;2733;4644;1586;3000;58
5269;35 jaar;Gescheiden;2050;7412;2747;4665;1595;3012;58
5270;35 jaar;Gescheiden;2051;7480;2775;4705;1612;3034;59
5271;35 jaar;Gescheiden;2052;7536;2797;4739;1627;3053;59
5272;35 jaar;Gescheiden;2053;7609;2827;4782;1645;3077;60
5273;35 jaar;Gescheiden;2054;7660;2846;4814;1659;3094;61
5274;35 jaar;Gescheiden;2055;7713;2867;4846;1673;3112;61
5275;35 jaar;Gescheiden;2056;7760;2886;4874;1685;3128;61
5276;35 jaar;Gescheiden;2057;7807;2905;4902;1697;3143;62
5277;35 jaar;Gescheiden;2058;7840;2917;4923;1706;3155;62
5278;35 jaar;Gescheiden;2059;7871;2929;4942;1715;3165;62
5279;35 jaar;Gescheiden;2060;7906;2943;4963;1724;3176;63
5280;36 jaar;Totaal burgerlijke staat;2013;114886;34377;80509;69997;9942;570
5281;36 jaar;Totaal burgerlijke staat;2014;113638;34100;79538;68719;10240;579
5282;36 jaar;Totaal burgerlijke staat;2015;115018;34893;80125;69343;10189;593
5283;36 jaar;Totaal burgerlijke staat;2016;114687;34660;80027;69304;10138;585
5284;36 jaar;Totaal burgerlijke staat;2017;118584;35978;82606;71541;10459;606
5285;36 jaar;Totaal burgerlijke staat;2018;116650;35298;81352;70458;10299;595
5286;36 jaar;Totaal burgerlijke staat;2019;114059;34354;79705;69117;10013;575
5287;36 jaar;Totaal burgerlijke staat;2020;113588;34043;79545;68971;10004;570
5288;36 jaar;Totaal burgerlijke staat;2021;116516;34666;81850;70998;10273;579
5289;36 jaar;Totaal burgerlijke staat;2022;118089;35124;82965;71957;10423;585
5290;36 jaar;Totaal burgerlijke staat;2023;120878;35897;84981;73641;10741;599
5291;36 jaar;Totaal burgerlijke staat;2024;122234;36107;86127;74801;10722;604
5292;36 jaar;Totaal burgerlijke staat;2025;121762;35780;85982;74685;10699;598
5293;36 jaar;Totaal burgerlijke staat;2026;122930;36035;86895;75475;10816;604
5294;36 jaar;Totaal burgerlijke staat;2027;127720;37559;90161;78429;11102;630
5295;36 jaar;Totaal burgerlijke staat;2028;127776;37595;90181;78438;11112;631
5296;36 jaar;Totaal burgerlijke staat;2029;126925;37272;89653;78060;10967;626
5297;36 jaar;Totaal burgerlijke staat;2030;126081;37049;89032;77494;10915;623
5298;36 jaar;Totaal burgerlijke staat;2031;126604;37256;89348;77790;10931;627
5299;36 jaar;Totaal burgerlijke staat;2032;124041;36459;87582;76256;10713;613
5300;36 jaar;Totaal burgerlijke staat;2033;124331;36531;87800;76537;10650;613
5301;36 jaar;Totaal burgerlijke staat;2034;124778;36802;87976;76561;10797;618
5302;36 jaar;Totaal burgerlijke staat;2035;128484;38082;90402;78710;11053;639
5303;36 jaar;Totaal burgerlijke staat;2036;129537;38504;91033;79277;11110;646
5304;36 jaar;Totaal burgerlijke staat;2037;131779;39372;92407;80386;11360;661
5305;36 jaar;Totaal burgerlijke staat;2038;130313;38935;91378;79518;11206;654
5306;36 jaar;Totaal burgerlijke staat;2039;129484;38706;90778;79010;11118;650
5307;36 jaar;Totaal burgerlijke staat;2040;129021;38603;90418;78691;11077;650
5308;36 jaar;Totaal burgerlijke staat;2041;125349;37416;87933;76496;10808;629
5309;36 jaar;Totaal burgerlijke staat;2042;122488;36436;86052;74908;10531;613
5310;36 jaar;Totaal burgerlijke staat;2043;121535;36091;85444;74411;10425;608
5311;36 jaar;Totaal burgerlijke staat;2044;119473;35429;84044;73131;10318;595
5312;36 jaar;Totaal burgerlijke staat;2045;121582;36086;85496;74463;10427;606
5313;36 jaar;Totaal burgerlijke staat;2046;121333;36025;85308;74257;10447;604
5314;36 jaar;Totaal burgerlijke staat;2047;120710;35819;84891;73849;10441;601
5315;36 jaar;Totaal burgerlijke staat;2048;118867;35133;83734;72916;10227;591
5316;36 jaar;Totaal burgerlijke staat;2049;117264;34556;82708;72022;10105;581
5317;36 jaar;Totaal burgerlijke staat;2050;117518;34587;82931;72224;10126;581
5318;36 jaar;Totaal burgerlijke staat;2051;118009;34703;83306;72560;10165;581
5319;36 jaar;Totaal burgerlijke staat;2052;118931;34953;83978;73151;10241;586
5320;36 jaar;Totaal burgerlijke staat;2053;119710;35158;84552;73652;10311;589
5321;36 jaar;Totaal burgerlijke staat;2054;120710;35443;85267;74281;10392;594
5322;36 jaar;Totaal burgerlijke staat;2055;121405;35622;85783;74733;10453;597
5323;36 jaar;Totaal burgerlijke staat;2056;122121;35814;86307;75195;10512;600
5324;36 jaar;Totaal burgerlijke staat;2057;122767;35988;86779;75610;10566;603
5325;36 jaar;Totaal burgerlijke staat;2058;123405;36164;87241;76018;10617;606
5326;36 jaar;Totaal burgerlijke staat;2059;123845;36280;87565;76301;10656;608
5327;36 jaar;Totaal burgerlijke staat;2060;124274;36395;87879;76576;10693;610
5328;36 jaar;Ongehuwd;2013;58981;30007;28974;23596;4901;477
5329;36 jaar;Ongehuwd;2014;58965;29834;29131;23607;5034;490
5330;36 jaar;Ongehuwd;2015;60535;30682;29853;24162;5183;508
5331;36 jaar;Ongehuwd;2016;60924;30612;30312;24510;5299;503
5332;36 jaar;Ongehuwd;2017;63870;31898;31972;25876;5574;522
5333;36 jaar;Ongehuwd;2018;63439;31357;32082;26011;5557;514
5334;36 jaar;Ongehuwd;2019;62367;30590;31777;25821;5459;497
5335;36 jaar;Ongehuwd;2020;62348;30337;32011;25999;5519;493
5336;36 jaar;Ongehuwd;2021;63915;30847;33068;26753;5814;501
5337;36 jaar;Ongehuwd;2022;65049;31297;33752;27270;5976;506
5338;36 jaar;Ongehuwd;2023;66802;31994;34808;28000;6289;519
5339;36 jaar;Ongehuwd;2024;67281;32145;35136;28310;6304;522
5340;36 jaar;Ongehuwd;2025;66708;31821;34887;28098;6273;516
5341;36 jaar;Ongehuwd;2026;67074;32007;35067;28215;6331;521
5342;36 jaar;Ongehuwd;2027;69437;33286;36151;29123;6487;541
5343;36 jaar;Ongehuwd;2028;69312;33296;36016;28990;6484;542
5344;36 jaar;Ongehuwd;2029;68624;32986;35638;28749;6352;537
5345;36 jaar;Ongehuwd;2030;68109;32781;35328;28505;6288;535
5346;36 jaar;Ongehuwd;2031;68364;32953;35411;28598;6275;538
5347;36 jaar;Ongehuwd;2032;67059;32283;34776;28113;6137;526
5348;36 jaar;Ongehuwd;2033;67230;32351;34879;28255;6097;527
5349;36 jaar;Ongehuwd;2034;67638;32609;35029;28311;6187;531
5350;36 jaar;Ongehuwd;2035;69691;33714;35977;29089;6339;549
5351;36 jaar;Ongehuwd;2036;70321;34086;36235;29306;6374;555
5352;36 jaar;Ongehuwd;2037;71628;34838;36790;29698;6525;567
5353;36 jaar;Ongehuwd;2038;70859;34463;36396;29400;6435;561
5354;36 jaar;Ongehuwd;2039;70421;34259;36162;29220;6384;558
5355;36 jaar;Ongehuwd;2040;70174;34162;36012;29093;6360;559
5356;36 jaar;Ongehuwd;2041;68204;33139;35065;28323;6202;540
5357;36 jaar;Ongehuwd;2042;66619;32287;34332;27767;6038;527
5358;36 jaar;Ongehuwd;2043;66060;31980;34080;27583;5975;522
5359;36 jaar;Ongehuwd;2044;64959;31410;33549;27124;5913;512
5360;36 jaar;Ongehuwd;2045;66017;31959;34058;27560;5977;521
5361;36 jaar;Ongehuwd;2046;65863;31900;33963;27454;5990;519
5362;36 jaar;Ongehuwd;2047;65501;31717;33784;27280;5987;517
5363;36 jaar;Ongehuwd;2048;64419;31115;33304;26936;5861;507
5364;36 jaar;Ongehuwd;2049;63513;30615;32898;26611;5788;499
5365;36 jaar;Ongehuwd;2050;63603;30635;32968;26668;5801;499
5366;36 jaar;Ongehuwd;2051;63826;30730;33096;26771;5825;500
5367;36 jaar;Ongehuwd;2052;64280;30941;33339;26966;5870;503
5368;36 jaar;Ongehuwd;2053;64660;31114;33546;27130;5910;506
5369;36 jaar;Ongehuwd;2054;65165;31357;33808;27340;5958;510
5370;36 jaar;Ongehuwd;2055;65507;31509;33998;27491;5994;513
5371;36 jaar;Ongehuwd;2056;65862;31671;34191;27648;6029;514
5372;36 jaar;Ongehuwd;2057;66188;31818;34370;27792;6061;517
5373;36 jaar;Ongehuwd;2058;66513;31969;34544;27933;6092;519
5374;36 jaar;Ongehuwd;2059;66736;32067;34669;28033;6115;521
5375;36 jaar;Ongehuwd;2060;66957;32166;34791;28131;6137;523
5376;36 jaar;Wettig gehuwd plus partnerschap;2013;46731;1117;45614;44641;943;30
5377;36 jaar;Wettig gehuwd plus partnerschap;2014;45409;1070;44339;43354;956;29
5378;36 jaar;Wettig gehuwd plus partnerschap;2015;45351;1019;44332;43390;914;28
5379;36 jaar;Wettig gehuwd plus partnerschap;2016;44939;971;43968;43060;881;27
5380;36 jaar;Wettig gehuwd plus partnerschap;2017;45744;970;44774;43871;876;27
5381;36 jaar;Wettig gehuwd plus partnerschap;2018;44508;928;43580;42703;851;26
5382;36 jaar;Wettig gehuwd plus partnerschap;2019;43335;891;42444;41608;811;25
5383;36 jaar;Wettig gehuwd plus partnerschap;2020;42998;880;42118;41296;797;25
5384;36 jaar;Wettig gehuwd plus partnerschap;2021;44240;911;43329;42500;804;25
5385;36 jaar;Wettig gehuwd plus partnerschap;2022;44691;922;43769;42932;811;26
5386;36 jaar;Wettig gehuwd plus partnerschap;2023;45639;944;44695;43849;820;26
5387;36 jaar;Wettig gehuwd plus partnerschap;2024;46458;958;45500;44656;817;27
5388;36 jaar;Wettig gehuwd plus partnerschap;2025;46559;955;45604;44756;821;27
5389;36 jaar;Wettig gehuwd plus partnerschap;2026;47230;970;46260;45399;834;27
5390;36 jaar;Wettig gehuwd plus partnerschap;2027;49241;1025;48216;47327;860;29
5391;36 jaar;Wettig gehuwd plus partnerschap;2028;49379;1029;48350;47459;862;29
5392;36 jaar;Wettig gehuwd plus partnerschap;2029;49236;1023;48213;47327;857;29
5393;36 jaar;Wettig gehuwd plus partnerschap;2030;48921;1017;47904;47019;857;28
5394;36 jaar;Wettig gehuwd plus partnerschap;2031;49122;1024;48098;47207;862;29
5395;36 jaar;Wettig gehuwd plus partnerschap;2032;48091;994;47097;46222;847;28
5396;36 jaar;Wettig gehuwd plus partnerschap;2033;48221;994;47227;46356;843;28
5397;36 jaar;Wettig gehuwd plus partnerschap;2034;48206;996;47210;46329;853;28
5398;36 jaar;Wettig gehuwd plus partnerschap;2035;49559;1038;48521;47619;873;29
5399;36 jaar;Wettig gehuwd plus partnerschap;2036;49903;1050;48853;47947;877;29
5400;36 jaar;Wettig gehuwd plus partnerschap;2037;50619;1077;49542;48617;895;30
5401;36 jaar;Wettig gehuwd plus partnerschap;2038;50048;1062;48986;48072;884;30
5402;36 jaar;Wettig gehuwd plus partnerschap;2039;49720;1058;48662;47754;878;30
5403;36 jaar;Wettig gehuwd plus partnerschap;2040;49523;1056;48467;47563;875;29
5404;36 jaar;Wettig gehuwd plus partnerschap;2041;48116;1018;47098;46214;855;29
5405;36 jaar;Wettig gehuwd plus partnerschap;2042;47090;989;46101;45238;835;28
5406;36 jaar;Wettig gehuwd plus partnerschap;2043;46778;982;45796;44940;828;28
5407;36 jaar;Wettig gehuwd plus partnerschap;2044;45974;961;45013;44166;820;27
5408;36 jaar;Wettig gehuwd plus partnerschap;2045;46849;987;45862;45006;828;28
5409;36 jaar;Wettig gehuwd plus partnerschap;2046;46756;988;45768;44910;830;28
5410;36 jaar;Wettig gehuwd plus partnerschap;2047;46526;982;45544;44687;830;27
5411;36 jaar;Wettig gehuwd plus partnerschap;2048;45938;964;44974;44133;814;27
5412;36 jaar;Wettig gehuwd plus partnerschap;2049;45378;946;44432;43600;806;26
5413;36 jaar;Wettig gehuwd plus partnerschap;2050;45521;949;44572;43739;807;26
5414;36 jaar;Wettig gehuwd plus partnerschap;2051;45752;955;44797;43961;810;26
5415;36 jaar;Wettig gehuwd plus partnerschap;2052;46144;964;45180;44337;816;27
5416;36 jaar;Wettig gehuwd plus partnerschap;2053;46477;971;45506;44657;822;27
5417;36 jaar;Wettig gehuwd plus partnerschap;2054;46891;981;45910;45055;828;27
5418;36 jaar;Wettig gehuwd plus partnerschap;2055;47187;987;46200;45340;833;27
5419;36 jaar;Wettig gehuwd plus partnerschap;2056;47488;994;46494;45629;837;28
5420;36 jaar;Wettig gehuwd plus partnerschap;2057;47755;1000;46755;45886;841;28
5421;36 jaar;Wettig gehuwd plus partnerschap;2058;48016;1005;47011;46138;845;28
5422;36 jaar;Wettig gehuwd plus partnerschap;2059;48197;1009;47188;46312;848;28
5423;36 jaar;Wettig gehuwd plus partnerschap;2060;48371;1013;47358;46479;851;28
5424;36 jaar;Verweduwd;2013;291;58;233;15;218;0
5425;36 jaar;Verweduwd;2014;247;53;194;17;177;0
5426;36 jaar;Verweduwd;2015;261;59;202;14;188;0
5427;36 jaar;Verweduwd;2016;236;56;180;13;167;0
5428;36 jaar;Verweduwd;2017;224;50;174;13;161;0
5429;36 jaar;Verweduwd;2018;220;52;168;15;153;0
5430;36 jaar;Verweduwd;2019;203;47;156;12;144;0
5431;36 jaar;Verweduwd;2020;200;48;152;13;139;0
5432;36 jaar;Verweduwd;2021;196;49;147;11;136;0
5433;36 jaar;Verweduwd;2022;196;48;148;11;137;0
5434;36 jaar;Verweduwd;2023;201;50;151;13;138;0
5435;36 jaar;Verweduwd;2024;190;48;142;12;130;0
5436;36 jaar;Verweduwd;2025;189;48;141;12;129;0
5437;36 jaar;Verweduwd;2026;188;47;141;11;130;0
5438;36 jaar;Verweduwd;2027;194;50;144;12;132;0
5439;36 jaar;Verweduwd;2028;191;49;142;12;130;0
5440;36 jaar;Verweduwd;2029;189;48;141;12;129;0
5441;36 jaar;Verweduwd;2030;187;48;139;11;128;0
5442;36 jaar;Verweduwd;2031;185;47;138;11;127;0
5443;36 jaar;Verweduwd;2032;180;45;135;11;124;0
5444;36 jaar;Verweduwd;2033;179;45;134;11;123;0
5445;36 jaar;Verweduwd;2034;179;45;134;11;123;0
5446;36 jaar;Verweduwd;2035;181;46;135;11;124;0
5447;36 jaar;Verweduwd;2036;179;46;133;10;123;0
5448;36 jaar;Verweduwd;2037;181;47;134;10;124;0
5449;36 jaar;Verweduwd;2038;177;46;131;10;121;0
5450;36 jaar;Verweduwd;2039;175;45;130;10;120;0
5451;36 jaar;Verweduwd;2040;174;45;129;10;119;0
5452;36 jaar;Verweduwd;2041;168;43;125;10;115;0
5453;36 jaar;Verweduwd;2042;162;41;121;9;112;0
5454;36 jaar;Verweduwd;2043;159;40;119;9;110;0
5455;36 jaar;Verweduwd;2044;157;40;117;9;108;0
5456;36 jaar;Verweduwd;2045;158;40;118;9;109;0
5457;36 jaar;Verweduwd;2046;157;40;117;9;108;0
5458;36 jaar;Verweduwd;2047;156;40;116;9;107;0
5459;36 jaar;Verweduwd;2048;150;38;112;8;104;0
5460;36 jaar;Verweduwd;2049;147;37;110;7;103;0
5461;36 jaar;Verweduwd;2050;146;37;109;7;102;0
5462;36 jaar;Verweduwd;2051;144;36;108;7;101;0
5463;36 jaar;Verweduwd;2052;144;36;108;7;101;0
5464;36 jaar;Verweduwd;2053;146;37;109;7;102;0
5465;36 jaar;Verweduwd;2054;146;37;109;7;102;0
5466;36 jaar;Verweduwd;2055;146;37;109;7;102;0
5467;36 jaar;Verweduwd;2056;146;37;109;7;102;0
5468;36 jaar;Verweduwd;2057;146;37;109;7;102;0
5469;36 jaar;Verweduwd;2058;145;37;108;7;101;0
5470;36 jaar;Verweduwd;2059;145;37;108;7;101;0
5471;36 jaar;Verweduwd;2060;144;36;108;7;101;0
5472;36 jaar;Gescheiden;2013;8883;3195;5688;1745;3880;63
5473;36 jaar;Gescheiden;2014;9017;3143;5874;1741;4073;60
5474;36 jaar;Gescheiden;2015;8871;3133;5738;1777;3904;57
5475;36 jaar;Gescheiden;2016;8588;3021;5567;1721;3791;55
5476;36 jaar;Gescheiden;2017;8746;3060;5686;1781;3848;57
5477;36 jaar;Gescheiden;2018;8483;2961;5522;1729;3738;55
5478;36 jaar;Gescheiden;2019;8154;2826;5328;1676;3599;53
5479;36 jaar;Gescheiden;2020;8042;2778;5264;1663;3549;52
5480;36 jaar;Gescheiden;2021;8165;2859;5306;1734;3519;53
5481;36 jaar;Gescheiden;2022;8153;2857;5296;1744;3499;53
5482;36 jaar;Gescheiden;2023;8236;2909;5327;1779;3494;54
5483;36 jaar;Gescheiden;2024;8305;2956;5349;1823;3471;55
5484;36 jaar;Gescheiden;2025;8306;2956;5350;1819;3476;55
5485;36 jaar;Gescheiden;2026;8438;3011;5427;1850;3521;56
5486;36 jaar;Gescheiden;2027;8848;3198;5650;1967;3623;60
5487;36 jaar;Gescheiden;2028;8894;3221;5673;1977;3636;60
5488;36 jaar;Gescheiden;2029;8876;3215;5661;1972;3629;60
5489;36 jaar;Gescheiden;2030;8864;3203;5661;1959;3642;60
5490;36 jaar;Gescheiden;2031;8933;3232;5701;1974;3667;60
5491;36 jaar;Gescheiden;2032;8711;3137;5574;1910;3605;59
5492;36 jaar;Gescheiden;2033;8701;3141;5560;1915;3587;58
5493;36 jaar;Gescheiden;2034;8755;3152;5603;1910;3634;59
5494;36 jaar;Gescheiden;2035;9053;3284;5769;1991;3717;61
5495;36 jaar;Gescheiden;2036;9134;3322;5812;2014;3736;62
5496;36 jaar;Gescheiden;2037;9351;3410;5941;2061;3816;64
5497;36 jaar;Gescheiden;2038;9229;3364;5865;2036;3766;63
5498;36 jaar;Gescheiden;2039;9168;3344;5824;2026;3736;62
5499;36 jaar;Gescheiden;2040;9150;3340;5810;2025;3723;62
5500;36 jaar;Gescheiden;2041;8861;3216;5645;1949;3636;60
5501;36 jaar;Gescheiden;2042;8617;3119;5498;1894;3546;58
5502;36 jaar;Gescheiden;2043;8538;3089;5449;1879;3512;58
5503;36 jaar;Gescheiden;2044;8383;3018;5365;1832;3477;56
5504;36 jaar;Gescheiden;2045;8558;3100;5458;1888;3513;57
5505;36 jaar;Gescheiden;2046;8557;3097;5460;1884;3519;57
5506;36 jaar;Gescheiden;2047;8527;3080;5447;1873;3517;57
5507;36 jaar;Gescheiden;2048;8360;3016;5344;1839;3448;57
5508;36 jaar;Gescheiden;2049;8226;2958;5268;1804;3408;56
5509;36 jaar;Gescheiden;2050;8248;2966;5282;1810;3416;56
5510;36 jaar;Gescheiden;2051;8287;2982;5305;1821;3429;55
5511;36 jaar;Gescheiden;2052;8363;3012;5351;1841;3454;56
5512;36 jaar;Gescheiden;2053;8427;3036;5391;1858;3477;56
5513;36 jaar;Gescheiden;2054;8508;3068;5440;1879;3504;57
5514;36 jaar;Gescheiden;2055;8565;3089;5476;1895;3524;57
5515;36 jaar;Gescheiden;2056;8625;3112;5513;1911;3544;58
5516;36 jaar;Gescheiden;2057;8678;3133;5545;1925;3562;58
5517;36 jaar;Gescheiden;2058;8731;3153;5578;1940;3579;59
5518;36 jaar;Gescheiden;2059;8767;3167;5600;1949;3592;59
5519;36 jaar;Gescheiden;2060;8802;3180;5622;1959;3604;59
5520;37 jaar;Totaal burgerlijke staat;2013;116057;33133;82924;71421;11008;495
5521;37 jaar;Totaal burgerlijke staat;2014;115218;33368;81850;70659;10678;513
5522;37 jaar;Totaal burgerlijke staat;2015;113873;32943;80930;69539;10873;518
5523;37 jaar;Totaal burgerlijke staat;2016;115210;33530;81680;70352;10799;529
5524;37 jaar;Totaal burgerlijke staat;2017;114891;33314;81577;70330;10724;523
5525;37 jaar;Totaal burgerlijke staat;2018;118760;34572;84188;72599;11046;543
5526;37 jaar;Totaal burgerlijke staat;2019;116821;33922;82899;71485;10881;533
5527;37 jaar;Totaal burgerlijke staat;2020;114191;32978;81213;70119;10579;515
5528;37 jaar;Totaal burgerlijke staat;2021;113689;32657;81032;69958;10565;509
5529;37 jaar;Totaal burgerlijke staat;2022;116575;33251;83324;71962;10844;518
5530;37 jaar;Totaal burgerlijke staat;2023;118137;33688;84449;72917;11007;525
5531;37 jaar;Totaal burgerlijke staat;2024;120924;34447;86477;74600;11339;538
5532;37 jaar;Totaal burgerlijke staat;2025;122282;34660;87622;75751;11328;543
5533;37 jaar;Totaal burgerlijke staat;2026;121804;34343;87461;75616;11307;538
5534;37 jaar;Totaal burgerlijke staat;2027;122966;34600;88366;76394;11429;543
5535;37 jaar;Totaal burgerlijke staat;2028;127739;36105;91634;79334;11734;566
5536;37 jaar;Totaal burgerlijke staat;2029;127799;36149;91650;79335;11747;568
5537;37 jaar;Totaal burgerlijke staat;2030;126953;35836;91117;78954;11599;564
5538;37 jaar;Totaal burgerlijke staat;2031;126122;35615;90507;78399;11547;561
5539;37 jaar;Totaal burgerlijke staat;2032;126645;35811;90834;78707;11563;564
5540;37 jaar;Totaal burgerlijke staat;2033;124104;35023;89081;77190;11338;553
5541;37 jaar;Totaal burgerlijke staat;2034;124392;35087;89305;77482;11272;551
5542;37 jaar;Totaal burgerlijke staat;2035;124834;35335;89499;77519;11425;555
5543;37 jaar;Totaal burgerlijke staat;2036;128532;36585;91947;79680;11693;574
5544;37 jaar;Totaal burgerlijke staat;2037;129587;36999;92588;80254;11753;581
5545;37 jaar;Totaal burgerlijke staat;2038;131823;37843;93980;81368;12016;596
5546;37 jaar;Totaal burgerlijke staat;2039;130363;37418;92945;80501;11855;589
5547;37 jaar;Totaal burgerlijke staat;2040;129542;37199;92343;79993;11763;587
5548;37 jaar;Totaal burgerlijke staat;2041;129081;37103;91978;79673;11720;585
5549;37 jaar;Totaal burgerlijke staat;2042;125424;35947;89477;77473;11436;568
5550;37 jaar;Totaal burgerlijke staat;2043;122573;34993;87580;75881;11147;552
5551;37 jaar;Totaal burgerlijke staat;2044;121620;34660;86960;75382;11033;545
5552;37 jaar;Totaal burgerlijke staat;2045;119563;34013;85550;74092;10924;534
5553;37 jaar;Totaal burgerlijke staat;2046;121669;34663;87006;75423;11038;545
5554;37 jaar;Totaal burgerlijke staat;2047;121419;34606;86813;75210;11059;544
5555;37 jaar;Totaal burgerlijke staat;2048;120798;34406;86392;74796;11054;542
5556;37 jaar;Totaal burgerlijke staat;2049;118959;33739;85220;73860;10829;531
5557;37 jaar;Totaal burgerlijke staat;2050;117359;33175;84184;72965;10697;522
5558;37 jaar;Totaal burgerlijke staat;2051;117612;33204;84408;73166;10721;521
5559;37 jaar;Totaal burgerlijke staat;2052;118108;33317;84791;73504;10765;522
5560;37 jaar;Totaal burgerlijke staat;2053;119022;33559;85463;74094;10843;526
5561;37 jaar;Totaal burgerlijke staat;2054;119798;33759;86039;74596;10914;529
5562;37 jaar;Totaal burgerlijke staat;2055;120795;34036;86759;75225;11000;534
5563;37 jaar;Totaal burgerlijke staat;2056;121488;34211;87277;75676;11065;536
5564;37 jaar;Totaal burgerlijke staat;2057;122201;34396;87805;76138;11127;540
5565;37 jaar;Totaal burgerlijke staat;2058;122843;34565;88278;76551;11185;542
5566;37 jaar;Totaal burgerlijke staat;2059;123479;34738;88741;76957;11239;545
5567;37 jaar;Totaal burgerlijke staat;2060;123916;34850;89066;77240;11279;547
5568;37 jaar;Ongehuwd;2013;55883;28406;27477;22092;4980;405
5569;37 jaar;Ongehuwd;2014;57121;28774;28347;22890;5030;427
5570;37 jaar;Ongehuwd;2015;57073;28476;28597;23027;5135;435
5571;37 jaar;Ongehuwd;2016;58551;29120;29431;23710;5273;448
5572;37 jaar;Ongehuwd;2017;58906;29049;29857;24043;5369;445
5573;37 jaar;Ongehuwd;2018;61716;30252;31464;25360;5641;463
5574;37 jaar;Ongehuwd;2019;61271;29744;31527;25454;5618;455
5575;37 jaar;Ongehuwd;2020;60191;28984;31207;25243;5523;441
5576;37 jaar;Ongehuwd;2021;60122;28722;31400;25383;5581;436
5577;37 jaar;Ongehuwd;2022;61571;29187;32384;26070;5871;443
5578;37 jaar;Ongehuwd;2023;62639;29607;33032;26545;6038;449
5579;37 jaar;Ongehuwd;2024;64318;30277;34041;27226;6354;461
5580;37 jaar;Ongehuwd;2025;64763;30425;34338;27498;6376;464
5581;37 jaar;Ongehuwd;2026;64185;30114;34071;27269;6343;459
5582;37 jaar;Ongehuwd;2027;64515;30295;34220;27359;6398;463
5583;37 jaar;Ongehuwd;2028;66758;31525;35233;28196;6556;481
5584;37 jaar;Ongehuwd;2029;66647;31545;35102;28066;6554;482
5585;37 jaar;Ongehuwd;2030;65987;31248;34739;27837;6424;478
5586;37 jaar;Ongehuwd;2031;65501;31051;34450;27614;6360;476
5587;37 jaar;Ongehuwd;2032;65747;31210;34537;27712;6347;478
5588;37 jaar;Ongehuwd;2033;64512;30566;33946;27267;6210;469
5589;37 jaar;Ongehuwd;2034;64674;30626;34048;27411;6169;468
5590;37 jaar;Ongehuwd;2035;65069;30865;34204;27474;6259;471
5591;37 jaar;Ongehuwd;2036;67032;31919;35113;28214;6412;487
5592;37 jaar;Ongehuwd;2037;67637;32278;35359;28419;6447;493
5593;37 jaar;Ongehuwd;2038;68884;32992;35892;28788;6599;505
5594;37 jaar;Ongehuwd;2039;68152;32635;35517;28510;6508;499
5595;37 jaar;Ongehuwd;2040;67730;32442;35288;28333;6457;498
5596;37 jaar;Ongehuwd;2041;67490;32350;35140;28210;6434;496
5597;37 jaar;Ongehuwd;2042;65607;31374;34233;27476;6275;482
5598;37 jaar;Ongehuwd;2043;64089;30563;33526;26948;6110;468
5599;37 jaar;Ongehuwd;2044;63550;30270;33280;26771;6047;462
5600;37 jaar;Ongehuwd;2045;62495;29727;32768;26328;5986;454
5601;37 jaar;Ongehuwd;2046;63498;30252;33246;26733;6051;462
5602;37 jaar;Ongehuwd;2047;63348;30199;33149;26625;6063;461
5603;37 jaar;Ongehuwd;2048;62999;30023;32976;26455;6061;460
5604;37 jaar;Ongehuwd;2049;61965;29450;32515;26131;5934;450
5605;37 jaar;Ongehuwd;2050;61095;28971;32124;25823;5858;443
5606;37 jaar;Ongehuwd;2051;61179;28988;32191;25877;5872;442
5607;37 jaar;Ongehuwd;2052;61395;29079;32316;25975;5897;444
5608;37 jaar;Ongehuwd;2053;61825;29279;32546;26158;5942;446
5609;37 jaar;Ongehuwd;2054;62190;29444;32746;26315;5982;449
5610;37 jaar;Ongehuwd;2055;62671;29675;32996;26514;6029;453
5611;37 jaar;Ongehuwd;2056;63000;29820;33180;26658;6067;455
5612;37 jaar;Ongehuwd;2057;63341;29974;33367;26808;6102;457
5613;37 jaar;Ongehuwd;2058;63650;30114;33536;26943;6134;459
5614;37 jaar;Ongehuwd;2059;63961;30258;33703;27076;6166;461
5615;37 jaar;Ongehuwd;2060;64175;30352;33823;27172;6188;463
5616;37 jaar;Wettig gehuwd plus partnerschap;2013;49452;1134;48318;47270;1022;26
5617;37 jaar;Wettig gehuwd plus partnerschap;2014;47858;1066;46792;45786;981;25
5618;37 jaar;Wettig gehuwd plus partnerschap;2015;46540;1012;45528;44539;964;25
5619;37 jaar;Wettig gehuwd plus partnerschap;2016;46557;973;45584;44637;923;24
5620;37 jaar;Wettig gehuwd plus partnerschap;2017;46198;941;45257;44340;894;23
5621;37 jaar;Wettig gehuwd plus partnerschap;2018;47092;950;46142;45230;889;23
5622;37 jaar;Wettig gehuwd plus partnerschap;2019;45893;915;44978;44085;870;23
5623;37 jaar;Wettig gehuwd plus partnerschap;2020;44734;880;43854;42998;834;22
5624;37 jaar;Wettig gehuwd plus partnerschap;2021;44428;870;43558;42715;822;21
5625;37 jaar;Wettig gehuwd plus partnerschap;2022;45709;903;44806;43951;833;22
5626;37 jaar;Wettig gehuwd plus partnerschap;2023;46198;916;45282;44418;842;22
5627;37 jaar;Wettig gehuwd plus partnerschap;2024;47190;940;46250;45375;853;22
5628;37 jaar;Wettig gehuwd plus partnerschap;2025;48031;954;47077;46205;849;23
5629;37 jaar;Wettig gehuwd plus partnerschap;2026;48131;951;47180;46304;853;23
5630;37 jaar;Wettig gehuwd plus partnerschap;2027;48814;966;47848;46958;867;23
5631;37 jaar;Wettig gehuwd plus partnerschap;2028;50871;1026;49845;48927;893;25
5632;37 jaar;Wettig gehuwd plus partnerschap;2029;50998;1028;49970;49049;896;25
5633;37 jaar;Wettig gehuwd plus partnerschap;2030;50839;1022;49817;48902;890;25
5634;37 jaar;Wettig gehuwd plus partnerschap;2031;50517;1014;49503;48588;891;24
5635;37 jaar;Wettig gehuwd plus partnerschap;2032;50722;1022;49700;48781;894;25
5636;37 jaar;Wettig gehuwd plus partnerschap;2033;49678;989;48689;47785;879;25
5637;37 jaar;Wettig gehuwd plus partnerschap;2034;49817;990;48827;47927;876;24
5638;37 jaar;Wettig gehuwd plus partnerschap;2035;49810;991;48819;47908;887;24
5639;37 jaar;Wettig gehuwd plus partnerschap;2036;51201;1035;50166;49235;906;25
5640;37 jaar;Wettig gehuwd plus partnerschap;2037;51559;1047;50512;49577;910;25
5641;37 jaar;Wettig gehuwd plus partnerschap;2038;52296;1075;51221;50266;929;26
5642;37 jaar;Wettig gehuwd plus partnerschap;2039;51713;1061;50652;49708;918;26
5643;37 jaar;Wettig gehuwd plus partnerschap;2040;51380;1056;50324;49386;912;26
5644;37 jaar;Wettig gehuwd plus partnerschap;2041;51181;1056;50125;49190;909;26
5645;37 jaar;Wettig gehuwd plus partnerschap;2042;49742;1017;48725;47812;888;25
5646;37 jaar;Wettig gehuwd plus partnerschap;2043;48693;987;47706;46813;868;25
5647;37 jaar;Wettig gehuwd plus partnerschap;2044;48373;980;47393;46509;860;24
5648;37 jaar;Wettig gehuwd plus partnerschap;2045;47549;958;46591;45716;852;23
5649;37 jaar;Wettig gehuwd plus partnerschap;2046;48447;986;47461;46576;861;24
5650;37 jaar;Wettig gehuwd plus partnerschap;2047;48348;986;47362;46475;863;24
5651;37 jaar;Wettig gehuwd plus partnerschap;2048;48111;981;47130;46243;863;24
5652;37 jaar;Wettig gehuwd plus partnerschap;2049;47505;961;46544;45673;847;24
5653;37 jaar;Wettig gehuwd plus partnerschap;2050;46930;943;45987;45126;838;23
5654;37 jaar;Wettig gehuwd plus partnerschap;2051;47074;946;46128;45266;839;23
5655;37 jaar;Wettig gehuwd plus partnerschap;2052;47309;951;46358;45493;843;22
5656;37 jaar;Wettig gehuwd plus partnerschap;2053;47710;960;46750;45878;849;23
5657;37 jaar;Wettig gehuwd plus partnerschap;2054;48049;968;47081;46204;854;23
5658;37 jaar;Wettig gehuwd plus partnerschap;2055;48471;978;47493;46609;861;23
5659;37 jaar;Wettig gehuwd plus partnerschap;2056;48772;984;47788;46899;866;23
5660;37 jaar;Wettig gehuwd plus partnerschap;2057;49077;990;48087;47193;870;24
5661;37 jaar;Wettig gehuwd plus partnerschap;2058;49351;997;48354;47455;875;24
5662;37 jaar;Wettig gehuwd plus partnerschap;2059;49617;1002;48615;47712;879;24
5663;37 jaar;Wettig gehuwd plus partnerschap;2060;49800;1006;48794;47888;882;24
5664;37 jaar;Verweduwd;2013;383;80;303;21;282;0
5665;37 jaar;Verweduwd;2014;323;64;259;17;242;0
5666;37 jaar;Verweduwd;2015;280;58;222;19;203;0
5667;37 jaar;Verweduwd;2016;291;62;229;16;213;0
5668;37 jaar;Verweduwd;2017;266;60;206;15;191;0
5669;37 jaar;Verweduwd;2018;254;54;200;15;185;0
5670;37 jaar;Verweduwd;2019;249;55;194;17;177;0
5671;37 jaar;Verweduwd;2020;232;51;181;14;167;0
5672;37 jaar;Verweduwd;2021;228;52;176;14;162;0
5673;37 jaar;Verweduwd;2022;224;53;171;13;158;0
5674;37 jaar;Verweduwd;2023;225;52;173;14;159;0
5675;37 jaar;Verweduwd;2024;227;53;174;14;160;0
5676;37 jaar;Verweduwd;2025;218;51;167;14;153;0
5677;37 jaar;Verweduwd;2026;217;51;166;14;152;0
5678;37 jaar;Verweduwd;2027;217;51;166;14;152;0
5679;37 jaar;Verweduwd;2028;222;53;169;14;155;0
5680;37 jaar;Verweduwd;2029;219;53;166;14;152;0
5681;37 jaar;Verweduwd;2030;217;52;165;14;151;0
5682;37 jaar;Verweduwd;2031;214;52;162;13;149;0
5683;37 jaar;Verweduwd;2032;213;51;162;13;149;0
5684;37 jaar;Verweduwd;2033;207;49;158;12;146;0
5685;37 jaar;Verweduwd;2034;204;49;155;12;143;0
5686;37 jaar;Verweduwd;2035;203;48;155;12;143;0
5687;37 jaar;Verweduwd;2036;206;49;157;12;145;0
5688;37 jaar;Verweduwd;2037;205;49;156;12;144;0
5689;37 jaar;Verweduwd;2038;208;51;157;12;145;0
5690;37 jaar;Verweduwd;2039;203;49;154;11;143;0
5691;37 jaar;Verweduwd;2040;201;49;152;11;141;0
5692;37 jaar;Verweduwd;2041;198;48;150;11;139;0
5693;37 jaar;Verweduwd;2042;193;47;146;11;135;0
5694;37 jaar;Verweduwd;2043;185;44;141;10;131;0
5695;37 jaar;Verweduwd;2044;181;43;138;10;128;0
5696;37 jaar;Verweduwd;2045;179;42;137;10;127;0
5697;37 jaar;Verweduwd;2046;179;43;136;10;126;0
5698;37 jaar;Verweduwd;2047;179;43;136;10;126;0
5699;37 jaar;Verweduwd;2048;177;42;135;10;125;0
5700;37 jaar;Verweduwd;2049;170;41;129;8;121;0
5701;37 jaar;Verweduwd;2050;167;40;127;8;119;0
5702;37 jaar;Verweduwd;2051;168;40;128;8;120;0
5703;37 jaar;Verweduwd;2052;167;40;127;8;119;0
5704;37 jaar;Verweduwd;2053;165;39;126;8;118;0
5705;37 jaar;Verweduwd;2054;167;40;127;8;119;0
5706;37 jaar;Verweduwd;2055;166;39;127;8;119;0
5707;37 jaar;Verweduwd;2056;166;39;127;8;119;0
5708;37 jaar;Verweduwd;2057;166;39;127;8;119;0
5709;37 jaar;Verweduwd;2058;166;39;127;8;119;0
5710;37 jaar;Verweduwd;2059;165;39;126;8;118;0
5711;37 jaar;Verweduwd;2060;165;39;126;8;118;0
5712;37 jaar;Gescheiden;2013;10339;3513;6826;2038;4724;64
5713;37 jaar;Gescheiden;2014;9916;3464;6452;1966;4425;61
5714;37 jaar;Gescheiden;2015;9980;3397;6583;1954;4571;58
5715;37 jaar;Gescheiden;2016;9811;3375;6436;1989;4390;57
5716;37 jaar;Gescheiden;2017;9521;3264;6257;1932;4270;55
5717;37 jaar;Gescheiden;2018;9698;3316;6382;1994;4331;57
5718;37 jaar;Gescheiden;2019;9408;3208;6200;1929;4216;55
5719;37 jaar;Gescheiden;2020;9034;3063;5971;1864;4055;52
5720;37 jaar;Gescheiden;2021;8911;3013;5898;1846;4000;52
5721;37 jaar;Gescheiden;2022;9071;3108;5963;1928;3982;53
5722;37 jaar;Gescheiden;2023;9075;3113;5962;1940;3968;54
5723;37 jaar;Gescheiden;2024;9189;3177;6012;1985;3972;55
5724;37 jaar;Gescheiden;2025;9270;3230;6040;2034;3950;56
5725;37 jaar;Gescheiden;2026;9271;3227;6044;2029;3959;56
5726;37 jaar;Gescheiden;2027;9420;3288;6132;2063;4012;57
5727;37 jaar;Gescheiden;2028;9888;3501;6387;2197;4130;60
5728;37 jaar;Gescheiden;2029;9935;3523;6412;2206;4145;61
5729;37 jaar;Gescheiden;2030;9910;3514;6396;2201;4134;61
5730;37 jaar;Gescheiden;2031;9890;3498;6392;2184;4147;61
5731;37 jaar;Gescheiden;2032;9963;3528;6435;2201;4173;61
5732;37 jaar;Gescheiden;2033;9707;3419;6288;2126;4103;59
5733;37 jaar;Gescheiden;2034;9697;3422;6275;2132;4084;59
5734;37 jaar;Gescheiden;2035;9752;3431;6321;2125;4136;60
5735;37 jaar;Gescheiden;2036;10093;3582;6511;2219;4230;62
5736;37 jaar;Gescheiden;2037;10186;3625;6561;2246;4252;63
5737;37 jaar;Gescheiden;2038;10435;3725;6710;2302;4343;65
5738;37 jaar;Gescheiden;2039;10295;3673;6622;2272;4286;64
5739;37 jaar;Gescheiden;2040;10231;3652;6579;2263;4253;63
5740;37 jaar;Gescheiden;2041;10212;3649;6563;2262;4238;63
5741;37 jaar;Gescheiden;2042;9882;3509;6373;2174;4138;61
5742;37 jaar;Gescheiden;2043;9606;3399;6207;2110;4038;59
5743;37 jaar;Gescheiden;2044;9516;3367;6149;2092;3998;59
5744;37 jaar;Gescheiden;2045;9340;3286;6054;2038;3959;57
5745;37 jaar;Gescheiden;2046;9545;3382;6163;2104;4000;59
5746;37 jaar;Gescheiden;2047;9544;3378;6166;2100;4007;59
5747;37 jaar;Gescheiden;2048;9511;3360;6151;2088;4005;58
5748;37 jaar;Gescheiden;2049;9319;3287;6032;2048;3927;57
5749;37 jaar;Gescheiden;2050;9167;3221;5946;2008;3882;56
5750;37 jaar;Gescheiden;2051;9191;3230;5961;2015;3890;56
5751;37 jaar;Gescheiden;2052;9237;3247;5990;2028;3906;56
5752;37 jaar;Gescheiden;2053;9322;3281;6041;2050;3934;57
5753;37 jaar;Gescheiden;2054;9392;3307;6085;2069;3959;57
5754;37 jaar;Gescheiden;2055;9487;3344;6143;2094;3991;58
5755;37 jaar;Gescheiden;2056;9550;3368;6182;2111;4013;58
5756;37 jaar;Gescheiden;2057;9617;3393;6224;2129;4036;59
5757;37 jaar;Gescheiden;2058;9676;3415;6261;2145;4057;59
5758;37 jaar;Gescheiden;2059;9736;3439;6297;2161;4076;60
5759;37 jaar;Gescheiden;2060;9776;3453;6323;2172;4091;60
5760;38 jaar;Totaal burgerlijke staat;2013;121421;33001;88420;75740;12219;461
5761;38 jaar;Totaal burgerlijke staat;2014;116447;32358;84089;71863;11779;447
5762;38 jaar;Totaal burgerlijke staat;2015;115539;32415;83124;71257;11408;459
5763;38 jaar;Totaal burgerlijke staat;2016;114074;31876;82198;70260;11477;461
5764;38 jaar;Totaal burgerlijke staat;2017;115421;32424;82997;71104;11423;470
5765;38 jaar;Totaal burgerlijke staat;2018;115129;32235;82894;71102;11325;467
5766;38 jaar;Totaal burgerlijke staat;2019;118949;33447;85502;73352;11665;485
5767;38 jaar;Totaal burgerlijke staat;2020;116999;32813;84186;72220;11490;476
5768;38 jaar;Totaal burgerlijke staat;2021;114335;31865;82470;70840;11171;459
5769;38 jaar;Totaal burgerlijke staat;2022;113809;31534;82275;70669;11153;453
5770;38 jaar;Totaal burgerlijke staat;2023;116660;32109;84551;72648;11441;462
5771;38 jaar;Totaal burgerlijke staat;2024;118225;32527;85698;73601;11628;469
5772;38 jaar;Totaal burgerlijke staat;2025;121006;33271;87735;75278;11977;480
5773;38 jaar;Totaal burgerlijke staat;2026;122368;33484;88884;76420;11980;484
5774;38 jaar;Totaal burgerlijke staat;2027;121886;33170;88716;76271;11966;479
5775;38 jaar;Totaal burgerlijke staat;2028;123049;33429;89620;77039;12097;484
5776;38 jaar;Totaal burgerlijke staat;2029;127809;34916;92893;79963;12424;506
5777;38 jaar;Totaal burgerlijke staat;2030;127870;34964;92906;79959;12440;507
5778;38 jaar;Totaal burgerlijke staat;2031;127027;34653;92374;79578;12292;504
5779;38 jaar;Totaal burgerlijke staat;2032;126207;34430;91777;79035;12242;500
5780;38 jaar;Totaal burgerlijke staat;2033;126730;34612;92118;79354;12261;503
5781;38 jaar;Totaal burgerlijke staat;2034;124200;33834;90366;77854;12022;490
5782;38 jaar;Totaal burgerlijke staat;2035;124492;33891;90601;78158;11953;490
5783;38 jaar;Totaal burgerlijke staat;2036;124939;34125;90814;78208;12113;493
5784;38 jaar;Totaal burgerlijke staat;2037;128626;35348;93278;80372;12395;511
5785;38 jaar;Totaal burgerlijke staat;2038;129681;35752;93929;80950;12461;518
5786;38 jaar;Totaal burgerlijke staat;2039;131910;36578;95332;82062;12740;530
5787;38 jaar;Totaal burgerlijke staat;2040;130454;36164;94290;81197;12568;525
5788;38 jaar;Totaal burgerlijke staat;2041;129640;35956;93684;80690;12472;522
5789;38 jaar;Totaal burgerlijke staat;2042;129185;35869;93316;80368;12426;522
5790;38 jaar;Totaal burgerlijke staat;2043;125541;34739;90802;78169;12128;505
5791;38 jaar;Totaal burgerlijke staat;2044;122702;33810;88892;76578;11823;491
5792;38 jaar;Totaal burgerlijke staat;2045;121752;33484;88268;76076;11708;484
5793;38 jaar;Totaal burgerlijke staat;2046;119703;32851;86852;74786;11591;475
5794;38 jaar;Totaal burgerlijke staat;2047;121801;33494;88307;76111;11712;484
5795;38 jaar;Totaal burgerlijke staat;2048;121553;33443;88110;75892;11733;485
5796;38 jaar;Totaal burgerlijke staat;2049;120927;33248;87679;75475;11723;481
5797;38 jaar;Totaal burgerlijke staat;2050;119102;32599;86503;74541;11490;472
5798;38 jaar;Totaal burgerlijke staat;2051;117503;32045;85458;73646;11349;463
5799;38 jaar;Totaal burgerlijke staat;2052;117762;32075;85687;73849;11375;463
5800;38 jaar;Totaal burgerlijke staat;2053;118252;32182;86070;74185;11421;464
5801;38 jaar;Totaal burgerlijke staat;2054;119165;32418;86747;74775;11504;468
5802;38 jaar;Totaal burgerlijke staat;2055;119937;32613;87324;75274;11579;471
5803;38 jaar;Totaal burgerlijke staat;2056;120931;32885;88046;75902;11669;475
5804;38 jaar;Totaal burgerlijke staat;2057;121623;33055;88568;76352;11738;478
5805;38 jaar;Totaal burgerlijke staat;2058;122330;33237;89093;76810;11802;481
5806;38 jaar;Totaal burgerlijke staat;2059;122971;33402;89569;77222;11864;483
5807;38 jaar;Totaal burgerlijke staat;2060;123603;33572;90031;77626;11920;485
5808;38 jaar;Ongehuwd;2013;54764;27527;27237;21807;5055;375
5809;38 jaar;Ongehuwd;2014;54264;27331;26933;21430;5136;367
5810;38 jaar;Ongehuwd;2015;55447;27568;27879;22314;5182;383
5811;38 jaar;Ongehuwd;2016;55322;27176;28146;22510;5249;387
5812;38 jaar;Ongehuwd;2017;56727;27768;28959;23166;5396;397
5813;38 jaar;Ongehuwd;2018;57056;27708;29348;23478;5475;395
5814;38 jaar;Ongehuwd;2019;59719;28844;30875;24708;5755;412
5815;38 jaar;Ongehuwd;2020;59262;28356;30906;24775;5726;405
5816;38 jaar;Ongehuwd;2021;58176;27603;30573;24552;5630;391
5817;38 jaar;Ongehuwd;2022;58067;27334;30733;24660;5686;387
5818;38 jaar;Ongehuwd;2023;59410;27763;31647;25283;5971;393
5819;38 jaar;Ongehuwd;2024;60428;28159;32269;25721;6149;399
5820;38 jaar;Ongehuwd;2025;62040;28804;33236;26356;6471;409
5821;38 jaar;Ongehuwd;2026;62454;28945;33509;26593;6504;412
5822;38 jaar;Ongehuwd;2027;61877;28643;33234;26355;6472;407
5823;38 jaar;Ongehuwd;2028;62175;28818;33357;26420;6527;410
5824;38 jaar;Ongehuwd;2029;64314;30003;34311;27194;6689;428
5825;38 jaar;Ongehuwd;2030;64211;30027;34184;27066;6689;429
5826;38 jaar;Ongehuwd;2031;63578;29739;33839;26853;6561;425
5827;38 jaar;Ongehuwd;2032;63114;29545;33569;26649;6498;422
5828;38 jaar;Ongehuwd;2033;63349;29690;33659;26749;6486;424
5829;38 jaar;Ongehuwd;2034;62171;29071;33100;26340;6346;414
5830;38 jaar;Ongehuwd;2035;62330;29124;33206;26487;6305;414
5831;38 jaar;Ongehuwd;2036;62715;29349;33366;26553;6396;417
5832;38 jaar;Ongehuwd;2037;64594;30358;34236;27254;6550;432
5833;38 jaar;Ongehuwd;2038;65174;30702;34472;27447;6588;437
5834;38 jaar;Ongehuwd;2039;66366;31384;34982;27792;6743;447
5835;38 jaar;Ongehuwd;2040;65662;31044;34618;27524;6651;443
5836;38 jaar;Ongehuwd;2041;65258;30862;34396;27357;6599;440
5837;38 jaar;Ongehuwd;2042;65025;30777;34248;27233;6575;440
5838;38 jaar;Ongehuwd;2043;63224;29844;33380;26540;6414;426
5839;38 jaar;Ongehuwd;2044;61767;29068;32699;26037;6247;415
5840;38 jaar;Ongehuwd;2045;61245;28788;32457;25864;6184;409
5841;38 jaar;Ongehuwd;2046;60235;28269;31966;25442;6122;402
5842;38 jaar;Ongehuwd;2047;61187;28774;32413;25817;6187;409
5843;38 jaar;Ongehuwd;2048;61042;28725;32317;25709;6199;409
5844;38 jaar;Ongehuwd;2049;60705;28556;32149;25547;6196;406
5845;38 jaar;Ongehuwd;2050;59714;28010;31704;25238;6067;399
5846;38 jaar;Ongehuwd;2051;58885;27551;31334;24951;5991;392
5847;38 jaar;Ongehuwd;2052;58965;27567;31398;25002;6005;391
5848;38 jaar;Ongehuwd;2053;59169;27652;31517;25096;6029;392
5849;38 jaar;Ongehuwd;2054;59584;27842;31742;25270;6076;396
5850;38 jaar;Ongehuwd;2055;59932;28000;31932;25417;6117;398
5851;38 jaar;Ongehuwd;2056;60394;28221;32173;25607;6165;401
5852;38 jaar;Ongehuwd;2057;60708;28359;32349;25743;6203;403
5853;38 jaar;Ongehuwd;2058;61035;28508;32527;25884;6238;405
5854;38 jaar;Ongehuwd;2059;61334;28642;32692;26013;6272;407
5855;38 jaar;Ongehuwd;2060;61631;28781;32850;26138;6303;409
5856;38 jaar;Wettig gehuwd plus partnerschap;2013;53888;1210;52678;51545;1108;25
5857;38 jaar;Wettig gehuwd plus partnerschap;2014;50364;1097;49267;48176;1067;24
5858;38 jaar;Wettig gehuwd plus partnerschap;2015;48812;1029;47783;46754;1006;23
5859;38 jaar;Wettig gehuwd plus partnerschap;2016;47532;977;46555;45570;963;22
5860;38 jaar;Wettig gehuwd plus partnerschap;2017;47640;955;46685;45731;932;22
5861;38 jaar;Wettig gehuwd plus partnerschap;2018;47336;934;46402;45474;906;22
5862;38 jaar;Wettig gehuwd plus partnerschap;2019;48309;950;47359;46430;907;22
5863;38 jaar;Wettig gehuwd plus partnerschap;2020;47139;920;46219;45307;891;21
5864;38 jaar;Wettig gehuwd plus partnerschap;2021;45990;886;45104;44226;857;21
5865;38 jaar;Wettig gehuwd plus partnerschap;2022;45714;876;44838;43970;848;20
5866;38 jaar;Wettig gehuwd plus partnerschap;2023;47026;910;46116;45234;861;21
5867;38 jaar;Wettig gehuwd plus partnerschap;2024;47550;922;46628;45734;872;22
5868;38 jaar;Wettig gehuwd plus partnerschap;2025;48575;946;47629;46724;883;22
5869;38 jaar;Wettig gehuwd plus partnerschap;2026;49440;962;48478;47574;882;22
5870;38 jaar;Wettig gehuwd plus partnerschap;2027;49538;958;48580;47671;887;22
5871;38 jaar;Wettig gehuwd plus partnerschap;2028;50234;974;49260;48336;901;23
5872;38 jaar;Wettig gehuwd plus partnerschap;2029;52323;1035;51288;50336;928;24
5873;38 jaar;Wettig gehuwd plus partnerschap;2030;52442;1038;51404;50450;930;24
5874;38 jaar;Wettig gehuwd plus partnerschap;2031;52269;1030;51239;50290;925;24
5875;38 jaar;Wettig gehuwd plus partnerschap;2032;51942;1022;50920;49970;926;24
5876;38 jaar;Wettig gehuwd plus partnerschap;2033;52152;1028;51124;50170;930;24
5877;38 jaar;Wettig gehuwd plus partnerschap;2034;51097;995;50102;49165;914;23
5878;38 jaar;Wettig gehuwd plus partnerschap;2035;51246;996;50250;49317;910;23
5879;38 jaar;Wettig gehuwd plus partnerschap;2036;51250;997;50253;49308;922;23
5880;38 jaar;Wettig gehuwd plus partnerschap;2037;52674;1042;51632;50666;942;24
5881;38 jaar;Wettig gehuwd plus partnerschap;2038;53046;1055;51991;51020;946;25
5882;38 jaar;Wettig gehuwd plus partnerschap;2039;53799;1085;52714;51723;966;25
5883;38 jaar;Wettig gehuwd plus partnerschap;2040;53208;1070;52138;51159;954;25
5884;38 jaar;Wettig gehuwd plus partnerschap;2041;52870;1066;51804;50831;948;25
5885;38 jaar;Wettig gehuwd plus partnerschap;2042;52670;1067;51603;50633;945;25
5886;38 jaar;Wettig gehuwd plus partnerschap;2043;51202;1027;50175;49227;924;24
5887;38 jaar;Wettig gehuwd plus partnerschap;2044;50136;997;49139;48212;904;23
5888;38 jaar;Wettig gehuwd plus partnerschap;2045;49809;988;48821;47902;896;23
5889;38 jaar;Wettig gehuwd plus partnerschap;2046;48970;965;48005;47095;888;22
5890;38 jaar;Wettig gehuwd plus partnerschap;2047;49885;995;48890;47970;897;23
5891;38 jaar;Wettig gehuwd plus partnerschap;2048;49780;996;48784;47862;899;23
5892;38 jaar;Wettig gehuwd plus partnerschap;2049;49533;990;48543;47622;898;23
5893;38 jaar;Wettig gehuwd plus partnerschap;2050;48915;970;47945;47041;882;22
5894;38 jaar;Wettig gehuwd plus partnerschap;2051;48326;951;47375;46481;872;22
5895;38 jaar;Wettig gehuwd plus partnerschap;2052;48475;954;47521;46625;874;22
5896;38 jaar;Wettig gehuwd plus partnerschap;2053;48712;959;47753;46853;878;22
5897;38 jaar;Wettig gehuwd plus partnerschap;2054;49118;968;48150;47244;884;22
5898;38 jaar;Wettig gehuwd plus partnerschap;2055;49462;976;48486;47575;889;22
5899;38 jaar;Wettig gehuwd plus partnerschap;2056;49890;986;48904;47985;896;23
5900;38 jaar;Wettig gehuwd plus partnerschap;2057;50196;992;49204;48280;901;23
5901;38 jaar;Wettig gehuwd plus partnerschap;2058;50505;998;49507;48578;906;23
5902;38 jaar;Wettig gehuwd plus partnerschap;2059;50782;1004;49778;48844;911;23
5903;38 jaar;Wettig gehuwd plus partnerschap;2060;51052;1011;50041;49104;914;23
5904;38 jaar;Verweduwd;2013;447;93;354;28;326;0
5905;38 jaar;Verweduwd;2014;416;83;333;23;310;0
5906;38 jaar;Verweduwd;2015;356;68;288;19;269;0
5907;38 jaar;Verweduwd;2016;312;62;250;20;230;0
5908;38 jaar;Verweduwd;2017;323;66;257;18;239;0
5909;38 jaar;Verweduwd;2018;295;63;232;16;216;0
5910;38 jaar;Verweduwd;2019;285;59;226;16;210;0
5911;38 jaar;Verweduwd;2020;280;60;220;18;202;0
5912;38 jaar;Verweduwd;2021;260;54;206;15;191;0
5913;38 jaar;Verweduwd;2022;255;55;200;15;185;0
5914;38 jaar;Verweduwd;2023;254;57;197;15;182;0
5915;38 jaar;Verweduwd;2024;254;56;198;15;183;0
5916;38 jaar;Verweduwd;2025;256;57;199;15;184;0
5917;38 jaar;Verweduwd;2026;246;55;191;15;176;0
5918;38 jaar;Verweduwd;2027;244;54;190;15;175;0
5919;38 jaar;Verweduwd;2028;246;55;191;15;176;0
5920;38 jaar;Verweduwd;2029;252;58;194;15;179;0
5921;38 jaar;Verweduwd;2030;248;57;191;15;176;0
5922;38 jaar;Verweduwd;2031;246;56;190;15;175;0
5923;38 jaar;Verweduwd;2032;244;56;188;15;173;0
5924;38 jaar;Verweduwd;2033;242;55;187;15;172;0
5925;38 jaar;Verweduwd;2034;234;53;181;13;168;0
5926;38 jaar;Verweduwd;2035;231;52;179;13;166;0
5927;38 jaar;Verweduwd;2036;231;52;179;13;166;0
5928;38 jaar;Verweduwd;2037;234;53;181;13;168;0
5929;38 jaar;Verweduwd;2038;234;53;181;14;167;0
5930;38 jaar;Verweduwd;2039;238;55;183;14;169;0
5931;38 jaar;Verweduwd;2040;232;53;179;14;165;0
5932;38 jaar;Verweduwd;2041;229;53;176;13;163;0
5933;38 jaar;Verweduwd;2042;224;52;172;12;160;0
5934;38 jaar;Verweduwd;2043;218;50;168;12;156;0
5935;38 jaar;Verweduwd;2044;210;48;162;11;151;0
5936;38 jaar;Verweduwd;2045;207;47;160;11;149;0
5937;38 jaar;Verweduwd;2046;203;46;157;11;146;0
5938;38 jaar;Verweduwd;2047;204;46;158;11;147;0
5939;38 jaar;Verweduwd;2048;203;46;157;11;146;0
5940;38 jaar;Verweduwd;2049;201;46;155;11;144;0
5941;38 jaar;Verweduwd;2050;195;44;151;10;141;0
5942;38 jaar;Verweduwd;2051;189;42;147;9;138;0
5943;38 jaar;Verweduwd;2052;189;42;147;9;138;0
5944;38 jaar;Verweduwd;2053;189;42;147;9;138;0
5945;38 jaar;Verweduwd;2054;188;42;146;9;137;0
5946;38 jaar;Verweduwd;2055;188;42;146;9;137;0
5947;38 jaar;Verweduwd;2056;188;42;146;9;137;0
5948;38 jaar;Verweduwd;2057;188;42;146;9;137;0
5949;38 jaar;Verweduwd;2058;188;42;146;9;137;0
5950;38 jaar;Verweduwd;2059;187;42;145;9;136;0
5951;38 jaar;Verweduwd;2060;186;41;145;9;136;0
5952;38 jaar;Gescheiden;2013;12322;4171;8151;2360;5730;61
5953;38 jaar;Gescheiden;2014;11403;3847;7556;2234;5266;56
5954;38 jaar;Gescheiden;2015;10924;3750;7174;2170;4951;53
5955;38 jaar;Gescheiden;2016;10908;3661;7247;2160;5035;52
5956;38 jaar;Gescheiden;2017;10731;3635;7096;2189;4856;51
5957;38 jaar;Gescheiden;2018;10442;3530;6912;2134;4728;50
5958;38 jaar;Gescheiden;2019;10636;3594;7042;2198;4793;51
5959;38 jaar;Gescheiden;2020;10318;3477;6841;2120;4671;50
5960;38 jaar;Gescheiden;2021;9909;3322;6587;2047;4493;47
5961;38 jaar;Gescheiden;2022;9773;3269;6504;2024;4434;46
5962;38 jaar;Gescheiden;2023;9970;3379;6591;2116;4427;48
5963;38 jaar;Gescheiden;2024;9993;3390;6603;2131;4424;48
5964;38 jaar;Gescheiden;2025;10135;3464;6671;2183;4439;49
5965;38 jaar;Gescheiden;2026;10228;3522;6706;2238;4418;50
5966;38 jaar;Gescheiden;2027;10227;3515;6712;2230;4432;50
5967;38 jaar;Gescheiden;2028;10394;3582;6812;2268;4493;51
5968;38 jaar;Gescheiden;2029;10920;3820;7100;2418;4628;54
5969;38 jaar;Gescheiden;2030;10969;3842;7127;2428;4645;54
5970;38 jaar;Gescheiden;2031;10934;3828;7106;2420;4631;55
5971;38 jaar;Gescheiden;2032;10907;3807;7100;2401;4645;54
5972;38 jaar;Gescheiden;2033;10987;3839;7148;2420;4673;55
5973;38 jaar;Gescheiden;2034;10698;3715;6983;2336;4594;53
5974;38 jaar;Gescheiden;2035;10685;3719;6966;2341;4572;53
5975;38 jaar;Gescheiden;2036;10743;3727;7016;2334;4629;53
5976;38 jaar;Gescheiden;2037;11124;3895;7229;2439;4735;55
5977;38 jaar;Gescheiden;2038;11227;3942;7285;2469;4760;56
5978;38 jaar;Gescheiden;2039;11507;4054;7453;2533;4862;58
5979;38 jaar;Gescheiden;2040;11352;3997;7355;2500;4798;57
5980;38 jaar;Gescheiden;2041;11283;3975;7308;2489;4762;57
5981;38 jaar;Gescheiden;2042;11266;3973;7293;2490;4746;57
5982;38 jaar;Gescheiden;2043;10897;3818;7079;2390;4634;55
5983;38 jaar;Gescheiden;2044;10589;3697;6892;2318;4521;53
5984;38 jaar;Gescheiden;2045;10491;3661;6830;2299;4479;52
5985;38 jaar;Gescheiden;2046;10295;3571;6724;2238;4435;51
5986;38 jaar;Gescheiden;2047;10525;3679;6846;2313;4481;52
5987;38 jaar;Gescheiden;2048;10528;3676;6852;2310;4489;53
5988;38 jaar;Gescheiden;2049;10488;3656;6832;2295;4485;52
5989;38 jaar;Gescheiden;2050;10278;3575;6703;2252;4400;51
5990;38 jaar;Gescheiden;2051;10103;3501;6602;2205;4348;49
5991;38 jaar;Gescheiden;2052;10133;3512;6621;2213;4358;50
5992;38 jaar;Gescheiden;2053;10182;3529;6653;2227;4376;50
5993;38 jaar;Gescheiden;2054;10275;3566;6709;2252;4407;50
5994;38 jaar;Gescheiden;2055;10355;3595;6760;2273;4436;51
5995;38 jaar;Gescheiden;2056;10459;3636;6823;2301;4471;51
5996;38 jaar;Gescheiden;2057;10531;3662;6869;2320;4497;52
5997;38 jaar;Gescheiden;2058;10602;3689;6913;2339;4521;53
5998;38 jaar;Gescheiden;2059;10668;3714;6954;2356;4545;53
5999;38 jaar;Gescheiden;2060;10734;3739;6995;2375;4567;53
6000;39 jaar;Totaal burgerlijke staat;2013;126276;32969;93307;79403;13482;422
6001;39 jaar;Totaal burgerlijke staat;2014;121876;32473;89403;75945;13065;393
6002;39 jaar;Totaal burgerlijke staat;2015;116814;31681;85133;72234;12518;381
6003;39 jaar;Totaal burgerlijke staat;2016;115897;31648;84249;71753;12107;389
6004;39 jaar;Totaal burgerlijke staat;2017;114436;31142;83294;70765;12140;389
6005;39 jaar;Totaal burgerlijke staat;2018;115803;31671;84132;71635;12100;397
6006;39 jaar;Totaal burgerlijke staat;2019;115507;31502;84005;71614;11996;395
6007;39 jaar;Totaal burgerlijke staat;2020;119279;32670;86609;73844;12356;409
6008;39 jaar;Totaal burgerlijke staat;2021;117312;32043;85269;72698;12172;399
6009;39 jaar;Totaal burgerlijke staat;2022;114626;31092;83534;71308;11840;386
6010;39 jaar;Totaal burgerlijke staat;2023;114070;30752;83318;71127;11810;381
6011;39 jaar;Totaal burgerlijke staat;2024;116907;31321;85586;73084;12113;389
6012;39 jaar;Totaal burgerlijke staat;2025;118470;31735;86735;74029;12311;395
6013;39 jaar;Totaal burgerlijke staat;2026;121250;32474;88776;75694;12678;404
6014;39 jaar;Totaal burgerlijke staat;2027;122616;32691;89925;76828;12689;408
6015;39 jaar;Totaal burgerlijke staat;2028;122133;32385;89748;76669;12674;405
6016;39 jaar;Totaal burgerlijke staat;2029;123290;32643;90647;77428;12812;407
6017;39 jaar;Totaal burgerlijke staat;2030;128040;34117;93923;80335;13161;427
6018;39 jaar;Totaal burgerlijke staat;2031;128106;34167;93939;80329;13182;428
6019;39 jaar;Totaal burgerlijke staat;2032;127265;33860;93405;79951;13030;424
6020;39 jaar;Totaal burgerlijke staat;2033;126454;33633;92821;79420;12980;421
6021;39 jaar;Totaal burgerlijke staat;2034;126976;33808;93168;79745;13000;423
6022;39 jaar;Totaal burgerlijke staat;2035;124458;33036;91422;78262;12748;412
6023;39 jaar;Totaal burgerlijke staat;2036;124751;33085;91666;78575;12678;413
6024;39 jaar;Totaal burgerlijke staat;2037;125203;33311;91892;78633;12844;415
6025;39 jaar;Totaal burgerlijke staat;2038;128883;34509;94374;80798;13146;430
6026;39 jaar;Totaal burgerlijke staat;2039;129937;34908;95029;81377;13216;436
6027;39 jaar;Totaal burgerlijke staat;2040;132160;35717;96443;82486;13510;447
6028;39 jaar;Totaal burgerlijke staat;2041;130714;35317;95397;81625;13330;442
6029;39 jaar;Totaal burgerlijke staat;2042;129905;35116;94789;81119;13229;441
6030;39 jaar;Totaal burgerlijke staat;2043;129453;35035;94418;80797;13180;441
6031;39 jaar;Totaal burgerlijke staat;2044;125816;33924;91892;78601;12867;424
6032;39 jaar;Totaal burgerlijke staat;2045;122983;33011;89972;77013;12547;412
6033;39 jaar;Totaal burgerlijke staat;2046;122041;32696;89345;76513;12424;408
6034;39 jaar;Totaal burgerlijke staat;2047;120000;32076;87924;75223;12300;401
6035;39 jaar;Totaal burgerlijke staat;2048;122088;32712;89376;76541;12427;408
6036;39 jaar;Totaal burgerlijke staat;2049;121839;32663;89176;76318;12448;410
6037;39 jaar;Totaal burgerlijke staat;2050;121219;32473;88746;75900;12439;407
6038;39 jaar;Totaal burgerlijke staat;2051;119397;31841;87556;74969;12189;398
6039;39 jaar;Totaal burgerlijke staat;2052;117804;31295;86509;74075;12043;391
6040;39 jaar;Totaal burgerlijke staat;2053;118060;31321;86739;74279;12069;391
6041;39 jaar;Totaal burgerlijke staat;2054;118555;31431;87124;74614;12117;393
6042;39 jaar;Totaal burgerlijke staat;2055;119465;31663;87802;75200;12206;396
6043;39 jaar;Totaal burgerlijke staat;2056;120236;31854;88382;75697;12287;398
6044;39 jaar;Totaal burgerlijke staat;2057;121226;32123;89103;76321;12382;400
6045;39 jaar;Totaal burgerlijke staat;2058;121914;32291;89623;76769;12452;402
6046;39 jaar;Totaal burgerlijke staat;2059;122623;32472;90151;77224;12522;405
6047;39 jaar;Totaal burgerlijke staat;2060;123257;32634;90623;77632;12585;406
6048;39 jaar;Ongehuwd;2013;53700;26696;27004;21380;5289;335
6049;39 jaar;Ongehuwd;2014;53386;26696;26690;21148;5222;320
6050;39 jaar;Ongehuwd;2015;52853;26382;26471;20886;5272;313
6051;39 jaar;Ongehuwd;2016;53971;26552;27419;21784;5310;325
6052;39 jaar;Ongehuwd;2017;53822;26185;27637;21943;5368;326
6053;39 jaar;Ongehuwd;2018;55160;26744;28416;22560;5522;334
6054;39 jaar;Ongehuwd;2019;55442;26691;28751;22822;5596;333
6055;39 jaar;Ongehuwd;2020;57962;27766;30196;23964;5886;346
6056;39 jaar;Ongehuwd;2021;57496;27292;30204;24013;5852;339
6057;39 jaar;Ongehuwd;2022;56415;26547;29868;23782;5758;328
6058;39 jaar;Ongehuwd;2023;56266;26273;29993;23860;5810;323
6059;39 jaar;Ongehuwd;2024;57534;26683;30851;24427;6094;330
6060;39 jaar;Ongehuwd;2025;58499;27065;31434;24823;6276;335
6061;39 jaar;Ongehuwd;2026;60057;27694;32363;25414;6605;344
6062;39 jaar;Ongehuwd;2027;60443;27832;32611;25621;6644;346
6063;39 jaar;Ongehuwd;2028;59869;27539;32330;25378;6609;343
6064;39 jaar;Ongehuwd;2029;60140;27709;32431;25424;6662;345
6065;39 jaar;Ongehuwd;2030;62180;28854;33326;26138;6828;360
6066;39 jaar;Ongehuwd;2031;62089;28882;33207;26017;6829;361
6067;39 jaar;Ongehuwd;2032;61480;28602;32878;25819;6702;357
6068;39 jaar;Ongehuwd;2033;61041;28411;32630;25635;6640;355
6069;39 jaar;Ongehuwd;2034;61261;28545;32716;25732;6628;356
6070;39 jaar;Ongehuwd;2035;60131;27946;32185;25352;6485;348
6071;39 jaar;Ongehuwd;2036;60284;27993;32291;25498;6444;349
6072;39 jaar;Ongehuwd;2037;60662;28208;32454;25567;6536;351
6073;39 jaar;Ongehuwd;2038;62463;29177;33286;26227;6696;363
6074;39 jaar;Ongehuwd;2039;63025;29510;33515;26413;6734;368
6075;39 jaar;Ongehuwd;2040;64167;30165;34002;26734;6892;376
6076;39 jaar;Ongehuwd;2041;63490;29842;33648;26477;6799;372
6077;39 jaar;Ongehuwd;2042;63100;29668;33432;26315;6746;371
6078;39 jaar;Ongehuwd;2043;62876;29588;33288;26195;6722;371
6079;39 jaar;Ongehuwd;2044;61141;28690;32451;25535;6558;358
6080;39 jaar;Ongehuwd;2045;59737;27943;31794;25057;6389;348
6081;39 jaar;Ongehuwd;2046;59235;27674;31561;24892;6325;344
6082;39 jaar;Ongehuwd;2047;58264;27176;31088;24490;6260;338
6083;39 jaar;Ongehuwd;2048;59174;27663;31511;24840;6327;344
6084;39 jaar;Ongehuwd;2049;59035;27618;31417;24733;6340;344
6085;39 jaar;Ongehuwd;2050;58712;27455;31257;24579;6336;342
6086;39 jaar;Ongehuwd;2051;57759;26932;30827;24288;6204;335
6087;39 jaar;Ongehuwd;2052;56957;26488;30469;24014;6126;329
6088;39 jaar;Ongehuwd;2053;57038;26502;30536;24066;6141;329
6089;39 jaar;Ongehuwd;2054;57236;26586;30650;24154;6166;330
6090;39 jaar;Ongehuwd;2055;57632;26770;30862;24316;6213;333
6091;39 jaar;Ongehuwd;2056;57968;26921;31047;24457;6255;335
6092;39 jaar;Ongehuwd;2057;58412;27136;31276;24635;6304;337
6093;39 jaar;Ongehuwd;2058;58716;27270;31446;24765;6342;339
6094;39 jaar;Ongehuwd;2059;59033;27414;31619;24899;6379;341
6095;39 jaar;Ongehuwd;2060;59318;27545;31773;25018;6413;342
6096;39 jaar;Wettig gehuwd plus partnerschap;2013;57672;1309;56363;55159;1178;26
6097;39 jaar;Wettig gehuwd plus partnerschap;2014;54522;1191;53331;52177;1132;22
6098;39 jaar;Wettig gehuwd plus partnerschap;2015;51028;1076;49952;48872;1059;21
6099;39 jaar;Wettig gehuwd plus partnerschap;2016;49577;1011;48566;47556;991;19
6100;39 jaar;Wettig gehuwd plus partnerschap;2017;48376;971;47405;46431;955;19
6101;39 jaar;Wettig gehuwd plus partnerschap;2018;48570;960;47610;46660;931;19
6102;39 jaar;Wettig gehuwd plus partnerschap;2019;48313;947;47366;46436;911;19
6103;39 jaar;Wettig gehuwd plus partnerschap;2020;49361;970;48391;47455;917;19
6104;39 jaar;Wettig gehuwd plus partnerschap;2021;48210;941;47269;46348;903;18
6105;39 jaar;Wettig gehuwd plus partnerschap;2022;47068;904;46164;45275;871;18
6106;39 jaar;Wettig gehuwd plus partnerschap;2023;46814;893;45921;45042;861;18
6107;39 jaar;Wettig gehuwd plus partnerschap;2024;48152;928;47224;46331;875;18
6108;39 jaar;Wettig gehuwd plus partnerschap;2025;48706;942;47764;46859;886;19
6109;39 jaar;Wettig gehuwd plus partnerschap;2026;49756;967;48789;47872;899;18
6110;39 jaar;Wettig gehuwd plus partnerschap;2027;50641;984;49657;48740;898;19
6111;39 jaar;Wettig gehuwd plus partnerschap;2028;50735;979;49756;48835;902;19
6112;39 jaar;Wettig gehuwd plus partnerschap;2029;51438;996;50442;49507;916;19
6113;39 jaar;Wettig gehuwd plus partnerschap;2030;53554;1061;52493;51530;943;20
6114;39 jaar;Wettig gehuwd plus partnerschap;2031;53664;1062;52602;51635;947;20
6115;39 jaar;Wettig gehuwd plus partnerschap;2032;53481;1054;52427;51466;941;20
6116;39 jaar;Wettig gehuwd plus partnerschap;2033;53149;1044;52105;51143;942;20
6117;39 jaar;Wettig gehuwd plus partnerschap;2034;53366;1051;52315;51350;945;20
6118;39 jaar;Wettig gehuwd plus partnerschap;2035;52307;1017;51290;50342;929;19
6119;39 jaar;Wettig gehuwd plus partnerschap;2036;52465;1017;51448;50503;926;19
6120;39 jaar;Wettig gehuwd plus partnerschap;2037;52478;1019;51459;50503;937;19
6121;39 jaar;Wettig gehuwd plus partnerschap;2038;53930;1065;52865;51887;958;20
6122;39 jaar;Wettig gehuwd plus partnerschap;2039;54310;1079;53231;52248;963;20
6123;39 jaar;Wettig gehuwd plus partnerschap;2040;55077;1110;53967;52963;983;21
6124;39 jaar;Wettig gehuwd plus partnerschap;2041;54483;1096;53387;52395;971;21
6125;39 jaar;Wettig gehuwd plus partnerschap;2042;54141;1092;53049;52063;965;21
6126;39 jaar;Wettig gehuwd plus partnerschap;2043;53938;1094;52844;51861;962;21
6127;39 jaar;Wettig gehuwd plus partnerschap;2044;52450;1052;51398;50437;941;20
6128;39 jaar;Wettig gehuwd plus partnerschap;2045;51368;1020;50348;49408;921;19
6129;39 jaar;Wettig gehuwd plus partnerschap;2046;51039;1013;50026;49095;912;19
6130;39 jaar;Wettig gehuwd plus partnerschap;2047;50188;989;49199;48276;904;19
6131;39 jaar;Wettig gehuwd plus partnerschap;2048;51112;1020;50092;49159;914;19
6132;39 jaar;Wettig gehuwd plus partnerschap;2049;51001;1020;49981;49047;914;20
6133;39 jaar;Wettig gehuwd plus partnerschap;2050;50748;1015;49733;48799;914;20
6134;39 jaar;Wettig gehuwd plus partnerschap;2051;50120;994;49126;48209;898;19
6135;39 jaar;Wettig gehuwd plus partnerschap;2052;49521;974;48547;47640;888;19
6136;39 jaar;Wettig gehuwd plus partnerschap;2053;49670;977;48693;47784;890;19
6137;39 jaar;Wettig gehuwd plus partnerschap;2054;49910;982;48928;48016;893;19
6138;39 jaar;Wettig gehuwd plus partnerschap;2055;50321;991;49330;48411;900;19
6139;39 jaar;Wettig gehuwd plus partnerschap;2056;50668;999;49669;48744;906;19
6140;39 jaar;Wettig gehuwd plus partnerschap;2057;51101;1009;50092;49160;913;19
6141;39 jaar;Wettig gehuwd plus partnerschap;2058;51408;1015;50393;49457;917;19
6142;39 jaar;Wettig gehuwd plus partnerschap;2059;51720;1022;50698;49757;922;19
6143;39 jaar;Wettig gehuwd plus partnerschap;2060;52000;1028;50972;50026;927;19
6144;39 jaar;Verweduwd;2013;486;103;383;27;356;0
6145;39 jaar;Verweduwd;2014;489;98;391;31;360;0
6146;39 jaar;Verweduwd;2015;454;88;366;26;340;0
6147;39 jaar;Verweduwd;2016;395;74;321;23;298;0
6148;39 jaar;Verweduwd;2017;351;68;283;23;260;0
6149;39 jaar;Verweduwd;2018;359;71;288;21;267;0
6150;39 jaar;Verweduwd;2019;332;68;264;19;245;0
6151;39 jaar;Verweduwd;2020;322;64;258;19;239;0
6152;39 jaar;Verweduwd;2021;314;64;250;20;230;0
6153;39 jaar;Verweduwd;2022;294;59;235;17;218;0
6154;39 jaar;Verweduwd;2023;287;59;228;17;211;0
6155;39 jaar;Verweduwd;2024;286;61;225;16;209;0
6156;39 jaar;Verweduwd;2025;287;60;227;17;210;0
6157;39 jaar;Verweduwd;2026;289;61;228;18;210;0
6158;39 jaar;Verweduwd;2027;279;60;219;17;202;0
6159;39 jaar;Verweduwd;2028;278;59;219;17;202;0
6160;39 jaar;Verweduwd;2029;278;59;219;17;202;0
6161;39 jaar;Verweduwd;2030;287;63;224;18;206;0
6162;39 jaar;Verweduwd;2031;284;63;221;18;203;0
6163;39 jaar;Verweduwd;2032;279;61;218;17;201;0
6164;39 jaar;Verweduwd;2033;275;60;215;16;199;0
6165;39 jaar;Verweduwd;2034;274;60;214;16;198;0
6166;39 jaar;Verweduwd;2035;266;57;209;16;193;0
6167;39 jaar;Verweduwd;2036;263;56;207;16;191;0
6168;39 jaar;Verweduwd;2037;262;56;206;15;191;0
6169;39 jaar;Verweduwd;2038;267;58;209;16;193;0
6170;39 jaar;Verweduwd;2039;264;58;206;15;191;0
6171;39 jaar;Verweduwd;2040;268;60;208;15;193;0
6172;39 jaar;Verweduwd;2041;262;58;204;15;189;0
6173;39 jaar;Verweduwd;2042;260;58;202;15;187;0
6174;39 jaar;Verweduwd;2043;254;57;197;14;183;0
6175;39 jaar;Verweduwd;2044;249;55;194;14;180;0
6176;39 jaar;Verweduwd;2045;239;52;187;13;174;0
6177;39 jaar;Verweduwd;2046;234;51;183;12;171;0
6178;39 jaar;Verweduwd;2047;231;50;181;12;169;0
6179;39 jaar;Verweduwd;2048;231;51;180;12;168;0
6180;39 jaar;Verweduwd;2049;229;50;179;12;167;0
6181;39 jaar;Verweduwd;2050;227;49;178;12;166;0
6182;39 jaar;Verweduwd;2051;220;48;172;11;161;0
6183;39 jaar;Verweduwd;2052;216;46;170;11;159;0
6184;39 jaar;Verweduwd;2053;215;46;169;11;158;0
6185;39 jaar;Verweduwd;2054;214;46;168;11;157;0
6186;39 jaar;Verweduwd;2055;214;46;168;11;157;0
6187;39 jaar;Verweduwd;2056;215;46;169;11;158;0
6188;39 jaar;Verweduwd;2057;214;46;168;11;157;0
6189;39 jaar;Verweduwd;2058;214;46;168;11;157;0
6190;39 jaar;Verweduwd;2059;214;46;168;11;157;0
6191;39 jaar;Verweduwd;2060;212;45;167;11;156;0
6192;39 jaar;Gescheiden;2013;14418;4861;9557;2837;6659;61
6193;39 jaar;Gescheiden;2014;13479;4488;8991;2589;6351;51
6194;39 jaar;Gescheiden;2015;12479;4135;8344;2450;5847;47
6195;39 jaar;Gescheiden;2016;11954;4011;7943;2390;5508;45
6196;39 jaar;Gescheiden;2017;11887;3918;7969;2368;5557;44
6197;39 jaar;Gescheiden;2018;11714;3896;7818;2394;5380;44
6198;39 jaar;Gescheiden;2019;11420;3796;7624;2337;5244;43
6199;39 jaar;Gescheiden;2020;11634;3870;7764;2406;5314;44
6200;39 jaar;Gescheiden;2021;11292;3746;7546;2317;5187;42
6201;39 jaar;Gescheiden;2022;10849;3582;7267;2234;4993;40
6202;39 jaar;Gescheiden;2023;10703;3527;7176;2208;4928;40
6203;39 jaar;Gescheiden;2024;10935;3649;7286;2310;4935;41
6204;39 jaar;Gescheiden;2025;10978;3668;7310;2330;4939;41
6205;39 jaar;Gescheiden;2026;11148;3752;7396;2390;4964;42
6206;39 jaar;Gescheiden;2027;11253;3815;7438;2450;4945;43
6207;39 jaar;Gescheiden;2028;11251;3808;7443;2439;4961;43
6208;39 jaar;Gescheiden;2029;11434;3879;7555;2480;5032;43
6209;39 jaar;Gescheiden;2030;12019;4139;7880;2649;5184;47
6210;39 jaar;Gescheiden;2031;12069;4160;7909;2659;5203;47
6211;39 jaar;Gescheiden;2032;12025;4143;7882;2649;5186;47
6212;39 jaar;Gescheiden;2033;11989;4118;7871;2626;5199;46
6213;39 jaar;Gescheiden;2034;12075;4152;7923;2647;5229;47
6214;39 jaar;Gescheiden;2035;11754;4016;7738;2552;5141;45
6215;39 jaar;Gescheiden;2036;11739;4019;7720;2558;5117;45
6216;39 jaar;Gescheiden;2037;11801;4028;7773;2548;5180;45
6217;39 jaar;Gescheiden;2038;12223;4209;8014;2668;5299;47
6218;39 jaar;Gescheiden;2039;12338;4261;8077;2701;5328;48
6219;39 jaar;Gescheiden;2040;12648;4382;8266;2774;5442;50
6220;39 jaar;Gescheiden;2041;12479;4321;8158;2738;5371;49
6221;39 jaar;Gescheiden;2042;12404;4298;8106;2726;5331;49
6222;39 jaar;Gescheiden;2043;12385;4296;8089;2727;5313;49
6223;39 jaar;Gescheiden;2044;11976;4127;7849;2615;5188;46
6224;39 jaar;Gescheiden;2045;11639;3996;7643;2535;5063;45
6225;39 jaar;Gescheiden;2046;11533;3958;7575;2514;5016;45
6226;39 jaar;Gescheiden;2047;11317;3861;7456;2445;4967;44
6227;39 jaar;Gescheiden;2048;11571;3978;7593;2530;5018;45
6228;39 jaar;Gescheiden;2049;11574;3975;7599;2526;5027;46
6229;39 jaar;Gescheiden;2050;11532;3954;7578;2510;5023;45
6230;39 jaar;Gescheiden;2051;11298;3867;7431;2461;4926;44
6231;39 jaar;Gescheiden;2052;11110;3787;7323;2410;4870;43
6232;39 jaar;Gescheiden;2053;11137;3796;7341;2418;4880;43
6233;39 jaar;Gescheiden;2054;11195;3817;7378;2433;4901;44
6234;39 jaar;Gescheiden;2055;11298;3856;7442;2462;4936;44
6235;39 jaar;Gescheiden;2056;11385;3888;7497;2485;4968;44
6236;39 jaar;Gescheiden;2057;11499;3932;7567;2515;5008;44
6237;39 jaar;Gescheiden;2058;11576;3960;7616;2536;5036;44
6238;39 jaar;Gescheiden;2059;11656;3990;7666;2557;5064;45
6239;39 jaar;Gescheiden;2060;11727;4016;7711;2577;5089;45
6240;40 jaar;Totaal burgerlijke staat;2013;137203;34715;102488;86507;15601;380
6241;40 jaar;Totaal burgerlijke staat;2014;126740;32641;94099;79360;14364;375
6242;40 jaar;Totaal burgerlijke staat;2015;122293;32015;90278;76082;13840;356
6243;40 jaar;Totaal burgerlijke staat;2016;117199;31120;86079;72521;13213;345
6244;40 jaar;Totaal burgerlijke staat;2017;116333;31090;85243;72068;12826;349
6245;40 jaar;Totaal burgerlijke staat;2018;114887;30622;84265;71096;12822;347
6246;40 jaar;Totaal burgerlijke staat;2019;116250;31138;85112;71951;12809;352
6247;40 jaar;Totaal burgerlijke staat;2020;115938;30976;84962;71916;12696;350
6248;40 jaar;Totaal burgerlijke staat;2021;119666;32108;87558;74123;13074;361
6249;40 jaar;Totaal burgerlijke staat;2022;117692;31482;86210;72969;12887;354
6250;40 jaar;Totaal burgerlijke staat;2023;114978;30529;84449;71574;12532;343
6251;40 jaar;Totaal burgerlijke staat;2024;114413;30187;84226;71386;12501;339
6252;40 jaar;Totaal burgerlijke staat;2025;117225;30750;86475;73316;12814;345
6253;40 jaar;Totaal burgerlijke staat;2026;118794;31157;87637;74254;13033;350
6254;40 jaar;Totaal burgerlijke staat;2027;121580;31893;89687;75909;13420;358
6255;40 jaar;Totaal burgerlijke staat;2028;122943;32106;90837;77035;13441;361
6256;40 jaar;Totaal burgerlijke staat;2029;122463;31802;90661;76870;13433;358
6257;40 jaar;Totaal burgerlijke staat;2030;123627;32059;91568;77623;13584;361
6258;40 jaar;Totaal burgerlijke staat;2031;128363;33518;94845;80511;13956;378
6259;40 jaar;Totaal burgerlijke staat;2032;128435;33573;94862;80505;13978;379
6260;40 jaar;Totaal burgerlijke staat;2033;127588;33263;94325;80129;13821;375
6261;40 jaar;Totaal burgerlijke staat;2034;126790;33038;93752;79610;13769;373
6262;40 jaar;Totaal burgerlijke staat;2035;127314;33206;94108;79942;13791;375
6263;40 jaar;Totaal burgerlijke staat;2036;124801;32433;92368;78476;13526;366
6264;40 jaar;Totaal burgerlijke staat;2037;125093;32480;92613;78796;13451;366
6265;40 jaar;Totaal burgerlijke staat;2038;125558;32696;92862;78863;13630;369
6266;40 jaar;Totaal burgerlijke staat;2039;129230;33876;95354;81023;13949;382
6267;40 jaar;Totaal burgerlijke staat;2040;130280;34270;96010;81600;14024;386
6268;40 jaar;Totaal burgerlijke staat;2041;132504;35070;97434;82706;14333;395
6269;40 jaar;Totaal burgerlijke staat;2042;131064;34680;96384;81847;14146;391
6270;40 jaar;Totaal burgerlijke staat;2043;130253;34485;95768;81342;14037;389
6271;40 jaar;Totaal burgerlijke staat;2044;129805;34410;95395;81020;13987;388
6272;40 jaar;Totaal burgerlijke staat;2045;126170;33311;92859;78829;13655;375
6273;40 jaar;Totaal burgerlijke staat;2046;123349;32414;90935;77250;13319;366
6274;40 jaar;Totaal burgerlijke staat;2047;122406;32104;90302;76750;13190;362
6275;40 jaar;Totaal burgerlijke staat;2048;120365;31492;88873;75462;13056;355
6276;40 jaar;Totaal burgerlijke staat;2049;122449;32124;90325;76772;13191;362
6277;40 jaar;Totaal burgerlijke staat;2050;122206;32085;90121;76547;13212;362
6278;40 jaar;Totaal burgerlijke staat;2051;121585;31897;89688;76128;13201;359
6279;40 jaar;Totaal burgerlijke staat;2052;119763;31272;88491;75201;12939;351
6280;40 jaar;Totaal burgerlijke staat;2053;118173;30732;87441;74313;12782;346
6281;40 jaar;Totaal burgerlijke staat;2054;118434;30762;87672;74515;12812;345
6282;40 jaar;Totaal burgerlijke staat;2055;118927;30868;88059;74848;12863;348
6283;40 jaar;Totaal burgerlijke staat;2056;119835;31097;88738;75432;12957;349
6284;40 jaar;Totaal burgerlijke staat;2057;120606;31288;89318;75925;13042;351
6285;40 jaar;Totaal burgerlijke staat;2058;121598;31556;90042;76546;13142;354
6286;40 jaar;Totaal burgerlijke staat;2059;122283;31722;90561;76989;13216;356
6287;40 jaar;Totaal burgerlijke staat;2060;122991;31902;91089;77441;13290;358
6288;40 jaar;Ongehuwd;2013;55035;27399;27636;21637;5702;297
6289;40 jaar;Ongehuwd;2014;52411;26063;26348;20588;5460;300
6290;40 jaar;Ongehuwd;2015;52124;25970;26154;20481;5382;291
6291;40 jaar;Ongehuwd;2016;51590;25579;26011;20314;5412;285
6292;40 jaar;Ongehuwd;2017;52665;25747;26918;21167;5460;291
6293;40 jaar;Ongehuwd;2018;52495;25407;27088;21289;5508;291
6294;40 jaar;Ongehuwd;2019;53754;25940;27814;21841;5677;296
6295;40 jaar;Ongehuwd;2020;53973;25885;28088;22049;5744;295
6296;40 jaar;Ongehuwd;2021;56363;26907;29456;23107;6044;305
6297;40 jaar;Ongehuwd;2022;55897;26446;29451;23143;6008;300
6298;40 jaar;Ongehuwd;2023;54823;25710;29113;22911;5911;291
6299;40 jaar;Ongehuwd;2024;54651;25438;29213;22962;5963;288
6300;40 jaar;Ongehuwd;2025;55845;25830;30015;23477;6246;292
6301;40 jaar;Ongehuwd;2026;56778;26201;30577;23843;6437;297
6302;40 jaar;Ongehuwd;2027;58289;26816;31473;24394;6775;304
6303;40 jaar;Ongehuwd;2028;58651;26947;31704;24576;6822;306
6304;40 jaar;Ongehuwd;2029;58080;26659;31421;24330;6788;303
6305;40 jaar;Ongehuwd;2030;58330;26821;31509;24363;6841;305
6306;40 jaar;Ongehuwd;2031;60291;27932;32359;25028;7012;319
6307;40 jaar;Ongehuwd;2032;60212;27964;32248;24915;7014;319
6308;40 jaar;Ongehuwd;2033;59617;27687;31930;24728;6886;316
6309;40 jaar;Ongehuwd;2034;59195;27500;31695;24559;6822;314
6310;40 jaar;Ongehuwd;2035;59410;27627;31783;24656;6812;315
6311;40 jaar;Ongehuwd;2036;58318;27043;31275;24301;6666;308
6312;40 jaar;Ongehuwd;2037;58462;27085;31377;24445;6624;308
6313;40 jaar;Ongehuwd;2038;58834;27292;31542;24512;6719;311
6314;40 jaar;Ongehuwd;2039;60572;28226;32346;25141;6883;322
6315;40 jaar;Ongehuwd;2040;61105;28550;32555;25309;6922;324
6316;40 jaar;Ongehuwd;2041;62213;29185;33028;25612;7084;332
6317;40 jaar;Ongehuwd;2042;61558;28876;32682;25364;6989;329
6318;40 jaar;Ongehuwd;2043;61178;28709;32469;25207;6935;327
6319;40 jaar;Ongehuwd;2044;60960;28633;32327;25091;6910;326
6320;40 jaar;Ongehuwd;2045;59286;27764;31522;24463;6743;316
6321;40 jaar;Ongehuwd;2046;57932;27042;30890;24010;6571;309
6322;40 jaar;Ongehuwd;2047;57441;26781;30660;23850;6505;305
6323;40 jaar;Ongehuwd;2048;56507;26301;30206;23468;6439;299
6324;40 jaar;Ongehuwd;2049;57379;26772;30607;23795;6507;305
6325;40 jaar;Ongehuwd;2050;57247;26734;30513;23690;6518;305
6326;40 jaar;Ongehuwd;2051;56936;26576;30360;23543;6515;302
6327;40 jaar;Ongehuwd;2052;56014;26069;29945;23269;6380;296
6328;40 jaar;Ongehuwd;2053;55244;25640;29604;23013;6300;291
6329;40 jaar;Ongehuwd;2054;55323;25655;29668;23062;6315;291
6330;40 jaar;Ongehuwd;2055;55513;25736;29777;23145;6340;292
6331;40 jaar;Ongehuwd;2056;55896;25913;29983;23300;6389;294
6332;40 jaar;Ongehuwd;2057;56223;26062;30161;23433;6432;296
6333;40 jaar;Ongehuwd;2058;56651;26270;30381;23601;6482;298
6334;40 jaar;Ongehuwd;2059;56946;26401;30545;23723;6522;300
6335;40 jaar;Ongehuwd;2060;57249;26542;30707;23847;6559;301
6336;40 jaar;Wettig gehuwd plus partnerschap;2013;64192;1402;62790;61491;1275;24
6337;40 jaar;Wettig gehuwd plus partnerschap;2014;58153;1256;56897;55701;1173;23
6338;40 jaar;Wettig gehuwd plus partnerschap;2015;55028;1137;53891;52770;1101;20
6339;40 jaar;Wettig gehuwd plus partnerschap;2016;51588;1028;50560;49526;1015;19
6340;40 jaar;Wettig gehuwd plus partnerschap;2017;50254;981;49273;48292;963;18
6341;40 jaar;Wettig gehuwd plus partnerschap;2018;49129;950;48179;47230;932;17
6342;40 jaar;Wettig gehuwd plus partnerschap;2019;49397;949;48448;47513;918;17
6343;40 jaar;Wettig gehuwd plus partnerschap;2020;49188;941;48247;47327;903;17
6344;40 jaar;Wettig gehuwd plus partnerschap;2021;50299;968;49331;48403;911;17
6345;40 jaar;Wettig gehuwd plus partnerschap;2022;49161;937;48224;47309;898;17
6346;40 jaar;Wettig gehuwd plus partnerschap;2023;48024;899;47125;46241;868;16
6347;40 jaar;Wettig gehuwd plus partnerschap;2024;47794;888;46906;46031;859;16
6348;40 jaar;Wettig gehuwd plus partnerschap;2025;49147;923;48224;47335;873;16
6349;40 jaar;Wettig gehuwd plus partnerschap;2026;49721;935;48786;47885;885;16
6350;40 jaar;Wettig gehuwd plus partnerschap;2027;50796;961;49835;48921;897;17
6351;40 jaar;Wettig gehuwd plus partnerschap;2028;51691;977;50714;49801;896;17
6352;40 jaar;Wettig gehuwd plus partnerschap;2029;51785;972;50813;49894;902;17
6353;40 jaar;Wettig gehuwd plus partnerschap;2030;52492;989;51503;50569;917;17
6354;40 jaar;Wettig gehuwd plus partnerschap;2031;54621;1053;53568;52607;943;18
6355;40 jaar;Wettig gehuwd plus partnerschap;2032;54723;1054;53669;52705;946;18
6356;40 jaar;Wettig gehuwd plus partnerschap;2033;54532;1046;53486;52528;940;18
6357;40 jaar;Wettig gehuwd plus partnerschap;2034;54200;1037;53163;52204;941;18
6358;40 jaar;Wettig gehuwd plus partnerschap;2035;54422;1043;53379;52417;944;18
6359;40 jaar;Wettig gehuwd plus partnerschap;2036;53365;1007;52358;51411;929;18
6360;40 jaar;Wettig gehuwd plus partnerschap;2037;53534;1009;52525;51582;925;18
6361;40 jaar;Wettig gehuwd plus partnerschap;2038;53557;1010;52547;51592;937;18
6362;40 jaar;Wettig gehuwd plus partnerschap;2039;55024;1056;53968;52993;957;18
6363;40 jaar;Wettig gehuwd plus partnerschap;2040;55417;1071;54346;53364;963;19
6364;40 jaar;Wettig gehuwd plus partnerschap;2041;56191;1102;55089;54088;982;19
6365;40 jaar;Wettig gehuwd plus partnerschap;2042;55594;1089;54505;53515;971;19
6366;40 jaar;Wettig gehuwd plus partnerschap;2043;55248;1085;54163;53180;964;19
6367;40 jaar;Wettig gehuwd plus partnerschap;2044;55042;1087;53955;52974;962;19
6368;40 jaar;Wettig gehuwd plus partnerschap;2045;53538;1045;52493;51534;941;18
6369;40 jaar;Wettig gehuwd plus partnerschap;2046;52448;1014;51434;50496;921;17
6370;40 jaar;Wettig gehuwd plus partnerschap;2047;52115;1006;51109;50179;913;17
6371;40 jaar;Wettig gehuwd plus partnerschap;2048;51252;982;50270;49349;904;17
6372;40 jaar;Wettig gehuwd plus partnerschap;2049;52183;1013;51170;50239;914;17
6373;40 jaar;Wettig gehuwd plus partnerschap;2050;52068;1014;51054;50122;915;17
6374;40 jaar;Wettig gehuwd plus partnerschap;2051;51807;1008;50799;49868;914;17
6375;40 jaar;Wettig gehuwd plus partnerschap;2052;51171;987;50184;49269;898;17
6376;40 jaar;Wettig gehuwd plus partnerschap;2053;50565;966;49599;48694;888;17
6377;40 jaar;Wettig gehuwd plus partnerschap;2054;50714;969;49745;48838;891;16
6378;40 jaar;Wettig gehuwd plus partnerschap;2055;50956;973;49983;49072;894;17
6379;40 jaar;Wettig gehuwd plus partnerschap;2056;51369;982;50387;49470;900;17
6380;40 jaar;Wettig gehuwd plus partnerschap;2057;51719;990;50729;49806;906;17
6381;40 jaar;Wettig gehuwd plus partnerschap;2058;52156;1001;51155;50225;913;17
6382;40 jaar;Wettig gehuwd plus partnerschap;2059;52466;1007;51459;50525;917;17
6383;40 jaar;Wettig gehuwd plus partnerschap;2060;52782;1014;51768;50829;922;17
6384;40 jaar;Verweduwd;2013;622;129;493;42;451;0
6385;40 jaar;Verweduwd;2014;536;109;427;32;395;0
6386;40 jaar;Verweduwd;2015;532;104;428;34;394;0
6387;40 jaar;Verweduwd;2016;493;93;400;29;371;0
6388;40 jaar;Verweduwd;2017;433;79;354;25;329;0
6389;40 jaar;Verweduwd;2018;388;73;315;25;290;0
6390;40 jaar;Verweduwd;2019;398;77;321;24;297;0
6391;40 jaar;Verweduwd;2020;372;75;297;22;275;0
6392;40 jaar;Verweduwd;2021;361;71;290;22;268;0
6393;40 jaar;Verweduwd;2022;353;70;283;23;260;0
6394;40 jaar;Verweduwd;2023;331;65;266;20;246;0
6395;40 jaar;Verweduwd;2024;325;65;260;20;240;0
6396;40 jaar;Verweduwd;2025;322;66;256;19;237;0
6397;40 jaar;Verweduwd;2026;323;66;257;19;238;0
6398;40 jaar;Verweduwd;2027;325;67;258;20;238;0
6399;40 jaar;Verweduwd;2028;316;66;250;20;230;0
6400;40 jaar;Verweduwd;2029;314;65;249;20;229;0
6401;40 jaar;Verweduwd;2030;316;65;251;20;231;0
6402;40 jaar;Verweduwd;2031;324;69;255;20;235;0
6403;40 jaar;Verweduwd;2032;320;69;251;20;231;0
6404;40 jaar;Verweduwd;2033;316;67;249;20;229;0
6405;40 jaar;Verweduwd;2034;312;66;246;19;227;0
6406;40 jaar;Verweduwd;2035;308;65;243;19;224;0
6407;40 jaar;Verweduwd;2036;300;62;238;18;220;0
6408;40 jaar;Verweduwd;2037;295;61;234;17;217;0
6409;40 jaar;Verweduwd;2038;296;61;235;17;218;0
6410;40 jaar;Verweduwd;2039;302;64;238;18;220;0
6411;40 jaar;Verweduwd;2040;300;64;236;18;218;0
6412;40 jaar;Verweduwd;2041;303;65;238;18;220;0
6413;40 jaar;Verweduwd;2042;297;63;234;18;216;0
6414;40 jaar;Verweduwd;2043;294;63;231;18;213;0
6415;40 jaar;Verweduwd;2044;288;62;226;17;209;0
6416;40 jaar;Verweduwd;2045;279;59;220;16;204;0
6417;40 jaar;Verweduwd;2046;269;56;213;15;198;0
6418;40 jaar;Verweduwd;2047;266;56;210;15;195;0
6419;40 jaar;Verweduwd;2048;259;54;205;14;191;0
6420;40 jaar;Verweduwd;2049;260;55;205;14;191;0
6421;40 jaar;Verweduwd;2050;259;55;204;14;190;0
6422;40 jaar;Verweduwd;2051;256;54;202;13;189;0
6423;40 jaar;Verweduwd;2052;249;52;197;13;184;0
6424;40 jaar;Verweduwd;2053;243;50;193;13;180;0
6425;40 jaar;Verweduwd;2054;242;50;192;12;180;0
6426;40 jaar;Verweduwd;2055;241;50;191;12;179;0
6427;40 jaar;Verweduwd;2056;241;50;191;12;179;0
6428;40 jaar;Verweduwd;2057;241;50;191;12;179;0
6429;40 jaar;Verweduwd;2058;242;51;191;12;179;0
6430;40 jaar;Verweduwd;2059;241;51;190;12;178;0
6431;40 jaar;Verweduwd;2060;240;50;190;12;178;0
6432;40 jaar;Gescheiden;2013;17354;5785;11569;3337;8173;59
6433;40 jaar;Gescheiden;2014;15640;5213;10427;3039;7336;52
6434;40 jaar;Gescheiden;2015;14609;4804;9805;2797;6963;45
6435;40 jaar;Gescheiden;2016;13528;4420;9108;2652;6415;41
6436;40 jaar;Gescheiden;2017;12981;4283;8698;2584;6074;40
6437;40 jaar;Gescheiden;2018;12875;4192;8683;2552;6092;39
6438;40 jaar;Gescheiden;2019;12701;4172;8529;2573;5917;39
6439;40 jaar;Gescheiden;2020;12405;4075;8330;2518;5774;38
6440;40 jaar;Gescheiden;2021;12643;4162;8481;2591;5851;39
6441;40 jaar;Gescheiden;2022;12281;4029;8252;2494;5721;37
6442;40 jaar;Gescheiden;2023;11800;3855;7945;2402;5507;36
6443;40 jaar;Gescheiden;2024;11643;3796;7847;2373;5439;35
6444;40 jaar;Gescheiden;2025;11911;3931;7980;2485;5458;37
6445;40 jaar;Gescheiden;2026;11972;3955;8017;2507;5473;37
6446;40 jaar;Gescheiden;2027;12170;4049;8121;2574;5510;37
6447;40 jaar;Gescheiden;2028;12285;4116;8169;2638;5493;38
6448;40 jaar;Gescheiden;2029;12284;4106;8178;2626;5514;38
6449;40 jaar;Gescheiden;2030;12489;4184;8305;2671;5595;39
6450;40 jaar;Gescheiden;2031;13127;4464;8663;2856;5766;41
6451;40 jaar;Gescheiden;2032;13180;4486;8694;2865;5787;42
6452;40 jaar;Gescheiden;2033;13123;4463;8660;2853;5766;41
6453;40 jaar;Gescheiden;2034;13083;4435;8648;2828;5779;41
6454;40 jaar;Gescheiden;2035;13174;4471;8703;2850;5811;42
6455;40 jaar;Gescheiden;2036;12818;4321;8497;2746;5711;40
6456;40 jaar;Gescheiden;2037;12802;4325;8477;2752;5685;40
6457;40 jaar;Gescheiden;2038;12871;4333;8538;2742;5756;40
6458;40 jaar;Gescheiden;2039;13332;4530;8802;2871;5889;42
6459;40 jaar;Gescheiden;2040;13458;4585;8873;2909;5921;43
6460;40 jaar;Gescheiden;2041;13797;4718;9079;2988;6047;44
6461;40 jaar;Gescheiden;2042;13615;4652;8963;2950;5970;43
6462;40 jaar;Gescheiden;2043;13533;4628;8905;2937;5925;43
6463;40 jaar;Gescheiden;2044;13515;4628;8887;2938;5906;43
6464;40 jaar;Gescheiden;2045;13067;4443;8624;2816;5767;41
6465;40 jaar;Gescheiden;2046;12700;4302;8398;2729;5629;40
6466;40 jaar;Gescheiden;2047;12584;4261;8323;2706;5577;40
6467;40 jaar;Gescheiden;2048;12347;4155;8192;2631;5522;39
6468;40 jaar;Gescheiden;2049;12627;4284;8343;2724;5579;40
6469;40 jaar;Gescheiden;2050;12632;4282;8350;2721;5589;40
6470;40 jaar;Gescheiden;2051;12586;4259;8327;2704;5583;40
6471;40 jaar;Gescheiden;2052;12329;4164;8165;2650;5477;38
6472;40 jaar;Gescheiden;2053;12121;4076;8045;2593;5414;38
6473;40 jaar;Gescheiden;2054;12155;4088;8067;2603;5426;38
6474;40 jaar;Gescheiden;2055;12217;4109;8108;2619;5450;39
6475;40 jaar;Gescheiden;2056;12329;4152;8177;2650;5489;38
6476;40 jaar;Gescheiden;2057;12423;4186;8237;2674;5525;38
6477;40 jaar;Gescheiden;2058;12549;4234;8315;2708;5568;39
6478;40 jaar;Gescheiden;2059;12630;4263;8367;2729;5599;39
6479;40 jaar;Gescheiden;2060;12720;4296;8424;2753;5631;40
6480;41 jaar;Totaal burgerlijke staat;2013;145159;35448;109711;92198;17148;365
6481;41 jaar;Totaal burgerlijke staat;2014;137824;34528;103296;86347;16600;349
6482;41 jaar;Totaal burgerlijke staat;2015;127316;32336;94980;79405;15236;339
6483;41 jaar;Totaal burgerlijke staat;2016;122835;31608;91227;76303;14600;324
6484;41 jaar;Totaal burgerlijke staat;2017;117747;30694;87053;72793;13948;312
6485;41 jaar;Totaal burgerlijke staat;2018;116938;30675;86263;72372;13576;315
6486;41 jaar;Totaal burgerlijke staat;2019;115474;30228;85246;71383;13551;312
6487;41 jaar;Totaal burgerlijke staat;2020;116819;30719;86100;72228;13556;316
6488;41 jaar;Totaal burgerlijke staat;2021;116487;30558;85929;72183;13433;313
6489;41 jaar;Totaal burgerlijke staat;2022;120182;31659;88523;74366;13833;324
6490;41 jaar;Totaal burgerlijke staat;2023;118199;31037;87162;73209;13636;317
6491;41 jaar;Totaal burgerlijke staat;2024;115464;30083;85381;71811;13262;308
6492;41 jaar;Totaal burgerlijke staat;2025;114880;29739;85141;71617;13220;304
6493;41 jaar;Totaal burgerlijke staat;2026;117691;30304;87387;73521;13555;311
6494;41 jaar;Totaal burgerlijke staat;2027;119259;30704;88555;74451;13789;315
6495;41 jaar;Totaal burgerlijke staat;2028;122059;31437;90622;76098;14201;323
6496;41 jaar;Totaal burgerlijke staat;2029;123422;31648;91774;77214;14234;326
6497;41 jaar;Totaal burgerlijke staat;2030;122939;31342;91597;77046;14229;322
6498;41 jaar;Totaal burgerlijke staat;2031;124108;31598;92510;77794;14390;326
6499;41 jaar;Totaal burgerlijke staat;2032;128842;33048;95794;80663;14790;341
6500;41 jaar;Totaal burgerlijke staat;2033;128911;33100;95811;80657;14812;342
6501;41 jaar;Totaal burgerlijke staat;2034;128069;32793;95276;80287;14650;339
6502;41 jaar;Totaal burgerlijke staat;2035;127276;32564;94712;79779;14596;337
6503;41 jaar;Totaal burgerlijke staat;2036;127801;32725;95076;80116;14622;338
6504;41 jaar;Totaal burgerlijke staat;2037;125294;31954;93340;78669;14341;330
6505;41 jaar;Totaal burgerlijke staat;2038;125585;31993;93592;78997;14265;330
6506;41 jaar;Totaal burgerlijke staat;2039;126052;32198;93854;79069;14453;332
6507;41 jaar;Totaal burgerlijke staat;2040;129725;33368;96357;81220;14793;344
6508;41 jaar;Totaal burgerlijke staat;2041;130775;33759;97016;81794;14874;348
6509;41 jaar;Totaal burgerlijke staat;2042;133007;34557;98450;82895;15199;356
6510;41 jaar;Totaal burgerlijke staat;2043;131567;34175;97392;82040;14999;353
6511;41 jaar;Totaal burgerlijke staat;2044;130758;33985;96773;81536;14886;351
6512;41 jaar;Totaal burgerlijke staat;2045;130310;33913;96397;81212;14835;350
6513;41 jaar;Totaal burgerlijke staat;2046;126679;32824;93855;79032;14485;338
6514;41 jaar;Totaal burgerlijke staat;2047;123852;31935;91917;77460;14128;329
6515;41 jaar;Totaal burgerlijke staat;2048;122915;31633;91282;76964;13992;326
6516;41 jaar;Totaal burgerlijke staat;2049;120875;31027;89848;75680;13849;319
6517;41 jaar;Totaal burgerlijke staat;2050;122959;31660;91299;76981;13992;326
6518;41 jaar;Totaal burgerlijke staat;2051;122711;31619;91092;76754;14013;325
6519;41 jaar;Totaal burgerlijke staat;2052;122092;31435;90657;76335;13999;323
6520;41 jaar;Totaal burgerlijke staat;2053;120274;30819;89455;75413;13725;317
6521;41 jaar;Totaal burgerlijke staat;2054;118683;30284;88399;74529;13559;311
6522;41 jaar;Totaal burgerlijke staat;2055;118942;30311;88631;74731;13589;311
6523;41 jaar;Totaal burgerlijke staat;2056;119439;30419;89020;75064;13644;312
6524;41 jaar;Totaal burgerlijke staat;2057;120347;30646;89701;75643;13744;314
6525;41 jaar;Totaal burgerlijke staat;2058;121116;30835;90281;76132;13833;316
6526;41 jaar;Totaal burgerlijke staat;2059;122104;31099;91005;76749;13937;319
6527;41 jaar;Totaal burgerlijke staat;2060;122794;31266;91528;77189;14018;321
6528;41 jaar;Ongehuwd;2013;54533;27239;27294;21191;5825;278
6529;41 jaar;Ongehuwd;2014;54015;26865;27150;20983;5897;270
6530;41 jaar;Ongehuwd;2015;51438;25461;25977;20076;5633;268
6531;41 jaar;Ongehuwd;2016;51162;25276;25886;20088;5537;261
6532;41 jaar;Ongehuwd;2017;50632;24863;25769;19958;5557;254
6533;41 jaar;Ongehuwd;2018;51674;25034;26640;20769;5612;259
6534;41 jaar;Ongehuwd;2019;51461;24708;26753;20836;5660;257
6535;41 jaar;Ongehuwd;2020;52639;25209;27430;21327;5841;262
6536;41 jaar;Ongehuwd;2021;52800;25147;27653;21491;5902;260
6537;41 jaar;Ongehuwd;2022;55069;26123;28946;22466;6210;270
6538;41 jaar;Ongehuwd;2023;54607;25674;28933;22497;6171;265
6539;41 jaar;Ongehuwd;2024;53546;24952;28594;22263;6074;257
6540;41 jaar;Ongehuwd;2025;53356;24683;28673;22296;6123;254
6541;41 jaar;Ongehuwd;2026;54498;25061;29437;22768;6410;259
6542;41 jaar;Ongehuwd;2027;55403;25421;29982;23109;6610;263
6543;41 jaar;Ongehuwd;2028;56882;26024;30858;23632;6957;269
6544;41 jaar;Ongehuwd;2029;57230;26150;31080;23795;7013;272
6545;41 jaar;Ongehuwd;2030;56662;25864;30798;23553;6977;268
6546;41 jaar;Ongehuwd;2031;56899;26020;30879;23578;7031;270
6547;41 jaar;Ongehuwd;2032;58795;27097;31698;24209;7208;281
6548;41 jaar;Ongehuwd;2033;58723;27130;31593;24100;7211;282
6549;41 jaar;Ongehuwd;2034;58145;26859;31286;23926;7081;279
6550;41 jaar;Ongehuwd;2035;57735;26674;31061;23767;7017;277
6551;41 jaar;Ongehuwd;2036;57941;26792;31149;23864;7007;278
6552;41 jaar;Ongehuwd;2037;56885;26224;30661;23530;6858;273
6553;41 jaar;Ongehuwd;2038;57022;26260;30762;23673;6816;273
6554;41 jaar;Ongehuwd;2039;57385;26458;30927;23738;6914;275
6555;41 jaar;Ongehuwd;2040;59067;27363;31704;24337;7083;284
6556;41 jaar;Ongehuwd;2041;59586;27679;31907;24496;7124;287
6557;41 jaar;Ongehuwd;2042;60661;28296;32365;24782;7289;294
6558;41 jaar;Ongehuwd;2043;60026;28000;32026;24544;7191;291
6559;41 jaar;Ongehuwd;2044;59655;27839;31816;24389;7137;290
6560;41 jaar;Ongehuwd;2045;59442;27766;31676;24275;7112;289
6561;41 jaar;Ongehuwd;2046;57816;26923;30893;23673;6941;279
6562;41 jaar;Ongehuwd;2047;56500;26223;30277;23241;6764;272
6563;41 jaar;Ongehuwd;2048;56025;25972;30053;23088;6696;269
6564;41 jaar;Ongehuwd;2049;55120;25507;29613;22720;6628;265
6565;41 jaar;Ongehuwd;2050;55962;25965;29997;23031;6697;269
6566;41 jaar;Ongehuwd;2051;55833;25928;29905;22928;6709;268
6567;41 jaar;Ongehuwd;2052;55534;25775;29759;22787;6705;267
6568;41 jaar;Ongehuwd;2053;54641;25285;29356;22526;6567;263
6569;41 jaar;Ongehuwd;2054;53896;24869;29027;22284;6485;258
6570;41 jaar;Ongehuwd;2055;53968;24882;29086;22329;6500;257
6571;41 jaar;Ongehuwd;2056;54157;24962;29195;22410;6527;258
6572;41 jaar;Ongehuwd;2057;54528;25134;29394;22557;6577;260
6573;41 jaar;Ongehuwd;2058;54845;25279;29566;22684;6621;261
6574;41 jaar;Ongehuwd;2059;55265;25482;29783;22847;6672;264
6575;41 jaar;Ongehuwd;2060;55550;25610;29940;22962;6713;265
6576;41 jaar;Wettig gehuwd plus partnerschap;2013;69988;1472;68516;67154;1337;25
6577;41 jaar;Wettig gehuwd plus partnerschap;2014;64457;1357;63100;61783;1293;24
6578;41 jaar;Wettig gehuwd plus partnerschap;2015;58456;1204;57252;56067;1163;22
6579;41 jaar;Wettig gehuwd plus partnerschap;2016;55381;1095;54286;53193;1074;19
6580;41 jaar;Wettig gehuwd plus partnerschap;2017;52010;1005;51005;49988;999;18
6581;41 jaar;Wettig gehuwd plus partnerschap;2018;50779;971;49808;48834;957;17
6582;41 jaar;Wettig gehuwd plus partnerschap;2019;49716;948;48768;47820;931;17
6583;41 jaar;Wettig gehuwd plus partnerschap;2020;50045;952;49093;48154;922;17
6584;41 jaar;Wettig gehuwd plus partnerschap;2021;49878;949;48929;48002;910;17
6585;41 jaar;Wettig gehuwd plus partnerschap;2022;51047;978;50069;49131;921;17
6586;41 jaar;Wettig gehuwd plus partnerschap;2023;49916;947;48969;48044;909;16
6587;41 jaar;Wettig gehuwd plus partnerschap;2024;48784;909;47875;46981;878;16
6588;41 jaar;Wettig gehuwd plus partnerschap;2025;48567;897;47670;46785;869;16
6589;41 jaar;Wettig gehuwd plus partnerschap;2026;49930;932;48998;48098;884;16
6590;41 jaar;Wettig gehuwd plus partnerschap;2027;50518;944;49574;48663;895;16
6591;41 jaar;Wettig gehuwd plus partnerschap;2028;51608;970;50638;49712;909;17
6592;41 jaar;Wettig gehuwd plus partnerschap;2029;52509;985;51524;50598;909;17
6593;41 jaar;Wettig gehuwd plus partnerschap;2030;52598;980;51618;50687;914;17
6594;41 jaar;Wettig gehuwd plus partnerschap;2031;53305;996;52309;51362;929;18
6595;41 jaar;Wettig gehuwd plus partnerschap;2032;55439;1060;54379;53403;957;19
6596;41 jaar;Wettig gehuwd plus partnerschap;2033;55534;1061;54473;53496;958;19
6597;41 jaar;Wettig gehuwd plus partnerschap;2034;55337;1052;54285;53313;953;19
6598;41 jaar;Wettig gehuwd plus partnerschap;2035;55008;1042;53966;52993;954;19
6599;41 jaar;Wettig gehuwd plus partnerschap;2036;55236;1048;54188;53212;957;19
6600;41 jaar;Wettig gehuwd plus partnerschap;2037;54183;1013;53170;52210;942;18
6601;41 jaar;Wettig gehuwd plus partnerschap;2038;54359;1014;53345;52389;938;18
6602;41 jaar;Wettig gehuwd plus partnerschap;2039;54391;1016;53375;52407;950;18
6603;41 jaar;Wettig gehuwd plus partnerschap;2040;55874;1063;54811;53821;971;19
6604;41 jaar;Wettig gehuwd plus partnerschap;2041;56269;1077;55192;54196;977;19
6605;41 jaar;Wettig gehuwd plus partnerschap;2042;57051;1110;55941;54926;996;19
6606;41 jaar;Wettig gehuwd plus partnerschap;2043;56452;1097;55355;54351;985;19
6607;41 jaar;Wettig gehuwd plus partnerschap;2044;56106;1093;55013;54015;979;19
6608;41 jaar;Wettig gehuwd plus partnerschap;2045;55896;1095;54801;53806;976;19
6609;41 jaar;Wettig gehuwd plus partnerschap;2046;54383;1053;53330;52357;955;18
6610;41 jaar;Wettig gehuwd plus partnerschap;2047;53285;1021;52264;51312;934;18
6611;41 jaar;Wettig gehuwd plus partnerschap;2048;52950;1013;51937;50992;927;18
6612;41 jaar;Wettig gehuwd plus partnerschap;2049;52081;989;51092;50156;919;17
6613;41 jaar;Wettig gehuwd plus partnerschap;2050;53012;1020;51992;51047;927;18
6614;41 jaar;Wettig gehuwd plus partnerschap;2051;52893;1020;51873;50926;929;18
6615;41 jaar;Wettig gehuwd plus partnerschap;2052;52626;1014;51612;50667;927;18
6616;41 jaar;Wettig gehuwd plus partnerschap;2053;51985;993;50992;50064;911;17
6617;41 jaar;Wettig gehuwd plus partnerschap;2054;51373;972;50401;49483;901;17
6618;41 jaar;Wettig gehuwd plus partnerschap;2055;51524;974;50550;49629;904;17
6619;41 jaar;Wettig gehuwd plus partnerschap;2056;51767;979;50788;49864;907;17
6620;41 jaar;Wettig gehuwd plus partnerschap;2057;52183;989;51194;50264;913;17
6621;41 jaar;Wettig gehuwd plus partnerschap;2058;52532;996;51536;50600;919;17
6622;41 jaar;Wettig gehuwd plus partnerschap;2059;52970;1006;51964;51021;926;17
6623;41 jaar;Wettig gehuwd plus partnerschap;2060;53285;1013;52272;51323;931;18
6624;41 jaar;Verweduwd;2013;739;149;590;45;545;0
6625;41 jaar;Verweduwd;2014;688;138;550;47;503;0
6626;41 jaar;Verweduwd;2015;596;118;478;37;441;0
6627;41 jaar;Verweduwd;2016;586;112;474;39;435;0
6628;41 jaar;Verweduwd;2017;544;102;442;33;409;0
6629;41 jaar;Verweduwd;2018;485;89;396;29;367;0
6630;41 jaar;Verweduwd;2019;439;83;356;28;328;0
6631;41 jaar;Verweduwd;2020;447;86;361;27;334;0
6632;41 jaar;Verweduwd;2021;418;83;335;24;311;0
6633;41 jaar;Verweduwd;2022;409;79;330;25;305;0
6634;41 jaar;Verweduwd;2023;399;79;320;25;295;0
6635;41 jaar;Verweduwd;2024;374;72;302;22;280;0
6636;41 jaar;Verweduwd;2025;365;71;294;22;272;0
6637;41 jaar;Verweduwd;2026;367;74;293;22;271;0
6638;41 jaar;Verweduwd;2027;366;73;293;22;271;0
6639;41 jaar;Verweduwd;2028;370;75;295;23;272;0
6640;41 jaar;Verweduwd;2029;360;73;287;23;264;0
6641;41 jaar;Verweduwd;2030;357;72;285;22;263;0
6642;41 jaar;Verweduwd;2031;360;73;287;22;265;0
6643;41 jaar;Verweduwd;2032;370;78;292;23;269;0
6644;41 jaar;Verweduwd;2033;364;76;288;23;265;0
6645;41 jaar;Verweduwd;2034;360;75;285;23;262;0
6646;41 jaar;Verweduwd;2035;355;74;281;22;259;0
6647;41 jaar;Verweduwd;2036;352;73;279;21;258;0
6648;41 jaar;Verweduwd;2037;342;69;273;21;252;0
6649;41 jaar;Verweduwd;2038;337;68;269;20;249;0
6650;41 jaar;Verweduwd;2039;336;67;269;20;249;0
6651;41 jaar;Verweduwd;2040;342;71;271;20;251;0
6652;41 jaar;Verweduwd;2041;341;71;270;20;250;0
6653;41 jaar;Verweduwd;2042;346;74;272;20;252;0
6654;41 jaar;Verweduwd;2043;339;72;267;20;247;0
6655;41 jaar;Verweduwd;2044;334;71;263;20;243;0
6656;41 jaar;Verweduwd;2045;329;71;258;19;239;0
6657;41 jaar;Verweduwd;2046;318;66;252;19;233;0
6658;41 jaar;Verweduwd;2047;306;63;243;17;226;0
6659;41 jaar;Verweduwd;2048;301;62;239;17;222;0
6660;41 jaar;Verweduwd;2049;294;60;234;16;218;0
6661;41 jaar;Verweduwd;2050;297;62;235;16;219;0
6662;41 jaar;Verweduwd;2051;294;61;233;16;217;0
6663;41 jaar;Verweduwd;2052;292;61;231;16;215;0
6664;41 jaar;Verweduwd;2053;285;59;226;15;211;0
6665;41 jaar;Verweduwd;2054;276;56;220;14;206;0
6666;41 jaar;Verweduwd;2055;275;56;219;14;205;0
6667;41 jaar;Verweduwd;2056;275;56;219;14;205;0
6668;41 jaar;Verweduwd;2057;274;56;218;14;204;0
6669;41 jaar;Verweduwd;2058;274;56;218;14;204;0
6670;41 jaar;Verweduwd;2059;272;56;216;13;203;0
6671;41 jaar;Verweduwd;2060;272;56;216;13;203;0
6672;41 jaar;Gescheiden;2013;19899;6588;13311;3808;9441;62
6673;41 jaar;Gescheiden;2014;18664;6168;12496;3534;8907;55
6674;41 jaar;Gescheiden;2015;16826;5553;11273;3225;7999;49
6675;41 jaar;Gescheiden;2016;15706;5125;10581;2983;7554;44
6676;41 jaar;Gescheiden;2017;14561;4724;9837;2814;6983;40
6677;41 jaar;Gescheiden;2018;14000;4581;9419;2740;6640;39
6678;41 jaar;Gescheiden;2019;13858;4489;9369;2699;6632;38
6679;41 jaar;Gescheiden;2020;13688;4472;9216;2720;6459;37
6680;41 jaar;Gescheiden;2021;13391;4379;9012;2666;6310;36
6681;41 jaar;Gescheiden;2022;13657;4479;9178;2744;6397;37
6682;41 jaar;Gescheiden;2023;13277;4337;8940;2643;6261;36
6683;41 jaar;Gescheiden;2024;12760;4150;8610;2545;6030;35
6684;41 jaar;Gescheiden;2025;12592;4088;8504;2514;5956;34
6685;41 jaar;Gescheiden;2026;12896;4237;8659;2633;5990;36
6686;41 jaar;Gescheiden;2027;12972;4266;8706;2657;6013;36
6687;41 jaar;Gescheiden;2028;13199;4368;8831;2731;6063;37
6688;41 jaar;Gescheiden;2029;13323;4440;8883;2798;6048;37
6689;41 jaar;Gescheiden;2030;13322;4426;8896;2784;6075;37
6690;41 jaar;Gescheiden;2031;13544;4509;9035;2832;6165;38
6691;41 jaar;Gescheiden;2032;14238;4813;9425;3028;6356;41
6692;41 jaar;Gescheiden;2033;14290;4833;9457;3038;6378;41
6693;41 jaar;Gescheiden;2034;14227;4807;9420;3025;6354;41
6694;41 jaar;Gescheiden;2035;14178;4774;9404;2997;6366;41
6695;41 jaar;Gescheiden;2036;14272;4812;9460;3019;6400;41
6696;41 jaar;Gescheiden;2037;13884;4648;9236;2908;6289;39
6697;41 jaar;Gescheiden;2038;13867;4651;9216;2915;6262;39
6698;41 jaar;Gescheiden;2039;13940;4657;9283;2904;6340;39
6699;41 jaar;Gescheiden;2040;14442;4871;9571;3042;6488;41
6700;41 jaar;Gescheiden;2041;14579;4932;9647;3082;6523;42
6701;41 jaar;Gescheiden;2042;14949;5077;9872;3167;6662;43
6702;41 jaar;Gescheiden;2043;14750;5006;9744;3125;6576;43
6703;41 jaar;Gescheiden;2044;14663;4982;9681;3112;6527;42
6704;41 jaar;Gescheiden;2045;14643;4981;9662;3112;6508;42
6705;41 jaar;Gescheiden;2046;14162;4782;9380;2983;6356;41
6706;41 jaar;Gescheiden;2047;13761;4628;9133;2890;6204;39
6707;41 jaar;Gescheiden;2048;13639;4586;9053;2867;6147;39
6708;41 jaar;Gescheiden;2049;13380;4471;8909;2788;6084;37
6709;41 jaar;Gescheiden;2050;13688;4613;9075;2887;6149;39
6710;41 jaar;Gescheiden;2051;13691;4610;9081;2884;6158;39
6711;41 jaar;Gescheiden;2052;13640;4585;9055;2865;6152;38
6712;41 jaar;Gescheiden;2053;13363;4482;8881;2808;6036;37
6713;41 jaar;Gescheiden;2054;13138;4387;8751;2748;5967;36
6714;41 jaar;Gescheiden;2055;13175;4399;8776;2759;5980;37
6715;41 jaar;Gescheiden;2056;13240;4422;8818;2776;6005;37
6716;41 jaar;Gescheiden;2057;13362;4467;8895;2808;6050;37
6717;41 jaar;Gescheiden;2058;13465;4504;8961;2834;6089;38
6718;41 jaar;Gescheiden;2059;13597;4555;9042;2868;6136;38
6719;41 jaar;Gescheiden;2060;13687;4587;9100;2891;6171;38
6720;42 jaar;Totaal burgerlijke staat;2013;152439;36811;115628;96579;18659;390
6721;42 jaar;Totaal burgerlijke staat;2014;145864;35501;110363;91806;18183;374
6722;42 jaar;Totaal burgerlijke staat;2015;138407;34402;104005;86181;17467;357
6723;42 jaar;Totaal burgerlijke staat;2016;127837;32121;95716;79419;15955;342
6724;42 jaar;Totaal burgerlijke staat;2017;123365;31388;91977;76364;15285;328
6725;42 jaar;Totaal burgerlijke staat;2018;118295;30461;87834;72907;14611;316
6726;42 jaar;Totaal burgerlijke staat;2019;117504;30446;87058;72486;14254;318
6727;42 jaar;Totaal burgerlijke staat;2020;116017;30006;86011;71488;14209;314
6728;42 jaar;Totaal burgerlijke staat;2021;117346;30476;86870;72322;14230;318
6729;42 jaar;Totaal burgerlijke staat;2022;117001;30314;86687;72271;14100;316
6730;42 jaar;Totaal burgerlijke staat;2023;120667;31392;89275;74430;14519;326
6731;42 jaar;Totaal burgerlijke staat;2024;118681;30779;87902;73270;14312;320
6732;42 jaar;Totaal burgerlijke staat;2025;115929;29832;86097;71870;13917;310
6733;42 jaar;Totaal burgerlijke staat;2026;115333;29489;85844;71668;13870;306
6734;42 jaar;Totaal burgerlijke staat;2027;118140;30057;88083;73552;14218;313
6735;42 jaar;Totaal burgerlijke staat;2028;119720;30449;89271;74475;14479;317
6736;42 jaar;Totaal burgerlijke staat;2029;122527;31172;91355;76112;14918;325
6737;42 jaar;Totaal burgerlijke staat;2030;123899;31378;92521;77225;14969;327
6738;42 jaar;Totaal burgerlijke staat;2031;123415;31062;92353;77054;14975;324
6739;42 jaar;Totaal burgerlijke staat;2032;124585;31314;93271;77799;15145;327
6740;42 jaar;Totaal burgerlijke staat;2033;129313;32756;96557;80650;15566;341
6741;42 jaar;Totaal burgerlijke staat;2034;129391;32812;96579;80644;15593;342
6742;42 jaar;Totaal burgerlijke staat;2035;128547;32503;96044;80278;15426;340
6743;42 jaar;Totaal burgerlijke staat;2036;127758;32269;95489;79780;15372;337
6744;42 jaar;Totaal burgerlijke staat;2037;128288;32423;95865;80123;15404;338
6745;42 jaar;Totaal burgerlijke staat;2038;125786;31651;94135;78693;15112;330
6746;42 jaar;Totaal burgerlijke staat;2039;126076;31688;94388;79024;15032;332
6747;42 jaar;Totaal burgerlijke staat;2040;126546;31886;94660;79101;15228;331
6748;42 jaar;Totaal burgerlijke staat;2041;130218;33045;97173;81244;15586;343
6749;42 jaar;Totaal burgerlijke staat;2042;131272;33436;97836;81815;15674;347
6750;42 jaar;Totaal burgerlijke staat;2043;133507;34227;99280;82909;16015;356
6751;42 jaar;Totaal burgerlijke staat;2044;132062;33850;98212;82057;15803;352
6752;42 jaar;Totaal burgerlijke staat;2045;131256;33666;97590;81555;15684;351
6753;42 jaar;Totaal burgerlijke staat;2046;130809;33594;97215;81232;15633;350
6754;42 jaar;Totaal burgerlijke staat;2047;127181;32518;94663;79062;15262;339
6755;42 jaar;Totaal burgerlijke staat;2048;124358;31640;92718;77500;14887;331
6756;42 jaar;Totaal burgerlijke staat;2049;123419;31342;92077;77007;14743;327
6757;42 jaar;Totaal burgerlijke staat;2050;121379;30740;90639;75727;14592;320
6758;42 jaar;Totaal burgerlijke staat;2051;123460;31370;92090;77020;14743;327
6759;42 jaar;Totaal burgerlijke staat;2052;123219;31333;91886;76793;14766;327
6760;42 jaar;Totaal burgerlijke staat;2053;122601;31150;91451;76375;14750;326
6761;42 jaar;Totaal burgerlijke staat;2054;120776;30539;90237;75458;14461;318
6762;42 jaar;Totaal burgerlijke staat;2055;119189;30009;89180;74577;14290;313
6763;42 jaar;Totaal burgerlijke staat;2056;119451;30037;89414;74780;14321;313
6764;42 jaar;Totaal burgerlijke staat;2057;119945;30144;89801;75110;14377;314
6765;42 jaar;Totaal burgerlijke staat;2058;120857;30372;90485;75686;14483;316
6766;42 jaar;Totaal burgerlijke staat;2059;121623;30559;91064;76171;14575;318
6767;42 jaar;Totaal burgerlijke staat;2060;122613;30824;91789;76783;14686;320
6768;42 jaar;Ongehuwd;2013;53997;27492;26505;20402;5810;293
6769;42 jaar;Ongehuwd;2014;53742;26902;26840;20552;6001;287
6770;42 jaar;Ongehuwd;2015;53198;26432;26766;20431;6056;279
6771;42 jaar;Ongehuwd;2016;50651;24995;25656;19613;5770;273
6772;42 jaar;Ongehuwd;2017;50376;24794;25582;19650;5667;265
6773;42 jaar;Ongehuwd;2018;49851;24365;25486;19548;5680;258
6774;42 jaar;Ongehuwd;2019;50844;24535;26309;20302;5744;263
6775;42 jaar;Ongehuwd;2020;50583;24213;26370;20322;5788;260
6776;42 jaar;Ongehuwd;2021;51684;24685;26999;20757;5978;264
6777;42 jaar;Ongehuwd;2022;51789;24616;27173;20879;6032;262
6778;42 jaar;Ongehuwd;2023;53950;25553;28397;21777;6349;271
6779;42 jaar;Ongehuwd;2024;53502;25120;28382;21809;6306;267
6780;42 jaar;Ongehuwd;2025;52458;24412;28046;21581;6206;259
6781;42 jaar;Ongehuwd;2026;52261;24147;28114;21603;6255;256
6782;42 jaar;Ongehuwd;2027;53371;24519;28852;22048;6544;260
6783;42 jaar;Ongehuwd;2028;54260;24871;29389;22370;6755;264
6784;42 jaar;Ongehuwd;2029;55720;25462;30258;22872;7115;271
6785;42 jaar;Ongehuwd;2030;56058;25582;30476;23024;7180;272
6786;42 jaar;Ongehuwd;2031;55496;25294;30202;22786;7147;269
6787;42 jaar;Ongehuwd;2032;55729;25445;30284;22813;7200;271
6788;42 jaar;Ongehuwd;2033;57576;26498;31078;23415;7381;282
6789;42 jaar;Ongehuwd;2034;57512;26533;30979;23310;7386;283
6790;42 jaar;Ongehuwd;2035;56945;26264;30681;23145;7255;281
6791;42 jaar;Ongehuwd;2036;56546;26079;30467;22997;7192;278
6792;42 jaar;Ongehuwd;2037;56745;26190;30555;23092;7184;279
6793;42 jaar;Ongehuwd;2038;55714;25632;30082;22776;7033;273
6794;42 jaar;Ongehuwd;2039;55846;25666;30180;22916;6990;274
6795;42 jaar;Ongehuwd;2040;56202;25856;30346;22981;7091;274
6796;42 jaar;Ongehuwd;2041;57839;26739;31100;23553;7263;284
6797;42 jaar;Ongehuwd;2042;58345;27050;31295;23702;7306;287
6798;42 jaar;Ongehuwd;2043;59395;27652;31743;23974;7475;294
6799;42 jaar;Ongehuwd;2044;58773;27365;31408;23743;7374;291
6800;42 jaar;Ongehuwd;2045;58412;27211;31201;23593;7318;290
6801;42 jaar;Ongehuwd;2046;58201;27139;31062;23479;7294;289
6802;42 jaar;Ongehuwd;2047;56620;26318;30302;22904;7118;280
6803;42 jaar;Ongehuwd;2048;55335;25636;29699;22488;6937;274
6804;42 jaar;Ongehuwd;2049;54870;25392;29478;22341;6867;270
6805;42 jaar;Ongehuwd;2050;53991;24938;29053;21990;6798;265
6806;42 jaar;Ongehuwd;2051;54807;25385;29422;22284;6868;270
6807;42 jaar;Ongehuwd;2052;54686;25352;29334;22183;6881;270
6808;42 jaar;Ongehuwd;2053;54396;25202;29194;22049;6876;269
6809;42 jaar;Ongehuwd;2054;53521;24724;28797;21799;6735;263
6810;42 jaar;Ongehuwd;2055;52796;24318;28478;21567;6652;259
6811;42 jaar;Ongehuwd;2056;52873;24332;28541;21614;6668;259
6812;42 jaar;Ongehuwd;2057;53055;24410;28645;21690;6695;260
6813;42 jaar;Ongehuwd;2058;53420;24581;28839;21832;6746;261
6814;42 jaar;Ongehuwd;2059;53727;24722;29005;21951;6791;263
6815;42 jaar;Ongehuwd;2060;54135;24922;29213;22106;6843;264
6816;42 jaar;Wettig gehuwd plus partnerschap;2013;74820;1626;73194;71655;1509;30
6817;42 jaar;Wettig gehuwd plus partnerschap;2014;70017;1446;68571;67176;1368;27
6818;42 jaar;Wettig gehuwd plus partnerschap;2015;64533;1307;63226;61932;1270;24
6819;42 jaar;Wettig gehuwd plus partnerschap;2016;58600;1146;57454;56314;1119;21
6820;42 jaar;Wettig gehuwd plus partnerschap;2017;55605;1057;54548;53484;1044;20
6821;42 jaar;Wettig gehuwd plus partnerschap;2018;52299;980;51319;50325;976;18
6822;42 jaar;Wettig gehuwd plus partnerschap;2019;51151;956;50195;49234;944;17
6823;42 jaar;Wettig gehuwd plus partnerschap;2020;50145;938;49207;48266;924;17
6824;42 jaar;Wettig gehuwd plus partnerschap;2021;50527;946;49581;48646;918;17
6825;42 jaar;Wettig gehuwd plus partnerschap;2022;50397;945;49452;48527;908;17
6826;42 jaar;Wettig gehuwd plus partnerschap;2023;51616;976;50640;49702;921;17
6827;42 jaar;Wettig gehuwd plus partnerschap;2024;50492;946;49546;48619;910;17
6828;42 jaar;Wettig gehuwd plus partnerschap;2025;49357;907;48450;47555;879;16
6829;42 jaar;Wettig gehuwd plus partnerschap;2026;49148;895;48253;47366;871;16
6830;42 jaar;Wettig gehuwd plus partnerschap;2027;50512;930;49582;48680;885;17
6831;42 jaar;Wettig gehuwd plus partnerschap;2028;51107;940;50167;49252;898;17
6832;42 jaar;Wettig gehuwd plus partnerschap;2029;52200;964;51236;50306;913;17
6833;42 jaar;Wettig gehuwd plus partnerschap;2030;53106;979;52127;51195;915;17
6834;42 jaar;Wettig gehuwd plus partnerschap;2031;53188;971;52217;51278;922;17
6835;42 jaar;Wettig gehuwd plus partnerschap;2032;53886;986;52900;51946;937;17
6836;42 jaar;Wettig gehuwd plus partnerschap;2033;56012;1049;54963;53982;963;18
6837;42 jaar;Wettig gehuwd plus partnerschap;2034;56106;1050;55056;54072;966;18
6838;42 jaar;Wettig gehuwd plus partnerschap;2035;55906;1041;54865;53887;960;18
6839;42 jaar;Wettig gehuwd plus partnerschap;2036;55578;1031;54547;53569;960;18
6840;42 jaar;Wettig gehuwd plus partnerschap;2037;55814;1037;54777;53794;965;18
6841;42 jaar;Wettig gehuwd plus partnerschap;2038;54768;1002;53766;52799;950;17
6842;42 jaar;Wettig gehuwd plus partnerschap;2039;54953;1004;53949;52984;947;18
6843;42 jaar;Wettig gehuwd plus partnerschap;2040;54989;1005;53984;53008;958;18
6844;42 jaar;Wettig gehuwd plus partnerschap;2041;56479;1052;55427;54430;979;18
6845;42 jaar;Wettig gehuwd plus partnerschap;2042;56879;1066;55813;54809;985;19
6846;42 jaar;Wettig gehuwd plus partnerschap;2043;57664;1099;56565;55541;1005;19
6847;42 jaar;Wettig gehuwd plus partnerschap;2044;57065;1086;55979;54966;994;19
6848;42 jaar;Wettig gehuwd plus partnerschap;2045;56716;1082;55634;54628;987;19
6849;42 jaar;Wettig gehuwd plus partnerschap;2046;56506;1084;55422;54418;985;19
6850;42 jaar;Wettig gehuwd plus partnerschap;2047;54988;1043;53945;52964;963;18
6851;42 jaar;Wettig gehuwd plus partnerschap;2048;53889;1012;52877;51917;942;18
6852;42 jaar;Wettig gehuwd plus partnerschap;2049;53552;1004;52548;51595;935;18
6853;42 jaar;Wettig gehuwd plus partnerschap;2050;52676;980;51696;50753;926;17
6854;42 jaar;Wettig gehuwd plus partnerschap;2051;53608;1011;52597;51644;935;18
6855;42 jaar;Wettig gehuwd plus partnerschap;2052;53487;1011;52476;51521;937;18
6856;42 jaar;Wettig gehuwd plus partnerschap;2053;53216;1005;52211;51258;935;18
6857;42 jaar;Wettig gehuwd plus partnerschap;2054;52571;983;51588;50652;919;17
6858;42 jaar;Wettig gehuwd plus partnerschap;2055;51959;963;50996;50069;910;17
6859;42 jaar;Wettig gehuwd plus partnerschap;2056;52107;964;51143;50214;912;17
6860;42 jaar;Wettig gehuwd plus partnerschap;2057;52352;970;51382;50450;915;17
6861;42 jaar;Wettig gehuwd plus partnerschap;2058;52767;978;51789;50850;922;17
6862;42 jaar;Wettig gehuwd plus partnerschap;2059;53118;986;52132;51188;927;17
6863;42 jaar;Wettig gehuwd plus partnerschap;2060;53556;996;52560;51609;934;17
6864;42 jaar;Verweduwd;2013;896;163;733;58;675;0
6865;42 jaar;Verweduwd;2014;822;161;661;53;608;0
6866;42 jaar;Verweduwd;2015;761;148;613;54;559;0
6867;42 jaar;Verweduwd;2016;662;128;534;44;490;0
6868;42 jaar;Verweduwd;2017;646;121;525;44;481;0
6869;42 jaar;Verweduwd;2018;599;111;488;37;451;0
6870;42 jaar;Verweduwd;2019;539;98;441;33;408;0
6871;42 jaar;Verweduwd;2020;493;92;401;32;369;0
6872;42 jaar;Verweduwd;2021;501;95;406;31;375;0
6873;42 jaar;Verweduwd;2022;470;91;379;28;351;0
6874;42 jaar;Verweduwd;2023;462;89;373;29;344;0
6875;42 jaar;Verweduwd;2024;450;88;362;29;333;0
6876;42 jaar;Verweduwd;2025;425;81;344;26;318;0
6877;42 jaar;Verweduwd;2026;415;80;335;26;309;0
6878;42 jaar;Verweduwd;2027;415;82;333;25;308;0
6879;42 jaar;Verweduwd;2028;417;82;335;26;309;0
6880;42 jaar;Verweduwd;2029;419;83;336;27;309;0
6881;42 jaar;Verweduwd;2030;409;81;328;27;301;0
6882;42 jaar;Verweduwd;2031;406;80;326;26;300;0
6883;42 jaar;Verweduwd;2032;410;81;329;26;303;0
6884;42 jaar;Verweduwd;2033;421;86;335;28;307;0
6885;42 jaar;Verweduwd;2034;416;86;330;27;303;0
6886;42 jaar;Verweduwd;2035;410;84;326;27;299;0
6887;42 jaar;Verweduwd;2036;405;82;323;26;297;0
6888;42 jaar;Verweduwd;2037;401;81;320;25;295;0
6889;42 jaar;Verweduwd;2038;389;77;312;24;288;0
6890;42 jaar;Verweduwd;2039;384;76;308;24;284;0
6891;42 jaar;Verweduwd;2040;382;75;307;23;284;0
6892;42 jaar;Verweduwd;2041;390;79;311;24;287;0
6893;42 jaar;Verweduwd;2042;390;80;310;24;286;0
6894;42 jaar;Verweduwd;2043;394;82;312;24;288;0
6895;42 jaar;Verweduwd;2044;384;80;304;23;281;0
6896;42 jaar;Verweduwd;2045;379;79;300;23;277;0
6897;42 jaar;Verweduwd;2046;374;78;296;23;273;0
6898;42 jaar;Verweduwd;2047;361;74;287;21;266;0
6899;42 jaar;Verweduwd;2048;349;71;278;20;258;0
6900;42 jaar;Verweduwd;2049;342;69;273;20;253;0
6901;42 jaar;Verweduwd;2050;334;67;267;18;249;0
6902;42 jaar;Verweduwd;2051;337;69;268;19;249;0
6903;42 jaar;Verweduwd;2052;334;68;266;19;247;0
6904;42 jaar;Verweduwd;2053;331;68;263;18;245;0
6905;42 jaar;Verweduwd;2054;321;65;256;17;239;0
6906;42 jaar;Verweduwd;2055;315;63;252;17;235;0
6907;42 jaar;Verweduwd;2056;313;62;251;17;234;0
6908;42 jaar;Verweduwd;2057;311;62;249;17;232;0
6909;42 jaar;Verweduwd;2058;311;62;249;17;232;0
6910;42 jaar;Verweduwd;2059;311;62;249;17;232;0
6911;42 jaar;Verweduwd;2060;310;62;248;16;232;0
6912;42 jaar;Gescheiden;2013;22726;7530;15196;4464;10665;67
6913;42 jaar;Gescheiden;2014;21283;6992;14291;4025;10206;60
6914;42 jaar;Gescheiden;2015;19915;6515;13400;3764;9582;54
6915;42 jaar;Gescheiden;2016;17924;5852;12072;3448;8576;48
6916;42 jaar;Gescheiden;2017;16738;5416;11322;3186;8093;43
6917;42 jaar;Gescheiden;2018;15546;5005;10541;2997;7504;40
6918;42 jaar;Gescheiden;2019;14970;4857;10113;2917;7158;38
6919;42 jaar;Gescheiden;2020;14796;4763;10033;2868;7128;37
6920;42 jaar;Gescheiden;2021;14634;4750;9884;2888;6959;37
6921;42 jaar;Gescheiden;2022;14345;4662;9683;2837;6809;37
6922;42 jaar;Gescheiden;2023;14639;4774;9865;2922;6905;38
6923;42 jaar;Gescheiden;2024;14237;4625;9612;2813;6763;36
6924;42 jaar;Gescheiden;2025;13689;4432;9257;2708;6514;35
6925;42 jaar;Gescheiden;2026;13509;4367;9142;2673;6435;34
6926;42 jaar;Gescheiden;2027;13842;4526;9316;2799;6481;36
6927;42 jaar;Gescheiden;2028;13936;4556;9380;2827;6517;36
6928;42 jaar;Gescheiden;2029;14188;4663;9525;2907;6581;37
6929;42 jaar;Gescheiden;2030;14326;4736;9590;2979;6573;38
6930;42 jaar;Gescheiden;2031;14325;4717;9608;2964;6606;38
6931;42 jaar;Gescheiden;2032;14560;4802;9758;3014;6705;39
6932;42 jaar;Gescheiden;2033;15304;5123;10181;3225;6915;41
6933;42 jaar;Gescheiden;2034;15357;5143;10214;3235;6938;41
6934;42 jaar;Gescheiden;2035;15286;5114;10172;3219;6912;41
6935;42 jaar;Gescheiden;2036;15229;5077;10152;3188;6923;41
6936;42 jaar;Gescheiden;2037;15328;5115;10213;3212;6960;41
6937;42 jaar;Gescheiden;2038;14915;4940;9975;3094;6841;40
6938;42 jaar;Gescheiden;2039;14893;4942;9951;3100;6811;40
6939;42 jaar;Gescheiden;2040;14973;4950;10023;3089;6895;39
6940;42 jaar;Gescheiden;2041;15510;5175;10335;3237;7057;41
6941;42 jaar;Gescheiden;2042;15658;5240;10418;3280;7097;41
6942;42 jaar;Gescheiden;2043;16054;5394;10660;3370;7247;43
6943;42 jaar;Gescheiden;2044;15840;5319;10521;3325;7154;42
6944;42 jaar;Gescheiden;2045;15749;5294;10455;3311;7102;42
6945;42 jaar;Gescheiden;2046;15728;5293;10435;3312;7081;42
6946;42 jaar;Gescheiden;2047;15212;5083;10129;3173;6915;41
6947;42 jaar;Gescheiden;2048;14785;4921;9864;3075;6750;39
6948;42 jaar;Gescheiden;2049;14655;4877;9778;3051;6688;39
6949;42 jaar;Gescheiden;2050;14378;4755;9623;2966;6619;38
6950;42 jaar;Gescheiden;2051;14708;4905;9803;3073;6691;39
6951;42 jaar;Gescheiden;2052;14712;4902;9810;3070;6701;39
6952;42 jaar;Gescheiden;2053;14658;4875;9783;3050;6694;39
6953;42 jaar;Gescheiden;2054;14363;4767;9596;2990;6568;38
6954;42 jaar;Gescheiden;2055;14119;4665;9454;2924;6493;37
6955;42 jaar;Gescheiden;2056;14158;4679;9479;2935;6507;37
6956;42 jaar;Gescheiden;2057;14227;4702;9525;2953;6535;37
6957;42 jaar;Gescheiden;2058;14359;4751;9608;2987;6583;38
6958;42 jaar;Gescheiden;2059;14467;4789;9678;3015;6625;38
6959;42 jaar;Gescheiden;2060;14612;4844;9768;3052;6677;39
6960;43 jaar;Totaal burgerlijke staat;2013;156925;36951;119974;99781;19831;362
6961;43 jaar;Totaal burgerlijke staat;2014;153031;36853;116178;96152;19653;373
6962;43 jaar;Totaal burgerlijke staat;2015;146409;35499;110910;91521;19033;356
6963;43 jaar;Totaal burgerlijke staat;2016;138917;34313;104604;86048;18213;343
6964;43 jaar;Totaal burgerlijke staat;2017;128372;32036;96336;79344;16666;326
6965;43 jaar;Totaal burgerlijke staat;2018;123919;31305;92614;76341;15961;312
6966;43 jaar;Totaal burgerlijke staat;2019;118836;30360;88476;72906;15269;301
6967;43 jaar;Totaal burgerlijke staat;2020;118050;30339;87711;72487;14921;303
6968;43 jaar;Totaal burgerlijke staat;2021;116539;29902;86637;71485;14854;298
6969;43 jaar;Totaal burgerlijke staat;2022;117858;30357;87501;72308;14890;303
6970;43 jaar;Totaal burgerlijke staat;2023;117498;30192;87306;72251;14755;300
6971;43 jaar;Totaal burgerlijke staat;2024;121147;31256;89891;74387;15194;310
6972;43 jaar;Totaal burgerlijke staat;2025;119157;30652;88505;73224;14976;305
6973;43 jaar;Totaal burgerlijke staat;2026;116383;29708;86675;71822;14559;294
6974;43 jaar;Totaal burgerlijke staat;2027;115780;29372;86408;71611;14506;291
6975;43 jaar;Totaal burgerlijke staat;2028;118584;29937;88647;73473;14876;298
6976;43 jaar;Totaal burgerlijke staat;2029;120171;30324;89847;74389;15157;301
6977;43 jaar;Totaal burgerlijke staat;2030;122998;31043;91955;76019;15628;308
6978;43 jaar;Totaal burgerlijke staat;2031;124372;31242;93130;77127;15692;311
6979;43 jaar;Totaal burgerlijke staat;2032;123883;30916;92967;76955;15704;308
6980;43 jaar;Totaal burgerlijke staat;2033;125057;31170;93887;77695;15882;310
6981;43 jaar;Totaal burgerlijke staat;2034;129788;32609;97179;80529;16325;325
6982;43 jaar;Totaal burgerlijke staat;2035;129871;32666;97205;80525;16354;326
6983;43 jaar;Totaal burgerlijke staat;2036;129023;32354;96669;80163;16183;323
6984;43 jaar;Totaal burgerlijke staat;2037;128242;32116;96126;79675;16130;321
6985;43 jaar;Totaal burgerlijke staat;2038;128774;32260;96514;80024;16168;322
6986;43 jaar;Totaal burgerlijke staat;2039;126274;31485;94789;78609;15866;314
6987;43 jaar;Totaal burgerlijke staat;2040;126556;31519;95037;78942;15782;313
6988;43 jaar;Totaal burgerlijke staat;2041;127033;31712;95321;79021;15986;314
6989;43 jaar;Totaal burgerlijke staat;2042;130714;32867;97847;81156;16365;326
6990;43 jaar;Totaal burgerlijke staat;2043;131765;33258;98507;81724;16453;330
6991;43 jaar;Totaal burgerlijke staat;2044;134003;34046;99957;82811;16808;338
6992;43 jaar;Totaal burgerlijke staat;2045;132563;33675;98888;81964;16589;335
6993;43 jaar;Totaal burgerlijke staat;2046;131757;33492;98265;81466;16466;333
6994;43 jaar;Totaal burgerlijke staat;2047;131310;33423;97887;81142;16412;333
6995;43 jaar;Totaal burgerlijke staat;2048;127681;32352;95329;78983;16024;322
6996;43 jaar;Totaal burgerlijke staat;2049;124851;31478;93373;77429;15630;314
6997;43 jaar;Totaal burgerlijke staat;2050;123912;31185;92727;76940;15478;309
6998;43 jaar;Totaal burgerlijke staat;2051;121874;30585;91289;75665;15320;304
6999;43 jaar;Totaal burgerlijke staat;2052;123954;31215;92739;76951;15476;312
7000;43 jaar;Totaal burgerlijke staat;2053;123712;31178;92534;76723;15500;311
7001;43 jaar;Totaal burgerlijke staat;2054;123092;30996;92096;76305;15483;308
7002;43 jaar;Totaal burgerlijke staat;2055;121269;30390;90879;75393;15183;303
7003;43 jaar;Totaal burgerlijke staat;2056;119680;29863;89817;74518;15002;297
7004;43 jaar;Totaal burgerlijke staat;2057;119947;29892;90055;74719;15038;298
7005;43 jaar;Totaal burgerlijke staat;2058;120443;30001;90442;75048;15095;299
7006;43 jaar;Totaal burgerlijke staat;2059;121352;30228;91124;75619;15204;301
7007;43 jaar;Totaal burgerlijke staat;2060;122121;30416;91705;76100;15302;303
7008;43 jaar;Ongehuwd;2013;52345;26767;25578;19599;5704;275
7009;43 jaar;Ongehuwd;2014;53325;27169;26156;19918;5953;285
7010;43 jaar;Ongehuwd;2015;53097;26562;26535;20125;6131;279
7011;43 jaar;Ongehuwd;2016;52548;26030;26518;20070;6176;272
7012;43 jaar;Ongehuwd;2017;50030;24609;25421;19277;5882;262
7013;43 jaar;Ongehuwd;2018;49754;24402;25352;19324;5773;255
7014;43 jaar;Ongehuwd;2019;49219;23963;25256;19222;5785;249
7015;43 jaar;Ongehuwd;2020;50160;24127;26033;19926;5855;252
7016;43 jaar;Ongehuwd;2021;49856;23808;26048;19905;5895;248
7017;43 jaar;Ongehuwd;2022;50890;24257;26633;20290;6091;252
7018;43 jaar;Ongehuwd;2023;50941;24180;26761;20371;6140;250
7019;43 jaar;Ongehuwd;2024;53011;25087;27924;21204;6461;259
7020;43 jaar;Ongehuwd;2025;52581;24672;27909;21238;6416;255
7021;43 jaar;Ongehuwd;2026;51555;23977;27578;21016;6315;247
7022;43 jaar;Ongehuwd;2027;51356;23720;27636;21029;6363;244
7023;43 jaar;Ongehuwd;2028;52440;24085;28355;21450;6656;249
7024;43 jaar;Ongehuwd;2029;53322;24431;28891;21764;6875;252
7025;43 jaar;Ongehuwd;2030;54773;25014;29759;22252;7248;259
7026;43 jaar;Ongehuwd;2031;55108;25127;29981;22400;7320;261
7027;43 jaar;Ongehuwd;2032;54554;24838;29716;22170;7288;258
7028;43 jaar;Ongehuwd;2033;54781;24985;29796;22196;7341;259
7029;43 jaar;Ongehuwd;2034;56594;26016;30578;22783;7525;270
7030;43 jaar;Ongehuwd;2035;56537;26053;30484;22682;7531;271
7031;43 jaar;Ongehuwd;2036;55979;25785;30194;22525;7400;269
7032;43 jaar;Ongehuwd;2037;55590;25601;29989;22384;7338;267
7033;43 jaar;Ongehuwd;2038;55782;25703;30079;22479;7332;268
7034;43 jaar;Ongehuwd;2039;54774;25155;29619;22178;7180;261
7035;43 jaar;Ongehuwd;2040;54896;25185;29711;22314;7136;261
7036;43 jaar;Ongehuwd;2041;55247;25370;29877;22377;7238;262
7037;43 jaar;Ongehuwd;2042;56853;26234;30619;22932;7416;271
7038;43 jaar;Ongehuwd;2043;57349;26541;30808;23074;7459;275
7039;43 jaar;Ongehuwd;2044;58375;27130;31245;23334;7629;282
7040;43 jaar;Ongehuwd;2045;57767;26852;30915;23108;7528;279
7041;43 jaar;Ongehuwd;2046;57411;26700;30711;22963;7471;277
7042;43 jaar;Ongehuwd;2047;57203;26631;30572;22849;7446;277
7043;43 jaar;Ongehuwd;2048;55655;25828;29827;22292;7267;268
7044;43 jaar;Ongehuwd;2049;54392;25160;29232;21889;7082;261
7045;43 jaar;Ongehuwd;2050;53941;24923;29018;21749;7011;258
7046;43 jaar;Ongehuwd;2051;53079;24479;28600;21407;6940;253
7047;43 jaar;Ongehuwd;2052;53879;24916;28963;21692;7012;259
7048;43 jaar;Ongehuwd;2053;53762;24885;28877;21594;7025;258
7049;43 jaar;Ongehuwd;2054;53474;24739;28735;21460;7019;256
7050;43 jaar;Ongehuwd;2055;52620;24271;28349;21221;6876;252
7051;43 jaar;Ongehuwd;2056;51911;23875;28036;20997;6792;247
7052;43 jaar;Ongehuwd;2057;51987;23889;28098;21042;6808;248
7053;43 jaar;Ongehuwd;2058;52170;23968;28202;21118;6836;248
7054;43 jaar;Ongehuwd;2059;52525;24134;28391;21254;6887;250
7055;43 jaar;Ongehuwd;2060;52829;24274;28555;21369;6934;252
7056;43 jaar;Wettig gehuwd plus partnerschap;2013;78489;1620;76869;75332;1513;24
7057;43 jaar;Wettig gehuwd plus partnerschap;2014;74560;1530;73030;71526;1479;25
7058;43 jaar;Wettig gehuwd plus partnerschap;2015;69838;1373;68465;67112;1331;22
7059;43 jaar;Wettig gehuwd plus partnerschap;2016;64447;1244;63203;61966;1217;20
7060;43 jaar;Wettig gehuwd plus partnerschap;2017;58620;1103;57517;56411;1088;18
7061;43 jaar;Wettig gehuwd plus partnerschap;2018;55703;1029;54674;53635;1022;17
7062;43 jaar;Wettig gehuwd plus partnerschap;2019;52451;961;51490;50513;962;15
7063;43 jaar;Wettig gehuwd plus partnerschap;2020;51373;943;50430;49479;936;15
7064;43 jaar;Wettig gehuwd plus partnerschap;2021;50411;927;49484;48552;917;15
7065;43 jaar;Wettig gehuwd plus partnerschap;2022;50836;937;49899;48970;914;15
7066;43 jaar;Wettig gehuwd plus partnerschap;2023;50743;938;49805;48883;907;15
7067;43 jaar;Wettig gehuwd plus partnerschap;2024;52003;971;51032;50095;922;15
7068;43 jaar;Wettig gehuwd plus partnerschap;2025;50878;941;49937;49013;909;15
7069;43 jaar;Wettig gehuwd plus partnerschap;2026;49743;903;48840;47947;879;14
7070;43 jaar;Wettig gehuwd plus partnerschap;2027;49536;891;48645;47760;871;14
7071;43 jaar;Wettig gehuwd plus partnerschap;2028;50895;923;49972;49070;887;15
7072;43 jaar;Wettig gehuwd plus partnerschap;2029;51489;932;50557;49642;900;15
7073;43 jaar;Wettig gehuwd plus partnerschap;2030;52584;955;51629;50698;917;14
7074;43 jaar;Wettig gehuwd plus partnerschap;2031;53485;968;52517;51583;919;15
7075;43 jaar;Wettig gehuwd plus partnerschap;2032;53558;959;52599;51658;926;15
7076;43 jaar;Wettig gehuwd plus partnerschap;2033;54248;974;53274;52319;940;15
7077;43 jaar;Wettig gehuwd plus partnerschap;2034;56363;1036;55327;54344;967;16
7078;43 jaar;Wettig gehuwd plus partnerschap;2035;56455;1037;55418;54432;970;16
7079;43 jaar;Wettig gehuwd plus partnerschap;2036;56254;1028;55226;54246;964;16
7080;43 jaar;Wettig gehuwd plus partnerschap;2037;55930;1018;54912;53932;964;16
7081;43 jaar;Wettig gehuwd plus partnerschap;2038;56171;1024;55147;54162;969;16
7082;43 jaar;Wettig gehuwd plus partnerschap;2039;55134;989;54145;53174;955;16
7083;43 jaar;Wettig gehuwd plus partnerschap;2040;55322;991;54331;53365;951;15
7084;43 jaar;Wettig gehuwd plus partnerschap;2041;55364;992;54372;53393;964;15
7085;43 jaar;Wettig gehuwd plus partnerschap;2042;56857;1039;55818;54817;985;16
7086;43 jaar;Wettig gehuwd plus partnerschap;2043;57259;1054;56205;55199;990;16
7087;43 jaar;Wettig gehuwd plus partnerschap;2044;58043;1086;56957;55931;1010;16
7088;43 jaar;Wettig gehuwd plus partnerschap;2045;57443;1073;56370;55356;998;16
7089;43 jaar;Wettig gehuwd plus partnerschap;2046;57098;1070;56028;55019;993;16
7090;43 jaar;Wettig gehuwd plus partnerschap;2047;56884;1071;55813;54807;990;16
7091;43 jaar;Wettig gehuwd plus partnerschap;2048;55367;1030;54337;53352;969;16
7092;43 jaar;Wettig gehuwd plus partnerschap;2049;54269;1000;53269;52305;948;16
7093;43 jaar;Wettig gehuwd plus partnerschap;2050;53931;993;52938;51983;940;15
7094;43 jaar;Wettig gehuwd plus partnerschap;2051;53053;968;52085;51138;932;15
7095;43 jaar;Wettig gehuwd plus partnerschap;2052;53982;999;52983;52027;940;16
7096;43 jaar;Wettig gehuwd plus partnerschap;2053;53856;997;52859;51901;942;16
7097;43 jaar;Wettig gehuwd plus partnerschap;2054;53584;991;52593;51637;940;16
7098;43 jaar;Wettig gehuwd plus partnerschap;2055;52939;971;51968;51029;924;15
7099;43 jaar;Wettig gehuwd plus partnerschap;2056;52326;950;51376;50446;915;15
7100;43 jaar;Wettig gehuwd plus partnerschap;2057;52476;952;51524;50591;918;15
7101;43 jaar;Wettig gehuwd plus partnerschap;2058;52720;957;51763;50827;921;15
7102;43 jaar;Wettig gehuwd plus partnerschap;2059;53134;966;52168;51226;927;15
7103;43 jaar;Wettig gehuwd plus partnerschap;2060;53484;973;52511;51564;932;15
7104;43 jaar;Verweduwd;2013;1152;239;913;77;835;1
7105;43 jaar;Verweduwd;2014;998;184;814;66;747;1
7106;43 jaar;Verweduwd;2015;911;178;733;60;673;0
7107;43 jaar;Verweduwd;2016;843;164;679;60;619;0
7108;43 jaar;Verweduwd;2017;736;142;594;49;545;0
7109;43 jaar;Verweduwd;2018;713;136;577;47;530;0
7110;43 jaar;Verweduwd;2019;662;124;538;41;497;0
7111;43 jaar;Verweduwd;2020;602;111;491;37;454;0
7112;43 jaar;Verweduwd;2021;554;105;449;35;414;0
7113;43 jaar;Verweduwd;2022;563;108;455;35;420;0
7114;43 jaar;Verweduwd;2023;531;104;427;32;395;0
7115;43 jaar;Verweduwd;2024;525;103;422;33;389;0
7116;43 jaar;Verweduwd;2025;509;100;409;32;377;0
7117;43 jaar;Verweduwd;2026;481;93;388;29;359;0
7118;43 jaar;Verweduwd;2027;470;91;379;29;350;0
7119;43 jaar;Verweduwd;2028;472;94;378;29;349;0
7120;43 jaar;Verweduwd;2029;472;93;379;29;350;0
7121;43 jaar;Verweduwd;2030;476;95;381;30;351;0
7122;43 jaar;Verweduwd;2031;467;94;373;30;343;0
7123;43 jaar;Verweduwd;2032;461;91;370;29;341;0
7124;43 jaar;Verweduwd;2033;465;92;373;29;344;0
7125;43 jaar;Verweduwd;2034;479;99;380;31;349;0
7126;43 jaar;Verweduwd;2035;473;98;375;31;344;0
7127;43 jaar;Verweduwd;2036;465;96;369;29;340;0
7128;43 jaar;Verweduwd;2037;461;94;367;29;338;0
7129;43 jaar;Verweduwd;2038;457;93;364;29;335;0
7130;43 jaar;Verweduwd;2039;442;88;354;27;327;0
7131;43 jaar;Verweduwd;2040;436;87;349;26;323;0
7132;43 jaar;Verweduwd;2041;435;86;349;26;323;0
7133;43 jaar;Verweduwd;2042;444;91;353;27;326;0
7134;43 jaar;Verweduwd;2043;442;91;351;27;324;0
7135;43 jaar;Verweduwd;2044;447;94;353;27;326;0
7136;43 jaar;Verweduwd;2045;439;92;347;27;320;0
7137;43 jaar;Verweduwd;2046;431;91;340;26;314;0
7138;43 jaar;Verweduwd;2047;426;90;336;26;310;0
7139;43 jaar;Verweduwd;2048;412;86;326;24;302;0
7140;43 jaar;Verweduwd;2049;397;81;316;23;293;0
7141;43 jaar;Verweduwd;2050;388;79;309;22;287;0
7142;43 jaar;Verweduwd;2051;380;76;304;21;283;0
7143;43 jaar;Verweduwd;2052;382;79;303;21;282;0
7144;43 jaar;Verweduwd;2053;379;78;301;21;280;0
7145;43 jaar;Verweduwd;2054;376;77;299;21;278;0
7146;43 jaar;Verweduwd;2055;367;75;292;20;272;0
7147;43 jaar;Verweduwd;2056;357;72;285;19;266;0
7148;43 jaar;Verweduwd;2057;357;72;285;19;266;0
7149;43 jaar;Verweduwd;2058;352;71;281;18;263;0
7150;43 jaar;Verweduwd;2059;353;72;281;18;263;0
7151;43 jaar;Verweduwd;2060;353;72;281;18;263;0
7152;43 jaar;Gescheiden;2013;24939;8325;16614;4773;11779;62
7153;43 jaar;Gescheiden;2014;24148;7970;16178;4642;11474;62
7154;43 jaar;Gescheiden;2015;22563;7386;15177;4224;10898;55
7155;43 jaar;Gescheiden;2016;21079;6875;14204;3952;10201;51
7156;43 jaar;Gescheiden;2017;18986;6182;12804;3607;9151;46
7157;43 jaar;Gescheiden;2018;17749;5738;12011;3335;8636;40
7158;43 jaar;Gescheiden;2019;16504;5312;11192;3130;8025;37
7159;43 jaar;Gescheiden;2020;15915;5158;10757;3045;7676;36
7160;43 jaar;Gescheiden;2021;15718;5062;10656;2993;7628;35
7161;43 jaar;Gescheiden;2022;15569;5055;10514;3013;7465;36
7162;43 jaar;Gescheiden;2023;15283;4970;10313;2965;7313;35
7163;43 jaar;Gescheiden;2024;15608;5095;10513;3055;7422;36
7164;43 jaar;Gescheiden;2025;15189;4939;10250;2941;7274;35
7165;43 jaar;Gescheiden;2026;14604;4735;9869;2830;7006;33
7166;43 jaar;Gescheiden;2027;14418;4670;9748;2793;6922;33
7167;43 jaar;Gescheiden;2028;14777;4835;9942;2924;6984;34
7168;43 jaar;Gescheiden;2029;14888;4868;10020;2954;7032;34
7169;43 jaar;Gescheiden;2030;15165;4979;10186;3039;7112;35
7170;43 jaar;Gescheiden;2031;15312;5053;10259;3114;7110;35
7171;43 jaar;Gescheiden;2032;15310;5028;10282;3098;7149;35
7172;43 jaar;Gescheiden;2033;15563;5119;10444;3151;7257;36
7173;43 jaar;Gescheiden;2034;16352;5458;10894;3371;7484;39
7174;43 jaar;Gescheiden;2035;16406;5478;10928;3380;7509;39
7175;43 jaar;Gescheiden;2036;16325;5445;10880;3363;7479;38
7176;43 jaar;Gescheiden;2037;16261;5403;10858;3330;7490;38
7177;43 jaar;Gescheiden;2038;16364;5440;10924;3354;7532;38
7178;43 jaar;Gescheiden;2039;15924;5253;10671;3230;7404;37
7179;43 jaar;Gescheiden;2040;15902;5256;10646;3237;7372;37
7180;43 jaar;Gescheiden;2041;15987;5264;10723;3225;7461;37
7181;43 jaar;Gescheiden;2042;16560;5503;11057;3380;7638;39
7182;43 jaar;Gescheiden;2043;16715;5572;11143;3424;7680;39
7183;43 jaar;Gescheiden;2044;17138;5736;11402;3519;7843;40
7184;43 jaar;Gescheiden;2045;16914;5658;11256;3473;7743;40
7185;43 jaar;Gescheiden;2046;16817;5631;11186;3458;7688;40
7186;43 jaar;Gescheiden;2047;16797;5631;11166;3460;7666;40
7187;43 jaar;Gescheiden;2048;16247;5408;10839;3315;7486;38
7188;43 jaar;Gescheiden;2049;15793;5237;10556;3212;7307;37
7189;43 jaar;Gescheiden;2050;15652;5190;10462;3186;7240;36
7190;43 jaar;Gescheiden;2051;15362;5062;10300;3099;7165;36
7191;43 jaar;Gescheiden;2052;15711;5221;10490;3211;7242;37
7192;43 jaar;Gescheiden;2053;15715;5218;10497;3207;7253;37
7193;43 jaar;Gescheiden;2054;15658;5189;10469;3187;7246;36
7194;43 jaar;Gescheiden;2055;15343;5073;10270;3123;7111;36
7195;43 jaar;Gescheiden;2056;15086;4966;10120;3056;7029;35
7196;43 jaar;Gescheiden;2057;15127;4979;10148;3067;7046;35
7197;43 jaar;Gescheiden;2058;15201;5005;10196;3085;7075;36
7198;43 jaar;Gescheiden;2059;15340;5056;10284;3121;7127;36
7199;43 jaar;Gescheiden;2060;15455;5097;10358;3149;7173;36
7200;44 jaar;Totaal burgerlijke staat;2013;150652;34734;115918;96050;19531;337
7201;44 jaar;Totaal burgerlijke staat;2014;157449;37091;120358;99187;20813;358
7202;44 jaar;Totaal burgerlijke staat;2015;153508;36869;116639;95756;20520;363
7203;44 jaar;Totaal burgerlijke staat;2016;146894;35472;111422;91279;19793;350
7204;44 jaar;Totaal burgerlijke staat;2017;139424;34256;105168;85879;18954;335
7205;44 jaar;Totaal burgerlijke staat;2018;128909;31989;96920;79238;17366;316
7206;44 jaar;Totaal burgerlijke staat;2019;124444;31249;93195;76259;16632;304
7207;44 jaar;Totaal burgerlijke staat;2020;119344;30283;89061;72852;15917;292
7208;44 jaar;Totaal burgerlijke staat;2021;118555;30252;88303;72438;15572;293
7209;44 jaar;Totaal burgerlijke staat;2022;117026;29818;87208;71432;15487;289
7210;44 jaar;Totaal burgerlijke staat;2023;118330;30254;88076;72245;15539;292
7211;44 jaar;Totaal burgerlijke staat;2024;117960;30088;87872;72181;15401;290
7212;44 jaar;Totaal burgerlijke staat;2025;121590;31137;90453;74298;15856;299
7213;44 jaar;Totaal burgerlijke staat;2026;119596;30545;89051;73131;15627;293
7214;44 jaar;Totaal burgerlijke staat;2027;116807;29611;87196;71725;15187;284
7215;44 jaar;Totaal burgerlijke staat;2028;116200;29279;86921;71511;15129;281
7216;44 jaar;Totaal burgerlijke staat;2029;118999;29845;89154;73352;15514;288
7217;44 jaar;Totaal burgerlijke staat;2030;120600;30225;90375;74264;15819;292
7218;44 jaar;Totaal burgerlijke staat;2031;123437;30928;92509;75887;16324;298
7219;44 jaar;Totaal burgerlijke staat;2032;124815;31120;93695;76989;16405;301
7220;44 jaar;Totaal burgerlijke staat;2033;124330;30792;93538;76815;16425;298
7221;44 jaar;Totaal burgerlijke staat;2034;125504;31046;94458;77551;16606;301
7222;44 jaar;Totaal burgerlijke staat;2035;130236;32479;97757;80369;17073;315
7223;44 jaar;Totaal burgerlijke staat;2036;130323;32535;97788;80367;17105;316
7224;44 jaar;Totaal burgerlijke staat;2037;129471;32218;97253;80009;16931;313
7225;44 jaar;Totaal burgerlijke staat;2038;128694;31976;96718;79530;16878;310
7226;44 jaar;Totaal burgerlijke staat;2039;129229;32113;97116;79882;16923;311
7227;44 jaar;Totaal burgerlijke staat;2040;126731;31339;95392;78481;16609;302
7228;44 jaar;Totaal burgerlijke staat;2041;127011;31372;95639;78815;16521;303
7229;44 jaar;Totaal burgerlijke staat;2042;127500;31566;95934;78896;16733;305
7230;44 jaar;Totaal burgerlijke staat;2043;131175;32710;98465;81021;17128;316
7231;44 jaar;Totaal burgerlijke staat;2044;132231;33100;99131;81588;17223;320
7232;44 jaar;Totaal burgerlijke staat;2045;134477;33888;100589;82669;17592;328
7233;44 jaar;Totaal burgerlijke staat;2046;133027;33515;99512;81825;17363;324
7234;44 jaar;Totaal burgerlijke staat;2047;132225;33335;98890;81331;17236;323
7235;44 jaar;Totaal burgerlijke staat;2048;131777;33268;98509;81011;17176;322
7236;44 jaar;Totaal burgerlijke staat;2049;128145;32203;95942;78862;16769;311
7237;44 jaar;Totaal burgerlijke staat;2050;125312;31335;93977;77316;16359;302
7238;44 jaar;Totaal burgerlijke staat;2051;124377;31046;93331;76831;16201;299
7239;44 jaar;Totaal burgerlijke staat;2052;122338;30452;91886;75560;16033;293
7240;44 jaar;Totaal burgerlijke staat;2053;124415;31075;93340;76840;16200;300
7241;44 jaar;Totaal burgerlijke staat;2054;124176;31042;93134;76611;16223;300
7242;44 jaar;Totaal burgerlijke staat;2055;123561;30862;92699;76196;16205;298
7243;44 jaar;Totaal burgerlijke staat;2056;121731;30260;91471;75287;15892;292
7244;44 jaar;Totaal burgerlijke staat;2057;120141;29735;90406;74415;15704;287
7245;44 jaar;Totaal burgerlijke staat;2058;120407;29766;90641;74616;15738;287
7246;44 jaar;Totaal burgerlijke staat;2059;120904;29875;91029;74941;15800;288
7247;44 jaar;Totaal burgerlijke staat;2060;121819;30103;91716;75511;15915;290
7248;44 jaar;Ongehuwd;2013;46825;24293;22532;17139;5136;257
7249;44 jaar;Ongehuwd;2014;51719;26477;25242;19156;5810;276
7250;44 jaar;Ongehuwd;2015;52683;26793;25890;19548;6060;282
7251;44 jaar;Ongehuwd;2016;52457;26180;26277;19769;6231;277
7252;44 jaar;Ongehuwd;2017;51906;25635;26271;19725;6277;269
7253;44 jaar;Ongehuwd;2018;49421;24237;25184;18951;5976;257
7254;44 jaar;Ongehuwd;2019;49135;24023;25112;18996;5865;251
7255;44 jaar;Ongehuwd;2020;48583;23573;25010;18894;5873;243
7256;44 jaar;Ongehuwd;2021;49478;23730;25748;19555;5948;245
7257;44 jaar;Ongehuwd;2022;49136;23412;25724;19498;5984;242
7258;44 jaar;Ongehuwd;2023;50113;23840;26273;19839;6188;246
7259;44 jaar;Ongehuwd;2024;50115;23756;26359;19884;6231;244
7260;44 jaar;Ongehuwd;2025;52100;24635;27465;20657;6556;252
7261;44 jaar;Ongehuwd;2026;51685;24236;27449;20693;6509;247
7262;44 jaar;Ongehuwd;2027;50682;23559;27123;20477;6405;241
7263;44 jaar;Ongehuwd;2028;50485;23310;27175;20485;6452;238
7264;44 jaar;Ongehuwd;2029;51546;23670;27876;20885;6748;243
7265;44 jaar;Ongehuwd;2030;52423;24010;28413;21191;6976;246
7266;44 jaar;Ongehuwd;2031;53862;24582;29280;21666;7362;252
7267;44 jaar;Ongehuwd;2032;54195;24690;29505;21810;7441;254
7268;44 jaar;Ongehuwd;2033;53649;24403;29246;21585;7410;251
7269;44 jaar;Ongehuwd;2034;53874;24546;29328;21612;7463;253
7270;44 jaar;Ongehuwd;2035;55652;25555;30097;22184;7649;264
7271;44 jaar;Ongehuwd;2036;55603;25592;30011;22089;7658;264
7272;44 jaar;Ongehuwd;2037;55052;25325;29727;21938;7527;262
7273;44 jaar;Ongehuwd;2038;54666;25140;29526;21803;7464;259
7274;44 jaar;Ongehuwd;2039;54857;25236;29621;21899;7462;260
7275;44 jaar;Ongehuwd;2040;53870;24699;29171;21609;7308;254
7276;44 jaar;Ongehuwd;2041;53985;24727;29258;21742;7263;253
7277;44 jaar;Ongehuwd;2042;54335;24910;29425;21803;7367;255
7278;44 jaar;Ongehuwd;2043;55902;25753;30149;22339;7546;264
7279;44 jaar;Ongehuwd;2044;56390;26055;30335;22476;7591;268
7280;44 jaar;Ongehuwd;2045;57396;26633;30763;22725;7764;274
7281;44 jaar;Ongehuwd;2046;56796;26360;30436;22504;7661;271
7282;44 jaar;Ongehuwd;2047;56450;26213;30237;22363;7604;270
7283;44 jaar;Ongehuwd;2048;56247;26145;30102;22255;7578;269
7284;44 jaar;Ongehuwd;2049;54730;25360;29370;21714;7396;260
7285;44 jaar;Ongehuwd;2050;53495;24707;28788;21325;7209;254
7286;44 jaar;Ongehuwd;2051;53049;24474;28575;21188;7136;251
7287;44 jaar;Ongehuwd;2052;52208;24042;28166;20856;7064;246
7288;44 jaar;Ongehuwd;2053;52988;24468;28520;21132;7136;252
7289;44 jaar;Ongehuwd;2054;52875;24439;28436;21035;7149;252
7290;44 jaar;Ongehuwd;2055;52598;24296;28302;20908;7144;250
7291;44 jaar;Ongehuwd;2056;51759;23840;27919;20675;6999;245
7292;44 jaar;Ongehuwd;2057;51065;23452;27613;20459;6913;241
7293;44 jaar;Ongehuwd;2058;51141;23467;27674;20504;6929;241
7294;44 jaar;Ongehuwd;2059;51317;23544;27773;20574;6957;242
7295;44 jaar;Ongehuwd;2060;51669;23709;27960;20707;7010;243
7296;44 jaar;Wettig gehuwd plus partnerschap;2013;76946;1552;75394;73959;1415;20
7297;44 jaar;Wettig gehuwd plus partnerschap;2014;78074;1546;76528;75045;1461;22
7298;44 jaar;Wettig gehuwd plus partnerschap;2015;74208;1450;72758;71341;1395;22
7299;44 jaar;Wettig gehuwd plus partnerschap;2016;69614;1311;68303;67026;1257;20
7300;44 jaar;Wettig gehuwd plus partnerschap;2017;64345;1199;63146;61966;1162;18
7301;44 jaar;Wettig gehuwd plus partnerschap;2018;58617;1074;57543;56479;1048;16
7302;44 jaar;Wettig gehuwd plus partnerschap;2019;55756;1010;54746;53740;992;14
7303;44 jaar;Wettig gehuwd plus partnerschap;2020;52558;949;51609;50658;938;13
7304;44 jaar;Wettig gehuwd plus partnerschap;2021;51535;933;50602;49674;915;13
7305;44 jaar;Wettig gehuwd plus partnerschap;2022;50614;921;49693;48782;898;13
7306;44 jaar;Wettig gehuwd plus partnerschap;2023;51074;932;50142;49232;897;13
7307;44 jaar;Wettig gehuwd plus partnerschap;2024;51009;934;50075;49171;891;13
7308;44 jaar;Wettig gehuwd plus partnerschap;2025;52307;968;51339;50418;908;13
7309;44 jaar;Wettig gehuwd plus partnerschap;2026;51181;939;50242;49334;895;13
7310;44 jaar;Wettig gehuwd plus partnerschap;2027;50045;902;49143;48265;866;12
7311;44 jaar;Wettig gehuwd plus partnerschap;2028;49843;890;48953;48083;858;12
7312;44 jaar;Wettig gehuwd plus partnerschap;2029;51194;921;50273;49387;873;13
7313;44 jaar;Wettig gehuwd plus partnerschap;2030;51791;929;50862;49962;887;13
7314;44 jaar;Wettig gehuwd plus partnerschap;2031;52886;949;51937;51019;905;13
7315;44 jaar;Wettig gehuwd plus partnerschap;2032;53782;961;52821;51900;908;13
7316;44 jaar;Wettig gehuwd plus partnerschap;2033;53847;952;52895;51967;915;13
7317;44 jaar;Wettig gehuwd plus partnerschap;2034;54530;967;53563;52622;928;13
7318;44 jaar;Wettig gehuwd plus partnerschap;2035;56631;1026;55605;54636;955;14
7319;44 jaar;Wettig gehuwd plus partnerschap;2036;56722;1028;55694;54723;957;14
7320;44 jaar;Wettig gehuwd plus partnerschap;2037;56520;1019;55501;54535;952;14
7321;44 jaar;Wettig gehuwd plus partnerschap;2038;56202;1009;55193;54226;953;14
7322;44 jaar;Wettig gehuwd plus partnerschap;2039;56444;1015;55429;54458;957;14
7323;44 jaar;Wettig gehuwd plus partnerschap;2040;55416;981;54435;53478;944;13
7324;44 jaar;Wettig gehuwd plus partnerschap;2041;55609;983;54626;53672;940;14
7325;44 jaar;Wettig gehuwd plus partnerschap;2042;55657;985;54672;53706;952;14
7326;44 jaar;Wettig gehuwd plus partnerschap;2043;57151;1030;56121;55133;974;14
7327;44 jaar;Wettig gehuwd plus partnerschap;2044;57555;1045;56510;55517;979;14
7328;44 jaar;Wettig gehuwd plus partnerschap;2045;58339;1077;57262;56249;998;15
7329;44 jaar;Wettig gehuwd plus partnerschap;2046;57741;1064;56677;55675;987;15
7330;44 jaar;Wettig gehuwd plus partnerschap;2047;57396;1061;56335;55339;981;15
7331;44 jaar;Wettig gehuwd plus partnerschap;2048;57179;1062;56117;55125;977;15
7332;44 jaar;Wettig gehuwd plus partnerschap;2049;55661;1021;54640;53669;957;14
7333;44 jaar;Wettig gehuwd plus partnerschap;2050;54562;991;53571;52621;937;13
7334;44 jaar;Wettig gehuwd plus partnerschap;2051;54224;984;53240;52298;929;13
7335;44 jaar;Wettig gehuwd plus partnerschap;2052;53346;961;52385;51452;920;13
7336;44 jaar;Wettig gehuwd plus partnerschap;2053;54270;989;53281;52339;929;13
7337;44 jaar;Wettig gehuwd plus partnerschap;2054;54142;989;53153;52210;930;13
7338;44 jaar;Wettig gehuwd plus partnerschap;2055;53869;983;52886;51944;929;13
7339;44 jaar;Wettig gehuwd plus partnerschap;2056;53224;961;52263;51336;914;13
7340;44 jaar;Wettig gehuwd plus partnerschap;2057;52610;941;51669;50751;905;13
7341;44 jaar;Wettig gehuwd plus partnerschap;2058;52759;943;51816;50896;907;13
7342;44 jaar;Wettig gehuwd plus partnerschap;2059;53004;948;52056;51132;911;13
7343;44 jaar;Wettig gehuwd plus partnerschap;2060;53419;957;52462;51532;917;13
7344;44 jaar;Verweduwd;2013;1208;248;960;69;891;0
7345;44 jaar;Verweduwd;2014;1266;263;1003;84;919;0
7346;44 jaar;Verweduwd;2015;1107;210;897;72;825;0
7347;44 jaar;Verweduwd;2016;1012;202;810;66;744;0
7348;44 jaar;Verweduwd;2017;937;187;750;64;686;0
7349;44 jaar;Verweduwd;2018;822;164;658;53;605;0
7350;44 jaar;Verweduwd;2019;792;155;637;50;587;0
7351;44 jaar;Verweduwd;2020;736;142;594;44;550;0
7352;44 jaar;Verweduwd;2021;673;130;543;39;504;0
7353;44 jaar;Verweduwd;2022;626;122;504;39;465;0
7354;44 jaar;Verweduwd;2023;632;125;507;38;469;0
7355;44 jaar;Verweduwd;2024;601;122;479;35;444;0
7356;44 jaar;Verweduwd;2025;595;120;475;37;438;0
7357;44 jaar;Verweduwd;2026;578;117;461;36;425;0
7358;44 jaar;Verweduwd;2027;546;109;437;32;405;0
7359;44 jaar;Verweduwd;2028;533;106;427;31;396;0
7360;44 jaar;Verweduwd;2029;536;109;427;32;395;0
7361;44 jaar;Verweduwd;2030;537;109;428;32;396;0
7362;44 jaar;Verweduwd;2031;540;110;430;33;397;0
7363;44 jaar;Verweduwd;2032;532;109;423;33;390;0
7364;44 jaar;Verweduwd;2033;528;106;422;33;389;0
7365;44 jaar;Verweduwd;2034;530;107;423;33;390;0
7366;44 jaar;Verweduwd;2035;547;116;431;35;396;0
7367;44 jaar;Verweduwd;2036;538;114;424;33;391;0
7368;44 jaar;Verweduwd;2037;531;111;420;33;387;0
7369;44 jaar;Verweduwd;2038;524;109;415;32;383;0
7370;44 jaar;Verweduwd;2039;520;108;412;32;380;0
7371;44 jaar;Verweduwd;2040;503;102;401;30;371;0
7372;44 jaar;Verweduwd;2041;498;101;397;30;367;0
7373;44 jaar;Verweduwd;2042;496;100;396;29;367;0
7374;44 jaar;Verweduwd;2043;504;105;399;29;370;0
7375;44 jaar;Verweduwd;2044;503;106;397;29;368;0
7376;44 jaar;Verweduwd;2045;511;110;401;30;371;0
7377;44 jaar;Verweduwd;2046;499;106;393;30;363;0
7378;44 jaar;Verweduwd;2047;490;105;385;28;357;0
7379;44 jaar;Verweduwd;2048;484;104;380;28;352;0
7380;44 jaar;Verweduwd;2049;468;99;369;27;342;0
7381;44 jaar;Verweduwd;2050;450;94;356;25;331;0
7382;44 jaar;Verweduwd;2051;444;93;351;25;326;0
7383;44 jaar;Verweduwd;2052;433;89;344;24;320;0
7384;44 jaar;Verweduwd;2053;437;92;345;24;321;0
7385;44 jaar;Verweduwd;2054;433;91;342;24;318;0
7386;44 jaar;Verweduwd;2055;428;90;338;23;315;0
7387;44 jaar;Verweduwd;2056;416;87;329;22;307;0
7388;44 jaar;Verweduwd;2057;407;84;323;21;302;0
7389;44 jaar;Verweduwd;2058;404;83;321;21;300;0
7390;44 jaar;Verweduwd;2059;402;83;319;21;298;0
7391;44 jaar;Verweduwd;2060;402;83;319;21;298;0
7392;44 jaar;Gescheiden;2013;25673;8641;17032;4883;12089;60
7393;44 jaar;Gescheiden;2014;26390;8805;17585;4902;12623;60
7394;44 jaar;Gescheiden;2015;25510;8416;17094;4795;12240;59
7395;44 jaar;Gescheiden;2016;23811;7779;16032;4418;11561;53
7396;44 jaar;Gescheiden;2017;22236;7235;15001;4124;10829;48
7397;44 jaar;Gescheiden;2018;20049;6514;13535;3755;9737;43
7398;44 jaar;Gescheiden;2019;18761;6061;12700;3473;9188;39
7399;44 jaar;Gescheiden;2020;17467;5619;11848;3256;8556;36
7400;44 jaar;Gescheiden;2021;16869;5459;11410;3170;8205;35
7401;44 jaar;Gescheiden;2022;16650;5363;11287;3113;8140;34
7402;44 jaar;Gescheiden;2023;16511;5357;11154;3136;7985;33
7403;44 jaar;Gescheiden;2024;16235;5276;10959;3091;7835;33
7404;44 jaar;Gescheiden;2025;16588;5414;11174;3186;7954;34
7405;44 jaar;Gescheiden;2026;16152;5253;10899;3068;7798;33
7406;44 jaar;Gescheiden;2027;15534;5041;10493;2951;7511;31
7407;44 jaar;Gescheiden;2028;15339;4973;10366;2912;7423;31
7408;44 jaar;Gescheiden;2029;15723;5145;10578;3048;7498;32
7409;44 jaar;Gescheiden;2030;15849;5177;10672;3079;7560;33
7410;44 jaar;Gescheiden;2031;16149;5287;10862;3169;7660;33
7411;44 jaar;Gescheiden;2032;16306;5360;10946;3246;7666;34
7412;44 jaar;Gescheiden;2033;16306;5331;10975;3230;7711;34
7413;44 jaar;Gescheiden;2034;16570;5426;11144;3284;7825;35
7414;44 jaar;Gescheiden;2035;17406;5782;11624;3514;8073;37
7415;44 jaar;Gescheiden;2036;17460;5801;11659;3522;8099;38
7416;44 jaar;Gescheiden;2037;17368;5763;11605;3503;8065;37
7417;44 jaar;Gescheiden;2038;17302;5718;11584;3469;8078;37
7418;44 jaar;Gescheiden;2039;17408;5754;11654;3493;8124;37
7419;44 jaar;Gescheiden;2040;16942;5557;11385;3364;7986;35
7420;44 jaar;Gescheiden;2041;16919;5561;11358;3371;7951;36
7421;44 jaar;Gescheiden;2042;17012;5571;11441;3358;8047;36
7422;44 jaar;Gescheiden;2043;17618;5822;11796;3520;8238;38
7423;44 jaar;Gescheiden;2044;17783;5894;11889;3566;8285;38
7424;44 jaar;Gescheiden;2045;18231;6068;12163;3665;8459;39
7425;44 jaar;Gescheiden;2046;17991;5985;12006;3616;8352;38
7426;44 jaar;Gescheiden;2047;17889;5956;11933;3601;8294;38
7427;44 jaar;Gescheiden;2048;17867;5957;11910;3603;8269;38
7428;44 jaar;Gescheiden;2049;17286;5723;11563;3452;8074;37
7429;44 jaar;Gescheiden;2050;16805;5543;11262;3345;7882;35
7430;44 jaar;Gescheiden;2051;16660;5495;11165;3320;7810;35
7431;44 jaar;Gescheiden;2052;16351;5360;10991;3228;7729;34
7432;44 jaar;Gescheiden;2053;16720;5526;11194;3345;7814;35
7433;44 jaar;Gescheiden;2054;16726;5523;11203;3342;7826;35
7434;44 jaar;Gescheiden;2055;16666;5493;11173;3321;7817;35
7435;44 jaar;Gescheiden;2056;16332;5372;10960;3254;7672;34
7436;44 jaar;Gescheiden;2057;16059;5258;10801;3184;7584;33
7437;44 jaar;Gescheiden;2058;16103;5273;10830;3195;7602;33
7438;44 jaar;Gescheiden;2059;16181;5300;10881;3214;7634;33
7439;44 jaar;Gescheiden;2060;16329;5354;10975;3251;7690;34
7440;45 jaar;Totaal burgerlijke staat;2013;150168;34822;115346;95427;19596;323
7441;45 jaar;Totaal burgerlijke staat;2014;151277;35178;116099;95456;20316;327
7442;45 jaar;Totaal burgerlijke staat;2015;157994;37398;120596;98748;21503;345
7443;45 jaar;Totaal burgerlijke staat;2016;154009;37033;116976;95528;21103;345
7444;45 jaar;Totaal burgerlijke staat;2017;147436;35642;111794;91101;20361;332
7445;45 jaar;Totaal burgerlijke staat;2018;139998;34402;105596;85775;19502;319
7446;45 jaar;Totaal burgerlijke staat;2019;129482;32122;97360;79172;17888;300
7447;45 jaar;Totaal burgerlijke staat;2020;125001;31367;93634;76216;17128;290
7448;45 jaar;Totaal burgerlijke staat;2021;119885;30377;89508;72835;16394;279
7449;45 jaar;Totaal burgerlijke staat;2022;119102;30340;88762;72426;16057;279
7450;45 jaar;Totaal burgerlijke staat;2023;117552;29900;87652;71418;15959;275
7451;45 jaar;Totaal burgerlijke staat;2024;118848;30327;88521;72220;16023;278
7452;45 jaar;Totaal burgerlijke staat;2025;118468;30160;88308;72152;15880;276
7453;45 jaar;Totaal burgerlijke staat;2026;122080;31201;90879;74247;16348;284
7454;45 jaar;Totaal burgerlijke staat;2027;120087;30620;89467;73076;16112;279
7455;45 jaar;Totaal burgerlijke staat;2028;117291;29691;87600;71671;15658;271
7456;45 jaar;Totaal burgerlijke staat;2029;116675;29360;87315;71450;15597;268
7457;45 jaar;Totaal burgerlijke staat;2030;119475;29927;89548;73275;15998;275
7458;45 jaar;Totaal burgerlijke staat;2031;121082;30300;90782;74183;16322;277
7459;45 jaar;Totaal burgerlijke staat;2032;123933;30999;92934;75799;16851;284
7460;45 jaar;Totaal burgerlijke staat;2033;125310;31189;94121;76898;16937;286
7461;45 jaar;Totaal burgerlijke staat;2034;124824;30861;93963;76722;16958;283
7462;45 jaar;Totaal burgerlijke staat;2035;126003;31118;94885;77455;17144;286
7463;45 jaar;Totaal burgerlijke staat;2036;130732;32544;98188;80259;17629;300
7464;45 jaar;Totaal burgerlijke staat;2037;130823;32599;98224;80260;17664;300
7465;45 jaar;Totaal burgerlijke staat;2038;129969;32276;97693;79907;17489;297
7466;45 jaar;Totaal burgerlijke staat;2039;129201;32031;97170;79437;17438;295
7467;45 jaar;Totaal burgerlijke staat;2040;129740;32162;97578;79792;17490;296
7468;45 jaar;Totaal burgerlijke staat;2041;127245;31389;95856;78403;17165;288
7469;45 jaar;Totaal burgerlijke staat;2042;127518;31420;96098;78737;17073;288
7470;45 jaar;Totaal burgerlijke staat;2043;128018;31618;96400;78819;17291;290
7471;45 jaar;Totaal burgerlijke staat;2044;131693;32757;98936;80936;17699;301
7472;45 jaar;Totaal burgerlijke staat;2045;132750;33144;99606;81501;17801;304
7473;45 jaar;Totaal burgerlijke staat;2046;134998;33931;101067;82579;18178;310
7474;45 jaar;Totaal burgerlijke staat;2047;133553;33563;99990;81741;17941;308
7475;45 jaar;Totaal burgerlijke staat;2048;132750;33383;99367;81252;17809;306
7476;45 jaar;Totaal burgerlijke staat;2049;132302;33315;98987;80934;17747;306
7477;45 jaar;Totaal burgerlijke staat;2050;128670;32253;96417;78795;17326;296
7478;45 jaar;Totaal burgerlijke staat;2051;125834;31387;94447;77257;16902;288
7479;45 jaar;Totaal burgerlijke staat;2052;124897;31098;93799;76775;16739;285
7480;45 jaar;Totaal burgerlijke staat;2053;122859;30509;92350;75508;16563;279
7481;45 jaar;Totaal burgerlijke staat;2054;124936;31130;93806;76784;16737;285
7482;45 jaar;Totaal burgerlijke staat;2055;124700;31099;93601;76556;16760;285
7483;45 jaar;Totaal burgerlijke staat;2056;124087;30922;93165;76141;16741;283
7484;45 jaar;Totaal burgerlijke staat;2057;122254;30318;91936;75236;16422;278
7485;45 jaar;Totaal burgerlijke staat;2058;120658;29795;90863;74366;16225;272
7486;45 jaar;Totaal burgerlijke staat;2059;120928;29829;91099;74567;16259;273
7487;45 jaar;Totaal burgerlijke staat;2060;121424;29937;91487;74889;16324;274
7488;45 jaar;Ongehuwd;2013;43933;23546;20387;15410;4734;243
7489;45 jaar;Ongehuwd;2014;46499;24242;22257;16793;5215;249
7490;45 jaar;Ongehuwd;2015;51305;26317;24988;18849;5873;266
7491;45 jaar;Ongehuwd;2016;52245;26529;25716;19335;6111;270
7492;45 jaar;Ongehuwd;2017;52019;25931;26088;19543;6280;265
7493;45 jaar;Ongehuwd;2018;51463;25379;26084;19503;6324;257
7494;45 jaar;Ongehuwd;2019;48992;23993;24999;18733;6021;245
7495;45 jaar;Ongehuwd;2020;48683;23769;24914;18767;5907;240
7496;45 jaar;Ongehuwd;2021;48115;23308;24807;18663;5912;232
7497;45 jaar;Ongehuwd;2022;48977;23462;25515;19290;5991;234
7498;45 jaar;Ongehuwd;2023;48604;23141;25463;19208;6024;231
7499;45 jaar;Ongehuwd;2024;49530;23555;25975;19510;6231;234
7500;45 jaar;Ongehuwd;2025;49494;23467;26027;19528;6267;232
7501;45 jaar;Ongehuwd;2026;51411;24324;27087;20253;6595;239
7502;45 jaar;Ongehuwd;2027;51012;23941;27071;20289;6546;236
7503;45 jaar;Ongehuwd;2028;50024;23278;26746;20075;6442;229
7504;45 jaar;Ongehuwd;2029;49824;23034;26790;20075;6489;226
7505;45 jaar;Ongehuwd;2030;50866;23390;27476;20458;6786;232
7506;45 jaar;Ongehuwd;2031;51741;23727;28014;20758;7021;235
7507;45 jaar;Ongehuwd;2032;53169;24293;28876;21222;7413;241
7508;45 jaar;Ongehuwd;2033;53499;24399;29100;21361;7498;241
7509;45 jaar;Ongehuwd;2034;52959;24111;28848;21144;7466;238
7510;45 jaar;Ongehuwd;2035;53182;24251;28931;21173;7517;241
7511;45 jaar;Ongehuwd;2036;54931;25242;29689;21732;7706;251
7512;45 jaar;Ongehuwd;2037;54885;25278;29607;21641;7715;251
7513;45 jaar;Ongehuwd;2038;54345;25011;29334;21499;7586;249
7514;45 jaar;Ongehuwd;2039;53969;24827;29142;21370;7525;247
7515;45 jaar;Ongehuwd;2040;54152;24916;29236;21464;7524;248
7516;45 jaar;Ongehuwd;2041;53184;24387;28797;21185;7370;242
7517;45 jaar;Ongehuwd;2042;53295;24414;28881;21315;7324;242
7518;45 jaar;Ongehuwd;2043;53643;24597;29046;21373;7429;244
7519;45 jaar;Ongehuwd;2044;55178;25424;29754;21892;7610;252
7520;45 jaar;Ongehuwd;2045;55655;25721;29934;22024;7656;254
7521;45 jaar;Ongehuwd;2046;56646;26290;30356;22267;7829;260
7522;45 jaar;Ongehuwd;2047;56059;26024;30035;22052;7725;258
7523;45 jaar;Ongehuwd;2048;55719;25880;29839;21915;7668;256
7524;45 jaar;Ongehuwd;2049;55519;25812;29707;21810;7641;256
7525;45 jaar;Ongehuwd;2050;54028;25040;28988;21283;7457;248
7526;45 jaar;Ongehuwd;2051;52815;24398;28417;20906;7269;242
7527;45 jaar;Ongehuwd;2052;52377;24169;28208;20773;7196;239
7528;45 jaar;Ongehuwd;2053;51552;23746;27806;20448;7123;235
7529;45 jaar;Ongehuwd;2054;52319;24165;28154;20718;7197;239
7530;45 jaar;Ongehuwd;2055;52210;24137;28073;20625;7209;239
7531;45 jaar;Ongehuwd;2056;51939;23998;27941;20501;7203;237
7532;45 jaar;Ongehuwd;2057;51116;23549;27567;20275;7059;233
7533;45 jaar;Ongehuwd;2058;50432;23168;27264;20064;6971;229
7534;45 jaar;Ongehuwd;2059;50509;23184;27325;20107;6988;230
7535;45 jaar;Ongehuwd;2060;50685;23261;27424;20176;7017;231
7536;45 jaar;Wettig gehuwd plus partnerschap;2013;77882;1589;76293;74886;1387;20
7537;45 jaar;Wettig gehuwd plus partnerschap;2014;76482;1503;74979;73583;1377;19
7538;45 jaar;Wettig gehuwd plus partnerschap;2015;77640;1487;76153;74742;1391;20
7539;45 jaar;Wettig gehuwd plus partnerschap;2016;73850;1385;72465;71134;1313;18
7540;45 jaar;Wettig gehuwd plus partnerschap;2017;69385;1270;68115;66895;1204;16
7541;45 jaar;Wettig gehuwd plus partnerschap;2018;64231;1170;63061;61925;1121;15
7542;45 jaar;Wettig gehuwd plus partnerschap;2019;58582;1057;57525;56492;1020;13
7543;45 jaar;Wettig gehuwd plus partnerschap;2020;55772;1000;54772;53792;968;12
7544;45 jaar;Wettig gehuwd plus partnerschap;2021;52620;943;51677;50748;917;12
7545;45 jaar;Wettig gehuwd plus partnerschap;2022;51641;930;50711;49804;896;11
7546;45 jaar;Wettig gehuwd plus partnerschap;2023;50749;917;49832;48939;882;11
7547;45 jaar;Wettig gehuwd plus partnerschap;2024;51237;929;50308;49415;882;11
7548;45 jaar;Wettig gehuwd plus partnerschap;2025;51194;932;50262;49374;877;11
7549;45 jaar;Wettig gehuwd plus partnerschap;2026;52515;966;51549;50644;893;12
7550;45 jaar;Wettig gehuwd plus partnerschap;2027;51390;938;50452;49560;881;11
7551;45 jaar;Wettig gehuwd plus partnerschap;2028;50260;902;49358;48494;853;11
7552;45 jaar;Wettig gehuwd plus partnerschap;2029;50062;890;49172;48315;846;11
7553;45 jaar;Wettig gehuwd plus partnerschap;2030;51409;920;50489;49616;862;11
7554;45 jaar;Wettig gehuwd plus partnerschap;2031;52004;926;51078;50191;876;11
7555;45 jaar;Wettig gehuwd plus partnerschap;2032;53097;945;52152;51247;894;11
7556;45 jaar;Wettig gehuwd plus partnerschap;2033;53991;956;53035;52127;896;12
7557;45 jaar;Wettig gehuwd plus partnerschap;2034;54050;949;53101;52187;902;12
7558;45 jaar;Wettig gehuwd plus partnerschap;2035;54725;963;53762;52835;915;12
7559;45 jaar;Wettig gehuwd plus partnerschap;2036;56818;1021;55797;54843;941;13
7560;45 jaar;Wettig gehuwd plus partnerschap;2037;56906;1023;55883;54927;943;13
7561;45 jaar;Wettig gehuwd plus partnerschap;2038;56701;1012;55689;54739;938;12
7562;45 jaar;Wettig gehuwd plus partnerschap;2039;56387;1003;55384;54433;939;12
7563;45 jaar;Wettig gehuwd plus partnerschap;2040;56635;1009;55626;54669;945;12
7564;45 jaar;Wettig gehuwd plus partnerschap;2041;55615;977;54638;53695;931;12
7565;45 jaar;Wettig gehuwd plus partnerschap;2042;55811;979;54832;53892;928;12
7566;45 jaar;Wettig gehuwd plus partnerschap;2043;55863;981;54882;53930;940;12
7567;45 jaar;Wettig gehuwd plus partnerschap;2044;57358;1026;56332;55359;960;13
7568;45 jaar;Wettig gehuwd plus partnerschap;2045;57764;1040;56724;55745;966;13
7569;45 jaar;Wettig gehuwd plus partnerschap;2046;58548;1072;57476;56478;985;13
7570;45 jaar;Wettig gehuwd plus partnerschap;2047;57952;1059;56893;55906;974;13
7571;45 jaar;Wettig gehuwd plus partnerschap;2048;57606;1055;56551;55570;968;13
7572;45 jaar;Wettig gehuwd plus partnerschap;2049;57389;1056;56333;55355;965;13
7573;45 jaar;Wettig gehuwd plus partnerschap;2050;55874;1017;54857;53900;945;12
7574;45 jaar;Wettig gehuwd plus partnerschap;2051;54774;987;53787;52851;924;12
7575;45 jaar;Wettig gehuwd plus partnerschap;2052;54437;980;53457;52529;916;12
7576;45 jaar;Wettig gehuwd plus partnerschap;2053;53556;957;52599;51681;907;11
7577;45 jaar;Wettig gehuwd plus partnerschap;2054;54479;984;53495;52567;916;12
7578;45 jaar;Wettig gehuwd plus partnerschap;2055;54350;984;53366;52436;918;12
7579;45 jaar;Wettig gehuwd plus partnerschap;2056;54074;978;53096;52167;917;12
7580;45 jaar;Wettig gehuwd plus partnerschap;2057;53429;957;52472;51558;902;12
7581;45 jaar;Wettig gehuwd plus partnerschap;2058;52814;937;51877;50973;893;11
7582;45 jaar;Wettig gehuwd plus partnerschap;2059;52963;939;52024;51119;894;11
7583;45 jaar;Wettig gehuwd plus partnerschap;2060;53206;944;52262;51353;898;11
7584;45 jaar;Verweduwd;2013;1451;317;1134;79;1054;1
7585;45 jaar;Verweduwd;2014;1343;283;1060;78;981;1
7586;45 jaar;Verweduwd;2015;1395;296;1099;91;1007;1
7587;45 jaar;Verweduwd;2016;1233;245;988;80;907;1
7588;45 jaar;Verweduwd;2017;1128;234;894;72;822;0
7589;45 jaar;Verweduwd;2018;1043;216;827;69;758;0
7590;45 jaar;Verweduwd;2019;918;190;728;58;670;0
7591;45 jaar;Verweduwd;2020;882;180;702;55;647;0
7592;45 jaar;Verweduwd;2021;821;166;655;48;607;0
7593;45 jaar;Verweduwd;2022;758;153;605;44;561;0
7594;45 jaar;Verweduwd;2023;706;145;561;42;519;0
7595;45 jaar;Verweduwd;2024;713;148;565;42;523;0
7596;45 jaar;Verweduwd;2025;681;143;538;40;498;0
7597;45 jaar;Verweduwd;2026;675;143;532;40;492;0
7598;45 jaar;Verweduwd;2027;656;139;517;39;478;0
7599;45 jaar;Verweduwd;2028;622;130;492;36;456;0
7600;45 jaar;Verweduwd;2029;607;126;481;35;446;0
7601;45 jaar;Verweduwd;2030;612;130;482;36;446;0
7602;45 jaar;Verweduwd;2031;611;129;482;36;446;0
7603;45 jaar;Verweduwd;2032;616;130;486;37;449;0
7604;45 jaar;Verweduwd;2033;605;128;477;37;440;0
7605;45 jaar;Verweduwd;2034;601;126;475;36;439;0
7606;45 jaar;Verweduwd;2035;603;127;476;36;440;0
7607;45 jaar;Verweduwd;2036;620;135;485;38;447;0
7608;45 jaar;Verweduwd;2037;615;134;481;38;443;0
7609;45 jaar;Verweduwd;2038;604;132;472;36;436;0
7610;45 jaar;Verweduwd;2039;597;128;469;36;433;0
7611;45 jaar;Verweduwd;2040;594;128;466;36;430;0
7612;45 jaar;Verweduwd;2041;574;121;453;33;420;0
7613;45 jaar;Verweduwd;2042;565;119;446;33;413;0
7614;45 jaar;Verweduwd;2043;565;119;446;32;414;0
7615;45 jaar;Verweduwd;2044;576;124;452;34;418;0
7616;45 jaar;Verweduwd;2045;575;125;450;34;416;0
7617;45 jaar;Verweduwd;2046;581;129;452;34;418;0
7618;45 jaar;Verweduwd;2047;568;126;442;33;409;0
7619;45 jaar;Verweduwd;2048;559;124;435;33;402;0
7620;45 jaar;Verweduwd;2049;551;123;428;32;396;0
7621;45 jaar;Verweduwd;2050;532;117;415;30;385;0
7622;45 jaar;Verweduwd;2051;512;111;401;28;373;0
7623;45 jaar;Verweduwd;2052;504;109;395;28;367;0
7624;45 jaar;Verweduwd;2053;492;105;387;27;360;0
7625;45 jaar;Verweduwd;2054;495;108;387;27;360;0
7626;45 jaar;Verweduwd;2055;492;108;384;27;357;0
7627;45 jaar;Verweduwd;2056;488;107;381;26;355;0
7628;45 jaar;Verweduwd;2057;473;102;371;25;346;0
7629;45 jaar;Verweduwd;2058;461;98;363;24;339;0
7630;45 jaar;Verweduwd;2059;459;98;361;24;337;0
7631;45 jaar;Verweduwd;2060;456;97;359;24;335;0
7632;45 jaar;Gescheiden;2013;26902;9370;17532;5052;12421;59
7633;45 jaar;Gescheiden;2014;26953;9150;17803;5002;12743;58
7634;45 jaar;Gescheiden;2015;27654;9298;18356;5066;13232;58
7635;45 jaar;Gescheiden;2016;26681;8874;17807;4979;12772;56
7636;45 jaar;Gescheiden;2017;24904;8207;16697;4591;12055;51
7637;45 jaar;Gescheiden;2018;23261;7637;15624;4278;11299;47
7638;45 jaar;Gescheiden;2019;20990;6882;14108;3889;10177;42
7639;45 jaar;Gescheiden;2020;19664;6418;13246;3602;9606;38
7640;45 jaar;Gescheiden;2021;18329;5960;12369;3376;8958;35
7641;45 jaar;Gescheiden;2022;17726;5795;11931;3288;8609;34
7642;45 jaar;Gescheiden;2023;17493;5697;11796;3229;8534;33
7643;45 jaar;Gescheiden;2024;17368;5695;11673;3253;8387;33
7644;45 jaar;Gescheiden;2025;17099;5618;11481;3210;8238;33
7645;45 jaar;Gescheiden;2026;17479;5768;11711;3310;8368;33
7646;45 jaar;Gescheiden;2027;17029;5602;11427;3188;8207;32
7647;45 jaar;Gescheiden;2028;16385;5381;11004;3066;7907;31
7648;45 jaar;Gescheiden;2029;16182;5310;10872;3025;7816;31
7649;45 jaar;Gescheiden;2030;16588;5487;11101;3165;7904;32
7650;45 jaar;Gescheiden;2031;16726;5518;11208;3198;7979;31
7651;45 jaar;Gescheiden;2032;17051;5631;11420;3293;8095;32
7652;45 jaar;Gescheiden;2033;17215;5706;11509;3373;8103;33
7653;45 jaar;Gescheiden;2034;17214;5675;11539;3355;8151;33
7654;45 jaar;Gescheiden;2035;17493;5777;11716;3411;8272;33
7655;45 jaar;Gescheiden;2036;18363;6146;12217;3646;8535;36
7656;45 jaar;Gescheiden;2037;18417;6164;12253;3654;8563;36
7657;45 jaar;Gescheiden;2038;18319;6121;12198;3633;8529;36
7658;45 jaar;Gescheiden;2039;18248;6073;12175;3598;8541;36
7659;45 jaar;Gescheiden;2040;18359;6109;12250;3623;8591;36
7660;45 jaar;Gescheiden;2041;17872;5904;11968;3490;8444;34
7661;45 jaar;Gescheiden;2042;17847;5908;11939;3497;8408;34
7662;45 jaar;Gescheiden;2043;17947;5921;12026;3484;8508;34
7663;45 jaar;Gescheiden;2044;18581;6183;12398;3651;8711;36
7664;45 jaar;Gescheiden;2045;18756;6258;12498;3698;8763;37
7665;45 jaar;Gescheiden;2046;19223;6440;12783;3800;8946;37
7666;45 jaar;Gescheiden;2047;18974;6354;12620;3750;8833;37
7667;45 jaar;Gescheiden;2048;18866;6324;12542;3734;8771;37
7668;45 jaar;Gescheiden;2049;18843;6324;12519;3737;8745;37
7669;45 jaar;Gescheiden;2050;18236;6079;12157;3582;8539;36
7670;45 jaar;Gescheiden;2051;17733;5891;11842;3472;8336;34
7671;45 jaar;Gescheiden;2052;17579;5840;11739;3445;8260;34
7672;45 jaar;Gescheiden;2053;17259;5701;11558;3352;8173;33
7673;45 jaar;Gescheiden;2054;17643;5873;11770;3472;8264;34
7674;45 jaar;Gescheiden;2055;17648;5870;11778;3468;8276;34
7675;45 jaar;Gescheiden;2056;17586;5839;11747;3447;8266;34
7676;45 jaar;Gescheiden;2057;17236;5710;11526;3378;8115;33
7677;45 jaar;Gescheiden;2058;16951;5592;11359;3305;8022;32
7678;45 jaar;Gescheiden;2059;16997;5608;11389;3317;8040;32
7679;45 jaar;Gescheiden;2060;17077;5635;11442;3336;8074;32
7680;46 jaar;Totaal burgerlijke staat;2013;151822;35374;116448;96137;19973;338
7681;46 jaar;Totaal burgerlijke staat;2014;150688;35346;115342;94657;20361;324
7682;46 jaar;Totaal burgerlijke staat;2015;151676;35635;116041;94781;20933;327
7683;46 jaar;Totaal burgerlijke staat;2016;158294;37772;120522;98153;22024;345
7684;46 jaar;Totaal burgerlijke staat;2017;154331;37355;116976;94995;21638;343
7685;46 jaar;Totaal burgerlijke staat;2018;147812;35963;111849;90636;20883;330
7686;46 jaar;Totaal burgerlijke staat;2019;140374;34691;105683;85361;20005;317
7687;46 jaar;Totaal burgerlijke staat;2020;129861;32384;97477;78816;18363;298
7688;46 jaar;Totaal burgerlijke staat;2021;125366;31604;93762;75890;17585;287
7689;46 jaar;Totaal burgerlijke staat;2022;120240;30592;89648;72541;16831;276
7690;46 jaar;Totaal burgerlijke staat;2023;119460;30539;88921;72137;16509;275
7691;46 jaar;Totaal burgerlijke staat;2024;117894;30100;87794;71129;16393;272
7692;46 jaar;Totaal burgerlijke staat;2025;119185;30520;88665;71921;16471;273
7693;46 jaar;Totaal burgerlijke staat;2026;118794;30350;88444;71848;16325;271
7694;46 jaar;Totaal burgerlijke staat;2027;122388;31389;90999;73917;16802;280
7695;46 jaar;Totaal burgerlijke staat;2028;120396;30814;89582;72748;16558;276
7696;46 jaar;Totaal burgerlijke staat;2029;117589;29885;87704;71348;16088;268
7697;46 jaar;Totaal burgerlijke staat;2030;116968;29559;87409;71124;16020;265
7698;46 jaar;Totaal burgerlijke staat;2031;119767;30124;89643;72929;16444;270
7699;46 jaar;Totaal burgerlijke staat;2032;121382;30488;90894;73832;16789;273
7700;46 jaar;Totaal burgerlijke staat;2033;124241;31189;93052;75436;17336;280
7701;46 jaar;Totaal burgerlijke staat;2034;125619;31379;94240;76529;17428;283
7702;46 jaar;Totaal burgerlijke staat;2035;125131;31050;94081;76354;17447;280
7703;46 jaar;Totaal burgerlijke staat;2036;126314;31309;95005;77082;17641;282
7704;46 jaar;Totaal burgerlijke staat;2037;131039;32736;98303;79867;18140;296
7705;46 jaar;Totaal burgerlijke staat;2038;131136;32787;98349;79871;18182;296
7706;46 jaar;Totaal burgerlijke staat;2039;130281;32460;97821;79522;18006;293
7707;46 jaar;Totaal burgerlijke staat;2040;129521;32213;97308;79061;17956;291
7708;46 jaar;Totaal burgerlijke staat;2041;130058;32340;97718;79418;18008;292
7709;46 jaar;Totaal burgerlijke staat;2042;127568;31566;96002;78041;17677;284
7710;46 jaar;Totaal burgerlijke staat;2043;127839;31598;96241;78374;17582;285
7711;46 jaar;Totaal burgerlijke staat;2044;128343;31796;96547;78457;17804;286
7712;46 jaar;Totaal burgerlijke staat;2045;132015;32936;99079;80558;18225;296
7713;46 jaar;Totaal burgerlijke staat;2046;133073;33323;99750;81120;18330;300
7714;46 jaar;Totaal burgerlijke staat;2047;135324;34108;101216;82192;18717;307
7715;46 jaar;Totaal burgerlijke staat;2048;133880;33742;100138;81361;18473;304
7716;46 jaar;Totaal burgerlijke staat;2049;133078;33563;99515;80879;18334;302
7717;46 jaar;Totaal burgerlijke staat;2050;132633;33495;99138;80566;18271;301
7718;46 jaar;Totaal burgerlijke staat;2051;129005;32433;96572;78443;17837;292
7719;46 jaar;Totaal burgerlijke staat;2052;126172;31569;94603;76917;17402;284
7720;46 jaar;Totaal burgerlijke staat;2053;125230;31276;93954;76439;17234;281
7721;46 jaar;Totaal burgerlijke staat;2054;123197;30688;92509;75181;17053;275
7722;46 jaar;Totaal burgerlijke staat;2055;125273;31311;93962;76448;17233;281
7723;46 jaar;Totaal burgerlijke staat;2056;125035;31280;93755;76220;17254;281
7724;46 jaar;Totaal burgerlijke staat;2057;124423;31101;93322;75808;17235;279
7725;46 jaar;Totaal burgerlijke staat;2058;122586;30497;92089;74909;16906;274
7726;46 jaar;Totaal burgerlijke staat;2059;120992;29976;91016;74045;16702;269
7727;46 jaar;Totaal burgerlijke staat;2060;121263;30009;91254;74245;16739;270
7728;46 jaar;Ongehuwd;2013;41675;23081;18594;13994;4349;251
7729;46 jaar;Ongehuwd;2014;43625;23560;20065;15021;4794;250
7730;46 jaar;Ongehuwd;2015;46107;24201;21906;16393;5258;255
7731;46 jaar;Ongehuwd;2016;50829;26208;24621;18445;5903;273
7732;46 jaar;Ongehuwd;2017;51771;26388;25383;18959;6150;274
7733;46 jaar;Ongehuwd;2018;51545;25806;25739;19153;6318;268
7734;46 jaar;Ongehuwd;2019;50968;25243;25725;19105;6361;259
7735;46 jaar;Ongehuwd;2020;48506;23860;24646;18344;6056;246
7736;46 jaar;Ongehuwd;2021;48174;23624;24550;18370;5940;240
7737;46 jaar;Ongehuwd;2022;47586;23154;24432;18260;5940;232
7738;46 jaar;Ongehuwd;2023;48423;23304;25119;18859;6026;234
7739;46 jaar;Ongehuwd;2024;48029;22985;25044;18760;6053;231
7740;46 jaar;Ongehuwd;2025;48922;23390;25532;19035;6264;233
7741;46 jaar;Ongehuwd;2026;48856;23296;25560;19033;6296;231
7742;46 jaar;Ongehuwd;2027;50717;24139;26578;19716;6623;239
7743;46 jaar;Ongehuwd;2028;50332;23769;26563;19754;6573;236
7744;46 jaar;Ongehuwd;2029;49361;23118;26243;19544;6469;230
7745;46 jaar;Ongehuwd;2030;49159;22880;26279;19538;6514;227
7746;46 jaar;Ongehuwd;2031;50186;23233;26953;19906;6815;232
7747;46 jaar;Ongehuwd;2032;51052;23565;27487;20197;7055;235
7748;46 jaar;Ongehuwd;2033;52472;24128;28344;20651;7453;240
7749;46 jaar;Ongehuwd;2034;52798;24232;28566;20784;7540;242
7750;46 jaar;Ongehuwd;2035;52262;23944;28318;20573;7506;239
7751;46 jaar;Ongehuwd;2036;52482;24082;28400;20601;7558;241
7752;46 jaar;Ongehuwd;2037;54203;25059;29144;21146;7747;251
7753;46 jaar;Ongehuwd;2038;54166;25095;29071;21060;7760;251
7754;46 jaar;Ongehuwd;2039;53632;24828;28804;20922;7632;250
7755;46 jaar;Ongehuwd;2040;53264;24643;28621;20801;7572;248
7756;46 jaar;Ongehuwd;2041;53444;24729;28715;20894;7572;249
7757;46 jaar;Ongehuwd;2042;52493;24208;28285;20624;7419;242
7758;46 jaar;Ongehuwd;2043;52599;24234;28365;20749;7373;243
7759;46 jaar;Ongehuwd;2044;52944;24415;28529;20807;7478;244
7760;46 jaar;Ongehuwd;2045;54451;25232;29219;21308;7660;251
7761;46 jaar;Ongehuwd;2046;54921;25526;29395;21433;7707;255
7762;46 jaar;Ongehuwd;2047;55897;26087;29810;21669;7880;261
7763;46 jaar;Ongehuwd;2048;55319;25825;29494;21460;7776;258
7764;46 jaar;Ongehuwd;2049;54984;25683;29301;21328;7717;256
7765;46 jaar;Ongehuwd;2050;54791;25617;29174;21228;7690;256
7766;46 jaar;Ongehuwd;2051;53327;24855;28472;20717;7506;249
7767;46 jaar;Ongehuwd;2052;52133;24222;27911;20352;7317;242
7768;46 jaar;Ongehuwd;2053;51704;23996;27708;20224;7244;240
7769;46 jaar;Ongehuwd;2054;50893;23579;27314;19909;7170;235
7770;46 jaar;Ongehuwd;2055;51645;23993;27652;20170;7243;239
7771;46 jaar;Ongehuwd;2056;51543;23966;27577;20081;7257;239
7772;46 jaar;Ongehuwd;2057;51278;23829;27449;19960;7251;238
7773;46 jaar;Ongehuwd;2058;50466;23385;27081;19741;7106;234
7774;46 jaar;Ongehuwd;2059;49795;23009;26786;19539;7018;229
7775;46 jaar;Ongehuwd;2060;49870;23026;26844;19580;7034;230
7776;46 jaar;Wettig gehuwd plus partnerschap;2013;79987;1690;78297;76874;1405;18
7777;46 jaar;Wettig gehuwd plus partnerschap;2014;77367;1536;75831;74429;1386;16
7778;46 jaar;Wettig gehuwd plus partnerschap;2015;76015;1444;74571;73217;1339;15
7779;46 jaar;Wettig gehuwd plus partnerschap;2016;77202;1417;75785;74449;1321;15
7780;46 jaar;Wettig gehuwd plus partnerschap;2017;73503;1324;72179;70906;1258;15
7781;46 jaar;Wettig gehuwd plus partnerschap;2018;69155;1226;67929;66748;1168;13
7782;46 jaar;Wettig gehuwd plus partnerschap;2019;64092;1138;62954;61848;1094;12
7783;46 jaar;Wettig gehuwd plus partnerschap;2020;58517;1034;57483;56472;1000;11
7784;46 jaar;Wettig gehuwd plus partnerschap;2021;55754;982;54772;53809;953;10
7785;46 jaar;Wettig gehuwd plus partnerschap;2022;52649;929;51720;50805;905;10
7786;46 jaar;Wettig gehuwd plus partnerschap;2023;51700;915;50785;49891;885;9
7787;46 jaar;Wettig gehuwd plus partnerschap;2024;50828;903;49925;49044;872;9
7788;46 jaar;Wettig gehuwd plus partnerschap;2025;51332;914;50418;49536;873;9
7789;46 jaar;Wettig gehuwd plus partnerschap;2026;51299;917;50382;49506;867;9
7790;46 jaar;Wettig gehuwd plus partnerschap;2027;52632;950;51682;50789;884;9
7791;46 jaar;Wettig gehuwd plus partnerschap;2028;51513;924;50589;49708;872;9
7792;46 jaar;Wettig gehuwd plus partnerschap;2029;50383;888;49495;48643;844;8
7793;46 jaar;Wettig gehuwd plus partnerschap;2030;50190;877;49313;48468;837;8
7794;46 jaar;Wettig gehuwd plus partnerschap;2031;51530;904;50626;49764;854;8
7795;46 jaar;Wettig gehuwd plus partnerschap;2032;52128;909;51219;50341;870;8
7796;46 jaar;Wettig gehuwd plus partnerschap;2033;53219;928;52291;51395;887;9
7797;46 jaar;Wettig gehuwd plus partnerschap;2034;54110;939;53171;52273;889;9
7798;46 jaar;Wettig gehuwd plus partnerschap;2035;54164;932;53232;52328;895;9
7799;46 jaar;Wettig gehuwd plus partnerschap;2036;54835;946;53889;52972;908;9
7800;46 jaar;Wettig gehuwd plus partnerschap;2037;56918;1001;55917;54973;934;10
7801;46 jaar;Wettig gehuwd plus partnerschap;2038;57005;1003;56002;55056;936;10
7802;46 jaar;Wettig gehuwd plus partnerschap;2039;56802;994;55808;54867;932;9
7803;46 jaar;Wettig gehuwd plus partnerschap;2040;56491;985;55506;54564;933;9
7804;46 jaar;Wettig gehuwd plus partnerschap;2041;56740;990;55750;54803;938;9
7805;46 jaar;Wettig gehuwd plus partnerschap;2042;55726;959;54767;53833;925;9
7806;46 jaar;Wettig gehuwd plus partnerschap;2043;55926;962;54964;54034;921;9
7807;46 jaar;Wettig gehuwd plus partnerschap;2044;55981;965;55016;54074;933;9
7808;46 jaar;Wettig gehuwd plus partnerschap;2045;57475;1007;56468;55505;953;10
7809;46 jaar;Wettig gehuwd plus partnerschap;2046;57884;1021;56863;55894;959;10
7810;46 jaar;Wettig gehuwd plus partnerschap;2047;58665;1050;57615;56627;978;10
7811;46 jaar;Wettig gehuwd plus partnerschap;2048;58074;1040;57034;56057;967;10
7812;46 jaar;Wettig gehuwd plus partnerschap;2049;57728;1036;56692;55722;960;10
7813;46 jaar;Wettig gehuwd plus partnerschap;2050;57513;1036;56477;55509;958;10
7814;46 jaar;Wettig gehuwd plus partnerschap;2051;55996;998;54998;54052;937;9
7815;46 jaar;Wettig gehuwd plus partnerschap;2052;54900;970;53930;53004;917;9
7816;46 jaar;Wettig gehuwd plus partnerschap;2053;54560;961;53599;52681;909;9
7817;46 jaar;Wettig gehuwd plus partnerschap;2054;53683;940;52743;51833;901;9
7818;46 jaar;Wettig gehuwd plus partnerschap;2055;54602;966;53636;52717;910;9
7819;46 jaar;Wettig gehuwd plus partnerschap;2056;54469;965;53504;52584;911;9
7820;46 jaar;Wettig gehuwd plus partnerschap;2057;54193;959;53234;52315;910;9
7821;46 jaar;Wettig gehuwd plus partnerschap;2058;53547;939;52608;51705;894;9
7822;46 jaar;Wettig gehuwd plus partnerschap;2059;52933;920;52013;51118;886;9
7823;46 jaar;Wettig gehuwd plus partnerschap;2060;53084;922;52162;51265;888;9
7824;46 jaar;Verweduwd;2013;1684;390;1294;87;1206;1
7825;46 jaar;Verweduwd;2014;1607;360;1247;88;1158;1
7826;46 jaar;Verweduwd;2015;1492;324;1168;85;1082;1
7827;46 jaar;Verweduwd;2016;1541;337;1204;97;1106;1
7828;46 jaar;Verweduwd;2017;1376;286;1090;85;1004;1
7829;46 jaar;Verweduwd;2018;1259;270;989;77;911;1
7830;46 jaar;Verweduwd;2019;1165;250;915;72;842;1
7831;46 jaar;Verweduwd;2020;1029;220;809;62;746;1
7832;46 jaar;Verweduwd;2021;987;209;778;57;720;1
7833;46 jaar;Verweduwd;2022;917;193;724;51;673;0
7834;46 jaar;Verweduwd;2023;852;179;673;47;626;0
7835;46 jaar;Verweduwd;2024;798;170;628;45;583;0
7836;46 jaar;Verweduwd;2025;804;173;631;45;586;0
7837;46 jaar;Verweduwd;2026;773;169;604;43;561;0
7838;46 jaar;Verweduwd;2027;768;169;599;44;555;0
7839;46 jaar;Verweduwd;2028;745;163;582;42;540;0
7840;46 jaar;Verweduwd;2029;706;152;554;39;515;0
7841;46 jaar;Verweduwd;2030;690;148;542;38;504;0
7842;46 jaar;Verweduwd;2031;696;153;543;39;504;0
7843;46 jaar;Verweduwd;2032;695;151;544;39;505;0
7844;46 jaar;Verweduwd;2033;700;153;547;40;507;0
7845;46 jaar;Verweduwd;2034;690;151;539;40;499;0
7846;46 jaar;Verweduwd;2035;683;147;536;39;497;0
7847;46 jaar;Verweduwd;2036;687;149;538;39;499;0
7848;46 jaar;Verweduwd;2037;708;160;548;42;506;0
7849;46 jaar;Verweduwd;2038;701;158;543;41;502;0
7850;46 jaar;Verweduwd;2039;689;154;535;40;495;0
7851;46 jaar;Verweduwd;2040;681;151;530;39;491;0
7852;46 jaar;Verweduwd;2041;675;150;525;39;486;0
7853;46 jaar;Verweduwd;2042;653;142;511;36;475;0
7854;46 jaar;Verweduwd;2043;644;140;504;36;468;0
7855;46 jaar;Verweduwd;2044;642;139;503;34;469;0
7856;46 jaar;Verweduwd;2045;654;146;508;36;472;0
7857;46 jaar;Verweduwd;2046;651;146;505;36;469;0
7858;46 jaar;Verweduwd;2047;661;151;510;37;473;0
7859;46 jaar;Verweduwd;2048;646;147;499;36;463;0
7860;46 jaar;Verweduwd;2049;634;145;489;35;454;0
7861;46 jaar;Verweduwd;2050;626;144;482;34;448;0
7862;46 jaar;Verweduwd;2051;606;137;469;33;436;0
7863;46 jaar;Verweduwd;2052;583;130;453;31;422;0
7864;46 jaar;Verweduwd;2053;571;127;444;30;414;0
7865;46 jaar;Verweduwd;2054;559;123;436;29;407;0
7866;46 jaar;Verweduwd;2055;564;126;438;30;408;0
7867;46 jaar;Verweduwd;2056;557;126;431;28;403;0
7868;46 jaar;Verweduwd;2057;553;124;429;28;401;0
7869;46 jaar;Verweduwd;2058;537;119;418;27;391;0
7870;46 jaar;Verweduwd;2059;524;116;408;26;382;0
7871;46 jaar;Verweduwd;2060;520;114;406;25;381;0
7872;46 jaar;Gescheiden;2013;28476;10213;18263;5182;13013;68
7873;46 jaar;Gescheiden;2014;28089;9890;18199;5119;13023;57
7874;46 jaar;Gescheiden;2015;28062;9666;18396;5086;13254;56
7875;46 jaar;Gescheiden;2016;28722;9810;18912;5162;13694;56
7876;46 jaar;Gescheiden;2017;27681;9357;18324;5045;13226;53
7877;46 jaar;Gescheiden;2018;25853;8661;17192;4658;12486;48
7878;46 jaar;Gescheiden;2019;24149;8060;16089;4336;11708;45
7879;46 jaar;Gescheiden;2020;21809;7270;14539;3938;10561;40
7880;46 jaar;Gescheiden;2021;20451;6789;13662;3654;9972;36
7881;46 jaar;Gescheiden;2022;19088;6316;12772;3425;9313;34
7882;46 jaar;Gescheiden;2023;18485;6141;12344;3340;8972;32
7883;46 jaar;Gescheiden;2024;18239;6042;12197;3280;8885;32
7884;46 jaar;Gescheiden;2025;18127;6043;12084;3305;8748;31
7885;46 jaar;Gescheiden;2026;17866;5968;11898;3266;8601;31
7886;46 jaar;Gescheiden;2027;18271;6131;12140;3368;8740;32
7887;46 jaar;Gescheiden;2028;17806;5958;11848;3244;8573;31
7888;46 jaar;Gescheiden;2029;17139;5727;11412;3122;8260;30
7889;46 jaar;Gescheiden;2030;16929;5654;11275;3080;8165;30
7890;46 jaar;Gescheiden;2031;17355;5834;11521;3220;8271;30
7891;46 jaar;Gescheiden;2032;17507;5863;11644;3255;8359;30
7892;46 jaar;Gescheiden;2033;17850;5980;11870;3350;8489;31
7893;46 jaar;Gescheiden;2034;18021;6057;11964;3432;8500;32
7894;46 jaar;Gescheiden;2035;18022;6027;11995;3414;8549;32
7895;46 jaar;Gescheiden;2036;18310;6132;12178;3470;8676;32
7896;46 jaar;Gescheiden;2037;19210;6516;12694;3706;8953;35
7897;46 jaar;Gescheiden;2038;19264;6531;12733;3714;8984;35
7898;46 jaar;Gescheiden;2039;19158;6484;12674;3693;8947;34
7899;46 jaar;Gescheiden;2040;19085;6434;12651;3657;8960;34
7900;46 jaar;Gescheiden;2041;19199;6471;12728;3682;9012;34
7901;46 jaar;Gescheiden;2042;18696;6257;12439;3548;8858;33
7902;46 jaar;Gescheiden;2043;18670;6262;12408;3555;8820;33
7903;46 jaar;Gescheiden;2044;18776;6277;12499;3542;8924;33
7904;46 jaar;Gescheiden;2045;19435;6551;12884;3709;9140;35
7905;46 jaar;Gescheiden;2046;19617;6630;12987;3757;9195;35
7906;46 jaar;Gescheiden;2047;20101;6820;13281;3859;9386;36
7907;46 jaar;Gescheiden;2048;19841;6730;13111;3808;9267;36
7908;46 jaar;Gescheiden;2049;19732;6699;13033;3794;9203;36
7909;46 jaar;Gescheiden;2050;19703;6698;13005;3795;9175;35
7910;46 jaar;Gescheiden;2051;19076;6443;12633;3641;8958;34
7911;46 jaar;Gescheiden;2052;18556;6247;12309;3530;8746;33
7912;46 jaar;Gescheiden;2053;18395;6192;12203;3504;8667;32
7913;46 jaar;Gescheiden;2054;18062;6046;12016;3410;8575;31
7914;46 jaar;Gescheiden;2055;18462;6226;12236;3531;8672;33
7915;46 jaar;Gescheiden;2056;18466;6223;12243;3527;8683;33
7916;46 jaar;Gescheiden;2057;18399;6189;12210;3505;8673;32
7917;46 jaar;Gescheiden;2058;18036;6054;11982;3436;8515;31
7918;46 jaar;Gescheiden;2059;17740;5931;11809;3362;8416;31
7919;46 jaar;Gescheiden;2060;17789;5947;11842;3375;8436;31
7920;47 jaar;Totaal burgerlijke staat;2013;155564;36479;119085;97881;20870;334
7921;47 jaar;Totaal burgerlijke staat;2014;152233;35940;116293;95461;20494;338
7922;47 jaar;Totaal burgerlijke staat;2015;151058;35871;115187;94087;20771;329
7923;47 jaar;Totaal burgerlijke staat;2016;151997;36108;115889;94304;21253;332
7924;47 jaar;Totaal burgerlijke staat;2017;158634;38220;120414;97674;22392;348
7925;47 jaar;Totaal burgerlijke staat;2018;154710;37754;116956;94581;22031;344
7926;47 jaar;Totaal burgerlijke staat;2019;148217;36351;111866;90260;21275;331
7927;47 jaar;Totaal burgerlijke staat;2020;140775;35046;105729;85036;20376;317
7928;47 jaar;Totaal burgerlijke staat;2021;130259;32700;97559;78545;18717;297
7929;47 jaar;Totaal burgerlijke staat;2022;125754;31899;93855;75649;17919;287
7930;47 jaar;Totaal burgerlijke staat;2023;120623;30860;89763;72331;17155;277
7931;47 jaar;Totaal burgerlijke staat;2024;119847;30800;89047;71931;16841;275
7932;47 jaar;Totaal burgerlijke staat;2025;118269;30363;87906;70925;16710;271
7933;47 jaar;Totaal burgerlijke staat;2026;119557;30777;88780;71706;16800;274
7934;47 jaar;Totaal burgerlijke staat;2027;119157;30603;88554;71628;16653;273
7935;47 jaar;Totaal burgerlijke staat;2028;122734;31645;91089;73674;17134;281
7936;47 jaar;Totaal burgerlijke staat;2029;120746;31077;89669;72507;16885;277
7937;47 jaar;Totaal burgerlijke staat;2030;117927;30145;87782;71111;16402;269
7938;47 jaar;Totaal burgerlijke staat;2031;117307;29820;87487;70887;16334;266
7939;47 jaar;Totaal burgerlijke staat;2032;120094;30382;89712;72672;16768;272
7940;47 jaar;Totaal burgerlijke staat;2033;121723;30748;90975;73572;17127;276
7941;47 jaar;Totaal burgerlijke staat;2034;124590;31452;93138;75167;17689;282
7942;47 jaar;Totaal burgerlijke staat;2035;125969;31643;94326;76256;17786;284
7943;47 jaar;Totaal burgerlijke staat;2036;125484;31315;94169;76081;17806;282
7944;47 jaar;Totaal burgerlijke staat;2037;126666;31575;95091;76807;18000;284
7945;47 jaar;Totaal burgerlijke staat;2038;131390;33002;98388;79576;18515;297
7946;47 jaar;Totaal burgerlijke staat;2039;131492;33052;98440;79584;18558;298
7947;47 jaar;Totaal burgerlijke staat;2040;130638;32722;97916;79239;18382;295
7948;47 jaar;Totaal burgerlijke staat;2041;129883;32476;97407;78786;18329;292
7949;47 jaar;Totaal burgerlijke staat;2042;130419;32601;97818;79142;18383;293
7950;47 jaar;Totaal burgerlijke staat;2043;127932;31824;96108;77776;18046;286
7951;47 jaar;Totaal burgerlijke staat;2044;128203;31854;96349;78109;17954;286
7952;47 jaar;Totaal burgerlijke staat;2045;128712;32056;96656;78192;18176;288
7953;47 jaar;Totaal burgerlijke staat;2046;132387;33198;99189;80284;18607;298
7954;47 jaar;Totaal burgerlijke staat;2047;133446;33587;99859;80845;18713;301
7955;47 jaar;Totaal burgerlijke staat;2048;135700;34374;101326;81912;19105;309
7956;47 jaar;Totaal burgerlijke staat;2049;134255;34005;100250;81089;18856;305
7957;47 jaar;Totaal burgerlijke staat;2050;133457;33824;99633;80614;18716;303
7958;47 jaar;Totaal burgerlijke staat;2051;133013;33758;99255;80305;18647;303
7959;47 jaar;Totaal burgerlijke staat;2052;129386;32695;96691;78195;18203;293
7960;47 jaar;Totaal burgerlijke staat;2053;126553;31826;94727;76679;17762;286
7961;47 jaar;Totaal burgerlijke staat;2054;125611;31532;94079;76205;17592;282
7962;47 jaar;Totaal burgerlijke staat;2055;123581;30945;92636;74954;17404;278
7963;47 jaar;Totaal burgerlijke staat;2056;125651;31566;94085;76214;17588;283
7964;47 jaar;Totaal burgerlijke staat;2057;125420;31538;93882;75989;17610;283
7965;47 jaar;Totaal burgerlijke staat;2058;124806;31360;93446;75578;17587;281
7966;47 jaar;Totaal burgerlijke staat;2059;122968;30755;92213;74684;17253;276
7967;47 jaar;Totaal burgerlijke staat;2060;121374;30232;91142;73824;17047;271
7968;47 jaar;Ongehuwd;2013;40041;22859;17182;12722;4210;250
7969;47 jaar;Ongehuwd;2014;41413;23087;18326;13725;4346;255
7970;47 jaar;Ongehuwd;2015;43353;23534;19819;14788;4776;255
7971;47 jaar;Ongehuwd;2016;45791;24125;21666;16173;5233;260
7972;47 jaar;Ongehuwd;2017;50476;26112;24364;18203;5884;277
7973;47 jaar;Ongehuwd;2018;51424;26269;25155;18737;6141;277
7974;47 jaar;Ongehuwd;2019;51186;25701;25485;18904;6312;269
7975;47 jaar;Ongehuwd;2020;50589;25131;25458;18845;6352;261
7976;47 jaar;Ongehuwd;2021;48127;23745;24382;18090;6046;246
7977;47 jaar;Ongehuwd;2022;47771;23500;24271;18103;5927;241
7978;47 jaar;Ongehuwd;2023;47169;23023;24146;17988;5925;233
7979;47 jaar;Ongehuwd;2024;47996;23176;24820;18571;6015;234
7980;47 jaar;Ongehuwd;2025;47600;22862;24738;18468;6040;230
7981;47 jaar;Ongehuwd;2026;48479;23261;25218;18731;6254;233
7982;47 jaar;Ongehuwd;2027;48402;23166;25236;18721;6282;233
7983;47 jaar;Ongehuwd;2028;50224;23999;26225;19379;6607;239
7984;47 jaar;Ongehuwd;2029;49850;23642;26208;19414;6557;237
7985;47 jaar;Ongehuwd;2030;48891;23000;25891;19209;6452;230
7986;47 jaar;Ongehuwd;2031;48693;22767;25926;19200;6498;228
7987;47 jaar;Ongehuwd;2032;49700;23117;26583;19554;6797;232
7988;47 jaar;Ongehuwd;2033;50569;23448;27121;19843;7042;236
7989;47 jaar;Ongehuwd;2034;51982;24011;27971;20286;7444;241
7990;47 jaar;Ongehuwd;2035;52308;24115;28193;20418;7533;242
7991;47 jaar;Ongehuwd;2036;51779;23827;27952;20212;7499;241
7992;47 jaar;Ongehuwd;2037;51993;23961;28032;20242;7548;242
7993;47 jaar;Ongehuwd;2038;53694;24926;28768;20777;7739;252
7994;47 jaar;Ongehuwd;2039;53661;24961;28700;20694;7753;253
7995;47 jaar;Ongehuwd;2040;53133;24694;28439;20562;7626;251
7996;47 jaar;Ongehuwd;2041;52771;24510;28261;20446;7567;248
7997;47 jaar;Ongehuwd;2042;52946;24593;28353;20536;7568;249
7998;47 jaar;Ongehuwd;2043;52010;24078;27932;20273;7416;243
7999;47 jaar;Ongehuwd;2044;52114;24103;28011;20396;7371;244
8000;47 jaar;Ongehuwd;2045;52454;24284;28170;20449;7476;245
8001;47 jaar;Ongehuwd;2046;53944;25092;28852;20941;7658;253
8002;47 jaar;Ongehuwd;2047;54406;25383;29023;21063;7704;256
8003;47 jaar;Ongehuwd;2048;55369;25939;29430;21292;7876;262
8004;47 jaar;Ongehuwd;2049;54798;25679;29119;21089;7772;258
8005;47 jaar;Ongehuwd;2050;54473;25539;28934;20962;7714;258
8006;47 jaar;Ongehuwd;2051;54282;25473;28809;20865;7686;258
8007;47 jaar;Ongehuwd;2052;52839;24721;28118;20366;7502;250
8008;47 jaar;Ongehuwd;2053;51662;24094;27568;20010;7314;244
8009;47 jaar;Ongehuwd;2054;51239;23870;27369;19887;7241;241
8010;47 jaar;Ongehuwd;2055;50441;23459;26982;19578;7167;237
8011;47 jaar;Ongehuwd;2056;51183;23868;27315;19834;7240;241
8012;47 jaar;Ongehuwd;2057;51082;23842;27240;19746;7253;241
8013;47 jaar;Ongehuwd;2058;50822;23707;27115;19628;7247;240
8014;47 jaar;Ongehuwd;2059;50021;23269;26752;19415;7102;235
8015;47 jaar;Ongehuwd;2060;49362;22898;26464;19217;7015;232
8016;47 jaar;Wettig gehuwd plus partnerschap;2013;82585;1730;80855;79359;1481;15
8017;47 jaar;Wettig gehuwd plus partnerschap;2014;79344;1607;77737;76342;1380;15
8018;47 jaar;Wettig gehuwd plus partnerschap;2015;76797;1467;75330;73995;1321;14
8019;47 jaar;Wettig gehuwd plus partnerschap;2016;75512;1372;74140;72868;1259;13
8020;47 jaar;Wettig gehuwd plus partnerschap;2017;76762;1354;75408;74133;1262;13
8021;47 jaar;Wettig gehuwd plus partnerschap;2018;73149;1271;71878;70657;1209;12
8022;47 jaar;Wettig gehuwd plus partnerschap;2019;68893;1186;67707;66563;1133;11
8023;47 jaar;Wettig gehuwd plus partnerschap;2020;63915;1106;62809;61733;1066;10
8024;47 jaar;Wettig gehuwd plus partnerschap;2021;58406;1009;57397;56410;978;9
8025;47 jaar;Wettig gehuwd plus partnerschap;2022;55689;961;54728;53787;933;8
8026;47 jaar;Wettig gehuwd plus partnerschap;2023;52628;911;51717;50822;887;8
8027;47 jaar;Wettig gehuwd plus partnerschap;2024;51698;896;50802;49926;869;7
8028;47 jaar;Wettig gehuwd plus partnerschap;2025;50830;883;49947;49086;854;7
8029;47 jaar;Wettig gehuwd plus partnerschap;2026;51336;893;50443;49580;856;7
8030;47 jaar;Wettig gehuwd plus partnerschap;2027;51302;894;50408;49550;851;7
8031;47 jaar;Wettig gehuwd plus partnerschap;2028;52634;926;51708;50834;866;8
8032;47 jaar;Wettig gehuwd plus partnerschap;2029;51519;900;50619;49757;855;7
8033;47 jaar;Wettig gehuwd plus partnerschap;2030;50395;866;49529;48694;828;7
8034;47 jaar;Wettig gehuwd plus partnerschap;2031;50205;854;49351;48522;822;7
8035;47 jaar;Wettig gehuwd plus partnerschap;2032;51535;879;50656;49811;838;7
8036;47 jaar;Wettig gehuwd plus partnerschap;2033;52133;885;51248;50388;853;7
8037;47 jaar;Wettig gehuwd plus partnerschap;2034;53221;902;52319;51441;870;8
8038;47 jaar;Wettig gehuwd plus partnerschap;2035;54109;913;53196;52316;872;8
8039;47 jaar;Wettig gehuwd plus partnerschap;2036;54160;907;53253;52367;878;8
8040;47 jaar;Wettig gehuwd plus partnerschap;2037;54826;921;53905;53007;890;8
8041;47 jaar;Wettig gehuwd plus partnerschap;2038;56898;975;55923;55000;915;8
8042;47 jaar;Wettig gehuwd plus partnerschap;2039;56984;975;56009;55083;918;8
8043;47 jaar;Wettig gehuwd plus partnerschap;2040;56784;967;55817;54894;915;8
8044;47 jaar;Wettig gehuwd plus partnerschap;2041;56478;960;55518;54595;915;8
8045;47 jaar;Wettig gehuwd plus partnerschap;2042;56729;965;55764;54836;920;8
8046;47 jaar;Wettig gehuwd plus partnerschap;2043;55721;935;54786;53871;907;8
8047;47 jaar;Wettig gehuwd plus partnerschap;2044;55925;937;54988;54075;905;8
8048;47 jaar;Wettig gehuwd plus partnerschap;2045;55983;940;55043;54119;916;8
8049;47 jaar;Wettig gehuwd plus partnerschap;2046;57476;982;56494;55550;936;8
8050;47 jaar;Wettig gehuwd plus partnerschap;2047;57886;996;56890;55940;942;8
8051;47 jaar;Wettig gehuwd plus partnerschap;2048;58665;1023;57642;56674;959;9
8052;47 jaar;Wettig gehuwd plus partnerschap;2049;58075;1012;57063;56105;949;9
8053;47 jaar;Wettig gehuwd plus partnerschap;2050;57730;1008;56722;55772;942;8
8054;47 jaar;Wettig gehuwd plus partnerschap;2051;57515;1009;56506;55559;939;8
8055;47 jaar;Wettig gehuwd plus partnerschap;2052;56006;973;55033;54106;919;8
8056;47 jaar;Wettig gehuwd plus partnerschap;2053;54910;944;53966;53058;900;8
8057;47 jaar;Wettig gehuwd plus partnerschap;2054;54572;936;53636;52735;893;8
8058;47 jaar;Wettig gehuwd plus partnerschap;2055;53695;915;52780;51888;884;8
8059;47 jaar;Wettig gehuwd plus partnerschap;2056;54611;940;53671;52770;893;8
8060;47 jaar;Wettig gehuwd plus partnerschap;2057;54478;940;53538;52637;893;8
8061;47 jaar;Wettig gehuwd plus partnerschap;2058;54200;934;53266;52366;892;8
8062;47 jaar;Wettig gehuwd plus partnerschap;2059;53557;914;52643;51757;878;8
8063;47 jaar;Wettig gehuwd plus partnerschap;2060;52944;896;52048;51171;870;7
8064;47 jaar;Verweduwd;2013;1946;468;1478;90;1386;2
8065;47 jaar;Verweduwd;2014;1868;449;1419;98;1320;1
8066;47 jaar;Verweduwd;2015;1779;416;1363;97;1265;1
8067;47 jaar;Verweduwd;2016;1661;379;1282;92;1189;1
8068;47 jaar;Verweduwd;2017;1707;390;1317;103;1213;1
8069;47 jaar;Verweduwd;2018;1537;338;1199;90;1108;1
8070;47 jaar;Verweduwd;2019;1410;317;1093;82;1010;1
8071;47 jaar;Verweduwd;2020;1305;293;1012;77;934;1
8072;47 jaar;Verweduwd;2021;1156;259;897;66;830;1
8073;47 jaar;Verweduwd;2022;1104;245;859;61;797;1
8074;47 jaar;Verweduwd;2023;1028;227;801;54;746;1
8075;47 jaar;Verweduwd;2024;960;212;748;51;696;1
8076;47 jaar;Verweduwd;2025;905;202;703;49;653;1
8077;47 jaar;Verweduwd;2026;908;205;703;48;654;1
8078;47 jaar;Verweduwd;2027;874;199;675;46;628;1
8079;47 jaar;Verweduwd;2028;872;201;671;47;623;1
8080;47 jaar;Verweduwd;2029;847;194;653;46;606;1
8081;47 jaar;Verweduwd;2030;804;182;622;42;579;1
8082;47 jaar;Verweduwd;2031;787;178;609;41;567;1
8083;47 jaar;Verweduwd;2032;791;181;610;42;567;1
8084;47 jaar;Verweduwd;2033;791;180;611;41;569;1
8085;47 jaar;Verweduwd;2034;797;182;615;43;571;1
8086;47 jaar;Verweduwd;2035;785;179;606;43;562;1
8087;47 jaar;Verweduwd;2036;780;176;604;42;561;1
8088;47 jaar;Verweduwd;2037;782;177;605;42;562;1
8089;47 jaar;Verweduwd;2038;805;188;617;45;571;1
8090;47 jaar;Verweduwd;2039;798;187;611;45;565;1
8091;47 jaar;Verweduwd;2040;784;183;601;43;557;1
8092;47 jaar;Verweduwd;2041;774;179;595;42;552;1
8093;47 jaar;Verweduwd;2042;767;177;590;42;547;1
8094;47 jaar;Verweduwd;2043;742;168;574;39;534;1
8095;47 jaar;Verweduwd;2044;731;166;565;38;527;0
8096;47 jaar;Verweduwd;2045;730;165;565;37;527;1
8097;47 jaar;Verweduwd;2046;743;172;571;39;531;1
8098;47 jaar;Verweduwd;2047;741;173;568;39;528;1
8099;47 jaar;Verweduwd;2048;751;178;573;40;532;1
8100;47 jaar;Verweduwd;2049;734;174;560;39;520;1
8101;47 jaar;Verweduwd;2050;720;171;549;38;511;0
8102;47 jaar;Verweduwd;2051;710;170;540;37;503;0
8103;47 jaar;Verweduwd;2052;686;162;524;35;489;0
8104;47 jaar;Verweduwd;2053;663;155;508;34;474;0
8105;47 jaar;Verweduwd;2054;648;151;497;32;465;0
8106;47 jaar;Verweduwd;2055;634;146;488;31;457;0
8107;47 jaar;Verweduwd;2056;638;149;489;32;457;0
8108;47 jaar;Verweduwd;2057;633;149;484;31;453;0
8109;47 jaar;Verweduwd;2058;627;147;480;31;449;0
8110;47 jaar;Verweduwd;2059;609;141;468;30;438;0
8111;47 jaar;Verweduwd;2060;594;137;457;28;429;0
8112;47 jaar;Gescheiden;2013;30992;11422;19570;5710;13793;67
8113;47 jaar;Gescheiden;2014;29608;10797;18811;5296;13448;67
8114;47 jaar;Gescheiden;2015;29129;10454;18675;5207;13409;59
8115;47 jaar;Gescheiden;2016;29033;10232;18801;5171;13572;58
8116;47 jaar;Gescheiden;2017;29689;10364;19325;5235;14033;57
8117;47 jaar;Gescheiden;2018;28600;9876;18724;5097;13573;54
8118;47 jaar;Gescheiden;2019;26728;9147;17581;4711;12820;50
8119;47 jaar;Gescheiden;2020;24966;8516;16450;4381;12024;45
8120;47 jaar;Gescheiden;2021;22570;7687;14883;3979;10863;41
8121;47 jaar;Gescheiden;2022;21190;7193;13997;3698;10262;37
8122;47 jaar;Gescheiden;2023;19798;6699;13099;3467;9597;35
8123;47 jaar;Gescheiden;2024;19193;6516;12677;3383;9261;33
8124;47 jaar;Gescheiden;2025;18934;6416;12518;3322;9163;33
8125;47 jaar;Gescheiden;2026;18834;6418;12416;3347;9036;33
8126;47 jaar;Gescheiden;2027;18579;6344;12235;3311;8892;32
8127;47 jaar;Gescheiden;2028;19004;6519;12485;3414;9038;33
8128;47 jaar;Gescheiden;2029;18530;6341;12189;3290;8867;32
8129;47 jaar;Gescheiden;2030;17837;6097;11740;3166;8543;31
8130;47 jaar;Gescheiden;2031;17622;6021;11601;3124;8447;30
8131;47 jaar;Gescheiden;2032;18068;6205;11863;3265;8566;32
8132;47 jaar;Gescheiden;2033;18230;6235;11995;3300;8663;32
8133;47 jaar;Gescheiden;2034;18590;6357;12233;3397;8804;32
8134;47 jaar;Gescheiden;2035;18767;6436;12331;3479;8819;33
8135;47 jaar;Gescheiden;2036;18765;6405;12360;3460;8868;32
8136;47 jaar;Gescheiden;2037;19065;6516;12549;3516;9000;33
8137;47 jaar;Gescheiden;2038;19993;6913;13080;3754;9290;36
8138;47 jaar;Gescheiden;2039;20049;6929;13120;3762;9322;36
8139;47 jaar;Gescheiden;2040;19937;6878;13059;3740;9284;35
8140;47 jaar;Gescheiden;2041;19860;6827;13033;3703;9295;35
8141;47 jaar;Gescheiden;2042;19977;6866;13111;3728;9348;35
8142;47 jaar;Gescheiden;2043;19459;6643;12816;3593;9189;34
8143;47 jaar;Gescheiden;2044;19433;6648;12785;3600;9151;34
8144;47 jaar;Gescheiden;2045;19545;6667;12878;3587;9257;34
8145;47 jaar;Gescheiden;2046;20224;6952;13272;3754;9482;36
8146;47 jaar;Gescheiden;2047;20413;7035;13378;3803;9539;36
8147;47 jaar;Gescheiden;2048;20915;7234;13681;3906;9738;37
8148;47 jaar;Gescheiden;2049;20648;7140;13508;3856;9615;37
8149;47 jaar;Gescheiden;2050;20534;7106;13428;3842;9549;37
8150;47 jaar;Gescheiden;2051;20506;7106;13400;3844;9519;37
8151;47 jaar;Gescheiden;2052;19855;6839;13016;3688;9293;35
8152;47 jaar;Gescheiden;2053;19318;6633;12685;3577;9074;34
8153;47 jaar;Gescheiden;2054;19152;6575;12577;3551;8993;33
8154;47 jaar;Gescheiden;2055;18811;6425;12386;3457;8896;33
8155;47 jaar;Gescheiden;2056;19219;6609;12610;3578;8998;34
8156;47 jaar;Gescheiden;2057;19227;6607;12620;3575;9011;34
8157;47 jaar;Gescheiden;2058;19157;6572;12585;3553;8999;33
8158;47 jaar;Gescheiden;2059;18781;6431;12350;3482;8835;33
8159;47 jaar;Gescheiden;2060;18474;6301;12173;3408;8733;32
8160;48 jaar;Totaal burgerlijke staat;2013;158392;37310;121082;99697;21018;367
8161;48 jaar;Totaal burgerlijke staat;2014;155830;37157;118673;97194;21137;342
8162;48 jaar;Totaal burgerlijke staat;2015;152512;36552;115960;94920;20700;340
8163;48 jaar;Totaal burgerlijke staat;2016;151331;36459;114872;93647;20890;335
8164;48 jaar;Totaal burgerlijke staat;2017;152286;36688;115598;93874;21388;336
8165;48 jaar;Totaal burgerlijke staat;2018;158953;38805;120148;97252;22543;353
8166;48 jaar;Totaal burgerlijke staat;2019;155031;38297;116734;94192;22193;349
8167;48 jaar;Totaal burgerlijke staat;2020;148556;36874;111682;89913;21434;335
8168;48 jaar;Totaal burgerlijke staat;2021;141103;35526;105577;84735;20521;321
8169;48 jaar;Totaal burgerlijke staat;2022;130585;33134;97451;78292;18860;299
8170;48 jaar;Totaal burgerlijke staat;2023;126074;32303;93771;75424;18058;289
8171;48 jaar;Totaal burgerlijke staat;2024;120939;31238;89701;72135;17288;278
8172;48 jaar;Totaal burgerlijke staat;2025;120177;31172;89005;71740;16987;278
8173;48 jaar;Totaal burgerlijke staat;2026;118586;30735;87851;70731;16847;273
8174;48 jaar;Totaal burgerlijke staat;2027;119869;31147;88722;71502;16944;276
8175;48 jaar;Totaal burgerlijke staat;2028;119462;30973;88489;71419;16795;275
8176;48 jaar;Totaal burgerlijke staat;2029;123025;32018;91007;73446;17277;284
8177;48 jaar;Totaal burgerlijke staat;2030;121036;31452;89584;72282;17023;279
8178;48 jaar;Totaal burgerlijke staat;2031;118209;30511;87698;70888;16540;270
8179;48 jaar;Totaal burgerlijke staat;2032;117586;30184;87402;70661;16472;269
8180;48 jaar;Totaal burgerlijke staat;2033;120374;30751;89623;72434;16915;274
8181;48 jaar;Totaal burgerlijke staat;2034;122008;31119;90889;73329;17282;278
8182;48 jaar;Totaal burgerlijke staat;2035;124882;31830;93052;74918;17850;284
8183;48 jaar;Totaal burgerlijke staat;2036;126266;32022;94244;76005;17952;287
8184;48 jaar;Totaal burgerlijke staat;2037;125778;31694;94084;75831;17969;284
8185;48 jaar;Totaal burgerlijke staat;2038;126967;31957;95010;76554;18169;287
8186;48 jaar;Totaal burgerlijke staat;2039;131689;33388;98301;79313;18689;299
8187;48 jaar;Totaal burgerlijke staat;2040;131796;33436;98360;79325;18735;300
8188;48 jaar;Totaal burgerlijke staat;2041;130942;33104;97838;78983;18558;297
8189;48 jaar;Totaal burgerlijke staat;2042;130189;32855;97334;78535;18504;295
8190;48 jaar;Totaal burgerlijke staat;2043;130730;32980;97750;78893;18560;297
8191;48 jaar;Totaal burgerlijke staat;2044;128247;32202;96045;77535;18221;289
8192;48 jaar;Totaal burgerlijke staat;2045;128515;32230;96285;77866;18130;289
8193;48 jaar;Totaal burgerlijke staat;2046;129027;32438;96589;77950;18349;290
8194;48 jaar;Totaal burgerlijke staat;2047;132703;33583;99120;80036;18784;300
8195;48 jaar;Totaal burgerlijke staat;2048;133765;33972;99793;80600;18889;304
8196;48 jaar;Totaal burgerlijke staat;2049;136018;34763;101255;81665;19280;310
8197;48 jaar;Totaal burgerlijke staat;2050;134578;34391;100187;80849;19031;307
8198;48 jaar;Totaal burgerlijke staat;2051;133782;34207;99575;80380;18890;305
8199;48 jaar;Totaal burgerlijke staat;2052;133340;34139;99201;80076;18820;305
8200;48 jaar;Totaal burgerlijke staat;2053;129716;33071;96645;77976;18373;296
8201;48 jaar;Totaal burgerlijke staat;2054;126877;32195;94682;76467;17927;288
8202;48 jaar;Totaal burgerlijke staat;2055;125940;31903;94037;75996;17756;285
8203;48 jaar;Totaal burgerlijke staat;2056;123906;31312;92594;74751;17564;279
8204;48 jaar;Totaal burgerlijke staat;2057;125977;31934;94043;76007;17751;285
8205;48 jaar;Totaal burgerlijke staat;2058;125745;31905;93840;75783;17772;285
8206;48 jaar;Totaal burgerlijke staat;2059;125134;31729;93405;75374;17748;283
8207;48 jaar;Totaal burgerlijke staat;2060;123291;31119;92172;74484;17410;278
8208;48 jaar;Ongehuwd;2013;38970;22727;16243;12002;3964;277
8209;48 jaar;Ongehuwd;2014;39817;22884;16933;12530;4147;256
8210;48 jaar;Ongehuwd;2015;41167;23091;18076;13527;4290;259
8211;48 jaar;Ongehuwd;2016;43103;23535;19568;14604;4704;260
8212;48 jaar;Ongehuwd;2017;45504;24120;21384;15961;5159;264
8213;48 jaar;Ongehuwd;2018;50162;26101;24061;17971;5808;282
8214;48 jaar;Ongehuwd;2019;51108;26242;24866;18515;6069;282
8215;48 jaar;Ongehuwd;2020;50852;25681;25171;18661;6237;273
8216;48 jaar;Ongehuwd;2021;50223;25098;25125;18588;6273;264
8217;48 jaar;Ongehuwd;2022;47763;23707;24056;17837;5970;249
8218;48 jaar;Ongehuwd;2023;47382;23450;23932;17840;5850;242
8219;48 jaar;Ongehuwd;2024;46764;22966;23798;17718;5845;235
8220;48 jaar;Ongehuwd;2025;47597;23125;24472;18297;5939;236
8221;48 jaar;Ongehuwd;2026;47203;22817;24386;18191;5963;232
8222;48 jaar;Ongehuwd;2027;48072;23215;24857;18445;6177;235
8223;48 jaar;Ongehuwd;2028;47991;23121;24870;18435;6201;234
8224;48 jaar;Ongehuwd;2029;49792;23950;25842;19077;6523;242
8225;48 jaar;Ongehuwd;2030;49428;23602;25826;19115;6472;239
8226;48 jaar;Ongehuwd;2031;48479;22967;25512;18911;6370;231
8227;48 jaar;Ongehuwd;2032;48281;22739;25542;18897;6415;230
8228;48 jaar;Ongehuwd;2033;49277;23091;26186;19241;6711;234
8229;48 jaar;Ongehuwd;2034;50142;23423;26719;19524;6957;238
8230;48 jaar;Ongehuwd;2035;51548;23988;27560;19961;7356;243
8231;48 jaar;Ongehuwd;2036;51873;24091;27782;20091;7447;244
8232;48 jaar;Ongehuwd;2037;51345;23803;27542;19888;7411;243
8233;48 jaar;Ongehuwd;2038;51559;23936;27623;19918;7461;244
8234;48 jaar;Ongehuwd;2039;53242;24892;28350;20446;7650;254
8235;48 jaar;Ongehuwd;2040;53215;24927;28288;20368;7665;255
8236;48 jaar;Ongehuwd;2041;52693;24660;28033;20240;7541;252
8237;48 jaar;Ongehuwd;2042;52335;24475;27860;20127;7483;250
8238;48 jaar;Ongehuwd;2043;52509;24556;27953;20217;7484;252
8239;48 jaar;Ongehuwd;2044;51585;24046;27539;19957;7336;246
8240;48 jaar;Ongehuwd;2045;51686;24071;27615;20077;7292;246
8241;48 jaar;Ongehuwd;2046;52021;24253;27768;20127;7394;247
8242;48 jaar;Ongehuwd;2047;53493;25054;28439;20609;7574;256
8243;48 jaar;Ongehuwd;2048;53950;25343;28607;20729;7619;259
8244;48 jaar;Ongehuwd;2049;54905;25893;29012;20959;7789;264
8245;48 jaar;Ongehuwd;2050;54344;25635;28709;20761;7686;262
8246;48 jaar;Ongehuwd;2051;54018;25495;28523;20634;7629;260
8247;48 jaar;Ongehuwd;2052;53834;25430;28404;20543;7601;260
8248;48 jaar;Ongehuwd;2053;52410;24684;27726;20054;7420;252
8249;48 jaar;Ongehuwd;2054;51244;24061;27183;19704;7234;245
8250;48 jaar;Ongehuwd;2055;50828;23840;26988;19583;7162;243
8251;48 jaar;Ongehuwd;2056;50042;23433;26609;19282;7088;239
8252;48 jaar;Ongehuwd;2057;50775;23837;26938;19534;7161;243
8253;48 jaar;Ongehuwd;2058;50676;23813;26863;19447;7174;242
8254;48 jaar;Ongehuwd;2059;50423;23680;26743;19334;7168;241
8255;48 jaar;Ongehuwd;2060;49632;23245;26387;19124;7025;238
8256;48 jaar;Wettig gehuwd plus partnerschap;2013;84938;1821;83117;81686;1415;16
8257;48 jaar;Wettig gehuwd plus partnerschap;2014;81800;1634;80166;78770;1381;15
8258;48 jaar;Wettig gehuwd plus partnerschap;2015;78665;1514;77151;75855;1282;14
8259;48 jaar;Wettig gehuwd plus partnerschap;2016;76213;1390;74823;73595;1215;13
8260;48 jaar;Wettig gehuwd plus partnerschap;2017;75024;1314;73710;72518;1180;12
8261;48 jaar;Wettig gehuwd plus partnerschap;2018;76328;1306;75022;73818;1192;12
8262;48 jaar;Wettig gehuwd plus partnerschap;2019;72779;1231;71548;70389;1148;11
8263;48 jaar;Wettig gehuwd plus partnerschap;2020;68608;1156;67452;66359;1083;10
8264;48 jaar;Wettig gehuwd plus partnerschap;2021;63709;1081;62628;61597;1021;10
8265;48 jaar;Wettig gehuwd plus partnerschap;2022;58262;989;57273;56327;938;8
8266;48 jaar;Wettig gehuwd plus partnerschap;2023;55589;944;54645;53741;896;8
8267;48 jaar;Wettig gehuwd plus partnerschap;2024;52571;897;51674;50814;853;7
8268;48 jaar;Wettig gehuwd plus partnerschap;2025;51653;881;50772;49929;836;7
8269;48 jaar;Wettig gehuwd plus partnerschap;2026;50786;867;49919;49090;822;7
8270;48 jaar;Wettig gehuwd plus partnerschap;2027;51286;876;50410;49581;822;7
8271;48 jaar;Wettig gehuwd plus partnerschap;2028;51245;875;50370;49546;817;7
8272;48 jaar;Wettig gehuwd plus partnerschap;2029;52566;904;51662;50824;831;7
8273;48 jaar;Wettig gehuwd plus partnerschap;2030;51456;879;50577;49750;820;7
8274;48 jaar;Wettig gehuwd plus partnerschap;2031;50337;846;49491;48689;795;7
8275;48 jaar;Wettig gehuwd plus partnerschap;2032;50151;834;49317;48520;790;7
8276;48 jaar;Wettig gehuwd plus partnerschap;2033;51475;857;50618;49805;806;7
8277;48 jaar;Wettig gehuwd plus partnerschap;2034;52071;863;51208;50381;820;7
8278;48 jaar;Wettig gehuwd plus partnerschap;2035;53157;881;52276;51433;836;7
8279;48 jaar;Wettig gehuwd plus partnerschap;2036;54045;891;53154;52307;839;8
8280;48 jaar;Wettig gehuwd plus partnerschap;2037;54092;886;53206;52355;844;7
8281;48 jaar;Wettig gehuwd plus partnerschap;2038;54754;899;53855;52991;856;8
8282;48 jaar;Wettig gehuwd plus partnerschap;2039;56818;951;55867;54979;880;8
8283;48 jaar;Wettig gehuwd plus partnerschap;2040;56904;951;55953;55062;883;8
8284;48 jaar;Wettig gehuwd plus partnerschap;2041;56705;944;55761;54873;880;8
8285;48 jaar;Wettig gehuwd plus partnerschap;2042;56401;936;55465;54577;880;8
8286;48 jaar;Wettig gehuwd plus partnerschap;2043;56655;942;55713;54820;885;8
8287;48 jaar;Wettig gehuwd plus partnerschap;2044;55656;914;54742;53861;873;8
8288;48 jaar;Wettig gehuwd plus partnerschap;2045;55861;916;54945;54066;871;8
8289;48 jaar;Wettig gehuwd plus partnerschap;2046;55922;920;55002;54113;881;8
8290;48 jaar;Wettig gehuwd plus partnerschap;2047;57413;960;56453;55545;900;8
8291;48 jaar;Wettig gehuwd plus partnerschap;2048;57825;973;56852;55938;906;8
8292;48 jaar;Wettig gehuwd plus partnerschap;2049;58599;999;57600;56670;922;8
8293;48 jaar;Wettig gehuwd plus partnerschap;2050;58011;988;57023;56103;912;8
8294;48 jaar;Wettig gehuwd plus partnerschap;2051;57672;984;56688;55774;906;8
8295;48 jaar;Wettig gehuwd plus partnerschap;2052;57456;984;56472;55561;903;8
8296;48 jaar;Wettig gehuwd plus partnerschap;2053;55951;949;55002;54110;884;8
8297;48 jaar;Wettig gehuwd plus partnerschap;2054;54859;921;53938;53065;865;8
8298;48 jaar;Wettig gehuwd plus partnerschap;2055;54522;914;53608;52742;858;8
8299;48 jaar;Wettig gehuwd plus partnerschap;2056;53645;893;52752;51895;850;7
8300;48 jaar;Wettig gehuwd plus partnerschap;2057;54558;917;53641;52775;858;8
8301;48 jaar;Wettig gehuwd plus partnerschap;2058;54425;916;53509;52642;859;8
8302;48 jaar;Wettig gehuwd plus partnerschap;2059;54146;910;53236;52370;858;8
8303;48 jaar;Wettig gehuwd plus partnerschap;2060;53504;891;52613;51762;844;7
8304;48 jaar;Verweduwd;2013;2386;609;1777;123;1652;2
8305;48 jaar;Verweduwd;2014;2159;554;1605;102;1501;2
8306;48 jaar;Verweduwd;2015;2061;527;1534;107;1426;1
8307;48 jaar;Verweduwd;2016;1964;491;1473;107;1365;1
8308;48 jaar;Verweduwd;2017;1843;451;1392;100;1291;1
8309;48 jaar;Verweduwd;2018;1885;461;1424;109;1314;1
8310;48 jaar;Verweduwd;2019;1710;406;1304;96;1207;1
8311;48 jaar;Verweduwd;2020;1569;378;1191;87;1103;1
8312;48 jaar;Verweduwd;2021;1453;350;1103;81;1021;1
8313;48 jaar;Verweduwd;2022;1290;310;980;70;909;1
8314;48 jaar;Verweduwd;2023;1231;293;938;65;872;1
8315;48 jaar;Verweduwd;2024;1147;272;875;59;815;1
8316;48 jaar;Verweduwd;2025;1074;255;819;54;764;1
8317;48 jaar;Verweduwd;2026;1015;243;772;52;719;1
8318;48 jaar;Verweduwd;2027;1018;245;773;52;720;1
8319;48 jaar;Verweduwd;2028;984;240;744;50;693;1
8320;48 jaar;Verweduwd;2029;982;242;740;51;688;1
8321;48 jaar;Verweduwd;2030;954;234;720;49;670;1
8322;48 jaar;Verweduwd;2031;906;219;687;46;640;1
8323;48 jaar;Verweduwd;2032;885;213;672;44;627;1
8324;48 jaar;Verweduwd;2033;893;218;675;46;628;1
8325;48 jaar;Verweduwd;2034;891;216;675;45;629;1
8326;48 jaar;Verweduwd;2035;897;217;680;46;633;1
8327;48 jaar;Verweduwd;2036;887;216;671;46;624;1
8328;48 jaar;Verweduwd;2037;879;211;668;46;621;1
8329;48 jaar;Verweduwd;2038;883;213;670;46;623;1
8330;48 jaar;Verweduwd;2039;907;226;681;48;632;1
8331;48 jaar;Verweduwd;2040;898;223;675;48;626;1
8332;48 jaar;Verweduwd;2041;883;218;665;46;618;1
8333;48 jaar;Verweduwd;2042;871;214;657;45;611;1
8334;48 jaar;Verweduwd;2043;864;212;652;45;606;1
8335;48 jaar;Verweduwd;2044;834;201;633;42;591;0
8336;48 jaar;Verweduwd;2045;822;198;624;41;583;0
8337;48 jaar;Verweduwd;2046;820;197;623;40;583;0
8338;48 jaar;Verweduwd;2047;835;205;630;42;588;0
8339;48 jaar;Verweduwd;2048;833;206;627;43;584;0
8340;48 jaar;Verweduwd;2049;842;212;630;43;587;0
8341;48 jaar;Verweduwd;2050;825;208;617;42;575;0
8342;48 jaar;Verweduwd;2051;811;204;607;42;565;0
8343;48 jaar;Verweduwd;2052;801;203;598;41;557;0
8344;48 jaar;Verweduwd;2053;772;193;579;38;541;0
8345;48 jaar;Verweduwd;2054;744;184;560;36;524;0
8346;48 jaar;Verweduwd;2055;730;180;550;35;515;0
8347;48 jaar;Verweduwd;2056;713;174;539;34;505;0
8348;48 jaar;Verweduwd;2057;717;178;539;34;505;0
8349;48 jaar;Verweduwd;2058;710;176;534;34;500;0
8350;48 jaar;Verweduwd;2059;703;175;528;33;495;0
8351;48 jaar;Verweduwd;2060;682;168;514;32;482;0
8352;48 jaar;Gescheiden;2013;32098;12153;19945;5886;13987;72
8353;48 jaar;Gescheiden;2014;32054;12085;19969;5792;14108;69
8354;48 jaar;Gescheiden;2015;30619;11420;19199;5431;13702;66
8355;48 jaar;Gescheiden;2016;30051;11043;19008;5341;13606;61
8356;48 jaar;Gescheiden;2017;29915;10803;19112;5295;13758;59
8357;48 jaar;Gescheiden;2018;30578;10937;19641;5354;14229;58
8358;48 jaar;Gescheiden;2019;29434;10418;19016;5192;13769;55
8359;48 jaar;Gescheiden;2020;27527;9659;17868;4806;13011;51
8360;48 jaar;Gescheiden;2021;25718;8997;16721;4469;12206;46
8361;48 jaar;Gescheiden;2022;23270;8128;15142;4058;11043;41
8362;48 jaar;Gescheiden;2023;21872;7616;14256;3778;10440;38
8363;48 jaar;Gescheiden;2024;20457;7103;13354;3544;9775;35
8364;48 jaar;Gescheiden;2025;19853;6911;12942;3460;9448;34
8365;48 jaar;Gescheiden;2026;19582;6808;12774;3398;9343;33
8366;48 jaar;Gescheiden;2027;19493;6811;12682;3424;9225;33
8367;48 jaar;Gescheiden;2028;19242;6737;12505;3388;9084;33
8368;48 jaar;Gescheiden;2029;19685;6922;12763;3494;9235;34
8369;48 jaar;Gescheiden;2030;19198;6737;12461;3368;9061;32
8370;48 jaar;Gescheiden;2031;18487;6479;12008;3242;8735;31
8371;48 jaar;Gescheiden;2032;18269;6398;11871;3200;8640;31
8372;48 jaar;Gescheiden;2033;18729;6585;12144;3342;8770;32
8373;48 jaar;Gescheiden;2034;18904;6617;12287;3379;8876;32
8374;48 jaar;Gescheiden;2035;19280;6744;12536;3478;9025;33
8375;48 jaar;Gescheiden;2036;19461;6824;12637;3561;9042;34
8376;48 jaar;Gescheiden;2037;19462;6794;12668;3542;9093;33
8377;48 jaar;Gescheiden;2038;19771;6909;12862;3599;9229;34
8378;48 jaar;Gescheiden;2039;20722;7319;13403;3840;9527;36
8379;48 jaar;Gescheiden;2040;20779;7335;13444;3847;9561;36
8380;48 jaar;Gescheiden;2041;20661;7282;13379;3824;9519;36
8381;48 jaar;Gescheiden;2042;20582;7230;13352;3786;9530;36
8382;48 jaar;Gescheiden;2043;20702;7270;13432;3811;9585;36
8383;48 jaar;Gescheiden;2044;20172;7041;13131;3675;9421;35
8384;48 jaar;Gescheiden;2045;20146;7045;13101;3682;9384;35
8385;48 jaar;Gescheiden;2046;20264;7068;13196;3670;9491;35
8386;48 jaar;Gescheiden;2047;20962;7364;13598;3840;9722;36
8387;48 jaar;Gescheiden;2048;21157;7450;13707;3890;9780;37
8388;48 jaar;Gescheiden;2049;21672;7659;14013;3993;9982;38
8389;48 jaar;Gescheiden;2050;21398;7560;13838;3943;9858;37
8390;48 jaar;Gescheiden;2051;21281;7524;13757;3930;9790;37
8391;48 jaar;Gescheiden;2052;21249;7522;13727;3931;9759;37
8392;48 jaar;Gescheiden;2053;20583;7245;13338;3774;9528;36
8393;48 jaar;Gescheiden;2054;20030;7029;13001;3662;9304;35
8394;48 jaar;Gescheiden;2055;19860;6969;12891;3636;9221;34
8395;48 jaar;Gescheiden;2056;19506;6812;12694;3540;9121;33
8396;48 jaar;Gescheiden;2057;19927;7002;12925;3664;9227;34
8397;48 jaar;Gescheiden;2058;19934;7000;12934;3660;9239;35
8398;48 jaar;Gescheiden;2059;19862;6964;12898;3637;9227;34
8399;48 jaar;Gescheiden;2060;19473;6815;12658;3566;9059;33
8400;49 jaar;Totaal burgerlijke staat;2013;155963;37158;118805;98481;19943;381
8401;49 jaar;Totaal burgerlijke staat;2014;158604;38136;120468;99032;21057;379
8402;49 jaar;Totaal burgerlijke staat;2015;155985;37911;118074;96619;21097;358
8403;49 jaar;Totaal burgerlijke staat;2016;152719;37271;115448;94417;20675;356
8404;49 jaar;Totaal burgerlijke staat;2017;151568;37150;114418;93157;20911;350
8405;49 jaar;Totaal burgerlijke staat;2018;152549;37367;115182;93395;21435;352
8406;49 jaar;Totaal burgerlijke staat;2019;159207;39495;119712;96751;22591;370
8407;49 jaar;Totaal burgerlijke staat;2020;155276;38943;116333;93725;22244;364
8408;49 jaar;Totaal burgerlijke staat;2021;148812;37498;111314;89486;21478;350
8409;49 jaar;Totaal burgerlijke staat;2022;141351;36109;105242;84352;20555;335
8410;49 jaar;Totaal burgerlijke staat;2023;130831;33659;97172;77959;18901;312
8411;49 jaar;Totaal burgerlijke staat;2024;126312;32798;93514;75114;18098;302
8412;49 jaar;Totaal burgerlijke staat;2025;121176;31705;89471;71853;17327;291
8413;49 jaar;Totaal burgerlijke staat;2026;120417;31635;88782;71457;17035;290
8414;49 jaar;Totaal burgerlijke staat;2027;118820;31198;87622;70449;16887;286
8415;49 jaar;Totaal burgerlijke staat;2028;120096;31611;88485;71209;16987;289
8416;49 jaar;Totaal burgerlijke staat;2029;119680;31434;88246;71120;16838;288
8417;49 jaar;Totaal burgerlijke staat;2030;123225;32486;90739;73129;17314;296
8418;49 jaar;Totaal burgerlijke staat;2031;121236;31915;89321;71966;17063;292
8419;49 jaar;Totaal burgerlijke staat;2032;118405;30966;87439;70575;16581;283
8420;49 jaar;Totaal burgerlijke staat;2033;117775;30640;87135;70347;16508;280
8421;49 jaar;Totaal burgerlijke staat;2034;120560;31214;89346;72105;16954;287
8422;49 jaar;Totaal burgerlijke staat;2035;122197;31586;90611;72996;17324;291
8423;49 jaar;Totaal burgerlijke staat;2036;125078;32312;92766;74578;17891;297
8424;49 jaar;Totaal burgerlijke staat;2037;126457;32502;93955;75662;17993;300
8425;49 jaar;Totaal burgerlijke staat;2038;125970;32175;93795;75490;18008;297
8426;49 jaar;Totaal burgerlijke staat;2039;127159;32441;94718;76211;18207;300
8427;49 jaar;Totaal burgerlijke staat;2040;131882;33876;98006;78959;18733;314
8428;49 jaar;Totaal burgerlijke staat;2041;131992;33925;98067;78974;18779;314
8429;49 jaar;Totaal burgerlijke staat;2042;131132;33588;97544;78634;18599;311
8430;49 jaar;Totaal burgerlijke staat;2043;130388;33343;97045;78191;18546;308
8431;49 jaar;Totaal burgerlijke staat;2044;130931;33469;97462;78550;18602;310
8432;49 jaar;Totaal burgerlijke staat;2045;128447;32684;95763;77199;18262;302
8433;49 jaar;Totaal burgerlijke staat;2046;128716;32711;96005;77529;18174;302
8434;49 jaar;Totaal burgerlijke staat;2047;129236;32926;96310;77614;18392;304
8435;49 jaar;Totaal burgerlijke staat;2048;132911;34075;98836;79696;18826;314
8436;49 jaar;Totaal burgerlijke staat;2049;133972;34462;99510;80261;18931;318
8437;49 jaar;Totaal burgerlijke staat;2050;136233;35260;100973;81326;19323;324
8438;49 jaar;Totaal burgerlijke staat;2051;134785;34879;99906;80515;19070;321
8439;49 jaar;Totaal burgerlijke staat;2052;133997;34694;99303;80054;18929;320
8440;49 jaar;Totaal burgerlijke staat;2053;133553;34620;98933;79754;18860;319
8441;49 jaar;Totaal burgerlijke staat;2054;129927;33546;96381;77664;18408;309
8442;49 jaar;Totaal burgerlijke staat;2055;127091;32663;94428;76163;17965;300
8443;49 jaar;Totaal burgerlijke staat;2056;126151;32366;93785;75696;17791;298
8444;49 jaar;Totaal burgerlijke staat;2057;124123;31776;92347;74456;17599;292
8445;49 jaar;Totaal burgerlijke staat;2058;126193;32400;93793;75709;17786;298
8446;49 jaar;Totaal burgerlijke staat;2059;125962;32372;93590;75486;17806;298
8447;49 jaar;Totaal burgerlijke staat;2060;125345;32192;93153;75078;17779;296
8448;49 jaar;Ongehuwd;2013;36287;21910;14377;10712;3384;281
8449;49 jaar;Ongehuwd;2014;38712;22743;15969;11822;3861;286
8450;49 jaar;Ongehuwd;2015;39521;22872;16649;12342;4038;269
8451;49 jaar;Ongehuwd;2016;40868;23082;17786;13320;4195;271
8452;49 jaar;Ongehuwd;2017;42793;23531;19262;14386;4604;272
8453;49 jaar;Ongehuwd;2018;45165;24118;21047;15711;5059;277
8454;49 jaar;Ongehuwd;2019;49779;26099;23680;17686;5699;295
8455;49 jaar;Ongehuwd;2020;50716;26226;24490;18234;5962;294
8456;49 jaar;Ongehuwd;2021;50438;25672;24766;18357;6124;285
8457;49 jaar;Ongehuwd;2022;49787;25082;24705;18273;6156;276
8458;49 jaar;Ongehuwd;2023;47328;23685;23643;17526;5858;259
8459;49 jaar;Ongehuwd;2024;46922;23418;23504;17512;5739;253
8460;49 jaar;Ongehuwd;2025;46291;22930;23361;17385;5731;245
8461;49 jaar;Ongehuwd;2026;47121;23098;24023;17950;5828;245
8462;49 jaar;Ongehuwd;2027;46735;22796;23939;17847;5850;242
8463;49 jaar;Ongehuwd;2028;47596;23197;24399;18092;6062;245
8464;49 jaar;Ongehuwd;2029;47510;23104;24406;18079;6083;244
8465;49 jaar;Ongehuwd;2030;49285;23931;25354;18705;6397;252
8466;49 jaar;Ongehuwd;2031;48929;23590;25339;18742;6349;248
8467;49 jaar;Ongehuwd;2032;47994;22963;25031;18540;6250;241
8468;49 jaar;Ongehuwd;2033;47796;22742;25054;18521;6293;240
8469;49 jaar;Ongehuwd;2034;48778;23097;25681;18854;6583;244
8470;49 jaar;Ongehuwd;2035;49637;23431;26206;19131;6827;248
8471;49 jaar;Ongehuwd;2036;51035;24002;27033;19560;7219;254
8472;49 jaar;Ongehuwd;2037;51357;24105;27252;19687;7309;256
8473;49 jaar;Ongehuwd;2038;50832;23817;27015;19489;7273;253
8474;49 jaar;Ongehuwd;2039;51044;23948;27096;19519;7321;256
8475;49 jaar;Ongehuwd;2040;52708;24895;27813;20040;7507;266
8476;49 jaar;Ongehuwd;2041;52684;24929;27755;19966;7523;266
8477;49 jaar;Ongehuwd;2042;52166;24661;27505;19840;7402;263
8478;49 jaar;Ongehuwd;2043;51815;24479;27336;19729;7346;261
8479;49 jaar;Ongehuwd;2044;51988;24559;27429;19819;7348;262
8480;49 jaar;Ongehuwd;2045;51072;24051;27021;19561;7203;257
8481;49 jaar;Ongehuwd;2046;51171;24076;27095;19677;7161;257
8482;49 jaar;Ongehuwd;2047;51508;24260;27248;19728;7261;259
8483;49 jaar;Ongehuwd;2048;52960;25054;27906;20203;7437;266
8484;49 jaar;Ongehuwd;2049;53411;25339;28072;20322;7481;269
8485;49 jaar;Ongehuwd;2050;54357;25887;28470;20548;7647;275
8486;49 jaar;Ongehuwd;2051;53801;25629;28172;20355;7545;272
8487;49 jaar;Ongehuwd;2052;53485;25490;27995;20234;7490;271
8488;49 jaar;Ongehuwd;2053;53300;25423;27877;20144;7463;270
8489;49 jaar;Ongehuwd;2054;51895;24683;27212;19666;7284;262
8490;49 jaar;Ongehuwd;2055;50745;24063;26682;19324;7103;255
8491;49 jaar;Ongehuwd;2056;50336;23843;26493;19207;7033;253
8492;49 jaar;Ongehuwd;2057;49559;23441;26118;18910;6960;248
8493;49 jaar;Ongehuwd;2058;50288;23842;26446;19161;7032;253
8494;49 jaar;Ongehuwd;2059;50191;23819;26372;19075;7044;253
8495;49 jaar;Ongehuwd;2060;49937;23686;26251;18963;7037;251
8496;49 jaar;Wettig gehuwd plus partnerschap;2013;84755;1702;83053;81726;1311;16
8497;49 jaar;Wettig gehuwd plus partnerschap;2014;84219;1713;82506;81136;1355;15
8498;49 jaar;Wettig gehuwd plus partnerschap;2015;81177;1557;79620;78308;1298;14
8499;49 jaar;Wettig gehuwd plus partnerschap;2016;78132;1443;76689;75467;1209;13
8500;49 jaar;Wettig gehuwd plus partnerschap;2017;75778;1340;74438;73260;1166;12
8501;49 jaar;Wettig gehuwd plus partnerschap;2018;74672;1278;73394;72236;1147;11
8502;49 jaar;Wettig gehuwd plus partnerschap;2019;76010;1277;74733;73555;1167;11
8503;49 jaar;Wettig gehuwd plus partnerschap;2020;72515;1207;71308;70171;1127;10
8504;49 jaar;Wettig gehuwd plus partnerschap;2021;68412;1138;67274;66198;1066;10
8505;49 jaar;Wettig gehuwd plus partnerschap;2022;63578;1068;62510;61495;1006;9
8506;49 jaar;Wettig gehuwd plus partnerschap;2023;58183;978;57205;56272;925;8
8507;49 jaar;Wettig gehuwd plus partnerschap;2024;55549;936;54613;53720;886;7
8508;49 jaar;Wettig gehuwd plus partnerschap;2025;52570;891;51679;50828;844;7
8509;49 jaar;Wettig gehuwd plus partnerschap;2026;51661;875;50786;49953;826;7
8510;49 jaar;Wettig gehuwd plus partnerschap;2027;50795;860;49935;49115;813;7
8511;49 jaar;Wettig gehuwd plus partnerschap;2028;51293;868;50425;49605;813;7
8512;49 jaar;Wettig gehuwd plus partnerschap;2029;51245;867;50378;49564;807;7
8513;49 jaar;Wettig gehuwd plus partnerschap;2030;52560;893;51667;50839;821;7
8514;49 jaar;Wettig gehuwd plus partnerschap;2031;51452;868;50584;49767;810;7
8515;49 jaar;Wettig gehuwd plus partnerschap;2032;50336;835;49501;48708;786;7
8516;49 jaar;Wettig gehuwd plus partnerschap;2033;50151;824;49327;48540;781;6
8517;49 jaar;Wettig gehuwd plus partnerschap;2034;51474;846;50628;49824;797;7
8518;49 jaar;Wettig gehuwd plus partnerschap;2035;52070;852;51218;50400;811;7
8519;49 jaar;Wettig gehuwd plus partnerschap;2036;53155;870;52285;51452;826;7
8520;49 jaar;Wettig gehuwd plus partnerschap;2037;54043;880;53163;52327;829;7
8521;49 jaar;Wettig gehuwd plus partnerschap;2038;54087;875;53212;52371;834;7
8522;49 jaar;Wettig gehuwd plus partnerschap;2039;54746;888;53858;53005;846;7
8523;49 jaar;Wettig gehuwd plus partnerschap;2040;56805;937;55868;54990;870;8
8524;49 jaar;Wettig gehuwd plus partnerschap;2041;56892;938;55954;55073;873;8
8525;49 jaar;Wettig gehuwd plus partnerschap;2042;56692;931;55761;54884;869;8
8526;49 jaar;Wettig gehuwd plus partnerschap;2043;56392;925;55467;54591;869;7
8527;49 jaar;Wettig gehuwd plus partnerschap;2044;56649;930;55719;54837;874;8
8528;49 jaar;Wettig gehuwd plus partnerschap;2045;55652;903;54749;53880;862;7
8529;49 jaar;Wettig gehuwd plus partnerschap;2046;55860;905;54955;54088;860;7
8530;49 jaar;Wettig gehuwd plus partnerschap;2047;55923;909;55014;54136;871;7
8531;49 jaar;Wettig gehuwd plus partnerschap;2048;57417;947;56470;55572;890;8
8532;49 jaar;Wettig gehuwd plus partnerschap;2049;57828;959;56869;55967;894;8
8533;49 jaar;Wettig gehuwd plus partnerschap;2050;58606;985;57621;56702;911;8
8534;49 jaar;Wettig gehuwd plus partnerschap;2051;58016;973;57043;56135;900;8
8535;49 jaar;Wettig gehuwd plus partnerschap;2052;57680;969;56711;55808;895;8
8536;49 jaar;Wettig gehuwd plus partnerschap;2053;57464;968;56496;55597;891;8
8537;49 jaar;Wettig gehuwd plus partnerschap;2054;55959;934;55025;54145;873;7
8538;49 jaar;Wettig gehuwd plus partnerschap;2055;54867;907;53960;53099;854;7
8539;49 jaar;Wettig gehuwd plus partnerschap;2056;54529;899;53630;52776;847;7
8540;49 jaar;Wettig gehuwd plus partnerschap;2057;53654;879;52775;51929;839;7
8541;49 jaar;Wettig gehuwd plus partnerschap;2058;54565;902;53663;52809;847;7
8542;49 jaar;Wettig gehuwd plus partnerschap;2059;54432;902;53530;52675;848;7
8543;49 jaar;Wettig gehuwd plus partnerschap;2060;54153;895;53258;52404;847;7
8544;49 jaar;Verweduwd;2013;2553;711;1842;127;1713;2
8545;49 jaar;Verweduwd;2014;2618;725;1893;136;1755;2
8546;49 jaar;Verweduwd;2015;2376;659;1717;115;1600;2
8547;49 jaar;Verweduwd;2016;2268;625;1643;118;1523;2
8548;49 jaar;Verweduwd;2017;2162;583;1579;116;1461;2
8549;49 jaar;Verweduwd;2018;2033;537;1496;107;1388;1
8550;49 jaar;Verweduwd;2019;2075;545;1530;115;1413;2
8551;49 jaar;Verweduwd;2020;1890;486;1404;101;1302;1
8552;49 jaar;Verweduwd;2021;1739;451;1288;93;1194;1
8553;49 jaar;Verweduwd;2022;1610;418;1192;86;1105;1
8554;49 jaar;Verweduwd;2023;1431;370;1061;74;986;1
8555;49 jaar;Verweduwd;2024;1364;350;1014;70;943;1
8556;49 jaar;Verweduwd;2025;1271;325;946;63;882;1
8557;49 jaar;Verweduwd;2026;1196;306;890;59;830;1
8558;49 jaar;Verweduwd;2027;1136;293;843;57;785;1
8559;49 jaar;Verweduwd;2028;1136;295;841;56;784;1
8560;49 jaar;Verweduwd;2029;1100;288;812;54;757;1
8561;49 jaar;Verweduwd;2030;1100;291;809;56;752;1
8562;49 jaar;Verweduwd;2031;1068;281;787;54;732;1
8563;49 jaar;Verweduwd;2032;1015;264;751;49;701;1
8564;49 jaar;Verweduwd;2033;991;257;734;48;685;1
8565;49 jaar;Verweduwd;2034;999;262;737;49;687;1
8566;49 jaar;Verweduwd;2035;998;259;739;49;689;1
8567;49 jaar;Verweduwd;2036;1006;262;744;50;693;1
8568;49 jaar;Verweduwd;2037;992;258;734;50;683;1
8569;49 jaar;Verweduwd;2038;984;253;731;50;680;1
8570;49 jaar;Verweduwd;2039;985;254;731;49;681;1
8571;49 jaar;Verweduwd;2040;1015;269;746;53;692;1
8572;49 jaar;Verweduwd;2041;1004;266;738;52;685;1
8573;49 jaar;Verweduwd;2042;987;260;727;51;675;1
8574;49 jaar;Verweduwd;2043;973;255;718;49;668;1
8575;49 jaar;Verweduwd;2044;964;253;711;48;662;1
8576;49 jaar;Verweduwd;2045;933;241;692;46;645;1
8577;49 jaar;Verweduwd;2046;921;238;683;45;637;1
8578;49 jaar;Verweduwd;2047;918;237;681;43;637;1
8579;49 jaar;Verweduwd;2048;932;245;687;45;641;1
8580;49 jaar;Verweduwd;2049;931;246;685;46;638;1
8581;49 jaar;Verweduwd;2050;941;252;689;46;642;1
8582;49 jaar;Verweduwd;2051;922;247;675;45;629;1
8583;49 jaar;Verweduwd;2052;905;243;662;45;616;1
8584;49 jaar;Verweduwd;2053;893;240;653;44;608;1
8585;49 jaar;Verweduwd;2054;861;229;632;41;590;1
8586;49 jaar;Verweduwd;2055;831;219;612;39;572;1
8587;49 jaar;Verweduwd;2056;815;215;600;38;561;1
8588;49 jaar;Verweduwd;2057;797;208;589;37;551;1
8589;49 jaar;Verweduwd;2058;800;212;588;37;550;1
8590;49 jaar;Verweduwd;2059;793;210;583;37;545;1
8591;49 jaar;Verweduwd;2060;783;207;576;36;539;1
8592;49 jaar;Gescheiden;2013;32368;12835;19533;5916;13535;82
8593;49 jaar;Gescheiden;2014;33055;12955;20100;5938;14086;76
8594;49 jaar;Gescheiden;2015;32911;12823;20088;5854;14161;73
8595;49 jaar;Gescheiden;2016;31451;12121;19330;5512;13748;70
8596;49 jaar;Gescheiden;2017;30835;11696;19139;5395;13680;64
8597;49 jaar;Gescheiden;2018;30679;11434;19245;5341;13841;63
8598;49 jaar;Gescheiden;2019;31343;11574;19769;5395;14312;62
8599;49 jaar;Gescheiden;2020;30155;11024;19131;5219;13853;59
8600;49 jaar;Gescheiden;2021;28223;10237;17986;4838;13094;54
8601;49 jaar;Gescheiden;2022;26376;9541;16835;4498;12288;49
8602;49 jaar;Gescheiden;2023;23889;8626;15263;4087;11132;44
8603;49 jaar;Gescheiden;2024;22477;8094;14383;3812;10530;41
8604;49 jaar;Gescheiden;2025;21044;7559;13485;3577;9870;38
8605;49 jaar;Gescheiden;2026;20439;7356;13083;3495;9551;37
8606;49 jaar;Gescheiden;2027;20154;7249;12905;3430;9439;36
8607;49 jaar;Gescheiden;2028;20071;7251;12820;3456;9328;36
8608;49 jaar;Gescheiden;2029;19825;7175;12650;3423;9191;36
8609;49 jaar;Gescheiden;2030;20280;7371;12909;3529;9344;36
8610;49 jaar;Gescheiden;2031;19787;7176;12611;3403;9172;36
8611;49 jaar;Gescheiden;2032;19060;6904;12156;3278;8844;34
8612;49 jaar;Gescheiden;2033;18837;6817;12020;3238;8749;33
8613;49 jaar;Gescheiden;2034;19309;7009;12300;3378;8887;35
8614;49 jaar;Gescheiden;2035;19492;7044;12448;3416;8997;35
8615;49 jaar;Gescheiden;2036;19882;7178;12704;3516;9153;35
8616;49 jaar;Gescheiden;2037;20065;7259;12806;3598;9172;36
8617;49 jaar;Gescheiden;2038;20067;7230;12837;3580;9221;36
8618;49 jaar;Gescheiden;2039;20384;7351;13033;3638;9359;36
8619;49 jaar;Gescheiden;2040;21354;7775;13579;3876;9664;39
8620;49 jaar;Gescheiden;2041;21412;7792;13620;3883;9698;39
8621;49 jaar;Gescheiden;2042;21287;7736;13551;3859;9653;39
8622;49 jaar;Gescheiden;2043;21208;7684;13524;3822;9663;39
8623;49 jaar;Gescheiden;2044;21330;7727;13603;3846;9718;39
8624;49 jaar;Gescheiden;2045;20790;7489;13301;3712;9552;37
8625;49 jaar;Gescheiden;2046;20764;7492;13272;3719;9516;37
8626;49 jaar;Gescheiden;2047;20887;7520;13367;3707;9623;37
8627;49 jaar;Gescheiden;2048;21602;7829;13773;3876;9858;39
8628;49 jaar;Gescheiden;2049;21802;7918;13884;3926;9918;40
8629;49 jaar;Gescheiden;2050;22329;8136;14193;4030;10123;40
8630;49 jaar;Gescheiden;2051;22046;8030;14016;3980;9996;40
8631;49 jaar;Gescheiden;2052;21927;7992;13935;3967;9928;40
8632;49 jaar;Gescheiden;2053;21896;7989;13907;3969;9898;40
8633;49 jaar;Gescheiden;2054;21212;7700;13512;3812;9661;39
8634;49 jaar;Gescheiden;2055;20648;7474;13174;3701;9436;37
8635;49 jaar;Gescheiden;2056;20471;7409;13062;3675;9350;37
8636;49 jaar;Gescheiden;2057;20113;7248;12865;3580;9249;36
8637;49 jaar;Gescheiden;2058;20540;7444;13096;3702;9357;37
8638;49 jaar;Gescheiden;2059;20546;7441;13105;3699;9369;37
8639;49 jaar;Gescheiden;2060;20472;7404;13068;3675;9356;37
8640;50 jaar;Totaal burgerlijke staat;2013;153207;37252;115955;96457;19099;399
8641;50 jaar;Totaal burgerlijke staat;2014;156170;38312;117858;97661;19793;404
8642;50 jaar;Totaal burgerlijke staat;2015;158720;39255;119465;98282;20776;407
8643;50 jaar;Totaal burgerlijke staat;2016;156067;38935;117132;95968;20773;391
8644;50 jaar;Totaal burgerlijke staat;2017;152866;38237;114629;93796;20447;386
8645;50 jaar;Totaal burgerlijke staat;2018;151761;38101;113660;92559;20720;381
8646;50 jaar;Totaal burgerlijke staat;2019;152739;38323;114416;92787;21246;383
8647;50 jaar;Totaal burgerlijke staat;2020;159396;40471;118925;96123;22401;401
8648;50 jaar;Totaal burgerlijke staat;2021;155460;39867;115593;93129;22069;395
8649;50 jaar;Totaal burgerlijke staat;2022;149008;38383;110625;88933;21312;380
8650;50 jaar;Totaal burgerlijke staat;2023;141543;36932;104611;83846;20402;363
8651;50 jaar;Totaal burgerlijke staat;2024;131027;34412;96615;77507;18770;338
8652;50 jaar;Totaal burgerlijke staat;2025;126506;33509;92997;74689;17981;327
8653;50 jaar;Totaal burgerlijke staat;2026;121367;32379;88988;71456;17217;315
8654;50 jaar;Totaal burgerlijke staat;2027;120614;32303;88311;71061;16936;314
8655;50 jaar;Totaal burgerlijke staat;2028;119013;31867;87146;70054;16782;310
8656;50 jaar;Totaal burgerlijke staat;2029;120283;32278;88005;70804;16889;312
8657;50 jaar;Totaal burgerlijke staat;2030;119859;32095;87764;70712;16741;311
8658;50 jaar;Totaal burgerlijke staat;2031;123396;33154;90242;72701;17220;321
8659;50 jaar;Totaal burgerlijke staat;2032;121401;32576;88825;71542;16968;315
8660;50 jaar;Totaal burgerlijke staat;2033;118564;31611;86953;70155;16492;306
8661;50 jaar;Totaal burgerlijke staat;2034;117932;31281;86651;69926;16422;303
8662;50 jaar;Totaal burgerlijke staat;2035;120713;31866;88847;71669;16868;310
8663;50 jaar;Totaal burgerlijke staat;2036;122360;32249;90111;72556;17241;314
8664;50 jaar;Totaal burgerlijke staat;2037;125250;32987;92263;74132;17808;323
8665;50 jaar;Totaal burgerlijke staat;2038;126628;33181;93447;75211;17911;325
8666;50 jaar;Totaal burgerlijke staat;2039;126138;32858;93280;75038;17919;323
8667;50 jaar;Totaal burgerlijke staat;2040;127327;33128;94199;75757;18116;326
8668;50 jaar;Totaal burgerlijke staat;2041;132051;34579;97472;78494;18639;339
8669;50 jaar;Totaal burgerlijke staat;2042;132162;34629;97533;78510;18684;339
8670;50 jaar;Totaal burgerlijke staat;2043;131302;34288;97014;78173;18505;336
8671;50 jaar;Totaal burgerlijke staat;2044;130559;34042;96517;77735;18449;333
8672;50 jaar;Totaal burgerlijke staat;2045;131106;34171;96935;78094;18506;335
8673;50 jaar;Totaal burgerlijke staat;2046;128623;33378;95245;76750;18167;328
8674;50 jaar;Totaal burgerlijke staat;2047;128889;33401;95488;77080;18080;328
8675;50 jaar;Totaal burgerlijke staat;2048;129413;33623;95790;77167;18294;329
8676;50 jaar;Totaal burgerlijke staat;2049;133091;34784;98307;79241;18725;341
8677;50 jaar;Totaal burgerlijke staat;2050;134151;35170;98981;79807;18830;344
8678;50 jaar;Totaal burgerlijke staat;2051;136414;35977;100437;80870;19215;352
8679;50 jaar;Totaal burgerlijke staat;2052;134967;35587;99380;80067;18966;347
8680;50 jaar;Totaal burgerlijke staat;2053;134176;35394;98782;79613;18823;346
8681;50 jaar;Totaal burgerlijke staat;2054;133735;35319;98416;79317;18754;345
8682;50 jaar;Totaal burgerlijke staat;2055;130109;34231;95878;77239;18305;334
8683;50 jaar;Totaal burgerlijke staat;2056;127273;33335;93938;75747;17865;326
8684;50 jaar;Totaal burgerlijke staat;2057;126331;33033;93298;75283;17692;323
8685;50 jaar;Totaal burgerlijke staat;2058;124306;32438;91868;74050;17501;317
8686;50 jaar;Totaal burgerlijke staat;2059;126370;33064;93306;75297;17685;324
8687;50 jaar;Totaal burgerlijke staat;2060;126140;33038;93102;75076;17703;323
8688;50 jaar;Ongehuwd;2013;33754;20850;12904;9548;3062;294
8689;50 jaar;Ongehuwd;2014;36085;22021;14064;10455;3303;306
8690;50 jaar;Ongehuwd;2015;38489;22849;15640;11577;3751;312
8691;50 jaar;Ongehuwd;2016;39285;22941;16344;12118;3927;299
8692;50 jaar;Ongehuwd;2017;40629;23158;17471;13070;4102;299
8693;50 jaar;Ongehuwd;2018;42551;23622;18929;14123;4505;301
8694;50 jaar;Ongehuwd;2019;44887;24219;20668;15407;4956;305
8695;50 jaar;Ongehuwd;2020;49466;26207;23259;17345;5589;325
8696;50 jaar;Ongehuwd;2021;50394;26327;24067;17891;5853;323
8697;50 jaar;Ongehuwd;2022;50096;25778;24318;17994;6010;314
8698;50 jaar;Ongehuwd;2023;49421;25178;24243;17899;6042;302
8699;50 jaar;Ongehuwd;2024;46961;23772;23189;17157;5748;284
8700;50 jaar;Ongehuwd;2025;46535;23494;23041;17132;5632;277
8701;50 jaar;Ongehuwd;2026;45887;23001;22886;16997;5621;268
8702;50 jaar;Ongehuwd;2027;46721;23180;23541;17553;5719;269
8703;50 jaar;Ongehuwd;2028;46337;22884;23453;17448;5740;265
8704;50 jaar;Ongehuwd;2029;47194;23289;23905;17686;5951;268
8705;50 jaar;Ongehuwd;2030;47104;23196;23908;17672;5969;267
8706;50 jaar;Ongehuwd;2031;48865;24026;24839;18283;6280;276
8707;50 jaar;Ongehuwd;2032;48511;23690;24821;18318;6232;271
8708;50 jaar;Ongehuwd;2033;47589;23067;24522;18121;6136;265
8709;50 jaar;Ongehuwd;2034;47390;22850;24540;18099;6179;262
8710;50 jaar;Ongehuwd;2035;48363;23211;25152;18421;6464;267
8711;50 jaar;Ongehuwd;2036;49219;23550;25669;18692;6706;271
8712;50 jaar;Ongehuwd;2037;50614;24129;26485;19113;7094;278
8713;50 jaar;Ongehuwd;2038;50933;24233;26700;19237;7183;280
8714;50 jaar;Ongehuwd;2039;50412;23946;26466;19043;7145;278
8715;50 jaar;Ongehuwd;2040;50621;24075;26546;19075;7191;280
8716;50 jaar;Ongehuwd;2041;52270;25019;27251;19586;7374;291
8717;50 jaar;Ongehuwd;2042;52249;25054;27195;19514;7390;291
8718;50 jaar;Ongehuwd;2043;51736;24784;26952;19391;7272;289
8719;50 jaar;Ongehuwd;2044;51388;24602;26786;19283;7217;286
8720;50 jaar;Ongehuwd;2045;51561;24682;26879;19371;7220;288
8721;50 jaar;Ongehuwd;2046;50653;24176;26477;19119;7077;281
8722;50 jaar;Ongehuwd;2047;50751;24201;26550;19232;7036;282
8723;50 jaar;Ongehuwd;2048;51083;24386;26697;19280;7134;283
8724;50 jaar;Ongehuwd;2049;52521;25178;27343;19744;7307;292
8725;50 jaar;Ongehuwd;2050;52969;25460;27509;19863;7351;295
8726;50 jaar;Ongehuwd;2051;53902;26006;27896;20083;7512;301
8727;50 jaar;Ongehuwd;2052;53355;25747;27608;19897;7414;297
8728;50 jaar;Ongehuwd;2053;53044;25607;27437;19783;7358;296
8729;50 jaar;Ongehuwd;2054;52863;25540;27323;19696;7332;295
8730;50 jaar;Ongehuwd;2055;51475;24802;26673;19229;7157;287
8731;50 jaar;Ongehuwd;2056;50338;24183;26155;18896;6979;280
8732;50 jaar;Ongehuwd;2057;49931;23963;25968;18782;6909;277
8733;50 jaar;Ongehuwd;2058;49167;23563;25604;18493;6839;272
8734;50 jaar;Ongehuwd;2059;49882;23961;25921;18735;6908;278
8735;50 jaar;Ongehuwd;2060;49790;23939;25851;18654;6920;277
8736;50 jaar;Wettig gehuwd plus partnerschap;2013;84119;1793;82326;81049;1260;17
8737;50 jaar;Wettig gehuwd plus partnerschap;2014;84061;1643;82418;81158;1245;15
8738;50 jaar;Wettig gehuwd plus partnerschap;2015;83508;1618;81890;80623;1253;14
8739;50 jaar;Wettig gehuwd plus partnerschap;2016;80550;1478;79072;77867;1191;14
8740;50 jaar;Wettig gehuwd plus partnerschap;2017;77599;1378;76221;75075;1133;13
8741;50 jaar;Wettig gehuwd plus partnerschap;2018;75335;1293;74042;72926;1104;12
8742;50 jaar;Wettig gehuwd plus partnerschap;2019;74289;1242;73047;71939;1096;12
8743;50 jaar;Wettig gehuwd plus partnerschap;2020;75655;1246;74409;73278;1120;11
8744;50 jaar;Wettig gehuwd plus partnerschap;2021;72208;1179;71029;69937;1082;10
8745;50 jaar;Wettig gehuwd plus partnerschap;2022;68170;1114;67056;66019;1027;10
8746;50 jaar;Wettig gehuwd plus partnerschap;2023;63400;1046;62354;61374;971;9
8747;50 jaar;Wettig gehuwd plus partnerschap;2024;58062;961;57101;56199;894;8
8748;50 jaar;Wettig gehuwd plus partnerschap;2025;55462;919;54543;53679;857;7
8749;50 jaar;Wettig gehuwd plus partnerschap;2026;52522;876;51646;50822;817;7
8750;50 jaar;Wettig gehuwd plus partnerschap;2027;51623;860;50763;49956;800;7
8751;50 jaar;Wettig gehuwd plus partnerschap;2028;50760;846;49914;49121;786;7
8752;50 jaar;Wettig gehuwd plus partnerschap;2029;51253;851;50402;49609;786;7
8753;50 jaar;Wettig gehuwd plus partnerschap;2030;51201;849;50352;49564;781;7
8754;50 jaar;Wettig gehuwd plus partnerschap;2031;52511;873;51638;50836;795;7
8755;50 jaar;Wettig gehuwd plus partnerschap;2032;51405;848;50557;49766;784;7
8756;50 jaar;Wettig gehuwd plus partnerschap;2033;50290;816;49474;48706;762;6
8757;50 jaar;Wettig gehuwd plus partnerschap;2034;50108;804;49304;48541;757;6
8758;50 jaar;Wettig gehuwd plus partnerschap;2035;51428;826;50602;49823;772;7
8759;50 jaar;Wettig gehuwd plus partnerschap;2036;52026;833;51193;50400;786;7
8760;50 jaar;Wettig gehuwd plus partnerschap;2037;53112;850;52262;51454;801;7
8761;50 jaar;Wettig gehuwd plus partnerschap;2038;53999;860;53139;52328;804;7
8762;50 jaar;Wettig gehuwd plus partnerschap;2039;54040;856;53184;52369;808;7
8763;50 jaar;Wettig gehuwd plus partnerschap;2040;54694;868;53826;52999;820;7
8764;50 jaar;Wettig gehuwd plus partnerschap;2041;56751;916;55835;54985;843;7
8765;50 jaar;Wettig gehuwd plus partnerschap;2042;56838;917;55921;55068;846;7
8766;50 jaar;Wettig gehuwd plus partnerschap;2043;56639;910;55729;54880;842;7
8767;50 jaar;Wettig gehuwd plus partnerschap;2044;56343;904;55439;54589;843;7
8768;50 jaar;Wettig gehuwd plus partnerschap;2045;56601;910;55691;54837;847;7
8769;50 jaar;Wettig gehuwd plus partnerschap;2046;55606;884;54722;53880;835;7
8770;50 jaar;Wettig gehuwd plus partnerschap;2047;55816;885;54931;54090;834;7
8771;50 jaar;Wettig gehuwd plus partnerschap;2048;55882;889;54993;54142;844;7
8772;50 jaar;Wettig gehuwd plus partnerschap;2049;57377;926;56451;55581;862;8
8773;50 jaar;Wettig gehuwd plus partnerschap;2050;57789;937;56852;55978;866;8
8774;50 jaar;Wettig gehuwd plus partnerschap;2051;58567;961;57606;56716;882;8
8775;50 jaar;Wettig gehuwd plus partnerschap;2052;57980;949;57031;56151;872;8
8776;50 jaar;Wettig gehuwd plus partnerschap;2053;57644;945;56699;55825;866;8
8777;50 jaar;Wettig gehuwd plus partnerschap;2054;57429;944;56485;55614;863;8
8778;50 jaar;Wettig gehuwd plus partnerschap;2055;55923;910;55013;54162;844;7
8779;50 jaar;Wettig gehuwd plus partnerschap;2056;54833;884;53949;53115;827;7
8780;50 jaar;Wettig gehuwd plus partnerschap;2057;54496;877;53619;52792;820;7
8781;50 jaar;Wettig gehuwd plus partnerschap;2058;53620;857;52763;51943;813;7
8782;50 jaar;Wettig gehuwd plus partnerschap;2059;54532;879;53653;52826;820;7
8783;50 jaar;Wettig gehuwd plus partnerschap;2060;54397;878;53519;52691;821;7
8784;50 jaar;Verweduwd;2013;2902;869;2033;148;1882;3
8785;50 jaar;Verweduwd;2014;2821;868;1953;137;1814;2
8786;50 jaar;Verweduwd;2015;2872;877;1995;146;1846;3
8787;50 jaar;Verweduwd;2016;2619;799;1820;126;1692;2
8788;50 jaar;Verweduwd;2017;2495;752;1743;126;1615;2
8789;50 jaar;Verweduwd;2018;2378;701;1677;123;1552;2
8790;50 jaar;Verweduwd;2019;2248;651;1597;113;1482;2
8791;50 jaar;Verweduwd;2020;2289;658;1631;121;1508;2
8792;50 jaar;Verweduwd;2021;2096;591;1505;107;1396;2
8793;50 jaar;Verweduwd;2022;1929;547;1382;99;1282;1
8794;50 jaar;Verweduwd;2023;1785;505;1280;91;1188;1
8795;50 jaar;Verweduwd;2024;1591;449;1142;79;1062;1
8796;50 jaar;Verweduwd;2025;1514;425;1089;74;1014;1
8797;50 jaar;Verweduwd;2026;1410;395;1015;66;948;1
8798;50 jaar;Verweduwd;2027;1331;372;959;63;895;1
8799;50 jaar;Verweduwd;2028;1268;357;911;61;849;1
8800;50 jaar;Verweduwd;2029;1266;359;907;59;847;1
8801;50 jaar;Verweduwd;2030;1229;351;878;58;819;1
8802;50 jaar;Verweduwd;2031;1229;353;876;59;816;1
8803;50 jaar;Verweduwd;2032;1192;341;851;57;793;1
8804;50 jaar;Verweduwd;2033;1134;322;812;52;759;1
8805;50 jaar;Verweduwd;2034;1109;313;796;51;744;1
8806;50 jaar;Verweduwd;2035;1117;318;799;52;746;1
8807;50 jaar;Verweduwd;2036;1117;316;801;52;748;1
8808;50 jaar;Verweduwd;2037;1125;318;807;54;752;1
8809;50 jaar;Verweduwd;2038;1111;314;797;54;742;1
8810;50 jaar;Verweduwd;2039;1099;308;791;52;738;1
8811;50 jaar;Verweduwd;2040;1103;310;793;52;740;1
8812;50 jaar;Verweduwd;2041;1135;327;808;56;751;1
8813;50 jaar;Verweduwd;2042;1122;322;800;55;744;1
8814;50 jaar;Verweduwd;2043;1103;316;787;54;732;1
8815;50 jaar;Verweduwd;2044;1086;310;776;52;723;1
8816;50 jaar;Verweduwd;2045;1077;307;770;51;718;1
8817;50 jaar;Verweduwd;2046;1042;293;749;48;700;1
8818;50 jaar;Verweduwd;2047;1029;289;740;48;691;1
8819;50 jaar;Verweduwd;2048;1024;287;737;46;690;1
8820;50 jaar;Verweduwd;2049;1043;298;745;49;695;1
8821;50 jaar;Verweduwd;2050;1039;298;741;49;691;1
8822;50 jaar;Verweduwd;2051;1053;306;747;50;696;1
8823;50 jaar;Verweduwd;2052;1029;299;730;48;681;1
8824;50 jaar;Verweduwd;2053;1009;293;716;47;668;1
8825;50 jaar;Verweduwd;2054;997;291;706;47;658;1
8826;50 jaar;Verweduwd;2055;960;277;683;43;639;1
8827;50 jaar;Verweduwd;2056;926;265;661;41;619;1
8828;50 jaar;Verweduwd;2057;909;260;649;40;608;1
8829;50 jaar;Verweduwd;2058;887;252;635;38;596;1
8830;50 jaar;Verweduwd;2059;893;256;637;40;596;1
8831;50 jaar;Verweduwd;2060;883;254;629;39;589;1
8832;50 jaar;Gescheiden;2013;32432;13740;18692;5712;12895;85
8833;50 jaar;Gescheiden;2014;33203;13780;19423;5911;13431;81
8834;50 jaar;Gescheiden;2015;33851;13911;19940;5936;13926;78
8835;50 jaar;Gescheiden;2016;33613;13717;19896;5857;13963;76
8836;50 jaar;Gescheiden;2017;32143;12949;19194;5525;13597;72
8837;50 jaar;Gescheiden;2018;31497;12485;19012;5387;13559;66
8838;50 jaar;Gescheiden;2019;31315;12211;19104;5328;13712;64
8839;50 jaar;Gescheiden;2020;31986;12360;19626;5379;14184;63
8840;50 jaar;Gescheiden;2021;30762;11770;18992;5194;13738;60
8841;50 jaar;Gescheiden;2022;28813;10944;17869;4821;12993;55
8842;50 jaar;Gescheiden;2023;26937;10203;16734;4482;12201;51
8843;50 jaar;Gescheiden;2024;24413;9230;15183;4072;11066;45
8844;50 jaar;Gescheiden;2025;22995;8671;14324;3804;10478;42
8845;50 jaar;Gescheiden;2026;21548;8107;13441;3571;9831;39
8846;50 jaar;Gescheiden;2027;20939;7891;13048;3489;9522;37
8847;50 jaar;Gescheiden;2028;20648;7780;12868;3424;9407;37
8848;50 jaar;Gescheiden;2029;20570;7779;12791;3450;9305;36
8849;50 jaar;Gescheiden;2030;20325;7699;12626;3418;9172;36
8850;50 jaar;Gescheiden;2031;20791;7902;12889;3523;9329;37
8851;50 jaar;Gescheiden;2032;20293;7697;12596;3401;9159;36
8852;50 jaar;Gescheiden;2033;19551;7406;12145;3276;8835;34
8853;50 jaar;Gescheiden;2034;19325;7314;12011;3235;8742;34
8854;50 jaar;Gescheiden;2035;19805;7511;12294;3373;8886;35
8855;50 jaar;Gescheiden;2036;19998;7550;12448;3412;9001;35
8856;50 jaar;Gescheiden;2037;20399;7690;12709;3511;9161;37
8857;50 jaar;Gescheiden;2038;20585;7774;12811;3592;9182;37
8858;50 jaar;Gescheiden;2039;20587;7748;12839;3574;9228;37
8859;50 jaar;Gescheiden;2040;20909;7875;13034;3631;9365;38
8860;50 jaar;Gescheiden;2041;21895;8317;13578;3867;9671;40
8861;50 jaar;Gescheiden;2042;21953;8336;13617;3873;9704;40
8862;50 jaar;Gescheiden;2043;21824;8278;13546;3848;9659;39
8863;50 jaar;Gescheiden;2044;21742;8226;13516;3811;9666;39
8864;50 jaar;Gescheiden;2045;21867;8272;13595;3835;9721;39
8865;50 jaar;Gescheiden;2046;21322;8025;13297;3703;9555;39
8866;50 jaar;Gescheiden;2047;21293;8026;13267;3710;9519;38
8867;50 jaar;Gescheiden;2048;21424;8061;13363;3699;9626;38
8868;50 jaar;Gescheiden;2049;22150;8382;13768;3867;9861;40
8869;50 jaar;Gescheiden;2050;22354;8475;13879;3917;9922;40
8870;50 jaar;Gescheiden;2051;22892;8704;14188;4021;10125;42
8871;50 jaar;Gescheiden;2052;22603;8592;14011;3971;9999;41
8872;50 jaar;Gescheiden;2053;22479;8549;13930;3958;9931;41
8873;50 jaar;Gescheiden;2054;22446;8544;13902;3960;9901;41
8874;50 jaar;Gescheiden;2055;21751;8242;13509;3805;9665;39
8875;50 jaar;Gescheiden;2056;21176;8003;13173;3695;9440;38
8876;50 jaar;Gescheiden;2057;20995;7933;13062;3669;9355;38
8877;50 jaar;Gescheiden;2058;20632;7766;12866;3576;9253;37
8878;50 jaar;Gescheiden;2059;21063;7968;13095;3696;9361;38
8879;50 jaar;Gescheiden;2060;21070;7967;13103;3692;9373;38
8880;51 jaar;Totaal burgerlijke staat;2013;151713;37552;114161;95700;18033;428
8881;51 jaar;Totaal burgerlijke staat;2014;153377;38416;114961;95822;18726;413
8882;51 jaar;Totaal burgerlijke staat;2015;156319;39468;116851;97082;19347;422
8883;51 jaar;Totaal burgerlijke staat;2016;158809;40376;118433;97778;20227;428
8884;51 jaar;Totaal burgerlijke staat;2017;156158;39975;116183;95497;20273;413
8885;51 jaar;Totaal burgerlijke staat;2018;153024;39238;113786;93352;20028;406
8886;51 jaar;Totaal burgerlijke staat;2019;151937;39103;112834;92120;20313;401
8887;51 jaar;Totaal burgerlijke staat;2020;152908;39329;113579;92340;20835;404
8888;51 jaar;Totaal burgerlijke staat;2021;159556;41510;118046;95654;21969;423
8889;51 jaar;Totaal burgerlijke staat;2022;155624;40864;114760;92691;21653;416
8890;51 jaar;Totaal burgerlijke staat;2023;149184;39340;109844;88530;20914;400
8891;51 jaar;Totaal burgerlijke staat;2024;141726;37836;103890;83482;20025;383
8892;51 jaar;Totaal burgerlijke staat;2025;131221;35235;95986;77191;18439;356
8893;51 jaar;Totaal burgerlijke staat;2026;126699;34296;92403;74393;17666;344
8894;51 jaar;Totaal burgerlijke staat;2027;121557;33129;88428;71183;16914;331
8895;51 jaar;Totaal burgerlijke staat;2028;120813;33049;87764;70788;16645;331
8896;51 jaar;Totaal burgerlijke staat;2029;119210;32610;86600;69785;16489;326
8897;51 jaar;Totaal burgerlijke staat;2030;120474;33021;87453;70524;16600;329
8898;51 jaar;Totaal burgerlijke staat;2031;120042;32827;87215;70430;16458;327
8899;51 jaar;Totaal burgerlijke staat;2032;123569;33900;89669;72405;16926;338
8900;51 jaar;Totaal burgerlijke staat;2033;121581;33318;88263;71247;16684;332
8901;51 jaar;Totaal burgerlijke staat;2034;118731;32332;86399;69862;16215;322
8902;51 jaar;Totaal burgerlijke staat;2035;118103;32005;86098;69632;16147;319
8903;51 jaar;Totaal burgerlijke staat;2036;120880;32601;88279;71366;16587;326
8904;51 jaar;Totaal burgerlijke staat;2037;122528;32990;89538;72249;16958;331
8905;51 jaar;Totaal burgerlijke staat;2038;125421;33749;91672;73819;17514;339
8906;51 jaar;Totaal burgerlijke staat;2039;126802;33950;92852;74897;17613;342
8907;51 jaar;Totaal burgerlijke staat;2040;126305;33627;92678;74724;17615;339
8908;51 jaar;Totaal burgerlijke staat;2041;127497;33908;93589;75440;17807;342
8909;51 jaar;Totaal burgerlijke staat;2042;132218;35368;96850;78171;18322;357
8910;51 jaar;Totaal burgerlijke staat;2043;132336;35423;96913;78190;18365;358
8911;51 jaar;Totaal burgerlijke staat;2044;131474;35076;96398;77853;18190;355
8912;51 jaar;Totaal burgerlijke staat;2045;130736;34834;95902;77419;18131;352
8913;51 jaar;Totaal burgerlijke staat;2046;131281;34964;96317;77777;18187;353
8914;51 jaar;Totaal burgerlijke staat;2047;128802;34163;94639;76440;17854;345
8915;51 jaar;Totaal burgerlijke staat;2048;129063;34182;94881;76769;17767;345
8916;51 jaar;Totaal burgerlijke staat;2049;129592;34413;95179;76858;17974;347
8917;51 jaar;Totaal burgerlijke staat;2050;133268;35581;97687;78930;18398;359
8918;51 jaar;Totaal burgerlijke staat;2051;134331;35970;98361;79497;18502;362
8919;51 jaar;Totaal burgerlijke staat;2052;136593;36785;99808;80561;18878;369
8920;51 jaar;Totaal burgerlijke staat;2053;135150;36384;98766;79765;18636;365
8921;51 jaar;Totaal burgerlijke staat;2054;134360;36186;98174;79317;18493;364
8922;51 jaar;Totaal burgerlijke staat;2055;133921;36106;97815;79026;18425;364
8923;51 jaar;Totaal burgerlijke staat;2056;130296;35004;95292;76956;17984;352
8924;51 jaar;Totaal burgerlijke staat;2057;127459;34096;93363;75471;17549;343
8925;51 jaar;Totaal burgerlijke staat;2058;126515;33787;92728;75009;17380;339
8926;51 jaar;Totaal burgerlijke staat;2059;124490;33188;91302;73780;17189;333
8927;51 jaar;Totaal burgerlijke staat;2060;126556;33818;92738;75027;17371;340
8928;51 jaar;Ongehuwd;2013;31987;20114;11873;8830;2723;320
8929;51 jaar;Ongehuwd;2014;33692;20972;12720;9454;2958;308
8930;51 jaar;Ongehuwd;2015;36002;22128;13874;10359;3194;321
8931;51 jaar;Ongehuwd;2016;38375;22964;15411;11469;3613;329
8932;51 jaar;Ongehuwd;2017;39152;23043;16109;11999;3793;317
8933;51 jaar;Ongehuwd;2018;40494;23270;17224;12929;3978;317
8934;51 jaar;Ongehuwd;2019;42408;23751;18657;13967;4371;319
8935;51 jaar;Ongehuwd;2020;44711;24359;20352;15218;4811;323
8936;51 jaar;Ongehuwd;2021;49254;26362;22892;17119;5429;344
8937;51 jaar;Ongehuwd;2022;50178;26479;23699;17668;5690;341
8938;51 jaar;Ongehuwd;2023;49857;25932;23925;17753;5841;331
8939;51 jaar;Ongehuwd;2024;49159;25325;23834;17645;5870;319
8940;51 jaar;Ongehuwd;2025;46698;23906;22792;16909;5584;299
8941;51 jaar;Ongehuwd;2026;46249;23617;22632;16871;5469;292
8942;51 jaar;Ongehuwd;2027;45583;23118;22465;16728;5454;283
8943;51 jaar;Ongehuwd;2028;46419;23308;23111;17274;5553;284
8944;51 jaar;Ongehuwd;2029;46046;23020;23026;17174;5572;280
8945;51 jaar;Ongehuwd;2030;46894;23431;23463;17402;5779;282
8946;51 jaar;Ongehuwd;2031;46800;23336;23464;17388;5795;281
8947;51 jaar;Ongehuwd;2032;48547;24172;24375;17986;6098;291
8948;51 jaar;Ongehuwd;2033;48204;23842;24362;18024;6052;286
8949;51 jaar;Ongehuwd;2034;47288;23222;24066;17827;5960;279
8950;51 jaar;Ongehuwd;2035;47089;23011;24078;17801;6001;276
8951;51 jaar;Ongehuwd;2036;48051;23379;24672;18113;6277;282
8952;51 jaar;Ongehuwd;2037;48903;23723;25180;18379;6515;286
8953;51 jaar;Ongehuwd;2038;50293;24315;25978;18793;6892;293
8954;51 jaar;Ongehuwd;2039;50614;24423;26191;18917;6978;296
8955;51 jaar;Ongehuwd;2040;50090;24133;25957;18725;6939;293
8956;51 jaar;Ongehuwd;2041;50297;24263;26034;18756;6983;295
8957;51 jaar;Ongehuwd;2042;51934;25204;26730;19263;7160;307
8958;51 jaar;Ongehuwd;2043;51917;25241;26676;19191;7177;308
8959;51 jaar;Ongehuwd;2044;51408;24969;26439;19071;7063;305
8960;51 jaar;Ongehuwd;2045;51065;24788;26277;18965;7009;303
8961;51 jaar;Ongehuwd;2046;51232;24867;26365;19050;7012;303
8962;51 jaar;Ongehuwd;2047;50336;24362;25974;18802;6875;297
8963;51 jaar;Ongehuwd;2048;50431;24385;26046;18914;6835;297
8964;51 jaar;Ongehuwd;2049;50763;24573;26190;18962;6929;299
8965;51 jaar;Ongehuwd;2050;52187;25363;26824;19418;7097;309
8966;51 jaar;Ongehuwd;2051;52629;25645;26984;19534;7139;311
8967;51 jaar;Ongehuwd;2052;53560;26191;27369;19756;7296;317
8968;51 jaar;Ongehuwd;2053;53017;25929;27088;19573;7201;314
8969;51 jaar;Ongehuwd;2054;52712;25788;26924;19464;7147;313
8970;51 jaar;Ongehuwd;2055;52533;25720;26813;19380;7121;312
8971;51 jaar;Ongehuwd;2056;51157;24981;26176;18922;6951;303
8972;51 jaar;Ongehuwd;2057;50033;24363;25670;18597;6778;295
8973;51 jaar;Ongehuwd;2058;49629;24141;25488;18485;6711;292
8974;51 jaar;Ongehuwd;2059;48875;23743;25132;18202;6643;287
8975;51 jaar;Ongehuwd;2060;49586;24141;25445;18442;6710;293
8976;51 jaar;Wettig gehuwd plus partnerschap;2013;84111;1816;82295;81098;1180;17
8977;51 jaar;Wettig gehuwd plus partnerschap;2014;83411;1730;81681;80485;1180;16
8978;51 jaar;Wettig gehuwd plus partnerschap;2015;83424;1591;81833;80657;1162;14
8979;51 jaar;Wettig gehuwd plus partnerschap;2016;82908;1536;81372;80197;1161;14
8980;51 jaar;Wettig gehuwd plus partnerschap;2017;80047;1422;78625;77493;1119;13
8981;51 jaar;Wettig gehuwd plus partnerschap;2018;77175;1335;75840;74746;1081;13
8982;51 jaar;Wettig gehuwd plus partnerschap;2019;74969;1264;73705;72633;1061;11
8983;51 jaar;Wettig gehuwd plus partnerschap;2020;73965;1220;72745;71676;1058;11
8984;51 jaar;Wettig gehuwd plus partnerschap;2021;75353;1228;74125;73030;1084;11
8985;51 jaar;Wettig gehuwd plus partnerschap;2022;71948;1164;70784;69725;1049;10
8986;51 jaar;Wettig gehuwd plus partnerschap;2023;67964;1103;66861;65855;997;9
8987;51 jaar;Wettig gehuwd plus partnerschap;2024;63252;1038;62214;61261;944;9
8988;51 jaar;Wettig gehuwd plus partnerschap;2025;57959;954;57005;56126;871;8
8989;51 jaar;Wettig gehuwd plus partnerschap;2026;55395;916;54479;53636;836;7
8990;51 jaar;Wettig gehuwd plus partnerschap;2027;52487;874;51613;50809;797;7
8991;51 jaar;Wettig gehuwd plus partnerschap;2028;51598;858;50740;49953;780;7
8992;51 jaar;Wettig gehuwd plus partnerschap;2029;50735;843;49892;49118;767;7
8993;51 jaar;Wettig gehuwd plus partnerschap;2030;51226;848;50378;49604;767;7
8994;51 jaar;Wettig gehuwd plus partnerschap;2031;51170;845;50325;49556;762;7
8995;51 jaar;Wettig gehuwd plus partnerschap;2032;52476;867;51609;50827;775;7
8996;51 jaar;Wettig gehuwd plus partnerschap;2033;51373;844;50529;49756;766;7
8997;51 jaar;Wettig gehuwd plus partnerschap;2034;50256;811;49445;48696;743;6
8998;51 jaar;Wettig gehuwd plus partnerschap;2035;50078;801;49277;48532;739;6
8999;51 jaar;Wettig gehuwd plus partnerschap;2036;51398;822;50576;49816;754;6
9000;51 jaar;Wettig gehuwd plus partnerschap;2037;51996;827;51169;50395;767;7
9001;51 jaar;Wettig gehuwd plus partnerschap;2038;53085;845;52240;51451;782;7
9002;51 jaar;Wettig gehuwd plus partnerschap;2039;53970;855;53115;52324;784;7
9003;51 jaar;Wettig gehuwd plus partnerschap;2040;54008;851;53157;52362;788;7
9004;51 jaar;Wettig gehuwd plus partnerschap;2041;54662;864;53798;52991;800;7
9005;51 jaar;Wettig gehuwd plus partnerschap;2042;56718;909;55809;54980;822;7
9006;51 jaar;Wettig gehuwd plus partnerschap;2043;56808;911;55897;55065;825;7
9007;51 jaar;Wettig gehuwd plus partnerschap;2044;56607;904;55703;54874;822;7
9008;51 jaar;Wettig gehuwd plus partnerschap;2045;56313;899;55414;54585;822;7
9009;51 jaar;Wettig gehuwd plus partnerschap;2046;56574;904;55670;54836;827;7
9010;51 jaar;Wettig gehuwd plus partnerschap;2047;55580;879;54701;53879;815;7
9011;51 jaar;Wettig gehuwd plus partnerschap;2048;55791;880;54911;54091;813;7
9012;51 jaar;Wettig gehuwd plus partnerschap;2049;55858;885;54973;54143;823;7
9013;51 jaar;Wettig gehuwd plus partnerschap;2050;57355;919;56436;55589;840;7
9014;51 jaar;Wettig gehuwd plus partnerschap;2051;57772;930;56842;55989;845;8
9015;51 jaar;Wettig gehuwd plus partnerschap;2052;58550;953;57597;56729;860;8
9016;51 jaar;Wettig gehuwd plus partnerschap;2053;57965;941;57024;56165;851;8
9017;51 jaar;Wettig gehuwd plus partnerschap;2054;57629;935;56694;55842;844;8
9018;51 jaar;Wettig gehuwd plus partnerschap;2055;57418;935;56483;55633;842;8
9019;51 jaar;Wettig gehuwd plus partnerschap;2056;55910;902;55008;54177;824;7
9020;51 jaar;Wettig gehuwd plus partnerschap;2057;54818;877;53941;53128;806;7
9021;51 jaar;Wettig gehuwd plus partnerschap;2058;54482;869;53613;52806;800;7
9022;51 jaar;Wettig gehuwd plus partnerschap;2059;53605;851;52754;51955;792;7
9023;51 jaar;Wettig gehuwd plus partnerschap;2060;54517;871;53646;52840;799;7
9024;51 jaar;Verweduwd;2013;3280;1137;2143;145;1995;3
9025;51 jaar;Verweduwd;2014;3183;1062;2121;162;1956;3
9026;51 jaar;Verweduwd;2015;3093;1048;2045;151;1891;3
9027;51 jaar;Verweduwd;2016;3129;1050;2079;162;1914;3
9028;51 jaar;Verweduwd;2017;2866;957;1909;140;1766;3
9029;51 jaar;Verweduwd;2018;2729;898;1831;139;1690;2
9030;51 jaar;Verweduwd;2019;2601;838;1763;134;1627;2
9031;51 jaar;Verweduwd;2020;2470;782;1688;124;1562;2
9032;51 jaar;Verweduwd;2021;2508;788;1720;132;1586;2
9033;51 jaar;Verweduwd;2022;2304;712;1592;117;1473;2
9034;51 jaar;Verweduwd;2023;2124;658;1466;108;1356;2
9035;51 jaar;Verweduwd;2024;1967;608;1359;100;1257;2
9036;51 jaar;Verweduwd;2025;1755;541;1214;87;1126;1
9037;51 jaar;Verweduwd;2026;1668;512;1156;81;1074;1
9038;51 jaar;Verweduwd;2027;1555;477;1078;73;1004;1
9039;51 jaar;Verweduwd;2028;1472;452;1020;69;950;1
9040;51 jaar;Verweduwd;2029;1404;433;971;66;904;1
9041;51 jaar;Verweduwd;2030;1402;434;968;66;901;1
9042;51 jaar;Verweduwd;2031;1362;424;938;64;873;1
9043;51 jaar;Verweduwd;2032;1363;428;935;65;869;1
9044;51 jaar;Verweduwd;2033;1323;413;910;62;847;1
9045;51 jaar;Verweduwd;2034;1259;390;869;58;810;1
9046;51 jaar;Verweduwd;2035;1231;380;851;56;794;1
9047;51 jaar;Verweduwd;2036;1241;385;856;58;797;1
9048;51 jaar;Verweduwd;2037;1240;382;858;58;799;1
9049;51 jaar;Verweduwd;2038;1247;384;863;59;803;1
9050;51 jaar;Verweduwd;2039;1234;380;854;60;793;1
9051;51 jaar;Verweduwd;2040;1221;374;847;58;788;1
9052;51 jaar;Verweduwd;2041;1225;376;849;58;790;1
9053;51 jaar;Verweduwd;2042;1258;394;864;61;802;1
9054;51 jaar;Verweduwd;2043;1244;389;855;61;793;1
9055;51 jaar;Verweduwd;2044;1222;381;841;59;781;1
9056;51 jaar;Verweduwd;2045;1204;374;830;57;772;1
9057;51 jaar;Verweduwd;2046;1194;371;823;56;766;1
9058;51 jaar;Verweduwd;2047;1156;355;801;54;746;1
9059;51 jaar;Verweduwd;2048;1139;350;789;52;736;1
9060;51 jaar;Verweduwd;2049;1136;348;788;51;736;1
9061;51 jaar;Verweduwd;2050;1154;359;795;53;741;1
9062;51 jaar;Verweduwd;2051;1152;360;792;54;737;1
9063;51 jaar;Verweduwd;2052;1164;368;796;54;741;1
9064;51 jaar;Verweduwd;2053;1139;359;780;53;726;1
9065;51 jaar;Verweduwd;2054;1118;354;764;51;712;1
9066;51 jaar;Verweduwd;2055;1102;349;753;51;701;1
9067;51 jaar;Verweduwd;2056;1064;334;730;48;681;1
9068;51 jaar;Verweduwd;2057;1027;320;707;46;660;1
9069;51 jaar;Verweduwd;2058;1006;314;692;44;647;1
9070;51 jaar;Verweduwd;2059;981;304;677;42;634;1
9071;51 jaar;Verweduwd;2060;987;309;678;44;633;1
9072;51 jaar;Gescheiden;2013;32335;14485;17850;5627;12135;88
9073;51 jaar;Gescheiden;2014;33091;14652;18439;5721;12632;86
9074;51 jaar;Gescheiden;2015;33800;14701;19099;5915;13100;84
9075;51 jaar;Gescheiden;2016;34397;14826;19571;5950;13539;82
9076;51 jaar;Gescheiden;2017;34093;14553;19540;5865;13595;80
9077;51 jaar;Gescheiden;2018;32626;13735;18891;5538;13279;74
9078;51 jaar;Gescheiden;2019;31959;13250;18709;5386;13254;69
9079;51 jaar;Gescheiden;2020;31762;12968;18794;5322;13404;68
9080;51 jaar;Gescheiden;2021;32441;13132;19309;5373;13870;66
9081;51 jaar;Gescheiden;2022;31194;12509;18685;5181;13441;63
9082;51 jaar;Gescheiden;2023;29239;11647;17592;4814;12720;58
9083;51 jaar;Gescheiden;2024;27348;10865;16483;4476;11954;53
9084;51 jaar;Gescheiden;2025;24809;9834;14975;4069;10858;48
9085;51 jaar;Gescheiden;2026;23387;9251;14136;3805;10287;44
9086;51 jaar;Gescheiden;2027;21932;8660;13272;3573;9659;40
9087;51 jaar;Gescheiden;2028;21324;8431;12893;3492;9362;39
9088;51 jaar;Gescheiden;2029;21025;8314;12711;3427;9246;38
9089;51 jaar;Gescheiden;2030;20952;8308;12644;3452;9153;39
9090;51 jaar;Gescheiden;2031;20710;8222;12488;3422;9028;38
9091;51 jaar;Gescheiden;2032;21183;8433;12750;3527;9184;39
9092;51 jaar;Gescheiden;2033;20681;8219;12462;3405;9019;38
9093;51 jaar;Gescheiden;2034;19928;7909;12019;3281;8702;36
9094;51 jaar;Gescheiden;2035;19705;7813;11892;3243;8613;36
9095;51 jaar;Gescheiden;2036;20190;8015;12175;3379;8759;37
9096;51 jaar;Gescheiden;2037;20389;8058;12331;3417;8877;37
9097;51 jaar;Gescheiden;2038;20796;8205;12591;3516;9037;38
9098;51 jaar;Gescheiden;2039;20984;8292;12692;3596;9058;38
9099;51 jaar;Gescheiden;2040;20986;8269;12717;3579;9100;38
9100;51 jaar;Gescheiden;2041;21313;8405;12908;3635;9234;39
9101;51 jaar;Gescheiden;2042;22308;8861;13447;3867;9538;42
9102;51 jaar;Gescheiden;2043;22367;8882;13485;3873;9570;42
9103;51 jaar;Gescheiden;2044;22237;8822;13415;3849;9524;42
9104;51 jaar;Gescheiden;2045;22154;8773;13381;3812;9528;41
9105;51 jaar;Gescheiden;2046;22281;8822;13459;3835;9582;42
9106;51 jaar;Gescheiden;2047;21730;8567;13163;3705;9418;40
9107;51 jaar;Gescheiden;2048;21702;8567;13135;3712;9383;40
9108;51 jaar;Gescheiden;2049;21835;8607;13228;3702;9486;40
9109;51 jaar;Gescheiden;2050;22572;8940;13632;3870;9720;42
9110;51 jaar;Gescheiden;2051;22778;9035;13743;3920;9781;42
9111;51 jaar;Gescheiden;2052;23319;9273;14046;4022;9981;43
9112;51 jaar;Gescheiden;2053;23029;9155;13874;3974;9858;42
9113;51 jaar;Gescheiden;2054;22901;9109;13792;3960;9790;42
9114;51 jaar;Gescheiden;2055;22868;9102;13766;3962;9761;43
9115;51 jaar;Gescheiden;2056;22165;8787;13378;3809;9528;41
9116;51 jaar;Gescheiden;2057;21581;8536;13045;3700;9305;40
9117;51 jaar;Gescheiden;2058;21398;8463;12935;3674;9222;39
9118;51 jaar;Gescheiden;2059;21029;8290;12739;3581;9120;38
9119;51 jaar;Gescheiden;2060;21466;8497;12969;3701;9229;39
9120;52 jaar;Totaal burgerlijke staat;2013;148283;37667;110616;93424;16756;436
9121;52 jaar;Totaal burgerlijke staat;2014;151725;38760;112965;95094;17439;432
9122;52 jaar;Totaal burgerlijke staat;2015;153346;39594;113752;95294;18035;423
9123;52 jaar;Totaal burgerlijke staat;2016;156294;40638;115656;96621;18601;434
9124;52 jaar;Totaal burgerlijke staat;2017;158760;41509;117251;97328;19483;440
9125;52 jaar;Totaal burgerlijke staat;2018;156117;41042;115075;95081;19569;425
9126;52 jaar;Totaal burgerlijke staat;2019;153021;40281;112740;92943;19378;419
9127;52 jaar;Totaal burgerlijke staat;2020;151943;40149;111794;91715;19664;415
9128;52 jaar;Totaal burgerlijke staat;2021;152901;40388;112513;91926;20169;418
9129;52 jaar;Totaal burgerlijke staat;2022;159547;42614;116933;95225;21269;439
9130;52 jaar;Totaal burgerlijke staat;2023;155617;41928;113689;92285;20972;432
9131;52 jaar;Totaal burgerlijke staat;2024;149192;40362;108830;88151;20263;416
9132;52 jaar;Totaal burgerlijke staat;2025;141747;38800;102947;83135;19414;398
9133;52 jaar;Totaal burgerlijke staat;2026;131249;36117;95132;76878;17884;370
9134;52 jaar;Totaal burgerlijke staat;2027;126722;35137;91585;74095;17133;357
9135;52 jaar;Totaal burgerlijke staat;2028;121585;33934;87651;70903;16403;345
9136;52 jaar;Totaal burgerlijke staat;2029;120846;33847;86999;70506;16149;344
9137;52 jaar;Totaal burgerlijke staat;2030;119239;33406;85833;69503;15991;339
9138;52 jaar;Totaal burgerlijke staat;2031;120503;33813;86690;70235;16112;343
9139;52 jaar;Totaal burgerlijke staat;2032;120061;33608;86453;70137;15976;340
9140;52 jaar;Totaal burgerlijke staat;2033;123578;34696;88882;72101;16429;352
9141;52 jaar;Totaal burgerlijke staat;2034;121593;34108;87485;70942;16198;345
9142;52 jaar;Totaal burgerlijke staat;2035;118742;33108;85634;69555;15743;336
9143;52 jaar;Totaal burgerlijke staat;2036;118108;32778;85330;69322;15676;332
9144;52 jaar;Totaal burgerlijke staat;2037;120882;33383;87499;71050;16109;340
9145;52 jaar;Totaal burgerlijke staat;2038;122541;33794;88747;71932;16470;345
9146;52 jaar;Totaal burgerlijke staat;2039;125440;34577;90863;73500;17009;354
9147;52 jaar;Totaal burgerlijke staat;2040;126819;34782;92037;74579;17101;357
9148;52 jaar;Totaal burgerlijke staat;2041;126321;34467;91854;74404;17095;355
9149;52 jaar;Totaal burgerlijke staat;2042;127511;34756;92755;75119;17278;358
9150;52 jaar;Totaal burgerlijke staat;2043;132231;36228;96003;77850;17780;373
9151;52 jaar;Totaal burgerlijke staat;2044;132348;36284;96064;77871;17820;373
9152;52 jaar;Totaal burgerlijke staat;2045;131484;35934;95550;77534;17646;370
9153;52 jaar;Totaal burgerlijke staat;2046;130749;35692;95057;77103;17587;367
9154;52 jaar;Totaal burgerlijke staat;2047;131292;35824;95468;77462;17638;368
9155;52 jaar;Totaal burgerlijke staat;2048;128816;35014;93802;76127;17315;360
9156;52 jaar;Totaal burgerlijke staat;2049;129081;35030;94051;76457;17234;360
9157;52 jaar;Totaal burgerlijke staat;2050;129610;35269;94341;76547;17432;362
9158;52 jaar;Totaal burgerlijke staat;2051;133284;36445;96839;78621;17844;374
9159;52 jaar;Totaal burgerlijke staat;2052;134345;36830;97515;79193;17944;378
9160;52 jaar;Totaal burgerlijke staat;2053;136609;37655;98954;80261;18308;385
9161;52 jaar;Totaal burgerlijke staat;2054;135168;37246;97922;79471;18070;381
9162;52 jaar;Totaal burgerlijke staat;2055;134379;37037;97342;79028;17934;380
9163;52 jaar;Totaal burgerlijke staat;2056;133939;36952;96987;78741;17867;379
9164;52 jaar;Totaal burgerlijke staat;2057;130319;35840;94479;76676;17436;367
9165;52 jaar;Totaal burgerlijke staat;2058;127480;34916;92564;75192;17015;357
9166;52 jaar;Totaal burgerlijke staat;2059;126540;34600;91940;74733;16852;355
9167;52 jaar;Totaal burgerlijke staat;2060;124517;33999;90518;73505;16665;348
9168;52 jaar;Ongehuwd;2013;29901;19347;10554;7786;2438;330
9169;52 jaar;Ongehuwd;2014;31823;20209;11614;8700;2585;329
9170;52 jaar;Ongehuwd;2015;33511;21047;12464;9335;2807;322
9171;52 jaar;Ongehuwd;2016;35814;22193;13621;10249;3037;335
9172;52 jaar;Ongehuwd;2017;38155;23032;15123;11344;3436;343
9173;52 jaar;Ongehuwd;2018;38928;23108;15820;11870;3617;333
9174;52 jaar;Ongehuwd;2019;40265;23350;16915;12774;3808;333
9175;52 jaar;Ongehuwd;2020;42168;23849;18319;13799;4185;335
9176;52 jaar;Ongehuwd;2021;44439;24472;19967;15019;4608;340
9177;52 jaar;Ongehuwd;2022;48956;26494;22462;16895;5205;362
9178;52 jaar;Ongehuwd;2023;49874;26614;23260;17441;5460;359
9179;52 jaar;Ongehuwd;2024;49537;26073;23464;17512;5604;348
9180;52 jaar;Ongehuwd;2025;48823;25462;23361;17391;5634;336
9181;52 jaar;Ongehuwd;2026;46359;24032;22327;16654;5359;314
9182;52 jaar;Ongehuwd;2027;45891;23732;22159;16607;5246;306
9183;52 jaar;Ongehuwd;2028;45208;23230;21978;16453;5228;297
9184;52 jaar;Ongehuwd;2029;46049;23434;22615;16992;5325;298
9185;52 jaar;Ongehuwd;2030;45683;23152;22531;16893;5344;294
9186;52 jaar;Ongehuwd;2031;46526;23569;22957;17112;5547;298
9187;52 jaar;Ongehuwd;2032;46431;23475;22956;17099;5561;296
9188;52 jaar;Ongehuwd;2033;48163;24319;23844;17686;5852;306
9189;52 jaar;Ongehuwd;2034;47827;23994;23833;17722;5810;301
9190;52 jaar;Ongehuwd;2035;46917;23380;23537;17523;5721;293
9191;52 jaar;Ongehuwd;2036;46722;23174;23548;17497;5761;290
9192;52 jaar;Ongehuwd;2037;47679;23551;24128;17804;6027;297
9193;52 jaar;Ongehuwd;2038;48528;23907;24621;18064;6256;301
9194;52 jaar;Ongehuwd;2039;49917;24514;25403;18475;6619;309
9195;52 jaar;Ongehuwd;2040;50237;24627;25610;18597;6701;312
9196;52 jaar;Ongehuwd;2041;49715;24338;25377;18407;6660;310
9197;52 jaar;Ongehuwd;2042;49919;24469;25450;18437;6701;312
9198;52 jaar;Ongehuwd;2043;51544;25407;26137;18941;6872;324
9199;52 jaar;Ongehuwd;2044;51532;25446;26086;18873;6889;324
9200;52 jaar;Ongehuwd;2045;51024;25172;25852;18752;6779;321
9201;52 jaar;Ongehuwd;2046;50684;24991;25693;18648;6727;318
9202;52 jaar;Ongehuwd;2047;50847;25069;25778;18730;6729;319
9203;52 jaar;Ongehuwd;2048;49962;24564;25398;18486;6598;314
9204;52 jaar;Ongehuwd;2049;50057;24587;25470;18596;6560;314
9205;52 jaar;Ongehuwd;2050;50387;24777;25610;18643;6651;316
9206;52 jaar;Ongehuwd;2051;51800;25565;26235;19098;6812;325
9207;52 jaar;Ongehuwd;2052;52240;25844;26396;19216;6852;328
9208;52 jaar;Ongehuwd;2053;53163;26390;26773;19435;7003;335
9209;52 jaar;Ongehuwd;2054;52626;26127;26499;19257;6911;331
9210;52 jaar;Ongehuwd;2055;52321;25983;26338;19149;6859;330
9211;52 jaar;Ongehuwd;2056;52147;25914;26233;19069;6835;329
9212;52 jaar;Ongehuwd;2057;50788;25177;25611;18620;6672;319
9213;52 jaar;Ongehuwd;2058;49673;24557;25116;18299;6506;311
9214;52 jaar;Ongehuwd;2059;49276;24336;24940;18189;6442;309
9215;52 jaar;Ongehuwd;2060;48527;23939;24588;17909;6376;303
9216;52 jaar;Wettig gehuwd plus partnerschap;2013;82974;1860;81114;79994;1104;16
9217;52 jaar;Wettig gehuwd plus partnerschap;2014;83367;1733;81634;80528;1092;14
9218;52 jaar;Wettig gehuwd plus partnerschap;2015;82710;1643;81067;79974;1080;13
9219;52 jaar;Wettig gehuwd plus partnerschap;2016;82802;1524;81278;80203;1062;13
9220;52 jaar;Wettig gehuwd plus partnerschap;2017;82342;1476;80866;79781;1072;13
9221;52 jaar;Wettig gehuwd plus partnerschap;2018;79562;1380;78182;77128;1042;12
9222;52 jaar;Wettig gehuwd plus partnerschap;2019;76742;1305;75437;74410;1016;11
9223;52 jaar;Wettig gehuwd plus partnerschap;2020;74581;1242;73339;72328;1001;10
9224;52 jaar;Wettig gehuwd plus partnerschap;2021;73614;1205;72409;71397;1002;10
9225;52 jaar;Wettig gehuwd plus partnerschap;2022;75016;1216;73800;72762;1028;10
9226;52 jaar;Wettig gehuwd plus partnerschap;2023;71650;1154;70496;69491;996;9
9227;52 jaar;Wettig gehuwd plus partnerschap;2024;67714;1095;66619;65662;948;9
9228;52 jaar;Wettig gehuwd plus partnerschap;2025;63056;1032;62024;61116;900;8
9229;52 jaar;Wettig gehuwd plus partnerschap;2026;57808;951;56857;56020;830;7
9230;52 jaar;Wettig gehuwd plus partnerschap;2027;55271;913;54358;53555;796;7
9231;52 jaar;Wettig gehuwd plus partnerschap;2028;52396;874;51522;50757;759;6
9232;52 jaar;Wettig gehuwd plus partnerschap;2029;51514;857;50657;49907;744;6
9233;52 jaar;Wettig gehuwd plus partnerschap;2030;50653;842;49811;49074;731;6
9234;52 jaar;Wettig gehuwd plus partnerschap;2031;51145;846;50299;49560;733;6
9235;52 jaar;Wettig gehuwd plus partnerschap;2032;51081;841;50240;49507;727;6
9236;52 jaar;Wettig gehuwd plus partnerschap;2033;52385;862;51523;50777;740;6
9237;52 jaar;Wettig gehuwd plus partnerschap;2034;51284;840;50444;49707;731;6
9238;52 jaar;Wettig gehuwd plus partnerschap;2035;50170;809;49361;48646;709;6
9239;52 jaar;Wettig gehuwd plus partnerschap;2036;49992;799;49193;48482;705;6
9240;52 jaar;Wettig gehuwd plus partnerschap;2037;51310;818;50492;49766;720;6
9241;52 jaar;Wettig gehuwd plus partnerschap;2038;51912;825;51087;50348;733;6
9242;52 jaar;Wettig gehuwd plus partnerschap;2039;53002;843;52159;51405;748;6
9243;52 jaar;Wettig gehuwd plus partnerschap;2040;53889;853;53036;52281;749;6
9244;52 jaar;Wettig gehuwd plus partnerschap;2041;53923;850;53073;52314;753;6
9245;52 jaar;Wettig gehuwd plus partnerschap;2042;54577;863;53714;52944;764;6
9246;52 jaar;Wettig gehuwd plus partnerschap;2043;56634;906;55728;54935;786;7
9247;52 jaar;Wettig gehuwd plus partnerschap;2044;56723;907;55816;55020;789;7
9248;52 jaar;Wettig gehuwd plus partnerschap;2045;56521;901;55620;54829;784;7
9249;52 jaar;Wettig gehuwd plus partnerschap;2046;56229;896;55333;54542;784;7
9250;52 jaar;Wettig gehuwd plus partnerschap;2047;56492;901;55591;54795;789;7
9251;52 jaar;Wettig gehuwd plus partnerschap;2048;55499;878;54621;53837;778;6
9252;52 jaar;Wettig gehuwd plus partnerschap;2049;55712;879;54833;54050;777;6
9253;52 jaar;Wettig gehuwd plus partnerschap;2050;55777;882;54895;54103;786;6
9254;52 jaar;Wettig gehuwd plus partnerschap;2051;57278;915;56363;55554;802;7
9255;52 jaar;Wettig gehuwd plus partnerschap;2052;57694;924;56770;55956;807;7
9256;52 jaar;Wettig gehuwd plus partnerschap;2053;58475;946;57529;56702;820;7
9257;52 jaar;Wettig gehuwd plus partnerschap;2054;57892;935;56957;56139;811;7
9258;52 jaar;Wettig gehuwd plus partnerschap;2055;57561;929;56632;55819;806;7
9259;52 jaar;Wettig gehuwd plus partnerschap;2056;57347;927;56420;55611;802;7
9260;52 jaar;Wettig gehuwd plus partnerschap;2057;55841;896;54945;54153;785;7
9261;52 jaar;Wettig gehuwd plus partnerschap;2058;54749;872;53877;53102;769;6
9262;52 jaar;Wettig gehuwd plus partnerschap;2059;54413;864;53549;52780;763;6
9263;52 jaar;Wettig gehuwd plus partnerschap;2060;53536;847;52689;51927;756;6
9264;52 jaar;Verweduwd;2013;3791;1447;2344;171;2169;4
9265;52 jaar;Verweduwd;2014;3611;1386;2225;166;2056;3
9266;52 jaar;Verweduwd;2015;3507;1309;2198;181;2014;3
9267;52 jaar;Verweduwd;2016;3408;1282;2126;172;1951;3
9268;52 jaar;Verweduwd;2017;3433;1273;2160;182;1975;3
9269;52 jaar;Verweduwd;2018;3157;1160;1997;159;1835;3
9270;52 jaar;Verweduwd;2019;3004;1086;1918;156;1759;3
9271;52 jaar;Verweduwd;2020;2866;1017;1849;150;1697;2
9272;52 jaar;Verweduwd;2021;2729;954;1775;139;1634;2
9273;52 jaar;Verweduwd;2022;2767;959;1808;146;1660;2
9274;52 jaar;Verweduwd;2023;2551;872;1679;131;1546;2
9275;52 jaar;Verweduwd;2024;2352;805;1547;120;1425;2
9276;52 jaar;Verweduwd;2025;2181;745;1436;111;1323;2
9277;52 jaar;Verweduwd;2026;1949;662;1287;98;1187;2
9278;52 jaar;Verweduwd;2027;1849;628;1221;90;1130;1
9279;52 jaar;Verweduwd;2028;1727;586;1141;82;1058;1
9280;52 jaar;Verweduwd;2029;1637;555;1082;78;1003;1
9281;52 jaar;Verweduwd;2030;1564;533;1031;74;956;1
9282;52 jaar;Verweduwd;2031;1561;534;1027;74;952;1
9283;52 jaar;Verweduwd;2032;1518;521;997;72;924;1
9284;52 jaar;Verweduwd;2033;1521;525;996;74;921;1
9285;52 jaar;Verweduwd;2034;1476;508;968;70;897;1
9286;52 jaar;Verweduwd;2035;1407;481;926;66;859;1
9287;52 jaar;Verweduwd;2036;1374;468;906;63;842;1
9288;52 jaar;Verweduwd;2037;1385;474;911;65;845;1
9289;52 jaar;Verweduwd;2038;1385;471;914;65;848;1
9290;52 jaar;Verweduwd;2039;1392;473;919;66;852;1
9291;52 jaar;Verweduwd;2040;1375;467;908;66;841;1
9292;52 jaar;Verweduwd;2041;1362;460;902;65;836;1
9293;52 jaar;Verweduwd;2042;1364;462;902;65;836;1
9294;52 jaar;Verweduwd;2043;1402;483;919;69;849;1
9295;52 jaar;Verweduwd;2044;1385;477;908;67;840;1
9296;52 jaar;Verweduwd;2045;1363;468;895;67;827;1
9297;52 jaar;Verweduwd;2046;1341;459;882;64;817;1
9298;52 jaar;Verweduwd;2047;1331;456;875;64;810;1
9299;52 jaar;Verweduwd;2048;1286;436;850;60;789;1
9300;52 jaar;Verweduwd;2049;1268;430;838;58;779;1
9301;52 jaar;Verweduwd;2050;1266;429;837;58;778;1
9302;52 jaar;Verweduwd;2051;1285;441;844;59;784;1
9303;52 jaar;Verweduwd;2052;1282;441;841;60;780;1
9304;52 jaar;Verweduwd;2053;1297;450;847;61;785;1
9305;52 jaar;Verweduwd;2054;1269;440;829;60;768;1
9306;52 jaar;Verweduwd;2055;1245;433;812;58;753;1
9307;52 jaar;Verweduwd;2056;1229;428;801;57;743;1
9308;52 jaar;Verweduwd;2057;1184;410;774;53;720;1
9309;52 jaar;Verweduwd;2058;1142;392;750;51;698;1
9310;52 jaar;Verweduwd;2059;1119;385;734;49;684;1
9311;52 jaar;Verweduwd;2060;1093;374;719;47;671;1
9312;52 jaar;Gescheiden;2013;31617;15013;16604;5473;11045;86
9313;52 jaar;Gescheiden;2014;32924;15432;17492;5700;11706;86
9314;52 jaar;Gescheiden;2015;33618;15595;18023;5804;12134;85
9315;52 jaar;Gescheiden;2016;34270;15639;18631;5997;12551;83
9316;52 jaar;Gescheiden;2017;34830;15728;19102;6021;13000;81
9317;52 jaar;Gescheiden;2018;34470;15394;19076;5924;13075;77
9318;52 jaar;Gescheiden;2019;33010;14540;18470;5603;12795;72
9319;52 jaar;Gescheiden;2020;32328;14041;18287;5438;12781;68
9320;52 jaar;Gescheiden;2021;32119;13757;18362;5371;12925;66
9321;52 jaar;Gescheiden;2022;32808;13945;18863;5422;13376;65
9322;52 jaar;Gescheiden;2023;31542;13288;18254;5222;12970;62
9323;52 jaar;Gescheiden;2024;29589;12389;17200;4857;12286;57
9324;52 jaar;Gescheiden;2025;27687;11561;16126;4517;11557;52
9325;52 jaar;Gescheiden;2026;25133;10472;14661;4106;10508;47
9326;52 jaar;Gescheiden;2027;23711;9864;13847;3843;9961;43
9327;52 jaar;Gescheiden;2028;22254;9244;13010;3611;9358;41
9328;52 jaar;Gescheiden;2029;21646;9001;12645;3529;9077;39
9329;52 jaar;Gescheiden;2030;21339;8879;12460;3462;8960;38
9330;52 jaar;Gescheiden;2031;21271;8864;12407;3489;8880;38
9331;52 jaar;Gescheiden;2032;21031;8771;12260;3459;8764;37
9332;52 jaar;Gescheiden;2033;21509;8990;12519;3564;8916;39
9333;52 jaar;Gescheiden;2034;21006;8766;12240;3443;8760;37
9334;52 jaar;Gescheiden;2035;20248;8438;11810;3320;8454;36
9335;52 jaar;Gescheiden;2036;20020;8337;11683;3280;8368;35
9336;52 jaar;Gescheiden;2037;20508;8540;11968;3415;8517;36
9337;52 jaar;Gescheiden;2038;20716;8591;12125;3455;8633;37
9338;52 jaar;Gescheiden;2039;21129;8747;12382;3554;8790;38
9339;52 jaar;Gescheiden;2040;21318;8835;12483;3635;8810;38
9340;52 jaar;Gescheiden;2041;21321;8819;12502;3618;8846;38
9341;52 jaar;Gescheiden;2042;21651;8962;12689;3673;8977;39
9342;52 jaar;Gescheiden;2043;22651;9432;13219;3905;9273;41
9343;52 jaar;Gescheiden;2044;22708;9454;13254;3911;9302;41
9344;52 jaar;Gescheiden;2045;22576;9393;13183;3886;9256;41
9345;52 jaar;Gescheiden;2046;22495;9346;13149;3849;9259;41
9346;52 jaar;Gescheiden;2047;22622;9398;13224;3873;9310;41
9347;52 jaar;Gescheiden;2048;22069;9136;12933;3744;9150;39
9348;52 jaar;Gescheiden;2049;22044;9134;12910;3753;9118;39
9349;52 jaar;Gescheiden;2050;22180;9181;12999;3743;9217;39
9350;52 jaar;Gescheiden;2051;22921;9524;13397;3910;9446;41
9351;52 jaar;Gescheiden;2052;23129;9621;13508;3961;9505;42
9352;52 jaar;Gescheiden;2053;23674;9869;13805;4063;9700;42
9353;52 jaar;Gescheiden;2054;23381;9744;13637;4015;9580;42
9354;52 jaar;Gescheiden;2055;23252;9692;13560;4002;9516;42
9355;52 jaar;Gescheiden;2056;23216;9683;13533;4004;9487;42
9356;52 jaar;Gescheiden;2057;22506;9357;13149;3850;9259;40
9357;52 jaar;Gescheiden;2058;21916;9095;12821;3740;9042;39
9358;52 jaar;Gescheiden;2059;21732;9015;12717;3715;8963;39
9359;52 jaar;Gescheiden;2060;21361;8839;12522;3622;8862;38
9360;53 jaar;Totaal burgerlijke staat;2013;146359;38135;108224;92344;15449;431
9361;53 jaar;Totaal burgerlijke staat;2014;148148;38967;109181;92719;16013;449
9362;53 jaar;Totaal burgerlijke staat;2015;151617;40137;111480;94410;16616;454
9363;53 jaar;Totaal burgerlijke staat;2016;153193;40935;112258;94653;17155;450
9364;53 jaar;Totaal burgerlijke staat;2017;156150;41960;114190;95962;17766;462
9365;53 jaar;Totaal burgerlijke staat;2018;158601;42815;115786;96678;18639;469
9366;53 jaar;Totaal burgerlijke staat;2019;155952;42298;113654;94453;18746;455
9367;53 jaar;Totaal burgerlijke staat;2020;152886;41510;111376;92322;18605;449
9368;53 jaar;Totaal burgerlijke staat;2021;151822;41381;110441;91102;18893;446
9369;53 jaar;Totaal burgerlijke staat;2022;152772;41642;111130;91301;19380;449
9370;53 jaar;Totaal burgerlijke staat;2023;159410;43922;115488;94577;20440;471
9371;53 jaar;Totaal burgerlijke staat;2024;155497;43203;112294;91660;20170;464
9372;53 jaar;Totaal burgerlijke staat;2025;149090;41574;107516;87557;19512;447
9373;53 jaar;Totaal burgerlijke staat;2026;141652;39952;101700;82574;18697;429
9374;53 jaar;Totaal burgerlijke staat;2027;131172;37172;94000;76362;17240;398
9375;53 jaar;Totaal burgerlijke staat;2028;126648;36152;90496;73597;16514;385
9376;53 jaar;Totaal burgerlijke staat;2029;121515;34909;86606;70427;15807;372
9377;53 jaar;Totaal burgerlijke staat;2030;120784;34810;85974;70029;15574;371
9378;53 jaar;Totaal burgerlijke staat;2031;119177;34364;84813;69029;15418;366
9379;53 jaar;Totaal burgerlijke staat;2032;120443;34764;85679;69754;15555;370
9380;53 jaar;Totaal burgerlijke staat;2033;120003;34557;85446;69655;15422;369
9381;53 jaar;Totaal burgerlijke staat;2034;123507;35664;87843;71606;15858;379
9382;53 jaar;Totaal burgerlijke staat;2035;121522;35060;86462;70446;15644;372
9383;53 jaar;Totaal burgerlijke staat;2036;118671;34042;84629;69063;15204;362
9384;53 jaar;Totaal burgerlijke staat;2037;118040;33709;84331;68828;15144;359
9385;53 jaar;Totaal burgerlijke staat;2038;120814;34334;86480;70548;15566;366
9386;53 jaar;Totaal burgerlijke staat;2039;122475;34765;87710;71428;15910;372
9387;53 jaar;Totaal burgerlijke staat;2040;125381;35578;89803;72992;16429;382
9388;53 jaar;Totaal burgerlijke staat;2041;126760;35796;90964;74068;16510;386
9389;53 jaar;Totaal burgerlijke staat;2042;126260;35487;90773;73891;16499;383
9390;53 jaar;Totaal burgerlijke staat;2043;127449;35785;91664;74606;16672;386
9391;53 jaar;Totaal burgerlijke staat;2044;132159;37272;94887;77330;17155;402
9392;53 jaar;Totaal burgerlijke staat;2045;132281;37336;94945;77352;17190;403
9393;53 jaar;Totaal burgerlijke staat;2046;131414;36980;94434;77017;17018;399
9394;53 jaar;Totaal burgerlijke staat;2047;130684;36738;93946;76591;16959;396
9395;53 jaar;Totaal burgerlijke staat;2048;131229;36870;94359;76953;17008;398
9396;53 jaar;Totaal burgerlijke staat;2049;128756;36049;92707;75620;16697;390
9397;53 jaar;Totaal burgerlijke staat;2050;129016;36056;92960;75951;16619;390
9398;53 jaar;Totaal burgerlijke staat;2051;129551;36308;93243;76041;16810;392
9399;53 jaar;Totaal burgerlijke staat;2052;133223;37497;95726;78114;17208;404
9400;53 jaar;Totaal burgerlijke staat;2053;134283;37883;96400;78690;17302;408
9401;53 jaar;Totaal burgerlijke staat;2054;136549;38721;97828;79759;17652;417
9402;53 jaar;Totaal burgerlijke staat;2055;135105;38295;96810;78976;17422;412
9403;53 jaar;Totaal burgerlijke staat;2056;134319;38080;96239;78539;17290;410
9404;53 jaar;Totaal burgerlijke staat;2057;133881;37989;95892;78258;17225;409
9405;53 jaar;Totaal burgerlijke staat;2058;130264;36860;93404;76200;16808;396
9406;53 jaar;Totaal burgerlijke staat;2059;127425;35917;91508;74719;16402;387
9407;53 jaar;Totaal burgerlijke staat;2060;126481;35591;90890;74263;16244;383
9408;53 jaar;Ongehuwd;2013;28468;18838;9630;7105;2195;330
9409;53 jaar;Ongehuwd;2014;29677;19456;10221;7555;2320;346
9410;53 jaar;Ongehuwd;2015;31593;20334;11259;8448;2459;352
9411;53 jaar;Ongehuwd;2016;33249;21148;12101;9081;2671;349
9412;53 jaar;Ongehuwd;2017;35538;22289;13249;9982;2904;363
9413;53 jaar;Ongehuwd;2018;37854;23140;14714;11057;3285;372
9414;53 jaar;Ongehuwd;2019;38612;23216;15396;11570;3464;362
9415;53 jaar;Ongehuwd;2020;39946;23474;16472;12451;3659;362
9416;53 jaar;Ongehuwd;2021;41838;23994;17844;13458;4021;365
9417;53 jaar;Ongehuwd;2022;44085;24641;19444;14646;4428;370
9418;53 jaar;Ongehuwd;2023;48575;26691;21884;16486;5004;394
9419;53 jaar;Ongehuwd;2024;49496;26820;22676;17030;5254;392
9420;53 jaar;Ongehuwd;2025;49146;26286;22860;17085;5395;380
9421;53 jaar;Ongehuwd;2026;48419;25673;22746;16958;5421;367
9422;53 jaar;Ongehuwd;2027;45958;24228;21730;16230;5157;343
9423;53 jaar;Ongehuwd;2028;45471;23919;21552;16173;5046;333
9424;53 jaar;Ongehuwd;2029;44778;23415;21363;16015;5024;324
9425;53 jaar;Ongehuwd;2030;45622;23632;21990;16544;5122;324
9426;53 jaar;Ongehuwd;2031;45261;23358;21903;16445;5138;320
9427;53 jaar;Ongehuwd;2032;46105;23783;22322;16657;5341;324
9428;53 jaar;Ongehuwd;2033;46012;23692;22320;16646;5351;323
9429;53 jaar;Ongehuwd;2034;47733;24547;23186;17221;5632;333
9430;53 jaar;Ongehuwd;2035;47401;24224;23177;17255;5594;328
9431;53 jaar;Ongehuwd;2036;46504;23614;22890;17063;5508;319
9432;53 jaar;Ongehuwd;2037;46312;23414;22898;17033;5548;317
9433;53 jaar;Ongehuwd;2038;47260;23804;23456;17329;5804;323
9434;53 jaar;Ongehuwd;2039;48112;24172;23940;17588;6023;329
9435;53 jaar;Ongehuwd;2040;49498;24799;24699;17990;6371;338
9436;53 jaar;Ongehuwd;2041;49816;24920;24896;18108;6447;341
9437;53 jaar;Ongehuwd;2042;49297;24632;24665;17921;6406;338
9438;53 jaar;Ongehuwd;2043;49500;24763;24737;17953;6444;340
9439;53 jaar;Ongehuwd;2044;51111;25702;25409;18448;6608;353
9440;53 jaar;Ongehuwd;2045;51102;25743;25359;18381;6624;354
9441;53 jaar;Ongehuwd;2046;50599;25467;25132;18263;6518;351
9442;53 jaar;Ongehuwd;2047;50262;25285;24977;18162;6467;348
9443;53 jaar;Ongehuwd;2048;50430;25363;25067;18246;6471;350
9444;53 jaar;Ongehuwd;2049;49548;24855;24693;18005;6346;342
9445;53 jaar;Ongehuwd;2050;49641;24876;24765;18113;6310;342
9446;53 jaar;Ongehuwd;2051;49970;25070;24900;18158;6398;344
9447;53 jaar;Ongehuwd;2052;51372;25860;25512;18605;6552;355
9448;53 jaar;Ongehuwd;2053;51811;26137;25674;18725;6590;359
9449;53 jaar;Ongehuwd;2054;52729;26686;26043;18942;6735;366
9450;53 jaar;Ongehuwd;2055;52197;26419;25778;18770;6646;362
9451;53 jaar;Ongehuwd;2056;51899;26274;25625;18668;6597;360
9452;53 jaar;Ongehuwd;2057;51726;26204;25522;18590;6573;359
9453;53 jaar;Ongehuwd;2058;50376;25464;24912;18148;6416;348
9454;53 jaar;Ongehuwd;2059;49273;24841;24432;17833;6258;341
9455;53 jaar;Ongehuwd;2060;48877;24618;24259;17726;6196;337
9456;53 jaar;Wettig gehuwd plus partnerschap;2013;82539;1797;80742;79718;1009;15
9457;53 jaar;Wettig gehuwd plus partnerschap;2014;82259;1759;80500;79480;1005;15
9458;53 jaar;Wettig gehuwd plus partnerschap;2015;82735;1662;81073;80061;999;13
9459;53 jaar;Wettig gehuwd plus partnerschap;2016;82134;1579;80555;79551;991;13
9460;53 jaar;Wettig gehuwd plus partnerschap;2017;82302;1492;80810;79807;990;13
9461;53 jaar;Wettig gehuwd plus partnerschap;2018;81894;1451;80443;79426;1004;13
9462;53 jaar;Wettig gehuwd plus partnerschap;2019;79174;1368;77806;76811;983;12
9463;53 jaar;Wettig gehuwd plus partnerschap;2020;76394;1299;75095;74119;965;11
9464;53 jaar;Wettig gehuwd plus partnerschap;2021;74275;1243;73032;72068;954;10
9465;53 jaar;Wettig gehuwd plus partnerschap;2022;73336;1210;72126;71160;956;10
9466;53 jaar;Wettig gehuwd plus partnerschap;2023;74754;1223;73531;72538;983;10
9467;53 jaar;Wettig gehuwd plus partnerschap;2024;71421;1163;70258;69297;952;9
9468;53 jaar;Wettig gehuwd plus partnerschap;2025;67529;1104;66425;65507;909;9
9469;53 jaar;Wettig gehuwd plus partnerschap;2026;62913;1040;61873;61002;863;8
9470;53 jaar;Wettig gehuwd plus partnerschap;2027;57704;959;56745;55940;798;7
9471;53 jaar;Wettig gehuwd plus partnerschap;2028;55195;923;54272;53499;766;7
9472;53 jaar;Wettig gehuwd plus partnerschap;2029;52346;884;51462;50726;730;6
9473;53 jaar;Wettig gehuwd plus partnerschap;2030;51472;867;50605;49884;715;6
9474;53 jaar;Wettig gehuwd plus partnerschap;2031;50614;851;49763;49053;704;6
9475;53 jaar;Wettig gehuwd plus partnerschap;2032;51104;854;50250;49539;705;6
9476;53 jaar;Wettig gehuwd plus partnerschap;2033;51040;850;50190;49483;701;6
9477;53 jaar;Wettig gehuwd plus partnerschap;2034;52341;870;51471;50753;712;6
9478;53 jaar;Wettig gehuwd plus partnerschap;2035;51240;847;50393;49682;705;6
9479;53 jaar;Wettig gehuwd plus partnerschap;2036;50126;817;49309;48619;684;6
9480;53 jaar;Wettig gehuwd plus partnerschap;2037;49950;807;49143;48456;681;6
9481;53 jaar;Wettig gehuwd plus partnerschap;2038;51272;827;50445;49744;695;6
9482;53 jaar;Wettig gehuwd plus partnerschap;2039;51872;834;51038;50325;707;6
9483;53 jaar;Wettig gehuwd plus partnerschap;2040;52966;852;52114;51387;721;6
9484;53 jaar;Wettig gehuwd plus partnerschap;2041;53854;862;52992;52264;722;6
9485;53 jaar;Wettig gehuwd plus partnerschap;2042;53886;860;53026;52294;726;6
9486;53 jaar;Wettig gehuwd plus partnerschap;2043;54536;872;53664;52922;736;6
9487;53 jaar;Wettig gehuwd plus partnerschap;2044;56598;914;55684;54920;757;7
9488;53 jaar;Wettig gehuwd plus partnerschap;2045;56687;916;55771;55005;759;7
9489;53 jaar;Wettig gehuwd plus partnerschap;2046;56486;910;55576;54814;755;7
9490;53 jaar;Wettig gehuwd plus partnerschap;2047;56196;905;55291;54528;756;7
9491;53 jaar;Wettig gehuwd plus partnerschap;2048;56460;910;55550;54783;760;7
9492;53 jaar;Wettig gehuwd plus partnerschap;2049;55465;887;54578;53822;749;7
9493;53 jaar;Wettig gehuwd plus partnerschap;2050;55678;887;54791;54036;748;7
9494;53 jaar;Wettig gehuwd plus partnerschap;2051;55744;891;54853;54090;756;7
9495;53 jaar;Wettig gehuwd plus partnerschap;2052;57251;923;56328;55549;772;7
9496;53 jaar;Wettig gehuwd plus partnerschap;2053;57670;932;56738;55955;776;7
9497;53 jaar;Wettig gehuwd plus partnerschap;2054;58455;952;57503;56706;790;7
9498;53 jaar;Wettig gehuwd plus partnerschap;2055;57872;940;56932;56144;781;7
9499;53 jaar;Wettig gehuwd plus partnerschap;2056;57540;934;56606;55824;775;7
9500;53 jaar;Wettig gehuwd plus partnerschap;2057;57331;932;56399;55619;773;7
9501;53 jaar;Wettig gehuwd plus partnerschap;2058;55824;902;54922;54158;757;7
9502;53 jaar;Wettig gehuwd plus partnerschap;2059;54727;878;53849;53103;740;6
9503;53 jaar;Wettig gehuwd plus partnerschap;2060;54391;870;53521;52781;734;6
9504;53 jaar;Verweduwd;2013;4133;1783;2350;205;2140;5
9505;53 jaar;Verweduwd;2014;4149;1763;2386;190;2191;5
9506;53 jaar;Verweduwd;2015;3966;1690;2276;184;2087;5
9507;53 jaar;Verweduwd;2016;3854;1606;2248;199;2044;5
9508;53 jaar;Verweduwd;2017;3742;1558;2184;187;1993;4
9509;53 jaar;Verweduwd;2018;3757;1538;2219;197;2018;4
9510;53 jaar;Verweduwd;2019;3468;1404;2064;175;1885;4
9511;53 jaar;Verweduwd;2020;3302;1315;1987;170;1813;4
9512;53 jaar;Verweduwd;2021;3151;1233;1918;164;1751;3
9513;53 jaar;Verweduwd;2022;3010;1163;1847;152;1692;3
9514;53 jaar;Verweduwd;2023;3043;1166;1877;158;1717;2
9515;53 jaar;Verweduwd;2024;2817;1068;1749;142;1605;2
9516;53 jaar;Verweduwd;2025;2599;982;1617;132;1483;2
9517;53 jaar;Verweduwd;2026;2411;910;1501;121;1378;2
9518;53 jaar;Verweduwd;2027;2157;811;1346;106;1238;2
9519;53 jaar;Verweduwd;2028;2045;768;1277;98;1177;2
9520;53 jaar;Verweduwd;2029;1912;718;1194;90;1102;2
9521;53 jaar;Verweduwd;2030;1816;682;1134;85;1047;2
9522;53 jaar;Verweduwd;2031;1739;655;1084;82;1000;2
9523;53 jaar;Verweduwd;2032;1734;654;1080;82;996;2
9524;53 jaar;Verweduwd;2033;1688;639;1049;79;968;2
9525;53 jaar;Verweduwd;2034;1692;643;1049;81;966;2
9526;53 jaar;Verweduwd;2035;1641;623;1018;77;940;1
9527;53 jaar;Verweduwd;2036;1563;590;973;71;901;1
9528;53 jaar;Verweduwd;2037;1529;576;953;69;883;1
9529;53 jaar;Verweduwd;2038;1541;582;959;71;887;1
9530;53 jaar;Verweduwd;2039;1540;578;962;71;890;1
9531;53 jaar;Verweduwd;2040;1549;581;968;73;894;1
9532;53 jaar;Verweduwd;2041;1531;575;956;73;882;1
9533;53 jaar;Verweduwd;2042;1515;567;948;71;876;1
9534;53 jaar;Verweduwd;2043;1518;569;949;71;877;1
9535;53 jaar;Verweduwd;2044;1557;591;966;75;890;1
9536;53 jaar;Verweduwd;2045;1540;585;955;74;880;1
9537;53 jaar;Verweduwd;2046;1513;573;940;73;866;1
9538;53 jaar;Verweduwd;2047;1488;563;925;69;855;1
9539;53 jaar;Verweduwd;2048;1477;559;918;69;848;1
9540;53 jaar;Verweduwd;2049;1430;538;892;65;826;1
9541;53 jaar;Verweduwd;2050;1409;530;879;64;814;1
9542;53 jaar;Verweduwd;2051;1408;529;879;63;815;1
9543;53 jaar;Verweduwd;2052;1430;542;888;65;822;1
9544;53 jaar;Verweduwd;2053;1424;541;883;65;817;1
9545;53 jaar;Verweduwd;2054;1439;551;888;66;821;1
9546;53 jaar;Verweduwd;2055;1407;538;869;64;804;1
9547;53 jaar;Verweduwd;2056;1382;529;853;63;789;1
9548;53 jaar;Verweduwd;2057;1363;523;840;62;777;1
9549;53 jaar;Verweduwd;2058;1314;502;812;58;753;1
9550;53 jaar;Verweduwd;2059;1267;482;785;55;729;1
9551;53 jaar;Verweduwd;2060;1242;472;770;54;715;1
9552;53 jaar;Gescheiden;2013;31219;15717;15502;5316;10105;81
9553;53 jaar;Gescheiden;2014;32063;15989;16074;5494;10497;83
9554;53 jaar;Gescheiden;2015;33323;16451;16872;5717;11071;84
9555;53 jaar;Gescheiden;2016;33956;16602;17354;5822;11449;83
9556;53 jaar;Gescheiden;2017;34568;16621;17947;5986;11879;82
9557;53 jaar;Gescheiden;2018;35096;16686;18410;5998;12332;80
9558;53 jaar;Gescheiden;2019;34698;16310;18388;5897;12414;77
9559;53 jaar;Gescheiden;2020;33244;15422;17822;5582;12168;72
9560;53 jaar;Gescheiden;2021;32558;14911;17647;5412;12167;68
9561;53 jaar;Gescheiden;2022;32341;14628;17713;5343;12304;66
9562;53 jaar;Gescheiden;2023;33038;14842;18196;5395;12736;65
9563;53 jaar;Gescheiden;2024;31763;14152;17611;5191;12359;61
9564;53 jaar;Gescheiden;2025;29816;13202;16614;4833;11725;56
9565;53 jaar;Gescheiden;2026;27909;12329;15580;4493;11035;52
9566;53 jaar;Gescheiden;2027;25353;11174;14179;4086;10047;46
9567;53 jaar;Gescheiden;2028;23937;10542;13395;3827;9525;43
9568;53 jaar;Gescheiden;2029;22479;9892;12587;3596;8951;40
9569;53 jaar;Gescheiden;2030;21874;9629;12245;3516;8690;39
9570;53 jaar;Gescheiden;2031;21563;9500;12063;3449;8576;38
9571;53 jaar;Gescheiden;2032;21500;9473;12027;3476;8513;38
9572;53 jaar;Gescheiden;2033;21263;9376;11887;3447;8402;38
9573;53 jaar;Gescheiden;2034;21741;9604;12137;3551;8548;38
9574;53 jaar;Gescheiden;2035;21240;9366;11874;3432;8405;37
9575;53 jaar;Gescheiden;2036;20478;9021;11457;3310;8111;36
9576;53 jaar;Gescheiden;2037;20249;8912;11337;3270;8032;35
9577;53 jaar;Gescheiden;2038;20741;9121;11620;3404;8180;36
9578;53 jaar;Gescheiden;2039;20951;9181;11770;3444;8290;36
9579;53 jaar;Gescheiden;2040;21368;9346;12022;3542;8443;37
9580;53 jaar;Gescheiden;2041;21559;9439;12120;3623;8459;38
9581;53 jaar;Gescheiden;2042;21562;9428;12134;3605;8491;38
9582;53 jaar;Gescheiden;2043;21895;9581;12314;3660;8615;39
9583;53 jaar;Gescheiden;2044;22893;10065;12828;3887;8900;41
9584;53 jaar;Gescheiden;2045;22952;10092;12860;3892;8927;41
9585;53 jaar;Gescheiden;2046;22816;10030;12786;3867;8879;40
9586;53 jaar;Gescheiden;2047;22738;9985;12753;3832;8881;40
9587;53 jaar;Gescheiden;2048;22862;10038;12824;3855;8929;40
9588;53 jaar;Gescheiden;2049;22313;9769;12544;3728;8776;40
9589;53 jaar;Gescheiden;2050;22288;9763;12525;3738;8747;40
9590;53 jaar;Gescheiden;2051;22429;9818;12611;3730;8841;40
9591;53 jaar;Gescheiden;2052;23170;10172;12998;3895;9062;41
9592;53 jaar;Gescheiden;2053;23378;10273;13105;3945;9119;41
9593;53 jaar;Gescheiden;2054;23926;10532;13394;4045;9306;43
9594;53 jaar;Gescheiden;2055;23629;10398;13231;3998;9191;42
9595;53 jaar;Gescheiden;2056;23498;10343;13155;3984;9129;42
9596;53 jaar;Gescheiden;2057;23461;10330;13131;3987;9102;42
9597;53 jaar;Gescheiden;2058;22750;9992;12758;3836;8882;40
9598;53 jaar;Gescheiden;2059;22158;9716;12442;3728;8675;39
9599;53 jaar;Gescheiden;2060;21971;9631;12340;3702;8599;39
9600;54 jaar;Totaal burgerlijke staat;2013;142755;38105;104650;90516;13706;428
9601;54 jaar;Totaal burgerlijke staat;2014;146260;39507;106753;91725;14590;438
9602;54 jaar;Totaal burgerlijke staat;2015;147947;40312;107635;92120;15059;456
9603;54 jaar;Totaal burgerlijke staat;2016;151436;41544;109892;93817;15606;469
9604;54 jaar;Totaal burgerlijke staat;2017;153001;42322;110679;94058;16154;467
9605;54 jaar;Totaal burgerlijke staat;2018;155972;43357;112615;95359;16779;477
9606;54 jaar;Totaal burgerlijke staat;2019;158395;44221;114174;96070;17620;484
9607;54 jaar;Totaal burgerlijke staat;2020;155739;43662;112077;93865;17741;471
9608;54 jaar;Totaal burgerlijke staat;2021;152707;42852;109855;91742;17649;464
9609;54 jaar;Totaal burgerlijke staat;2022;151661;42744;108917;90527;17927;463
9610;54 jaar;Totaal burgerlijke staat;2023;152606;43036;109570;90707;18395;468
9611;54 jaar;Totaal burgerlijke staat;2024;159247;45391;113856;93955;19407;494
9612;54 jaar;Totaal burgerlijke staat;2025;155358;44625;110733;91060;19187;486
9613;54 jaar;Totaal burgerlijke staat;2026;148974;42940;106034;86983;18585;466
9614;54 jaar;Totaal burgerlijke staat;2027;141554;41263;100291;82034;17809;448
9615;54 jaar;Totaal burgerlijke staat;2028;131090;38376;92714;75864;16433;417
9616;54 jaar;Totaal burgerlijke staat;2029;126574;37315;89259;73118;15738;403
9617;54 jaar;Totaal burgerlijke staat;2030;121443;36024;85419;69971;15060;388
9618;54 jaar;Totaal burgerlijke staat;2031;120728;35909;84819;69571;14860;388
9619;54 jaar;Totaal burgerlijke staat;2032;119124;35463;83661;68576;14702;383
9620;54 jaar;Totaal burgerlijke staat;2033;120392;35859;84533;69294;14852;387
9621;54 jaar;Totaal burgerlijke staat;2034;119951;35648;84303;69195;14723;385
9622;54 jaar;Totaal burgerlijke staat;2035;123451;36782;86669;71134;15138;397
9623;54 jaar;Totaal burgerlijke staat;2036;121473;36163;85310;69974;14945;391
9624;54 jaar;Totaal burgerlijke staat;2037;118625;35122;83503;68593;14530;380
9625;54 jaar;Totaal burgerlijke staat;2038;117992;34787;83205;68356;14472;377
9626;54 jaar;Totaal burgerlijke staat;2039;120770;35438;85332;70071;14875;386
9627;54 jaar;Totaal burgerlijke staat;2040;122438;35899;86539;70947;15201;391
9628;54 jaar;Totaal burgerlijke staat;2041;125350;36752;88598;72506;15690;402
9629;54 jaar;Totaal burgerlijke staat;2042;126731;36981;89750;73582;15762;406
9630;54 jaar;Totaal burgerlijke staat;2043;126231;36678;89553;73405;15745;403
9631;54 jaar;Totaal burgerlijke staat;2044;127421;36990;90431;74117;15907;407
9632;54 jaar;Totaal burgerlijke staat;2045;132124;38500;93624;76838;16364;422
9633;54 jaar;Totaal burgerlijke staat;2046;132248;38567;93681;76862;16396;423
9634;54 jaar;Totaal burgerlijke staat;2047;131376;38200;93176;76530;16228;418
9635;54 jaar;Totaal burgerlijke staat;2048;130654;37960;92694;76110;16168;416
9636;54 jaar;Totaal burgerlijke staat;2049;131197;38092;93105;76471;16217;417
9637;54 jaar;Totaal burgerlijke staat;2050;128727;37255;91472;75144;15920;408
9638;54 jaar;Totaal burgerlijke staat;2051;128984;37254;91730;75473;15848;409
9639;54 jaar;Totaal burgerlijke staat;2052;129523;37522;92001;75566;16025;410
9640;54 jaar;Totaal burgerlijke staat;2053;133193;38727;94466;77638;16405;423
9641;54 jaar;Totaal burgerlijke staat;2054;134253;39113;95140;78216;16496;428
9642;54 jaar;Totaal burgerlijke staat;2055;136521;39968;96553;79290;16827;436
9643;54 jaar;Totaal burgerlijke staat;2056;135082;39531;95551;78513;16606;432
9644;54 jaar;Totaal burgerlijke staat;2057;134295;39302;94993;78082;16482;429
9645;54 jaar;Totaal burgerlijke staat;2058;133856;39204;94652;77807;16417;428
9646;54 jaar;Totaal burgerlijke staat;2059;130244;38054;92190;75754;16021;415
9647;54 jaar;Totaal burgerlijke staat;2060;127404;37087;90317;74278;15633;406
9648;54 jaar;Ongehuwd;2013;26231;17851;8380;6239;1814;327
9649;54 jaar;Ongehuwd;2014;28257;18968;9289;6884;2063;342
9650;54 jaar;Ongehuwd;2015;29372;19534;9838;7310;2172;356
9651;54 jaar;Ongehuwd;2016;31272;20403;10869;8200;2300;369
9652;54 jaar;Ongehuwd;2017;32908;21213;11695;8820;2508;367
9653;54 jaar;Ongehuwd;2018;35177;22358;12819;9700;2738;381
9654;54 jaar;Ongehuwd;2019;37466;23229;14237;10749;3097;391
9655;54 jaar;Ongehuwd;2020;38215;23312;14903;11248;3273;382
9656;54 jaar;Ongehuwd;2021;39550;23594;15956;12105;3470;381
9657;54 jaar;Ongehuwd;2022;41433;24148;17285;13090;3811;384
9658;54 jaar;Ongehuwd;2023;43661;24828;18833;14241;4201;391
9659;54 jaar;Ongehuwd;2024;48123;26918;21205;16037;4751;417
9660;54 jaar;Ongehuwd;2025;49061;27066;21995;16581;4999;415
9661;54 jaar;Ongehuwd;2026;48704;26543;22161;16624;5136;401
9662;54 jaar;Ongehuwd;2027;47976;25936;22040;16493;5159;388
9663;54 jaar;Ongehuwd;2028;45527;24476;21051;15779;4909;363
9664;54 jaar;Ongehuwd;2029;45030;24159;20871;15718;4801;352
9665;54 jaar;Ongehuwd;2030;44332;23654;20678;15560;4776;342
9666;54 jaar;Ongehuwd;2031;45183;23887;21296;16077;4876;343
9667;54 jaar;Ongehuwd;2032;44832;23623;21209;15981;4889;339
9668;54 jaar;Ongehuwd;2033;45681;24060;21621;16190;5088;343
9669;54 jaar;Ongehuwd;2034;45587;23973;21614;16176;5097;341
9670;54 jaar;Ongehuwd;2035;47298;24846;22452;16736;5363;353
9671;54 jaar;Ongehuwd;2036;46975;24526;22449;16770;5332;347
9672;54 jaar;Ongehuwd;2037;46088;23920;22168;16579;5251;338
9673;54 jaar;Ongehuwd;2038;45895;23726;22169;16545;5288;336
9674;54 jaar;Ongehuwd;2039;46841;24135;22706;16833;5530;343
9675;54 jaar;Ongehuwd;2040;47696;24521;23175;17087;5739;349
9676;54 jaar;Ongehuwd;2041;49083;25175;23908;17480;6069;359
9677;54 jaar;Ongehuwd;2042;49403;25305;24098;17597;6139;362
9678;54 jaar;Ongehuwd;2043;48886;25017;23869;17412;6098;359
9679;54 jaar;Ongehuwd;2044;49089;25150;23939;17443;6134;362
9680;54 jaar;Ongehuwd;2045;50686;26093;24593;17930;6288;375
9681;54 jaar;Ongehuwd;2046;50682;26136;24546;17866;6304;376
9682;54 jaar;Ongehuwd;2047;50180;25855;24325;17751;6202;372
9683;54 jaar;Ongehuwd;2048;49849;25672;24177;17653;6154;370
9684;54 jaar;Ongehuwd;2049;50011;25749;24262;17733;6158;371
9685;54 jaar;Ongehuwd;2050;49139;25238;23901;17499;6039;363
9686;54 jaar;Ongehuwd;2051;49226;25256;23970;17601;6006;363
9687;54 jaar;Ongehuwd;2052;49559;25456;24103;17650;6088;365
9688;54 jaar;Ongehuwd;2053;50947;26249;24698;18087;6235;376
9689;54 jaar;Ongehuwd;2054;51385;26525;24860;18207;6272;381
9690;54 jaar;Ongehuwd;2055;52298;27079;25219;18422;6409;388
9691;54 jaar;Ongehuwd;2056;51772;26808;24964;18255;6325;384
9692;54 jaar;Ongehuwd;2057;51476;26659;24817;18158;6278;381
9693;54 jaar;Ongehuwd;2058;51308;26587;24721;18086;6255;380
9694;54 jaar;Ongehuwd;2059;49976;25845;24131;17654;6107;370
9695;54 jaar;Ongehuwd;2060;48877;25215;23662;17345;5956;361
9696;54 jaar;Wettig gehuwd plus partnerschap;2013;81494;1778;79716;78849;853;14
9697;54 jaar;Wettig gehuwd plus partnerschap;2014;81919;1746;80173;79255;906;12
9698;54 jaar;Wettig gehuwd plus partnerschap;2015;81708;1711;79997;79077;907;13
9699;54 jaar;Wettig gehuwd plus partnerschap;2016;82251;1642;80609;79686;910;13
9700;54 jaar;Wettig gehuwd plus partnerschap;2017;81712;1576;80136;79213;910;13
9701;54 jaar;Wettig gehuwd plus partnerschap;2018;81948;1512;80436;79506;918;12
9702;54 jaar;Wettig gehuwd plus partnerschap;2019;81577;1477;80100;79152;937;11
9703;54 jaar;Wettig gehuwd plus partnerschap;2020;78908;1402;77506;76574;921;11
9704;54 jaar;Wettig gehuwd plus partnerschap;2021;76159;1335;74824;73906;908;10
9705;54 jaar;Wettig gehuwd plus partnerschap;2022;74079;1283;72796;71886;900;10
9706;54 jaar;Wettig gehuwd plus partnerschap;2023;73164;1252;71912;70999;903;10
9707;54 jaar;Wettig gehuwd plus partnerschap;2024;74599;1268;73331;72392;929;10
9708;54 jaar;Wettig gehuwd plus partnerschap;2025;71296;1206;70090;69177;904;9
9709;54 jaar;Wettig gehuwd plus partnerschap;2026;67438;1146;66292;65419;865;8
9710;54 jaar;Wettig gehuwd plus partnerschap;2027;62860;1081;61779;60950;821;8
9711;54 jaar;Wettig gehuwd plus partnerschap;2028;57677;997;56680;55914;759;7
9712;54 jaar;Wettig gehuwd plus partnerschap;2029;55189;962;54227;53491;729;7
9713;54 jaar;Wettig gehuwd plus partnerschap;2030;52361;921;51440;50738;696;6
9714;54 jaar;Wettig gehuwd plus partnerschap;2031;51496;903;50593;49905;682;6
9715;54 jaar;Wettig gehuwd plus partnerschap;2032;50639;887;49752;49075;671;6
9716;54 jaar;Wettig gehuwd plus partnerschap;2033;51128;889;50239;49560;673;6
9717;54 jaar;Wettig gehuwd plus partnerschap;2034;51063;884;50179;49504;669;6
9718;54 jaar;Wettig gehuwd plus partnerschap;2035;52368;904;51464;50778;680;6
9719;54 jaar;Wettig gehuwd plus partnerschap;2036;51266;882;50384;49705;673;6
9720;54 jaar;Wettig gehuwd plus partnerschap;2037;50153;851;49302;48641;655;6
9721;54 jaar;Wettig gehuwd plus partnerschap;2038;49977;841;49136;48478;652;6
9722;54 jaar;Wettig gehuwd plus partnerschap;2039;51306;862;50444;49772;666;6
9723;54 jaar;Wettig gehuwd plus partnerschap;2040;51907;870;51037;50355;676;6
9724;54 jaar;Wettig gehuwd plus partnerschap;2041;53005;888;52117;51422;689;6
9725;54 jaar;Wettig gehuwd plus partnerschap;2042;53897;899;52998;52302;690;6
9726;54 jaar;Wettig gehuwd plus partnerschap;2043;53925;897;53028;52328;694;6
9727;54 jaar;Wettig gehuwd plus partnerschap;2044;54576;911;53665;52956;703;6
9728;54 jaar;Wettig gehuwd plus partnerschap;2045;56644;952;55692;54963;723;6
9729;54 jaar;Wettig gehuwd plus partnerschap;2046;56733;954;55779;55048;725;6
9730;54 jaar;Wettig gehuwd plus partnerschap;2047;56531;947;55584;54857;721;6
9731;54 jaar;Wettig gehuwd plus partnerschap;2048;56243;944;55299;54572;721;6
9732;54 jaar;Wettig gehuwd plus partnerschap;2049;56509;948;55561;54830;725;6
9733;54 jaar;Wettig gehuwd plus partnerschap;2050;55512;925;54587;53865;716;6
9734;54 jaar;Wettig gehuwd plus partnerschap;2051;55727;925;54802;54082;714;6
9735;54 jaar;Wettig gehuwd plus partnerschap;2052;55794;930;54864;54136;722;6
9736;54 jaar;Wettig gehuwd plus partnerschap;2053;57309;960;56349;55605;738;6
9737;54 jaar;Wettig gehuwd plus partnerschap;2054;57730;969;56761;56014;741;6
9738;54 jaar;Wettig gehuwd plus partnerschap;2055;58522;989;57533;56773;754;6
9739;54 jaar;Wettig gehuwd plus partnerschap;2056;57940;978;56962;56211;745;6
9740;54 jaar;Wettig gehuwd plus partnerschap;2057;57610;971;56639;55892;741;6
9741;54 jaar;Wettig gehuwd plus partnerschap;2058;57402;969;56433;55690;737;6
9742;54 jaar;Wettig gehuwd plus partnerschap;2059;55888;938;54950;54222;722;6
9743;54 jaar;Wettig gehuwd plus partnerschap;2060;54791;914;53877;53164;707;6
9744;54 jaar;Verweduwd;2013;4692;2238;2454;203;2245;6
9745;54 jaar;Verweduwd;2014;4545;2147;2398;227;2166;5
9746;54 jaar;Verweduwd;2015;4538;2120;2418;212;2200;6
9747;54 jaar;Verweduwd;2016;4355;2037;2318;206;2107;5
9748;54 jaar;Verweduwd;2017;4231;1940;2291;216;2070;5
9749;54 jaar;Verweduwd;2018;4115;1876;2239;205;2030;4
9750;54 jaar;Verweduwd;2019;4117;1844;2273;214;2055;4
9751;54 jaar;Verweduwd;2020;3811;1687;2124;191;1930;3
9752;54 jaar;Verweduwd;2021;3628;1580;2048;185;1860;3
9753;54 jaar;Verweduwd;2022;3466;1485;1981;178;1800;3
9754;54 jaar;Verweduwd;2023;3318;1407;1911;165;1743;3
9755;54 jaar;Verweduwd;2024;3353;1410;1943;171;1769;3
9756;54 jaar;Verweduwd;2025;3110;1295;1815;154;1659;2
9757;54 jaar;Verweduwd;2026;2874;1191;1683;143;1538;2
9758;54 jaar;Verweduwd;2027;2665;1103;1562;131;1429;2
9759;54 jaar;Verweduwd;2028;2388;985;1403;115;1286;2
9760;54 jaar;Verweduwd;2029;2264;934;1330;107;1222;1
9761;54 jaar;Verweduwd;2030;2116;874;1242;98;1143;1
9762;54 jaar;Verweduwd;2031;2014;831;1183;93;1089;1
9763;54 jaar;Verweduwd;2032;1932;799;1133;90;1042;1
9764;54 jaar;Verweduwd;2033;1923;796;1127;88;1038;1
9765;54 jaar;Verweduwd;2034;1875;778;1097;86;1010;1
9766;54 jaar;Verweduwd;2035;1879;783;1096;88;1007;1
9767;54 jaar;Verweduwd;2036;1825;757;1068;84;983;1
9768;54 jaar;Verweduwd;2037;1741;720;1021;78;942;1
9769;54 jaar;Verweduwd;2038;1703;703;1000;76;923;1
9770;54 jaar;Verweduwd;2039;1715;709;1006;78;927;1
9771;54 jaar;Verweduwd;2040;1714;705;1009;78;930;1
9772;54 jaar;Verweduwd;2041;1722;708;1014;79;934;1
9773;54 jaar;Verweduwd;2042;1702;701;1001;79;921;1
9774;54 jaar;Verweduwd;2043;1686;693;993;78;914;1
9775;54 jaar;Verweduwd;2044;1689;696;993;77;915;1
9776;54 jaar;Verweduwd;2045;1731;720;1011;82;928;1
9777;54 jaar;Verweduwd;2046;1711;712;999;80;918;1
9778;54 jaar;Verweduwd;2047;1680;699;981;78;902;1
9779;54 jaar;Verweduwd;2048;1655;687;968;76;891;1
9780;54 jaar;Verweduwd;2049;1642;682;960;75;884;1
9781;54 jaar;Verweduwd;2050;1589;657;932;70;861;1
9782;54 jaar;Verweduwd;2051;1569;648;921;70;850;1
9783;54 jaar;Verweduwd;2052;1565;647;918;68;849;1
9784;54 jaar;Verweduwd;2053;1589;661;928;71;856;1
9785;54 jaar;Verweduwd;2054;1581;659;922;70;851;1
9786;54 jaar;Verweduwd;2055;1599;670;929;72;856;1
9787;54 jaar;Verweduwd;2056;1563;655;908;70;837;1
9788;54 jaar;Verweduwd;2057;1536;644;892;69;822;1
9789;54 jaar;Verweduwd;2058;1512;635;877;67;809;1
9790;54 jaar;Verweduwd;2059;1459;610;849;63;785;1
9791;54 jaar;Verweduwd;2060;1407;587;820;60;759;1
9792;54 jaar;Gescheiden;2013;30338;16238;14100;5225;8794;81
9793;54 jaar;Gescheiden;2014;31539;16646;14893;5359;9455;79
9794;54 jaar;Gescheiden;2015;32329;16947;15382;5521;9780;81
9795;54 jaar;Gescheiden;2016;33558;17462;16096;5725;10289;82
9796;54 jaar;Gescheiden;2017;34150;17593;16557;5809;10666;82
9797;54 jaar;Gescheiden;2018;34732;17611;17121;5948;11093;80
9798;54 jaar;Gescheiden;2019;35235;17671;17564;5955;11531;78
9799;54 jaar;Gescheiden;2020;34805;17261;17544;5852;11617;75
9800;54 jaar;Gescheiden;2021;33370;16343;17027;5546;11411;70
9801;54 jaar;Gescheiden;2022;32683;15828;16855;5373;11416;66
9802;54 jaar;Gescheiden;2023;32463;15549;16914;5302;11548;64
9803;54 jaar;Gescheiden;2024;33172;15795;17377;5355;11958;64
9804;54 jaar;Gescheiden;2025;31891;15058;16833;5148;11625;60
9805;54 jaar;Gescheiden;2026;29958;14060;15898;4797;11046;55
9806;54 jaar;Gescheiden;2027;28053;13143;14910;4460;10400;50
9807;54 jaar;Gescheiden;2028;25498;11918;13580;4056;9479;45
9808;54 jaar;Gescheiden;2029;24091;11260;12831;3802;8986;43
9809;54 jaar;Gescheiden;2030;22634;10575;12059;3575;8445;39
9810;54 jaar;Gescheiden;2031;22035;10288;11747;3496;8213;38
9811;54 jaar;Gescheiden;2032;21721;10154;11567;3430;8100;37
9812;54 jaar;Gescheiden;2033;21660;10114;11546;3456;8053;37
9813;54 jaar;Gescheiden;2034;21426;10013;11413;3429;7947;37
9814;54 jaar;Gescheiden;2035;21906;10249;11657;3532;8088;37
9815;54 jaar;Gescheiden;2036;21407;9998;11409;3415;7957;37
9816;54 jaar;Gescheiden;2037;20643;9631;11012;3295;7682;35
9817;54 jaar;Gescheiden;2038;20417;9517;10900;3257;7609;34
9818;54 jaar;Gescheiden;2039;20908;9732;11176;3388;7752;36
9819;54 jaar;Gescheiden;2040;21121;9803;11318;3427;7856;35
9820;54 jaar;Gescheiden;2041;21540;9981;11559;3525;7998;36
9821;54 jaar;Gescheiden;2042;21729;10076;11653;3604;8012;37
9822;54 jaar;Gescheiden;2043;21734;10071;11663;3587;8039;37
9823;54 jaar;Gescheiden;2044;22067;10233;11834;3641;8155;38
9824;54 jaar;Gescheiden;2045;23063;10735;12328;3863;8425;40
9825;54 jaar;Gescheiden;2046;23122;10765;12357;3868;8449;40
9826;54 jaar;Gescheiden;2047;22985;10699;12286;3844;8403;39
9827;54 jaar;Gescheiden;2048;22907;10657;12250;3809;8402;39
9828;54 jaar;Gescheiden;2049;23035;10713;12322;3833;8450;39
9829;54 jaar;Gescheiden;2050;22487;10435;12052;3710;8304;38
9830;54 jaar;Gescheiden;2051;22462;10425;12037;3720;8278;39
9831;54 jaar;Gescheiden;2052;22605;10489;12116;3712;8366;38
9832;54 jaar;Gescheiden;2053;23348;10857;12491;3875;8576;40
9833;54 jaar;Gescheiden;2054;23557;10960;12597;3925;8632;40
9834;54 jaar;Gescheiden;2055;24102;11230;12872;4023;8808;41
9835;54 jaar;Gescheiden;2056;23807;11090;12717;3977;8699;41
9836;54 jaar;Gescheiden;2057;23673;11028;12645;3963;8641;41
9837;54 jaar;Gescheiden;2058;23634;11013;12621;3964;8616;41
9838;54 jaar;Gescheiden;2059;22921;10661;12260;3815;8407;38
9839;54 jaar;Gescheiden;2060;22329;10371;11958;3709;8211;38
9840;55 jaar;Totaal burgerlijke staat;2013;139747;38296;101451;88860;12172;419
9841;55 jaar;Totaal burgerlijke staat;2014;142644;39603;103041;89821;12798;422
9842;55 jaar;Totaal burgerlijke staat;2015;146110;41076;105034;91077;13520;437
9843;55 jaar;Totaal burgerlijke staat;2016;147711;41842;105869;91513;13905;451
9844;55 jaar;Totaal burgerlijke staat;2017;151249;43139;108110;93191;14456;463
9845;55 jaar;Totaal burgerlijke staat;2018;152805;43908;108897;93434;15001;462
9846;55 jaar;Totaal burgerlijke staat;2019;155768;44973;110795;94717;15604;474
9847;55 jaar;Totaal burgerlijke staat;2020;158160;45867;112293;95421;16390;482
9848;55 jaar;Totaal burgerlijke staat;2021;155500;45282;110218;93235;16512;471
9849;55 jaar;Totaal burgerlijke staat;2022;152497;44475;108022;91116;16440;466
9850;55 jaar;Totaal burgerlijke staat;2023;151464;44400;107064;89904;16695;465
9851;55 jaar;Totaal burgerlijke staat;2024;152406;44743;107663;90066;17127;470
9852;55 jaar;Totaal burgerlijke staat;2025;159043;47187;111856;93281;18080;495
9853;55 jaar;Totaal burgerlijke staat;2026;155171;46397;108774;90403;17883;488
9854;55 jaar;Totaal burgerlijke staat;2027;148816;44639;104177;86358;17350;469
9855;55 jaar;Totaal burgerlijke staat;2028;141418;42915;98503;81446;16606;451
9856;55 jaar;Totaal burgerlijke staat;2029;130976;39892;91084;75322;15342;420
9857;55 jaar;Totaal burgerlijke staat;2030;126459;38776;87683;72596;14681;406
9858;55 jaar;Totaal burgerlijke staat;2031;121345;37428;83917;69476;14049;392
9859;55 jaar;Totaal burgerlijke staat;2032;120646;37298;83348;69076;13881;391
9860;55 jaar;Totaal burgerlijke staat;2033;119042;36848;82194;68086;13722;386
9861;55 jaar;Totaal burgerlijke staat;2034;120317;37248;83069;68799;13880;390
9862;55 jaar;Totaal burgerlijke staat;2035;119871;37025;82846;68700;13758;388
9863;55 jaar;Totaal burgerlijke staat;2036;123372;38194;85178;70626;14152;400
9864;55 jaar;Totaal burgerlijke staat;2037;121401;37555;83846;69470;13982;394
9865;55 jaar;Totaal burgerlijke staat;2038;118553;36483;82070;68092;13595;383
9866;55 jaar;Totaal burgerlijke staat;2039;117922;36148;81774;67855;13539;380
9867;55 jaar;Totaal burgerlijke staat;2040;120700;36829;83871;69563;13918;390
9868;55 jaar;Totaal burgerlijke staat;2041;122376;37332;85044;70437;14211;396
9869;55 jaar;Totaal burgerlijke staat;2042;125295;38238;87057;71989;14661;407
9870;55 jaar;Totaal burgerlijke staat;2043;126668;38473;88195;73061;14723;411
9871;55 jaar;Totaal burgerlijke staat;2044;126167;38177;87990;72885;14697;408
9872;55 jaar;Totaal burgerlijke staat;2045;127360;38508;88852;73597;14843;412
9873;55 jaar;Totaal burgerlijke staat;2046;132054;40048;92006;76310;15268;428
9874;55 jaar;Totaal burgerlijke staat;2047;132183;40119;92064;76339;15296;429
9875;55 jaar;Totaal burgerlijke staat;2048;131310;39737;91573;76009;15139;425
9876;55 jaar;Totaal burgerlijke staat;2049;130594;39496;91098;75596;15080;422
9877;55 jaar;Totaal burgerlijke staat;2050;131136;39628;91508;75958;15126;424
9878;55 jaar;Totaal burgerlijke staat;2051;128667;38767;89900;74635;14851;414
9879;55 jaar;Totaal burgerlijke staat;2052;128920;38758;90162;74965;14783;414
9880;55 jaar;Totaal burgerlijke staat;2053;129464;39045;90419;75058;14945;416
9881;55 jaar;Totaal burgerlijke staat;2054;133130;40274;92856;77127;15299;430
9882;55 jaar;Totaal burgerlijke staat;2055;134191;40665;93526;77710;15383;433
9883;55 jaar;Totaal burgerlijke staat;2056;136462;41544;94918;78784;15692;442
9884;55 jaar;Totaal burgerlijke staat;2057;135024;41086;93938;78015;15486;437
9885;55 jaar;Totaal burgerlijke staat;2058;134234;40843;93391;77589;15368;434
9886;55 jaar;Totaal burgerlijke staat;2059;133799;40739;93060;77320;15307;433
9887;55 jaar;Totaal burgerlijke staat;2060;130189;39557;90632;75276;14935;421
9888;55 jaar;Ongehuwd;2013;24383;16990;7393;5570;1501;322
9889;55 jaar;Ongehuwd;2014;26042;18001;8041;6041;1676;324
9890;55 jaar;Ongehuwd;2015;28005;19119;8886;6652;1893;341
9891;55 jaar;Ongehuwd;2016;29066;19659;9407;7063;1990;354
9892;55 jaar;Ongehuwd;2017;30958;20565;10393;7911;2117;365
9893;55 jaar;Ongehuwd;2018;32575;21378;11197;8516;2316;365
9894;55 jaar;Ongehuwd;2019;34824;22539;12285;9369;2536;380
9895;55 jaar;Ongehuwd;2020;37079;23438;13641;10385;2867;389
9896;55 jaar;Ongehuwd;2021;37823;23534;14289;10873;3034;382
9897;55 jaar;Ongehuwd;2022;39157;23847;15310;11705;3223;382
9898;55 jaar;Ongehuwd;2023;41037;24443;16594;12668;3540;386
9899;55 jaar;Ongehuwd;2024;43242;25168;18074;13778;3902;394
9900;55 jaar;Ongehuwd;2025;47680;27316;20364;15529;4416;419
9901;55 jaar;Ongehuwd;2026;48623;27491;21132;16065;4650;417
9902;55 jaar;Ongehuwd;2027;48272;26978;21294;16108;4782;404
9903;55 jaar;Ongehuwd;2028;47549;26381;21168;15981;4796;391
9904;55 jaar;Ongehuwd;2029;45113;24894;20219;15285;4568;366
9905;55 jaar;Ongehuwd;2030;44610;24567;20043;15225;4463;355
9906;55 jaar;Ongehuwd;2031;43916;24059;19857;15075;4437;345
9907;55 jaar;Ongehuwd;2032;44773;24311;20462;15579;4536;347
9908;55 jaar;Ongehuwd;2033;44430;24056;20374;15486;4546;342
9909;55 jaar;Ongehuwd;2034;45277;24510;20767;15685;4736;346
9910;55 jaar;Ongehuwd;2035;45186;24425;20761;15674;4742;345
9911;55 jaar;Ongehuwd;2036;46890;25323;21567;16219;4992;356
9912;55 jaar;Ongehuwd;2037;46576;25003;21573;16255;4967;351
9913;55 jaar;Ongehuwd;2038;45698;24396;21302;16068;4892;342
9914;55 jaar;Ongehuwd;2039;45506;24211;21295;16030;4925;340
9915;55 jaar;Ongehuwd;2040;46450;24642;21808;16309;5151;348
9916;55 jaar;Ongehuwd;2041;47305;25052;22253;16558;5341;354
9917;55 jaar;Ongehuwd;2042;48694;25742;22952;16942;5646;364
9918;55 jaar;Ongehuwd;2043;49011;25882;23129;17053;5708;368
9919;55 jaar;Ongehuwd;2044;48496;25593;22903;16871;5667;365
9920;55 jaar;Ongehuwd;2045;48699;25730;22969;16903;5698;368
9921;55 jaar;Ongehuwd;2046;50283;26683;23600;17378;5841;381
9922;55 jaar;Ongehuwd;2047;50284;26729;23555;17317;5856;382
9923;55 jaar;Ongehuwd;2048;49785;26440;23345;17206;5761;378
9924;55 jaar;Ongehuwd;2049;49456;26255;23201;17110;5716;375
9925;55 jaar;Ongehuwd;2050;49620;26331;23289;17191;5721;377
9926;55 jaar;Ongehuwd;2051;48754;25811;22943;16962;5612;369
9927;55 jaar;Ongehuwd;2052;48840;25827;23013;17062;5582;369
9928;55 jaar;Ongehuwd;2053;49173;26035;23138;17109;5658;371
9929;55 jaar;Ongehuwd;2054;50550;26836;23714;17537;5794;383
9930;55 jaar;Ongehuwd;2055;50986;27114;23872;17658;5828;386
9931;55 jaar;Ongehuwd;2056;51893;27677;24216;17868;5955;393
9932;55 jaar;Ongehuwd;2057;51375;27400;23975;17709;5877;389
9933;55 jaar;Ongehuwd;2058;51081;27246;23835;17615;5833;387
9934;55 jaar;Ongehuwd;2059;50918;27173;23745;17547;5812;386
9935;55 jaar;Ongehuwd;2060;49597;26420;23177;17128;5674;375
9936;55 jaar;Wettig gehuwd plus partnerschap;2013;80592;1817;78775;77965;798;12
9937;55 jaar;Wettig gehuwd plus partnerschap;2014;80864;1747;79117;78321;784;12
9938;55 jaar;Wettig gehuwd plus partnerschap;2015;81357;1716;79641;78809;820;12
9939;55 jaar;Wettig gehuwd plus partnerschap;2016;81206;1672;79534;78702;821;11
9940;55 jaar;Wettig gehuwd plus partnerschap;2017;81831;1630;80201;79358;832;11
9941;55 jaar;Wettig gehuwd plus partnerschap;2018;81348;1577;79771;78922;838;11
9942;55 jaar;Wettig gehuwd plus partnerschap;2019;81632;1531;80101;79240;850;11
9943;55 jaar;Wettig gehuwd plus partnerschap;2020;81297;1500;79797;78916;870;11
9944;55 jaar;Wettig gehuwd plus partnerschap;2021;78669;1430;77239;76371;858;10
9945;55 jaar;Wettig gehuwd plus partnerschap;2022;75950;1367;74583;73726;847;10
9946;55 jaar;Wettig gehuwd plus partnerschap;2023;73900;1319;72581;71733;839;9
9947;55 jaar;Wettig gehuwd plus partnerschap;2024;73009;1290;71719;70868;843;8
9948;55 jaar;Wettig gehuwd plus partnerschap;2025;74460;1307;73153;72275;869;9
9949;55 jaar;Wettig gehuwd plus partnerschap;2026;71183;1245;69938;69085;845;8
9950;55 jaar;Wettig gehuwd plus partnerschap;2027;67354;1182;66172;65353;811;8
9951;55 jaar;Wettig gehuwd plus partnerschap;2028;62808;1117;61691;60915;769;7
9952;55 jaar;Wettig gehuwd plus partnerschap;2029;57650;1031;56619;55901;712;6
9953;55 jaar;Wettig gehuwd plus partnerschap;2030;55173;993;54180;53492;682;6
9954;55 jaar;Wettig gehuwd plus partnerschap;2031;52365;951;51414;50757;651;6
9955;55 jaar;Wettig gehuwd plus partnerschap;2032;51511;932;50579;49934;640;5
9956;55 jaar;Wettig gehuwd plus partnerschap;2033;50654;916;49738;49105;628;5
9957;55 jaar;Wettig gehuwd plus partnerschap;2034;51148;918;50230;49593;632;5
9958;55 jaar;Wettig gehuwd plus partnerschap;2035;51079;912;50167;49534;628;5
9959;55 jaar;Wettig gehuwd plus partnerschap;2036;52389;932;51457;50813;639;5
9960;55 jaar;Wettig gehuwd plus partnerschap;2037;51288;910;50378;49740;633;5
9961;55 jaar;Wettig gehuwd plus partnerschap;2038;50174;879;49295;48674;616;5
9962;55 jaar;Wettig gehuwd plus partnerschap;2039;50001;870;49131;48513;613;5
9963;55 jaar;Wettig gehuwd plus partnerschap;2040;51333;890;50443;49812;626;5
9964;55 jaar;Wettig gehuwd plus partnerschap;2041;51940;901;51039;50398;636;5
9965;55 jaar;Wettig gehuwd plus partnerschap;2042;53043;920;52123;51470;648;5
9966;55 jaar;Wettig gehuwd plus partnerschap;2043;53935;929;53006;52352;649;5
9967;55 jaar;Wettig gehuwd plus partnerschap;2044;53961;929;53032;52376;651;5
9968;55 jaar;Wettig gehuwd plus partnerschap;2045;54612;943;53669;53004;660;5
9969;55 jaar;Wettig gehuwd plus partnerschap;2046;56687;983;55704;55020;678;6
9970;55 jaar;Wettig gehuwd plus partnerschap;2047;56777;985;55792;55106;680;6
9971;55 jaar;Wettig gehuwd plus partnerschap;2048;56574;978;55596;54913;677;6
9972;55 jaar;Wettig gehuwd plus partnerschap;2049;56288;974;55314;54631;677;6
9973;55 jaar;Wettig gehuwd plus partnerschap;2050;56556;979;55577;54891;680;6
9974;55 jaar;Wettig gehuwd plus partnerschap;2051;55556;956;54600;53922;672;6
9975;55 jaar;Wettig gehuwd plus partnerschap;2052;55773;956;54817;54141;670;6
9976;55 jaar;Wettig gehuwd plus partnerschap;2053;55840;961;54879;54196;677;6
9977;55 jaar;Wettig gehuwd plus partnerschap;2054;57362;991;56371;55674;691;6
9978;55 jaar;Wettig gehuwd plus partnerschap;2055;57788;999;56789;56088;695;6
9979;55 jaar;Wettig gehuwd plus partnerschap;2056;58586;1019;57567;56854;707;6
9980;55 jaar;Wettig gehuwd plus partnerschap;2057;58003;1007;56996;56291;699;6
9981;55 jaar;Wettig gehuwd plus partnerschap;2058;57675;1000;56675;55975;694;6
9982;55 jaar;Wettig gehuwd plus partnerschap;2059;57469;998;56471;55774;691;6
9983;55 jaar;Wettig gehuwd plus partnerschap;2060;55950;967;54983;54300;677;6
9984;55 jaar;Verweduwd;2013;5131;2718;2413;251;2157;5
9985;55 jaar;Verweduwd;2014;5152;2682;2470;227;2237;6
9986;55 jaar;Verweduwd;2015;4994;2582;2412;247;2160;5
9987;55 jaar;Verweduwd;2016;4966;2547;2419;233;2181;5
9988;55 jaar;Verweduwd;2017;4781;2446;2335;224;2106;5
9989;55 jaar;Verweduwd;2018;4647;2334;2313;232;2077;4
9990;55 jaar;Verweduwd;2019;4520;2252;2268;220;2044;4
9991;55 jaar;Verweduwd;2020;4511;2209;2302;229;2069;4
9992;55 jaar;Verweduwd;2021;4189;2029;2160;205;1951;4
9993;55 jaar;Verweduwd;2022;3989;1904;2085;198;1884;3
9994;55 jaar;Verweduwd;2023;3809;1794;2015;189;1823;3
9995;55 jaar;Verweduwd;2024;3657;1707;1950;177;1770;3
9996;55 jaar;Verweduwd;2025;3692;1710;1982;182;1797;3
9997;55 jaar;Verweduwd;2026;3435;1577;1858;165;1690;3
9998;55 jaar;Verweduwd;2027;3176;1450;1726;153;1571;2
9999;55 jaar;Verweduwd;2028;2947;1346;1601;140;1459;2
