ID;Geslacht;LeeftijdOp31December;Perioden;Immigratie_1;EmigratieInclusiefCorrecties_2;MigratiesaldoInclusiefCorrecties_3
0;Mannen en Vrouwen;Totaal over alle leeftijden;2014;179736;144135;35601
1;Mannen en Vrouwen;Totaal over alle leeftijden;2015;183956;147157;36799
2;Mannen en Vrouwen;Totaal over alle leeftijden;2016;187904;150926;36978
3;Mannen en Vrouwen;Totaal over alle leeftijden;2017;191532;155257;36275
4;Mannen en Vrouwen;Totaal over alle leeftijden;2018;189849;159298;30551
5;Mannen en Vrouwen;Totaal over alle leeftijden;2019;188069;162123;25946
6;Mannen en Vrouwen;Totaal over alle leeftijden;2020;184918;163174;21744
7;Mannen en Vrouwen;Totaal over alle leeftijden;2021;184876;163440;21436
8;Mannen en Vrouwen;Totaal over alle leeftijden;2022;184647;163858;20789
9;Mannen en Vrouwen;Totaal over alle leeftijden;2023;184658;164304;20354
10;Mannen en Vrouwen;Totaal over alle leeftijden;2024;184407;164715;19692
11;Mannen en Vrouwen;Totaal over alle leeftijden;2025;184527;165157;19370
12;Mannen en Vrouwen;Totaal over alle leeftijden;2026;184500;165548;18952
13;Mannen en Vrouwen;Totaal over alle leeftijden;2027;184570;165835;18735
14;Mannen en Vrouwen;Totaal over alle leeftijden;2028;184606;166049;18557
15;Mannen en Vrouwen;Totaal over alle leeftijden;2029;184629;166157;18472
16;Mannen en Vrouwen;Totaal over alle leeftijden;2030;184696;166537;18159
17;Mannen en Vrouwen;Totaal over alle leeftijden;2031;184760;166832;17928
18;Mannen en Vrouwen;Totaal over alle leeftijden;2032;184809;167071;17738
19;Mannen en Vrouwen;Totaal over alle leeftijden;2033;184835;167295;17540
20;Mannen en Vrouwen;Totaal over alle leeftijden;2034;184906;167489;17417
21;Mannen en Vrouwen;Totaal over alle leeftijden;2035;184940;167657;17283
22;Mannen en Vrouwen;Totaal over alle leeftijden;2036;185005;167802;17203
23;Mannen en Vrouwen;Totaal over alle leeftijden;2037;185078;167931;17147
24;Mannen en Vrouwen;Totaal over alle leeftijden;2038;185109;168031;17078
25;Mannen en Vrouwen;Totaal over alle leeftijden;2039;185185;168135;17050
26;Mannen en Vrouwen;Totaal over alle leeftijden;2040;185273;168239;17034
27;Mannen en Vrouwen;Totaal over alle leeftijden;2041;185309;168361;16948
28;Mannen en Vrouwen;Totaal over alle leeftijden;2042;185374;168489;16885
29;Mannen en Vrouwen;Totaal over alle leeftijden;2043;185432;168654;16778
30;Mannen en Vrouwen;Totaal over alle leeftijden;2044;185504;168808;16696
31;Mannen en Vrouwen;Totaal over alle leeftijden;2045;185592;168963;16629
32;Mannen en Vrouwen;Totaal over alle leeftijden;2046;185698;169129;16569
33;Mannen en Vrouwen;Totaal over alle leeftijden;2047;185745;169296;16449
34;Mannen en Vrouwen;Totaal over alle leeftijden;2048;185850;169467;16383
35;Mannen en Vrouwen;Totaal over alle leeftijden;2049;185949;169643;16306
36;Mannen en Vrouwen;Totaal over alle leeftijden;2050;186034;169837;16197
37;Mannen en Vrouwen;Totaal over alle leeftijden;2051;186125;170034;16091
38;Mannen en Vrouwen;Totaal over alle leeftijden;2052;186176;170225;15951
39;Mannen en Vrouwen;Totaal over alle leeftijden;2053;186245;170416;15829
40;Mannen en Vrouwen;Totaal over alle leeftijden;2054;186313;170598;15715
41;Mannen en Vrouwen;Totaal over alle leeftijden;2055;186386;170773;15613
42;Mannen en Vrouwen;Totaal over alle leeftijden;2056;186435;170939;15496
43;Mannen en Vrouwen;Totaal over alle leeftijden;2057;186458;171090;15368
44;Mannen en Vrouwen;Totaal over alle leeftijden;2058;186505;171232;15273
45;Mannen en Vrouwen;Totaal over alle leeftijden;2059;186519;171357;15162
46;Mannen en Vrouwen;0 jaar;2014;1448;467;981
47;Mannen en Vrouwen;0 jaar;2015;1483;473;1010
48;Mannen en Vrouwen;0 jaar;2016;1520;484;1036
49;Mannen en Vrouwen;0 jaar;2017;1551;496;1055
50;Mannen en Vrouwen;0 jaar;2018;1540;507;1033
51;Mannen en Vrouwen;0 jaar;2019;1529;515;1014
52;Mannen en Vrouwen;0 jaar;2020;1508;515;993
53;Mannen en Vrouwen;0 jaar;2021;1510;514;996
54;Mannen en Vrouwen;0 jaar;2022;1511;513;998
55;Mannen en Vrouwen;0 jaar;2023;1511;511;1000
56;Mannen en Vrouwen;0 jaar;2024;1512;511;1001
57;Mannen en Vrouwen;0 jaar;2025;1511;511;1000
58;Mannen en Vrouwen;0 jaar;2026;1511;511;1000
59;Mannen en Vrouwen;0 jaar;2027;1512;510;1002
60;Mannen en Vrouwen;0 jaar;2028;1514;508;1006
61;Mannen en Vrouwen;0 jaar;2029;1515;508;1007
62;Mannen en Vrouwen;0 jaar;2030;1514;507;1007
63;Mannen en Vrouwen;0 jaar;2031;1513;507;1006
64;Mannen en Vrouwen;0 jaar;2032;1511;506;1005
65;Mannen en Vrouwen;0 jaar;2033;1510;506;1004
66;Mannen en Vrouwen;0 jaar;2034;1509;503;1006
67;Mannen en Vrouwen;0 jaar;2035;1507;501;1006
68;Mannen en Vrouwen;0 jaar;2036;1507;500;1007
69;Mannen en Vrouwen;0 jaar;2037;1504;499;1005
70;Mannen en Vrouwen;0 jaar;2038;1503;495;1008
71;Mannen en Vrouwen;0 jaar;2039;1502;495;1007
72;Mannen en Vrouwen;0 jaar;2040;1501;493;1008
73;Mannen en Vrouwen;0 jaar;2041;1503;491;1012
74;Mannen en Vrouwen;0 jaar;2042;1502;490;1012
75;Mannen en Vrouwen;0 jaar;2043;1502;490;1012
76;Mannen en Vrouwen;0 jaar;2044;1502;489;1013
77;Mannen en Vrouwen;0 jaar;2045;1502;488;1014
78;Mannen en Vrouwen;0 jaar;2046;1503;489;1014
79;Mannen en Vrouwen;0 jaar;2047;1504;490;1014
80;Mannen en Vrouwen;0 jaar;2048;1506;491;1015
81;Mannen en Vrouwen;0 jaar;2049;1507;491;1016
82;Mannen en Vrouwen;0 jaar;2050;1508;492;1016
83;Mannen en Vrouwen;0 jaar;2051;1508;494;1014
84;Mannen en Vrouwen;0 jaar;2052;1512;496;1016
85;Mannen en Vrouwen;0 jaar;2053;1513;496;1017
86;Mannen en Vrouwen;0 jaar;2054;1514;497;1017
87;Mannen en Vrouwen;0 jaar;2055;1514;498;1016
88;Mannen en Vrouwen;0 jaar;2056;1515;499;1016
89;Mannen en Vrouwen;0 jaar;2057;1516;499;1017
90;Mannen en Vrouwen;0 jaar;2058;1516;501;1015
91;Mannen en Vrouwen;0 jaar;2059;1515;500;1015
92;Mannen en Vrouwen;1 jaar;2014;2113;1514;599
93;Mannen en Vrouwen;1 jaar;2015;2172;1541;631
94;Mannen en Vrouwen;1 jaar;2016;2223;1571;652
95;Mannen en Vrouwen;1 jaar;2017;2275;1612;663
96;Mannen en Vrouwen;1 jaar;2018;2260;1651;609
97;Mannen en Vrouwen;1 jaar;2019;2242;1675;567
98;Mannen en Vrouwen;1 jaar;2020;2209;1681;528
99;Mannen en Vrouwen;1 jaar;2021;2213;1675;538
100;Mannen en Vrouwen;1 jaar;2022;2212;1672;540
101;Mannen en Vrouwen;1 jaar;2023;2215;1670;545
102;Mannen en Vrouwen;1 jaar;2024;2215;1668;547
103;Mannen en Vrouwen;1 jaar;2025;2221;1668;553
104;Mannen en Vrouwen;1 jaar;2026;2224;1666;558
105;Mannen en Vrouwen;1 jaar;2027;2228;1665;563
106;Mannen en Vrouwen;1 jaar;2028;2229;1662;567
107;Mannen en Vrouwen;1 jaar;2029;2229;1660;569
108;Mannen en Vrouwen;1 jaar;2030;2230;1659;571
109;Mannen en Vrouwen;1 jaar;2031;2229;1658;571
110;Mannen en Vrouwen;1 jaar;2032;2230;1656;574
111;Mannen en Vrouwen;1 jaar;2033;2231;1652;579
112;Mannen en Vrouwen;1 jaar;2034;2229;1649;580
113;Mannen en Vrouwen;1 jaar;2035;2227;1643;584
114;Mannen en Vrouwen;1 jaar;2036;2225;1640;585
115;Mannen en Vrouwen;1 jaar;2037;2221;1634;587
116;Mannen en Vrouwen;1 jaar;2038;2216;1627;589
117;Mannen en Vrouwen;1 jaar;2039;2212;1621;591
118;Mannen en Vrouwen;1 jaar;2040;2209;1615;594
119;Mannen en Vrouwen;1 jaar;2041;2207;1609;598
120;Mannen en Vrouwen;1 jaar;2042;2206;1605;601
121;Mannen en Vrouwen;1 jaar;2043;2204;1602;602
122;Mannen en Vrouwen;1 jaar;2044;2204;1600;604
123;Mannen en Vrouwen;1 jaar;2045;2204;1597;607
124;Mannen en Vrouwen;1 jaar;2046;2206;1597;609
125;Mannen en Vrouwen;1 jaar;2047;2207;1597;610
126;Mannen en Vrouwen;1 jaar;2048;2209;1600;609
127;Mannen en Vrouwen;1 jaar;2049;2215;1601;614
128;Mannen en Vrouwen;1 jaar;2050;2217;1605;612
129;Mannen en Vrouwen;1 jaar;2051;2220;1609;611
130;Mannen en Vrouwen;1 jaar;2052;2222;1612;610
131;Mannen en Vrouwen;1 jaar;2053;2226;1615;611
132;Mannen en Vrouwen;1 jaar;2054;2226;1619;607
133;Mannen en Vrouwen;1 jaar;2055;2228;1621;607
134;Mannen en Vrouwen;1 jaar;2056;2231;1626;605
135;Mannen en Vrouwen;1 jaar;2057;2232;1627;605
136;Mannen en Vrouwen;1 jaar;2058;2235;1628;607
137;Mannen en Vrouwen;1 jaar;2059;2235;1630;605
138;Mannen en Vrouwen;2 jaar;2014;2203;1687;516
139;Mannen en Vrouwen;2 jaar;2015;2244;1633;611
140;Mannen en Vrouwen;2 jaar;2016;2300;1673;627
141;Mannen en Vrouwen;2 jaar;2017;2350;1714;636
142;Mannen en Vrouwen;2 jaar;2018;2332;1757;575
143;Mannen en Vrouwen;2 jaar;2019;2308;1784;524
144;Mannen en Vrouwen;2 jaar;2020;2275;1791;484
145;Mannen en Vrouwen;2 jaar;2021;2281;1787;494
146;Mannen en Vrouwen;2 jaar;2022;2283;1786;497
147;Mannen en Vrouwen;2 jaar;2023;2287;1785;502
148;Mannen en Vrouwen;2 jaar;2024;2290;1783;507
149;Mannen en Vrouwen;2 jaar;2025;2298;1783;515
150;Mannen en Vrouwen;2 jaar;2026;2298;1783;515
151;Mannen en Vrouwen;2 jaar;2027;2299;1781;518
152;Mannen en Vrouwen;2 jaar;2028;2302;1779;523
153;Mannen en Vrouwen;2 jaar;2029;2304;1775;529
154;Mannen en Vrouwen;2 jaar;2030;2305;1776;529
155;Mannen en Vrouwen;2 jaar;2031;2304;1774;530
156;Mannen en Vrouwen;2 jaar;2032;2306;1773;533
157;Mannen en Vrouwen;2 jaar;2033;2305;1770;535
158;Mannen en Vrouwen;2 jaar;2034;2304;1768;536
159;Mannen en Vrouwen;2 jaar;2035;2305;1764;541
160;Mannen en Vrouwen;2 jaar;2036;2305;1759;546
161;Mannen en Vrouwen;2 jaar;2037;2302;1753;549
162;Mannen en Vrouwen;2 jaar;2038;2299;1747;552
163;Mannen en Vrouwen;2 jaar;2039;2295;1742;553
164;Mannen en Vrouwen;2 jaar;2040;2292;1734;558
165;Mannen en Vrouwen;2 jaar;2041;2289;1729;560
166;Mannen en Vrouwen;2 jaar;2042;2286;1723;563
167;Mannen en Vrouwen;2 jaar;2043;2283;1719;564
168;Mannen en Vrouwen;2 jaar;2044;2282;1715;567
169;Mannen en Vrouwen;2 jaar;2045;2282;1712;570
170;Mannen en Vrouwen;2 jaar;2046;2283;1711;572
171;Mannen en Vrouwen;2 jaar;2047;2284;1711;573
172;Mannen en Vrouwen;2 jaar;2048;2288;1711;577
173;Mannen en Vrouwen;2 jaar;2049;2291;1714;577
174;Mannen en Vrouwen;2 jaar;2050;2293;1716;577
175;Mannen en Vrouwen;2 jaar;2051;2296;1719;577
176;Mannen en Vrouwen;2 jaar;2052;2297;1721;576
177;Mannen en Vrouwen;2 jaar;2053;2301;1725;576
178;Mannen en Vrouwen;2 jaar;2054;2301;1729;572
179;Mannen en Vrouwen;2 jaar;2055;2304;1731;573
180;Mannen en Vrouwen;2 jaar;2056;2308;1735;573
181;Mannen en Vrouwen;2 jaar;2057;2312;1739;573
182;Mannen en Vrouwen;2 jaar;2058;2312;1741;571
183;Mannen en Vrouwen;2 jaar;2059;2314;1742;572
184;Mannen en Vrouwen;3 jaar;2014;2047;1761;286
185;Mannen en Vrouwen;3 jaar;2015;2087;1781;306
186;Mannen en Vrouwen;3 jaar;2016;2110;1741;369
187;Mannen en Vrouwen;3 jaar;2017;2167;1792;375
188;Mannen en Vrouwen;3 jaar;2018;2146;1835;311
189;Mannen en Vrouwen;3 jaar;2019;2128;1867;261
190;Mannen en Vrouwen;3 jaar;2020;2093;1876;217
191;Mannen en Vrouwen;3 jaar;2021;2101;1873;228
192;Mannen en Vrouwen;3 jaar;2022;2107;1874;233
193;Mannen en Vrouwen;3 jaar;2023;2110;1872;238
194;Mannen en Vrouwen;3 jaar;2024;2109;1874;235
195;Mannen en Vrouwen;3 jaar;2025;2113;1874;239
196;Mannen en Vrouwen;3 jaar;2026;2116;1874;242
197;Mannen en Vrouwen;3 jaar;2027;2120;1873;247
198;Mannen en Vrouwen;3 jaar;2028;2121;1871;250
199;Mannen en Vrouwen;3 jaar;2029;2124;1868;256
200;Mannen en Vrouwen;3 jaar;2030;2123;1869;254
201;Mannen en Vrouwen;3 jaar;2031;2125;1869;256
202;Mannen en Vrouwen;3 jaar;2032;2126;1868;258
203;Mannen en Vrouwen;3 jaar;2033;2129;1866;263
204;Mannen en Vrouwen;3 jaar;2034;2128;1863;265
205;Mannen en Vrouwen;3 jaar;2035;2129;1861;268
206;Mannen en Vrouwen;3 jaar;2036;2128;1857;271
207;Mannen en Vrouwen;3 jaar;2037;2125;1852;273
208;Mannen en Vrouwen;3 jaar;2038;2120;1846;274
209;Mannen en Vrouwen;3 jaar;2039;2116;1840;276
210;Mannen en Vrouwen;3 jaar;2040;2114;1833;281
211;Mannen en Vrouwen;3 jaar;2041;2114;1828;286
212;Mannen en Vrouwen;3 jaar;2042;2112;1820;292
213;Mannen en Vrouwen;3 jaar;2043;2108;1816;292
214;Mannen en Vrouwen;3 jaar;2044;2106;1811;295
215;Mannen en Vrouwen;3 jaar;2045;2106;1808;298
216;Mannen en Vrouwen;3 jaar;2046;2107;1805;302
217;Mannen en Vrouwen;3 jaar;2047;2107;1803;304
218;Mannen en Vrouwen;3 jaar;2048;2107;1803;304
219;Mannen en Vrouwen;3 jaar;2049;2109;1804;305
220;Mannen en Vrouwen;3 jaar;2050;2110;1806;304
221;Mannen en Vrouwen;3 jaar;2051;2113;1808;305
222;Mannen en Vrouwen;3 jaar;2052;2116;1811;305
223;Mannen en Vrouwen;3 jaar;2053;2117;1815;302
224;Mannen en Vrouwen;3 jaar;2054;2118;1818;300
225;Mannen en Vrouwen;3 jaar;2055;2120;1821;299
226;Mannen en Vrouwen;3 jaar;2056;2123;1826;297
227;Mannen en Vrouwen;3 jaar;2057;2124;1828;296
228;Mannen en Vrouwen;3 jaar;2058;2127;1832;295
229;Mannen en Vrouwen;3 jaar;2059;2128;1834;294
230;Mannen en Vrouwen;4 jaar;2014;1952;1755;197
231;Mannen en Vrouwen;4 jaar;2015;1987;1734;253
232;Mannen en Vrouwen;4 jaar;2016;2013;1759;254
233;Mannen en Vrouwen;4 jaar;2017;2038;1731;307
234;Mannen en Vrouwen;4 jaar;2018;2020;1780;240
235;Mannen en Vrouwen;4 jaar;2019;2004;1807;197
236;Mannen en Vrouwen;4 jaar;2020;1967;1817;150
237;Mannen en Vrouwen;4 jaar;2021;1973;1816;157
238;Mannen en Vrouwen;4 jaar;2022;1978;1817;161
239;Mannen en Vrouwen;4 jaar;2023;1986;1819;167
240;Mannen en Vrouwen;4 jaar;2024;1989;1817;172
241;Mannen en Vrouwen;4 jaar;2025;1992;1817;175
242;Mannen en Vrouwen;4 jaar;2026;1996;1816;180
243;Mannen en Vrouwen;4 jaar;2027;1996;1814;182
244;Mannen en Vrouwen;4 jaar;2028;2001;1813;188
245;Mannen en Vrouwen;4 jaar;2029;2002;1810;192
246;Mannen en Vrouwen;4 jaar;2030;2002;1810;192
247;Mannen en Vrouwen;4 jaar;2031;2004;1810;194
248;Mannen en Vrouwen;4 jaar;2032;2005;1809;196
249;Mannen en Vrouwen;4 jaar;2033;2007;1807;200
250;Mannen en Vrouwen;4 jaar;2034;2007;1804;203
251;Mannen en Vrouwen;4 jaar;2035;2008;1803;205
252;Mannen en Vrouwen;4 jaar;2036;2006;1799;207
253;Mannen en Vrouwen;4 jaar;2037;2005;1795;210
254;Mannen en Vrouwen;4 jaar;2038;2002;1791;211
255;Mannen en Vrouwen;4 jaar;2039;1999;1784;215
256;Mannen en Vrouwen;4 jaar;2040;1997;1778;219
257;Mannen en Vrouwen;4 jaar;2041;1991;1771;220
258;Mannen en Vrouwen;4 jaar;2042;1988;1765;223
259;Mannen en Vrouwen;4 jaar;2043;1986;1761;225
260;Mannen en Vrouwen;4 jaar;2044;1985;1755;230
261;Mannen en Vrouwen;4 jaar;2045;1983;1750;233
262;Mannen en Vrouwen;4 jaar;2046;1984;1745;239
263;Mannen en Vrouwen;4 jaar;2047;1983;1744;239
264;Mannen en Vrouwen;4 jaar;2048;1984;1742;242
265;Mannen en Vrouwen;4 jaar;2049;1985;1740;245
266;Mannen en Vrouwen;4 jaar;2050;1987;1741;246
267;Mannen en Vrouwen;4 jaar;2051;1989;1743;246
268;Mannen en Vrouwen;4 jaar;2052;1990;1746;244
269;Mannen en Vrouwen;4 jaar;2053;1992;1748;244
270;Mannen en Vrouwen;4 jaar;2054;1994;1750;244
271;Mannen en Vrouwen;4 jaar;2055;1996;1753;243
272;Mannen en Vrouwen;4 jaar;2056;2000;1756;244
273;Mannen en Vrouwen;4 jaar;2057;2002;1760;242
274;Mannen en Vrouwen;4 jaar;2058;2003;1763;240
275;Mannen en Vrouwen;4 jaar;2059;2005;1766;239
276;Mannen en Vrouwen;5 jaar;2014;1872;1680;192
277;Mannen en Vrouwen;5 jaar;2015;1918;1702;216
278;Mannen en Vrouwen;5 jaar;2016;1939;1691;248
279;Mannen en Vrouwen;5 jaar;2017;1969;1719;250
280;Mannen en Vrouwen;5 jaar;2018;1928;1692;236
281;Mannen en Vrouwen;5 jaar;2019;1910;1725;185
282;Mannen en Vrouwen;5 jaar;2020;1877;1733;144
283;Mannen en Vrouwen;5 jaar;2021;1881;1734;147
284;Mannen en Vrouwen;5 jaar;2022;1890;1737;153
285;Mannen en Vrouwen;5 jaar;2023;1896;1739;157
286;Mannen en Vrouwen;5 jaar;2024;1900;1741;159
287;Mannen en Vrouwen;5 jaar;2025;1904;1741;163
288;Mannen en Vrouwen;5 jaar;2026;1907;1741;166
289;Mannen en Vrouwen;5 jaar;2027;1908;1738;170
290;Mannen en Vrouwen;5 jaar;2028;1910;1736;174
291;Mannen en Vrouwen;5 jaar;2029;1910;1732;178
292;Mannen en Vrouwen;5 jaar;2030;1915;1732;183
293;Mannen en Vrouwen;5 jaar;2031;1918;1732;186
294;Mannen en Vrouwen;5 jaar;2032;1917;1732;185
295;Mannen en Vrouwen;5 jaar;2033;1918;1731;187
296;Mannen en Vrouwen;5 jaar;2034;1921;1728;193
297;Mannen en Vrouwen;5 jaar;2035;1923;1726;197
298;Mannen en Vrouwen;5 jaar;2036;1922;1723;199
299;Mannen en Vrouwen;5 jaar;2037;1921;1721;200
300;Mannen en Vrouwen;5 jaar;2038;1919;1716;203
301;Mannen en Vrouwen;5 jaar;2039;1916;1710;206
302;Mannen en Vrouwen;5 jaar;2040;1912;1704;208
303;Mannen en Vrouwen;5 jaar;2041;1910;1697;213
304;Mannen en Vrouwen;5 jaar;2042;1906;1691;215
305;Mannen en Vrouwen;5 jaar;2043;1904;1686;218
306;Mannen en Vrouwen;5 jaar;2044;1901;1680;221
307;Mannen en Vrouwen;5 jaar;2045;1900;1674;226
308;Mannen en Vrouwen;5 jaar;2046;1899;1670;229
309;Mannen en Vrouwen;5 jaar;2047;1899;1666;233
310;Mannen en Vrouwen;5 jaar;2048;1897;1663;234
311;Mannen en Vrouwen;5 jaar;2049;1900;1662;238
312;Mannen en Vrouwen;5 jaar;2050;1902;1660;242
313;Mannen en Vrouwen;5 jaar;2051;1904;1661;243
314;Mannen en Vrouwen;5 jaar;2052;1905;1662;243
315;Mannen en Vrouwen;5 jaar;2053;1907;1665;242
316;Mannen en Vrouwen;5 jaar;2054;1909;1667;242
317;Mannen en Vrouwen;5 jaar;2055;1911;1669;242
318;Mannen en Vrouwen;5 jaar;2056;1912;1672;240
319;Mannen en Vrouwen;5 jaar;2057;1913;1676;237
320;Mannen en Vrouwen;5 jaar;2058;1915;1677;238
321;Mannen en Vrouwen;5 jaar;2059;1916;1679;237
322;Mannen en Vrouwen;6 jaar;2014;1822;1558;264
323;Mannen en Vrouwen;6 jaar;2015;1867;1571;296
324;Mannen en Vrouwen;6 jaar;2016;1902;1601;301
325;Mannen en Vrouwen;6 jaar;2017;1925;1601;324
326;Mannen en Vrouwen;6 jaar;2018;1892;1625;267
327;Mannen en Vrouwen;6 jaar;2019;1853;1592;261
328;Mannen en Vrouwen;6 jaar;2020;1818;1606;212
329;Mannen en Vrouwen;6 jaar;2021;1827;1606;221
330;Mannen en Vrouwen;6 jaar;2022;1833;1610;223
331;Mannen en Vrouwen;6 jaar;2023;1839;1614;225
332;Mannen en Vrouwen;6 jaar;2024;1844;1617;227
333;Mannen en Vrouwen;6 jaar;2025;1851;1620;231
334;Mannen en Vrouwen;6 jaar;2026;1850;1619;231
335;Mannen en Vrouwen;6 jaar;2027;1852;1618;234
336;Mannen en Vrouwen;6 jaar;2028;1853;1616;237
337;Mannen en Vrouwen;6 jaar;2029;1854;1614;240
338;Mannen en Vrouwen;6 jaar;2030;1857;1614;243
339;Mannen en Vrouwen;6 jaar;2031;1862;1614;248
340;Mannen en Vrouwen;6 jaar;2032;1859;1614;245
341;Mannen en Vrouwen;6 jaar;2033;1863;1613;250
342;Mannen en Vrouwen;6 jaar;2034;1865;1612;253
343;Mannen en Vrouwen;6 jaar;2035;1865;1611;254
344;Mannen en Vrouwen;6 jaar;2036;1864;1608;256
345;Mannen en Vrouwen;6 jaar;2037;1862;1605;257
346;Mannen en Vrouwen;6 jaar;2038;1862;1603;259
347;Mannen en Vrouwen;6 jaar;2039;1860;1599;261
348;Mannen en Vrouwen;6 jaar;2040;1858;1594;264
349;Mannen en Vrouwen;6 jaar;2041;1856;1588;268
350;Mannen en Vrouwen;6 jaar;2042;1856;1582;274
351;Mannen en Vrouwen;6 jaar;2043;1856;1578;278
352;Mannen en Vrouwen;6 jaar;2044;1853;1572;281
353;Mannen en Vrouwen;6 jaar;2045;1851;1567;284
354;Mannen en Vrouwen;6 jaar;2046;1849;1562;287
355;Mannen en Vrouwen;6 jaar;2047;1847;1558;289
356;Mannen en Vrouwen;6 jaar;2048;1846;1556;290
357;Mannen en Vrouwen;6 jaar;2049;1844;1553;291
358;Mannen en Vrouwen;6 jaar;2050;1845;1552;293
359;Mannen en Vrouwen;6 jaar;2051;1845;1552;293
360;Mannen en Vrouwen;6 jaar;2052;1848;1553;295
361;Mannen en Vrouwen;6 jaar;2053;1852;1555;297
362;Mannen en Vrouwen;6 jaar;2054;1853;1557;296
363;Mannen en Vrouwen;6 jaar;2055;1855;1559;296
364;Mannen en Vrouwen;6 jaar;2056;1857;1562;295
365;Mannen en Vrouwen;6 jaar;2057;1858;1565;293
366;Mannen en Vrouwen;6 jaar;2058;1860;1568;292
367;Mannen en Vrouwen;6 jaar;2059;1861;1570;291
368;Mannen en Vrouwen;7 jaar;2014;1732;1401;331
369;Mannen en Vrouwen;7 jaar;2015;1781;1422;359
370;Mannen en Vrouwen;7 jaar;2016;1811;1443;368
371;Mannen en Vrouwen;7 jaar;2017;1847;1476;371
372;Mannen en Vrouwen;7 jaar;2018;1810;1478;332
373;Mannen en Vrouwen;7 jaar;2019;1778;1491;287
374;Mannen en Vrouwen;7 jaar;2020;1721;1448;273
375;Mannen en Vrouwen;7 jaar;2021;1732;1454;278
376;Mannen en Vrouwen;7 jaar;2022;1736;1457;279
377;Mannen en Vrouwen;7 jaar;2023;1746;1462;284
378;Mannen en Vrouwen;7 jaar;2024;1746;1466;280
379;Mannen en Vrouwen;7 jaar;2025;1757;1470;287
380;Mannen en Vrouwen;7 jaar;2026;1762;1472;290
381;Mannen en Vrouwen;7 jaar;2027;1762;1473;289
382;Mannen en Vrouwen;7 jaar;2028;1766;1472;294
383;Mannen en Vrouwen;7 jaar;2029;1767;1470;297
384;Mannen en Vrouwen;7 jaar;2030;1767;1472;295
385;Mannen en Vrouwen;7 jaar;2031;1769;1472;297
386;Mannen en Vrouwen;7 jaar;2032;1770;1473;297
387;Mannen en Vrouwen;7 jaar;2033;1771;1472;299
388;Mannen en Vrouwen;7 jaar;2034;1772;1474;298
389;Mannen en Vrouwen;7 jaar;2035;1773;1473;300
390;Mannen en Vrouwen;7 jaar;2036;1773;1472;301
391;Mannen en Vrouwen;7 jaar;2037;1774;1471;303
392;Mannen en Vrouwen;7 jaar;2038;1772;1469;303
393;Mannen en Vrouwen;7 jaar;2039;1770;1466;304
394;Mannen en Vrouwen;7 jaar;2040;1769;1462;307
395;Mannen en Vrouwen;7 jaar;2041;1768;1459;309
396;Mannen en Vrouwen;7 jaar;2042;1765;1455;310
397;Mannen en Vrouwen;7 jaar;2043;1763;1451;312
398;Mannen en Vrouwen;7 jaar;2044;1761;1446;315
399;Mannen en Vrouwen;7 jaar;2045;1759;1442;317
400;Mannen en Vrouwen;7 jaar;2046;1758;1438;320
401;Mannen en Vrouwen;7 jaar;2047;1757;1435;322
402;Mannen en Vrouwen;7 jaar;2048;1755;1432;323
403;Mannen en Vrouwen;7 jaar;2049;1756;1430;326
404;Mannen en Vrouwen;7 jaar;2050;1756;1428;328
405;Mannen en Vrouwen;7 jaar;2051;1753;1427;326
406;Mannen en Vrouwen;7 jaar;2052;1755;1429;326
407;Mannen en Vrouwen;7 jaar;2053;1755;1429;326
408;Mannen en Vrouwen;7 jaar;2054;1757;1431;326
409;Mannen en Vrouwen;7 jaar;2055;1761;1435;326
410;Mannen en Vrouwen;7 jaar;2056;1764;1437;327
411;Mannen en Vrouwen;7 jaar;2057;1765;1440;325
412;Mannen en Vrouwen;7 jaar;2058;1767;1443;324
413;Mannen en Vrouwen;7 jaar;2059;1768;1446;322
414;Mannen en Vrouwen;8 jaar;2014;1634;1279;355
415;Mannen en Vrouwen;8 jaar;2015;1664;1294;370
416;Mannen en Vrouwen;8 jaar;2016;1702;1323;379
417;Mannen en Vrouwen;8 jaar;2017;1735;1346;389
418;Mannen en Vrouwen;8 jaar;2018;1708;1377;331
419;Mannen en Vrouwen;8 jaar;2019;1674;1373;301
420;Mannen en Vrouwen;8 jaar;2020;1626;1369;257
421;Mannen en Vrouwen;8 jaar;2021;1615;1327;288
422;Mannen en Vrouwen;8 jaar;2022;1618;1335;283
423;Mannen en Vrouwen;8 jaar;2023;1627;1340;287
424;Mannen en Vrouwen;8 jaar;2024;1629;1344;285
425;Mannen en Vrouwen;8 jaar;2025;1636;1349;287
426;Mannen en Vrouwen;8 jaar;2026;1640;1354;286
427;Mannen en Vrouwen;8 jaar;2027;1644;1358;286
428;Mannen en Vrouwen;8 jaar;2028;1648;1357;291
429;Mannen en Vrouwen;8 jaar;2029;1650;1354;296
430;Mannen en Vrouwen;8 jaar;2030;1651;1357;294
431;Mannen en Vrouwen;8 jaar;2031;1652;1358;294
432;Mannen en Vrouwen;8 jaar;2032;1654;1358;296
433;Mannen en Vrouwen;8 jaar;2033;1657;1359;298
434;Mannen en Vrouwen;8 jaar;2034;1658;1359;299
435;Mannen en Vrouwen;8 jaar;2035;1660;1358;302
436;Mannen en Vrouwen;8 jaar;2036;1659;1358;301
437;Mannen en Vrouwen;8 jaar;2037;1659;1359;300
438;Mannen en Vrouwen;8 jaar;2038;1657;1357;300
439;Mannen en Vrouwen;8 jaar;2039;1656;1356;300
440;Mannen en Vrouwen;8 jaar;2040;1654;1353;301
441;Mannen en Vrouwen;8 jaar;2041;1653;1351;302
442;Mannen en Vrouwen;8 jaar;2042;1652;1346;306
443;Mannen en Vrouwen;8 jaar;2043;1650;1344;306
444;Mannen en Vrouwen;8 jaar;2044;1648;1340;308
445;Mannen en Vrouwen;8 jaar;2045;1646;1337;309
446;Mannen en Vrouwen;8 jaar;2046;1644;1332;312
447;Mannen en Vrouwen;8 jaar;2047;1642;1328;314
448;Mannen en Vrouwen;8 jaar;2048;1643;1326;317
449;Mannen en Vrouwen;8 jaar;2049;1642;1323;319
450;Mannen en Vrouwen;8 jaar;2050;1641;1322;319
451;Mannen en Vrouwen;8 jaar;2051;1641;1322;319
452;Mannen en Vrouwen;8 jaar;2052;1644;1320;324
453;Mannen en Vrouwen;8 jaar;2053;1646;1322;324
454;Mannen en Vrouwen;8 jaar;2054;1645;1322;323
455;Mannen en Vrouwen;8 jaar;2055;1646;1325;321
456;Mannen en Vrouwen;8 jaar;2056;1648;1328;320
457;Mannen en Vrouwen;8 jaar;2057;1648;1331;317
458;Mannen en Vrouwen;8 jaar;2058;1650;1333;317
459;Mannen en Vrouwen;8 jaar;2059;1652;1336;316
460;Mannen en Vrouwen;9 jaar;2014;1585;1170;415
461;Mannen en Vrouwen;9 jaar;2015;1613;1196;417
462;Mannen en Vrouwen;9 jaar;2016;1633;1219;414
463;Mannen en Vrouwen;9 jaar;2017;1667;1252;415
464;Mannen en Vrouwen;9 jaar;2018;1646;1274;372
465;Mannen en Vrouwen;9 jaar;2019;1623;1298;325
466;Mannen en Vrouwen;9 jaar;2020;1574;1281;293
467;Mannen en Vrouwen;9 jaar;2021;1566;1274;292
468;Mannen en Vrouwen;9 jaar;2022;1550;1238;312
469;Mannen en Vrouwen;9 jaar;2023;1560;1248;312
470;Mannen en Vrouwen;9 jaar;2024;1567;1252;315
471;Mannen en Vrouwen;9 jaar;2025;1574;1258;316
472;Mannen en Vrouwen;9 jaar;2026;1580;1263;317
473;Mannen en Vrouwen;9 jaar;2027;1584;1265;319
474;Mannen en Vrouwen;9 jaar;2028;1588;1268;320
475;Mannen en Vrouwen;9 jaar;2029;1588;1267;321
476;Mannen en Vrouwen;9 jaar;2030;1592;1270;322
477;Mannen en Vrouwen;9 jaar;2031;1597;1271;326
478;Mannen en Vrouwen;9 jaar;2032;1598;1271;327
479;Mannen en Vrouwen;9 jaar;2033;1598;1272;326
480;Mannen en Vrouwen;9 jaar;2034;1600;1273;327
481;Mannen en Vrouwen;9 jaar;2035;1602;1272;330
482;Mannen en Vrouwen;9 jaar;2036;1602;1273;329
483;Mannen en Vrouwen;9 jaar;2037;1604;1273;331
484;Mannen en Vrouwen;9 jaar;2038;1601;1271;330
485;Mannen en Vrouwen;9 jaar;2039;1602;1271;331
486;Mannen en Vrouwen;9 jaar;2040;1602;1268;334
487;Mannen en Vrouwen;9 jaar;2041;1601;1266;335
488;Mannen en Vrouwen;9 jaar;2042;1601;1264;337
489;Mannen en Vrouwen;9 jaar;2043;1599;1260;339
490;Mannen en Vrouwen;9 jaar;2044;1597;1258;339
491;Mannen en Vrouwen;9 jaar;2045;1595;1255;340
492;Mannen en Vrouwen;9 jaar;2046;1594;1251;343
493;Mannen en Vrouwen;9 jaar;2047;1592;1248;344
494;Mannen en Vrouwen;9 jaar;2048;1590;1245;345
495;Mannen en Vrouwen;9 jaar;2049;1590;1241;349
496;Mannen en Vrouwen;9 jaar;2050;1588;1240;348
497;Mannen en Vrouwen;9 jaar;2051;1588;1238;350
498;Mannen en Vrouwen;9 jaar;2052;1589;1238;351
499;Mannen en Vrouwen;9 jaar;2053;1590;1236;354
500;Mannen en Vrouwen;9 jaar;2054;1589;1237;352
501;Mannen en Vrouwen;9 jaar;2055;1588;1239;349
502;Mannen en Vrouwen;9 jaar;2056;1588;1240;348
503;Mannen en Vrouwen;9 jaar;2057;1589;1243;346
504;Mannen en Vrouwen;9 jaar;2058;1590;1245;345
505;Mannen en Vrouwen;9 jaar;2059;1593;1247;346
506;Mannen en Vrouwen;10 jaar;2014;1524;1101;423
507;Mannen en Vrouwen;10 jaar;2015;1538;1119;419
508;Mannen en Vrouwen;10 jaar;2016;1560;1152;408
509;Mannen en Vrouwen;10 jaar;2017;1582;1183;399
510;Mannen en Vrouwen;10 jaar;2018;1570;1215;355
511;Mannen en Vrouwen;10 jaar;2019;1544;1232;312
512;Mannen en Vrouwen;10 jaar;2020;1507;1241;266
513;Mannen en Vrouwen;10 jaar;2021;1494;1224;270
514;Mannen en Vrouwen;10 jaar;2022;1489;1220;269
515;Mannen en Vrouwen;10 jaar;2023;1473;1190;283
516;Mannen en Vrouwen;10 jaar;2024;1485;1199;286
517;Mannen en Vrouwen;10 jaar;2025;1488;1205;283
518;Mannen en Vrouwen;10 jaar;2026;1497;1210;287
519;Mannen en Vrouwen;10 jaar;2027;1501;1213;288
520;Mannen en Vrouwen;10 jaar;2028;1509;1217;292
521;Mannen en Vrouwen;10 jaar;2029;1514;1218;296
522;Mannen en Vrouwen;10 jaar;2030;1515;1219;296
523;Mannen en Vrouwen;10 jaar;2031;1519;1220;299
524;Mannen en Vrouwen;10 jaar;2032;1522;1221;301
525;Mannen en Vrouwen;10 jaar;2033;1520;1222;298
526;Mannen en Vrouwen;10 jaar;2034;1522;1223;299
527;Mannen en Vrouwen;10 jaar;2035;1523;1223;300
528;Mannen en Vrouwen;10 jaar;2036;1524;1223;301
529;Mannen en Vrouwen;10 jaar;2037;1524;1223;301
530;Mannen en Vrouwen;10 jaar;2038;1526;1222;304
531;Mannen en Vrouwen;10 jaar;2039;1525;1220;305
532;Mannen en Vrouwen;10 jaar;2040;1526;1220;306
533;Mannen en Vrouwen;10 jaar;2041;1526;1218;308
534;Mannen en Vrouwen;10 jaar;2042;1524;1216;308
535;Mannen en Vrouwen;10 jaar;2043;1523;1213;310
536;Mannen en Vrouwen;10 jaar;2044;1523;1211;312
537;Mannen en Vrouwen;10 jaar;2045;1521;1207;314
538;Mannen en Vrouwen;10 jaar;2046;1520;1204;316
539;Mannen en Vrouwen;10 jaar;2047;1519;1201;318
540;Mannen en Vrouwen;10 jaar;2048;1517;1197;320
541;Mannen en Vrouwen;10 jaar;2049;1516;1195;321
542;Mannen en Vrouwen;10 jaar;2050;1515;1193;322
543;Mannen en Vrouwen;10 jaar;2051;1512;1191;321
544;Mannen en Vrouwen;10 jaar;2052;1512;1189;323
545;Mannen en Vrouwen;10 jaar;2053;1510;1188;322
546;Mannen en Vrouwen;10 jaar;2054;1509;1188;321
547;Mannen en Vrouwen;10 jaar;2055;1509;1188;321
548;Mannen en Vrouwen;10 jaar;2056;1511;1190;321
549;Mannen en Vrouwen;10 jaar;2057;1512;1191;321
550;Mannen en Vrouwen;10 jaar;2058;1513;1193;320
551;Mannen en Vrouwen;10 jaar;2059;1516;1195;321
552;Mannen en Vrouwen;11 jaar;2014;1433;1036;397
553;Mannen en Vrouwen;11 jaar;2015;1453;1048;405
554;Mannen en Vrouwen;11 jaar;2016;1467;1072;395
555;Mannen en Vrouwen;11 jaar;2017;1490;1109;381
556;Mannen en Vrouwen;11 jaar;2018;1466;1142;324
557;Mannen en Vrouwen;11 jaar;2019;1450;1166;284
558;Mannen en Vrouwen;11 jaar;2020;1416;1170;246
559;Mannen en Vrouwen;11 jaar;2021;1415;1177;238
560;Mannen en Vrouwen;11 jaar;2022;1400;1167;233
561;Mannen en Vrouwen;11 jaar;2023;1395;1164;231
562;Mannen en Vrouwen;11 jaar;2024;1382;1138;244
563;Mannen en Vrouwen;11 jaar;2025;1387;1146;241
564;Mannen en Vrouwen;11 jaar;2026;1392;1152;240
565;Mannen en Vrouwen;11 jaar;2027;1400;1157;243
566;Mannen en Vrouwen;11 jaar;2028;1407;1160;247
567;Mannen en Vrouwen;11 jaar;2029;1414;1163;251
568;Mannen en Vrouwen;11 jaar;2030;1413;1167;246
569;Mannen en Vrouwen;11 jaar;2031;1415;1168;247
570;Mannen en Vrouwen;11 jaar;2032;1416;1169;247
571;Mannen en Vrouwen;11 jaar;2033;1417;1169;248
572;Mannen en Vrouwen;11 jaar;2034;1421;1171;250
573;Mannen en Vrouwen;11 jaar;2035;1421;1170;251
574;Mannen en Vrouwen;11 jaar;2036;1424;1171;253
575;Mannen en Vrouwen;11 jaar;2037;1426;1170;256
576;Mannen en Vrouwen;11 jaar;2038;1426;1170;256
577;Mannen en Vrouwen;11 jaar;2039;1425;1170;255
578;Mannen en Vrouwen;11 jaar;2040;1425;1168;257
579;Mannen en Vrouwen;11 jaar;2041;1426;1167;259
580;Mannen en Vrouwen;11 jaar;2042;1426;1166;260
581;Mannen en Vrouwen;11 jaar;2043;1425;1164;261
582;Mannen en Vrouwen;11 jaar;2044;1425;1162;263
583;Mannen en Vrouwen;11 jaar;2045;1422;1159;263
584;Mannen en Vrouwen;11 jaar;2046;1421;1155;266
585;Mannen en Vrouwen;11 jaar;2047;1420;1154;266
586;Mannen en Vrouwen;11 jaar;2048;1419;1151;268
587;Mannen en Vrouwen;11 jaar;2049;1418;1148;270
588;Mannen en Vrouwen;11 jaar;2050;1416;1145;271
589;Mannen en Vrouwen;11 jaar;2051;1415;1143;272
590;Mannen en Vrouwen;11 jaar;2052;1413;1142;271
591;Mannen en Vrouwen;11 jaar;2053;1415;1140;275
592;Mannen en Vrouwen;11 jaar;2054;1414;1139;275
593;Mannen en Vrouwen;11 jaar;2055;1414;1139;275
594;Mannen en Vrouwen;11 jaar;2056;1414;1139;275
595;Mannen en Vrouwen;11 jaar;2057;1414;1140;274
596;Mannen en Vrouwen;11 jaar;2058;1415;1141;274
597;Mannen en Vrouwen;11 jaar;2059;1417;1143;274
598;Mannen en Vrouwen;12 jaar;2014;1389;935;454
599;Mannen en Vrouwen;12 jaar;2015;1420;958;462
600;Mannen en Vrouwen;12 jaar;2016;1433;977;456
601;Mannen en Vrouwen;12 jaar;2017;1446;1006;440
602;Mannen en Vrouwen;12 jaar;2018;1424;1039;385
603;Mannen en Vrouwen;12 jaar;2019;1393;1065;328
604;Mannen en Vrouwen;12 jaar;2020;1365;1077;288
605;Mannen en Vrouwen;12 jaar;2021;1363;1077;286
606;Mannen en Vrouwen;12 jaar;2022;1359;1085;274
607;Mannen en Vrouwen;12 jaar;2023;1351;1078;273
608;Mannen en Vrouwen;12 jaar;2024;1344;1078;266
609;Mannen en Vrouwen;12 jaar;2025;1331;1056;275
610;Mannen en Vrouwen;12 jaar;2026;1337;1065;272
611;Mannen en Vrouwen;12 jaar;2027;1342;1071;271
612;Mannen en Vrouwen;12 jaar;2028;1348;1074;274
613;Mannen en Vrouwen;12 jaar;2029;1353;1077;276
614;Mannen en Vrouwen;12 jaar;2030;1356;1080;276
615;Mannen en Vrouwen;12 jaar;2031;1364;1084;280
616;Mannen en Vrouwen;12 jaar;2032;1366;1086;280
617;Mannen en Vrouwen;12 jaar;2033;1367;1086;281
618;Mannen en Vrouwen;12 jaar;2034;1368;1087;281
619;Mannen en Vrouwen;12 jaar;2035;1368;1087;281
620;Mannen en Vrouwen;12 jaar;2036;1370;1088;282
621;Mannen en Vrouwen;12 jaar;2037;1372;1088;284
622;Mannen en Vrouwen;12 jaar;2038;1372;1088;284
623;Mannen en Vrouwen;12 jaar;2039;1373;1088;285
624;Mannen en Vrouwen;12 jaar;2040;1373;1087;286
625;Mannen en Vrouwen;12 jaar;2041;1374;1086;288
626;Mannen en Vrouwen;12 jaar;2042;1374;1085;289
627;Mannen en Vrouwen;12 jaar;2043;1374;1084;290
628;Mannen en Vrouwen;12 jaar;2044;1374;1083;291
629;Mannen en Vrouwen;12 jaar;2045;1374;1081;293
630;Mannen en Vrouwen;12 jaar;2046;1372;1079;293
631;Mannen en Vrouwen;12 jaar;2047;1371;1076;295
632;Mannen en Vrouwen;12 jaar;2048;1371;1073;298
633;Mannen en Vrouwen;12 jaar;2049;1370;1070;300
634;Mannen en Vrouwen;12 jaar;2050;1367;1069;298
635;Mannen en Vrouwen;12 jaar;2051;1366;1067;299
636;Mannen en Vrouwen;12 jaar;2052;1363;1065;298
637;Mannen en Vrouwen;12 jaar;2053;1362;1063;299
638;Mannen en Vrouwen;12 jaar;2054;1360;1061;299
639;Mannen en Vrouwen;12 jaar;2055;1360;1061;299
640;Mannen en Vrouwen;12 jaar;2056;1360;1061;299
641;Mannen en Vrouwen;12 jaar;2057;1362;1062;300
642;Mannen en Vrouwen;12 jaar;2058;1364;1062;302
643;Mannen en Vrouwen;12 jaar;2059;1364;1064;300
644;Mannen en Vrouwen;13 jaar;2014;1330;864;466
645;Mannen en Vrouwen;13 jaar;2015;1355;876;479
646;Mannen en Vrouwen;13 jaar;2016;1381;899;482
647;Mannen en Vrouwen;13 jaar;2017;1395;924;471
648;Mannen en Vrouwen;13 jaar;2018;1365;951;414
649;Mannen en Vrouwen;13 jaar;2019;1342;973;369
650;Mannen en Vrouwen;13 jaar;2020;1304;988;316
651;Mannen en Vrouwen;13 jaar;2021;1306;995;311
652;Mannen en Vrouwen;13 jaar;2022;1300;996;304
653;Mannen en Vrouwen;13 jaar;2023;1302;1005;297
654;Mannen en Vrouwen;13 jaar;2024;1292;999;293
655;Mannen en Vrouwen;13 jaar;2025;1284;1001;283
656;Mannen en Vrouwen;13 jaar;2026;1271;983;288
657;Mannen en Vrouwen;13 jaar;2027;1279;990;289
658;Mannen en Vrouwen;13 jaar;2028;1282;994;288
659;Mannen en Vrouwen;13 jaar;2029;1290;999;291
660;Mannen en Vrouwen;13 jaar;2030;1293;1003;290
661;Mannen en Vrouwen;13 jaar;2031;1298;1006;292
662;Mannen en Vrouwen;13 jaar;2032;1302;1009;293
663;Mannen en Vrouwen;13 jaar;2033;1305;1009;296
664;Mannen en Vrouwen;13 jaar;2034;1305;1011;294
665;Mannen en Vrouwen;13 jaar;2035;1308;1013;295
666;Mannen en Vrouwen;13 jaar;2036;1308;1012;296
667;Mannen en Vrouwen;13 jaar;2037;1309;1013;296
668;Mannen en Vrouwen;13 jaar;2038;1311;1012;299
669;Mannen en Vrouwen;13 jaar;2039;1312;1012;300
670;Mannen en Vrouwen;13 jaar;2040;1313;1012;301
671;Mannen en Vrouwen;13 jaar;2041;1313;1011;302
672;Mannen en Vrouwen;13 jaar;2042;1314;1010;304
673;Mannen en Vrouwen;13 jaar;2043;1314;1010;304
674;Mannen en Vrouwen;13 jaar;2044;1314;1009;305
675;Mannen en Vrouwen;13 jaar;2045;1313;1008;305
676;Mannen en Vrouwen;13 jaar;2046;1313;1006;307
677;Mannen en Vrouwen;13 jaar;2047;1312;1004;308
678;Mannen en Vrouwen;13 jaar;2048;1311;1002;309
679;Mannen en Vrouwen;13 jaar;2049;1309;999;310
680;Mannen en Vrouwen;13 jaar;2050;1309;997;312
681;Mannen en Vrouwen;13 jaar;2051;1308;995;313
682;Mannen en Vrouwen;13 jaar;2052;1307;993;314
683;Mannen en Vrouwen;13 jaar;2053;1306;991;315
684;Mannen en Vrouwen;13 jaar;2054;1304;990;314
685;Mannen en Vrouwen;13 jaar;2055;1304;990;314
686;Mannen en Vrouwen;13 jaar;2056;1303;989;314
687;Mannen en Vrouwen;13 jaar;2057;1305;990;315
688;Mannen en Vrouwen;13 jaar;2058;1305;990;315
689;Mannen en Vrouwen;13 jaar;2059;1305;990;315
690;Mannen en Vrouwen;14 jaar;2014;1319;841;478
691;Mannen en Vrouwen;14 jaar;2015;1347;831;516
692;Mannen en Vrouwen;14 jaar;2016;1366;848;518
693;Mannen en Vrouwen;14 jaar;2017;1392;876;516
694;Mannen en Vrouwen;14 jaar;2018;1366;897;469
695;Mannen en Vrouwen;14 jaar;2019;1339;917;422
696;Mannen en Vrouwen;14 jaar;2020;1301;929;372
697;Mannen en Vrouwen;14 jaar;2021;1290;937;353
698;Mannen en Vrouwen;14 jaar;2022;1292;946;346
699;Mannen en Vrouwen;14 jaar;2023;1291;949;342
700;Mannen en Vrouwen;14 jaar;2024;1287;957;330
701;Mannen en Vrouwen;14 jaar;2025;1278;955;323
702;Mannen en Vrouwen;14 jaar;2026;1271;956;315
703;Mannen en Vrouwen;14 jaar;2027;1260;938;322
704;Mannen en Vrouwen;14 jaar;2028;1265;946;319
705;Mannen en Vrouwen;14 jaar;2029;1272;949;323
706;Mannen en Vrouwen;14 jaar;2030;1278;954;324
707;Mannen en Vrouwen;14 jaar;2031;1283;957;326
708;Mannen en Vrouwen;14 jaar;2032;1286;962;324
709;Mannen en Vrouwen;14 jaar;2033;1289;964;325
710;Mannen en Vrouwen;14 jaar;2034;1286;965;321
711;Mannen en Vrouwen;14 jaar;2035;1291;966;325
712;Mannen en Vrouwen;14 jaar;2036;1291;967;324
713;Mannen en Vrouwen;14 jaar;2037;1294;967;327
714;Mannen en Vrouwen;14 jaar;2038;1294;967;327
715;Mannen en Vrouwen;14 jaar;2039;1297;967;330
716;Mannen en Vrouwen;14 jaar;2040;1296;967;329
717;Mannen en Vrouwen;14 jaar;2041;1296;966;330
718;Mannen en Vrouwen;14 jaar;2042;1296;967;329
719;Mannen en Vrouwen;14 jaar;2043;1298;966;332
720;Mannen en Vrouwen;14 jaar;2044;1298;966;332
721;Mannen en Vrouwen;14 jaar;2045;1299;964;335
722;Mannen en Vrouwen;14 jaar;2046;1298;964;334
723;Mannen en Vrouwen;14 jaar;2047;1298;963;335
724;Mannen en Vrouwen;14 jaar;2048;1298;961;337
725;Mannen en Vrouwen;14 jaar;2049;1297;959;338
726;Mannen en Vrouwen;14 jaar;2050;1297;958;339
727;Mannen en Vrouwen;14 jaar;2051;1294;955;339
728;Mannen en Vrouwen;14 jaar;2052;1293;953;340
729;Mannen en Vrouwen;14 jaar;2053;1291;952;339
730;Mannen en Vrouwen;14 jaar;2054;1289;951;338
731;Mannen en Vrouwen;14 jaar;2055;1288;949;339
732;Mannen en Vrouwen;14 jaar;2056;1288;948;340
733;Mannen en Vrouwen;14 jaar;2057;1288;948;340
734;Mannen en Vrouwen;14 jaar;2058;1288;948;340
735;Mannen en Vrouwen;14 jaar;2059;1290;948;342
736;Mannen en Vrouwen;15 jaar;2014;1284;792;492
737;Mannen en Vrouwen;15 jaar;2015;1328;810;518
738;Mannen en Vrouwen;15 jaar;2016;1351;805;546
739;Mannen en Vrouwen;15 jaar;2017;1374;825;549
740;Mannen en Vrouwen;15 jaar;2018;1355;852;503
741;Mannen en Vrouwen;15 jaar;2019;1327;866;461
742;Mannen en Vrouwen;15 jaar;2020;1283;875;408
743;Mannen en Vrouwen;15 jaar;2021;1277;881;396
744;Mannen en Vrouwen;15 jaar;2022;1267;891;376
745;Mannen en Vrouwen;15 jaar;2023;1270;899;371
746;Mannen en Vrouwen;15 jaar;2024;1268;902;366
747;Mannen en Vrouwen;15 jaar;2025;1268;911;357
748;Mannen en Vrouwen;15 jaar;2026;1256;909;347
749;Mannen en Vrouwen;15 jaar;2027;1250;908;342
750;Mannen en Vrouwen;15 jaar;2028;1242;894;348
751;Mannen en Vrouwen;15 jaar;2029;1247;900;347
752;Mannen en Vrouwen;15 jaar;2030;1251;906;345
753;Mannen en Vrouwen;15 jaar;2031;1256;910;346
754;Mannen en Vrouwen;15 jaar;2032;1262;914;348
755;Mannen en Vrouwen;15 jaar;2033;1265;916;349
756;Mannen en Vrouwen;15 jaar;2034;1267;918;349
757;Mannen en Vrouwen;15 jaar;2035;1268;920;348
758;Mannen en Vrouwen;15 jaar;2036;1270;921;349
759;Mannen en Vrouwen;15 jaar;2037;1271;922;349
760;Mannen en Vrouwen;15 jaar;2038;1272;922;350
761;Mannen en Vrouwen;15 jaar;2039;1276;923;353
762;Mannen en Vrouwen;15 jaar;2040;1277;923;354
763;Mannen en Vrouwen;15 jaar;2041;1278;921;357
764;Mannen en Vrouwen;15 jaar;2042;1279;921;358
765;Mannen en Vrouwen;15 jaar;2043;1279;921;358
766;Mannen en Vrouwen;15 jaar;2044;1279;922;357
767;Mannen en Vrouwen;15 jaar;2045;1279;922;357
768;Mannen en Vrouwen;15 jaar;2046;1278;920;358
769;Mannen en Vrouwen;15 jaar;2047;1278;919;359
770;Mannen en Vrouwen;15 jaar;2048;1277;918;359
771;Mannen en Vrouwen;15 jaar;2049;1277;918;359
772;Mannen en Vrouwen;15 jaar;2050;1278;915;363
773;Mannen en Vrouwen;15 jaar;2051;1276;913;363
774;Mannen en Vrouwen;15 jaar;2052;1274;912;362
775;Mannen en Vrouwen;15 jaar;2053;1272;910;362
776;Mannen en Vrouwen;15 jaar;2054;1271;909;362
777;Mannen en Vrouwen;15 jaar;2055;1269;908;361
778;Mannen en Vrouwen;15 jaar;2056;1269;908;361
779;Mannen en Vrouwen;15 jaar;2057;1270;906;364
780;Mannen en Vrouwen;15 jaar;2058;1270;906;364
781;Mannen en Vrouwen;15 jaar;2059;1271;906;365
782;Mannen en Vrouwen;16 jaar;2014;1324;755;569
783;Mannen en Vrouwen;16 jaar;2015;1365;772;593
784;Mannen en Vrouwen;16 jaar;2016;1404;796;608
785;Mannen en Vrouwen;16 jaar;2017;1432;796;636
786;Mannen en Vrouwen;16 jaar;2018;1409;814;595
787;Mannen en Vrouwen;16 jaar;2019;1386;835;551
788;Mannen en Vrouwen;16 jaar;2020;1341;837;504
789;Mannen en Vrouwen;16 jaar;2021;1327;841;486
790;Mannen en Vrouwen;16 jaar;2022;1317;848;469
791;Mannen en Vrouwen;16 jaar;2023;1314;857;457
792;Mannen en Vrouwen;16 jaar;2024;1316;866;450
793;Mannen en Vrouwen;16 jaar;2025;1315;869;446
794;Mannen en Vrouwen;16 jaar;2026;1313;878;435
795;Mannen en Vrouwen;16 jaar;2027;1305;873;432
796;Mannen en Vrouwen;16 jaar;2028;1299;873;426
797;Mannen en Vrouwen;16 jaar;2029;1287;859;428
798;Mannen en Vrouwen;16 jaar;2030;1294;867;427
799;Mannen en Vrouwen;16 jaar;2031;1296;871;425
800;Mannen en Vrouwen;16 jaar;2032;1303;877;426
801;Mannen en Vrouwen;16 jaar;2033;1306;880;426
802;Mannen en Vrouwen;16 jaar;2034;1309;883;426
803;Mannen en Vrouwen;16 jaar;2035;1312;885;427
804;Mannen en Vrouwen;16 jaar;2036;1318;886;432
805;Mannen en Vrouwen;16 jaar;2037;1315;887;428
806;Mannen en Vrouwen;16 jaar;2038;1315;888;427
807;Mannen en Vrouwen;16 jaar;2039;1319;888;431
808;Mannen en Vrouwen;16 jaar;2040;1320;888;432
809;Mannen en Vrouwen;16 jaar;2041;1320;889;431
810;Mannen en Vrouwen;16 jaar;2042;1321;889;432
811;Mannen en Vrouwen;16 jaar;2043;1323;889;434
812;Mannen en Vrouwen;16 jaar;2044;1323;889;434
813;Mannen en Vrouwen;16 jaar;2045;1323;889;434
814;Mannen en Vrouwen;16 jaar;2046;1323;888;435
815;Mannen en Vrouwen;16 jaar;2047;1324;889;435
816;Mannen en Vrouwen;16 jaar;2048;1324;888;436
817;Mannen en Vrouwen;16 jaar;2049;1324;887;437
818;Mannen en Vrouwen;16 jaar;2050;1322;886;436
819;Mannen en Vrouwen;16 jaar;2051;1323;883;440
820;Mannen en Vrouwen;16 jaar;2052;1321;883;438
821;Mannen en Vrouwen;16 jaar;2053;1322;881;441
822;Mannen en Vrouwen;16 jaar;2054;1319;879;440
823;Mannen en Vrouwen;16 jaar;2055;1319;879;440
824;Mannen en Vrouwen;16 jaar;2056;1316;878;438
825;Mannen en Vrouwen;16 jaar;2057;1313;875;438
826;Mannen en Vrouwen;16 jaar;2058;1313;876;437
827;Mannen en Vrouwen;16 jaar;2059;1312;876;436
828;Mannen en Vrouwen;17 jaar;2014;1337;737;600
829;Mannen en Vrouwen;17 jaar;2015;1391;737;654
830;Mannen en Vrouwen;17 jaar;2016;1422;759;663
831;Mannen en Vrouwen;17 jaar;2017;1469;785;684
832;Mannen en Vrouwen;17 jaar;2018;1449;783;666
833;Mannen en Vrouwen;17 jaar;2019;1423;797;626
834;Mannen en Vrouwen;17 jaar;2020;1382;807;575
835;Mannen en Vrouwen;17 jaar;2021;1371;807;564
836;Mannen en Vrouwen;17 jaar;2022;1356;811;545
837;Mannen en Vrouwen;17 jaar;2023;1351;817;534
838;Mannen en Vrouwen;17 jaar;2024;1346;826;520
839;Mannen en Vrouwen;17 jaar;2025;1347;836;511
840;Mannen en Vrouwen;17 jaar;2026;1342;840;502
841;Mannen en Vrouwen;17 jaar;2027;1341;846;495
842;Mannen en Vrouwen;17 jaar;2028;1333;842;491
843;Mannen en Vrouwen;17 jaar;2029;1328;843;485
844;Mannen en Vrouwen;17 jaar;2030;1316;831;485
845;Mannen en Vrouwen;17 jaar;2031;1322;838;484
846;Mannen en Vrouwen;17 jaar;2032;1324;842;482
847;Mannen en Vrouwen;17 jaar;2033;1334;847;487
848;Mannen en Vrouwen;17 jaar;2034;1338;851;487
849;Mannen en Vrouwen;17 jaar;2035;1339;852;487
850;Mannen en Vrouwen;17 jaar;2036;1342;856;486
851;Mannen en Vrouwen;17 jaar;2037;1348;858;490
852;Mannen en Vrouwen;17 jaar;2038;1345;857;488
853;Mannen en Vrouwen;17 jaar;2039;1347;859;488
854;Mannen en Vrouwen;17 jaar;2040;1348;860;488
855;Mannen en Vrouwen;17 jaar;2041;1349;861;488
856;Mannen en Vrouwen;17 jaar;2042;1350;861;489
857;Mannen en Vrouwen;17 jaar;2043;1352;861;491
858;Mannen en Vrouwen;17 jaar;2044;1354;861;493
859;Mannen en Vrouwen;17 jaar;2045;1354;861;493
860;Mannen en Vrouwen;17 jaar;2046;1354;862;492
861;Mannen en Vrouwen;17 jaar;2047;1354;862;492
862;Mannen en Vrouwen;17 jaar;2048;1354;860;494
863;Mannen en Vrouwen;17 jaar;2049;1356;861;495
864;Mannen en Vrouwen;17 jaar;2050;1355;861;494
865;Mannen en Vrouwen;17 jaar;2051;1354;859;495
866;Mannen en Vrouwen;17 jaar;2052;1355;857;498
867;Mannen en Vrouwen;17 jaar;2053;1353;857;496
868;Mannen en Vrouwen;17 jaar;2054;1352;855;497
869;Mannen en Vrouwen;17 jaar;2055;1350;854;496
870;Mannen en Vrouwen;17 jaar;2056;1350;852;498
871;Mannen en Vrouwen;17 jaar;2057;1348;852;496
872;Mannen en Vrouwen;17 jaar;2058;1346;851;495
873;Mannen en Vrouwen;17 jaar;2059;1344;850;494
874;Mannen en Vrouwen;18 jaar;2014;3500;1263;2237
875;Mannen en Vrouwen;18 jaar;2015;3587;1257;2330
876;Mannen en Vrouwen;18 jaar;2016;3693;1269;2424
877;Mannen en Vrouwen;18 jaar;2017;3780;1303;2477
878;Mannen en Vrouwen;18 jaar;2018;3787;1348;2439
879;Mannen en Vrouwen;18 jaar;2019;3757;1339;2418
880;Mannen en Vrouwen;18 jaar;2020;3694;1348;2346
881;Mannen en Vrouwen;18 jaar;2021;3682;1362;2320
882;Mannen en Vrouwen;18 jaar;2022;3661;1358;2303
883;Mannen en Vrouwen;18 jaar;2023;3633;1361;2272
884;Mannen en Vrouwen;18 jaar;2024;3621;1372;2249
885;Mannen en Vrouwen;18 jaar;2025;3611;1382;2229
886;Mannen en Vrouwen;18 jaar;2026;3614;1397;2217
887;Mannen en Vrouwen;18 jaar;2027;3611;1401;2210
888;Mannen en Vrouwen;18 jaar;2028;3614;1408;2206
889;Mannen en Vrouwen;18 jaar;2029;3600;1397;2203
890;Mannen en Vrouwen;18 jaar;2030;3591;1395;2196
891;Mannen en Vrouwen;18 jaar;2031;3576;1374;2202
892;Mannen en Vrouwen;18 jaar;2032;3587;1387;2200
893;Mannen en Vrouwen;18 jaar;2033;3596;1393;2203
894;Mannen en Vrouwen;18 jaar;2034;3609;1401;2208
895;Mannen en Vrouwen;18 jaar;2035;3619;1405;2214
896;Mannen en Vrouwen;18 jaar;2036;3624;1408;2216
897;Mannen en Vrouwen;18 jaar;2037;3630;1413;2217
898;Mannen en Vrouwen;18 jaar;2038;3634;1414;2220
899;Mannen en Vrouwen;18 jaar;2039;3641;1415;2226
900;Mannen en Vrouwen;18 jaar;2040;3644;1416;2228
901;Mannen en Vrouwen;18 jaar;2041;3645;1417;2228
902;Mannen en Vrouwen;18 jaar;2042;3647;1417;2230
903;Mannen en Vrouwen;18 jaar;2043;3647;1417;2230
904;Mannen en Vrouwen;18 jaar;2044;3651;1417;2234
905;Mannen en Vrouwen;18 jaar;2045;3652;1416;2236
906;Mannen en Vrouwen;18 jaar;2046;3654;1415;2239
907;Mannen en Vrouwen;18 jaar;2047;3655;1415;2240
908;Mannen en Vrouwen;18 jaar;2048;3656;1414;2242
909;Mannen en Vrouwen;18 jaar;2049;3657;1412;2245
910;Mannen en Vrouwen;18 jaar;2050;3657;1411;2246
911;Mannen en Vrouwen;18 jaar;2051;3656;1409;2247
912;Mannen en Vrouwen;18 jaar;2052;3653;1406;2247
913;Mannen en Vrouwen;18 jaar;2053;3655;1403;2252
914;Mannen en Vrouwen;18 jaar;2054;3653;1399;2254
915;Mannen en Vrouwen;18 jaar;2055;3651;1398;2253
916;Mannen en Vrouwen;18 jaar;2056;3647;1394;2253
917;Mannen en Vrouwen;18 jaar;2057;3645;1391;2254
918;Mannen en Vrouwen;18 jaar;2058;3643;1389;2254
919;Mannen en Vrouwen;18 jaar;2059;3642;1386;2256
920;Mannen en Vrouwen;19 jaar;2014;5041;1787;3254
921;Mannen en Vrouwen;19 jaar;2015;5139;1845;3294
922;Mannen en Vrouwen;19 jaar;2016;5274;1859;3415
923;Mannen en Vrouwen;19 jaar;2017;5411;1893;3518
924;Mannen en Vrouwen;19 jaar;2018;5407;1938;3469
925;Mannen en Vrouwen;19 jaar;2019;5406;1987;3419
926;Mannen en Vrouwen;19 jaar;2020;5328;1959;3369
927;Mannen en Vrouwen;19 jaar;2021;5324;1962;3362
928;Mannen en Vrouwen;19 jaar;2022;5300;1980;3320
929;Mannen en Vrouwen;19 jaar;2023;5276;1973;3303
930;Mannen en Vrouwen;19 jaar;2024;5242;1974;3268
931;Mannen en Vrouwen;19 jaar;2025;5234;1986;3248
932;Mannen en Vrouwen;19 jaar;2026;5220;1995;3225
933;Mannen en Vrouwen;19 jaar;2027;5231;2013;3218
934;Mannen en Vrouwen;19 jaar;2028;5235;2017;3218
935;Mannen en Vrouwen;19 jaar;2029;5233;2022;3211
936;Mannen en Vrouwen;19 jaar;2030;5218;2009;3209
937;Mannen en Vrouwen;19 jaar;2031;5214;2004;3210
938;Mannen en Vrouwen;19 jaar;2032;5196;1981;3215
939;Mannen en Vrouwen;19 jaar;2033;5209;1996;3213
940;Mannen en Vrouwen;19 jaar;2034;5219;2006;3213
941;Mannen en Vrouwen;19 jaar;2035;5232;2014;3218
942;Mannen en Vrouwen;19 jaar;2036;5242;2021;3221
943;Mannen en Vrouwen;19 jaar;2037;5254;2026;3228
944;Mannen en Vrouwen;19 jaar;2038;5261;2031;3230
945;Mannen en Vrouwen;19 jaar;2039;5263;2033;3230
946;Mannen en Vrouwen;19 jaar;2040;5268;2036;3232
947;Mannen en Vrouwen;19 jaar;2041;5271;2038;3233
948;Mannen en Vrouwen;19 jaar;2042;5274;2039;3235
949;Mannen en Vrouwen;19 jaar;2043;5278;2040;3238
950;Mannen en Vrouwen;19 jaar;2044;5278;2041;3237
951;Mannen en Vrouwen;19 jaar;2045;5283;2040;3243
952;Mannen en Vrouwen;19 jaar;2046;5282;2039;3243
953;Mannen en Vrouwen;19 jaar;2047;5283;2039;3244
954;Mannen en Vrouwen;19 jaar;2048;5287;2039;3248
955;Mannen en Vrouwen;19 jaar;2049;5286;2038;3248
956;Mannen en Vrouwen;19 jaar;2050;5287;2037;3250
957;Mannen en Vrouwen;19 jaar;2051;5288;2034;3254
958;Mannen en Vrouwen;19 jaar;2052;5288;2032;3256
959;Mannen en Vrouwen;19 jaar;2053;5287;2028;3259
960;Mannen en Vrouwen;19 jaar;2054;5285;2025;3260
961;Mannen en Vrouwen;19 jaar;2055;5282;2021;3261
962;Mannen en Vrouwen;19 jaar;2056;5279;2017;3262
963;Mannen en Vrouwen;19 jaar;2057;5278;2012;3266
964;Mannen en Vrouwen;19 jaar;2058;5277;2009;3268
965;Mannen en Vrouwen;19 jaar;2059;5274;2006;3268
966;Mannen en Vrouwen;20 jaar;2014;6059;2678;3381
967;Mannen en Vrouwen;20 jaar;2015;6162;2685;3477
968;Mannen en Vrouwen;20 jaar;2016;6315;2774;3541
969;Mannen en Vrouwen;20 jaar;2017;6455;2812;3643
970;Mannen en Vrouwen;20 jaar;2018;6461;2859;3602
971;Mannen en Vrouwen;20 jaar;2019;6447;2902;3545
972;Mannen en Vrouwen;20 jaar;2020;6386;2937;3449
973;Mannen en Vrouwen;20 jaar;2021;6370;2894;3476
974;Mannen en Vrouwen;20 jaar;2022;6353;2898;3455
975;Mannen en Vrouwen;20 jaar;2023;6344;2919;3425
976;Mannen en Vrouwen;20 jaar;2024;6309;2910;3399
977;Mannen en Vrouwen;20 jaar;2025;6289;2910;3379
978;Mannen en Vrouwen;20 jaar;2026;6275;2925;3350
979;Mannen en Vrouwen;20 jaar;2027;6272;2931;3341
980;Mannen en Vrouwen;20 jaar;2028;6279;2951;3328
981;Mannen en Vrouwen;20 jaar;2029;6277;2955;3322
982;Mannen en Vrouwen;20 jaar;2030;6283;2961;3322
983;Mannen en Vrouwen;20 jaar;2031;6270;2946;3324
984;Mannen en Vrouwen;20 jaar;2032;6260;2938;3322
985;Mannen en Vrouwen;20 jaar;2033;6246;2911;3335
986;Mannen en Vrouwen;20 jaar;2034;6262;2926;3336
987;Mannen en Vrouwen;20 jaar;2035;6272;2935;3337
988;Mannen en Vrouwen;20 jaar;2036;6284;2945;3339
989;Mannen en Vrouwen;20 jaar;2037;6296;2952;3344
990;Mannen en Vrouwen;20 jaar;2038;6304;2957;3347
991;Mannen en Vrouwen;20 jaar;2039;6310;2962;3348
992;Mannen en Vrouwen;20 jaar;2040;6319;2963;3356
993;Mannen en Vrouwen;20 jaar;2041;6323;2964;3359
994;Mannen en Vrouwen;20 jaar;2042;6327;2965;3362
995;Mannen en Vrouwen;20 jaar;2043;6332;2966;3366
996;Mannen en Vrouwen;20 jaar;2044;6334;2966;3368
997;Mannen en Vrouwen;20 jaar;2045;6336;2966;3370
998;Mannen en Vrouwen;20 jaar;2046;6340;2965;3375
999;Mannen en Vrouwen;20 jaar;2047;6342;2965;3377
1000;Mannen en Vrouwen;20 jaar;2048;6343;2964;3379
1001;Mannen en Vrouwen;20 jaar;2049;6344;2962;3382
1002;Mannen en Vrouwen;20 jaar;2050;6348;2960;3388
1003;Mannen en Vrouwen;20 jaar;2051;6348;2958;3390
1004;Mannen en Vrouwen;20 jaar;2052;6349;2956;3393
1005;Mannen en Vrouwen;20 jaar;2053;6347;2951;3396
1006;Mannen en Vrouwen;20 jaar;2054;6345;2947;3398
1007;Mannen en Vrouwen;20 jaar;2055;6344;2941;3403
1008;Mannen en Vrouwen;20 jaar;2056;6342;2936;3406
1009;Mannen en Vrouwen;20 jaar;2057;6340;2931;3409
1010;Mannen en Vrouwen;20 jaar;2058;6337;2925;3412
1011;Mannen en Vrouwen;20 jaar;2059;6335;2921;3414
1012;Mannen en Vrouwen;21 jaar;2014;7040;3781;3259
1013;Mannen en Vrouwen;21 jaar;2015;7201;3923;3278
1014;Mannen en Vrouwen;21 jaar;2016;7372;3960;3412
1015;Mannen en Vrouwen;21 jaar;2017;7523;4091;3432
1016;Mannen en Vrouwen;21 jaar;2018;7495;4143;3352
1017;Mannen en Vrouwen;21 jaar;2019;7475;4188;3287
1018;Mannen en Vrouwen;21 jaar;2020;7382;4210;3172
1019;Mannen en Vrouwen;21 jaar;2021;7397;4234;3163
1020;Mannen en Vrouwen;21 jaar;2022;7372;4189;3183
1021;Mannen en Vrouwen;21 jaar;2023;7362;4191;3171
1022;Mannen en Vrouwen;21 jaar;2024;7338;4210;3128
1023;Mannen en Vrouwen;21 jaar;2025;7322;4192;3130
1024;Mannen en Vrouwen;21 jaar;2026;7293;4187;3106
1025;Mannen en Vrouwen;21 jaar;2027;7288;4198;3090
1026;Mannen en Vrouwen;21 jaar;2028;7281;4199;3082
1027;Mannen en Vrouwen;21 jaar;2029;7291;4219;3072
1028;Mannen en Vrouwen;21 jaar;2030;7294;4225;3069
1029;Mannen en Vrouwen;21 jaar;2031;7296;4228;3068
1030;Mannen en Vrouwen;21 jaar;2032;7281;4206;3075
1031;Mannen en Vrouwen;21 jaar;2033;7274;4193;3081
1032;Mannen en Vrouwen;21 jaar;2034;7258;4158;3100
1033;Mannen en Vrouwen;21 jaar;2035;7273;4174;3099
1034;Mannen en Vrouwen;21 jaar;2036;7288;4182;3106
1035;Mannen en Vrouwen;21 jaar;2037;7302;4190;3112
1036;Mannen en Vrouwen;21 jaar;2038;7313;4195;3118
1037;Mannen en Vrouwen;21 jaar;2039;7326;4197;3129
1038;Mannen en Vrouwen;21 jaar;2040;7333;4198;3135
1039;Mannen en Vrouwen;21 jaar;2041;7338;4197;3141
1040;Mannen en Vrouwen;21 jaar;2042;7343;4195;3148
1041;Mannen en Vrouwen;21 jaar;2043;7347;4195;3152
1042;Mannen en Vrouwen;21 jaar;2044;7350;4193;3157
1043;Mannen en Vrouwen;21 jaar;2045;7357;4190;3167
1044;Mannen en Vrouwen;21 jaar;2046;7360;4187;3173
1045;Mannen en Vrouwen;21 jaar;2047;7362;4184;3178
1046;Mannen en Vrouwen;21 jaar;2048;7367;4180;3187
1047;Mannen en Vrouwen;21 jaar;2049;7368;4176;3192
1048;Mannen en Vrouwen;21 jaar;2050;7370;4172;3198
1049;Mannen en Vrouwen;21 jaar;2051;7370;4166;3204
1050;Mannen en Vrouwen;21 jaar;2052;7369;4162;3207
1051;Mannen en Vrouwen;21 jaar;2053;7371;4155;3216
1052;Mannen en Vrouwen;21 jaar;2054;7370;4148;3222
1053;Mannen en Vrouwen;21 jaar;2055;7368;4141;3227
1054;Mannen en Vrouwen;21 jaar;2056;7368;4132;3236
1055;Mannen en Vrouwen;21 jaar;2057;7362;4124;3238
1056;Mannen en Vrouwen;21 jaar;2058;7363;4116;3247
1057;Mannen en Vrouwen;21 jaar;2059;7360;4107;3253
1058;Mannen en Vrouwen;22 jaar;2014;8001;4821;3180
1059;Mannen en Vrouwen;22 jaar;2015;8186;4995;3191
1060;Mannen en Vrouwen;22 jaar;2016;8403;5166;3237
1061;Mannen en Vrouwen;22 jaar;2017;8568;5234;3334
1062;Mannen en Vrouwen;22 jaar;2018;8495;5369;3126
1063;Mannen en Vrouwen;22 jaar;2019;8443;5407;3036
1064;Mannen en Vrouwen;22 jaar;2020;8344;5427;2917
1065;Mannen en Vrouwen;22 jaar;2021;8345;5428;2917
1066;Mannen en Vrouwen;22 jaar;2022;8348;5455;2893
1067;Mannen en Vrouwen;22 jaar;2023;8333;5401;2932
1068;Mannen en Vrouwen;22 jaar;2024;8310;5392;2918
1069;Mannen en Vrouwen;22 jaar;2025;8302;5402;2900
1070;Mannen en Vrouwen;22 jaar;2026;8281;5373;2908
1071;Mannen en Vrouwen;22 jaar;2027;8259;5354;2905
1072;Mannen en Vrouwen;22 jaar;2028;8254;5355;2899
1073;Mannen en Vrouwen;22 jaar;2029;8241;5347;2894
1074;Mannen en Vrouwen;22 jaar;2030;8258;5371;2887
1075;Mannen en Vrouwen;22 jaar;2031;8256;5374;2882
1076;Mannen en Vrouwen;22 jaar;2032;8256;5371;2885
1077;Mannen en Vrouwen;22 jaar;2033;8243;5341;2902
1078;Mannen en Vrouwen;22 jaar;2034;8229;5321;2908
1079;Mannen en Vrouwen;22 jaar;2035;8217;5281;2936
1080;Mannen en Vrouwen;22 jaar;2036;8234;5296;2938
1081;Mannen en Vrouwen;22 jaar;2037;8248;5305;2943
1082;Mannen en Vrouwen;22 jaar;2038;8262;5310;2952
1083;Mannen en Vrouwen;22 jaar;2039;8272;5313;2959
1084;Mannen en Vrouwen;22 jaar;2040;8284;5314;2970
1085;Mannen en Vrouwen;22 jaar;2041;8292;5314;2978
1086;Mannen en Vrouwen;22 jaar;2042;8299;5310;2989
1087;Mannen en Vrouwen;22 jaar;2043;8305;5307;2998
1088;Mannen en Vrouwen;22 jaar;2044;8310;5304;3006
1089;Mannen en Vrouwen;22 jaar;2045;8315;5300;3015
1090;Mannen en Vrouwen;22 jaar;2046;8318;5294;3024
1091;Mannen en Vrouwen;22 jaar;2047;8321;5288;3033
1092;Mannen en Vrouwen;22 jaar;2048;8324;5282;3042
1093;Mannen en Vrouwen;22 jaar;2049;8326;5275;3051
1094;Mannen en Vrouwen;22 jaar;2050;8329;5268;3061
1095;Mannen en Vrouwen;22 jaar;2051;8331;5261;3070
1096;Mannen en Vrouwen;22 jaar;2052;8333;5254;3079
1097;Mannen en Vrouwen;22 jaar;2053;8333;5245;3088
1098;Mannen en Vrouwen;22 jaar;2054;8331;5236;3095
1099;Mannen en Vrouwen;22 jaar;2055;8328;5225;3103
1100;Mannen en Vrouwen;22 jaar;2056;8330;5214;3116
1101;Mannen en Vrouwen;22 jaar;2057;8326;5203;3123
1102;Mannen en Vrouwen;22 jaar;2058;8324;5191;3133
1103;Mannen en Vrouwen;22 jaar;2059;8320;5179;3141
1104;Mannen en Vrouwen;23 jaar;2014;8570;5711;2859
1105;Mannen en Vrouwen;23 jaar;2015;8778;5881;2897
1106;Mannen en Vrouwen;23 jaar;2016;8995;6067;2928
1107;Mannen en Vrouwen;23 jaar;2017;9191;6268;2923
1108;Mannen en Vrouwen;23 jaar;2018;9101;6333;2768
1109;Mannen en Vrouwen;23 jaar;2019;9012;6429;2583
1110;Mannen en Vrouwen;23 jaar;2020;8878;6419;2459
1111;Mannen en Vrouwen;23 jaar;2021;8895;6414;2481
1112;Mannen en Vrouwen;23 jaar;2022;8890;6408;2482
1113;Mannen en Vrouwen;23 jaar;2023;8905;6430;2475
1114;Mannen en Vrouwen;23 jaar;2024;8873;6363;2510
1115;Mannen en Vrouwen;23 jaar;2025;8875;6347;2528
1116;Mannen en Vrouwen;23 jaar;2026;8867;6349;2518
1117;Mannen en Vrouwen;23 jaar;2027;8842;6306;2536
1118;Mannen en Vrouwen;23 jaar;2028;8817;6274;2543
1119;Mannen en Vrouwen;23 jaar;2029;8812;6264;2548
1120;Mannen en Vrouwen;23 jaar;2030;8802;6257;2545
1121;Mannen en Vrouwen;23 jaar;2031;8815;6280;2535
1122;Mannen en Vrouwen;23 jaar;2032;8818;6278;2540
1123;Mannen en Vrouwen;23 jaar;2033;8817;6272;2545
1124;Mannen en Vrouwen;23 jaar;2034;8803;6236;2567
1125;Mannen en Vrouwen;23 jaar;2035;8791;6210;2581
1126;Mannen en Vrouwen;23 jaar;2036;8780;6164;2616
1127;Mannen en Vrouwen;23 jaar;2037;8799;6181;2618
1128;Mannen en Vrouwen;23 jaar;2038;8809;6188;2621
1129;Mannen en Vrouwen;23 jaar;2039;8824;6194;2630
1130;Mannen en Vrouwen;23 jaar;2040;8837;6196;2641
1131;Mannen en Vrouwen;23 jaar;2041;8847;6195;2652
1132;Mannen en Vrouwen;23 jaar;2042;8853;6195;2658
1133;Mannen en Vrouwen;23 jaar;2043;8864;6192;2672
1134;Mannen en Vrouwen;23 jaar;2044;8869;6186;2683
1135;Mannen en Vrouwen;23 jaar;2045;8873;6182;2691
1136;Mannen en Vrouwen;23 jaar;2046;8880;6177;2703
1137;Mannen en Vrouwen;23 jaar;2047;8880;6169;2711
1138;Mannen en Vrouwen;23 jaar;2048;8885;6161;2724
1139;Mannen en Vrouwen;23 jaar;2049;8888;6154;2734
1140;Mannen en Vrouwen;23 jaar;2050;8891;6146;2745
1141;Mannen en Vrouwen;23 jaar;2051;8892;6137;2755
1142;Mannen en Vrouwen;23 jaar;2052;8893;6127;2766
1143;Mannen en Vrouwen;23 jaar;2053;8895;6118;2777
1144;Mannen en Vrouwen;23 jaar;2054;8895;6108;2787
1145;Mannen en Vrouwen;23 jaar;2055;8897;6096;2801
1146;Mannen en Vrouwen;23 jaar;2056;8895;6083;2812
1147;Mannen en Vrouwen;23 jaar;2057;8890;6069;2821
1148;Mannen en Vrouwen;23 jaar;2058;8887;6055;2832
1149;Mannen en Vrouwen;23 jaar;2059;8885;6041;2844
1150;Mannen en Vrouwen;24 jaar;2014;8576;6153;2423
1151;Mannen en Vrouwen;24 jaar;2015;8795;6267;2528
1152;Mannen en Vrouwen;24 jaar;2016;9008;6450;2558
1153;Mannen en Vrouwen;24 jaar;2017;9195;6643;2552
1154;Mannen en Vrouwen;24 jaar;2018;9119;6826;2293
1155;Mannen en Vrouwen;24 jaar;2019;9020;6847;2173
1156;Mannen en Vrouwen;24 jaar;2020;8865;6871;1994
1157;Mannen en Vrouwen;24 jaar;2021;8867;6836;2031
1158;Mannen en Vrouwen;24 jaar;2022;8879;6841;2038
1159;Mannen en Vrouwen;24 jaar;2023;8882;6829;2053
1160;Mannen en Vrouwen;24 jaar;2024;8886;6846;2040
1161;Mannen en Vrouwen;24 jaar;2025;8877;6779;2098
1162;Mannen en Vrouwen;24 jaar;2026;8869;6759;2110
1163;Mannen en Vrouwen;24 jaar;2027;8864;6753;2111
1164;Mannen en Vrouwen;24 jaar;2028;8839;6702;2137
1165;Mannen en Vrouwen;24 jaar;2029;8817;6657;2160
1166;Mannen en Vrouwen;24 jaar;2030;8812;6653;2159
1167;Mannen en Vrouwen;24 jaar;2031;8800;6636;2164
1168;Mannen en Vrouwen;24 jaar;2032;8812;6659;2153
1169;Mannen en Vrouwen;24 jaar;2033;8813;6657;2156
1170;Mannen en Vrouwen;24 jaar;2034;8815;6648;2167
1171;Mannen en Vrouwen;24 jaar;2035;8797;6608;2189
1172;Mannen en Vrouwen;24 jaar;2036;8790;6576;2214
1173;Mannen en Vrouwen;24 jaar;2037;8775;6530;2245
1174;Mannen en Vrouwen;24 jaar;2038;8793;6549;2244
1175;Mannen en Vrouwen;24 jaar;2039;8807;6557;2250
1176;Mannen en Vrouwen;24 jaar;2040;8822;6564;2258
1177;Mannen en Vrouwen;24 jaar;2041;8833;6568;2265
1178;Mannen en Vrouwen;24 jaar;2042;8841;6568;2273
1179;Mannen en Vrouwen;24 jaar;2043;8850;6571;2279
1180;Mannen en Vrouwen;24 jaar;2044;8856;6566;2290
1181;Mannen en Vrouwen;24 jaar;2045;8863;6563;2300
1182;Mannen en Vrouwen;24 jaar;2046;8872;6559;2313
1183;Mannen en Vrouwen;24 jaar;2047;8875;6553;2322
1184;Mannen en Vrouwen;24 jaar;2048;8881;6548;2333
1185;Mannen en Vrouwen;24 jaar;2049;8884;6541;2343
1186;Mannen en Vrouwen;24 jaar;2050;8886;6533;2353
1187;Mannen en Vrouwen;24 jaar;2051;8889;6525;2364
1188;Mannen en Vrouwen;24 jaar;2052;8891;6515;2376
1189;Mannen en Vrouwen;24 jaar;2053;8892;6506;2386
1190;Mannen en Vrouwen;24 jaar;2054;8891;6497;2394
1191;Mannen en Vrouwen;24 jaar;2055;8892;6486;2406
1192;Mannen en Vrouwen;24 jaar;2056;8890;6474;2416
1193;Mannen en Vrouwen;24 jaar;2057;8887;6460;2427
1194;Mannen en Vrouwen;24 jaar;2058;8887;6446;2441
1195;Mannen en Vrouwen;24 jaar;2059;8884;6430;2454
1196;Mannen en Vrouwen;25 jaar;2014;8039;6092;1947
1197;Mannen en Vrouwen;25 jaar;2015;8280;6330;1950
1198;Mannen en Vrouwen;25 jaar;2016;8494;6467;2027
1199;Mannen en Vrouwen;25 jaar;2017;8664;6661;2003
1200;Mannen en Vrouwen;25 jaar;2018;8577;6814;1763
1201;Mannen en Vrouwen;25 jaar;2019;8507;6938;1569
1202;Mannen en Vrouwen;25 jaar;2020;8344;6895;1449
1203;Mannen en Vrouwen;25 jaar;2021;8331;6881;1450
1204;Mannen en Vrouwen;25 jaar;2022;8324;6849;1475
1205;Mannen en Vrouwen;25 jaar;2023;8346;6857;1489
1206;Mannen en Vrouwen;25 jaar;2024;8339;6839;1500
1207;Mannen en Vrouwen;25 jaar;2025;8365;6858;1507
1208;Mannen en Vrouwen;25 jaar;2026;8350;6796;1554
1209;Mannen en Vrouwen;25 jaar;2027;8346;6771;1575
1210;Mannen en Vrouwen;25 jaar;2028;8340;6760;1580
1211;Mannen en Vrouwen;25 jaar;2029;8317;6703;1614
1212;Mannen en Vrouwen;25 jaar;2030;8293;6662;1631
1213;Mannen en Vrouwen;25 jaar;2031;8288;6653;1635
1214;Mannen en Vrouwen;25 jaar;2032;8279;6632;1647
1215;Mannen en Vrouwen;25 jaar;2033;8289;6655;1634
1216;Mannen en Vrouwen;25 jaar;2034;8291;6652;1639
1217;Mannen en Vrouwen;25 jaar;2035;8290;6642;1648
1218;Mannen en Vrouwen;25 jaar;2036;8274;6601;1673
1219;Mannen en Vrouwen;25 jaar;2037;8267;6568;1699
1220;Mannen en Vrouwen;25 jaar;2038;8249;6521;1728
1221;Mannen en Vrouwen;25 jaar;2039;8267;6543;1724
1222;Mannen en Vrouwen;25 jaar;2040;8282;6554;1728
1223;Mannen en Vrouwen;25 jaar;2041;8294;6564;1730
1224;Mannen en Vrouwen;25 jaar;2042;8308;6569;1739
1225;Mannen en Vrouwen;25 jaar;2043;8317;6574;1743
1226;Mannen en Vrouwen;25 jaar;2044;8323;6576;1747
1227;Mannen en Vrouwen;25 jaar;2045;8330;6574;1756
1228;Mannen en Vrouwen;25 jaar;2046;8336;6573;1763
1229;Mannen en Vrouwen;25 jaar;2047;8345;6572;1773
1230;Mannen en Vrouwen;25 jaar;2048;8353;6568;1785
1231;Mannen en Vrouwen;25 jaar;2049;8357;6563;1794
1232;Mannen en Vrouwen;25 jaar;2050;8359;6558;1801
1233;Mannen en Vrouwen;25 jaar;2051;8361;6551;1810
1234;Mannen en Vrouwen;25 jaar;2052;8362;6545;1817
1235;Mannen en Vrouwen;25 jaar;2053;8362;6537;1825
1236;Mannen en Vrouwen;25 jaar;2054;8364;6529;1835
1237;Mannen en Vrouwen;25 jaar;2055;8363;6520;1843
1238;Mannen en Vrouwen;25 jaar;2056;8363;6510;1853
1239;Mannen en Vrouwen;25 jaar;2057;8362;6498;1864
1240;Mannen en Vrouwen;25 jaar;2058;8359;6486;1873
1241;Mannen en Vrouwen;25 jaar;2059;8357;6471;1886
1242;Mannen en Vrouwen;26 jaar;2014;7416;5714;1702
1243;Mannen en Vrouwen;26 jaar;2015;7621;5912;1709
1244;Mannen en Vrouwen;26 jaar;2016;7846;6158;1688
1245;Mannen en Vrouwen;26 jaar;2017;8011;6314;1697
1246;Mannen en Vrouwen;26 jaar;2018;7928;6482;1446
1247;Mannen en Vrouwen;26 jaar;2019;7845;6570;1275
1248;Mannen en Vrouwen;26 jaar;2020;7711;6618;1093
1249;Mannen en Vrouwen;26 jaar;2021;7686;6546;1140
1250;Mannen en Vrouwen;26 jaar;2022;7668;6529;1139
1251;Mannen en Vrouwen;26 jaar;2023;7672;6501;1171
1252;Mannen en Vrouwen;26 jaar;2024;7681;6511;1170
1253;Mannen en Vrouwen;26 jaar;2025;7695;6496;1199
1254;Mannen en Vrouwen;26 jaar;2026;7710;6518;1192
1255;Mannen en Vrouwen;26 jaar;2027;7705;6460;1245
1256;Mannen en Vrouwen;26 jaar;2028;7697;6435;1262
1257;Mannen en Vrouwen;26 jaar;2029;7692;6424;1268
1258;Mannen en Vrouwen;26 jaar;2030;7674;6378;1296
1259;Mannen en Vrouwen;26 jaar;2031;7649;6333;1316
1260;Mannen en Vrouwen;26 jaar;2032;7642;6324;1318
1261;Mannen en Vrouwen;26 jaar;2033;7632;6302;1330
1262;Mannen en Vrouwen;26 jaar;2034;7643;6326;1317
1263;Mannen en Vrouwen;26 jaar;2035;7646;6323;1323
1264;Mannen en Vrouwen;26 jaar;2036;7645;6314;1331
1265;Mannen en Vrouwen;26 jaar;2037;7630;6274;1356
1266;Mannen en Vrouwen;26 jaar;2038;7621;6242;1379
1267;Mannen en Vrouwen;26 jaar;2039;7605;6197;1408
1268;Mannen en Vrouwen;26 jaar;2040;7624;6221;1403
1269;Mannen en Vrouwen;26 jaar;2041;7635;6235;1400
1270;Mannen en Vrouwen;26 jaar;2042;7648;6246;1402
1271;Mannen en Vrouwen;26 jaar;2043;7659;6255;1404
1272;Mannen en Vrouwen;26 jaar;2044;7669;6261;1408
1273;Mannen en Vrouwen;26 jaar;2045;7676;6267;1409
1274;Mannen en Vrouwen;26 jaar;2046;7681;6267;1414
1275;Mannen en Vrouwen;26 jaar;2047;7687;6268;1419
1276;Mannen en Vrouwen;26 jaar;2048;7693;6269;1424
1277;Mannen en Vrouwen;26 jaar;2049;7698;6270;1428
1278;Mannen en Vrouwen;26 jaar;2050;7706;6266;1440
1279;Mannen en Vrouwen;26 jaar;2051;7709;6263;1446
1280;Mannen en Vrouwen;26 jaar;2052;7712;6260;1452
1281;Mannen en Vrouwen;26 jaar;2053;7717;6254;1463
1282;Mannen en Vrouwen;26 jaar;2054;7717;6249;1468
1283;Mannen en Vrouwen;26 jaar;2055;7718;6243;1475
1284;Mannen en Vrouwen;26 jaar;2056;7719;6236;1483
1285;Mannen en Vrouwen;26 jaar;2057;7718;6227;1491
1286;Mannen en Vrouwen;26 jaar;2058;7716;6219;1497
1287;Mannen en Vrouwen;26 jaar;2059;7713;6208;1505
1288;Mannen en Vrouwen;27 jaar;2014;6901;5221;1680
1289;Mannen en Vrouwen;27 jaar;2015;7087;5458;1629
1290;Mannen en Vrouwen;27 jaar;2016;7271;5668;1603
1291;Mannen en Vrouwen;27 jaar;2017;7460;5923;1537
1292;Mannen en Vrouwen;27 jaar;2018;7384;6064;1320
1293;Mannen en Vrouwen;27 jaar;2019;7299;6178;1121
1294;Mannen en Vrouwen;27 jaar;2020;7158;6194;964
1295;Mannen en Vrouwen;27 jaar;2021;7157;6205;952
1296;Mannen en Vrouwen;27 jaar;2022;7126;6139;987
1297;Mannen en Vrouwen;27 jaar;2023;7116;6118;998
1298;Mannen en Vrouwen;27 jaar;2024;7112;6092;1020
1299;Mannen en Vrouwen;27 jaar;2025;7142;6105;1037
1300;Mannen en Vrouwen;27 jaar;2026;7150;6092;1058
1301;Mannen en Vrouwen;27 jaar;2027;7169;6116;1053
1302;Mannen en Vrouwen;27 jaar;2028;7162;6063;1099
1303;Mannen en Vrouwen;27 jaar;2029;7152;6040;1112
1304;Mannen en Vrouwen;27 jaar;2030;7149;6037;1112
1305;Mannen en Vrouwen;27 jaar;2031;7128;5992;1136
1306;Mannen en Vrouwen;27 jaar;2032;7105;5950;1155
1307;Mannen en Vrouwen;27 jaar;2033;7095;5940;1155
1308;Mannen en Vrouwen;27 jaar;2034;7088;5918;1170
1309;Mannen en Vrouwen;27 jaar;2035;7097;5942;1155
1310;Mannen en Vrouwen;27 jaar;2036;7101;5938;1163
1311;Mannen en Vrouwen;27 jaar;2037;7099;5932;1167
1312;Mannen en Vrouwen;27 jaar;2038;7085;5893;1192
1313;Mannen en Vrouwen;27 jaar;2039;7075;5863;1212
1314;Mannen en Vrouwen;27 jaar;2040;7060;5822;1238
1315;Mannen en Vrouwen;27 jaar;2041;7077;5845;1232
1316;Mannen en Vrouwen;27 jaar;2042;7089;5859;1230
1317;Mannen en Vrouwen;27 jaar;2043;7103;5875;1228
1318;Mannen en Vrouwen;27 jaar;2044;7113;5884;1229
1319;Mannen en Vrouwen;27 jaar;2045;7121;5892;1229
1320;Mannen en Vrouwen;27 jaar;2046;7130;5899;1231
1321;Mannen en Vrouwen;27 jaar;2047;7137;5902;1235
1322;Mannen en Vrouwen;27 jaar;2048;7142;5904;1238
1323;Mannen en Vrouwen;27 jaar;2049;7148;5908;1240
1324;Mannen en Vrouwen;27 jaar;2050;7152;5909;1243
1325;Mannen en Vrouwen;27 jaar;2051;7157;5909;1248
1326;Mannen en Vrouwen;27 jaar;2052;7159;5907;1252
1327;Mannen en Vrouwen;27 jaar;2053;7161;5906;1255
1328;Mannen en Vrouwen;27 jaar;2054;7166;5902;1264
1329;Mannen en Vrouwen;27 jaar;2055;7166;5898;1268
1330;Mannen en Vrouwen;27 jaar;2056;7170;5894;1276
1331;Mannen en Vrouwen;27 jaar;2057;7170;5889;1281
1332;Mannen en Vrouwen;27 jaar;2058;7168;5883;1285
1333;Mannen en Vrouwen;27 jaar;2059;7166;5875;1291
1334;Mannen en Vrouwen;28 jaar;2014;6444;5000;1444
1335;Mannen en Vrouwen;28 jaar;2015;6625;5133;1492
1336;Mannen en Vrouwen;28 jaar;2016;6795;5378;1417
1337;Mannen en Vrouwen;28 jaar;2017;6948;5616;1332
1338;Mannen en Vrouwen;28 jaar;2018;6905;5862;1043
1339;Mannen en Vrouwen;28 jaar;2019;6826;5962;864
1340;Mannen en Vrouwen;28 jaar;2020;6691;6014;677
1341;Mannen en Vrouwen;28 jaar;2021;6671;6001;670
1342;Mannen en Vrouwen;28 jaar;2022;6668;6012;656
1343;Mannen en Vrouwen;28 jaar;2023;6647;5946;701
1344;Mannen en Vrouwen;28 jaar;2024;6635;5924;711
1345;Mannen en Vrouwen;28 jaar;2025;6649;5898;751
1346;Mannen en Vrouwen;28 jaar;2026;6669;5912;757
1347;Mannen en Vrouwen;28 jaar;2027;6680;5900;780
1348;Mannen en Vrouwen;28 jaar;2028;6699;5924;775
1349;Mannen en Vrouwen;28 jaar;2029;6688;5872;816
1350;Mannen en Vrouwen;28 jaar;2030;6684;5860;824
1351;Mannen en Vrouwen;28 jaar;2031;6679;5856;823
1352;Mannen en Vrouwen;28 jaar;2032;6657;5811;846
1353;Mannen en Vrouwen;28 jaar;2033;6633;5769;864
1354;Mannen en Vrouwen;28 jaar;2034;6626;5759;867
1355;Mannen en Vrouwen;28 jaar;2035;6615;5737;878
1356;Mannen en Vrouwen;28 jaar;2036;6627;5759;868
1357;Mannen en Vrouwen;28 jaar;2037;6631;5756;875
1358;Mannen en Vrouwen;28 jaar;2038;6629;5748;881
1359;Mannen en Vrouwen;28 jaar;2039;6617;5712;905
1360;Mannen en Vrouwen;28 jaar;2040;6608;5681;927
1361;Mannen en Vrouwen;28 jaar;2041;6593;5643;950
1362;Mannen en Vrouwen;28 jaar;2042;6612;5667;945
1363;Mannen en Vrouwen;28 jaar;2043;6623;5681;942
1364;Mannen en Vrouwen;28 jaar;2044;6634;5697;937
1365;Mannen en Vrouwen;28 jaar;2045;6642;5705;937
1366;Mannen en Vrouwen;28 jaar;2046;6653;5714;939
1367;Mannen en Vrouwen;28 jaar;2047;6662;5721;941
1368;Mannen en Vrouwen;28 jaar;2048;6668;5724;944
1369;Mannen en Vrouwen;28 jaar;2049;6673;5727;946
1370;Mannen en Vrouwen;28 jaar;2050;6679;5731;948
1371;Mannen en Vrouwen;28 jaar;2051;6683;5733;950
1372;Mannen en Vrouwen;28 jaar;2052;6683;5733;950
1373;Mannen en Vrouwen;28 jaar;2053;6687;5732;955
1374;Mannen en Vrouwen;28 jaar;2054;6690;5731;959
1375;Mannen en Vrouwen;28 jaar;2055;6692;5728;964
1376;Mannen en Vrouwen;28 jaar;2056;6692;5726;966
1377;Mannen en Vrouwen;28 jaar;2057;6693;5722;971
1378;Mannen en Vrouwen;28 jaar;2058;6694;5717;977
1379;Mannen en Vrouwen;28 jaar;2059;6692;5712;980
1380;Mannen en Vrouwen;29 jaar;2014;5933;4817;1116
1381;Mannen en Vrouwen;29 jaar;2015;6125;4946;1179
1382;Mannen en Vrouwen;29 jaar;2016;6283;5101;1182
1383;Mannen en Vrouwen;29 jaar;2017;6412;5352;1060
1384;Mannen en Vrouwen;29 jaar;2018;6348;5573;775
1385;Mannen en Vrouwen;29 jaar;2019;6304;5764;540
1386;Mannen en Vrouwen;29 jaar;2020;6182;5797;385
1387;Mannen en Vrouwen;29 jaar;2021;6170;5819;351
1388;Mannen en Vrouwen;29 jaar;2022;6153;5810;343
1389;Mannen en Vrouwen;29 jaar;2023;6157;5824;333
1390;Mannen en Vrouwen;29 jaar;2024;6128;5763;365
1391;Mannen en Vrouwen;29 jaar;2025;6124;5743;381
1392;Mannen en Vrouwen;29 jaar;2026;6132;5721;411
1393;Mannen en Vrouwen;29 jaar;2027;6162;5735;427
1394;Mannen en Vrouwen;29 jaar;2028;6169;5728;441
1395;Mannen en Vrouwen;29 jaar;2029;6190;5750;440
1396;Mannen en Vrouwen;29 jaar;2030;6182;5712;470
1397;Mannen en Vrouwen;29 jaar;2031;6177;5700;477
1398;Mannen en Vrouwen;29 jaar;2032;6169;5697;472
1399;Mannen en Vrouwen;29 jaar;2033;6150;5656;494
1400;Mannen en Vrouwen;29 jaar;2034;6129;5615;514
1401;Mannen en Vrouwen;29 jaar;2035;6120;5605;515
1402;Mannen en Vrouwen;29 jaar;2036;6112;5585;527
1403;Mannen en Vrouwen;29 jaar;2037;6124;5609;515
1404;Mannen en Vrouwen;29 jaar;2038;6123;5606;517
1405;Mannen en Vrouwen;29 jaar;2039;6124;5600;524
1406;Mannen en Vrouwen;29 jaar;2040;6111;5565;546
1407;Mannen en Vrouwen;29 jaar;2041;6100;5538;562
1408;Mannen en Vrouwen;29 jaar;2042;6090;5501;589
1409;Mannen en Vrouwen;29 jaar;2043;6104;5527;577
1410;Mannen en Vrouwen;29 jaar;2044;6115;5543;572
1411;Mannen en Vrouwen;29 jaar;2045;6127;5557;570
1412;Mannen en Vrouwen;29 jaar;2046;6138;5569;569
1413;Mannen en Vrouwen;29 jaar;2047;6147;5579;568
1414;Mannen en Vrouwen;29 jaar;2048;6157;5588;569
1415;Mannen en Vrouwen;29 jaar;2049;6161;5592;569
1416;Mannen en Vrouwen;29 jaar;2050;6168;5599;569
1417;Mannen en Vrouwen;29 jaar;2051;6173;5603;570
1418;Mannen en Vrouwen;29 jaar;2052;6175;5607;568
1419;Mannen en Vrouwen;29 jaar;2053;6179;5609;570
1420;Mannen en Vrouwen;29 jaar;2054;6179;5609;570
1421;Mannen en Vrouwen;29 jaar;2055;6185;5608;577
1422;Mannen en Vrouwen;29 jaar;2056;6187;5608;579
1423;Mannen en Vrouwen;29 jaar;2057;6188;5607;581
1424;Mannen en Vrouwen;29 jaar;2058;6187;5605;582
1425;Mannen en Vrouwen;29 jaar;2059;6187;5601;586
1426;Mannen en Vrouwen;30 jaar;2014;5432;4580;852
1427;Mannen en Vrouwen;30 jaar;2015;5598;4720;878
1428;Mannen en Vrouwen;30 jaar;2016;5748;4863;885
1429;Mannen en Vrouwen;30 jaar;2017;5873;5031;842
1430;Mannen en Vrouwen;30 jaar;2018;5807;5254;553
1431;Mannen en Vrouwen;30 jaar;2019;5738;5422;316
1432;Mannen en Vrouwen;30 jaar;2020;5658;5538;120
1433;Mannen en Vrouwen;30 jaar;2021;5658;5548;110
1434;Mannen en Vrouwen;30 jaar;2022;5642;5578;64
1435;Mannen en Vrouwen;30 jaar;2023;5633;5576;57
1436;Mannen en Vrouwen;30 jaar;2024;5628;5595;33
1437;Mannen en Vrouwen;30 jaar;2025;5614;5544;70
1438;Mannen en Vrouwen;30 jaar;2026;5609;5530;79
1439;Mannen en Vrouwen;30 jaar;2027;5617;5513;104
1440;Mannen en Vrouwen;30 jaar;2028;5647;5529;118
1441;Mannen en Vrouwen;30 jaar;2029;5652;5523;129
1442;Mannen en Vrouwen;30 jaar;2030;5673;5555;118
1443;Mannen en Vrouwen;30 jaar;2031;5663;5524;139
1444;Mannen en Vrouwen;30 jaar;2032;5657;5516;141
1445;Mannen en Vrouwen;30 jaar;2033;5652;5516;136
1446;Mannen en Vrouwen;30 jaar;2034;5631;5480;151
1447;Mannen en Vrouwen;30 jaar;2035;5612;5443;169
1448;Mannen en Vrouwen;30 jaar;2036;5604;5437;167
1449;Mannen en Vrouwen;30 jaar;2037;5594;5420;174
1450;Mannen en Vrouwen;30 jaar;2038;5606;5443;163
1451;Mannen en Vrouwen;30 jaar;2039;5609;5443;166
1452;Mannen en Vrouwen;30 jaar;2040;5612;5439;173
1453;Mannen en Vrouwen;30 jaar;2041;5594;5409;185
1454;Mannen en Vrouwen;30 jaar;2042;5585;5388;197
1455;Mannen en Vrouwen;30 jaar;2043;5568;5355;213
1456;Mannen en Vrouwen;30 jaar;2044;5588;5382;206
1457;Mannen en Vrouwen;30 jaar;2045;5602;5400;202
1458;Mannen en Vrouwen;30 jaar;2046;5612;5418;194
1459;Mannen en Vrouwen;30 jaar;2047;5620;5429;191
1460;Mannen en Vrouwen;30 jaar;2048;5631;5442;189
1461;Mannen en Vrouwen;30 jaar;2049;5638;5453;185
1462;Mannen en Vrouwen;30 jaar;2050;5645;5461;184
1463;Mannen en Vrouwen;30 jaar;2051;5650;5469;181
1464;Mannen en Vrouwen;30 jaar;2052;5655;5475;180
1465;Mannen en Vrouwen;30 jaar;2053;5657;5482;175
1466;Mannen en Vrouwen;30 jaar;2054;5659;5486;173
1467;Mannen en Vrouwen;30 jaar;2055;5665;5490;175
1468;Mannen en Vrouwen;30 jaar;2056;5667;5491;176
1469;Mannen en Vrouwen;30 jaar;2057;5668;5494;174
1470;Mannen en Vrouwen;30 jaar;2058;5669;5494;175
1471;Mannen en Vrouwen;30 jaar;2059;5668;5495;173
1472;Mannen en Vrouwen;31 jaar;2014;4947;4266;681
1473;Mannen en Vrouwen;31 jaar;2015;5104;4444;660
1474;Mannen en Vrouwen;31 jaar;2016;5234;4593;641
1475;Mannen en Vrouwen;31 jaar;2017;5358;4735;623
1476;Mannen en Vrouwen;31 jaar;2018;5301;4872;429
1477;Mannen en Vrouwen;31 jaar;2019;5237;5029;208
1478;Mannen en Vrouwen;31 jaar;2020;5137;5113;24
1479;Mannen en Vrouwen;31 jaar;2021;5162;5191;-29
1480;Mannen en Vrouwen;31 jaar;2022;5160;5201;-41
1481;Mannen en Vrouwen;31 jaar;2023;5151;5228;-77
1482;Mannen en Vrouwen;31 jaar;2024;5138;5224;-86
1483;Mannen en Vrouwen;31 jaar;2025;5147;5243;-96
1484;Mannen en Vrouwen;31 jaar;2026;5130;5199;-69
1485;Mannen en Vrouwen;31 jaar;2027;5123;5188;-65
1486;Mannen en Vrouwen;31 jaar;2028;5131;5176;-45
1487;Mannen en Vrouwen;31 jaar;2029;5158;5192;-34
1488;Mannen en Vrouwen;31 jaar;2030;5165;5198;-33
1489;Mannen en Vrouwen;31 jaar;2031;5189;5229;-40
1490;Mannen en Vrouwen;31 jaar;2032;5180;5204;-24
1491;Mannen en Vrouwen;31 jaar;2033;5174;5199;-25
1492;Mannen en Vrouwen;31 jaar;2034;5170;5201;-31
1493;Mannen en Vrouwen;31 jaar;2035;5149;5172;-23
1494;Mannen en Vrouwen;31 jaar;2036;5129;5141;-12
1495;Mannen en Vrouwen;31 jaar;2037;5125;5135;-10
1496;Mannen en Vrouwen;31 jaar;2038;5115;5122;-7
1497;Mannen en Vrouwen;31 jaar;2039;5128;5146;-18
1498;Mannen en Vrouwen;31 jaar;2040;5129;5149;-20
1499;Mannen en Vrouwen;31 jaar;2041;5127;5147;-20
1500;Mannen en Vrouwen;31 jaar;2042;5113;5123;-10
1501;Mannen en Vrouwen;31 jaar;2043;5100;5105;-5
1502;Mannen en Vrouwen;31 jaar;2044;5085;5076;9
1503;Mannen en Vrouwen;31 jaar;2045;5102;5104;-2
1504;Mannen en Vrouwen;31 jaar;2046;5111;5122;-11
1505;Mannen en Vrouwen;31 jaar;2047;5126;5140;-14
1506;Mannen en Vrouwen;31 jaar;2048;5135;5155;-20
1507;Mannen en Vrouwen;31 jaar;2049;5145;5169;-24
1508;Mannen en Vrouwen;31 jaar;2050;5154;5181;-27
1509;Mannen en Vrouwen;31 jaar;2051;5159;5191;-32
1510;Mannen en Vrouwen;31 jaar;2052;5163;5200;-37
1511;Mannen en Vrouwen;31 jaar;2053;5166;5210;-44
1512;Mannen en Vrouwen;31 jaar;2054;5170;5217;-47
1513;Mannen en Vrouwen;31 jaar;2055;5174;5223;-49
1514;Mannen en Vrouwen;31 jaar;2056;5173;5229;-56
1515;Mannen en Vrouwen;31 jaar;2057;5175;5233;-58
1516;Mannen en Vrouwen;31 jaar;2058;5176;5237;-61
1517;Mannen en Vrouwen;31 jaar;2059;5177;5240;-63
1518;Mannen en Vrouwen;32 jaar;2014;4477;4008;469
1519;Mannen en Vrouwen;32 jaar;2015;4601;4083;518
1520;Mannen en Vrouwen;32 jaar;2016;4725;4273;452
1521;Mannen en Vrouwen;32 jaar;2017;4824;4419;405
1522;Mannen en Vrouwen;32 jaar;2018;4790;4540;250
1523;Mannen en Vrouwen;32 jaar;2019;4739;4623;116
1524;Mannen en Vrouwen;32 jaar;2020;4646;4704;-58
1525;Mannen en Vrouwen;32 jaar;2021;4650;4750;-100
1526;Mannen en Vrouwen;32 jaar;2022;4672;4825;-153
1527;Mannen en Vrouwen;32 jaar;2023;4674;4834;-160
1528;Mannen en Vrouwen;32 jaar;2024;4666;4855;-189
1529;Mannen en Vrouwen;32 jaar;2025;4658;4848;-190
1530;Mannen en Vrouwen;32 jaar;2026;4660;4864;-204
1531;Mannen en Vrouwen;32 jaar;2027;4647;4823;-176
1532;Mannen en Vrouwen;32 jaar;2028;4641;4811;-170
1533;Mannen en Vrouwen;32 jaar;2029;4654;4802;-148
1534;Mannen en Vrouwen;32 jaar;2030;4676;4826;-150
1535;Mannen en Vrouwen;32 jaar;2031;4683;4831;-148
1536;Mannen en Vrouwen;32 jaar;2032;4704;4861;-157
1537;Mannen en Vrouwen;32 jaar;2033;4698;4838;-140
1538;Mannen en Vrouwen;32 jaar;2034;4693;4833;-140
1539;Mannen en Vrouwen;32 jaar;2035;4684;4834;-150
1540;Mannen en Vrouwen;32 jaar;2036;4667;4805;-138
1541;Mannen en Vrouwen;32 jaar;2037;4647;4776;-129
1542;Mannen en Vrouwen;32 jaar;2038;4640;4773;-133
1543;Mannen en Vrouwen;32 jaar;2039;4631;4758;-127
1544;Mannen en Vrouwen;32 jaar;2040;4643;4781;-138
1545;Mannen en Vrouwen;32 jaar;2041;4643;4783;-140
1546;Mannen en Vrouwen;32 jaar;2042;4645;4783;-138
1547;Mannen en Vrouwen;32 jaar;2043;4628;4761;-133
1548;Mannen en Vrouwen;32 jaar;2044;4617;4743;-126
1549;Mannen en Vrouwen;32 jaar;2045;4604;4717;-113
1550;Mannen en Vrouwen;32 jaar;2046;4617;4744;-127
1551;Mannen en Vrouwen;32 jaar;2047;4628;4761;-133
1552;Mannen en Vrouwen;32 jaar;2048;4641;4779;-138
1553;Mannen en Vrouwen;32 jaar;2049;4648;4794;-146
1554;Mannen en Vrouwen;32 jaar;2050;4654;4808;-154
1555;Mannen en Vrouwen;32 jaar;2051;4668;4820;-152
1556;Mannen en Vrouwen;32 jaar;2052;4673;4829;-156
1557;Mannen en Vrouwen;32 jaar;2053;4678;4839;-161
1558;Mannen en Vrouwen;32 jaar;2054;4686;4847;-161
1559;Mannen en Vrouwen;32 jaar;2055;4688;4854;-166
1560;Mannen en Vrouwen;32 jaar;2056;4688;4861;-173
1561;Mannen en Vrouwen;32 jaar;2057;4691;4865;-174
1562;Mannen en Vrouwen;32 jaar;2058;4692;4870;-178
1563;Mannen en Vrouwen;32 jaar;2059;4692;4874;-182
1564;Mannen en Vrouwen;33 jaar;2014;4063;3661;402
1565;Mannen en Vrouwen;33 jaar;2015;4158;3797;361
1566;Mannen en Vrouwen;33 jaar;2016;4246;3889;357
1567;Mannen en Vrouwen;33 jaar;2017;4348;4077;271
1568;Mannen en Vrouwen;33 jaar;2018;4303;4198;105
1569;Mannen en Vrouwen;33 jaar;2019;4265;4275;-10
1570;Mannen en Vrouwen;33 jaar;2020;4194;4300;-106
1571;Mannen en Vrouwen;33 jaar;2021;4187;4350;-163
1572;Mannen en Vrouwen;33 jaar;2022;4190;4393;-203
1573;Mannen en Vrouwen;33 jaar;2023;4218;4464;-246
1574;Mannen en Vrouwen;33 jaar;2024;4213;4473;-260
1575;Mannen en Vrouwen;33 jaar;2025;4214;4490;-276
1576;Mannen en Vrouwen;33 jaar;2026;4207;4480;-273
1577;Mannen en Vrouwen;33 jaar;2027;4208;4491;-283
1578;Mannen en Vrouwen;33 jaar;2028;4192;4452;-260
1579;Mannen en Vrouwen;33 jaar;2029;4192;4440;-248
1580;Mannen en Vrouwen;33 jaar;2030;4200;4438;-238
1581;Mannen en Vrouwen;33 jaar;2031;4227;4462;-235
1582;Mannen en Vrouwen;33 jaar;2032;4233;4467;-234
1583;Mannen en Vrouwen;33 jaar;2033;4252;4497;-245
1584;Mannen en Vrouwen;33 jaar;2034;4245;4475;-230
1585;Mannen en Vrouwen;33 jaar;2035;4238;4471;-233
1586;Mannen en Vrouwen;33 jaar;2036;4234;4470;-236
1587;Mannen en Vrouwen;33 jaar;2037;4219;4441;-222
1588;Mannen en Vrouwen;33 jaar;2038;4198;4412;-214
1589;Mannen en Vrouwen;33 jaar;2039;4194;4407;-213
1590;Mannen en Vrouwen;33 jaar;2040;4184;4393;-209
1591;Mannen en Vrouwen;33 jaar;2041;4196;4414;-218
1592;Mannen en Vrouwen;33 jaar;2042;4193;4415;-222
1593;Mannen en Vrouwen;33 jaar;2043;4195;4416;-221
1594;Mannen en Vrouwen;33 jaar;2044;4182;4394;-212
1595;Mannen en Vrouwen;33 jaar;2045;4172;4377;-205
1596;Mannen en Vrouwen;33 jaar;2046;4161;4351;-190
1597;Mannen en Vrouwen;33 jaar;2047;4173;4376;-203
1598;Mannen en Vrouwen;33 jaar;2048;4184;4393;-209
1599;Mannen en Vrouwen;33 jaar;2049;4193;4410;-217
1600;Mannen en Vrouwen;33 jaar;2050;4205;4424;-219
1601;Mannen en Vrouwen;33 jaar;2051;4214;4437;-223
1602;Mannen en Vrouwen;33 jaar;2052;4219;4449;-230
1603;Mannen en Vrouwen;33 jaar;2053;4226;4458;-232
1604;Mannen en Vrouwen;33 jaar;2054;4227;4466;-239
1605;Mannen en Vrouwen;33 jaar;2055;4228;4474;-246
1606;Mannen en Vrouwen;33 jaar;2056;4233;4479;-246
1607;Mannen en Vrouwen;33 jaar;2057;4238;4485;-247
1608;Mannen en Vrouwen;33 jaar;2058;4241;4490;-249
1609;Mannen en Vrouwen;33 jaar;2059;4243;4494;-251
1610;Mannen en Vrouwen;34 jaar;2014;3736;3392;344
1611;Mannen en Vrouwen;34 jaar;2015;3829;3437;392
1612;Mannen en Vrouwen;34 jaar;2016;3897;3593;304
1613;Mannen en Vrouwen;34 jaar;2017;3969;3696;273
1614;Mannen en Vrouwen;34 jaar;2018;3935;3868;67
1615;Mannen en Vrouwen;34 jaar;2019;3894;3946;-52
1616;Mannen en Vrouwen;34 jaar;2020;3839;3971;-132
1617;Mannen en Vrouwen;34 jaar;2021;3844;3978;-134
1618;Mannen en Vrouwen;34 jaar;2022;3836;4027;-191
1619;Mannen en Vrouwen;34 jaar;2023;3845;4068;-223
1620;Mannen en Vrouwen;34 jaar;2024;3862;4134;-272
1621;Mannen en Vrouwen;34 jaar;2025;3866;4144;-278
1622;Mannen en Vrouwen;34 jaar;2026;3862;4158;-296
1623;Mannen en Vrouwen;34 jaar;2027;3863;4146;-283
1624;Mannen en Vrouwen;34 jaar;2028;3860;4157;-297
1625;Mannen en Vrouwen;34 jaar;2029;3846;4119;-273
1626;Mannen en Vrouwen;34 jaar;2030;3848;4113;-265
1627;Mannen en Vrouwen;34 jaar;2031;3858;4114;-256
1628;Mannen en Vrouwen;34 jaar;2032;3882;4137;-255
1629;Mannen en Vrouwen;34 jaar;2033;3887;4141;-254
1630;Mannen en Vrouwen;34 jaar;2034;3904;4171;-267
1631;Mannen en Vrouwen;34 jaar;2035;3899;4151;-252
1632;Mannen en Vrouwen;34 jaar;2036;3892;4148;-256
1633;Mannen en Vrouwen;34 jaar;2037;3890;4149;-259
1634;Mannen en Vrouwen;34 jaar;2038;3873;4123;-250
1635;Mannen en Vrouwen;34 jaar;2039;3856;4096;-240
1636;Mannen en Vrouwen;34 jaar;2040;3850;4093;-243
1637;Mannen en Vrouwen;34 jaar;2041;3842;4080;-238
1638;Mannen en Vrouwen;34 jaar;2042;3852;4101;-249
1639;Mannen en Vrouwen;34 jaar;2043;3854;4103;-249
1640;Mannen en Vrouwen;34 jaar;2044;3852;4105;-253
1641;Mannen en Vrouwen;34 jaar;2045;3840;4084;-244
1642;Mannen en Vrouwen;34 jaar;2046;3831;4069;-238
1643;Mannen en Vrouwen;34 jaar;2047;3816;4048;-232
1644;Mannen en Vrouwen;34 jaar;2048;3831;4071;-240
1645;Mannen en Vrouwen;34 jaar;2049;3841;4087;-246
1646;Mannen en Vrouwen;34 jaar;2050;3853;4105;-252
1647;Mannen en Vrouwen;34 jaar;2051;3863;4117;-254
1648;Mannen en Vrouwen;34 jaar;2052;3868;4130;-262
1649;Mannen en Vrouwen;34 jaar;2053;3875;4142;-267
1650;Mannen en Vrouwen;34 jaar;2054;3881;4150;-269
1651;Mannen en Vrouwen;34 jaar;2055;3885;4158;-273
1652;Mannen en Vrouwen;34 jaar;2056;3888;4166;-278
1653;Mannen en Vrouwen;34 jaar;2057;3891;4174;-283
1654;Mannen en Vrouwen;34 jaar;2058;3895;4179;-284
1655;Mannen en Vrouwen;34 jaar;2059;3895;4184;-289
1656;Mannen en Vrouwen;35 jaar;2014;3381;3107;274
1657;Mannen en Vrouwen;35 jaar;2015;3491;3252;239
1658;Mannen en Vrouwen;35 jaar;2016;3562;3321;241
1659;Mannen en Vrouwen;35 jaar;2017;3616;3485;131
1660;Mannen en Vrouwen;35 jaar;2018;3571;3580;-9
1661;Mannen en Vrouwen;35 jaar;2019;3542;3712;-170
1662;Mannen en Vrouwen;35 jaar;2020;3479;3739;-260
1663;Mannen en Vrouwen;35 jaar;2021;3496;3747;-251
1664;Mannen en Vrouwen;35 jaar;2022;3494;3760;-266
1665;Mannen en Vrouwen;35 jaar;2023;3495;3810;-315
1666;Mannen en Vrouwen;35 jaar;2024;3501;3850;-349
1667;Mannen en Vrouwen;35 jaar;2025;3525;3914;-389
1668;Mannen en Vrouwen;35 jaar;2026;3527;3921;-394
1669;Mannen en Vrouwen;35 jaar;2027;3522;3934;-412
1670;Mannen en Vrouwen;35 jaar;2028;3522;3922;-400
1671;Mannen en Vrouwen;35 jaar;2029;3524;3929;-405
1672;Mannen en Vrouwen;35 jaar;2030;3509;3901;-392
1673;Mannen en Vrouwen;35 jaar;2031;3512;3896;-384
1674;Mannen en Vrouwen;35 jaar;2032;3520;3897;-377
1675;Mannen en Vrouwen;35 jaar;2033;3540;3919;-379
1676;Mannen en Vrouwen;35 jaar;2034;3547;3925;-378
1677;Mannen en Vrouwen;35 jaar;2035;3565;3954;-389
1678;Mannen en Vrouwen;35 jaar;2036;3560;3937;-377
1679;Mannen en Vrouwen;35 jaar;2037;3557;3934;-377
1680;Mannen en Vrouwen;35 jaar;2038;3556;3933;-377
1681;Mannen en Vrouwen;35 jaar;2039;3537;3911;-374
1682;Mannen en Vrouwen;35 jaar;2040;3517;3887;-370
1683;Mannen en Vrouwen;35 jaar;2041;3510;3884;-374
1684;Mannen en Vrouwen;35 jaar;2042;3503;3874;-371
1685;Mannen en Vrouwen;35 jaar;2043;3511;3895;-384
1686;Mannen en Vrouwen;35 jaar;2044;3511;3897;-386
1687;Mannen en Vrouwen;35 jaar;2045;3510;3899;-389
1688;Mannen en Vrouwen;35 jaar;2046;3501;3882;-381
1689;Mannen en Vrouwen;35 jaar;2047;3493;3870;-377
1690;Mannen en Vrouwen;35 jaar;2048;3478;3848;-370
1691;Mannen en Vrouwen;35 jaar;2049;3490;3872;-382
1692;Mannen en Vrouwen;35 jaar;2050;3500;3888;-388
1693;Mannen en Vrouwen;35 jaar;2051;3514;3905;-391
1694;Mannen en Vrouwen;35 jaar;2052;3520;3918;-398
1695;Mannen en Vrouwen;35 jaar;2053;3528;3931;-403
1696;Mannen en Vrouwen;35 jaar;2054;3534;3943;-409
1697;Mannen en Vrouwen;35 jaar;2055;3538;3951;-413
1698;Mannen en Vrouwen;35 jaar;2056;3541;3959;-418
1699;Mannen en Vrouwen;35 jaar;2057;3546;3969;-423
1700;Mannen en Vrouwen;35 jaar;2058;3548;3975;-427
1701;Mannen en Vrouwen;35 jaar;2059;3551;3982;-431
1702;Mannen en Vrouwen;36 jaar;2014;3099;2961;138
1703;Mannen en Vrouwen;36 jaar;2015;3179;3023;156
1704;Mannen en Vrouwen;36 jaar;2016;3269;3186;83
1705;Mannen en Vrouwen;36 jaar;2017;3332;3267;65
1706;Mannen en Vrouwen;36 jaar;2018;3276;3424;-148
1707;Mannen en Vrouwen;36 jaar;2019;3238;3487;-249
1708;Mannen en Vrouwen;36 jaar;2020;3187;3571;-384
1709;Mannen en Vrouwen;36 jaar;2021;3196;3581;-385
1710;Mannen en Vrouwen;36 jaar;2022;3206;3594;-388
1711;Mannen en Vrouwen;36 jaar;2023;3212;3610;-398
1712;Mannen en Vrouwen;36 jaar;2024;3208;3660;-452
1713;Mannen en Vrouwen;36 jaar;2025;3215;3699;-484
1714;Mannen en Vrouwen;36 jaar;2026;3240;3759;-519
1715;Mannen en Vrouwen;36 jaar;2027;3245;3766;-521
1716;Mannen en Vrouwen;36 jaar;2028;3237;3777;-540
1717;Mannen en Vrouwen;36 jaar;2029;3232;3764;-532
1718;Mannen en Vrouwen;36 jaar;2030;3237;3777;-540
1719;Mannen en Vrouwen;36 jaar;2031;3229;3748;-519
1720;Mannen en Vrouwen;36 jaar;2032;3225;3743;-518
1721;Mannen en Vrouwen;36 jaar;2033;3233;3743;-510
1722;Mannen en Vrouwen;36 jaar;2034;3251;3766;-515
1723;Mannen en Vrouwen;36 jaar;2035;3261;3772;-511
1724;Mannen en Vrouwen;36 jaar;2036;3280;3799;-519
1725;Mannen en Vrouwen;36 jaar;2037;3276;3783;-507
1726;Mannen en Vrouwen;36 jaar;2038;3272;3782;-510
1727;Mannen en Vrouwen;36 jaar;2039;3267;3781;-514
1728;Mannen en Vrouwen;36 jaar;2040;3252;3760;-508
1729;Mannen en Vrouwen;36 jaar;2041;3233;3738;-505
1730;Mannen en Vrouwen;36 jaar;2042;3228;3736;-508
1731;Mannen en Vrouwen;36 jaar;2043;3219;3728;-509
1732;Mannen en Vrouwen;36 jaar;2044;3228;3748;-520
1733;Mannen en Vrouwen;36 jaar;2045;3229;3751;-522
1734;Mannen en Vrouwen;36 jaar;2046;3231;3753;-522
1735;Mannen en Vrouwen;36 jaar;2047;3218;3738;-520
1736;Mannen en Vrouwen;36 jaar;2048;3209;3727;-518
1737;Mannen en Vrouwen;36 jaar;2049;3195;3707;-512
1738;Mannen en Vrouwen;36 jaar;2050;3208;3729;-521
1739;Mannen en Vrouwen;36 jaar;2051;3218;3745;-527
1740;Mannen en Vrouwen;36 jaar;2052;3228;3761;-533
1741;Mannen en Vrouwen;36 jaar;2053;3235;3774;-539
1742;Mannen en Vrouwen;36 jaar;2054;3247;3787;-540
1743;Mannen en Vrouwen;36 jaar;2055;3251;3799;-548
1744;Mannen en Vrouwen;36 jaar;2056;3254;3808;-554
1745;Mannen en Vrouwen;36 jaar;2057;3259;3816;-557
1746;Mannen en Vrouwen;36 jaar;2058;3262;3825;-563
1747;Mannen en Vrouwen;36 jaar;2059;3264;3833;-569
1748;Mannen en Vrouwen;37 jaar;2014;2879;2742;137
1749;Mannen en Vrouwen;37 jaar;2015;2961;2848;113
1750;Mannen en Vrouwen;37 jaar;2016;3028;2926;102
1751;Mannen en Vrouwen;37 jaar;2017;3105;3086;19
1752;Mannen en Vrouwen;37 jaar;2018;3070;3153;-83
1753;Mannen en Vrouwen;37 jaar;2019;3023;3268;-245
1754;Mannen en Vrouwen;37 jaar;2020;2963;3288;-325
1755;Mannen en Vrouwen;37 jaar;2021;2973;3354;-381
1756;Mannen en Vrouwen;37 jaar;2022;2973;3372;-399
1757;Mannen en Vrouwen;37 jaar;2023;2987;3391;-404
1758;Mannen en Vrouwen;37 jaar;2024;2992;3408;-416
1759;Mannen en Vrouwen;37 jaar;2025;2993;3454;-461
1760;Mannen en Vrouwen;37 jaar;2026;2998;3492;-494
1761;Mannen en Vrouwen;37 jaar;2027;3024;3546;-522
1762;Mannen en Vrouwen;37 jaar;2028;3028;3552;-524
1763;Mannen en Vrouwen;37 jaar;2029;3023;3562;-539
1764;Mannen en Vrouwen;37 jaar;2030;3020;3554;-534
1765;Mannen en Vrouwen;37 jaar;2031;3024;3565;-541
1766;Mannen en Vrouwen;37 jaar;2032;3011;3539;-528
1767;Mannen en Vrouwen;37 jaar;2033;3010;3535;-525
1768;Mannen en Vrouwen;37 jaar;2034;3017;3537;-520
1769;Mannen en Vrouwen;37 jaar;2035;3037;3559;-522
1770;Mannen en Vrouwen;37 jaar;2036;3047;3566;-519
1771;Mannen en Vrouwen;37 jaar;2037;3062;3593;-531
1772;Mannen en Vrouwen;37 jaar;2038;3060;3577;-517
1773;Mannen en Vrouwen;37 jaar;2039;3054;3574;-520
1774;Mannen en Vrouwen;37 jaar;2040;3053;3576;-523
1775;Mannen en Vrouwen;37 jaar;2041;3036;3556;-520
1776;Mannen en Vrouwen;37 jaar;2042;3018;3536;-518
1777;Mannen en Vrouwen;37 jaar;2043;3012;3534;-522
1778;Mannen en Vrouwen;37 jaar;2044;3006;3526;-520
1779;Mannen en Vrouwen;37 jaar;2045;3016;3545;-529
1780;Mannen en Vrouwen;37 jaar;2046;3017;3548;-531
1781;Mannen en Vrouwen;37 jaar;2047;3016;3552;-536
1782;Mannen en Vrouwen;37 jaar;2048;3003;3537;-534
1783;Mannen en Vrouwen;37 jaar;2049;2997;3526;-529
1784;Mannen en Vrouwen;37 jaar;2050;2983;3508;-525
1785;Mannen en Vrouwen;37 jaar;2051;2996;3531;-535
1786;Mannen en Vrouwen;37 jaar;2052;3004;3547;-543
1787;Mannen en Vrouwen;37 jaar;2053;3013;3562;-549
1788;Mannen en Vrouwen;37 jaar;2054;3019;3575;-556
1789;Mannen en Vrouwen;37 jaar;2055;3029;3587;-558
1790;Mannen en Vrouwen;37 jaar;2056;3033;3599;-566
1791;Mannen en Vrouwen;37 jaar;2057;3038;3608;-570
1792;Mannen en Vrouwen;37 jaar;2058;3042;3616;-574
1793;Mannen en Vrouwen;37 jaar;2059;3044;3625;-581
1794;Mannen en Vrouwen;38 jaar;2014;2703;2504;199
1795;Mannen en Vrouwen;38 jaar;2015;2765;2565;200
1796;Mannen en Vrouwen;38 jaar;2016;2830;2671;159
1797;Mannen en Vrouwen;38 jaar;2017;2884;2751;133
1798;Mannen en Vrouwen;38 jaar;2018;2878;2885;-7
1799;Mannen en Vrouwen;38 jaar;2019;2850;2924;-74
1800;Mannen en Vrouwen;38 jaar;2020;2776;2987;-211
1801;Mannen en Vrouwen;38 jaar;2021;2772;2998;-226
1802;Mannen en Vrouwen;38 jaar;2022;2780;3064;-284
1803;Mannen en Vrouwen;38 jaar;2023;2784;3090;-306
1804;Mannen en Vrouwen;38 jaar;2024;2796;3113;-317
1805;Mannen en Vrouwen;38 jaar;2025;2806;3131;-325
1806;Mannen en Vrouwen;38 jaar;2026;2805;3172;-367
1807;Mannen en Vrouwen;38 jaar;2027;2813;3202;-389
1808;Mannen en Vrouwen;38 jaar;2028;2835;3253;-418
1809;Mannen en Vrouwen;38 jaar;2029;2837;3258;-421
1810;Mannen en Vrouwen;38 jaar;2030;2837;3271;-434
1811;Mannen en Vrouwen;38 jaar;2031;2832;3265;-433
1812;Mannen en Vrouwen;38 jaar;2032;2838;3275;-437
1813;Mannen en Vrouwen;38 jaar;2033;2827;3251;-424
1814;Mannen en Vrouwen;38 jaar;2034;2824;3249;-425
1815;Mannen en Vrouwen;38 jaar;2035;2831;3254;-423
1816;Mannen en Vrouwen;38 jaar;2036;2851;3275;-424
1817;Mannen en Vrouwen;38 jaar;2037;2858;3283;-425
1818;Mannen en Vrouwen;38 jaar;2038;2875;3309;-434
1819;Mannen en Vrouwen;38 jaar;2039;2872;3295;-423
1820;Mannen en Vrouwen;38 jaar;2040;2871;3292;-421
1821;Mannen en Vrouwen;38 jaar;2041;2867;3293;-426
1822;Mannen en Vrouwen;38 jaar;2042;2850;3274;-424
1823;Mannen en Vrouwen;38 jaar;2043;2830;3255;-425
1824;Mannen en Vrouwen;38 jaar;2044;2826;3252;-426
1825;Mannen en Vrouwen;38 jaar;2045;2819;3244;-425
1826;Mannen en Vrouwen;38 jaar;2046;2829;3262;-433
1827;Mannen en Vrouwen;38 jaar;2047;2830;3265;-435
1828;Mannen en Vrouwen;38 jaar;2048;2829;3270;-441
1829;Mannen en Vrouwen;38 jaar;2049;2817;3256;-439
1830;Mannen en Vrouwen;38 jaar;2050;2810;3244;-434
1831;Mannen en Vrouwen;38 jaar;2051;2799;3228;-429
1832;Mannen en Vrouwen;38 jaar;2052;2812;3248;-436
1833;Mannen en Vrouwen;38 jaar;2053;2817;3264;-447
1834;Mannen en Vrouwen;38 jaar;2054;2827;3279;-452
1835;Mannen en Vrouwen;38 jaar;2055;2836;3291;-455
1836;Mannen en Vrouwen;38 jaar;2056;2844;3303;-459
1837;Mannen en Vrouwen;38 jaar;2057;2846;3315;-469
1838;Mannen en Vrouwen;38 jaar;2058;2852;3323;-471
1839;Mannen en Vrouwen;38 jaar;2059;2855;3330;-475
1840;Mannen en Vrouwen;39 jaar;2014;2522;2384;138
1841;Mannen en Vrouwen;39 jaar;2015;2584;2380;204
1842;Mannen en Vrouwen;39 jaar;2016;2635;2449;186
1843;Mannen en Vrouwen;39 jaar;2017;2690;2552;138
1844;Mannen en Vrouwen;39 jaar;2018;2665;2620;45
1845;Mannen en Vrouwen;39 jaar;2019;2656;2719;-63
1846;Mannen en Vrouwen;39 jaar;2020;2609;2726;-117
1847;Mannen en Vrouwen;39 jaar;2021;2589;2770;-181
1848;Mannen en Vrouwen;39 jaar;2022;2583;2787;-204
1849;Mannen en Vrouwen;39 jaar;2023;2590;2850;-260
1850;Mannen en Vrouwen;39 jaar;2024;2596;2877;-281
1851;Mannen en Vrouwen;39 jaar;2025;2612;2902;-290
1852;Mannen en Vrouwen;39 jaar;2026;2613;2919;-306
1853;Mannen en Vrouwen;39 jaar;2027;2615;2955;-340
1854;Mannen en Vrouwen;39 jaar;2028;2623;2982;-359
1855;Mannen en Vrouwen;39 jaar;2029;2648;3029;-381
1856;Mannen en Vrouwen;39 jaar;2030;2649;3037;-388
1857;Mannen en Vrouwen;39 jaar;2031;2644;3047;-403
1858;Mannen en Vrouwen;39 jaar;2032;2641;3040;-399
1859;Mannen en Vrouwen;39 jaar;2033;2644;3051;-407
1860;Mannen en Vrouwen;39 jaar;2034;2638;3030;-392
1861;Mannen en Vrouwen;39 jaar;2035;2633;3028;-395
1862;Mannen en Vrouwen;39 jaar;2036;2640;3032;-392
1863;Mannen en Vrouwen;39 jaar;2037;2662;3054;-392
1864;Mannen en Vrouwen;39 jaar;2038;2670;3061;-391
1865;Mannen en Vrouwen;39 jaar;2039;2685;3085;-400
1866;Mannen en Vrouwen;39 jaar;2040;2683;3074;-391
1867;Mannen en Vrouwen;39 jaar;2041;2678;3071;-393
1868;Mannen en Vrouwen;39 jaar;2042;2678;3072;-394
1869;Mannen en Vrouwen;39 jaar;2043;2661;3053;-392
1870;Mannen en Vrouwen;39 jaar;2044;2643;3035;-392
1871;Mannen en Vrouwen;39 jaar;2045;2640;3031;-391
1872;Mannen en Vrouwen;39 jaar;2046;2632;3023;-391
1873;Mannen en Vrouwen;39 jaar;2047;2639;3042;-403
1874;Mannen en Vrouwen;39 jaar;2048;2642;3045;-403
1875;Mannen en Vrouwen;39 jaar;2049;2645;3048;-403
1876;Mannen en Vrouwen;39 jaar;2050;2632;3034;-402
1877;Mannen en Vrouwen;39 jaar;2051;2623;3025;-402
1878;Mannen en Vrouwen;39 jaar;2052;2612;3009;-397
1879;Mannen en Vrouwen;39 jaar;2053;2625;3028;-403
1880;Mannen en Vrouwen;39 jaar;2054;2634;3043;-409
1881;Mannen en Vrouwen;39 jaar;2055;2640;3057;-417
1882;Mannen en Vrouwen;39 jaar;2056;2647;3068;-421
1883;Mannen en Vrouwen;39 jaar;2057;2651;3079;-428
1884;Mannen en Vrouwen;39 jaar;2058;2659;3090;-431
1885;Mannen en Vrouwen;39 jaar;2059;2661;3098;-437
1886;Mannen en Vrouwen;40 jaar;2014;2356;2280;76
1887;Mannen en Vrouwen;40 jaar;2015;2396;2268;128
1888;Mannen en Vrouwen;40 jaar;2016;2444;2281;163
1889;Mannen en Vrouwen;40 jaar;2017;2480;2351;129
1890;Mannen en Vrouwen;40 jaar;2018;2469;2442;27
1891;Mannen en Vrouwen;40 jaar;2019;2445;2490;-45
1892;Mannen en Vrouwen;40 jaar;2020;2421;2556;-135
1893;Mannen en Vrouwen;40 jaar;2021;2418;2554;-136
1894;Mannen en Vrouwen;40 jaar;2022;2400;2597;-197
1895;Mannen en Vrouwen;40 jaar;2023;2397;2616;-219
1896;Mannen en Vrouwen;40 jaar;2024;2401;2677;-276
1897;Mannen en Vrouwen;40 jaar;2025;2411;2703;-292
1898;Mannen en Vrouwen;40 jaar;2026;2425;2726;-301
1899;Mannen en Vrouwen;40 jaar;2027;2427;2741;-314
1900;Mannen en Vrouwen;40 jaar;2028;2435;2773;-338
1901;Mannen en Vrouwen;40 jaar;2029;2439;2798;-359
1902;Mannen en Vrouwen;40 jaar;2030;2460;2845;-385
1903;Mannen en Vrouwen;40 jaar;2031;2463;2854;-391
1904;Mannen en Vrouwen;40 jaar;2032;2460;2863;-403
1905;Mannen en Vrouwen;40 jaar;2033;2457;2858;-401
1906;Mannen en Vrouwen;40 jaar;2034;2465;2868;-403
1907;Mannen en Vrouwen;40 jaar;2035;2454;2849;-395
1908;Mannen en Vrouwen;40 jaar;2036;2453;2846;-393
1909;Mannen en Vrouwen;40 jaar;2037;2459;2851;-392
1910;Mannen en Vrouwen;40 jaar;2038;2478;2871;-393
1911;Mannen en Vrouwen;40 jaar;2039;2488;2879;-391
1912;Mannen en Vrouwen;40 jaar;2040;2501;2904;-403
1913;Mannen en Vrouwen;40 jaar;2041;2498;2893;-395
1914;Mannen en Vrouwen;40 jaar;2042;2490;2890;-400
1915;Mannen en Vrouwen;40 jaar;2043;2492;2891;-399
1916;Mannen en Vrouwen;40 jaar;2044;2474;2873;-399
1917;Mannen en Vrouwen;40 jaar;2045;2461;2856;-395
1918;Mannen en Vrouwen;40 jaar;2046;2458;2854;-396
1919;Mannen en Vrouwen;40 jaar;2047;2449;2847;-398
1920;Mannen en Vrouwen;40 jaar;2048;2459;2863;-404
1921;Mannen en Vrouwen;40 jaar;2049;2458;2865;-407
1922;Mannen en Vrouwen;40 jaar;2050;2458;2869;-411
1923;Mannen en Vrouwen;40 jaar;2051;2449;2857;-408
1924;Mannen en Vrouwen;40 jaar;2052;2440;2847;-407
1925;Mannen en Vrouwen;40 jaar;2053;2429;2832;-403
1926;Mannen en Vrouwen;40 jaar;2054;2442;2851;-409
1927;Mannen en Vrouwen;40 jaar;2055;2450;2864;-414
1928;Mannen en Vrouwen;40 jaar;2056;2458;2879;-421
1929;Mannen en Vrouwen;40 jaar;2057;2463;2889;-426
1930;Mannen en Vrouwen;40 jaar;2058;2466;2900;-434
1931;Mannen en Vrouwen;40 jaar;2059;2474;2909;-435
1932;Mannen en Vrouwen;41 jaar;2014;2227;2150;77
1933;Mannen en Vrouwen;41 jaar;2015;2264;2139;125
1934;Mannen en Vrouwen;41 jaar;2016;2287;2144;143
1935;Mannen en Vrouwen;41 jaar;2017;2330;2166;164
1936;Mannen en Vrouwen;41 jaar;2018;2304;2225;79
1937;Mannen en Vrouwen;41 jaar;2019;2288;2293;-5
1938;Mannen en Vrouwen;41 jaar;2020;2253;2315;-62
1939;Mannen en Vrouwen;41 jaar;2021;2272;2368;-96
1940;Mannen en Vrouwen;41 jaar;2022;2267;2374;-107
1941;Mannen en Vrouwen;41 jaar;2023;2252;2416;-164
1942;Mannen en Vrouwen;41 jaar;2024;2245;2435;-190
1943;Mannen en Vrouwen;41 jaar;2025;2255;2492;-237
1944;Mannen en Vrouwen;41 jaar;2026;2262;2516;-254
1945;Mannen en Vrouwen;41 jaar;2027;2274;2538;-264
1946;Mannen en Vrouwen;41 jaar;2028;2276;2552;-276
1947;Mannen en Vrouwen;41 jaar;2029;2280;2579;-299
1948;Mannen en Vrouwen;41 jaar;2030;2286;2605;-319
1949;Mannen en Vrouwen;41 jaar;2031;2309;2651;-342
1950;Mannen en Vrouwen;41 jaar;2032;2311;2657;-346
1951;Mannen en Vrouwen;41 jaar;2033;2309;2666;-357
1952;Mannen en Vrouwen;41 jaar;2034;2306;2661;-355
1953;Mannen en Vrouwen;41 jaar;2035;2312;2671;-359
1954;Mannen en Vrouwen;41 jaar;2036;2304;2653;-349
1955;Mannen en Vrouwen;41 jaar;2037;2302;2651;-349
1956;Mannen en Vrouwen;41 jaar;2038;2308;2656;-348
1957;Mannen en Vrouwen;41 jaar;2039;2325;2678;-353
1958;Mannen en Vrouwen;41 jaar;2040;2333;2686;-353
1959;Mannen en Vrouwen;41 jaar;2041;2346;2709;-363
1960;Mannen en Vrouwen;41 jaar;2042;2340;2699;-359
1961;Mannen en Vrouwen;41 jaar;2043;2340;2698;-358
1962;Mannen en Vrouwen;41 jaar;2044;2338;2698;-360
1963;Mannen en Vrouwen;41 jaar;2045;2320;2682;-362
1964;Mannen en Vrouwen;41 jaar;2046;2308;2666;-358
1965;Mannen en Vrouwen;41 jaar;2047;2304;2664;-360
1966;Mannen en Vrouwen;41 jaar;2048;2298;2656;-358
1967;Mannen en Vrouwen;41 jaar;2049;2309;2673;-364
1968;Mannen en Vrouwen;41 jaar;2050;2307;2676;-369
1969;Mannen en Vrouwen;41 jaar;2051;2307;2680;-373
1970;Mannen en Vrouwen;41 jaar;2052;2298;2667;-369
1971;Mannen en Vrouwen;41 jaar;2053;2289;2660;-371
1972;Mannen en Vrouwen;41 jaar;2054;2281;2644;-363
1973;Mannen en Vrouwen;41 jaar;2055;2291;2664;-373
1974;Mannen en Vrouwen;41 jaar;2056;2298;2676;-378
1975;Mannen en Vrouwen;41 jaar;2057;2307;2689;-382
1976;Mannen en Vrouwen;41 jaar;2058;2312;2701;-389
1977;Mannen en Vrouwen;41 jaar;2059;2319;2712;-393
1978;Mannen en Vrouwen;42 jaar;2014;2161;2053;108
1979;Mannen en Vrouwen;42 jaar;2015;2164;2022;142
1980;Mannen en Vrouwen;42 jaar;2016;2190;2027;163
1981;Mannen en Vrouwen;42 jaar;2017;2213;2042;171
1982;Mannen en Vrouwen;42 jaar;2018;2196;2063;133
1983;Mannen en Vrouwen;42 jaar;2019;2170;2102;68
1984;Mannen en Vrouwen;42 jaar;2020;2148;2143;5
1985;Mannen en Vrouwen;42 jaar;2021;2148;2160;-12
1986;Mannen en Vrouwen;42 jaar;2022;2162;2214;-52
1987;Mannen en Vrouwen;42 jaar;2023;2160;2222;-62
1988;Mannen en Vrouwen;42 jaar;2024;2142;2259;-117
1989;Mannen en Vrouwen;42 jaar;2025;2138;2279;-141
1990;Mannen en Vrouwen;42 jaar;2026;2149;2330;-181
1991;Mannen en Vrouwen;42 jaar;2027;2157;2352;-195
1992;Mannen en Vrouwen;42 jaar;2028;2168;2373;-205
1993;Mannen en Vrouwen;42 jaar;2029;2174;2387;-213
1994;Mannen en Vrouwen;42 jaar;2030;2173;2414;-241
1995;Mannen en Vrouwen;42 jaar;2031;2183;2438;-255
1996;Mannen en Vrouwen;42 jaar;2032;2203;2478;-275
1997;Mannen en Vrouwen;42 jaar;2033;2206;2485;-279
1998;Mannen en Vrouwen;42 jaar;2034;2205;2493;-288
1999;Mannen en Vrouwen;42 jaar;2035;2202;2488;-286
2000;Mannen en Vrouwen;42 jaar;2036;2208;2498;-290
2001;Mannen en Vrouwen;42 jaar;2037;2197;2481;-284
2002;Mannen en Vrouwen;42 jaar;2038;2197;2480;-283
2003;Mannen en Vrouwen;42 jaar;2039;2204;2485;-281
2004;Mannen en Vrouwen;42 jaar;2040;2219;2507;-288
2005;Mannen en Vrouwen;42 jaar;2041;2228;2516;-288
2006;Mannen en Vrouwen;42 jaar;2042;2241;2536;-295
2007;Mannen en Vrouwen;42 jaar;2043;2236;2529;-293
2008;Mannen en Vrouwen;42 jaar;2044;2231;2528;-297
2009;Mannen en Vrouwen;42 jaar;2045;2232;2528;-296
2010;Mannen en Vrouwen;42 jaar;2046;2218;2512;-294
2011;Mannen en Vrouwen;42 jaar;2047;2204;2497;-293
2012;Mannen en Vrouwen;42 jaar;2048;2198;2495;-297
2013;Mannen en Vrouwen;42 jaar;2049;2194;2488;-294
2014;Mannen en Vrouwen;42 jaar;2050;2202;2505;-303
2015;Mannen en Vrouwen;42 jaar;2051;2199;2508;-309
2016;Mannen en Vrouwen;42 jaar;2052;2198;2511;-313
2017;Mannen en Vrouwen;42 jaar;2053;2190;2501;-311
2018;Mannen en Vrouwen;42 jaar;2054;2182;2492;-310
2019;Mannen en Vrouwen;42 jaar;2055;2172;2479;-307
2020;Mannen en Vrouwen;42 jaar;2056;2185;2496;-311
2021;Mannen en Vrouwen;42 jaar;2057;2191;2508;-317
2022;Mannen en Vrouwen;42 jaar;2058;2196;2521;-325
2023;Mannen en Vrouwen;42 jaar;2059;2202;2532;-330
2024;Mannen en Vrouwen;43 jaar;2014;2051;1996;55
2025;Mannen en Vrouwen;43 jaar;2015;2071;1968;103
2026;Mannen en Vrouwen;43 jaar;2016;2069;1949;120
2027;Mannen en Vrouwen;43 jaar;2017;2094;1960;134
2028;Mannen en Vrouwen;43 jaar;2018;2063;1968;95
2029;Mannen en Vrouwen;43 jaar;2019;2046;1977;69
2030;Mannen en Vrouwen;43 jaar;2020;2011;1993;18
2031;Mannen en Vrouwen;43 jaar;2021;2018;2023;-5
2032;Mannen en Vrouwen;43 jaar;2022;2018;2043;-25
2033;Mannen en Vrouwen;43 jaar;2023;2036;2093;-57
2034;Mannen en Vrouwen;43 jaar;2024;2026;2101;-75
2035;Mannen en Vrouwen;43 jaar;2025;2013;2133;-120
2036;Mannen en Vrouwen;43 jaar;2026;2013;2150;-137
2037;Mannen en Vrouwen;43 jaar;2027;2022;2196;-174
2038;Mannen en Vrouwen;43 jaar;2028;2028;2217;-189
2039;Mannen en Vrouwen;43 jaar;2029;2039;2237;-198
2040;Mannen en Vrouwen;43 jaar;2030;2044;2252;-208
2041;Mannen en Vrouwen;43 jaar;2031;2041;2275;-234
2042;Mannen en Vrouwen;43 jaar;2032;2054;2297;-243
2043;Mannen en Vrouwen;43 jaar;2033;2072;2336;-264
2044;Mannen en Vrouwen;43 jaar;2034;2079;2342;-263
2045;Mannen en Vrouwen;43 jaar;2035;2077;2349;-272
2046;Mannen en Vrouwen;43 jaar;2036;2071;2344;-273
2047;Mannen en Vrouwen;43 jaar;2037;2079;2353;-274
2048;Mannen en Vrouwen;43 jaar;2038;2067;2338;-271
2049;Mannen en Vrouwen;43 jaar;2039;2066;2336;-270
2050;Mannen en Vrouwen;43 jaar;2040;2075;2341;-266
2051;Mannen en Vrouwen;43 jaar;2041;2090;2362;-272
2052;Mannen en Vrouwen;43 jaar;2042;2093;2369;-276
2053;Mannen en Vrouwen;43 jaar;2043;2110;2390;-280
2054;Mannen en Vrouwen;43 jaar;2044;2106;2383;-277
2055;Mannen en Vrouwen;43 jaar;2045;2106;2381;-275
2056;Mannen en Vrouwen;43 jaar;2046;2099;2382;-283
2057;Mannen en Vrouwen;43 jaar;2047;2086;2367;-281
2058;Mannen en Vrouwen;43 jaar;2048;2077;2352;-275
2059;Mannen en Vrouwen;43 jaar;2049;2075;2350;-275
2060;Mannen en Vrouwen;43 jaar;2050;2064;2343;-279
2061;Mannen en Vrouwen;43 jaar;2051;2072;2360;-288
2062;Mannen en Vrouwen;43 jaar;2052;2071;2362;-291
2063;Mannen en Vrouwen;43 jaar;2053;2072;2364;-292
2064;Mannen en Vrouwen;43 jaar;2054;2064;2353;-289
2065;Mannen en Vrouwen;43 jaar;2055;2058;2346;-288
2066;Mannen en Vrouwen;43 jaar;2056;2048;2333;-285
2067;Mannen en Vrouwen;43 jaar;2057;2057;2350;-293
2068;Mannen en Vrouwen;43 jaar;2058;2064;2362;-298
2069;Mannen en Vrouwen;43 jaar;2059;2070;2374;-304
2070;Mannen en Vrouwen;44 jaar;2014;1880;1975;-95
2071;Mannen en Vrouwen;44 jaar;2015;1896;1921;-25
2072;Mannen en Vrouwen;44 jaar;2016;1909;1906;3
2073;Mannen en Vrouwen;44 jaar;2017;1904;1892;12
2074;Mannen en Vrouwen;44 jaar;2018;1878;1899;-21
2075;Mannen en Vrouwen;44 jaar;2019;1853;1892;-39
2076;Mannen en Vrouwen;44 jaar;2020;1826;1879;-53
2077;Mannen en Vrouwen;44 jaar;2021;1824;1886;-62
2078;Mannen en Vrouwen;44 jaar;2022;1829;1915;-86
2079;Mannen en Vrouwen;44 jaar;2023;1830;1932;-102
2080;Mannen en Vrouwen;44 jaar;2024;1843;1980;-137
2081;Mannen en Vrouwen;44 jaar;2025;1839;1986;-147
2082;Mannen en Vrouwen;44 jaar;2026;1826;2012;-186
2083;Mannen en Vrouwen;44 jaar;2027;1822;2027;-205
2084;Mannen en Vrouwen;44 jaar;2028;1829;2068;-239
2085;Mannen en Vrouwen;44 jaar;2029;1835;2086;-251
2086;Mannen en Vrouwen;44 jaar;2030;1850;2107;-257
2087;Mannen en Vrouwen;44 jaar;2031;1856;2119;-263
2088;Mannen en Vrouwen;44 jaar;2032;1862;2139;-277
2089;Mannen en Vrouwen;44 jaar;2033;1866;2159;-293
2090;Mannen en Vrouwen;44 jaar;2034;1888;2194;-306
2091;Mannen en Vrouwen;44 jaar;2035;1892;2201;-309
2092;Mannen en Vrouwen;44 jaar;2036;1887;2207;-320
2093;Mannen en Vrouwen;44 jaar;2037;1888;2202;-314
2094;Mannen en Vrouwen;44 jaar;2038;1888;2209;-321
2095;Mannen en Vrouwen;44 jaar;2039;1885;2195;-310
2096;Mannen en Vrouwen;44 jaar;2040;1884;2195;-311
2097;Mannen en Vrouwen;44 jaar;2041;1891;2200;-309
2098;Mannen en Vrouwen;44 jaar;2042;1906;2219;-313
2099;Mannen en Vrouwen;44 jaar;2043;1913;2227;-314
2100;Mannen en Vrouwen;44 jaar;2044;1926;2245;-319
2101;Mannen en Vrouwen;44 jaar;2045;1921;2238;-317
2102;Mannen en Vrouwen;44 jaar;2046;1920;2236;-316
2103;Mannen en Vrouwen;44 jaar;2047;1917;2237;-320
2104;Mannen en Vrouwen;44 jaar;2048;1906;2224;-318
2105;Mannen en Vrouwen;44 jaar;2049;1893;2209;-316
2106;Mannen en Vrouwen;44 jaar;2050;1889;2207;-318
2107;Mannen en Vrouwen;44 jaar;2051;1882;2201;-319
2108;Mannen en Vrouwen;44 jaar;2052;1888;2214;-326
2109;Mannen en Vrouwen;44 jaar;2053;1890;2217;-327
2110;Mannen en Vrouwen;44 jaar;2054;1889;2220;-331
2111;Mannen en Vrouwen;44 jaar;2055;1882;2209;-327
2112;Mannen en Vrouwen;44 jaar;2056;1874;2203;-329
2113;Mannen en Vrouwen;44 jaar;2057;1864;2190;-326
2114;Mannen en Vrouwen;44 jaar;2058;1875;2205;-330
2115;Mannen en Vrouwen;44 jaar;2059;1879;2217;-338
2116;Mannen en Vrouwen;45 jaar;2014;1738;1859;-121
2117;Mannen en Vrouwen;45 jaar;2015;1755;1885;-130
2118;Mannen en Vrouwen;45 jaar;2016;1763;1847;-84
2119;Mannen en Vrouwen;45 jaar;2017;1770;1838;-68
2120;Mannen en Vrouwen;45 jaar;2018;1724;1822;-98
2121;Mannen en Vrouwen;45 jaar;2019;1698;1813;-115
2122;Mannen en Vrouwen;45 jaar;2020;1664;1787;-123
2123;Mannen en Vrouwen;45 jaar;2021;1666;1766;-100
2124;Mannen en Vrouwen;45 jaar;2022;1664;1776;-112
2125;Mannen en Vrouwen;45 jaar;2023;1671;1801;-130
2126;Mannen en Vrouwen;45 jaar;2024;1669;1818;-149
2127;Mannen en Vrouwen;45 jaar;2025;1685;1860;-175
2128;Mannen en Vrouwen;45 jaar;2026;1684;1865;-181
2129;Mannen en Vrouwen;45 jaar;2027;1672;1887;-215
2130;Mannen en Vrouwen;45 jaar;2028;1671;1898;-227
2131;Mannen en Vrouwen;45 jaar;2029;1674;1934;-260
2132;Mannen en Vrouwen;45 jaar;2030;1680;1954;-274
2133;Mannen en Vrouwen;45 jaar;2031;1691;1973;-282
2134;Mannen en Vrouwen;45 jaar;2032;1696;1983;-287
2135;Mannen en Vrouwen;45 jaar;2033;1695;2002;-307
2136;Mannen en Vrouwen;45 jaar;2034;1705;2020;-315
2137;Mannen en Vrouwen;45 jaar;2035;1723;2053;-330
2138;Mannen en Vrouwen;45 jaar;2036;1727;2059;-332
2139;Mannen en Vrouwen;45 jaar;2037;1726;2065;-339
2140;Mannen en Vrouwen;45 jaar;2038;1727;2060;-333
2141;Mannen en Vrouwen;45 jaar;2039;1730;2069;-339
2142;Mannen en Vrouwen;45 jaar;2040;1723;2056;-333
2143;Mannen en Vrouwen;45 jaar;2041;1718;2055;-337
2144;Mannen en Vrouwen;45 jaar;2042;1725;2060;-335
2145;Mannen en Vrouwen;45 jaar;2043;1743;2080;-337
2146;Mannen en Vrouwen;45 jaar;2044;1748;2086;-338
2147;Mannen en Vrouwen;45 jaar;2045;1761;2104;-343
2148;Mannen en Vrouwen;45 jaar;2046;1759;2099;-340
2149;Mannen en Vrouwen;45 jaar;2047;1755;2097;-342
2150;Mannen en Vrouwen;45 jaar;2048;1755;2098;-343
2151;Mannen en Vrouwen;45 jaar;2049;1744;2084;-340
2152;Mannen en Vrouwen;45 jaar;2050;1728;2073;-345
2153;Mannen en Vrouwen;45 jaar;2051;1724;2071;-347
2154;Mannen en Vrouwen;45 jaar;2052;1719;2067;-348
2155;Mannen en Vrouwen;45 jaar;2053;1725;2080;-355
2156;Mannen en Vrouwen;45 jaar;2054;1726;2082;-356
2157;Mannen en Vrouwen;45 jaar;2055;1724;2084;-360
2158;Mannen en Vrouwen;45 jaar;2056;1716;2075;-359
2159;Mannen en Vrouwen;45 jaar;2057;1712;2068;-356
2160;Mannen en Vrouwen;45 jaar;2058;1700;2059;-359
2161;Mannen en Vrouwen;45 jaar;2059;1709;2073;-364
2162;Mannen en Vrouwen;46 jaar;2014;1591;1735;-144
2163;Mannen en Vrouwen;46 jaar;2015;1641;1758;-117
2164;Mannen en Vrouwen;46 jaar;2016;1649;1791;-142
2165;Mannen en Vrouwen;46 jaar;2017;1657;1765;-108
2166;Mannen en Vrouwen;46 jaar;2018;1630;1754;-124
2167;Mannen en Vrouwen;46 jaar;2019;1586;1726;-140
2168;Mannen en Vrouwen;46 jaar;2020;1556;1702;-146
2169;Mannen en Vrouwen;46 jaar;2021;1547;1667;-120
2170;Mannen en Vrouwen;46 jaar;2022;1542;1653;-111
2171;Mannen en Vrouwen;46 jaar;2023;1542;1664;-122
2172;Mannen en Vrouwen;46 jaar;2024;1546;1688;-142
2173;Mannen en Vrouwen;46 jaar;2025;1548;1703;-155
2174;Mannen en Vrouwen;46 jaar;2026;1561;1740;-179
2175;Mannen en Vrouwen;46 jaar;2027;1560;1742;-182
2176;Mannen en Vrouwen;46 jaar;2028;1546;1760;-214
2177;Mannen en Vrouwen;46 jaar;2029;1545;1768;-223
2178;Mannen en Vrouwen;46 jaar;2030;1555;1805;-250
2179;Mannen en Vrouwen;46 jaar;2031;1564;1823;-259
2180;Mannen en Vrouwen;46 jaar;2032;1573;1840;-267
2181;Mannen en Vrouwen;46 jaar;2033;1574;1850;-276
2182;Mannen en Vrouwen;46 jaar;2034;1580;1868;-288
2183;Mannen en Vrouwen;46 jaar;2035;1588;1884;-296
2184;Mannen en Vrouwen;46 jaar;2036;1607;1916;-309
2185;Mannen en Vrouwen;46 jaar;2037;1606;1921;-315
2186;Mannen en Vrouwen;46 jaar;2038;1608;1928;-320
2187;Mannen en Vrouwen;46 jaar;2039;1607;1923;-316
2188;Mannen en Vrouwen;46 jaar;2040;1612;1932;-320
2189;Mannen en Vrouwen;46 jaar;2041;1605;1920;-315
2190;Mannen en Vrouwen;46 jaar;2042;1602;1921;-319
2191;Mannen en Vrouwen;46 jaar;2043;1609;1927;-318
2192;Mannen en Vrouwen;46 jaar;2044;1625;1945;-320
2193;Mannen en Vrouwen;46 jaar;2045;1633;1953;-320
2194;Mannen en Vrouwen;46 jaar;2046;1645;1972;-327
2195;Mannen en Vrouwen;46 jaar;2047;1640;1965;-325
2196;Mannen en Vrouwen;46 jaar;2048;1638;1964;-326
2197;Mannen en Vrouwen;46 jaar;2049;1639;1966;-327
2198;Mannen en Vrouwen;46 jaar;2050;1627;1954;-327
2199;Mannen en Vrouwen;46 jaar;2051;1615;1943;-328
2200;Mannen en Vrouwen;46 jaar;2052;1609;1942;-333
2201;Mannen en Vrouwen;46 jaar;2053;1604;1937;-333
2202;Mannen en Vrouwen;46 jaar;2054;1611;1950;-339
2203;Mannen en Vrouwen;46 jaar;2055;1611;1952;-341
2204;Mannen en Vrouwen;46 jaar;2056;1609;1955;-346
2205;Mannen en Vrouwen;46 jaar;2057;1602;1948;-346
2206;Mannen en Vrouwen;46 jaar;2058;1598;1942;-344
2207;Mannen en Vrouwen;46 jaar;2059;1587;1932;-345
2208;Mannen en Vrouwen;47 jaar;2014;1488;1574;-86
2209;Mannen en Vrouwen;47 jaar;2015;1514;1632;-118
2210;Mannen en Vrouwen;47 jaar;2016;1557;1662;-105
2211;Mannen en Vrouwen;47 jaar;2017;1568;1702;-134
2212;Mannen en Vrouwen;47 jaar;2018;1540;1676;-136
2213;Mannen en Vrouwen;47 jaar;2019;1511;1656;-145
2214;Mannen en Vrouwen;47 jaar;2020;1463;1616;-153
2215;Mannen en Vrouwen;47 jaar;2021;1452;1591;-139
2216;Mannen en Vrouwen;47 jaar;2022;1441;1562;-121
2217;Mannen en Vrouwen;47 jaar;2023;1443;1552;-109
2218;Mannen en Vrouwen;47 jaar;2024;1435;1564;-129
2219;Mannen en Vrouwen;47 jaar;2025;1442;1586;-144
2220;Mannen en Vrouwen;47 jaar;2026;1445;1601;-156
2221;Mannen en Vrouwen;47 jaar;2027;1461;1634;-173
2222;Mannen en Vrouwen;47 jaar;2028;1455;1637;-182
2223;Mannen en Vrouwen;47 jaar;2029;1442;1650;-208
2224;Mannen en Vrouwen;47 jaar;2030;1444;1664;-220
2225;Mannen en Vrouwen;47 jaar;2031;1450;1696;-246
2226;Mannen en Vrouwen;47 jaar;2032;1453;1713;-260
2227;Mannen en Vrouwen;47 jaar;2033;1469;1731;-262
2228;Mannen en Vrouwen;47 jaar;2034;1475;1740;-265
2229;Mannen en Vrouwen;47 jaar;2035;1477;1757;-280
2230;Mannen en Vrouwen;47 jaar;2036;1484;1772;-288
2231;Mannen en Vrouwen;47 jaar;2037;1501;1801;-300
2232;Mannen en Vrouwen;47 jaar;2038;1505;1808;-303
2233;Mannen en Vrouwen;47 jaar;2039;1504;1813;-309
2234;Mannen en Vrouwen;47 jaar;2040;1503;1809;-306
2235;Mannen en Vrouwen;47 jaar;2041;1506;1818;-312
2236;Mannen en Vrouwen;47 jaar;2042;1498;1809;-311
2237;Mannen en Vrouwen;47 jaar;2043;1499;1810;-311
2238;Mannen en Vrouwen;47 jaar;2044;1506;1817;-311
2239;Mannen en Vrouwen;47 jaar;2045;1523;1835;-312
2240;Mannen en Vrouwen;47 jaar;2046;1526;1843;-317
2241;Mannen en Vrouwen;47 jaar;2047;1535;1860;-325
2242;Mannen en Vrouwen;47 jaar;2048;1532;1855;-323
2243;Mannen en Vrouwen;47 jaar;2049;1531;1855;-324
2244;Mannen en Vrouwen;47 jaar;2050;1528;1856;-328
2245;Mannen en Vrouwen;47 jaar;2051;1520;1847;-327
2246;Mannen en Vrouwen;47 jaar;2052;1507;1837;-330
2247;Mannen en Vrouwen;47 jaar;2053;1503;1836;-333
2248;Mannen en Vrouwen;47 jaar;2054;1498;1833;-335
2249;Mannen en Vrouwen;47 jaar;2055;1503;1844;-341
2250;Mannen en Vrouwen;47 jaar;2056;1504;1848;-344
2251;Mannen en Vrouwen;47 jaar;2057;1504;1851;-347
2252;Mannen en Vrouwen;47 jaar;2058;1497;1844;-347
2253;Mannen en Vrouwen;47 jaar;2059;1490;1839;-349
2254;Mannen en Vrouwen;48 jaar;2014;1398;1520;-122
2255;Mannen en Vrouwen;48 jaar;2015;1425;1511;-86
2256;Mannen en Vrouwen;48 jaar;2016;1446;1572;-126
2257;Mannen en Vrouwen;48 jaar;2017;1482;1609;-127
2258;Mannen en Vrouwen;48 jaar;2018;1463;1644;-181
2259;Mannen en Vrouwen;48 jaar;2019;1436;1615;-179
2260;Mannen en Vrouwen;48 jaar;2020;1403;1583;-180
2261;Mannen en Vrouwen;48 jaar;2021;1379;1539;-160
2262;Mannen en Vrouwen;48 jaar;2022;1365;1520;-155
2263;Mannen en Vrouwen;48 jaar;2023;1352;1496;-144
2264;Mannen en Vrouwen;48 jaar;2024;1353;1490;-137
2265;Mannen en Vrouwen;48 jaar;2025;1351;1502;-151
2266;Mannen en Vrouwen;48 jaar;2026;1361;1523;-162
2267;Mannen en Vrouwen;48 jaar;2027;1362;1537;-175
2268;Mannen en Vrouwen;48 jaar;2028;1376;1570;-194
2269;Mannen en Vrouwen;48 jaar;2029;1371;1572;-201
2270;Mannen en Vrouwen;48 jaar;2030;1363;1589;-226
2271;Mannen en Vrouwen;48 jaar;2031;1360;1601;-241
2272;Mannen en Vrouwen;48 jaar;2032;1369;1632;-263
2273;Mannen en Vrouwen;48 jaar;2033;1372;1648;-276
2274;Mannen en Vrouwen;48 jaar;2034;1383;1664;-281
2275;Mannen en Vrouwen;48 jaar;2035;1385;1675;-290
2276;Mannen en Vrouwen;48 jaar;2036;1391;1692;-301
2277;Mannen en Vrouwen;48 jaar;2037;1395;1707;-312
2278;Mannen en Vrouwen;48 jaar;2038;1417;1735;-318
2279;Mannen en Vrouwen;48 jaar;2039;1418;1742;-324
2280;Mannen en Vrouwen;48 jaar;2040;1417;1745;-328
2281;Mannen en Vrouwen;48 jaar;2041;1413;1744;-331
2282;Mannen en Vrouwen;48 jaar;2042;1418;1753;-335
2283;Mannen en Vrouwen;48 jaar;2043;1411;1745;-334
2284;Mannen en Vrouwen;48 jaar;2044;1411;1746;-335
2285;Mannen en Vrouwen;48 jaar;2045;1419;1753;-334
2286;Mannen en Vrouwen;48 jaar;2046;1432;1771;-339
2287;Mannen en Vrouwen;48 jaar;2047;1434;1779;-345
2288;Mannen en Vrouwen;48 jaar;2048;1445;1797;-352
2289;Mannen en Vrouwen;48 jaar;2049;1442;1793;-351
2290;Mannen en Vrouwen;48 jaar;2050;1442;1794;-352
2291;Mannen en Vrouwen;48 jaar;2051;1440;1795;-355
2292;Mannen en Vrouwen;48 jaar;2052;1431;1786;-355
2293;Mannen en Vrouwen;48 jaar;2053;1418;1777;-359
2294;Mannen en Vrouwen;48 jaar;2054;1418;1777;-359
2295;Mannen en Vrouwen;48 jaar;2055;1412;1773;-361
2296;Mannen en Vrouwen;48 jaar;2056;1418;1785;-367
2297;Mannen en Vrouwen;48 jaar;2057;1418;1788;-370
2298;Mannen en Vrouwen;48 jaar;2058;1416;1792;-376
2299;Mannen en Vrouwen;48 jaar;2059;1409;1785;-376
2300;Mannen en Vrouwen;49 jaar;2014;1318;1500;-182
2301;Mannen en Vrouwen;49 jaar;2015;1336;1474;-138
2302;Mannen en Vrouwen;49 jaar;2016;1353;1475;-122
2303;Mannen en Vrouwen;49 jaar;2017;1372;1537;-165
2304;Mannen en Vrouwen;49 jaar;2018;1379;1574;-195
2305;Mannen en Vrouwen;49 jaar;2019;1359;1597;-238
2306;Mannen en Vrouwen;49 jaar;2020;1330;1555;-225
2307;Mannen en Vrouwen;49 jaar;2021;1313;1516;-203
2308;Mannen en Vrouwen;49 jaar;2022;1289;1477;-188
2309;Mannen en Vrouwen;49 jaar;2023;1278;1458;-180
2310;Mannen en Vrouwen;49 jaar;2024;1265;1436;-171
2311;Mannen en Vrouwen;49 jaar;2025;1264;1432;-168
2312;Mannen en Vrouwen;49 jaar;2026;1264;1442;-178
2313;Mannen en Vrouwen;49 jaar;2027;1272;1461;-189
2314;Mannen en Vrouwen;49 jaar;2028;1272;1474;-202
2315;Mannen en Vrouwen;49 jaar;2029;1283;1503;-220
2316;Mannen en Vrouwen;49 jaar;2030;1281;1508;-227
2317;Mannen en Vrouwen;49 jaar;2031;1273;1521;-248
2318;Mannen en Vrouwen;49 jaar;2032;1273;1532;-259
2319;Mannen en Vrouwen;49 jaar;2033;1279;1561;-282
2320;Mannen en Vrouwen;49 jaar;2034;1284;1578;-294
2321;Mannen en Vrouwen;49 jaar;2035;1293;1594;-301
2322;Mannen en Vrouwen;49 jaar;2036;1297;1603;-306
2323;Mannen en Vrouwen;49 jaar;2037;1300;1617;-317
2324;Mannen en Vrouwen;49 jaar;2038;1305;1631;-326
2325;Mannen en Vrouwen;49 jaar;2039;1320;1659;-339
2326;Mannen en Vrouwen;49 jaar;2040;1327;1665;-338
2327;Mannen en Vrouwen;49 jaar;2041;1327;1669;-342
2328;Mannen en Vrouwen;49 jaar;2042;1324;1667;-343
2329;Mannen en Vrouwen;49 jaar;2043;1328;1676;-348
2330;Mannen en Vrouwen;49 jaar;2044;1324;1668;-344
2331;Mannen en Vrouwen;49 jaar;2045;1322;1668;-346
2332;Mannen en Vrouwen;49 jaar;2046;1327;1676;-349
2333;Mannen en Vrouwen;49 jaar;2047;1340;1694;-354
2334;Mannen en Vrouwen;49 jaar;2048;1346;1702;-356
2335;Mannen en Vrouwen;49 jaar;2049;1356;1719;-363
2336;Mannen en Vrouwen;49 jaar;2050;1352;1715;-363
2337;Mannen en Vrouwen;49 jaar;2051;1351;1715;-364
2338;Mannen en Vrouwen;49 jaar;2052;1348;1717;-369
2339;Mannen en Vrouwen;49 jaar;2053;1339;1707;-368
2340;Mannen en Vrouwen;49 jaar;2054;1330;1697;-367
2341;Mannen en Vrouwen;49 jaar;2055;1328;1697;-369
2342;Mannen en Vrouwen;49 jaar;2056;1324;1693;-369
2343;Mannen en Vrouwen;49 jaar;2057;1329;1705;-376
2344;Mannen en Vrouwen;49 jaar;2058;1328;1708;-380
2345;Mannen en Vrouwen;49 jaar;2059;1329;1712;-383
2346;Mannen en Vrouwen;50 jaar;2014;1225;1463;-238
2347;Mannen en Vrouwen;50 jaar;2015;1239;1454;-215
2348;Mannen en Vrouwen;50 jaar;2016;1249;1440;-191
2349;Mannen en Vrouwen;50 jaar;2017;1267;1448;-181
2350;Mannen en Vrouwen;50 jaar;2018;1258;1509;-251
2351;Mannen en Vrouwen;50 jaar;2019;1263;1541;-278
2352;Mannen en Vrouwen;50 jaar;2020;1242;1546;-304
2353;Mannen en Vrouwen;50 jaar;2021;1228;1498;-270
2354;Mannen en Vrouwen;50 jaar;2022;1215;1464;-249
2355;Mannen en Vrouwen;50 jaar;2023;1189;1424;-235
2356;Mannen en Vrouwen;50 jaar;2024;1178;1407;-229
2357;Mannen en Vrouwen;50 jaar;2025;1168;1386;-218
2358;Mannen en Vrouwen;50 jaar;2026;1169;1381;-212
2359;Mannen en Vrouwen;50 jaar;2027;1167;1390;-223
2360;Mannen en Vrouwen;50 jaar;2028;1176;1408;-232
2361;Mannen en Vrouwen;50 jaar;2029;1177;1418;-241
2362;Mannen en Vrouwen;50 jaar;2030;1190;1450;-260
2363;Mannen en Vrouwen;50 jaar;2031;1185;1454;-269
2364;Mannen en Vrouwen;50 jaar;2032;1180;1465;-285
2365;Mannen en Vrouwen;50 jaar;2033;1179;1474;-295
2366;Mannen en Vrouwen;50 jaar;2034;1187;1503;-316
2367;Mannen en Vrouwen;50 jaar;2035;1192;1518;-326
2368;Mannen en Vrouwen;50 jaar;2036;1203;1533;-330
2369;Mannen en Vrouwen;50 jaar;2037;1205;1542;-337
2370;Mannen en Vrouwen;50 jaar;2038;1208;1553;-345
2371;Mannen en Vrouwen;50 jaar;2039;1212;1566;-354
2372;Mannen en Vrouwen;50 jaar;2040;1232;1592;-360
2373;Mannen en Vrouwen;50 jaar;2041;1233;1598;-365
2374;Mannen en Vrouwen;50 jaar;2042;1235;1601;-366
2375;Mannen en Vrouwen;50 jaar;2043;1230;1600;-370
2376;Mannen en Vrouwen;50 jaar;2044;1237;1609;-372
2377;Mannen en Vrouwen;50 jaar;2045;1231;1600;-369
2378;Mannen en Vrouwen;50 jaar;2046;1231;1602;-371
2379;Mannen en Vrouwen;50 jaar;2047;1237;1609;-372
2380;Mannen en Vrouwen;50 jaar;2048;1249;1626;-377
2381;Mannen en Vrouwen;50 jaar;2049;1256;1633;-377
2382;Mannen en Vrouwen;50 jaar;2050;1265;1651;-386
2383;Mannen en Vrouwen;50 jaar;2051;1260;1647;-387
2384;Mannen en Vrouwen;50 jaar;2052;1257;1647;-390
2385;Mannen en Vrouwen;50 jaar;2053;1257;1648;-391
2386;Mannen en Vrouwen;50 jaar;2054;1250;1637;-387
2387;Mannen en Vrouwen;50 jaar;2055;1239;1629;-390
2388;Mannen en Vrouwen;50 jaar;2056;1234;1628;-394
2389;Mannen en Vrouwen;50 jaar;2057;1231;1625;-394
2390;Mannen en Vrouwen;50 jaar;2058;1236;1636;-400
2391;Mannen en Vrouwen;50 jaar;2059;1233;1638;-405
2392;Mannen en Vrouwen;51 jaar;2014;1129;1335;-206
2393;Mannen en Vrouwen;51 jaar;2015;1151;1394;-243
2394;Mannen en Vrouwen;51 jaar;2016;1158;1396;-238
2395;Mannen en Vrouwen;51 jaar;2017;1169;1391;-222
2396;Mannen en Vrouwen;51 jaar;2018;1159;1401;-242
2397;Mannen en Vrouwen;51 jaar;2019;1156;1450;-294
2398;Mannen en Vrouwen;51 jaar;2020;1153;1468;-315
2399;Mannen en Vrouwen;51 jaar;2021;1149;1466;-317
2400;Mannen en Vrouwen;51 jaar;2022;1131;1425;-294
2401;Mannen en Vrouwen;51 jaar;2023;1119;1395;-276
2402;Mannen en Vrouwen;51 jaar;2024;1095;1356;-261
2403;Mannen en Vrouwen;51 jaar;2025;1086;1342;-256
2404;Mannen en Vrouwen;51 jaar;2026;1074;1324;-250
2405;Mannen en Vrouwen;51 jaar;2027;1077;1319;-242
2406;Mannen en Vrouwen;51 jaar;2028;1075;1327;-252
2407;Mannen en Vrouwen;51 jaar;2029;1083;1344;-261
2408;Mannen en Vrouwen;51 jaar;2030;1084;1357;-273
2409;Mannen en Vrouwen;51 jaar;2031;1094;1388;-294
2410;Mannen en Vrouwen;51 jaar;2032;1097;1390;-293
2411;Mannen en Vrouwen;51 jaar;2033;1090;1401;-311
2412;Mannen en Vrouwen;51 jaar;2034;1086;1409;-323
2413;Mannen en Vrouwen;51 jaar;2035;1092;1436;-344
2414;Mannen en Vrouwen;51 jaar;2036;1101;1451;-350
2415;Mannen en Vrouwen;51 jaar;2037;1111;1467;-356
2416;Mannen en Vrouwen;51 jaar;2038;1113;1475;-362
2417;Mannen en Vrouwen;51 jaar;2039;1115;1487;-372
2418;Mannen en Vrouwen;51 jaar;2040;1119;1501;-382
2419;Mannen en Vrouwen;51 jaar;2041;1137;1527;-390
2420;Mannen en Vrouwen;51 jaar;2042;1138;1532;-394
2421;Mannen en Vrouwen;51 jaar;2043;1137;1535;-398
2422;Mannen en Vrouwen;51 jaar;2044;1135;1534;-399
2423;Mannen en Vrouwen;51 jaar;2045;1139;1543;-404
2424;Mannen en Vrouwen;51 jaar;2046;1135;1534;-399
2425;Mannen en Vrouwen;51 jaar;2047;1134;1536;-402
2426;Mannen en Vrouwen;51 jaar;2048;1142;1542;-400
2427;Mannen en Vrouwen;51 jaar;2049;1155;1560;-405
2428;Mannen en Vrouwen;51 jaar;2050;1157;1569;-412
2429;Mannen en Vrouwen;51 jaar;2051;1168;1586;-418
2430;Mannen en Vrouwen;51 jaar;2052;1166;1581;-415
2431;Mannen en Vrouwen;51 jaar;2053;1163;1582;-419
2432;Mannen en Vrouwen;51 jaar;2054;1163;1583;-420
2433;Mannen en Vrouwen;51 jaar;2055;1151;1573;-422
2434;Mannen en Vrouwen;51 jaar;2056;1141;1563;-422
2435;Mannen en Vrouwen;51 jaar;2057;1138;1563;-425
2436;Mannen en Vrouwen;51 jaar;2058;1136;1559;-423
2437;Mannen en Vrouwen;51 jaar;2059;1139;1570;-431
2438;Mannen en Vrouwen;52 jaar;2014;1035;1258;-223
2439;Mannen en Vrouwen;52 jaar;2015;1055;1280;-225
2440;Mannen en Vrouwen;52 jaar;2016;1071;1345;-274
2441;Mannen en Vrouwen;52 jaar;2017;1079;1355;-276
2442;Mannen en Vrouwen;52 jaar;2018;1066;1350;-284
2443;Mannen en Vrouwen;52 jaar;2019;1062;1355;-293
2444;Mannen en Vrouwen;52 jaar;2020;1048;1388;-340
2445;Mannen en Vrouwen;52 jaar;2021;1061;1401;-340
2446;Mannen en Vrouwen;52 jaar;2022;1052;1401;-349
2447;Mannen en Vrouwen;52 jaar;2023;1041;1362;-321
2448;Mannen en Vrouwen;52 jaar;2024;1023;1334;-311
2449;Mannen en Vrouwen;52 jaar;2025;1005;1297;-292
2450;Mannen en Vrouwen;52 jaar;2026;998;1285;-287
2451;Mannen en Vrouwen;52 jaar;2027;989;1265;-276
2452;Mannen en Vrouwen;52 jaar;2028;992;1260;-268
2453;Mannen en Vrouwen;52 jaar;2029;989;1266;-277
2454;Mannen en Vrouwen;52 jaar;2030;997;1287;-290
2455;Mannen en Vrouwen;52 jaar;2031;995;1299;-304
2456;Mannen en Vrouwen;52 jaar;2032;1012;1326;-314
2457;Mannen en Vrouwen;52 jaar;2033;1008;1330;-322
2458;Mannen en Vrouwen;52 jaar;2034;1001;1339;-338
2459;Mannen en Vrouwen;52 jaar;2035;1001;1347;-346
2460;Mannen en Vrouwen;52 jaar;2036;1009;1372;-363
2461;Mannen en Vrouwen;52 jaar;2037;1015;1386;-371
2462;Mannen en Vrouwen;52 jaar;2038;1023;1402;-379
2463;Mannen en Vrouwen;52 jaar;2039;1028;1411;-383
2464;Mannen en Vrouwen;52 jaar;2040;1027;1422;-395
2465;Mannen en Vrouwen;52 jaar;2041;1033;1435;-402
2466;Mannen en Vrouwen;52 jaar;2042;1049;1459;-410
2467;Mannen en Vrouwen;52 jaar;2043;1049;1465;-416
2468;Mannen en Vrouwen;52 jaar;2044;1052;1469;-417
2469;Mannen en Vrouwen;52 jaar;2045;1052;1467;-415
2470;Mannen en Vrouwen;52 jaar;2046;1056;1475;-419
2471;Mannen en Vrouwen;52 jaar;2047;1050;1467;-417
2472;Mannen en Vrouwen;52 jaar;2048;1049;1470;-421
2473;Mannen en Vrouwen;52 jaar;2049;1054;1476;-422
2474;Mannen en Vrouwen;52 jaar;2050;1065;1494;-429
2475;Mannen en Vrouwen;52 jaar;2051;1071;1502;-431
2476;Mannen en Vrouwen;52 jaar;2052;1079;1519;-440
2477;Mannen en Vrouwen;52 jaar;2053;1076;1516;-440
2478;Mannen en Vrouwen;52 jaar;2054;1076;1515;-439
2479;Mannen en Vrouwen;52 jaar;2055;1076;1517;-441
2480;Mannen en Vrouwen;52 jaar;2056;1065;1507;-442
2481;Mannen en Vrouwen;52 jaar;2057;1054;1497;-443
2482;Mannen en Vrouwen;52 jaar;2058;1053;1497;-444
2483;Mannen en Vrouwen;52 jaar;2059;1050;1493;-443
2484;Mannen en Vrouwen;53 jaar;2014;946;1149;-203
2485;Mannen en Vrouwen;53 jaar;2015;958;1198;-240
2486;Mannen en Vrouwen;53 jaar;2016;976;1227;-251
2487;Mannen en Vrouwen;53 jaar;2017;992;1294;-302
2488;Mannen en Vrouwen;53 jaar;2018;978;1305;-327
2489;Mannen en Vrouwen;53 jaar;2019;967;1294;-327
2490;Mannen en Vrouwen;53 jaar;2020;956;1284;-328
2491;Mannen en Vrouwen;53 jaar;2021;956;1307;-351
2492;Mannen en Vrouwen;53 jaar;2022;969;1322;-353
2493;Mannen en Vrouwen;53 jaar;2023;962;1322;-360
2494;Mannen en Vrouwen;53 jaar;2024;951;1285;-334
2495;Mannen en Vrouwen;53 jaar;2025;938;1260;-322
2496;Mannen en Vrouwen;53 jaar;2026;919;1223;-304
2497;Mannen en Vrouwen;53 jaar;2027;911;1208;-297
2498;Mannen en Vrouwen;53 jaar;2028;902;1189;-287
2499;Mannen en Vrouwen;53 jaar;2029;905;1183;-278
2500;Mannen en Vrouwen;53 jaar;2030;901;1192;-291
2501;Mannen en Vrouwen;53 jaar;2031;911;1210;-299
2502;Mannen en Vrouwen;53 jaar;2032;911;1220;-309
2503;Mannen en Vrouwen;53 jaar;2033;925;1247;-322
2504;Mannen en Vrouwen;53 jaar;2034;926;1249;-323
2505;Mannen en Vrouwen;53 jaar;2035;917;1257;-340
2506;Mannen en Vrouwen;53 jaar;2036;915;1263;-348
2507;Mannen en Vrouwen;53 jaar;2037;922;1287;-365
2508;Mannen en Vrouwen;53 jaar;2038;925;1300;-375
2509;Mannen en Vrouwen;53 jaar;2039;935;1314;-379
2510;Mannen en Vrouwen;53 jaar;2040;939;1322;-383
2511;Mannen en Vrouwen;53 jaar;2041;944;1332;-388
2512;Mannen en Vrouwen;53 jaar;2042;948;1344;-396
2513;Mannen en Vrouwen;53 jaar;2043;961;1368;-407
2514;Mannen en Vrouwen;53 jaar;2044;962;1373;-411
2515;Mannen en Vrouwen;53 jaar;2045;965;1376;-411
2516;Mannen en Vrouwen;53 jaar;2046;966;1375;-409
2517;Mannen en Vrouwen;53 jaar;2047;968;1383;-415
2518;Mannen en Vrouwen;53 jaar;2048;963;1375;-412
2519;Mannen en Vrouwen;53 jaar;2049;963;1376;-413
2520;Mannen en Vrouwen;53 jaar;2050;971;1382;-411
2521;Mannen en Vrouwen;53 jaar;2051;985;1401;-416
2522;Mannen en Vrouwen;53 jaar;2052;988;1408;-420
2523;Mannen en Vrouwen;53 jaar;2053;997;1424;-427
2524;Mannen en Vrouwen;53 jaar;2054;995;1420;-425
2525;Mannen en Vrouwen;53 jaar;2055;993;1420;-427
2526;Mannen en Vrouwen;53 jaar;2056;991;1421;-430
2527;Mannen en Vrouwen;53 jaar;2057;984;1412;-428
2528;Mannen en Vrouwen;53 jaar;2058;972;1403;-431
2529;Mannen en Vrouwen;53 jaar;2059;969;1402;-433
2530;Mannen en Vrouwen;54 jaar;2014;853;1114;-261
2531;Mannen en Vrouwen;54 jaar;2015;873;1087;-214
2532;Mannen en Vrouwen;54 jaar;2016;883;1144;-261
2533;Mannen en Vrouwen;54 jaar;2017;898;1178;-280
2534;Mannen en Vrouwen;54 jaar;2018;895;1242;-347
2535;Mannen en Vrouwen;54 jaar;2019;884;1246;-362
2536;Mannen en Vrouwen;54 jaar;2020;871;1223;-352
2537;Mannen en Vrouwen;54 jaar;2021;871;1207;-336
2538;Mannen en Vrouwen;54 jaar;2022;867;1232;-365
2539;Mannen en Vrouwen;54 jaar;2023;886;1249;-363
2540;Mannen en Vrouwen;54 jaar;2024;877;1247;-370
2541;Mannen en Vrouwen;54 jaar;2025;869;1215;-346
2542;Mannen en Vrouwen;54 jaar;2026;855;1191;-336
2543;Mannen en Vrouwen;54 jaar;2027;836;1155;-319
2544;Mannen en Vrouwen;54 jaar;2028;825;1142;-317
2545;Mannen en Vrouwen;54 jaar;2029;815;1123;-308
2546;Mannen en Vrouwen;54 jaar;2030;817;1122;-305
2547;Mannen en Vrouwen;54 jaar;2031;818;1130;-312
2548;Mannen en Vrouwen;54 jaar;2032;825;1147;-322
2549;Mannen en Vrouwen;54 jaar;2033;827;1156;-329
2550;Mannen en Vrouwen;54 jaar;2034;839;1183;-344
2551;Mannen en Vrouwen;54 jaar;2035;836;1186;-350
2552;Mannen en Vrouwen;54 jaar;2036;827;1191;-364
2553;Mannen en Vrouwen;54 jaar;2037;830;1198;-368
2554;Mannen en Vrouwen;54 jaar;2038;835;1221;-386
2555;Mannen en Vrouwen;54 jaar;2039;842;1233;-391
2556;Mannen en Vrouwen;54 jaar;2040;853;1246;-393
2557;Mannen en Vrouwen;54 jaar;2041;856;1255;-399
2558;Mannen en Vrouwen;54 jaar;2042;857;1264;-407
2559;Mannen en Vrouwen;54 jaar;2043;864;1277;-413
2560;Mannen en Vrouwen;54 jaar;2044;877;1301;-424
2561;Mannen en Vrouwen;54 jaar;2045;879;1306;-427
2562;Mannen en Vrouwen;54 jaar;2046;881;1308;-427
2563;Mannen en Vrouwen;54 jaar;2047;879;1308;-429
2564;Mannen en Vrouwen;54 jaar;2048;885;1316;-431
2565;Mannen en Vrouwen;54 jaar;2049;877;1308;-431
2566;Mannen en Vrouwen;54 jaar;2050;878;1311;-433
2567;Mannen en Vrouwen;54 jaar;2051;884;1318;-434
2568;Mannen en Vrouwen;54 jaar;2052;892;1335;-443
2569;Mannen en Vrouwen;54 jaar;2053;898;1343;-445
2570;Mannen en Vrouwen;54 jaar;2054;907;1359;-452
2571;Mannen en Vrouwen;54 jaar;2055;906;1356;-450
2572;Mannen en Vrouwen;54 jaar;2056;904;1355;-451
2573;Mannen en Vrouwen;54 jaar;2057;901;1357;-456
2574;Mannen en Vrouwen;54 jaar;2058;897;1348;-451
2575;Mannen en Vrouwen;54 jaar;2059;883;1339;-456
2576;Mannen en Vrouwen;55 jaar;2014;773;959;-186
2577;Mannen en Vrouwen;55 jaar;2015;777;1020;-243
2578;Mannen en Vrouwen;55 jaar;2016;795;1004;-209
2579;Mannen en Vrouwen;55 jaar;2017;807;1062;-255
2580;Mannen en Vrouwen;55 jaar;2018;803;1094;-291
2581;Mannen en Vrouwen;55 jaar;2019;799;1146;-347
2582;Mannen en Vrouwen;55 jaar;2020;789;1138;-349
2583;Mannen en Vrouwen;55 jaar;2021;785;1113;-328
2584;Mannen en Vrouwen;55 jaar;2022;786;1099;-313
2585;Mannen en Vrouwen;55 jaar;2023;785;1125;-340
2586;Mannen en Vrouwen;55 jaar;2024;795;1141;-346
2587;Mannen en Vrouwen;55 jaar;2025;792;1144;-352
2588;Mannen en Vrouwen;55 jaar;2026;779;1113;-334
2589;Mannen en Vrouwen;55 jaar;2027;767;1092;-325
2590;Mannen en Vrouwen;55 jaar;2028;750;1059;-309
2591;Mannen en Vrouwen;55 jaar;2029;743;1046;-303
2592;Mannen en Vrouwen;55 jaar;2030;734;1032;-298
2593;Mannen en Vrouwen;55 jaar;2031;736;1029;-293
2594;Mannen en Vrouwen;55 jaar;2032;736;1038;-302
2595;Mannen en Vrouwen;55 jaar;2033;743;1053;-310
2596;Mannen en Vrouwen;55 jaar;2034;747;1062;-315
2597;Mannen en Vrouwen;55 jaar;2035;755;1087;-332
2598;Mannen en Vrouwen;55 jaar;2036;752;1088;-336
2599;Mannen en Vrouwen;55 jaar;2037;744;1094;-350
2600;Mannen en Vrouwen;55 jaar;2038;747;1100;-353
2601;Mannen en Vrouwen;55 jaar;2039;751;1120;-369
2602;Mannen en Vrouwen;55 jaar;2040;759;1132;-373
2603;Mannen en Vrouwen;55 jaar;2041;766;1146;-380
2604;Mannen en Vrouwen;55 jaar;2042;771;1152;-381
2605;Mannen en Vrouwen;55 jaar;2043;773;1162;-389
2606;Mannen en Vrouwen;55 jaar;2044;779;1172;-393
2607;Mannen en Vrouwen;55 jaar;2045;791;1196;-405
2608;Mannen en Vrouwen;55 jaar;2046;793;1200;-407
2609;Mannen en Vrouwen;55 jaar;2047;794;1204;-410
2610;Mannen en Vrouwen;55 jaar;2048;793;1204;-411
2611;Mannen en Vrouwen;55 jaar;2049;794;1211;-417
2612;Mannen en Vrouwen;55 jaar;2050;789;1205;-416
2613;Mannen en Vrouwen;55 jaar;2051;793;1208;-415
2614;Mannen en Vrouwen;55 jaar;2052;796;1215;-419
2615;Mannen en Vrouwen;55 jaar;2053;806;1231;-425
2616;Mannen en Vrouwen;55 jaar;2054;809;1239;-430
2617;Mannen en Vrouwen;55 jaar;2055;822;1255;-433
2618;Mannen en Vrouwen;55 jaar;2056;818;1253;-435
2619;Mannen en Vrouwen;55 jaar;2057;816;1252;-436
2620;Mannen en Vrouwen;55 jaar;2058;813;1254;-441
2621;Mannen en Vrouwen;55 jaar;2059;807;1246;-439
2622;Mannen en Vrouwen;56 jaar;2014;700;837;-137
2623;Mannen en Vrouwen;56 jaar;2015;714;876;-162
2624;Mannen en Vrouwen;56 jaar;2016;719;938;-219
2625;Mannen en Vrouwen;56 jaar;2017;735;930;-195
2626;Mannen en Vrouwen;56 jaar;2018;732;982;-250
2627;Mannen en Vrouwen;56 jaar;2019;729;1007;-278
2628;Mannen en Vrouwen;56 jaar;2020;724;1045;-321
2629;Mannen en Vrouwen;56 jaar;2021;722;1034;-312
2630;Mannen en Vrouwen;56 jaar;2022;720;1014;-294
2631;Mannen en Vrouwen;56 jaar;2023;721;1000;-279
2632;Mannen en Vrouwen;56 jaar;2024;719;1024;-305
2633;Mannen en Vrouwen;56 jaar;2025;732;1040;-308
2634;Mannen en Vrouwen;56 jaar;2026;724;1042;-318
2635;Mannen en Vrouwen;56 jaar;2027;714;1015;-301
2636;Mannen en Vrouwen;56 jaar;2028;700;994;-294
2637;Mannen en Vrouwen;56 jaar;2029;683;963;-280
2638;Mannen en Vrouwen;56 jaar;2030;677;954;-277
2639;Mannen en Vrouwen;56 jaar;2031;672;942;-270
2640;Mannen en Vrouwen;56 jaar;2032;671;939;-268
2641;Mannen en Vrouwen;56 jaar;2033;672;946;-274
2642;Mannen en Vrouwen;56 jaar;2034;678;960;-282
2643;Mannen en Vrouwen;56 jaar;2035;684;967;-283
2644;Mannen en Vrouwen;56 jaar;2036;693;988;-295
2645;Mannen en Vrouwen;56 jaar;2037;690;989;-299
2646;Mannen en Vrouwen;56 jaar;2038;683;993;-310
2647;Mannen en Vrouwen;56 jaar;2039;683;999;-316
2648;Mannen en Vrouwen;56 jaar;2040;689;1018;-329
2649;Mannen en Vrouwen;56 jaar;2041;695;1028;-333
2650;Mannen en Vrouwen;56 jaar;2042;703;1041;-338
2651;Mannen en Vrouwen;56 jaar;2043;708;1047;-339
2652;Mannen en Vrouwen;56 jaar;2044;709;1054;-345
2653;Mannen en Vrouwen;56 jaar;2045;717;1064;-347
2654;Mannen en Vrouwen;56 jaar;2046;727;1086;-359
2655;Mannen en Vrouwen;56 jaar;2047;730;1091;-361
2656;Mannen en Vrouwen;56 jaar;2048;730;1094;-364
2657;Mannen en Vrouwen;56 jaar;2049;728;1094;-366
2658;Mannen en Vrouwen;56 jaar;2050;732;1100;-368
2659;Mannen en Vrouwen;56 jaar;2051;728;1095;-367
2660;Mannen en Vrouwen;56 jaar;2052;730;1098;-368
2661;Mannen en Vrouwen;56 jaar;2053;734;1105;-371
2662;Mannen en Vrouwen;56 jaar;2054;743;1120;-377
2663;Mannen en Vrouwen;56 jaar;2055;748;1128;-380
2664;Mannen en Vrouwen;56 jaar;2056;758;1141;-383
2665;Mannen en Vrouwen;56 jaar;2057;754;1139;-385
2666;Mannen en Vrouwen;56 jaar;2058;750;1139;-389
2667;Mannen en Vrouwen;56 jaar;2059;750;1142;-392
2668;Mannen en Vrouwen;57 jaar;2014;636;779;-143
2669;Mannen en Vrouwen;57 jaar;2015;645;800;-155
2670;Mannen en Vrouwen;57 jaar;2016;657;843;-186
2671;Mannen en Vrouwen;57 jaar;2017;659;907;-248
2672;Mannen en Vrouwen;57 jaar;2018;666;901;-235
2673;Mannen en Vrouwen;57 jaar;2019;665;945;-280
2674;Mannen en Vrouwen;57 jaar;2020;664;960;-296
2675;Mannen en Vrouwen;57 jaar;2021;668;990;-322
2676;Mannen en Vrouwen;57 jaar;2022;663;983;-320
2677;Mannen en Vrouwen;57 jaar;2023;660;966;-306
2678;Mannen en Vrouwen;57 jaar;2024;659;954;-295
2679;Mannen en Vrouwen;57 jaar;2025;659;977;-318
2680;Mannen en Vrouwen;57 jaar;2026;668;995;-327
2681;Mannen en Vrouwen;57 jaar;2027;663;996;-333
2682;Mannen en Vrouwen;57 jaar;2028;654;970;-316
2683;Mannen en Vrouwen;57 jaar;2029;640;951;-311
2684;Mannen en Vrouwen;57 jaar;2030;625;926;-301
2685;Mannen en Vrouwen;57 jaar;2031;618;918;-300
2686;Mannen en Vrouwen;57 jaar;2032;614;905;-291
2687;Mannen en Vrouwen;57 jaar;2033;613;904;-291
2688;Mannen en Vrouwen;57 jaar;2034;613;911;-298
2689;Mannen en Vrouwen;57 jaar;2035;623;924;-301
2690;Mannen en Vrouwen;57 jaar;2036;623;932;-309
2691;Mannen en Vrouwen;57 jaar;2037;633;951;-318
2692;Mannen en Vrouwen;57 jaar;2038;631;953;-322
2693;Mannen en Vrouwen;57 jaar;2039;626;955;-329
2694;Mannen en Vrouwen;57 jaar;2040;625;961;-336
2695;Mannen en Vrouwen;57 jaar;2041;632;979;-347
2696;Mannen en Vrouwen;57 jaar;2042;637;989;-352
2697;Mannen en Vrouwen;57 jaar;2043;643;1002;-359
2698;Mannen en Vrouwen;57 jaar;2044;650;1008;-358
2699;Mannen en Vrouwen;57 jaar;2045;652;1016;-364
2700;Mannen en Vrouwen;57 jaar;2046;658;1025;-367
2701;Mannen en Vrouwen;57 jaar;2047;670;1045;-375
2702;Mannen en Vrouwen;57 jaar;2048;671;1049;-378
2703;Mannen en Vrouwen;57 jaar;2049;672;1053;-381
2704;Mannen en Vrouwen;57 jaar;2050;674;1052;-378
2705;Mannen en Vrouwen;57 jaar;2051;676;1060;-384
2706;Mannen en Vrouwen;57 jaar;2052;673;1055;-382
2707;Mannen en Vrouwen;57 jaar;2053;671;1059;-388
2708;Mannen en Vrouwen;57 jaar;2054;678;1065;-387
2709;Mannen en Vrouwen;57 jaar;2055;687;1080;-393
2710;Mannen en Vrouwen;57 jaar;2056;689;1088;-399
2711;Mannen en Vrouwen;57 jaar;2057;699;1101;-402
2712;Mannen en Vrouwen;57 jaar;2058;698;1099;-401
2713;Mannen en Vrouwen;57 jaar;2059;694;1101;-407
2714;Mannen en Vrouwen;58 jaar;2014;580;743;-163
2715;Mannen en Vrouwen;58 jaar;2015;591;742;-151
2716;Mannen en Vrouwen;58 jaar;2016;601;767;-166
2717;Mannen en Vrouwen;58 jaar;2017;611;812;-201
2718;Mannen en Vrouwen;58 jaar;2018;603;871;-268
2719;Mannen en Vrouwen;58 jaar;2019;609;863;-254
2720;Mannen en Vrouwen;58 jaar;2020;603;896;-293
2721;Mannen en Vrouwen;58 jaar;2021;606;906;-300
2722;Mannen en Vrouwen;58 jaar;2022;611;937;-326
2723;Mannen en Vrouwen;58 jaar;2023;606;931;-325
2724;Mannen en Vrouwen;58 jaar;2024;602;916;-314
2725;Mannen en Vrouwen;58 jaar;2025;605;907;-302
2726;Mannen en Vrouwen;58 jaar;2026;605;930;-325
2727;Mannen en Vrouwen;58 jaar;2027;616;947;-331
2728;Mannen en Vrouwen;58 jaar;2028;609;948;-339
2729;Mannen en Vrouwen;58 jaar;2029;601;927;-326
2730;Mannen en Vrouwen;58 jaar;2030;593;913;-320
2731;Mannen en Vrouwen;58 jaar;2031;574;891;-317
2732;Mannen en Vrouwen;58 jaar;2032;568;883;-315
2733;Mannen en Vrouwen;58 jaar;2033;560;871;-311
2734;Mannen en Vrouwen;58 jaar;2034;565;871;-306
2735;Mannen en Vrouwen;58 jaar;2035;562;878;-316
2736;Mannen en Vrouwen;58 jaar;2036;569;891;-322
2737;Mannen en Vrouwen;58 jaar;2037;574;897;-323
2738;Mannen en Vrouwen;58 jaar;2038;583;916;-333
2739;Mannen en Vrouwen;58 jaar;2039;585;917;-332
2740;Mannen en Vrouwen;58 jaar;2040;577;920;-343
2741;Mannen en Vrouwen;58 jaar;2041;578;924;-346
2742;Mannen en Vrouwen;58 jaar;2042;581;943;-362
2743;Mannen en Vrouwen;58 jaar;2043;586;953;-367
2744;Mannen en Vrouwen;58 jaar;2044;595;964;-369
2745;Mannen en Vrouwen;58 jaar;2045;600;970;-370
2746;Mannen en Vrouwen;58 jaar;2046;604;978;-374
2747;Mannen en Vrouwen;58 jaar;2047;608;989;-381
2748;Mannen en Vrouwen;58 jaar;2048;619;1008;-389
2749;Mannen en Vrouwen;58 jaar;2049;622;1012;-390
2750;Mannen en Vrouwen;58 jaar;2050;624;1016;-392
2751;Mannen en Vrouwen;58 jaar;2051;623;1016;-393
2752;Mannen en Vrouwen;58 jaar;2052;627;1022;-395
2753;Mannen en Vrouwen;58 jaar;2053;623;1019;-396
2754;Mannen en Vrouwen;58 jaar;2054;623;1021;-398
2755;Mannen en Vrouwen;58 jaar;2055;628;1028;-400
2756;Mannen en Vrouwen;58 jaar;2056;639;1043;-404
2757;Mannen en Vrouwen;58 jaar;2057;642;1050;-408
2758;Mannen en Vrouwen;58 jaar;2058;651;1063;-412
2759;Mannen en Vrouwen;58 jaar;2059;648;1061;-413
2760;Mannen en Vrouwen;59 jaar;2014;523;644;-121
2761;Mannen en Vrouwen;59 jaar;2015;533;676;-143
2762;Mannen en Vrouwen;59 jaar;2016;539;680;-141
2763;Mannen en Vrouwen;59 jaar;2017;545;707;-162
2764;Mannen en Vrouwen;59 jaar;2018;549;748;-199
2765;Mannen en Vrouwen;59 jaar;2019;541;797;-256
2766;Mannen en Vrouwen;59 jaar;2020;545;784;-239
2767;Mannen en Vrouwen;59 jaar;2021;545;808;-263
2768;Mannen en Vrouwen;59 jaar;2022;550;819;-269
2769;Mannen en Vrouwen;59 jaar;2023;553;846;-293
2770;Mannen en Vrouwen;59 jaar;2024;548;839;-291
2771;Mannen en Vrouwen;59 jaar;2025;546;826;-280
2772;Mannen en Vrouwen;59 jaar;2026;546;818;-272
2773;Mannen en Vrouwen;59 jaar;2027;544;838;-294
2774;Mannen en Vrouwen;59 jaar;2028;554;855;-301
2775;Mannen en Vrouwen;59 jaar;2029;548;854;-306
2776;Mannen en Vrouwen;59 jaar;2030;541;839;-298
2777;Mannen en Vrouwen;59 jaar;2031;531;824;-293
2778;Mannen en Vrouwen;59 jaar;2032;515;802;-287
2779;Mannen en Vrouwen;59 jaar;2033;507;796;-289
2780;Mannen en Vrouwen;59 jaar;2034;503;782;-279
2781;Mannen en Vrouwen;59 jaar;2035;503;781;-278
2782;Mannen en Vrouwen;59 jaar;2036;503;788;-285
2783;Mannen en Vrouwen;59 jaar;2037;509;798;-289
2784;Mannen en Vrouwen;59 jaar;2038;511;805;-294
2785;Mannen en Vrouwen;59 jaar;2039;523;821;-298
2786;Mannen en Vrouwen;59 jaar;2040;523;821;-298
2787;Mannen en Vrouwen;59 jaar;2041;518;823;-305
2788;Mannen en Vrouwen;59 jaar;2042;520;828;-308
2789;Mannen en Vrouwen;59 jaar;2043;522;843;-321
2790;Mannen en Vrouwen;59 jaar;2044;528;853;-325
2791;Mannen en Vrouwen;59 jaar;2045;535;864;-329
2792;Mannen en Vrouwen;59 jaar;2046;540;870;-330
2793;Mannen en Vrouwen;59 jaar;2047;539;876;-337
2794;Mannen en Vrouwen;59 jaar;2048;546;885;-339
2795;Mannen en Vrouwen;59 jaar;2049;556;904;-348
2796;Mannen en Vrouwen;59 jaar;2050;560;907;-347
2797;Mannen en Vrouwen;59 jaar;2051;559;909;-350
2798;Mannen en Vrouwen;59 jaar;2052;556;911;-355
2799;Mannen en Vrouwen;59 jaar;2053;560;917;-357
2800;Mannen en Vrouwen;59 jaar;2054;557;913;-356
2801;Mannen en Vrouwen;59 jaar;2055;558;917;-359
2802;Mannen en Vrouwen;59 jaar;2056;563;923;-360
2803;Mannen en Vrouwen;59 jaar;2057;571;936;-365
2804;Mannen en Vrouwen;59 jaar;2058;574;944;-370
2805;Mannen en Vrouwen;59 jaar;2059;581;954;-373
2806;Mannen en Vrouwen;60 jaar;2014;462;592;-130
2807;Mannen en Vrouwen;60 jaar;2015;467;611;-144
2808;Mannen en Vrouwen;60 jaar;2016;474;646;-172
2809;Mannen en Vrouwen;60 jaar;2017;476;658;-182
2810;Mannen en Vrouwen;60 jaar;2018;477;684;-207
2811;Mannen en Vrouwen;60 jaar;2019;479;718;-239
2812;Mannen en Vrouwen;60 jaar;2020;475;756;-281
2813;Mannen en Vrouwen;60 jaar;2021;483;742;-259
2814;Mannen en Vrouwen;60 jaar;2022;483;765;-282
2815;Mannen en Vrouwen;60 jaar;2023;488;775;-287
2816;Mannen en Vrouwen;60 jaar;2024;490;800;-310
2817;Mannen en Vrouwen;60 jaar;2025;487;797;-310
2818;Mannen en Vrouwen;60 jaar;2026;485;785;-300
2819;Mannen en Vrouwen;60 jaar;2027;484;779;-295
2820;Mannen en Vrouwen;60 jaar;2028;484;797;-313
2821;Mannen en Vrouwen;60 jaar;2029;495;811;-316
2822;Mannen en Vrouwen;60 jaar;2030;490;815;-325
2823;Mannen en Vrouwen;60 jaar;2031;482;799;-317
2824;Mannen en Vrouwen;60 jaar;2032;473;786;-313
2825;Mannen en Vrouwen;60 jaar;2033;457;764;-307
2826;Mannen en Vrouwen;60 jaar;2034;451;756;-305
2827;Mannen en Vrouwen;60 jaar;2035;446;744;-298
2828;Mannen en Vrouwen;60 jaar;2036;448;743;-295
2829;Mannen en Vrouwen;60 jaar;2037;446;749;-303
2830;Mannen en Vrouwen;60 jaar;2038;452;760;-308
2831;Mannen en Vrouwen;60 jaar;2039;454;766;-312
2832;Mannen en Vrouwen;60 jaar;2040;466;782;-316
2833;Mannen en Vrouwen;60 jaar;2041;464;783;-319
2834;Mannen en Vrouwen;60 jaar;2042;462;785;-323
2835;Mannen en Vrouwen;60 jaar;2043;463;790;-327
2836;Mannen en Vrouwen;60 jaar;2044;467;806;-339
2837;Mannen en Vrouwen;60 jaar;2045;472;814;-342
2838;Mannen en Vrouwen;60 jaar;2046;479;826;-347
2839;Mannen en Vrouwen;60 jaar;2047;485;831;-346
2840;Mannen en Vrouwen;60 jaar;2048;485;838;-353
2841;Mannen en Vrouwen;60 jaar;2049;490;847;-357
2842;Mannen en Vrouwen;60 jaar;2050;501;865;-364
2843;Mannen en Vrouwen;60 jaar;2051;505;869;-364
2844;Mannen en Vrouwen;60 jaar;2052;506;871;-365
2845;Mannen en Vrouwen;60 jaar;2053;502;871;-369
2846;Mannen en Vrouwen;60 jaar;2054;507;877;-370
2847;Mannen en Vrouwen;60 jaar;2055;506;874;-368
2848;Mannen en Vrouwen;60 jaar;2056;506;878;-372
2849;Mannen en Vrouwen;60 jaar;2057;508;884;-376
2850;Mannen en Vrouwen;60 jaar;2058;517;897;-380
2851;Mannen en Vrouwen;60 jaar;2059;520;903;-383
2852;Mannen en Vrouwen;61 jaar;2014;421;558;-137
2853;Mannen en Vrouwen;61 jaar;2015;424;572;-148
2854;Mannen en Vrouwen;61 jaar;2016;426;592;-166
2855;Mannen en Vrouwen;61 jaar;2017;431;628;-197
2856;Mannen en Vrouwen;61 jaar;2018;432;642;-210
2857;Mannen en Vrouwen;61 jaar;2019;432;665;-233
2858;Mannen en Vrouwen;61 jaar;2020;430;689;-259
2859;Mannen en Vrouwen;61 jaar;2021;431;720;-289
2860;Mannen en Vrouwen;61 jaar;2022;437;709;-272
2861;Mannen en Vrouwen;61 jaar;2023;439;731;-292
2862;Mannen en Vrouwen;61 jaar;2024;445;741;-296
2863;Mannen en Vrouwen;61 jaar;2025;447;765;-318
2864;Mannen en Vrouwen;61 jaar;2026;442;761;-319
2865;Mannen en Vrouwen;61 jaar;2027;441;751;-310
2866;Mannen en Vrouwen;61 jaar;2028;442;745;-303
2867;Mannen en Vrouwen;61 jaar;2029;441;762;-321
2868;Mannen en Vrouwen;61 jaar;2030;450;779;-329
2869;Mannen en Vrouwen;61 jaar;2031;446;783;-337
2870;Mannen en Vrouwen;61 jaar;2032;437;767;-330
2871;Mannen en Vrouwen;61 jaar;2033;429;755;-326
2872;Mannen en Vrouwen;61 jaar;2034;413;732;-319
2873;Mannen en Vrouwen;61 jaar;2035;408;726;-318
2874;Mannen en Vrouwen;61 jaar;2036;403;714;-311
2875;Mannen en Vrouwen;61 jaar;2037;405;714;-309
2876;Mannen en Vrouwen;61 jaar;2038;403;719;-316
2877;Mannen en Vrouwen;61 jaar;2039;407;730;-323
2878;Mannen en Vrouwen;61 jaar;2040;409;735;-326
2879;Mannen en Vrouwen;61 jaar;2041;418;752;-334
2880;Mannen en Vrouwen;61 jaar;2042;420;752;-332
2881;Mannen en Vrouwen;61 jaar;2043;414;755;-341
2882;Mannen en Vrouwen;61 jaar;2044;415;760;-345
2883;Mannen en Vrouwen;61 jaar;2045;419;775;-356
2884;Mannen en Vrouwen;61 jaar;2046;422;784;-362
2885;Mannen en Vrouwen;61 jaar;2047;428;796;-368
2886;Mannen en Vrouwen;61 jaar;2048;429;800;-371
2887;Mannen en Vrouwen;61 jaar;2049;433;807;-374
2888;Mannen en Vrouwen;61 jaar;2050;438;816;-378
2889;Mannen en Vrouwen;61 jaar;2051;446;833;-387
2890;Mannen en Vrouwen;61 jaar;2052;447;838;-391
2891;Mannen en Vrouwen;61 jaar;2053;448;841;-393
2892;Mannen en Vrouwen;61 jaar;2054;450;841;-391
2893;Mannen en Vrouwen;61 jaar;2055;450;846;-396
2894;Mannen en Vrouwen;61 jaar;2056;448;843;-395
2895;Mannen en Vrouwen;61 jaar;2057;445;846;-401
2896;Mannen en Vrouwen;61 jaar;2058;450;851;-401
2897;Mannen en Vrouwen;61 jaar;2059;459;864;-405
2898;Mannen en Vrouwen;62 jaar;2014;395;510;-115
2899;Mannen en Vrouwen;62 jaar;2015;396;516;-120
2900;Mannen en Vrouwen;62 jaar;2016;401;534;-133
2901;Mannen en Vrouwen;62 jaar;2017;403;556;-153
2902;Mannen en Vrouwen;62 jaar;2018;406;589;-183
2903;Mannen en Vrouwen;62 jaar;2019;406;600;-194
2904;Mannen en Vrouwen;62 jaar;2020;406;615;-209
2905;Mannen en Vrouwen;62 jaar;2021;409;632;-223
2906;Mannen en Vrouwen;62 jaar;2022;407;661;-254
2907;Mannen en Vrouwen;62 jaar;2023;414;653;-239
2908;Mannen en Vrouwen;62 jaar;2024;413;673;-260
2909;Mannen en Vrouwen;62 jaar;2025;420;682;-262
2910;Mannen en Vrouwen;62 jaar;2026;422;704;-282
2911;Mannen en Vrouwen;62 jaar;2027;420;699;-279
2912;Mannen en Vrouwen;62 jaar;2028;413;690;-277
2913;Mannen en Vrouwen;62 jaar;2029;414;685;-271
2914;Mannen en Vrouwen;62 jaar;2030;413;703;-290
2915;Mannen en Vrouwen;62 jaar;2031;425;718;-293
2916;Mannen en Vrouwen;62 jaar;2032;419;721;-302
2917;Mannen en Vrouwen;62 jaar;2033;412;707;-295
2918;Mannen en Vrouwen;62 jaar;2034;404;695;-291
2919;Mannen en Vrouwen;62 jaar;2035;387;673;-286
2920;Mannen en Vrouwen;62 jaar;2036;381;667;-286
2921;Mannen en Vrouwen;62 jaar;2037;378;657;-279
2922;Mannen en Vrouwen;62 jaar;2038;378;655;-277
2923;Mannen en Vrouwen;62 jaar;2039;378;659;-281
2924;Mannen en Vrouwen;62 jaar;2040;381;668;-287
2925;Mannen en Vrouwen;62 jaar;2041;383;673;-290
2926;Mannen en Vrouwen;62 jaar;2042;393;689;-296
2927;Mannen en Vrouwen;62 jaar;2043;391;690;-299
2928;Mannen en Vrouwen;62 jaar;2044;386;692;-306
2929;Mannen en Vrouwen;62 jaar;2045;385;697;-312
2930;Mannen en Vrouwen;62 jaar;2046;391;711;-320
2931;Mannen en Vrouwen;62 jaar;2047;394;719;-325
2932;Mannen en Vrouwen;62 jaar;2048;402;730;-328
2933;Mannen en Vrouwen;62 jaar;2049;407;734;-327
2934;Mannen en Vrouwen;62 jaar;2050;408;739;-331
2935;Mannen en Vrouwen;62 jaar;2051;412;748;-336
2936;Mannen en Vrouwen;62 jaar;2052;421;765;-344
2937;Mannen en Vrouwen;62 jaar;2053;421;768;-347
2938;Mannen en Vrouwen;62 jaar;2054;422;771;-349
2939;Mannen en Vrouwen;62 jaar;2055;421;770;-349
2940;Mannen en Vrouwen;62 jaar;2056;424;777;-353
2941;Mannen en Vrouwen;62 jaar;2057;421;774;-353
2942;Mannen en Vrouwen;62 jaar;2058;420;776;-356
2943;Mannen en Vrouwen;62 jaar;2059;423;781;-358
2944;Mannen en Vrouwen;63 jaar;2014;367;485;-118
2945;Mannen en Vrouwen;63 jaar;2015;375;508;-133
2946;Mannen en Vrouwen;63 jaar;2016;370;517;-147
2947;Mannen en Vrouwen;63 jaar;2017;373;537;-164
2948;Mannen en Vrouwen;63 jaar;2018;372;559;-187
2949;Mannen en Vrouwen;63 jaar;2019;373;589;-216
2950;Mannen en Vrouwen;63 jaar;2020;373;592;-219
2951;Mannen en Vrouwen;63 jaar;2021;378;603;-225
2952;Mannen en Vrouwen;63 jaar;2022;381;622;-241
2953;Mannen en Vrouwen;63 jaar;2023;381;650;-269
2954;Mannen en Vrouwen;63 jaar;2024;385;641;-256
2955;Mannen en Vrouwen;63 jaar;2025;388;664;-276
2956;Mannen en Vrouwen;63 jaar;2026;393;673;-280
2957;Mannen en Vrouwen;63 jaar;2027;394;694;-300
2958;Mannen en Vrouwen;63 jaar;2028;390;689;-299
2959;Mannen en Vrouwen;63 jaar;2029;389;677;-288
2960;Mannen en Vrouwen;63 jaar;2030;389;675;-286
2961;Mannen en Vrouwen;63 jaar;2031;390;692;-302
2962;Mannen en Vrouwen;63 jaar;2032;399;709;-310
2963;Mannen en Vrouwen;63 jaar;2033;391;713;-322
2964;Mannen en Vrouwen;63 jaar;2034;386;698;-312
2965;Mannen en Vrouwen;63 jaar;2035;377;688;-311
2966;Mannen en Vrouwen;63 jaar;2036;361;667;-306
2967;Mannen en Vrouwen;63 jaar;2037;358;661;-303
2968;Mannen en Vrouwen;63 jaar;2038;352;650;-298
2969;Mannen en Vrouwen;63 jaar;2039;353;649;-296
2970;Mannen en Vrouwen;63 jaar;2040;350;652;-302
2971;Mannen en Vrouwen;63 jaar;2041;353;661;-308
2972;Mannen en Vrouwen;63 jaar;2042;355;666;-311
2973;Mannen en Vrouwen;63 jaar;2043;363;682;-319
2974;Mannen en Vrouwen;63 jaar;2044;363;680;-317
2975;Mannen en Vrouwen;63 jaar;2045;358;683;-325
2976;Mannen en Vrouwen;63 jaar;2046;358;687;-329
2977;Mannen en Vrouwen;63 jaar;2047;362;701;-339
2978;Mannen en Vrouwen;63 jaar;2048;367;708;-341
2979;Mannen en Vrouwen;63 jaar;2049;371;717;-346
2980;Mannen en Vrouwen;63 jaar;2050;375;722;-347
2981;Mannen en Vrouwen;63 jaar;2051;374;728;-354
2982;Mannen en Vrouwen;63 jaar;2052;379;737;-358
2983;Mannen en Vrouwen;63 jaar;2053;387;752;-365
2984;Mannen en Vrouwen;63 jaar;2054;390;755;-365
2985;Mannen en Vrouwen;63 jaar;2055;389;758;-369
2986;Mannen en Vrouwen;63 jaar;2056;387;758;-371
2987;Mannen en Vrouwen;63 jaar;2057;392;763;-371
2988;Mannen en Vrouwen;63 jaar;2058;388;760;-372
2989;Mannen en Vrouwen;63 jaar;2059;388;762;-374
2990;Mannen en Vrouwen;64 jaar;2014;345;527;-182
2991;Mannen en Vrouwen;64 jaar;2015;348;509;-161
2992;Mannen en Vrouwen;64 jaar;2016;353;536;-183
2993;Mannen en Vrouwen;64 jaar;2017;351;548;-197
2994;Mannen en Vrouwen;64 jaar;2018;351;570;-219
2995;Mannen en Vrouwen;64 jaar;2019;346;590;-244
2996;Mannen en Vrouwen;64 jaar;2020;348;614;-266
2997;Mannen en Vrouwen;64 jaar;2021;352;613;-261
2998;Mannen en Vrouwen;64 jaar;2022;356;624;-268
2999;Mannen en Vrouwen;64 jaar;2023;359;646;-287
3000;Mannen en Vrouwen;64 jaar;2024;358;675;-317
3001;Mannen en Vrouwen;64 jaar;2025;365;667;-302
3002;Mannen en Vrouwen;64 jaar;2026;367;689;-322
3003;Mannen en Vrouwen;64 jaar;2027;370;698;-328
3004;Mannen en Vrouwen;64 jaar;2028;371;718;-347
3005;Mannen en Vrouwen;64 jaar;2029;367;712;-345
3006;Mannen en Vrouwen;64 jaar;2030;364;704;-340
3007;Mannen en Vrouwen;64 jaar;2031;364;698;-334
3008;Mannen en Vrouwen;64 jaar;2032;366;716;-350
3009;Mannen en Vrouwen;64 jaar;2033;375;734;-359
3010;Mannen en Vrouwen;64 jaar;2034;369;737;-368
3011;Mannen en Vrouwen;64 jaar;2035;360;721;-361
3012;Mannen en Vrouwen;64 jaar;2036;352;711;-359
3013;Mannen en Vrouwen;64 jaar;2037;338;686;-348
3014;Mannen en Vrouwen;64 jaar;2038;332;680;-348
3015;Mannen en Vrouwen;64 jaar;2039;325;665;-340
3016;Mannen en Vrouwen;64 jaar;2040;328;664;-336
3017;Mannen en Vrouwen;64 jaar;2041;326;668;-342
3018;Mannen en Vrouwen;64 jaar;2042;331;675;-344
3019;Mannen en Vrouwen;64 jaar;2043;329;681;-352
3020;Mannen en Vrouwen;64 jaar;2044;337;696;-359
3021;Mannen en Vrouwen;64 jaar;2045;336;695;-359
3022;Mannen en Vrouwen;64 jaar;2046;331;697;-366
3023;Mannen en Vrouwen;64 jaar;2047;330;700;-370
3024;Mannen en Vrouwen;64 jaar;2048;333;713;-380
3025;Mannen en Vrouwen;64 jaar;2049;335;722;-387
3026;Mannen en Vrouwen;64 jaar;2050;341;732;-391
3027;Mannen en Vrouwen;64 jaar;2051;343;737;-394
3028;Mannen en Vrouwen;64 jaar;2052;346;744;-398
3029;Mannen en Vrouwen;64 jaar;2053;349;751;-402
3030;Mannen en Vrouwen;64 jaar;2054;356;767;-411
3031;Mannen en Vrouwen;64 jaar;2055;358;772;-414
3032;Mannen en Vrouwen;64 jaar;2056;359;774;-415
3033;Mannen en Vrouwen;64 jaar;2057;357;773;-416
3034;Mannen en Vrouwen;64 jaar;2058;359;780;-421
3035;Mannen en Vrouwen;64 jaar;2059;352;776;-424
3036;Mannen en Vrouwen;65 jaar;2014;324;539;-215
3037;Mannen en Vrouwen;65 jaar;2015;320;544;-224
3038;Mannen en Vrouwen;65 jaar;2016;321;529;-208
3039;Mannen en Vrouwen;65 jaar;2017;326;562;-236
3040;Mannen en Vrouwen;65 jaar;2018;320;575;-255
3041;Mannen en Vrouwen;65 jaar;2019;317;594;-277
3042;Mannen en Vrouwen;65 jaar;2020;318;609;-291
3043;Mannen en Vrouwen;65 jaar;2021;322;629;-307
3044;Mannen en Vrouwen;65 jaar;2022;324;629;-305
3045;Mannen en Vrouwen;65 jaar;2023;328;642;-314
3046;Mannen en Vrouwen;65 jaar;2024;332;662;-330
3047;Mannen en Vrouwen;65 jaar;2025;332;691;-359
3048;Mannen en Vrouwen;65 jaar;2026;338;685;-347
3049;Mannen en Vrouwen;65 jaar;2027;337;706;-369
3050;Mannen en Vrouwen;65 jaar;2028;341;714;-373
3051;Mannen en Vrouwen;65 jaar;2029;342;733;-391
3052;Mannen en Vrouwen;65 jaar;2030;339;730;-391
3053;Mannen en Vrouwen;65 jaar;2031;336;722;-386
3054;Mannen en Vrouwen;65 jaar;2032;336;714;-378
3055;Mannen en Vrouwen;65 jaar;2033;337;733;-396
3056;Mannen en Vrouwen;65 jaar;2034;346;753;-407
3057;Mannen en Vrouwen;65 jaar;2035;340;753;-413
3058;Mannen en Vrouwen;65 jaar;2036;330;738;-408
3059;Mannen en Vrouwen;65 jaar;2037;320;724;-404
3060;Mannen en Vrouwen;65 jaar;2038;307;696;-389
3061;Mannen en Vrouwen;65 jaar;2039;301;689;-388
3062;Mannen en Vrouwen;65 jaar;2040;298;673;-375
3063;Mannen en Vrouwen;65 jaar;2041;296;671;-375
3064;Mannen en Vrouwen;65 jaar;2042;297;675;-378
3065;Mannen en Vrouwen;65 jaar;2043;300;683;-383
3066;Mannen en Vrouwen;65 jaar;2044;300;688;-388
3067;Mannen en Vrouwen;65 jaar;2045;303;704;-401
3068;Mannen en Vrouwen;65 jaar;2046;304;702;-398
3069;Mannen en Vrouwen;65 jaar;2047;299;703;-404
3070;Mannen en Vrouwen;65 jaar;2048;298;706;-408
3071;Mannen en Vrouwen;65 jaar;2049;302;721;-419
3072;Mannen en Vrouwen;65 jaar;2050;303;730;-427
3073;Mannen en Vrouwen;65 jaar;2051;309;740;-431
3074;Mannen en Vrouwen;65 jaar;2052;312;746;-434
3075;Mannen en Vrouwen;65 jaar;2053;313;752;-439
3076;Mannen en Vrouwen;65 jaar;2054;315;761;-446
3077;Mannen en Vrouwen;65 jaar;2055;324;779;-455
3078;Mannen en Vrouwen;65 jaar;2056;322;784;-462
3079;Mannen en Vrouwen;65 jaar;2057;323;786;-463
3080;Mannen en Vrouwen;65 jaar;2058;321;785;-464
3081;Mannen en Vrouwen;65 jaar;2059;325;793;-468
3082;Mannen en Vrouwen;66 jaar;2014;308;532;-224
3083;Mannen en Vrouwen;66 jaar;2015;305;524;-219
3084;Mannen en Vrouwen;66 jaar;2016;299;535;-236
3085;Mannen en Vrouwen;66 jaar;2017;300;522;-222
3086;Mannen en Vrouwen;66 jaar;2018;302;555;-253
3087;Mannen en Vrouwen;66 jaar;2019;298;565;-267
3088;Mannen en Vrouwen;66 jaar;2020;300;577;-277
3089;Mannen en Vrouwen;66 jaar;2021;303;589;-286
3090;Mannen en Vrouwen;66 jaar;2022;304;608;-304
3091;Mannen en Vrouwen;66 jaar;2023;307;608;-301
3092;Mannen en Vrouwen;66 jaar;2024;311;620;-309
3093;Mannen en Vrouwen;66 jaar;2025;315;642;-327
3094;Mannen en Vrouwen;66 jaar;2026;315;672;-357
3095;Mannen en Vrouwen;66 jaar;2027;321;664;-343
3096;Mannen en Vrouwen;66 jaar;2028;321;686;-365
3097;Mannen en Vrouwen;66 jaar;2029;323;693;-370
3098;Mannen en Vrouwen;66 jaar;2030;323;715;-392
3099;Mannen en Vrouwen;66 jaar;2031;320;713;-393
3100;Mannen en Vrouwen;66 jaar;2032;318;705;-387
3101;Mannen en Vrouwen;66 jaar;2033;319;696;-377
3102;Mannen en Vrouwen;66 jaar;2034;318;716;-398
3103;Mannen en Vrouwen;66 jaar;2035;327;736;-409
3104;Mannen en Vrouwen;66 jaar;2036;320;737;-417
3105;Mannen en Vrouwen;66 jaar;2037;312;722;-410
3106;Mannen en Vrouwen;66 jaar;2038;303;709;-406
3107;Mannen en Vrouwen;66 jaar;2039;291;684;-393
3108;Mannen en Vrouwen;66 jaar;2040;285;675;-390
3109;Mannen en Vrouwen;66 jaar;2041;279;659;-380
3110;Mannen en Vrouwen;66 jaar;2042;279;655;-376
3111;Mannen en Vrouwen;66 jaar;2043;279;660;-381
3112;Mannen en Vrouwen;66 jaar;2044;283;667;-384
3113;Mannen en Vrouwen;66 jaar;2045;283;671;-388
3114;Mannen en Vrouwen;66 jaar;2046;289;688;-399
3115;Mannen en Vrouwen;66 jaar;2047;287;686;-399
3116;Mannen en Vrouwen;66 jaar;2048;283;686;-403
3117;Mannen en Vrouwen;66 jaar;2049;283;690;-407
3118;Mannen en Vrouwen;66 jaar;2050;286;705;-419
3119;Mannen en Vrouwen;66 jaar;2051;289;714;-425
3120;Mannen en Vrouwen;66 jaar;2052;294;724;-430
3121;Mannen en Vrouwen;66 jaar;2053;297;730;-433
3122;Mannen en Vrouwen;66 jaar;2054;296;737;-441
3123;Mannen en Vrouwen;66 jaar;2055;298;745;-447
3124;Mannen en Vrouwen;66 jaar;2056;304;763;-459
3125;Mannen en Vrouwen;66 jaar;2057;305;767;-462
3126;Mannen en Vrouwen;66 jaar;2058;306;770;-464
3127;Mannen en Vrouwen;66 jaar;2059;306;771;-465
3128;Mannen en Vrouwen;67 jaar;2014;302;506;-204
3129;Mannen en Vrouwen;67 jaar;2015;290;502;-212
3130;Mannen en Vrouwen;67 jaar;2016;285;498;-213
3131;Mannen en Vrouwen;67 jaar;2017;281;511;-230
3132;Mannen en Vrouwen;67 jaar;2018;279;498;-219
3133;Mannen en Vrouwen;67 jaar;2019;280;527;-247
3134;Mannen en Vrouwen;67 jaar;2020;280;529;-249
3135;Mannen en Vrouwen;67 jaar;2021;282;537;-255
3136;Mannen en Vrouwen;67 jaar;2022;283;548;-265
3137;Mannen en Vrouwen;67 jaar;2023;284;567;-283
3138;Mannen en Vrouwen;67 jaar;2024;287;567;-280
3139;Mannen en Vrouwen;67 jaar;2025;289;578;-289
3140;Mannen en Vrouwen;67 jaar;2026;294;599;-305
3141;Mannen en Vrouwen;67 jaar;2027;292;627;-335
3142;Mannen en Vrouwen;67 jaar;2028;299;619;-320
3143;Mannen en Vrouwen;67 jaar;2029;299;639;-340
3144;Mannen en Vrouwen;67 jaar;2030;302;647;-345
3145;Mannen en Vrouwen;67 jaar;2031;303;670;-367
3146;Mannen en Vrouwen;67 jaar;2032;301;669;-368
3147;Mannen en Vrouwen;67 jaar;2033;297;662;-365
3148;Mannen en Vrouwen;67 jaar;2034;298;652;-354
3149;Mannen en Vrouwen;67 jaar;2035;298;673;-375
3150;Mannen en Vrouwen;67 jaar;2036;307;690;-383
3151;Mannen en Vrouwen;67 jaar;2037;301;693;-392
3152;Mannen en Vrouwen;67 jaar;2038;294;680;-386
3153;Mannen en Vrouwen;67 jaar;2039;284;669;-385
3154;Mannen en Vrouwen;67 jaar;2040;272;647;-375
3155;Mannen en Vrouwen;67 jaar;2041;267;640;-373
3156;Mannen en Vrouwen;67 jaar;2042;262;622;-360
3157;Mannen en Vrouwen;67 jaar;2043;263;620;-357
3158;Mannen en Vrouwen;67 jaar;2044;264;624;-360
3159;Mannen en Vrouwen;67 jaar;2045;266;630;-364
3160;Mannen en Vrouwen;67 jaar;2046;267;634;-367
3161;Mannen en Vrouwen;67 jaar;2047;271;647;-376
3162;Mannen en Vrouwen;67 jaar;2048;268;646;-378
3163;Mannen en Vrouwen;67 jaar;2049;265;647;-382
3164;Mannen en Vrouwen;67 jaar;2050;264;650;-386
3165;Mannen en Vrouwen;67 jaar;2051;269;664;-395
3166;Mannen en Vrouwen;67 jaar;2052;271;673;-402
3167;Mannen en Vrouwen;67 jaar;2053;274;682;-408
3168;Mannen en Vrouwen;67 jaar;2054;278;686;-408
3169;Mannen en Vrouwen;67 jaar;2055;279;692;-413
3170;Mannen en Vrouwen;67 jaar;2056;279;699;-420
3171;Mannen en Vrouwen;67 jaar;2057;287;715;-428
3172;Mannen en Vrouwen;67 jaar;2058;287;720;-433
3173;Mannen en Vrouwen;67 jaar;2059;286;722;-436
3174;Mannen en Vrouwen;68 jaar;2014;277;439;-162
3175;Mannen en Vrouwen;68 jaar;2015;268;435;-167
3176;Mannen en Vrouwen;68 jaar;2016;258;438;-180
3177;Mannen en Vrouwen;68 jaar;2017;252;439;-187
3178;Mannen en Vrouwen;68 jaar;2018;247;453;-206
3179;Mannen en Vrouwen;68 jaar;2019;247;437;-190
3180;Mannen en Vrouwen;68 jaar;2020;248;459;-211
3181;Mannen en Vrouwen;68 jaar;2021;247;457;-210
3182;Mannen en Vrouwen;68 jaar;2022;250;466;-216
3183;Mannen en Vrouwen;68 jaar;2023;251;476;-225
3184;Mannen en Vrouwen;68 jaar;2024;253;493;-240
3185;Mannen en Vrouwen;68 jaar;2025;256;495;-239
3186;Mannen en Vrouwen;68 jaar;2026;259;507;-248
3187;Mannen en Vrouwen;68 jaar;2027;263;524;-261
3188;Mannen en Vrouwen;68 jaar;2028;262;551;-289
3189;Mannen en Vrouwen;68 jaar;2029;268;541;-273
3190;Mannen en Vrouwen;68 jaar;2030;268;565;-297
3191;Mannen en Vrouwen;68 jaar;2031;270;572;-302
3192;Mannen en Vrouwen;68 jaar;2032;273;593;-320
3193;Mannen en Vrouwen;68 jaar;2033;270;594;-324
3194;Mannen en Vrouwen;68 jaar;2034;268;588;-320
3195;Mannen en Vrouwen;68 jaar;2035;268;578;-310
3196;Mannen en Vrouwen;68 jaar;2036;268;599;-331
3197;Mannen en Vrouwen;68 jaar;2037;275;614;-339
3198;Mannen en Vrouwen;68 jaar;2038;270;618;-348
3199;Mannen en Vrouwen;68 jaar;2039;264;605;-341
3200;Mannen en Vrouwen;68 jaar;2040;255;598;-343
3201;Mannen en Vrouwen;68 jaar;2041;245;579;-334
3202;Mannen en Vrouwen;68 jaar;2042;238;572;-334
3203;Mannen en Vrouwen;68 jaar;2043;233;558;-325
3204;Mannen en Vrouwen;68 jaar;2044;234;554;-320
3205;Mannen en Vrouwen;68 jaar;2045;233;559;-326
3206;Mannen en Vrouwen;68 jaar;2046;238;562;-324
3207;Mannen en Vrouwen;68 jaar;2047;239;567;-328
3208;Mannen en Vrouwen;68 jaar;2048;243;578;-335
3209;Mannen en Vrouwen;68 jaar;2049;242;577;-335
3210;Mannen en Vrouwen;68 jaar;2050;237;578;-341
3211;Mannen en Vrouwen;68 jaar;2051;235;582;-347
3212;Mannen en Vrouwen;68 jaar;2052;239;595;-356
3213;Mannen en Vrouwen;68 jaar;2053;242;601;-359
3214;Mannen en Vrouwen;68 jaar;2054;245;609;-364
3215;Mannen en Vrouwen;68 jaar;2055;248;611;-363
3216;Mannen en Vrouwen;68 jaar;2056;247;617;-370
3217;Mannen en Vrouwen;68 jaar;2057;248;625;-377
3218;Mannen en Vrouwen;68 jaar;2058;257;636;-379
3219;Mannen en Vrouwen;68 jaar;2059;258;640;-382
3220;Mannen en Vrouwen;69 jaar;2014;205;332;-127
3221;Mannen en Vrouwen;69 jaar;2015;251;386;-135
3222;Mannen en Vrouwen;69 jaar;2016;241;389;-148
3223;Mannen en Vrouwen;69 jaar;2017;232;396;-164
3224;Mannen en Vrouwen;69 jaar;2018;227;397;-170
3225;Mannen en Vrouwen;69 jaar;2019;225;409;-184
3226;Mannen en Vrouwen;69 jaar;2020;222;391;-169
3227;Mannen en Vrouwen;69 jaar;2021;225;408;-183
3228;Mannen en Vrouwen;69 jaar;2022;224;407;-183
3229;Mannen en Vrouwen;69 jaar;2023;227;416;-189
3230;Mannen en Vrouwen;69 jaar;2024;229;424;-195
3231;Mannen en Vrouwen;69 jaar;2025;231;441;-210
3232;Mannen en Vrouwen;69 jaar;2026;234;443;-209
3233;Mannen en Vrouwen;69 jaar;2027;236;454;-218
3234;Mannen en Vrouwen;69 jaar;2028;240;469;-229
3235;Mannen en Vrouwen;69 jaar;2029;240;493;-253
3236;Mannen en Vrouwen;69 jaar;2030;245;486;-241
3237;Mannen en Vrouwen;69 jaar;2031;246;509;-263
3238;Mannen en Vrouwen;69 jaar;2032;248;515;-267
3239;Mannen en Vrouwen;69 jaar;2033;249;534;-285
3240;Mannen en Vrouwen;69 jaar;2034;247;536;-289
3241;Mannen en Vrouwen;69 jaar;2035;245;531;-286
3242;Mannen en Vrouwen;69 jaar;2036;246;521;-275
3243;Mannen en Vrouwen;69 jaar;2037;244;542;-298
3244;Mannen en Vrouwen;69 jaar;2038;251;554;-303
3245;Mannen en Vrouwen;69 jaar;2039;246;560;-314
3246;Mannen en Vrouwen;69 jaar;2040;240;548;-308
3247;Mannen en Vrouwen;69 jaar;2041;232;542;-310
3248;Mannen en Vrouwen;69 jaar;2042;220;524;-304
3249;Mannen en Vrouwen;69 jaar;2043;215;521;-306
3250;Mannen en Vrouwen;69 jaar;2044;211;508;-297
3251;Mannen en Vrouwen;69 jaar;2045;211;503;-292
3252;Mannen en Vrouwen;69 jaar;2046;211;507;-296
3253;Mannen en Vrouwen;69 jaar;2047;211;512;-301
3254;Mannen en Vrouwen;69 jaar;2048;212;515;-303
3255;Mannen en Vrouwen;69 jaar;2049;216;525;-309
3256;Mannen en Vrouwen;69 jaar;2050;216;524;-308
3257;Mannen en Vrouwen;69 jaar;2051;210;527;-317
3258;Mannen en Vrouwen;69 jaar;2052;210;530;-320
3259;Mannen en Vrouwen;69 jaar;2053;212;542;-330
3260;Mannen en Vrouwen;69 jaar;2054;215;549;-334
3261;Mannen en Vrouwen;69 jaar;2055;218;554;-336
3262;Mannen en Vrouwen;69 jaar;2056;220;556;-336
3263;Mannen en Vrouwen;69 jaar;2057;219;563;-344
3264;Mannen en Vrouwen;69 jaar;2058;220;569;-349
3265;Mannen en Vrouwen;69 jaar;2059;231;579;-348
3266;Mannen en Vrouwen;70 jaar;2014;191;296;-105
3267;Mannen en Vrouwen;70 jaar;2015;184;296;-112
3268;Mannen en Vrouwen;70 jaar;2016;225;347;-122
3269;Mannen en Vrouwen;70 jaar;2017;218;354;-136
3270;Mannen en Vrouwen;70 jaar;2018;208;362;-154
3271;Mannen en Vrouwen;70 jaar;2019;205;360;-155
3272;Mannen en Vrouwen;70 jaar;2020;201;368;-167
3273;Mannen en Vrouwen;70 jaar;2021;203;349;-146
3274;Mannen en Vrouwen;70 jaar;2022;206;365;-159
3275;Mannen en Vrouwen;70 jaar;2023;206;366;-160
3276;Mannen en Vrouwen;70 jaar;2024;206;374;-168
3277;Mannen en Vrouwen;70 jaar;2025;209;383;-174
3278;Mannen en Vrouwen;70 jaar;2026;210;399;-189
3279;Mannen en Vrouwen;70 jaar;2027;214;400;-186
3280;Mannen en Vrouwen;70 jaar;2028;214;410;-196
3281;Mannen en Vrouwen;70 jaar;2029;219;424;-205
3282;Mannen en Vrouwen;70 jaar;2030;219;449;-230
3283;Mannen en Vrouwen;70 jaar;2031;224;442;-218
3284;Mannen en Vrouwen;70 jaar;2032;225;464;-239
3285;Mannen en Vrouwen;70 jaar;2033;227;468;-241
3286;Mannen en Vrouwen;70 jaar;2034;230;487;-257
3287;Mannen en Vrouwen;70 jaar;2035;228;488;-260
3288;Mannen en Vrouwen;70 jaar;2036;225;483;-258
3289;Mannen en Vrouwen;70 jaar;2037;225;475;-250
3290;Mannen en Vrouwen;70 jaar;2038;225;495;-270
3291;Mannen en Vrouwen;70 jaar;2039;233;507;-274
3292;Mannen en Vrouwen;70 jaar;2040;229;513;-284
3293;Mannen en Vrouwen;70 jaar;2041;221;503;-282
3294;Mannen en Vrouwen;70 jaar;2042;216;497;-281
3295;Mannen en Vrouwen;70 jaar;2043;206;482;-276
3296;Mannen en Vrouwen;70 jaar;2044;201;480;-279
3297;Mannen en Vrouwen;70 jaar;2045;196;467;-271
3298;Mannen en Vrouwen;70 jaar;2046;196;463;-267
3299;Mannen en Vrouwen;70 jaar;2047;196;467;-271
3300;Mannen en Vrouwen;70 jaar;2048;197;471;-274
3301;Mannen en Vrouwen;70 jaar;2049;197;475;-278
3302;Mannen en Vrouwen;70 jaar;2050;201;483;-282
3303;Mannen en Vrouwen;70 jaar;2051;200;481;-281
3304;Mannen en Vrouwen;70 jaar;2052;196;485;-289
3305;Mannen en Vrouwen;70 jaar;2053;195;488;-293
3306;Mannen en Vrouwen;70 jaar;2054;197;499;-302
3307;Mannen en Vrouwen;70 jaar;2055;200;504;-304
3308;Mannen en Vrouwen;70 jaar;2056;207;509;-302
3309;Mannen en Vrouwen;70 jaar;2057;206;511;-305
3310;Mannen en Vrouwen;70 jaar;2058;207;518;-311
3311;Mannen en Vrouwen;70 jaar;2059;208;523;-315
3312;Mannen en Vrouwen;71 jaar;2014;173;259;-86
3313;Mannen en Vrouwen;71 jaar;2015;176;274;-98
3314;Mannen en Vrouwen;71 jaar;2016;172;276;-104
3315;Mannen en Vrouwen;71 jaar;2017;210;327;-117
3316;Mannen en Vrouwen;71 jaar;2018;204;333;-129
3317;Mannen en Vrouwen;71 jaar;2019;196;340;-144
3318;Mannen en Vrouwen;71 jaar;2020;191;336;-145
3319;Mannen en Vrouwen;71 jaar;2021;187;343;-156
3320;Mannen en Vrouwen;71 jaar;2022;189;327;-138
3321;Mannen en Vrouwen;71 jaar;2023;192;344;-152
3322;Mannen en Vrouwen;71 jaar;2024;191;344;-153
3323;Mannen en Vrouwen;71 jaar;2025;192;356;-164
3324;Mannen en Vrouwen;71 jaar;2026;193;364;-171
3325;Mannen en Vrouwen;71 jaar;2027;194;379;-185
3326;Mannen en Vrouwen;71 jaar;2028;198;382;-184
3327;Mannen en Vrouwen;71 jaar;2029;199;393;-194
3328;Mannen en Vrouwen;71 jaar;2030;201;406;-205
3329;Mannen en Vrouwen;71 jaar;2031;201;432;-231
3330;Mannen en Vrouwen;71 jaar;2032;207;425;-218
3331;Mannen en Vrouwen;71 jaar;2033;208;445;-237
3332;Mannen en Vrouwen;71 jaar;2034;211;452;-241
3333;Mannen en Vrouwen;71 jaar;2035;212;471;-259
3334;Mannen en Vrouwen;71 jaar;2036;210;471;-261
3335;Mannen en Vrouwen;71 jaar;2037;208;467;-259
3336;Mannen en Vrouwen;71 jaar;2038;208;460;-252
3337;Mannen en Vrouwen;71 jaar;2039;208;480;-272
3338;Mannen en Vrouwen;71 jaar;2040;214;492;-278
3339;Mannen en Vrouwen;71 jaar;2041;210;499;-289
3340;Mannen en Vrouwen;71 jaar;2042;202;488;-286
3341;Mannen en Vrouwen;71 jaar;2043;197;484;-287
3342;Mannen en Vrouwen;71 jaar;2044;187;471;-284
3343;Mannen en Vrouwen;71 jaar;2045;184;468;-284
3344;Mannen en Vrouwen;71 jaar;2046;181;456;-275
3345;Mannen en Vrouwen;71 jaar;2047;180;454;-274
3346;Mannen en Vrouwen;71 jaar;2048;180;458;-278
3347;Mannen en Vrouwen;71 jaar;2049;182;462;-280
3348;Mannen en Vrouwen;71 jaar;2050;181;465;-284
3349;Mannen en Vrouwen;71 jaar;2051;185;475;-290
3350;Mannen en Vrouwen;71 jaar;2052;183;475;-292
3351;Mannen en Vrouwen;71 jaar;2053;180;478;-298
3352;Mannen en Vrouwen;71 jaar;2054;179;482;-303
3353;Mannen en Vrouwen;71 jaar;2055;182;493;-311
3354;Mannen en Vrouwen;71 jaar;2056;184;498;-314
3355;Mannen en Vrouwen;71 jaar;2057;188;502;-314
3356;Mannen en Vrouwen;71 jaar;2058;191;505;-314
3357;Mannen en Vrouwen;71 jaar;2059;191;512;-321
3358;Mannen en Vrouwen;72 jaar;2014;153;246;-93
3359;Mannen en Vrouwen;72 jaar;2015;164;238;-74
3360;Mannen en Vrouwen;72 jaar;2016;166;254;-88
3361;Mannen en Vrouwen;72 jaar;2017;161;258;-97
3362;Mannen en Vrouwen;72 jaar;2018;196;303;-107
3363;Mannen en Vrouwen;72 jaar;2019;191;309;-118
3364;Mannen en Vrouwen;72 jaar;2020;184;311;-127
3365;Mannen en Vrouwen;72 jaar;2021;180;306;-126
3366;Mannen en Vrouwen;72 jaar;2022;178;315;-137
3367;Mannen en Vrouwen;72 jaar;2023;180;300;-120
3368;Mannen en Vrouwen;72 jaar;2024;183;315;-132
3369;Mannen en Vrouwen;72 jaar;2025;183;319;-136
3370;Mannen en Vrouwen;72 jaar;2026;184;330;-146
3371;Mannen en Vrouwen;72 jaar;2027;184;338;-154
3372;Mannen en Vrouwen;72 jaar;2028;185;353;-168
3373;Mannen en Vrouwen;72 jaar;2029;187;355;-168
3374;Mannen en Vrouwen;72 jaar;2030;189;367;-178
3375;Mannen en Vrouwen;72 jaar;2031;192;381;-189
3376;Mannen en Vrouwen;72 jaar;2032;192;407;-215
3377;Mannen en Vrouwen;72 jaar;2033;197;399;-202
3378;Mannen en Vrouwen;72 jaar;2034;198;422;-224
3379;Mannen en Vrouwen;72 jaar;2035;200;428;-228
3380;Mannen en Vrouwen;72 jaar;2036;203;445;-242
3381;Mannen en Vrouwen;72 jaar;2037;201;447;-246
3382;Mannen en Vrouwen;72 jaar;2038;198;444;-246
3383;Mannen en Vrouwen;72 jaar;2039;199;436;-237
3384;Mannen en Vrouwen;72 jaar;2040;198;457;-259
3385;Mannen en Vrouwen;72 jaar;2041;204;466;-262
3386;Mannen en Vrouwen;72 jaar;2042;200;475;-275
3387;Mannen en Vrouwen;72 jaar;2043;193;465;-272
3388;Mannen en Vrouwen;72 jaar;2044;188;463;-275
3389;Mannen en Vrouwen;72 jaar;2045;179;452;-273
3390;Mannen en Vrouwen;72 jaar;2046;177;450;-273
3391;Mannen en Vrouwen;72 jaar;2047;173;439;-266
3392;Mannen en Vrouwen;72 jaar;2048;173;435;-262
3393;Mannen en Vrouwen;72 jaar;2049;172;441;-269
3394;Mannen en Vrouwen;72 jaar;2050;174;445;-271
3395;Mannen en Vrouwen;72 jaar;2051;173;448;-275
3396;Mannen en Vrouwen;72 jaar;2052;178;456;-278
3397;Mannen en Vrouwen;72 jaar;2053;177;456;-279
3398;Mannen en Vrouwen;72 jaar;2054;173;460;-287
3399;Mannen en Vrouwen;72 jaar;2055;172;464;-292
3400;Mannen en Vrouwen;72 jaar;2056;174;475;-301
3401;Mannen en Vrouwen;72 jaar;2057;176;478;-302
3402;Mannen en Vrouwen;72 jaar;2058;181;482;-301
3403;Mannen en Vrouwen;72 jaar;2059;183;485;-302
3404;Mannen en Vrouwen;73 jaar;2014;138;206;-68
3405;Mannen en Vrouwen;73 jaar;2015;142;218;-76
3406;Mannen en Vrouwen;73 jaar;2016;149;213;-64
3407;Mannen en Vrouwen;73 jaar;2017;152;227;-75
3408;Mannen en Vrouwen;73 jaar;2018;149;233;-84
3409;Mannen en Vrouwen;73 jaar;2019;182;273;-91
3410;Mannen en Vrouwen;73 jaar;2020;177;274;-97
3411;Mannen en Vrouwen;73 jaar;2021;169;277;-108
3412;Mannen en Vrouwen;73 jaar;2022;166;272;-106
3413;Mannen en Vrouwen;73 jaar;2023;164;282;-118
3414;Mannen en Vrouwen;73 jaar;2024;163;268;-105
3415;Mannen en Vrouwen;73 jaar;2025;167;285;-118
3416;Mannen en Vrouwen;73 jaar;2026;165;287;-122
3417;Mannen en Vrouwen;73 jaar;2027;166;297;-131
3418;Mannen en Vrouwen;73 jaar;2028;167;306;-139
3419;Mannen en Vrouwen;73 jaar;2029;170;319;-149
3420;Mannen en Vrouwen;73 jaar;2030;173;324;-151
3421;Mannen en Vrouwen;73 jaar;2031;175;337;-162
3422;Mannen en Vrouwen;73 jaar;2032;178;350;-172
3423;Mannen en Vrouwen;73 jaar;2033;177;376;-199
3424;Mannen en Vrouwen;73 jaar;2034;183;368;-185
3425;Mannen en Vrouwen;73 jaar;2035;183;391;-208
3426;Mannen en Vrouwen;73 jaar;2036;184;397;-213
3427;Mannen en Vrouwen;73 jaar;2037;186;415;-229
3428;Mannen en Vrouwen;73 jaar;2038;184;416;-232
3429;Mannen en Vrouwen;73 jaar;2039;183;414;-231
3430;Mannen en Vrouwen;73 jaar;2040;182;406;-224
3431;Mannen en Vrouwen;73 jaar;2041;182;427;-245
3432;Mannen en Vrouwen;73 jaar;2042;188;436;-248
3433;Mannen en Vrouwen;73 jaar;2043;184;444;-260
3434;Mannen en Vrouwen;73 jaar;2044;179;436;-257
3435;Mannen en Vrouwen;73 jaar;2045;173;435;-262
3436;Mannen en Vrouwen;73 jaar;2046;167;425;-258
3437;Mannen en Vrouwen;73 jaar;2047;162;424;-262
3438;Mannen en Vrouwen;73 jaar;2048;159;414;-255
3439;Mannen en Vrouwen;73 jaar;2049;159;410;-251
3440;Mannen en Vrouwen;73 jaar;2050;160;415;-255
3441;Mannen en Vrouwen;73 jaar;2051;161;420;-259
3442;Mannen en Vrouwen;73 jaar;2052;161;422;-261
3443;Mannen en Vrouwen;73 jaar;2053;163;431;-268
3444;Mannen en Vrouwen;73 jaar;2054;162;430;-268
3445;Mannen en Vrouwen;73 jaar;2055;159;435;-276
3446;Mannen en Vrouwen;73 jaar;2056;159;439;-280
3447;Mannen en Vrouwen;73 jaar;2057;162;449;-287
3448;Mannen en Vrouwen;73 jaar;2058;163;453;-290
3449;Mannen en Vrouwen;73 jaar;2059;166;456;-290
3450;Mannen en Vrouwen;74 jaar;2014;129;212;-83
3451;Mannen en Vrouwen;74 jaar;2015;127;192;-65
3452;Mannen en Vrouwen;74 jaar;2016;129;205;-76
3453;Mannen en Vrouwen;74 jaar;2017;139;203;-64
3454;Mannen en Vrouwen;74 jaar;2018;143;218;-75
3455;Mannen en Vrouwen;74 jaar;2019;138;223;-85
3456;Mannen en Vrouwen;74 jaar;2020;168;256;-88
3457;Mannen en Vrouwen;74 jaar;2021;163;257;-94
3458;Mannen en Vrouwen;74 jaar;2022;155;261;-106
3459;Mannen en Vrouwen;74 jaar;2023;154;257;-103
3460;Mannen en Vrouwen;74 jaar;2024;152;267;-115
3461;Mannen en Vrouwen;74 jaar;2025;152;256;-104
3462;Mannen en Vrouwen;74 jaar;2026;154;272;-118
3463;Mannen en Vrouwen;74 jaar;2027;154;276;-122
3464;Mannen en Vrouwen;74 jaar;2028;155;287;-132
3465;Mannen en Vrouwen;74 jaar;2029;157;295;-138
3466;Mannen en Vrouwen;74 jaar;2030;161;310;-149
3467;Mannen en Vrouwen;74 jaar;2031;163;315;-152
3468;Mannen en Vrouwen;74 jaar;2032;164;327;-163
3469;Mannen en Vrouwen;74 jaar;2033;166;340;-174
3470;Mannen en Vrouwen;74 jaar;2034;166;367;-201
3471;Mannen en Vrouwen;74 jaar;2035;171;360;-189
3472;Mannen en Vrouwen;74 jaar;2036;172;383;-211
3473;Mannen en Vrouwen;74 jaar;2037;173;389;-216
3474;Mannen en Vrouwen;74 jaar;2038;175;407;-232
3475;Mannen en Vrouwen;74 jaar;2039;172;410;-238
3476;Mannen en Vrouwen;74 jaar;2040;170;407;-237
3477;Mannen en Vrouwen;74 jaar;2041;170;401;-231
3478;Mannen en Vrouwen;74 jaar;2042;171;422;-251
3479;Mannen en Vrouwen;74 jaar;2043;176;431;-255
3480;Mannen en Vrouwen;74 jaar;2044;173;441;-268
3481;Mannen en Vrouwen;74 jaar;2045;168;432;-264
3482;Mannen en Vrouwen;74 jaar;2046;164;432;-268
3483;Mannen en Vrouwen;74 jaar;2047;155;422;-267
3484;Mannen en Vrouwen;74 jaar;2048;152;422;-270
3485;Mannen en Vrouwen;74 jaar;2049;150;413;-263
3486;Mannen en Vrouwen;74 jaar;2050;150;409;-259
3487;Mannen en Vrouwen;74 jaar;2051;149;416;-267
3488;Mannen en Vrouwen;74 jaar;2052;152;420;-268
3489;Mannen en Vrouwen;74 jaar;2053;150;423;-273
3490;Mannen en Vrouwen;74 jaar;2054;153;429;-276
3491;Mannen en Vrouwen;74 jaar;2055;153;431;-278
3492;Mannen en Vrouwen;74 jaar;2056;151;436;-285
3493;Mannen en Vrouwen;74 jaar;2057;150;440;-290
3494;Mannen en Vrouwen;74 jaar;2058;152;450;-298
3495;Mannen en Vrouwen;74 jaar;2059;155;454;-299
3496;Mannen en Vrouwen;75 jaar;2014;117;175;-58
3497;Mannen en Vrouwen;75 jaar;2015;119;188;-69
3498;Mannen en Vrouwen;75 jaar;2016;116;170;-54
3499;Mannen en Vrouwen;75 jaar;2017;119;185;-66
3500;Mannen en Vrouwen;75 jaar;2018;125;183;-58
3501;Mannen en Vrouwen;75 jaar;2019;129;196;-67
3502;Mannen en Vrouwen;75 jaar;2020;123;199;-76
3503;Mannen en Vrouwen;75 jaar;2021;152;226;-74
3504;Mannen en Vrouwen;75 jaar;2022;146;228;-82
3505;Mannen en Vrouwen;75 jaar;2023;143;231;-88
3506;Mannen en Vrouwen;75 jaar;2024;139;229;-90
3507;Mannen en Vrouwen;75 jaar;2025;138;241;-103
3508;Mannen en Vrouwen;75 jaar;2026;139;229;-90
3509;Mannen en Vrouwen;75 jaar;2027;142;247;-105
3510;Mannen en Vrouwen;75 jaar;2028;142;249;-107
3511;Mannen en Vrouwen;75 jaar;2029;143;261;-118
3512;Mannen en Vrouwen;75 jaar;2030;144;268;-124
3513;Mannen en Vrouwen;75 jaar;2031;147;283;-136
3514;Mannen en Vrouwen;75 jaar;2032;149;288;-139
3515;Mannen en Vrouwen;75 jaar;2033;151;301;-150
3516;Mannen en Vrouwen;75 jaar;2034;154;313;-159
3517;Mannen en Vrouwen;75 jaar;2035;154;340;-186
3518;Mannen en Vrouwen;75 jaar;2036;158;333;-175
3519;Mannen en Vrouwen;75 jaar;2037;157;355;-198
3520;Mannen en Vrouwen;75 jaar;2038;159;362;-203
3521;Mannen en Vrouwen;75 jaar;2039;160;381;-221
3522;Mannen en Vrouwen;75 jaar;2040;158;382;-224
3523;Mannen en Vrouwen;75 jaar;2041;157;381;-224
3524;Mannen en Vrouwen;75 jaar;2042;157;375;-218
3525;Mannen en Vrouwen;75 jaar;2043;157;397;-240
3526;Mannen en Vrouwen;75 jaar;2044;161;407;-246
3527;Mannen en Vrouwen;75 jaar;2045;160;416;-256
3528;Mannen en Vrouwen;75 jaar;2046;156;408;-252
3529;Mannen en Vrouwen;75 jaar;2047;150;410;-260
3530;Mannen en Vrouwen;75 jaar;2048;141;401;-260
3531;Mannen en Vrouwen;75 jaar;2049;140;401;-261
3532;Mannen en Vrouwen;75 jaar;2050;137;392;-255
3533;Mannen en Vrouwen;75 jaar;2051;136;389;-253
3534;Mannen en Vrouwen;75 jaar;2052;136;396;-260
3535;Mannen en Vrouwen;75 jaar;2053;137;400;-263
3536;Mannen en Vrouwen;75 jaar;2054;137;401;-264
3537;Mannen en Vrouwen;75 jaar;2055;142;410;-268
3538;Mannen en Vrouwen;75 jaar;2056;140;409;-269
3539;Mannen en Vrouwen;75 jaar;2057;136;415;-279
3540;Mannen en Vrouwen;75 jaar;2058;136;419;-283
3541;Mannen en Vrouwen;75 jaar;2059;139;430;-291
3542;Mannen en Vrouwen;76 jaar;2014;103;153;-50
3543;Mannen en Vrouwen;76 jaar;2015;105;159;-54
3544;Mannen en Vrouwen;76 jaar;2016;105;173;-68
3545;Mannen en Vrouwen;76 jaar;2017;105;157;-52
3546;Mannen en Vrouwen;76 jaar;2018;106;170;-64
3547;Mannen en Vrouwen;76 jaar;2019;111;169;-58
3548;Mannen en Vrouwen;76 jaar;2020;115;179;-64
3549;Mannen en Vrouwen;76 jaar;2021;111;184;-73
3550;Mannen en Vrouwen;76 jaar;2022;138;206;-68
3551;Mannen en Vrouwen;76 jaar;2023;134;208;-74
3552;Mannen en Vrouwen;76 jaar;2024;130;214;-84
3553;Mannen en Vrouwen;76 jaar;2025;127;213;-86
3554;Mannen en Vrouwen;76 jaar;2026;126;225;-99
3555;Mannen en Vrouwen;76 jaar;2027;127;215;-88
3556;Mannen en Vrouwen;76 jaar;2028;130;231;-101
3557;Mannen en Vrouwen;76 jaar;2029;130;235;-105
3558;Mannen en Vrouwen;76 jaar;2030;131;248;-117
3559;Mannen en Vrouwen;76 jaar;2031;132;259;-127
3560;Mannen en Vrouwen;76 jaar;2032;134;273;-139
3561;Mannen en Vrouwen;76 jaar;2033;136;278;-142
3562;Mannen en Vrouwen;76 jaar;2034;139;292;-153
3563;Mannen en Vrouwen;76 jaar;2035;141;303;-162
3564;Mannen en Vrouwen;76 jaar;2036;141;333;-192
3565;Mannen en Vrouwen;76 jaar;2037;144;326;-182
3566;Mannen en Vrouwen;76 jaar;2038;145;350;-205
3567;Mannen en Vrouwen;76 jaar;2039;147;356;-209
3568;Mannen en Vrouwen;76 jaar;2040;147;375;-228
3569;Mannen en Vrouwen;76 jaar;2041;145;378;-233
3570;Mannen en Vrouwen;76 jaar;2042;145;378;-233
3571;Mannen en Vrouwen;76 jaar;2043;145;372;-227
3572;Mannen en Vrouwen;76 jaar;2044;145;395;-250
3573;Mannen en Vrouwen;76 jaar;2045;148;403;-255
3574;Mannen en Vrouwen;76 jaar;2046;147;414;-267
3575;Mannen en Vrouwen;76 jaar;2047;143;407;-264
3576;Mannen en Vrouwen;76 jaar;2048;138;408;-270
3577;Mannen en Vrouwen;76 jaar;2049;129;400;-271
3578;Mannen en Vrouwen;76 jaar;2050;128;401;-273
3579;Mannen en Vrouwen;76 jaar;2051;126;393;-267
3580;Mannen en Vrouwen;76 jaar;2052;126;389;-263
3581;Mannen en Vrouwen;76 jaar;2053;124;396;-272
3582;Mannen en Vrouwen;76 jaar;2054;126;399;-273
3583;Mannen en Vrouwen;76 jaar;2055;128;403;-275
3584;Mannen en Vrouwen;76 jaar;2056;130;410;-280
3585;Mannen en Vrouwen;76 jaar;2057;129;410;-281
3586;Mannen en Vrouwen;76 jaar;2058;125;416;-291
3587;Mannen en Vrouwen;76 jaar;2059;125;420;-295
3588;Mannen en Vrouwen;77 jaar;2014;89;122;-33
3589;Mannen en Vrouwen;77 jaar;2015;94;131;-37
3590;Mannen en Vrouwen;77 jaar;2016;95;136;-41
3591;Mannen en Vrouwen;77 jaar;2017;96;151;-55
3592;Mannen en Vrouwen;77 jaar;2018;94;137;-43
3593;Mannen en Vrouwen;77 jaar;2019;97;149;-52
3594;Mannen en Vrouwen;77 jaar;2020;101;147;-46
3595;Mannen en Vrouwen;77 jaar;2021;105;155;-50
3596;Mannen en Vrouwen;77 jaar;2022;101;160;-59
3597;Mannen en Vrouwen;77 jaar;2023;127;180;-53
3598;Mannen en Vrouwen;77 jaar;2024;123;183;-60
3599;Mannen en Vrouwen;77 jaar;2025;118;189;-71
3600;Mannen en Vrouwen;77 jaar;2026;116;188;-72
3601;Mannen en Vrouwen;77 jaar;2027;115;202;-87
3602;Mannen en Vrouwen;77 jaar;2028;116;191;-75
3603;Mannen en Vrouwen;77 jaar;2029;118;207;-89
3604;Mannen en Vrouwen;77 jaar;2030;118;212;-94
3605;Mannen en Vrouwen;77 jaar;2031;119;225;-106
3606;Mannen en Vrouwen;77 jaar;2032;120;233;-113
3607;Mannen en Vrouwen;77 jaar;2033;121;247;-126
3608;Mannen en Vrouwen;77 jaar;2034;122;253;-131
3609;Mannen en Vrouwen;77 jaar;2035;124;266;-142
3610;Mannen en Vrouwen;77 jaar;2036;126;277;-151
3611;Mannen en Vrouwen;77 jaar;2037;126;305;-179
3612;Mannen en Vrouwen;77 jaar;2038;130;298;-168
3613;Mannen en Vrouwen;77 jaar;2039;131;320;-189
3614;Mannen en Vrouwen;77 jaar;2040;133;326;-193
3615;Mannen en Vrouwen;77 jaar;2041;134;344;-210
3616;Mannen en Vrouwen;77 jaar;2042;132;349;-217
3617;Mannen en Vrouwen;77 jaar;2043;132;348;-216
3618;Mannen en Vrouwen;77 jaar;2044;131;342;-211
3619;Mannen en Vrouwen;77 jaar;2045;131;365;-234
3620;Mannen en Vrouwen;77 jaar;2046;135;374;-239
3621;Mannen en Vrouwen;77 jaar;2047;133;384;-251
3622;Mannen en Vrouwen;77 jaar;2048;130;377;-247
3623;Mannen en Vrouwen;77 jaar;2049;125;379;-254
3624;Mannen en Vrouwen;77 jaar;2050;117;372;-255
3625;Mannen en Vrouwen;77 jaar;2051;116;373;-257
3626;Mannen en Vrouwen;77 jaar;2052;113;365;-252
3627;Mannen en Vrouwen;77 jaar;2053;114;362;-248
3628;Mannen en Vrouwen;77 jaar;2054;114;368;-254
3629;Mannen en Vrouwen;77 jaar;2055;115;372;-257
3630;Mannen en Vrouwen;77 jaar;2056;115;375;-260
3631;Mannen en Vrouwen;77 jaar;2057;117;382;-265
3632;Mannen en Vrouwen;77 jaar;2058;117;382;-265
3633;Mannen en Vrouwen;77 jaar;2059;113;387;-274
3634;Mannen en Vrouwen;78 jaar;2014;81;106;-25
3635;Mannen en Vrouwen;78 jaar;2015;81;110;-29
3636;Mannen en Vrouwen;78 jaar;2016;86;118;-32
3637;Mannen en Vrouwen;78 jaar;2017;89;123;-34
3638;Mannen en Vrouwen;78 jaar;2018;89;138;-49
3639;Mannen en Vrouwen;78 jaar;2019;88;125;-37
3640;Mannen en Vrouwen;78 jaar;2020;88;135;-47
3641;Mannen en Vrouwen;78 jaar;2021;95;132;-37
3642;Mannen en Vrouwen;78 jaar;2022;98;140;-42
3643;Mannen en Vrouwen;78 jaar;2023;94;145;-51
3644;Mannen en Vrouwen;78 jaar;2024;118;162;-44
3645;Mannen en Vrouwen;78 jaar;2025;113;164;-51
3646;Mannen en Vrouwen;78 jaar;2026;109;168;-59
3647;Mannen en Vrouwen;78 jaar;2027;107;168;-61
3648;Mannen en Vrouwen;78 jaar;2028;106;179;-73
3649;Mannen en Vrouwen;78 jaar;2029;107;169;-62
3650;Mannen en Vrouwen;78 jaar;2030;110;183;-73
3651;Mannen en Vrouwen;78 jaar;2031;110;187;-77
3652;Mannen en Vrouwen;78 jaar;2032;111;197;-86
3653;Mannen en Vrouwen;78 jaar;2033;112;205;-93
3654;Mannen en Vrouwen;78 jaar;2034;113;218;-105
3655;Mannen en Vrouwen;78 jaar;2035;114;222;-108
3656;Mannen en Vrouwen;78 jaar;2036;116;235;-119
3657;Mannen en Vrouwen;78 jaar;2037;120;245;-125
3658;Mannen en Vrouwen;78 jaar;2038;119;270;-151
3659;Mannen en Vrouwen;78 jaar;2039;123;264;-141
3660;Mannen en Vrouwen;78 jaar;2040;123;283;-160
3661;Mannen en Vrouwen;78 jaar;2041;124;290;-166
3662;Mannen en Vrouwen;78 jaar;2042;126;307;-181
3663;Mannen en Vrouwen;78 jaar;2043;125;310;-185
3664;Mannen en Vrouwen;78 jaar;2044;124;312;-188
3665;Mannen en Vrouwen;78 jaar;2045;123;305;-182
3666;Mannen en Vrouwen;78 jaar;2046;123;325;-202
3667;Mannen en Vrouwen;78 jaar;2047;128;334;-206
3668;Mannen en Vrouwen;78 jaar;2048;124;344;-220
3669;Mannen en Vrouwen;78 jaar;2049;121;339;-218
3670;Mannen en Vrouwen;78 jaar;2050;115;339;-224
3671;Mannen en Vrouwen;78 jaar;2051;110;333;-223
3672;Mannen en Vrouwen;78 jaar;2052;107;334;-227
3673;Mannen en Vrouwen;78 jaar;2053;104;326;-222
3674;Mannen en Vrouwen;78 jaar;2054;102;322;-220
3675;Mannen en Vrouwen;78 jaar;2055;101;330;-229
3676;Mannen en Vrouwen;78 jaar;2056;102;332;-230
3677;Mannen en Vrouwen;78 jaar;2057;101;335;-234
3678;Mannen en Vrouwen;78 jaar;2058;104;339;-235
3679;Mannen en Vrouwen;78 jaar;2059;102;340;-238
3680;Mannen en Vrouwen;79 jaar;2014;72;85;-13
3681;Mannen en Vrouwen;79 jaar;2015;73;94;-21
3682;Mannen en Vrouwen;79 jaar;2016;74;96;-22
3683;Mannen en Vrouwen;79 jaar;2017;76;105;-29
3684;Mannen en Vrouwen;79 jaar;2018;79;109;-30
3685;Mannen en Vrouwen;79 jaar;2019;79;122;-43
3686;Mannen en Vrouwen;79 jaar;2020;78;110;-32
3687;Mannen en Vrouwen;79 jaar;2021;80;120;-40
3688;Mannen en Vrouwen;79 jaar;2022;85;116;-31
3689;Mannen en Vrouwen;79 jaar;2023;87;123;-36
3690;Mannen en Vrouwen;79 jaar;2024;85;127;-42
3691;Mannen en Vrouwen;79 jaar;2025;107;142;-35
3692;Mannen en Vrouwen;79 jaar;2026;104;146;-42
3693;Mannen en Vrouwen;79 jaar;2027;99;149;-50
3694;Mannen en Vrouwen;79 jaar;2028;97;149;-52
3695;Mannen en Vrouwen;79 jaar;2029;97;157;-60
3696;Mannen en Vrouwen;79 jaar;2030;98;149;-51
3697;Mannen en Vrouwen;79 jaar;2031;100;161;-61
3698;Mannen en Vrouwen;79 jaar;2032;100;165;-65
3699;Mannen en Vrouwen;79 jaar;2033;100;173;-73
3700;Mannen en Vrouwen;79 jaar;2034;101;179;-78
3701;Mannen en Vrouwen;79 jaar;2035;102;190;-88
3702;Mannen en Vrouwen;79 jaar;2036;103;195;-92
3703;Mannen en Vrouwen;79 jaar;2037;105;206;-101
3704;Mannen en Vrouwen;79 jaar;2038;107;215;-108
3705;Mannen en Vrouwen;79 jaar;2039;107;238;-131
3706;Mannen en Vrouwen;79 jaar;2040;111;233;-122
3707;Mannen en Vrouwen;79 jaar;2041;111;251;-140
3708;Mannen en Vrouwen;79 jaar;2042;113;257;-144
3709;Mannen en Vrouwen;79 jaar;2043;115;273;-158
3710;Mannen en Vrouwen;79 jaar;2044;113;277;-164
3711;Mannen en Vrouwen;79 jaar;2045;113;280;-167
3712;Mannen en Vrouwen;79 jaar;2046;112;272;-160
3713;Mannen en Vrouwen;79 jaar;2047;112;291;-179
3714;Mannen en Vrouwen;79 jaar;2048;115;301;-186
3715;Mannen en Vrouwen;79 jaar;2049;114;310;-196
3716;Mannen en Vrouwen;79 jaar;2050;110;307;-197
3717;Mannen en Vrouwen;79 jaar;2051;105;306;-201
3718;Mannen en Vrouwen;79 jaar;2052;100;301;-201
3719;Mannen en Vrouwen;79 jaar;2053;97;301;-204
3720;Mannen en Vrouwen;79 jaar;2054;94;293;-199
3721;Mannen en Vrouwen;79 jaar;2055;93;290;-197
3722;Mannen en Vrouwen;79 jaar;2056;92;297;-205
3723;Mannen en Vrouwen;79 jaar;2057;92;298;-206
3724;Mannen en Vrouwen;79 jaar;2058;93;301;-208
3725;Mannen en Vrouwen;79 jaar;2059;96;304;-208
3726;Mannen en Vrouwen;80 jaar;2014;64;69;-5
3727;Mannen en Vrouwen;80 jaar;2015;64;73;-9
3728;Mannen en Vrouwen;80 jaar;2016;64;80;-16
3729;Mannen en Vrouwen;80 jaar;2017;62;83;-21
3730;Mannen en Vrouwen;80 jaar;2018;66;92;-26
3731;Mannen en Vrouwen;80 jaar;2019;67;95;-28
3732;Mannen en Vrouwen;80 jaar;2020;66;107;-41
3733;Mannen en Vrouwen;80 jaar;2021;65;95;-30
3734;Mannen en Vrouwen;80 jaar;2022;68;103;-35
3735;Mannen en Vrouwen;80 jaar;2023;72;99;-27
3736;Mannen en Vrouwen;80 jaar;2024;75;106;-31
3737;Mannen en Vrouwen;80 jaar;2025;72;111;-39
3738;Mannen en Vrouwen;80 jaar;2026;93;123;-30
3739;Mannen en Vrouwen;80 jaar;2027;91;126;-35
3740;Mannen en Vrouwen;80 jaar;2028;87;129;-42
3741;Mannen en Vrouwen;80 jaar;2029;84;130;-46
3742;Mannen en Vrouwen;80 jaar;2030;84;138;-54
3743;Mannen en Vrouwen;80 jaar;2031;85;131;-46
3744;Mannen en Vrouwen;80 jaar;2032;87;141;-54
3745;Mannen en Vrouwen;80 jaar;2033;87;143;-56
3746;Mannen en Vrouwen;80 jaar;2034;87;152;-65
3747;Mannen en Vrouwen;80 jaar;2035;89;158;-69
3748;Mannen en Vrouwen;80 jaar;2036;89;169;-80
3749;Mannen en Vrouwen;80 jaar;2037;91;170;-79
3750;Mannen en Vrouwen;80 jaar;2038;91;181;-90
3751;Mannen en Vrouwen;80 jaar;2039;94;191;-97
3752;Mannen en Vrouwen;80 jaar;2040;94;212;-118
3753;Mannen en Vrouwen;80 jaar;2041;96;207;-111
3754;Mannen en Vrouwen;80 jaar;2042;98;224;-126
3755;Mannen en Vrouwen;80 jaar;2043;101;230;-129
3756;Mannen en Vrouwen;80 jaar;2044;101;245;-144
3757;Mannen en Vrouwen;80 jaar;2045;100;249;-149
3758;Mannen en Vrouwen;80 jaar;2046;98;251;-153
3759;Mannen en Vrouwen;80 jaar;2047;99;244;-145
3760;Mannen en Vrouwen;80 jaar;2048;99;263;-164
3761;Mannen en Vrouwen;80 jaar;2049;103;272;-169
3762;Mannen en Vrouwen;80 jaar;2050;101;279;-178
3763;Mannen en Vrouwen;80 jaar;2051;97;278;-181
3764;Mannen en Vrouwen;80 jaar;2052;93;276;-183
3765;Mannen en Vrouwen;80 jaar;2053;87;271;-184
3766;Mannen en Vrouwen;80 jaar;2054;84;273;-189
3767;Mannen en Vrouwen;80 jaar;2055;82;264;-182
3768;Mannen en Vrouwen;80 jaar;2056;82;261;-179
3769;Mannen en Vrouwen;80 jaar;2057;81;268;-187
3770;Mannen en Vrouwen;80 jaar;2058;81;270;-189
3771;Mannen en Vrouwen;80 jaar;2059;82;271;-189
3772;Mannen en Vrouwen;81 jaar;2014;56;58;-2
3773;Mannen en Vrouwen;81 jaar;2015;59;59;0
3774;Mannen en Vrouwen;81 jaar;2016;61;63;-2
3775;Mannen en Vrouwen;81 jaar;2017;62;69;-7
3776;Mannen en Vrouwen;81 jaar;2018;61;72;-11
3777;Mannen en Vrouwen;81 jaar;2019;63;79;-16
3778;Mannen en Vrouwen;81 jaar;2020;63;81;-18
3779;Mannen en Vrouwen;81 jaar;2021;64;92;-28
3780;Mannen en Vrouwen;81 jaar;2022;64;81;-17
3781;Mannen en Vrouwen;81 jaar;2023;67;89;-22
3782;Mannen en Vrouwen;81 jaar;2024;71;85;-14
3783;Mannen en Vrouwen;81 jaar;2025;74;90;-16
3784;Mannen en Vrouwen;81 jaar;2026;72;93;-21
3785;Mannen en Vrouwen;81 jaar;2027;90;103;-13
3786;Mannen en Vrouwen;81 jaar;2028;87;106;-19
3787;Mannen en Vrouwen;81 jaar;2029;84;109;-25
3788;Mannen en Vrouwen;81 jaar;2030;83;108;-25
3789;Mannen en Vrouwen;81 jaar;2031;82;115;-33
3790;Mannen en Vrouwen;81 jaar;2032;82;108;-26
3791;Mannen en Vrouwen;81 jaar;2033;84;116;-32
3792;Mannen en Vrouwen;81 jaar;2034;83;118;-35
3793;Mannen en Vrouwen;81 jaar;2035;84;124;-40
3794;Mannen en Vrouwen;81 jaar;2036;86;130;-44
3795;Mannen en Vrouwen;81 jaar;2037;87;139;-52
3796;Mannen en Vrouwen;81 jaar;2038;89;140;-51
3797;Mannen en Vrouwen;81 jaar;2039;90;149;-59
3798;Mannen en Vrouwen;81 jaar;2040;92;157;-65
3799;Mannen en Vrouwen;81 jaar;2041;92;175;-83
3800;Mannen en Vrouwen;81 jaar;2042;94;171;-77
3801;Mannen en Vrouwen;81 jaar;2043;95;186;-91
3802;Mannen en Vrouwen;81 jaar;2044;96;191;-95
3803;Mannen en Vrouwen;81 jaar;2045;99;205;-106
3804;Mannen en Vrouwen;81 jaar;2046;97;208;-111
3805;Mannen en Vrouwen;81 jaar;2047;97;211;-114
3806;Mannen en Vrouwen;81 jaar;2048;97;202;-105
3807;Mannen en Vrouwen;81 jaar;2049;97;220;-123
3808;Mannen en Vrouwen;81 jaar;2050;100;231;-131
3809;Mannen en Vrouwen;81 jaar;2051;99;236;-137
3810;Mannen en Vrouwen;81 jaar;2052;94;236;-142
3811;Mannen en Vrouwen;81 jaar;2053;90;234;-144
3812;Mannen en Vrouwen;81 jaar;2054;85;231;-146
3813;Mannen en Vrouwen;81 jaar;2055;84;232;-148
3814;Mannen en Vrouwen;81 jaar;2056;81;223;-142
3815;Mannen en Vrouwen;81 jaar;2057;80;220;-140
3816;Mannen en Vrouwen;81 jaar;2058;80;226;-146
3817;Mannen en Vrouwen;81 jaar;2059;81;228;-147
3818;Mannen en Vrouwen;82 jaar;2014;51;48;3
3819;Mannen en Vrouwen;82 jaar;2015;51;50;1
3820;Mannen en Vrouwen;82 jaar;2016;51;52;-1
3821;Mannen en Vrouwen;82 jaar;2017;52;54;-2
3822;Mannen en Vrouwen;82 jaar;2018;55;60;-5
3823;Mannen en Vrouwen;82 jaar;2019;55;63;-8
3824;Mannen en Vrouwen;82 jaar;2020;57;69;-12
3825;Mannen en Vrouwen;82 jaar;2021;57;70;-13
3826;Mannen en Vrouwen;82 jaar;2022;59;81;-22
3827;Mannen en Vrouwen;82 jaar;2023;58;71;-13
3828;Mannen en Vrouwen;82 jaar;2024;60;78;-18
3829;Mannen en Vrouwen;82 jaar;2025;65;73;-8
3830;Mannen en Vrouwen;82 jaar;2026;66;78;-12
3831;Mannen en Vrouwen;82 jaar;2027;65;80;-15
3832;Mannen en Vrouwen;82 jaar;2028;82;90;-8
3833;Mannen en Vrouwen;82 jaar;2029;78;92;-14
3834;Mannen en Vrouwen;82 jaar;2030;76;95;-19
3835;Mannen en Vrouwen;82 jaar;2031;74;94;-20
3836;Mannen en Vrouwen;82 jaar;2032;74;99;-25
3837;Mannen en Vrouwen;82 jaar;2033;74;93;-19
3838;Mannen en Vrouwen;82 jaar;2034;75;100;-25
3839;Mannen en Vrouwen;82 jaar;2035;75;101;-26
3840;Mannen en Vrouwen;82 jaar;2036;76;107;-31
3841;Mannen en Vrouwen;82 jaar;2037;77;112;-35
3842;Mannen en Vrouwen;82 jaar;2038;79;120;-41
3843;Mannen en Vrouwen;82 jaar;2039;81;121;-40
3844;Mannen en Vrouwen;82 jaar;2040;82;128;-46
3845;Mannen en Vrouwen;82 jaar;2041;84;136;-52
3846;Mannen en Vrouwen;82 jaar;2042;84;152;-68
3847;Mannen en Vrouwen;82 jaar;2043;86;150;-64
3848;Mannen en Vrouwen;82 jaar;2044;87;162;-75
3849;Mannen en Vrouwen;82 jaar;2045;88;167;-79
3850;Mannen en Vrouwen;82 jaar;2046;89;180;-91
3851;Mannen en Vrouwen;82 jaar;2047;88;183;-95
3852;Mannen en Vrouwen;82 jaar;2048;87;185;-98
3853;Mannen en Vrouwen;82 jaar;2049;87;177;-90
3854;Mannen en Vrouwen;82 jaar;2050;88;195;-107
3855;Mannen en Vrouwen;82 jaar;2051;92;204;-112
3856;Mannen en Vrouwen;82 jaar;2052;89;210;-121
3857;Mannen en Vrouwen;82 jaar;2053;87;210;-123
3858;Mannen en Vrouwen;82 jaar;2054;84;208;-124
3859;Mannen en Vrouwen;82 jaar;2055;79;205;-126
3860;Mannen en Vrouwen;82 jaar;2056;76;206;-130
3861;Mannen en Vrouwen;82 jaar;2057;74;196;-122
3862;Mannen en Vrouwen;82 jaar;2058;74;193;-119
3863;Mannen en Vrouwen;82 jaar;2059;72;201;-129
3864;Mannen en Vrouwen;83 jaar;2014;48;40;8
3865;Mannen en Vrouwen;83 jaar;2015;49;43;6
3866;Mannen en Vrouwen;83 jaar;2016;48;45;3
3867;Mannen en Vrouwen;83 jaar;2017;49;46;3
3868;Mannen en Vrouwen;83 jaar;2018;49;49;0
3869;Mannen en Vrouwen;83 jaar;2019;50;54;-4
3870;Mannen en Vrouwen;83 jaar;2020;50;56;-6
3871;Mannen en Vrouwen;83 jaar;2021;52;63;-11
3872;Mannen en Vrouwen;83 jaar;2022;54;63;-9
3873;Mannen en Vrouwen;83 jaar;2023;54;73;-19
3874;Mannen en Vrouwen;83 jaar;2024;55;64;-9
3875;Mannen en Vrouwen;83 jaar;2025;56;70;-14
3876;Mannen en Vrouwen;83 jaar;2026;59;65;-6
3877;Mannen en Vrouwen;83 jaar;2027;62;70;-8
3878;Mannen en Vrouwen;83 jaar;2028;59;72;-13
3879;Mannen en Vrouwen;83 jaar;2029;75;80;-5
3880;Mannen en Vrouwen;83 jaar;2030;74;84;-10
3881;Mannen en Vrouwen;83 jaar;2031;70;86;-16
3882;Mannen en Vrouwen;83 jaar;2032;70;86;-16
3883;Mannen en Vrouwen;83 jaar;2033;67;90;-23
3884;Mannen en Vrouwen;83 jaar;2034;69;83;-14
3885;Mannen en Vrouwen;83 jaar;2035;71;90;-19
3886;Mannen en Vrouwen;83 jaar;2036;70;91;-21
3887;Mannen en Vrouwen;83 jaar;2037;71;97;-26
3888;Mannen en Vrouwen;83 jaar;2038;72;101;-29
3889;Mannen en Vrouwen;83 jaar;2039;73;107;-34
3890;Mannen en Vrouwen;83 jaar;2040;74;108;-34
3891;Mannen en Vrouwen;83 jaar;2041;77;114;-37
3892;Mannen en Vrouwen;83 jaar;2042;79;122;-43
3893;Mannen en Vrouwen;83 jaar;2043;79;137;-58
3894;Mannen en Vrouwen;83 jaar;2044;82;135;-53
3895;Mannen en Vrouwen;83 jaar;2045;82;147;-65
3896;Mannen en Vrouwen;83 jaar;2046;83;151;-68
3897;Mannen en Vrouwen;83 jaar;2047;84;162;-78
3898;Mannen en Vrouwen;83 jaar;2048;83;165;-82
3899;Mannen en Vrouwen;83 jaar;2049;82;169;-87
3900;Mannen en Vrouwen;83 jaar;2050;83;160;-77
3901;Mannen en Vrouwen;83 jaar;2051;83;176;-93
3902;Mannen en Vrouwen;83 jaar;2052;86;185;-99
3903;Mannen en Vrouwen;83 jaar;2053;85;189;-104
3904;Mannen en Vrouwen;83 jaar;2054;82;191;-109
3905;Mannen en Vrouwen;83 jaar;2055;79;189;-110
3906;Mannen en Vrouwen;83 jaar;2056;74;186;-112
3907;Mannen en Vrouwen;83 jaar;2057;71;186;-115
3908;Mannen en Vrouwen;83 jaar;2058;69;178;-109
3909;Mannen en Vrouwen;83 jaar;2059;69;174;-105
3910;Mannen en Vrouwen;84 jaar;2014;39;33;6
3911;Mannen en Vrouwen;84 jaar;2015;41;34;7
3912;Mannen en Vrouwen;84 jaar;2016;42;36;6
3913;Mannen en Vrouwen;84 jaar;2017;42;39;3
3914;Mannen en Vrouwen;84 jaar;2018;44;40;4
3915;Mannen en Vrouwen;84 jaar;2019;45;42;3
3916;Mannen en Vrouwen;84 jaar;2020;43;45;-2
3917;Mannen en Vrouwen;84 jaar;2021;43;48;-5
3918;Mannen en Vrouwen;84 jaar;2022;46;52;-6
3919;Mannen en Vrouwen;84 jaar;2023;46;54;-8
3920;Mannen en Vrouwen;84 jaar;2024;49;60;-11
3921;Mannen en Vrouwen;84 jaar;2025;47;55;-8
3922;Mannen en Vrouwen;84 jaar;2026;48;58;-10
3923;Mannen en Vrouwen;84 jaar;2027;53;57;-4
3924;Mannen en Vrouwen;84 jaar;2028;54;60;-6
3925;Mannen en Vrouwen;84 jaar;2029;52;62;-10
3926;Mannen en Vrouwen;84 jaar;2030;69;71;-2
3927;Mannen en Vrouwen;84 jaar;2031;67;72;-5
3928;Mannen en Vrouwen;84 jaar;2032;64;74;-10
3929;Mannen en Vrouwen;84 jaar;2033;63;75;-12
3930;Mannen en Vrouwen;84 jaar;2034;60;78;-18
3931;Mannen en Vrouwen;84 jaar;2035;62;73;-11
3932;Mannen en Vrouwen;84 jaar;2036;64;79;-15
3933;Mannen en Vrouwen;84 jaar;2037;64;80;-16
3934;Mannen en Vrouwen;84 jaar;2038;65;84;-19
3935;Mannen en Vrouwen;84 jaar;2039;65;88;-23
3936;Mannen en Vrouwen;84 jaar;2040;67;94;-27
3937;Mannen en Vrouwen;84 jaar;2041;68;95;-27
3938;Mannen en Vrouwen;84 jaar;2042;71;99;-28
3939;Mannen en Vrouwen;84 jaar;2043;72;107;-35
3940;Mannen en Vrouwen;84 jaar;2044;72;119;-47
3941;Mannen en Vrouwen;84 jaar;2045;75;118;-43
3942;Mannen en Vrouwen;84 jaar;2046;75;127;-52
3943;Mannen en Vrouwen;84 jaar;2047;77;132;-55
3944;Mannen en Vrouwen;84 jaar;2048;77;141;-64
3945;Mannen en Vrouwen;84 jaar;2049;77;143;-66
3946;Mannen en Vrouwen;84 jaar;2050;75;145;-70
3947;Mannen en Vrouwen;84 jaar;2051;77;139;-62
3948;Mannen en Vrouwen;84 jaar;2052;77;151;-74
3949;Mannen en Vrouwen;84 jaar;2053;80;159;-79
3950;Mannen en Vrouwen;84 jaar;2054;78;162;-84
3951;Mannen en Vrouwen;84 jaar;2055;75;164;-89
3952;Mannen en Vrouwen;84 jaar;2056;73;161;-88
3953;Mannen en Vrouwen;84 jaar;2057;68;159;-91
3954;Mannen en Vrouwen;84 jaar;2058;66;157;-91
3955;Mannen en Vrouwen;84 jaar;2059;63;150;-87
3956;Mannen en Vrouwen;85 jaar;2014;34;27;7
3957;Mannen en Vrouwen;85 jaar;2015;36;27;9
3958;Mannen en Vrouwen;85 jaar;2016;38;27;11
3959;Mannen en Vrouwen;85 jaar;2017;38;29;9
3960;Mannen en Vrouwen;85 jaar;2018;38;32;6
3961;Mannen en Vrouwen;85 jaar;2019;38;33;5
3962;Mannen en Vrouwen;85 jaar;2020;38;34;4
3963;Mannen en Vrouwen;85 jaar;2021;38;36;2
3964;Mannen en Vrouwen;85 jaar;2022;38;38;0
3965;Mannen en Vrouwen;85 jaar;2023;40;41;-1
3966;Mannen en Vrouwen;85 jaar;2024;42;42;0
3967;Mannen en Vrouwen;85 jaar;2025;42;49;-7
3968;Mannen en Vrouwen;85 jaar;2026;42;44;-2
3969;Mannen en Vrouwen;85 jaar;2027;44;48;-4
3970;Mannen en Vrouwen;85 jaar;2028;47;46;1
3971;Mannen en Vrouwen;85 jaar;2029;49;49;0
3972;Mannen en Vrouwen;85 jaar;2030;47;52;-5
3973;Mannen en Vrouwen;85 jaar;2031;61;58;3
3974;Mannen en Vrouwen;85 jaar;2032;59;59;0
3975;Mannen en Vrouwen;85 jaar;2033;57;61;-4
3976;Mannen en Vrouwen;85 jaar;2034;56;62;-6
3977;Mannen en Vrouwen;85 jaar;2035;55;64;-9
3978;Mannen en Vrouwen;85 jaar;2036;56;60;-4
3979;Mannen en Vrouwen;85 jaar;2037;57;65;-8
3980;Mannen en Vrouwen;85 jaar;2038;58;66;-8
3981;Mannen en Vrouwen;85 jaar;2039;58;70;-12
3982;Mannen en Vrouwen;85 jaar;2040;60;73;-13
3983;Mannen en Vrouwen;85 jaar;2041;61;77;-16
3984;Mannen en Vrouwen;85 jaar;2042;61;78;-17
3985;Mannen en Vrouwen;85 jaar;2043;63;82;-19
3986;Mannen en Vrouwen;85 jaar;2044;64;88;-24
3987;Mannen en Vrouwen;85 jaar;2045;64;98;-34
3988;Mannen en Vrouwen;85 jaar;2046;67;96;-29
3989;Mannen en Vrouwen;85 jaar;2047;67;104;-37
3990;Mannen en Vrouwen;85 jaar;2048;69;108;-39
3991;Mannen en Vrouwen;85 jaar;2049;69;116;-47
3992;Mannen en Vrouwen;85 jaar;2050;69;118;-49
3993;Mannen en Vrouwen;85 jaar;2051;68;119;-51
3994;Mannen en Vrouwen;85 jaar;2052;69;113;-44
3995;Mannen en Vrouwen;85 jaar;2053;69;124;-55
3996;Mannen en Vrouwen;85 jaar;2054;72;131;-59
3997;Mannen en Vrouwen;85 jaar;2055;70;133;-63
3998;Mannen en Vrouwen;85 jaar;2056;68;135;-67
3999;Mannen en Vrouwen;85 jaar;2057;66;133;-67
4000;Mannen en Vrouwen;85 jaar;2058;62;131;-69
4001;Mannen en Vrouwen;85 jaar;2059;61;129;-68
4002;Mannen en Vrouwen;86 jaar;2014;30;23;7
4003;Mannen en Vrouwen;86 jaar;2015;30;23;7
4004;Mannen en Vrouwen;86 jaar;2016;30;24;6
4005;Mannen en Vrouwen;86 jaar;2017;31;24;7
4006;Mannen en Vrouwen;86 jaar;2018;31;26;5
4007;Mannen en Vrouwen;86 jaar;2019;32;29;3
4008;Mannen en Vrouwen;86 jaar;2020;32;29;3
4009;Mannen en Vrouwen;86 jaar;2021;33;30;3
4010;Mannen en Vrouwen;86 jaar;2022;35;32;3
4011;Mannen en Vrouwen;86 jaar;2023;35;35;0
4012;Mannen en Vrouwen;86 jaar;2024;36;38;-2
4013;Mannen en Vrouwen;86 jaar;2025;38;39;-1
4014;Mannen en Vrouwen;86 jaar;2026;38;44;-6
4015;Mannen en Vrouwen;86 jaar;2027;39;41;-2
4016;Mannen en Vrouwen;86 jaar;2028;40;43;-3
4017;Mannen en Vrouwen;86 jaar;2029;44;42;2
4018;Mannen en Vrouwen;86 jaar;2030;45;45;0
4019;Mannen en Vrouwen;86 jaar;2031;44;48;-4
4020;Mannen en Vrouwen;86 jaar;2032;57;55;2
4021;Mannen en Vrouwen;86 jaar;2033;55;56;-1
4022;Mannen en Vrouwen;86 jaar;2034;53;57;-4
4023;Mannen en Vrouwen;86 jaar;2035;53;58;-5
4024;Mannen en Vrouwen;86 jaar;2036;53;59;-6
4025;Mannen en Vrouwen;86 jaar;2037;53;57;-4
4026;Mannen en Vrouwen;86 jaar;2038;55;60;-5
4027;Mannen en Vrouwen;86 jaar;2039;55;61;-6
4028;Mannen en Vrouwen;86 jaar;2040;55;65;-10
4029;Mannen en Vrouwen;86 jaar;2041;56;68;-12
4030;Mannen en Vrouwen;86 jaar;2042;57;72;-15
4031;Mannen en Vrouwen;86 jaar;2043;58;73;-15
4032;Mannen en Vrouwen;86 jaar;2044;60;77;-17
4033;Mannen en Vrouwen;86 jaar;2045;62;83;-21
4034;Mannen en Vrouwen;86 jaar;2046;62;92;-30
4035;Mannen en Vrouwen;86 jaar;2047;64;91;-27
4036;Mannen en Vrouwen;86 jaar;2048;66;98;-32
4037;Mannen en Vrouwen;86 jaar;2049;67;101;-34
4038;Mannen en Vrouwen;86 jaar;2050;69;110;-41
4039;Mannen en Vrouwen;86 jaar;2051;68;111;-43
4040;Mannen en Vrouwen;86 jaar;2052;67;111;-44
4041;Mannen en Vrouwen;86 jaar;2053;67;106;-39
4042;Mannen en Vrouwen;86 jaar;2054;67;116;-49
4043;Mannen en Vrouwen;86 jaar;2055;71;123;-52
4044;Mannen en Vrouwen;86 jaar;2056;69;125;-56
4045;Mannen en Vrouwen;86 jaar;2057;67;127;-60
4046;Mannen en Vrouwen;86 jaar;2058;64;124;-60
4047;Mannen en Vrouwen;86 jaar;2059;60;122;-62
4048;Mannen en Vrouwen;87 jaar;2014;23;19;4
4049;Mannen en Vrouwen;87 jaar;2015;25;21;4
4050;Mannen en Vrouwen;87 jaar;2016;25;21;4
4051;Mannen en Vrouwen;87 jaar;2017;25;22;3
4052;Mannen en Vrouwen;87 jaar;2018;27;22;5
4053;Mannen en Vrouwen;87 jaar;2019;29;24;5
4054;Mannen en Vrouwen;87 jaar;2020;27;25;2
4055;Mannen en Vrouwen;87 jaar;2021;27;26;1
4056;Mannen en Vrouwen;87 jaar;2022;27;27;0
4057;Mannen en Vrouwen;87 jaar;2023;28;29;-1
4058;Mannen en Vrouwen;87 jaar;2024;29;30;-1
4059;Mannen en Vrouwen;87 jaar;2025;31;32;-1
4060;Mannen en Vrouwen;87 jaar;2026;32;33;-1
4061;Mannen en Vrouwen;87 jaar;2027;32;36;-4
4062;Mannen en Vrouwen;87 jaar;2028;33;35;-2
4063;Mannen en Vrouwen;87 jaar;2029;35;37;-2
4064;Mannen en Vrouwen;87 jaar;2030;37;37;0
4065;Mannen en Vrouwen;87 jaar;2031;40;40;0
4066;Mannen en Vrouwen;87 jaar;2032;38;42;-4
4067;Mannen en Vrouwen;87 jaar;2033;51;49;2
4068;Mannen en Vrouwen;87 jaar;2034;49;51;-2
4069;Mannen en Vrouwen;87 jaar;2035;47;51;-4
4070;Mannen en Vrouwen;87 jaar;2036;47;52;-5
4071;Mannen en Vrouwen;87 jaar;2037;46;53;-7
4072;Mannen en Vrouwen;87 jaar;2038;48;52;-4
4073;Mannen en Vrouwen;87 jaar;2039;49;54;-5
4074;Mannen en Vrouwen;87 jaar;2040;48;56;-8
4075;Mannen en Vrouwen;87 jaar;2041;49;58;-9
4076;Mannen en Vrouwen;87 jaar;2042;50;61;-11
4077;Mannen en Vrouwen;87 jaar;2043;51;64;-13
4078;Mannen en Vrouwen;87 jaar;2044;53;66;-13
4079;Mannen en Vrouwen;87 jaar;2045;54;68;-14
4080;Mannen en Vrouwen;87 jaar;2046;56;72;-16
4081;Mannen en Vrouwen;87 jaar;2047;56;79;-23
4082;Mannen en Vrouwen;87 jaar;2048;58;78;-20
4083;Mannen en Vrouwen;87 jaar;2049;58;84;-26
4084;Mannen en Vrouwen;87 jaar;2050;60;87;-27
4085;Mannen en Vrouwen;87 jaar;2051;63;93;-30
4086;Mannen en Vrouwen;87 jaar;2052;60;93;-33
4087;Mannen en Vrouwen;87 jaar;2053;60;93;-33
4088;Mannen en Vrouwen;87 jaar;2054;61;90;-29
4089;Mannen en Vrouwen;87 jaar;2055;62;97;-35
4090;Mannen en Vrouwen;87 jaar;2056;64;102;-38
4091;Mannen en Vrouwen;87 jaar;2057;63;104;-41
4092;Mannen en Vrouwen;87 jaar;2058;60;106;-46
4093;Mannen en Vrouwen;87 jaar;2059;58;104;-46
4094;Mannen en Vrouwen;88 jaar;2014;14;16;-2
4095;Mannen en Vrouwen;88 jaar;2015;14;15;-1
4096;Mannen en Vrouwen;88 jaar;2016;14;17;-3
4097;Mannen en Vrouwen;88 jaar;2017;14;18;-4
4098;Mannen en Vrouwen;88 jaar;2018;14;18;-4
4099;Mannen en Vrouwen;88 jaar;2019;14;19;-5
4100;Mannen en Vrouwen;88 jaar;2020;14;20;-6
4101;Mannen en Vrouwen;88 jaar;2021;14;21;-7
4102;Mannen en Vrouwen;88 jaar;2022;14;21;-7
4103;Mannen en Vrouwen;88 jaar;2023;16;22;-6
4104;Mannen en Vrouwen;88 jaar;2024;16;24;-8
4105;Mannen en Vrouwen;88 jaar;2025;16;24;-8
4106;Mannen en Vrouwen;88 jaar;2026;16;26;-10
4107;Mannen en Vrouwen;88 jaar;2027;18;28;-10
4108;Mannen en Vrouwen;88 jaar;2028;18;30;-12
4109;Mannen en Vrouwen;88 jaar;2029;18;30;-12
4110;Mannen en Vrouwen;88 jaar;2030;19;31;-12
4111;Mannen en Vrouwen;88 jaar;2031;19;33;-14
4112;Mannen en Vrouwen;88 jaar;2032;21;35;-14
4113;Mannen en Vrouwen;88 jaar;2033;21;37;-16
4114;Mannen en Vrouwen;88 jaar;2034;26;44;-18
4115;Mannen en Vrouwen;88 jaar;2035;26;46;-20
4116;Mannen en Vrouwen;88 jaar;2036;24;46;-22
4117;Mannen en Vrouwen;88 jaar;2037;24;46;-22
4118;Mannen en Vrouwen;88 jaar;2038;24;47;-23
4119;Mannen en Vrouwen;88 jaar;2039;24;47;-23
4120;Mannen en Vrouwen;88 jaar;2040;25;49;-24
4121;Mannen en Vrouwen;88 jaar;2041;25;51;-26
4122;Mannen en Vrouwen;88 jaar;2042;25;54;-29
4123;Mannen en Vrouwen;88 jaar;2043;25;56;-31
4124;Mannen en Vrouwen;88 jaar;2044;26;59;-33
4125;Mannen en Vrouwen;88 jaar;2045;26;60;-34
4126;Mannen en Vrouwen;88 jaar;2046;27;63;-36
4127;Mannen en Vrouwen;88 jaar;2047;28;66;-38
4128;Mannen en Vrouwen;88 jaar;2048;28;70;-42
4129;Mannen en Vrouwen;88 jaar;2049;31;72;-41
4130;Mannen en Vrouwen;88 jaar;2050;31;75;-44
4131;Mannen en Vrouwen;88 jaar;2051;31;77;-46
4132;Mannen en Vrouwen;88 jaar;2052;32;81;-49
4133;Mannen en Vrouwen;88 jaar;2053;31;81;-50
4134;Mannen en Vrouwen;88 jaar;2054;31;81;-50
4135;Mannen en Vrouwen;88 jaar;2055;31;81;-50
4136;Mannen en Vrouwen;88 jaar;2056;32;86;-54
4137;Mannen en Vrouwen;88 jaar;2057;33;90;-57
4138;Mannen en Vrouwen;88 jaar;2058;33;91;-58
4139;Mannen en Vrouwen;88 jaar;2059;31;91;-60
4140;Mannen en Vrouwen;89 jaar;2014;7;13;-6
4141;Mannen en Vrouwen;89 jaar;2015;7;14;-7
4142;Mannen en Vrouwen;89 jaar;2016;7;13;-6
4143;Mannen en Vrouwen;89 jaar;2017;9;14;-5
4144;Mannen en Vrouwen;89 jaar;2018;9;16;-7
4145;Mannen en Vrouwen;89 jaar;2019;9;16;-7
4146;Mannen en Vrouwen;89 jaar;2020;9;16;-7
4147;Mannen en Vrouwen;89 jaar;2021;9;17;-8
4148;Mannen en Vrouwen;89 jaar;2022;9;17;-8
4149;Mannen en Vrouwen;89 jaar;2023;9;18;-9
4150;Mannen en Vrouwen;89 jaar;2024;9;19;-10
4151;Mannen en Vrouwen;89 jaar;2025;9;20;-11
4152;Mannen en Vrouwen;89 jaar;2026;9;21;-12
4153;Mannen en Vrouwen;89 jaar;2027;9;22;-13
4154;Mannen en Vrouwen;89 jaar;2028;9;24;-15
4155;Mannen en Vrouwen;89 jaar;2029;10;25;-15
4156;Mannen en Vrouwen;89 jaar;2030;10;25;-15
4157;Mannen en Vrouwen;89 jaar;2031;10;26;-16
4158;Mannen en Vrouwen;89 jaar;2032;10;28;-18
4159;Mannen en Vrouwen;89 jaar;2033;12;30;-18
4160;Mannen en Vrouwen;89 jaar;2034;10;32;-22
4161;Mannen en Vrouwen;89 jaar;2035;14;38;-24
4162;Mannen en Vrouwen;89 jaar;2036;13;39;-26
4163;Mannen en Vrouwen;89 jaar;2037;13;38;-25
4164;Mannen en Vrouwen;89 jaar;2038;12;38;-26
4165;Mannen en Vrouwen;89 jaar;2039;12;40;-28
4166;Mannen en Vrouwen;89 jaar;2040;13;41;-28
4167;Mannen en Vrouwen;89 jaar;2041;13;43;-30
4168;Mannen en Vrouwen;89 jaar;2042;13;45;-32
4169;Mannen en Vrouwen;89 jaar;2043;13;46;-33
4170;Mannen en Vrouwen;89 jaar;2044;13;48;-35
4171;Mannen en Vrouwen;89 jaar;2045;14;51;-37
4172;Mannen en Vrouwen;89 jaar;2046;15;53;-38
4173;Mannen en Vrouwen;89 jaar;2047;15;55;-40
4174;Mannen en Vrouwen;89 jaar;2048;15;58;-43
4175;Mannen en Vrouwen;89 jaar;2049;15;61;-46
4176;Mannen en Vrouwen;89 jaar;2050;15;62;-47
4177;Mannen en Vrouwen;89 jaar;2051;15;65;-50
4178;Mannen en Vrouwen;89 jaar;2052;15;67;-52
4179;Mannen en Vrouwen;89 jaar;2053;16;70;-54
4180;Mannen en Vrouwen;89 jaar;2054;15;70;-55
4181;Mannen en Vrouwen;89 jaar;2055;15;71;-56
4182;Mannen en Vrouwen;89 jaar;2056;16;72;-56
4183;Mannen en Vrouwen;89 jaar;2057;16;74;-58
4184;Mannen en Vrouwen;89 jaar;2058;16;79;-63
4185;Mannen en Vrouwen;89 jaar;2059;16;78;-62
4186;Mannen en Vrouwen;90 jaar;2014;3;10;-7
4187;Mannen en Vrouwen;90 jaar;2015;4;11;-7
4188;Mannen en Vrouwen;90 jaar;2016;4;11;-7
4189;Mannen en Vrouwen;90 jaar;2017;5;11;-6
4190;Mannen en Vrouwen;90 jaar;2018;5;13;-8
4191;Mannen en Vrouwen;90 jaar;2019;5;13;-8
4192;Mannen en Vrouwen;90 jaar;2020;5;13;-8
4193;Mannen en Vrouwen;90 jaar;2021;5;13;-8
4194;Mannen en Vrouwen;90 jaar;2022;5;15;-10
4195;Mannen en Vrouwen;90 jaar;2023;5;15;-10
4196;Mannen en Vrouwen;90 jaar;2024;5;15;-10
4197;Mannen en Vrouwen;90 jaar;2025;5;16;-11
4198;Mannen en Vrouwen;90 jaar;2026;5;18;-13
4199;Mannen en Vrouwen;90 jaar;2027;5;18;-13
4200;Mannen en Vrouwen;90 jaar;2028;5;20;-15
4201;Mannen en Vrouwen;90 jaar;2029;5;20;-15
4202;Mannen en Vrouwen;90 jaar;2030;4;21;-17
4203;Mannen en Vrouwen;90 jaar;2031;4;22;-18
4204;Mannen en Vrouwen;90 jaar;2032;4;23;-19
4205;Mannen en Vrouwen;90 jaar;2033;4;25;-21
4206;Mannen en Vrouwen;90 jaar;2034;5;27;-22
4207;Mannen en Vrouwen;90 jaar;2035;4;27;-23
4208;Mannen en Vrouwen;90 jaar;2036;6;33;-27
4209;Mannen en Vrouwen;90 jaar;2037;6;34;-28
4210;Mannen en Vrouwen;90 jaar;2038;5;32;-27
4211;Mannen en Vrouwen;90 jaar;2039;5;32;-27
4212;Mannen en Vrouwen;90 jaar;2040;5;33;-28
4213;Mannen en Vrouwen;90 jaar;2041;5;33;-28
4214;Mannen en Vrouwen;90 jaar;2042;5;35;-30
4215;Mannen en Vrouwen;90 jaar;2043;5;37;-32
4216;Mannen en Vrouwen;90 jaar;2044;6;38;-32
4217;Mannen en Vrouwen;90 jaar;2045;6;39;-33
4218;Mannen en Vrouwen;90 jaar;2046;6;41;-35
4219;Mannen en Vrouwen;90 jaar;2047;6;43;-37
4220;Mannen en Vrouwen;90 jaar;2048;6;45;-39
4221;Mannen en Vrouwen;90 jaar;2049;7;48;-41
4222;Mannen en Vrouwen;90 jaar;2050;7;49;-42
4223;Mannen en Vrouwen;90 jaar;2051;7;51;-44
4224;Mannen en Vrouwen;90 jaar;2052;7;52;-45
4225;Mannen en Vrouwen;90 jaar;2053;7;54;-47
4226;Mannen en Vrouwen;90 jaar;2054;7;58;-51
4227;Mannen en Vrouwen;90 jaar;2055;7;57;-50
4228;Mannen en Vrouwen;90 jaar;2056;7;58;-51
4229;Mannen en Vrouwen;90 jaar;2057;7;58;-51
4230;Mannen en Vrouwen;90 jaar;2058;7;60;-53
4231;Mannen en Vrouwen;90 jaar;2059;7;64;-57
4232;Mannen en Vrouwen;91 jaar;2014;0;0;0
4233;Mannen en Vrouwen;91 jaar;2015;0;0;0
4234;Mannen en Vrouwen;91 jaar;2016;0;0;0
4235;Mannen en Vrouwen;91 jaar;2017;0;0;0
4236;Mannen en Vrouwen;91 jaar;2018;0;0;0
4237;Mannen en Vrouwen;91 jaar;2019;0;0;0
4238;Mannen en Vrouwen;91 jaar;2020;0;0;0
4239;Mannen en Vrouwen;91 jaar;2021;0;0;0
4240;Mannen en Vrouwen;91 jaar;2022;0;0;0
4241;Mannen en Vrouwen;91 jaar;2023;0;0;0
4242;Mannen en Vrouwen;91 jaar;2024;0;0;0
4243;Mannen en Vrouwen;91 jaar;2025;0;0;0
4244;Mannen en Vrouwen;91 jaar;2026;0;0;0
4245;Mannen en Vrouwen;91 jaar;2027;0;0;0
4246;Mannen en Vrouwen;91 jaar;2028;0;0;0
4247;Mannen en Vrouwen;91 jaar;2029;0;0;0
4248;Mannen en Vrouwen;91 jaar;2030;0;0;0
4249;Mannen en Vrouwen;91 jaar;2031;0;0;0
4250;Mannen en Vrouwen;91 jaar;2032;0;0;0
4251;Mannen en Vrouwen;91 jaar;2033;0;0;0
4252;Mannen en Vrouwen;91 jaar;2034;0;0;0
4253;Mannen en Vrouwen;91 jaar;2035;0;0;0
4254;Mannen en Vrouwen;91 jaar;2036;0;0;0
4255;Mannen en Vrouwen;91 jaar;2037;0;0;0
4256;Mannen en Vrouwen;91 jaar;2038;0;0;0
4257;Mannen en Vrouwen;91 jaar;2039;0;0;0
4258;Mannen en Vrouwen;91 jaar;2040;0;0;0
4259;Mannen en Vrouwen;91 jaar;2041;0;0;0
4260;Mannen en Vrouwen;91 jaar;2042;0;0;0
4261;Mannen en Vrouwen;91 jaar;2043;0;0;0
4262;Mannen en Vrouwen;91 jaar;2044;0;0;0
4263;Mannen en Vrouwen;91 jaar;2045;0;0;0
4264;Mannen en Vrouwen;91 jaar;2046;0;0;0
4265;Mannen en Vrouwen;91 jaar;2047;0;0;0
4266;Mannen en Vrouwen;91 jaar;2048;0;0;0
4267;Mannen en Vrouwen;91 jaar;2049;0;0;0
4268;Mannen en Vrouwen;91 jaar;2050;0;0;0
4269;Mannen en Vrouwen;91 jaar;2051;0;0;0
4270;Mannen en Vrouwen;91 jaar;2052;0;0;0
4271;Mannen en Vrouwen;91 jaar;2053;0;0;0
4272;Mannen en Vrouwen;91 jaar;2054;0;0;0
4273;Mannen en Vrouwen;91 jaar;2055;0;0;0
4274;Mannen en Vrouwen;91 jaar;2056;0;0;0
4275;Mannen en Vrouwen;91 jaar;2057;0;0;0
4276;Mannen en Vrouwen;91 jaar;2058;0;0;0
4277;Mannen en Vrouwen;91 jaar;2059;0;0;0
4278;Mannen en Vrouwen;92 jaar;2014;0;0;0
4279;Mannen en Vrouwen;92 jaar;2015;0;0;0
4280;Mannen en Vrouwen;92 jaar;2016;0;0;0
4281;Mannen en Vrouwen;92 jaar;2017;0;0;0
4282;Mannen en Vrouwen;92 jaar;2018;0;0;0
4283;Mannen en Vrouwen;92 jaar;2019;0;0;0
4284;Mannen en Vrouwen;92 jaar;2020;0;0;0
4285;Mannen en Vrouwen;92 jaar;2021;0;0;0
4286;Mannen en Vrouwen;92 jaar;2022;0;0;0
4287;Mannen en Vrouwen;92 jaar;2023;0;0;0
4288;Mannen en Vrouwen;92 jaar;2024;0;0;0
4289;Mannen en Vrouwen;92 jaar;2025;0;0;0
4290;Mannen en Vrouwen;92 jaar;2026;0;0;0
4291;Mannen en Vrouwen;92 jaar;2027;0;0;0
4292;Mannen en Vrouwen;92 jaar;2028;0;0;0
4293;Mannen en Vrouwen;92 jaar;2029;0;0;0
4294;Mannen en Vrouwen;92 jaar;2030;0;0;0
4295;Mannen en Vrouwen;92 jaar;2031;0;0;0
4296;Mannen en Vrouwen;92 jaar;2032;0;0;0
4297;Mannen en Vrouwen;92 jaar;2033;0;0;0
4298;Mannen en Vrouwen;92 jaar;2034;0;0;0
4299;Mannen en Vrouwen;92 jaar;2035;0;0;0
4300;Mannen en Vrouwen;92 jaar;2036;0;0;0
4301;Mannen en Vrouwen;92 jaar;2037;0;0;0
4302;Mannen en Vrouwen;92 jaar;2038;0;0;0
4303;Mannen en Vrouwen;92 jaar;2039;0;0;0
4304;Mannen en Vrouwen;92 jaar;2040;0;0;0
4305;Mannen en Vrouwen;92 jaar;2041;0;0;0
4306;Mannen en Vrouwen;92 jaar;2042;0;0;0
4307;Mannen en Vrouwen;92 jaar;2043;0;0;0
4308;Mannen en Vrouwen;92 jaar;2044;0;0;0
4309;Mannen en Vrouwen;92 jaar;2045;0;0;0
4310;Mannen en Vrouwen;92 jaar;2046;0;0;0
4311;Mannen en Vrouwen;92 jaar;2047;0;0;0
4312;Mannen en Vrouwen;92 jaar;2048;0;0;0
4313;Mannen en Vrouwen;92 jaar;2049;0;0;0
4314;Mannen en Vrouwen;92 jaar;2050;0;0;0
4315;Mannen en Vrouwen;92 jaar;2051;0;0;0
4316;Mannen en Vrouwen;92 jaar;2052;0;0;0
4317;Mannen en Vrouwen;92 jaar;2053;0;0;0
4318;Mannen en Vrouwen;92 jaar;2054;0;0;0
4319;Mannen en Vrouwen;92 jaar;2055;0;0;0
4320;Mannen en Vrouwen;92 jaar;2056;0;0;0
4321;Mannen en Vrouwen;92 jaar;2057;0;0;0
4322;Mannen en Vrouwen;92 jaar;2058;0;0;0
4323;Mannen en Vrouwen;92 jaar;2059;0;0;0
4324;Mannen en Vrouwen;93 jaar;2014;0;0;0
4325;Mannen en Vrouwen;93 jaar;2015;0;0;0
4326;Mannen en Vrouwen;93 jaar;2016;0;0;0
4327;Mannen en Vrouwen;93 jaar;2017;0;0;0
4328;Mannen en Vrouwen;93 jaar;2018;0;0;0
4329;Mannen en Vrouwen;93 jaar;2019;0;0;0
4330;Mannen en Vrouwen;93 jaar;2020;0;0;0
4331;Mannen en Vrouwen;93 jaar;2021;0;0;0
4332;Mannen en Vrouwen;93 jaar;2022;0;0;0
4333;Mannen en Vrouwen;93 jaar;2023;0;0;0
4334;Mannen en Vrouwen;93 jaar;2024;0;0;0
4335;Mannen en Vrouwen;93 jaar;2025;0;0;0
4336;Mannen en Vrouwen;93 jaar;2026;0;0;0
4337;Mannen en Vrouwen;93 jaar;2027;0;0;0
4338;Mannen en Vrouwen;93 jaar;2028;0;0;0
4339;Mannen en Vrouwen;93 jaar;2029;0;0;0
4340;Mannen en Vrouwen;93 jaar;2030;0;0;0
4341;Mannen en Vrouwen;93 jaar;2031;0;0;0
4342;Mannen en Vrouwen;93 jaar;2032;0;0;0
4343;Mannen en Vrouwen;93 jaar;2033;0;0;0
4344;Mannen en Vrouwen;93 jaar;2034;0;0;0
4345;Mannen en Vrouwen;93 jaar;2035;0;0;0
4346;Mannen en Vrouwen;93 jaar;2036;0;0;0
4347;Mannen en Vrouwen;93 jaar;2037;0;0;0
4348;Mannen en Vrouwen;93 jaar;2038;0;0;0
4349;Mannen en Vrouwen;93 jaar;2039;0;0;0
4350;Mannen en Vrouwen;93 jaar;2040;0;0;0
4351;Mannen en Vrouwen;93 jaar;2041;0;0;0
4352;Mannen en Vrouwen;93 jaar;2042;0;0;0
4353;Mannen en Vrouwen;93 jaar;2043;0;0;0
4354;Mannen en Vrouwen;93 jaar;2044;0;0;0
4355;Mannen en Vrouwen;93 jaar;2045;0;0;0
4356;Mannen en Vrouwen;93 jaar;2046;0;0;0
4357;Mannen en Vrouwen;93 jaar;2047;0;0;0
4358;Mannen en Vrouwen;93 jaar;2048;0;0;0
4359;Mannen en Vrouwen;93 jaar;2049;0;0;0
4360;Mannen en Vrouwen;93 jaar;2050;0;0;0
4361;Mannen en Vrouwen;93 jaar;2051;0;0;0
4362;Mannen en Vrouwen;93 jaar;2052;0;0;0
4363;Mannen en Vrouwen;93 jaar;2053;0;0;0
4364;Mannen en Vrouwen;93 jaar;2054;0;0;0
4365;Mannen en Vrouwen;93 jaar;2055;0;0;0
4366;Mannen en Vrouwen;93 jaar;2056;0;0;0
4367;Mannen en Vrouwen;93 jaar;2057;0;0;0
4368;Mannen en Vrouwen;93 jaar;2058;0;0;0
4369;Mannen en Vrouwen;93 jaar;2059;0;0;0
4370;Mannen en Vrouwen;94 jaar;2014;0;0;0
4371;Mannen en Vrouwen;94 jaar;2015;0;0;0
4372;Mannen en Vrouwen;94 jaar;2016;0;0;0
4373;Mannen en Vrouwen;94 jaar;2017;0;0;0
4374;Mannen en Vrouwen;94 jaar;2018;0;0;0
4375;Mannen en Vrouwen;94 jaar;2019;0;0;0
4376;Mannen en Vrouwen;94 jaar;2020;0;0;0
4377;Mannen en Vrouwen;94 jaar;2021;0;0;0
4378;Mannen en Vrouwen;94 jaar;2022;0;0;0
4379;Mannen en Vrouwen;94 jaar;2023;0;0;0
4380;Mannen en Vrouwen;94 jaar;2024;0;0;0
4381;Mannen en Vrouwen;94 jaar;2025;0;0;0
4382;Mannen en Vrouwen;94 jaar;2026;0;0;0
4383;Mannen en Vrouwen;94 jaar;2027;0;0;0
4384;Mannen en Vrouwen;94 jaar;2028;0;0;0
4385;Mannen en Vrouwen;94 jaar;2029;0;0;0
4386;Mannen en Vrouwen;94 jaar;2030;0;0;0
4387;Mannen en Vrouwen;94 jaar;2031;0;0;0
4388;Mannen en Vrouwen;94 jaar;2032;0;0;0
4389;Mannen en Vrouwen;94 jaar;2033;0;0;0
4390;Mannen en Vrouwen;94 jaar;2034;0;0;0
4391;Mannen en Vrouwen;94 jaar;2035;0;0;0
4392;Mannen en Vrouwen;94 jaar;2036;0;0;0
4393;Mannen en Vrouwen;94 jaar;2037;0;0;0
4394;Mannen en Vrouwen;94 jaar;2038;0;0;0
4395;Mannen en Vrouwen;94 jaar;2039;0;0;0
4396;Mannen en Vrouwen;94 jaar;2040;0;0;0
4397;Mannen en Vrouwen;94 jaar;2041;0;0;0
4398;Mannen en Vrouwen;94 jaar;2042;0;0;0
4399;Mannen en Vrouwen;94 jaar;2043;0;0;0
4400;Mannen en Vrouwen;94 jaar;2044;0;0;0
4401;Mannen en Vrouwen;94 jaar;2045;0;0;0
4402;Mannen en Vrouwen;94 jaar;2046;0;0;0
4403;Mannen en Vrouwen;94 jaar;2047;0;0;0
4404;Mannen en Vrouwen;94 jaar;2048;0;0;0
4405;Mannen en Vrouwen;94 jaar;2049;0;0;0
4406;Mannen en Vrouwen;94 jaar;2050;0;0;0
4407;Mannen en Vrouwen;94 jaar;2051;0;0;0
4408;Mannen en Vrouwen;94 jaar;2052;0;0;0
4409;Mannen en Vrouwen;94 jaar;2053;0;0;0
4410;Mannen en Vrouwen;94 jaar;2054;0;0;0
4411;Mannen en Vrouwen;94 jaar;2055;0;0;0
4412;Mannen en Vrouwen;94 jaar;2056;0;0;0
4413;Mannen en Vrouwen;94 jaar;2057;0;0;0
4414;Mannen en Vrouwen;94 jaar;2058;0;0;0
4415;Mannen en Vrouwen;94 jaar;2059;0;0;0
4416;Mannen en Vrouwen;95 jaar;2014;0;0;0
4417;Mannen en Vrouwen;95 jaar;2015;0;0;0
4418;Mannen en Vrouwen;95 jaar;2016;0;0;0
4419;Mannen en Vrouwen;95 jaar;2017;0;0;0
4420;Mannen en Vrouwen;95 jaar;2018;0;0;0
4421;Mannen en Vrouwen;95 jaar;2019;0;0;0
4422;Mannen en Vrouwen;95 jaar;2020;0;0;0
4423;Mannen en Vrouwen;95 jaar;2021;0;0;0
4424;Mannen en Vrouwen;95 jaar;2022;0;0;0
4425;Mannen en Vrouwen;95 jaar;2023;0;0;0
4426;Mannen en Vrouwen;95 jaar;2024;0;0;0
4427;Mannen en Vrouwen;95 jaar;2025;0;0;0
4428;Mannen en Vrouwen;95 jaar;2026;0;0;0
4429;Mannen en Vrouwen;95 jaar;2027;0;0;0
4430;Mannen en Vrouwen;95 jaar;2028;0;0;0
4431;Mannen en Vrouwen;95 jaar;2029;0;0;0
4432;Mannen en Vrouwen;95 jaar;2030;0;0;0
4433;Mannen en Vrouwen;95 jaar;2031;0;0;0
4434;Mannen en Vrouwen;95 jaar;2032;0;0;0
4435;Mannen en Vrouwen;95 jaar;2033;0;0;0
4436;Mannen en Vrouwen;95 jaar;2034;0;0;0
4437;Mannen en Vrouwen;95 jaar;2035;0;0;0
4438;Mannen en Vrouwen;95 jaar;2036;0;0;0
4439;Mannen en Vrouwen;95 jaar;2037;0;0;0
4440;Mannen en Vrouwen;95 jaar;2038;0;0;0
4441;Mannen en Vrouwen;95 jaar;2039;0;0;0
4442;Mannen en Vrouwen;95 jaar;2040;0;0;0
4443;Mannen en Vrouwen;95 jaar;2041;0;0;0
4444;Mannen en Vrouwen;95 jaar;2042;0;0;0
4445;Mannen en Vrouwen;95 jaar;2043;0;0;0
4446;Mannen en Vrouwen;95 jaar;2044;0;0;0
4447;Mannen en Vrouwen;95 jaar;2045;0;0;0
4448;Mannen en Vrouwen;95 jaar;2046;0;0;0
4449;Mannen en Vrouwen;95 jaar;2047;0;0;0
4450;Mannen en Vrouwen;95 jaar;2048;0;0;0
4451;Mannen en Vrouwen;95 jaar;2049;0;0;0
4452;Mannen en Vrouwen;95 jaar;2050;0;0;0
4453;Mannen en Vrouwen;95 jaar;2051;0;0;0
4454;Mannen en Vrouwen;95 jaar;2052;0;0;0
4455;Mannen en Vrouwen;95 jaar;2053;0;0;0
4456;Mannen en Vrouwen;95 jaar;2054;0;0;0
4457;Mannen en Vrouwen;95 jaar;2055;0;0;0
4458;Mannen en Vrouwen;95 jaar;2056;0;0;0
4459;Mannen en Vrouwen;95 jaar;2057;0;0;0
4460;Mannen en Vrouwen;95 jaar;2058;0;0;0
4461;Mannen en Vrouwen;95 jaar;2059;0;0;0
4462;Mannen en Vrouwen;96 jaar;2014;0;0;0
4463;Mannen en Vrouwen;96 jaar;2015;0;0;0
4464;Mannen en Vrouwen;96 jaar;2016;0;0;0
4465;Mannen en Vrouwen;96 jaar;2017;0;0;0
4466;Mannen en Vrouwen;96 jaar;2018;0;0;0
4467;Mannen en Vrouwen;96 jaar;2019;0;0;0
4468;Mannen en Vrouwen;96 jaar;2020;0;0;0
4469;Mannen en Vrouwen;96 jaar;2021;0;0;0
4470;Mannen en Vrouwen;96 jaar;2022;0;0;0
4471;Mannen en Vrouwen;96 jaar;2023;0;0;0
4472;Mannen en Vrouwen;96 jaar;2024;0;0;0
4473;Mannen en Vrouwen;96 jaar;2025;0;0;0
4474;Mannen en Vrouwen;96 jaar;2026;0;0;0
4475;Mannen en Vrouwen;96 jaar;2027;0;0;0
4476;Mannen en Vrouwen;96 jaar;2028;0;0;0
4477;Mannen en Vrouwen;96 jaar;2029;0;0;0
4478;Mannen en Vrouwen;96 jaar;2030;0;0;0
4479;Mannen en Vrouwen;96 jaar;2031;0;0;0
4480;Mannen en Vrouwen;96 jaar;2032;0;0;0
4481;Mannen en Vrouwen;96 jaar;2033;0;0;0
4482;Mannen en Vrouwen;96 jaar;2034;0;0;0
4483;Mannen en Vrouwen;96 jaar;2035;0;0;0
4484;Mannen en Vrouwen;96 jaar;2036;0;0;0
4485;Mannen en Vrouwen;96 jaar;2037;0;0;0
4486;Mannen en Vrouwen;96 jaar;2038;0;0;0
4487;Mannen en Vrouwen;96 jaar;2039;0;0;0
4488;Mannen en Vrouwen;96 jaar;2040;0;0;0
4489;Mannen en Vrouwen;96 jaar;2041;0;0;0
4490;Mannen en Vrouwen;96 jaar;2042;0;0;0
4491;Mannen en Vrouwen;96 jaar;2043;0;0;0
4492;Mannen en Vrouwen;96 jaar;2044;0;0;0
4493;Mannen en Vrouwen;96 jaar;2045;0;0;0
4494;Mannen en Vrouwen;96 jaar;2046;0;0;0
4495;Mannen en Vrouwen;96 jaar;2047;0;0;0
4496;Mannen en Vrouwen;96 jaar;2048;0;0;0
4497;Mannen en Vrouwen;96 jaar;2049;0;0;0
4498;Mannen en Vrouwen;96 jaar;2050;0;0;0
4499;Mannen en Vrouwen;96 jaar;2051;0;0;0
4500;Mannen en Vrouwen;96 jaar;2052;0;0;0
4501;Mannen en Vrouwen;96 jaar;2053;0;0;0
4502;Mannen en Vrouwen;96 jaar;2054;0;0;0
4503;Mannen en Vrouwen;96 jaar;2055;0;0;0
4504;Mannen en Vrouwen;96 jaar;2056;0;0;0
4505;Mannen en Vrouwen;96 jaar;2057;0;0;0
4506;Mannen en Vrouwen;96 jaar;2058;0;0;0
4507;Mannen en Vrouwen;96 jaar;2059;0;0;0
4508;Mannen en Vrouwen;97 jaar;2014;0;0;0
4509;Mannen en Vrouwen;97 jaar;2015;0;0;0
4510;Mannen en Vrouwen;97 jaar;2016;0;0;0
4511;Mannen en Vrouwen;97 jaar;2017;0;0;0
4512;Mannen en Vrouwen;97 jaar;2018;0;0;0
4513;Mannen en Vrouwen;97 jaar;2019;0;0;0
4514;Mannen en Vrouwen;97 jaar;2020;0;0;0
4515;Mannen en Vrouwen;97 jaar;2021;0;0;0
4516;Mannen en Vrouwen;97 jaar;2022;0;0;0
4517;Mannen en Vrouwen;97 jaar;2023;0;0;0
4518;Mannen en Vrouwen;97 jaar;2024;0;0;0
4519;Mannen en Vrouwen;97 jaar;2025;0;0;0
4520;Mannen en Vrouwen;97 jaar;2026;0;0;0
4521;Mannen en Vrouwen;97 jaar;2027;0;0;0
4522;Mannen en Vrouwen;97 jaar;2028;0;0;0
4523;Mannen en Vrouwen;97 jaar;2029;0;0;0
4524;Mannen en Vrouwen;97 jaar;2030;0;0;0
4525;Mannen en Vrouwen;97 jaar;2031;0;0;0
4526;Mannen en Vrouwen;97 jaar;2032;0;0;0
4527;Mannen en Vrouwen;97 jaar;2033;0;0;0
4528;Mannen en Vrouwen;97 jaar;2034;0;0;0
4529;Mannen en Vrouwen;97 jaar;2035;0;0;0
4530;Mannen en Vrouwen;97 jaar;2036;0;0;0
4531;Mannen en Vrouwen;97 jaar;2037;0;0;0
4532;Mannen en Vrouwen;97 jaar;2038;0;0;0
4533;Mannen en Vrouwen;97 jaar;2039;0;0;0
4534;Mannen en Vrouwen;97 jaar;2040;0;0;0
4535;Mannen en Vrouwen;97 jaar;2041;0;0;0
4536;Mannen en Vrouwen;97 jaar;2042;0;0;0
4537;Mannen en Vrouwen;97 jaar;2043;0;0;0
4538;Mannen en Vrouwen;97 jaar;2044;0;0;0
4539;Mannen en Vrouwen;97 jaar;2045;0;0;0
4540;Mannen en Vrouwen;97 jaar;2046;0;0;0
4541;Mannen en Vrouwen;97 jaar;2047;0;0;0
4542;Mannen en Vrouwen;97 jaar;2048;0;0;0
4543;Mannen en Vrouwen;97 jaar;2049;0;0;0
4544;Mannen en Vrouwen;97 jaar;2050;0;0;0
4545;Mannen en Vrouwen;97 jaar;2051;0;0;0
4546;Mannen en Vrouwen;97 jaar;2052;0;0;0
4547;Mannen en Vrouwen;97 jaar;2053;0;0;0
4548;Mannen en Vrouwen;97 jaar;2054;0;0;0
4549;Mannen en Vrouwen;97 jaar;2055;0;0;0
4550;Mannen en Vrouwen;97 jaar;2056;0;0;0
4551;Mannen en Vrouwen;97 jaar;2057;0;0;0
4552;Mannen en Vrouwen;97 jaar;2058;0;0;0
4553;Mannen en Vrouwen;97 jaar;2059;0;0;0
4554;Mannen en Vrouwen;98 jaar;2014;0;0;0
4555;Mannen en Vrouwen;98 jaar;2015;0;0;0
4556;Mannen en Vrouwen;98 jaar;2016;0;0;0
4557;Mannen en Vrouwen;98 jaar;2017;0;0;0
4558;Mannen en Vrouwen;98 jaar;2018;0;0;0
4559;Mannen en Vrouwen;98 jaar;2019;0;0;0
4560;Mannen en Vrouwen;98 jaar;2020;0;0;0
4561;Mannen en Vrouwen;98 jaar;2021;0;0;0
4562;Mannen en Vrouwen;98 jaar;2022;0;0;0
4563;Mannen en Vrouwen;98 jaar;2023;0;0;0
4564;Mannen en Vrouwen;98 jaar;2024;0;0;0
4565;Mannen en Vrouwen;98 jaar;2025;0;0;0
4566;Mannen en Vrouwen;98 jaar;2026;0;0;0
4567;Mannen en Vrouwen;98 jaar;2027;0;0;0
4568;Mannen en Vrouwen;98 jaar;2028;0;0;0
4569;Mannen en Vrouwen;98 jaar;2029;0;0;0
4570;Mannen en Vrouwen;98 jaar;2030;0;0;0
4571;Mannen en Vrouwen;98 jaar;2031;0;0;0
4572;Mannen en Vrouwen;98 jaar;2032;0;0;0
4573;Mannen en Vrouwen;98 jaar;2033;0;0;0
4574;Mannen en Vrouwen;98 jaar;2034;0;0;0
4575;Mannen en Vrouwen;98 jaar;2035;0;0;0
4576;Mannen en Vrouwen;98 jaar;2036;0;0;0
4577;Mannen en Vrouwen;98 jaar;2037;0;0;0
4578;Mannen en Vrouwen;98 jaar;2038;0;0;0
4579;Mannen en Vrouwen;98 jaar;2039;0;0;0
4580;Mannen en Vrouwen;98 jaar;2040;0;0;0
4581;Mannen en Vrouwen;98 jaar;2041;0;0;0
4582;Mannen en Vrouwen;98 jaar;2042;0;0;0
4583;Mannen en Vrouwen;98 jaar;2043;0;0;0
4584;Mannen en Vrouwen;98 jaar;2044;0;0;0
4585;Mannen en Vrouwen;98 jaar;2045;0;0;0
4586;Mannen en Vrouwen;98 jaar;2046;0;0;0
4587;Mannen en Vrouwen;98 jaar;2047;0;0;0
4588;Mannen en Vrouwen;98 jaar;2048;0;0;0
4589;Mannen en Vrouwen;98 jaar;2049;0;0;0
4590;Mannen en Vrouwen;98 jaar;2050;0;0;0
4591;Mannen en Vrouwen;98 jaar;2051;0;0;0
4592;Mannen en Vrouwen;98 jaar;2052;0;0;0
4593;Mannen en Vrouwen;98 jaar;2053;0;0;0
4594;Mannen en Vrouwen;98 jaar;2054;0;0;0
4595;Mannen en Vrouwen;98 jaar;2055;0;0;0
4596;Mannen en Vrouwen;98 jaar;2056;0;0;0
4597;Mannen en Vrouwen;98 jaar;2057;0;0;0
4598;Mannen en Vrouwen;98 jaar;2058;0;0;0
4599;Mannen en Vrouwen;98 jaar;2059;0;0;0
4600;Mannen en Vrouwen;99 jaar of ouder;2014;0;0;0
4601;Mannen en Vrouwen;99 jaar of ouder;2015;0;0;0
4602;Mannen en Vrouwen;99 jaar of ouder;2016;0;0;0
4603;Mannen en Vrouwen;99 jaar of ouder;2017;0;0;0
4604;Mannen en Vrouwen;99 jaar of ouder;2018;0;0;0
4605;Mannen en Vrouwen;99 jaar of ouder;2019;0;0;0
4606;Mannen en Vrouwen;99 jaar of ouder;2020;0;0;0
4607;Mannen en Vrouwen;99 jaar of ouder;2021;0;0;0
4608;Mannen en Vrouwen;99 jaar of ouder;2022;0;0;0
4609;Mannen en Vrouwen;99 jaar of ouder;2023;0;0;0
4610;Mannen en Vrouwen;99 jaar of ouder;2024;0;0;0
4611;Mannen en Vrouwen;99 jaar of ouder;2025;0;0;0
4612;Mannen en Vrouwen;99 jaar of ouder;2026;0;0;0
4613;Mannen en Vrouwen;99 jaar of ouder;2027;0;0;0
4614;Mannen en Vrouwen;99 jaar of ouder;2028;0;0;0
4615;Mannen en Vrouwen;99 jaar of ouder;2029;0;0;0
4616;Mannen en Vrouwen;99 jaar of ouder;2030;0;0;0
4617;Mannen en Vrouwen;99 jaar of ouder;2031;0;0;0
4618;Mannen en Vrouwen;99 jaar of ouder;2032;0;0;0
4619;Mannen en Vrouwen;99 jaar of ouder;2033;0;0;0
4620;Mannen en Vrouwen;99 jaar of ouder;2034;0;0;0
4621;Mannen en Vrouwen;99 jaar of ouder;2035;0;0;0
4622;Mannen en Vrouwen;99 jaar of ouder;2036;0;0;0
4623;Mannen en Vrouwen;99 jaar of ouder;2037;0;0;0
4624;Mannen en Vrouwen;99 jaar of ouder;2038;0;0;0
4625;Mannen en Vrouwen;99 jaar of ouder;2039;0;0;0
4626;Mannen en Vrouwen;99 jaar of ouder;2040;0;0;0
4627;Mannen en Vrouwen;99 jaar of ouder;2041;0;0;0
4628;Mannen en Vrouwen;99 jaar of ouder;2042;0;0;0
4629;Mannen en Vrouwen;99 jaar of ouder;2043;0;0;0
4630;Mannen en Vrouwen;99 jaar of ouder;2044;0;0;0
4631;Mannen en Vrouwen;99 jaar of ouder;2045;0;0;0
4632;Mannen en Vrouwen;99 jaar of ouder;2046;0;0;0
4633;Mannen en Vrouwen;99 jaar of ouder;2047;0;0;0
4634;Mannen en Vrouwen;99 jaar of ouder;2048;0;0;0
4635;Mannen en Vrouwen;99 jaar of ouder;2049;0;0;0
4636;Mannen en Vrouwen;99 jaar of ouder;2050;0;0;0
4637;Mannen en Vrouwen;99 jaar of ouder;2051;0;0;0
4638;Mannen en Vrouwen;99 jaar of ouder;2052;0;0;0
4639;Mannen en Vrouwen;99 jaar of ouder;2053;0;0;0
4640;Mannen en Vrouwen;99 jaar of ouder;2054;0;0;0
4641;Mannen en Vrouwen;99 jaar of ouder;2055;0;0;0
4642;Mannen en Vrouwen;99 jaar of ouder;2056;0;0;0
4643;Mannen en Vrouwen;99 jaar of ouder;2057;0;0;0
4644;Mannen en Vrouwen;99 jaar of ouder;2058;0;0;0
4645;Mannen en Vrouwen;99 jaar of ouder;2059;0;0;0
4646;Mannen en Vrouwen;0 tot 5 jaar;2014;9763;7184;2579
4647;Mannen en Vrouwen;0 tot 5 jaar;2015;9973;7162;2811
4648;Mannen en Vrouwen;0 tot 5 jaar;2016;10166;7228;2938
4649;Mannen en Vrouwen;0 tot 5 jaar;2017;10381;7345;3036
4650;Mannen en Vrouwen;0 tot 5 jaar;2018;10298;7530;2768
4651;Mannen en Vrouwen;0 tot 5 jaar;2019;10211;7648;2563
4652;Mannen en Vrouwen;0 tot 5 jaar;2020;10052;7680;2372
4653;Mannen en Vrouwen;0 tot 5 jaar;2021;10078;7665;2413
4654;Mannen en Vrouwen;0 tot 5 jaar;2022;10091;7662;2429
4655;Mannen en Vrouwen;0 tot 5 jaar;2023;10109;7657;2452
4656;Mannen en Vrouwen;0 tot 5 jaar;2024;10115;7653;2462
4657;Mannen en Vrouwen;0 tot 5 jaar;2025;10135;7653;2482
4658;Mannen en Vrouwen;0 tot 5 jaar;2026;10145;7650;2495
4659;Mannen en Vrouwen;0 tot 5 jaar;2027;10155;7643;2512
4660;Mannen en Vrouwen;0 tot 5 jaar;2028;10167;7633;2534
4661;Mannen en Vrouwen;0 tot 5 jaar;2029;10174;7621;2553
4662;Mannen en Vrouwen;0 tot 5 jaar;2030;10174;7621;2553
4663;Mannen en Vrouwen;0 tot 5 jaar;2031;10175;7618;2557
4664;Mannen en Vrouwen;0 tot 5 jaar;2032;10178;7612;2566
4665;Mannen en Vrouwen;0 tot 5 jaar;2033;10182;7601;2581
4666;Mannen en Vrouwen;0 tot 5 jaar;2034;10177;7587;2590
4667;Mannen en Vrouwen;0 tot 5 jaar;2035;10176;7572;2604
4668;Mannen en Vrouwen;0 tot 5 jaar;2036;10171;7555;2616
4669;Mannen en Vrouwen;0 tot 5 jaar;2037;10157;7533;2624
4670;Mannen en Vrouwen;0 tot 5 jaar;2038;10140;7506;2634
4671;Mannen en Vrouwen;0 tot 5 jaar;2039;10124;7482;2642
4672;Mannen en Vrouwen;0 tot 5 jaar;2040;10113;7453;2660
4673;Mannen en Vrouwen;0 tot 5 jaar;2041;10104;7428;2676
4674;Mannen en Vrouwen;0 tot 5 jaar;2042;10094;7403;2691
4675;Mannen en Vrouwen;0 tot 5 jaar;2043;10083;7388;2695
4676;Mannen en Vrouwen;0 tot 5 jaar;2044;10079;7370;2709
4677;Mannen en Vrouwen;0 tot 5 jaar;2045;10077;7355;2722
4678;Mannen en Vrouwen;0 tot 5 jaar;2046;10083;7347;2736
4679;Mannen en Vrouwen;0 tot 5 jaar;2047;10085;7345;2740
4680;Mannen en Vrouwen;0 tot 5 jaar;2048;10094;7347;2747
4681;Mannen en Vrouwen;0 tot 5 jaar;2049;10107;7350;2757
4682;Mannen en Vrouwen;0 tot 5 jaar;2050;10115;7360;2755
4683;Mannen en Vrouwen;0 tot 5 jaar;2051;10126;7373;2753
4684;Mannen en Vrouwen;0 tot 5 jaar;2052;10137;7386;2751
4685;Mannen en Vrouwen;0 tot 5 jaar;2053;10149;7399;2750
4686;Mannen en Vrouwen;0 tot 5 jaar;2054;10153;7413;2740
4687;Mannen en Vrouwen;0 tot 5 jaar;2055;10162;7424;2738
4688;Mannen en Vrouwen;0 tot 5 jaar;2056;10177;7442;2735
4689;Mannen en Vrouwen;0 tot 5 jaar;2057;10186;7453;2733
4690;Mannen en Vrouwen;0 tot 5 jaar;2058;10193;7465;2728
4691;Mannen en Vrouwen;0 tot 5 jaar;2059;10197;7472;2725
4692;Mannen en Vrouwen;5 tot 10 jaar;2014;8645;7088;1557
4693;Mannen en Vrouwen;5 tot 10 jaar;2015;8843;7185;1658
4694;Mannen en Vrouwen;5 tot 10 jaar;2016;8987;7277;1710
4695;Mannen en Vrouwen;5 tot 10 jaar;2017;9143;7394;1749
4696;Mannen en Vrouwen;5 tot 10 jaar;2018;8984;7446;1538
4697;Mannen en Vrouwen;5 tot 10 jaar;2019;8838;7479;1359
4698;Mannen en Vrouwen;5 tot 10 jaar;2020;8616;7437;1179
4699;Mannen en Vrouwen;5 tot 10 jaar;2021;8621;7395;1226
4700;Mannen en Vrouwen;5 tot 10 jaar;2022;8627;7377;1250
4701;Mannen en Vrouwen;5 tot 10 jaar;2023;8668;7403;1265
4702;Mannen en Vrouwen;5 tot 10 jaar;2024;8686;7420;1266
4703;Mannen en Vrouwen;5 tot 10 jaar;2025;8722;7438;1284
4704;Mannen en Vrouwen;5 tot 10 jaar;2026;8739;7449;1290
4705;Mannen en Vrouwen;5 tot 10 jaar;2027;8750;7452;1298
4706;Mannen en Vrouwen;5 tot 10 jaar;2028;8765;7449;1316
4707;Mannen en Vrouwen;5 tot 10 jaar;2029;8769;7437;1332
4708;Mannen en Vrouwen;5 tot 10 jaar;2030;8782;7445;1337
4709;Mannen en Vrouwen;5 tot 10 jaar;2031;8798;7447;1351
4710;Mannen en Vrouwen;5 tot 10 jaar;2032;8798;7448;1350
4711;Mannen en Vrouwen;5 tot 10 jaar;2033;8807;7447;1360
4712;Mannen en Vrouwen;5 tot 10 jaar;2034;8816;7446;1370
4713;Mannen en Vrouwen;5 tot 10 jaar;2035;8823;7440;1383
4714;Mannen en Vrouwen;5 tot 10 jaar;2036;8820;7434;1386
4715;Mannen en Vrouwen;5 tot 10 jaar;2037;8820;7429;1391
4716;Mannen en Vrouwen;5 tot 10 jaar;2038;8811;7416;1395
4717;Mannen en Vrouwen;5 tot 10 jaar;2039;8804;7402;1402
4718;Mannen en Vrouwen;5 tot 10 jaar;2040;8795;7381;1414
4719;Mannen en Vrouwen;5 tot 10 jaar;2041;8788;7361;1427
4720;Mannen en Vrouwen;5 tot 10 jaar;2042;8780;7338;1442
4721;Mannen en Vrouwen;5 tot 10 jaar;2043;8772;7319;1453
4722;Mannen en Vrouwen;5 tot 10 jaar;2044;8760;7296;1464
4723;Mannen en Vrouwen;5 tot 10 jaar;2045;8751;7275;1476
4724;Mannen en Vrouwen;5 tot 10 jaar;2046;8744;7253;1491
4725;Mannen en Vrouwen;5 tot 10 jaar;2047;8737;7235;1502
4726;Mannen en Vrouwen;5 tot 10 jaar;2048;8731;7222;1509
4727;Mannen en Vrouwen;5 tot 10 jaar;2049;8732;7209;1523
4728;Mannen en Vrouwen;5 tot 10 jaar;2050;8732;7202;1530
4729;Mannen en Vrouwen;5 tot 10 jaar;2051;8731;7200;1531
4730;Mannen en Vrouwen;5 tot 10 jaar;2052;8741;7202;1539
4731;Mannen en Vrouwen;5 tot 10 jaar;2053;8750;7207;1543
4732;Mannen en Vrouwen;5 tot 10 jaar;2054;8753;7214;1539
4733;Mannen en Vrouwen;5 tot 10 jaar;2055;8761;7227;1534
4734;Mannen en Vrouwen;5 tot 10 jaar;2056;8769;7239;1530
4735;Mannen en Vrouwen;5 tot 10 jaar;2057;8773;7255;1518
4736;Mannen en Vrouwen;5 tot 10 jaar;2058;8782;7266;1516
4737;Mannen en Vrouwen;5 tot 10 jaar;2059;8790;7278;1512
4738;Mannen en Vrouwen;10 tot 15 jaar;2014;6995;4777;2218
4739;Mannen en Vrouwen;10 tot 15 jaar;2015;7113;4832;2281
4740;Mannen en Vrouwen;10 tot 15 jaar;2016;7207;4948;2259
4741;Mannen en Vrouwen;10 tot 15 jaar;2017;7305;5098;2207
4742;Mannen en Vrouwen;10 tot 15 jaar;2018;7191;5244;1947
4743;Mannen en Vrouwen;10 tot 15 jaar;2019;7068;5353;1715
4744;Mannen en Vrouwen;10 tot 15 jaar;2020;6893;5405;1488
4745;Mannen en Vrouwen;10 tot 15 jaar;2021;6868;5410;1458
4746;Mannen en Vrouwen;10 tot 15 jaar;2022;6840;5414;1426
4747;Mannen en Vrouwen;10 tot 15 jaar;2023;6812;5386;1426
4748;Mannen en Vrouwen;10 tot 15 jaar;2024;6790;5371;1419
4749;Mannen en Vrouwen;10 tot 15 jaar;2025;6768;5363;1405
4750;Mannen en Vrouwen;10 tot 15 jaar;2026;6768;5366;1402
4751;Mannen en Vrouwen;10 tot 15 jaar;2027;6782;5369;1413
4752;Mannen en Vrouwen;10 tot 15 jaar;2028;6811;5391;1420
4753;Mannen en Vrouwen;10 tot 15 jaar;2029;6843;5406;1437
4754;Mannen en Vrouwen;10 tot 15 jaar;2030;6855;5423;1432
4755;Mannen en Vrouwen;10 tot 15 jaar;2031;6879;5435;1444
4756;Mannen en Vrouwen;10 tot 15 jaar;2032;6892;5447;1445
4757;Mannen en Vrouwen;10 tot 15 jaar;2033;6898;5450;1448
4758;Mannen en Vrouwen;10 tot 15 jaar;2034;6902;5457;1445
4759;Mannen en Vrouwen;10 tot 15 jaar;2035;6911;5459;1452
4760;Mannen en Vrouwen;10 tot 15 jaar;2036;6917;5461;1456
4761;Mannen en Vrouwen;10 tot 15 jaar;2037;6925;5461;1464
4762;Mannen en Vrouwen;10 tot 15 jaar;2038;6929;5459;1470
4763;Mannen en Vrouwen;10 tot 15 jaar;2039;6932;5457;1475
4764;Mannen en Vrouwen;10 tot 15 jaar;2040;6933;5454;1479
4765;Mannen en Vrouwen;10 tot 15 jaar;2041;6935;5448;1487
4766;Mannen en Vrouwen;10 tot 15 jaar;2042;6934;5444;1490
4767;Mannen en Vrouwen;10 tot 15 jaar;2043;6934;5437;1497
4768;Mannen en Vrouwen;10 tot 15 jaar;2044;6934;5431;1503
4769;Mannen en Vrouwen;10 tot 15 jaar;2045;6929;5419;1510
4770;Mannen en Vrouwen;10 tot 15 jaar;2046;6924;5408;1516
4771;Mannen en Vrouwen;10 tot 15 jaar;2047;6920;5398;1522
4772;Mannen en Vrouwen;10 tot 15 jaar;2048;6916;5384;1532
4773;Mannen en Vrouwen;10 tot 15 jaar;2049;6910;5371;1539
4774;Mannen en Vrouwen;10 tot 15 jaar;2050;6904;5362;1542
4775;Mannen en Vrouwen;10 tot 15 jaar;2051;6895;5351;1544
4776;Mannen en Vrouwen;10 tot 15 jaar;2052;6888;5342;1546
4777;Mannen en Vrouwen;10 tot 15 jaar;2053;6884;5334;1550
4778;Mannen en Vrouwen;10 tot 15 jaar;2054;6876;5329;1547
4779;Mannen en Vrouwen;10 tot 15 jaar;2055;6875;5327;1548
4780;Mannen en Vrouwen;10 tot 15 jaar;2056;6876;5327;1549
4781;Mannen en Vrouwen;10 tot 15 jaar;2057;6881;5331;1550
4782;Mannen en Vrouwen;10 tot 15 jaar;2058;6885;5334;1551
4783;Mannen en Vrouwen;10 tot 15 jaar;2059;6892;5340;1552
4784;Mannen en Vrouwen;15 tot 20 jaar;2014;12486;5334;7152
4785;Mannen en Vrouwen;15 tot 20 jaar;2015;12810;5421;7389
4786;Mannen en Vrouwen;15 tot 20 jaar;2016;13144;5488;7656
4787;Mannen en Vrouwen;15 tot 20 jaar;2017;13466;5602;7864
4788;Mannen en Vrouwen;15 tot 20 jaar;2018;13407;5735;7672
4789;Mannen en Vrouwen;15 tot 20 jaar;2019;13299;5824;7475
4790;Mannen en Vrouwen;15 tot 20 jaar;2020;13028;5826;7202
4791;Mannen en Vrouwen;15 tot 20 jaar;2021;12981;5853;7128
4792;Mannen en Vrouwen;15 tot 20 jaar;2022;12901;5888;7013
4793;Mannen en Vrouwen;15 tot 20 jaar;2023;12844;5907;6937
4794;Mannen en Vrouwen;15 tot 20 jaar;2024;12793;5940;6853
4795;Mannen en Vrouwen;15 tot 20 jaar;2025;12775;5984;6791
4796;Mannen en Vrouwen;15 tot 20 jaar;2026;12745;6019;6726
4797;Mannen en Vrouwen;15 tot 20 jaar;2027;12738;6041;6697
4798;Mannen en Vrouwen;15 tot 20 jaar;2028;12723;6034;6689
4799;Mannen en Vrouwen;15 tot 20 jaar;2029;12695;6021;6674
4800;Mannen en Vrouwen;15 tot 20 jaar;2030;12670;6008;6662
4801;Mannen en Vrouwen;15 tot 20 jaar;2031;12664;5997;6667
4802;Mannen en Vrouwen;15 tot 20 jaar;2032;12672;6001;6671
4803;Mannen en Vrouwen;15 tot 20 jaar;2033;12710;6032;6678
4804;Mannen en Vrouwen;15 tot 20 jaar;2034;12742;6059;6683
4805;Mannen en Vrouwen;15 tot 20 jaar;2035;12770;6076;6694
4806;Mannen en Vrouwen;15 tot 20 jaar;2036;12796;6092;6704
4807;Mannen en Vrouwen;15 tot 20 jaar;2037;12818;6106;6712
4808;Mannen en Vrouwen;15 tot 20 jaar;2038;12827;6112;6715
4809;Mannen en Vrouwen;15 tot 20 jaar;2039;12846;6118;6728
4810;Mannen en Vrouwen;15 tot 20 jaar;2040;12857;6123;6734
4811;Mannen en Vrouwen;15 tot 20 jaar;2041;12863;6126;6737
4812;Mannen en Vrouwen;15 tot 20 jaar;2042;12871;6127;6744
4813;Mannen en Vrouwen;15 tot 20 jaar;2043;12879;6128;6751
4814;Mannen en Vrouwen;15 tot 20 jaar;2044;12885;6130;6755
4815;Mannen en Vrouwen;15 tot 20 jaar;2045;12891;6128;6763
4816;Mannen en Vrouwen;15 tot 20 jaar;2046;12891;6124;6767
4817;Mannen en Vrouwen;15 tot 20 jaar;2047;12894;6124;6770
4818;Mannen en Vrouwen;15 tot 20 jaar;2048;12898;6119;6779
4819;Mannen en Vrouwen;15 tot 20 jaar;2049;12900;6116;6784
4820;Mannen en Vrouwen;15 tot 20 jaar;2050;12899;6110;6789
4821;Mannen en Vrouwen;15 tot 20 jaar;2051;12897;6098;6799
4822;Mannen en Vrouwen;15 tot 20 jaar;2052;12891;6090;6801
4823;Mannen en Vrouwen;15 tot 20 jaar;2053;12889;6079;6810
4824;Mannen en Vrouwen;15 tot 20 jaar;2054;12880;6067;6813
4825;Mannen en Vrouwen;15 tot 20 jaar;2055;12871;6060;6811
4826;Mannen en Vrouwen;15 tot 20 jaar;2056;12861;6049;6812
4827;Mannen en Vrouwen;15 tot 20 jaar;2057;12854;6036;6818
4828;Mannen en Vrouwen;15 tot 20 jaar;2058;12849;6031;6818
4829;Mannen en Vrouwen;15 tot 20 jaar;2059;12843;6024;6819
4830;Mannen en Vrouwen;20 tot 25 jaar;2014;38246;23144;15102
4831;Mannen en Vrouwen;20 tot 25 jaar;2015;39122;23751;15371
4832;Mannen en Vrouwen;20 tot 25 jaar;2016;40093;24417;15676
4833;Mannen en Vrouwen;20 tot 25 jaar;2017;40932;25048;15884
4834;Mannen en Vrouwen;20 tot 25 jaar;2018;40671;25530;15141
4835;Mannen en Vrouwen;20 tot 25 jaar;2019;40397;25773;14624
4836;Mannen en Vrouwen;20 tot 25 jaar;2020;39855;25864;13991
4837;Mannen en Vrouwen;20 tot 25 jaar;2021;39874;25806;14068
4838;Mannen en Vrouwen;20 tot 25 jaar;2022;39842;25791;14051
4839;Mannen en Vrouwen;20 tot 25 jaar;2023;39826;25770;14056
4840;Mannen en Vrouwen;20 tot 25 jaar;2024;39716;25721;13995
4841;Mannen en Vrouwen;20 tot 25 jaar;2025;39665;25630;14035
4842;Mannen en Vrouwen;20 tot 25 jaar;2026;39585;25593;13992
4843;Mannen en Vrouwen;20 tot 25 jaar;2027;39525;25542;13983
4844;Mannen en Vrouwen;20 tot 25 jaar;2028;39470;25481;13989
4845;Mannen en Vrouwen;20 tot 25 jaar;2029;39438;25442;13996
4846;Mannen en Vrouwen;20 tot 25 jaar;2030;39449;25467;13982
4847;Mannen en Vrouwen;20 tot 25 jaar;2031;39437;25464;13973
4848;Mannen en Vrouwen;20 tot 25 jaar;2032;39427;25452;13975
4849;Mannen en Vrouwen;20 tot 25 jaar;2033;39393;25374;14019
4850;Mannen en Vrouwen;20 tot 25 jaar;2034;39367;25289;14078
4851;Mannen en Vrouwen;20 tot 25 jaar;2035;39350;25208;14142
4852;Mannen en Vrouwen;20 tot 25 jaar;2036;39376;25163;14213
4853;Mannen en Vrouwen;20 tot 25 jaar;2037;39420;25158;14262
4854;Mannen en Vrouwen;20 tot 25 jaar;2038;39481;25199;14282
4855;Mannen en Vrouwen;20 tot 25 jaar;2039;39539;25223;14316
4856;Mannen en Vrouwen;20 tot 25 jaar;2040;39595;25235;14360
4857;Mannen en Vrouwen;20 tot 25 jaar;2041;39633;25238;14395
4858;Mannen en Vrouwen;20 tot 25 jaar;2042;39663;25233;14430
4859;Mannen en Vrouwen;20 tot 25 jaar;2043;39698;25231;14467
4860;Mannen en Vrouwen;20 tot 25 jaar;2044;39719;25215;14504
4861;Mannen en Vrouwen;20 tot 25 jaar;2045;39744;25201;14543
4862;Mannen en Vrouwen;20 tot 25 jaar;2046;39770;25182;14588
4863;Mannen en Vrouwen;20 tot 25 jaar;2047;39780;25159;14621
4864;Mannen en Vrouwen;20 tot 25 jaar;2048;39800;25135;14665
4865;Mannen en Vrouwen;20 tot 25 jaar;2049;39810;25108;14702
4866;Mannen en Vrouwen;20 tot 25 jaar;2050;39824;25079;14745
4867;Mannen en Vrouwen;20 tot 25 jaar;2051;39830;25047;14783
4868;Mannen en Vrouwen;20 tot 25 jaar;2052;39835;25014;14821
4869;Mannen en Vrouwen;20 tot 25 jaar;2053;39838;24975;14863
4870;Mannen en Vrouwen;20 tot 25 jaar;2054;39832;24936;14896
4871;Mannen en Vrouwen;20 tot 25 jaar;2055;39829;24889;14940
4872;Mannen en Vrouwen;20 tot 25 jaar;2056;39825;24839;14986
4873;Mannen en Vrouwen;20 tot 25 jaar;2057;39805;24787;15018
4874;Mannen en Vrouwen;20 tot 25 jaar;2058;39798;24733;15065
4875;Mannen en Vrouwen;20 tot 25 jaar;2059;39784;24678;15106
4876;Mannen en Vrouwen;25 tot 30 jaar;2014;34733;26844;7889
4877;Mannen en Vrouwen;25 tot 30 jaar;2015;35738;27779;7959
4878;Mannen en Vrouwen;25 tot 30 jaar;2016;36689;28772;7917
4879;Mannen en Vrouwen;25 tot 30 jaar;2017;37495;29866;7629
4880;Mannen en Vrouwen;25 tot 30 jaar;2018;37142;30795;6347
4881;Mannen en Vrouwen;25 tot 30 jaar;2019;36781;31412;5369
4882;Mannen en Vrouwen;25 tot 30 jaar;2020;36086;31518;4568
4883;Mannen en Vrouwen;25 tot 30 jaar;2021;36015;31452;4563
4884;Mannen en Vrouwen;25 tot 30 jaar;2022;35939;31339;4600
4885;Mannen en Vrouwen;25 tot 30 jaar;2023;35938;31246;4692
4886;Mannen en Vrouwen;25 tot 30 jaar;2024;35895;31129;4766
4887;Mannen en Vrouwen;25 tot 30 jaar;2025;35975;31100;4875
4888;Mannen en Vrouwen;25 tot 30 jaar;2026;36011;31039;4972
4889;Mannen en Vrouwen;25 tot 30 jaar;2027;36062;30982;5080
4890;Mannen en Vrouwen;25 tot 30 jaar;2028;36067;30910;5157
4891;Mannen en Vrouwen;25 tot 30 jaar;2029;36039;30789;5250
4892;Mannen en Vrouwen;25 tot 30 jaar;2030;35982;30649;5333
4893;Mannen en Vrouwen;25 tot 30 jaar;2031;35921;30534;5387
4894;Mannen en Vrouwen;25 tot 30 jaar;2032;35852;30414;5438
4895;Mannen en Vrouwen;25 tot 30 jaar;2033;35799;30322;5477
4896;Mannen en Vrouwen;25 tot 30 jaar;2034;35777;30270;5507
4897;Mannen en Vrouwen;25 tot 30 jaar;2035;35768;30249;5519
4898;Mannen en Vrouwen;25 tot 30 jaar;2036;35759;30197;5562
4899;Mannen en Vrouwen;25 tot 30 jaar;2037;35751;30139;5612
4900;Mannen en Vrouwen;25 tot 30 jaar;2038;35707;30010;5697
4901;Mannen en Vrouwen;25 tot 30 jaar;2039;35688;29915;5773
4902;Mannen en Vrouwen;25 tot 30 jaar;2040;35685;29843;5842
4903;Mannen en Vrouwen;25 tot 30 jaar;2041;35699;29825;5874
4904;Mannen en Vrouwen;25 tot 30 jaar;2042;35747;29842;5905
4905;Mannen en Vrouwen;25 tot 30 jaar;2043;35806;29912;5894
4906;Mannen en Vrouwen;25 tot 30 jaar;2044;35854;29961;5893
4907;Mannen en Vrouwen;25 tot 30 jaar;2045;35896;29995;5901
4908;Mannen en Vrouwen;25 tot 30 jaar;2046;35938;30022;5916
4909;Mannen en Vrouwen;25 tot 30 jaar;2047;35978;30042;5936
4910;Mannen en Vrouwen;25 tot 30 jaar;2048;36013;30053;5960
4911;Mannen en Vrouwen;25 tot 30 jaar;2049;36037;30060;5977
4912;Mannen en Vrouwen;25 tot 30 jaar;2050;36064;30063;6001
4913;Mannen en Vrouwen;25 tot 30 jaar;2051;36083;30059;6024
4914;Mannen en Vrouwen;25 tot 30 jaar;2052;36091;30052;6039
4915;Mannen en Vrouwen;25 tot 30 jaar;2053;36106;30038;6068
4916;Mannen en Vrouwen;25 tot 30 jaar;2054;36116;30020;6096
4917;Mannen en Vrouwen;25 tot 30 jaar;2055;36124;29997;6127
4918;Mannen en Vrouwen;25 tot 30 jaar;2056;36131;29974;6157
4919;Mannen en Vrouwen;25 tot 30 jaar;2057;36131;29943;6188
4920;Mannen en Vrouwen;25 tot 30 jaar;2058;36124;29910;6214
4921;Mannen en Vrouwen;25 tot 30 jaar;2059;36115;29867;6248
4922;Mannen en Vrouwen;30 tot 35 jaar;2014;22655;19907;2748
4923;Mannen en Vrouwen;30 tot 35 jaar;2015;23290;20481;2809
4924;Mannen en Vrouwen;30 tot 35 jaar;2016;23850;21211;2639
4925;Mannen en Vrouwen;30 tot 35 jaar;2017;24372;21958;2414
4926;Mannen en Vrouwen;30 tot 35 jaar;2018;24136;22732;1404
4927;Mannen en Vrouwen;30 tot 35 jaar;2019;23873;23295;578
4928;Mannen en Vrouwen;30 tot 35 jaar;2020;23474;23626;-152
4929;Mannen en Vrouwen;30 tot 35 jaar;2021;23501;23817;-316
4930;Mannen en Vrouwen;30 tot 35 jaar;2022;23500;24024;-524
4931;Mannen en Vrouwen;30 tot 35 jaar;2023;23521;24170;-649
4932;Mannen en Vrouwen;30 tot 35 jaar;2024;23507;24281;-774
4933;Mannen en Vrouwen;30 tot 35 jaar;2025;23499;24269;-770
4934;Mannen en Vrouwen;30 tot 35 jaar;2026;23468;24231;-763
4935;Mannen en Vrouwen;30 tot 35 jaar;2027;23458;24161;-703
4936;Mannen en Vrouwen;30 tot 35 jaar;2028;23471;24125;-654
4937;Mannen en Vrouwen;30 tot 35 jaar;2029;23502;24076;-574
4938;Mannen en Vrouwen;30 tot 35 jaar;2030;23562;24130;-568
4939;Mannen en Vrouwen;30 tot 35 jaar;2031;23620;24160;-540
4940;Mannen en Vrouwen;30 tot 35 jaar;2032;23656;24185;-529
4941;Mannen en Vrouwen;30 tot 35 jaar;2033;23663;24191;-528
4942;Mannen en Vrouwen;30 tot 35 jaar;2034;23643;24160;-517
4943;Mannen en Vrouwen;30 tot 35 jaar;2035;23582;24071;-489
4944;Mannen en Vrouwen;30 tot 35 jaar;2036;23526;24001;-475
4945;Mannen en Vrouwen;30 tot 35 jaar;2037;23475;23921;-446
4946;Mannen en Vrouwen;30 tot 35 jaar;2038;23432;23873;-441
4947;Mannen en Vrouwen;30 tot 35 jaar;2039;23418;23850;-432
4948;Mannen en Vrouwen;30 tot 35 jaar;2040;23418;23855;-437
4949;Mannen en Vrouwen;30 tot 35 jaar;2041;23402;23833;-431
4950;Mannen en Vrouwen;30 tot 35 jaar;2042;23388;23810;-422
4951;Mannen en Vrouwen;30 tot 35 jaar;2043;23345;23740;-395
4952;Mannen en Vrouwen;30 tot 35 jaar;2044;23324;23700;-376
4953;Mannen en Vrouwen;30 tot 35 jaar;2045;23320;23682;-362
4954;Mannen en Vrouwen;30 tot 35 jaar;2046;23332;23704;-372
4955;Mannen en Vrouwen;30 tot 35 jaar;2047;23363;23754;-391
4956;Mannen en Vrouwen;30 tot 35 jaar;2048;23422;23840;-418
4957;Mannen en Vrouwen;30 tot 35 jaar;2049;23465;23913;-448
4958;Mannen en Vrouwen;30 tot 35 jaar;2050;23511;23979;-468
4959;Mannen en Vrouwen;30 tot 35 jaar;2051;23554;24034;-480
4960;Mannen en Vrouwen;30 tot 35 jaar;2052;23578;24083;-505
4961;Mannen en Vrouwen;30 tot 35 jaar;2053;23602;24131;-529
4962;Mannen en Vrouwen;30 tot 35 jaar;2054;23623;24166;-543
4963;Mannen en Vrouwen;30 tot 35 jaar;2055;23640;24199;-559
4964;Mannen en Vrouwen;30 tot 35 jaar;2056;23649;24226;-577
4965;Mannen en Vrouwen;30 tot 35 jaar;2057;23663;24251;-588
4966;Mannen en Vrouwen;30 tot 35 jaar;2058;23673;24270;-597
4967;Mannen en Vrouwen;30 tot 35 jaar;2059;23675;24287;-612
4968;Mannen en Vrouwen;35 tot 40 jaar;2014;14584;13698;886
4969;Mannen en Vrouwen;35 tot 40 jaar;2015;14980;14068;912
4970;Mannen en Vrouwen;35 tot 40 jaar;2016;15324;14553;771
4971;Mannen en Vrouwen;35 tot 40 jaar;2017;15627;15141;486
4972;Mannen en Vrouwen;35 tot 40 jaar;2018;15460;15662;-202
4973;Mannen en Vrouwen;35 tot 40 jaar;2019;15309;16110;-801
4974;Mannen en Vrouwen;35 tot 40 jaar;2020;15014;16311;-1297
4975;Mannen en Vrouwen;35 tot 40 jaar;2021;15026;16450;-1424
4976;Mannen en Vrouwen;35 tot 40 jaar;2022;15036;16577;-1541
4977;Mannen en Vrouwen;35 tot 40 jaar;2023;15068;16751;-1683
4978;Mannen en Vrouwen;35 tot 40 jaar;2024;15093;16908;-1815
4979;Mannen en Vrouwen;35 tot 40 jaar;2025;15151;17100;-1949
4980;Mannen en Vrouwen;35 tot 40 jaar;2026;15183;17263;-2080
4981;Mannen en Vrouwen;35 tot 40 jaar;2027;15219;17403;-2184
4982;Mannen en Vrouwen;35 tot 40 jaar;2028;15245;17486;-2241
4983;Mannen en Vrouwen;35 tot 40 jaar;2029;15264;17542;-2278
4984;Mannen en Vrouwen;35 tot 40 jaar;2030;15252;17540;-2288
4985;Mannen en Vrouwen;35 tot 40 jaar;2031;15241;17521;-2280
4986;Mannen en Vrouwen;35 tot 40 jaar;2032;15235;17494;-2259
4987;Mannen en Vrouwen;35 tot 40 jaar;2033;15254;17499;-2245
4988;Mannen en Vrouwen;35 tot 40 jaar;2034;15277;17507;-2230
4989;Mannen en Vrouwen;35 tot 40 jaar;2035;15327;17567;-2240
4990;Mannen en Vrouwen;35 tot 40 jaar;2036;15378;17609;-2231
4991;Mannen en Vrouwen;35 tot 40 jaar;2037;15415;17647;-2232
4992;Mannen en Vrouwen;35 tot 40 jaar;2038;15433;17662;-2229
4993;Mannen en Vrouwen;35 tot 40 jaar;2039;15415;17646;-2231
4994;Mannen en Vrouwen;35 tot 40 jaar;2040;15376;17589;-2213
4995;Mannen en Vrouwen;35 tot 40 jaar;2041;15324;17542;-2218
4996;Mannen en Vrouwen;35 tot 40 jaar;2042;15277;17492;-2215
4997;Mannen en Vrouwen;35 tot 40 jaar;2043;15233;17465;-2232
4998;Mannen en Vrouwen;35 tot 40 jaar;2044;15214;17458;-2244
4999;Mannen en Vrouwen;35 tot 40 jaar;2045;15214;17470;-2256
5000;Mannen en Vrouwen;35 tot 40 jaar;2046;15210;17468;-2258
5001;Mannen en Vrouwen;35 tot 40 jaar;2047;15196;17467;-2271
5002;Mannen en Vrouwen;35 tot 40 jaar;2048;15161;17427;-2266
5003;Mannen en Vrouwen;35 tot 40 jaar;2049;15144;17409;-2265
5004;Mannen en Vrouwen;35 tot 40 jaar;2050;15133;17403;-2270
5005;Mannen en Vrouwen;35 tot 40 jaar;2051;15150;17434;-2284
5006;Mannen en Vrouwen;35 tot 40 jaar;2052;15176;17483;-2307
5007;Mannen en Vrouwen;35 tot 40 jaar;2053;15218;17559;-2341
5008;Mannen en Vrouwen;35 tot 40 jaar;2054;15261;17627;-2366
5009;Mannen en Vrouwen;35 tot 40 jaar;2055;15294;17685;-2391
5010;Mannen en Vrouwen;35 tot 40 jaar;2056;15319;17737;-2418
5011;Mannen en Vrouwen;35 tot 40 jaar;2057;15340;17787;-2447
5012;Mannen en Vrouwen;35 tot 40 jaar;2058;15363;17829;-2466
5013;Mannen en Vrouwen;35 tot 40 jaar;2059;15375;17868;-2493
5014;Mannen en Vrouwen;40 tot 45 jaar;2014;10675;10454;221
5015;Mannen en Vrouwen;40 tot 45 jaar;2015;10791;10318;473
5016;Mannen en Vrouwen;40 tot 45 jaar;2016;10899;10307;592
5017;Mannen en Vrouwen;40 tot 45 jaar;2017;11021;10411;610
5018;Mannen en Vrouwen;40 tot 45 jaar;2018;10910;10597;313
5019;Mannen en Vrouwen;40 tot 45 jaar;2019;10802;10754;48
5020;Mannen en Vrouwen;40 tot 45 jaar;2020;10659;10886;-227
5021;Mannen en Vrouwen;40 tot 45 jaar;2021;10680;10991;-311
5022;Mannen en Vrouwen;40 tot 45 jaar;2022;10676;11143;-467
5023;Mannen en Vrouwen;40 tot 45 jaar;2023;10675;11279;-604
5024;Mannen en Vrouwen;40 tot 45 jaar;2024;10657;11452;-795
5025;Mannen en Vrouwen;40 tot 45 jaar;2025;10656;11593;-937
5026;Mannen en Vrouwen;40 tot 45 jaar;2026;10675;11734;-1059
5027;Mannen en Vrouwen;40 tot 45 jaar;2027;10702;11854;-1152
5028;Mannen en Vrouwen;40 tot 45 jaar;2028;10736;11983;-1247
5029;Mannen en Vrouwen;40 tot 45 jaar;2029;10767;12087;-1320
5030;Mannen en Vrouwen;40 tot 45 jaar;2030;10813;12223;-1410
5031;Mannen en Vrouwen;40 tot 45 jaar;2031;10852;12337;-1485
5032;Mannen en Vrouwen;40 tot 45 jaar;2032;10890;12434;-1544
5033;Mannen en Vrouwen;40 tot 45 jaar;2033;10910;12504;-1594
5034;Mannen en Vrouwen;40 tot 45 jaar;2034;10943;12558;-1615
5035;Mannen en Vrouwen;40 tot 45 jaar;2035;10937;12558;-1621
5036;Mannen en Vrouwen;40 tot 45 jaar;2036;10923;12548;-1625
5037;Mannen en Vrouwen;40 tot 45 jaar;2037;10925;12538;-1613
5038;Mannen en Vrouwen;40 tot 45 jaar;2038;10938;12554;-1616
5039;Mannen en Vrouwen;40 tot 45 jaar;2039;10968;12573;-1605
5040;Mannen en Vrouwen;40 tot 45 jaar;2040;11012;12633;-1621
5041;Mannen en Vrouwen;40 tot 45 jaar;2041;11053;12680;-1627
5042;Mannen en Vrouwen;40 tot 45 jaar;2042;11070;12713;-1643
5043;Mannen en Vrouwen;40 tot 45 jaar;2043;11091;12735;-1644
5044;Mannen en Vrouwen;40 tot 45 jaar;2044;11075;12727;-1652
5045;Mannen en Vrouwen;40 tot 45 jaar;2045;11040;12685;-1645
5046;Mannen en Vrouwen;40 tot 45 jaar;2046;11003;12650;-1647
5047;Mannen en Vrouwen;40 tot 45 jaar;2047;10960;12612;-1652
5048;Mannen en Vrouwen;40 tot 45 jaar;2048;10938;12590;-1652
5049;Mannen en Vrouwen;40 tot 45 jaar;2049;10929;12585;-1656
5050;Mannen en Vrouwen;40 tot 45 jaar;2050;10920;12600;-1680
5051;Mannen en Vrouwen;40 tot 45 jaar;2051;10909;12606;-1697
5052;Mannen en Vrouwen;40 tot 45 jaar;2052;10895;12601;-1706
5053;Mannen en Vrouwen;40 tot 45 jaar;2053;10870;12574;-1704
5054;Mannen en Vrouwen;40 tot 45 jaar;2054;10858;12560;-1702
5055;Mannen en Vrouwen;40 tot 45 jaar;2055;10853;12562;-1709
5056;Mannen en Vrouwen;40 tot 45 jaar;2056;10863;12587;-1724
5057;Mannen en Vrouwen;40 tot 45 jaar;2057;10882;12626;-1744
5058;Mannen en Vrouwen;40 tot 45 jaar;2058;10913;12689;-1776
5059;Mannen en Vrouwen;40 tot 45 jaar;2059;10944;12744;-1800
5060;Mannen en Vrouwen;45 tot 50 jaar;2014;7533;8188;-655
5061;Mannen en Vrouwen;45 tot 50 jaar;2015;7671;8260;-589
5062;Mannen en Vrouwen;45 tot 50 jaar;2016;7768;8347;-579
5063;Mannen en Vrouwen;45 tot 50 jaar;2017;7849;8451;-602
5064;Mannen en Vrouwen;45 tot 50 jaar;2018;7736;8470;-734
5065;Mannen en Vrouwen;45 tot 50 jaar;2019;7590;8407;-817
5066;Mannen en Vrouwen;45 tot 50 jaar;2020;7416;8243;-827
5067;Mannen en Vrouwen;45 tot 50 jaar;2021;7357;8079;-722
5068;Mannen en Vrouwen;45 tot 50 jaar;2022;7301;7988;-687
5069;Mannen en Vrouwen;45 tot 50 jaar;2023;7286;7971;-685
5070;Mannen en Vrouwen;45 tot 50 jaar;2024;7268;7996;-728
5071;Mannen en Vrouwen;45 tot 50 jaar;2025;7290;8083;-793
5072;Mannen en Vrouwen;45 tot 50 jaar;2026;7315;8171;-856
5073;Mannen en Vrouwen;45 tot 50 jaar;2027;7327;8261;-934
5074;Mannen en Vrouwen;45 tot 50 jaar;2028;7320;8339;-1019
5075;Mannen en Vrouwen;45 tot 50 jaar;2029;7315;8427;-1112
5076;Mannen en Vrouwen;45 tot 50 jaar;2030;7323;8520;-1197
5077;Mannen en Vrouwen;45 tot 50 jaar;2031;7338;8614;-1276
5078;Mannen en Vrouwen;45 tot 50 jaar;2032;7364;8700;-1336
5079;Mannen en Vrouwen;45 tot 50 jaar;2033;7389;8792;-1403
5080;Mannen en Vrouwen;45 tot 50 jaar;2034;7427;8870;-1443
5081;Mannen en Vrouwen;45 tot 50 jaar;2035;7466;8963;-1497
5082;Mannen en Vrouwen;45 tot 50 jaar;2036;7506;9042;-1536
5083;Mannen en Vrouwen;45 tot 50 jaar;2037;7528;9111;-1583
5084;Mannen en Vrouwen;45 tot 50 jaar;2038;7562;9162;-1600
5085;Mannen en Vrouwen;45 tot 50 jaar;2039;7579;9206;-1627
5086;Mannen en Vrouwen;45 tot 50 jaar;2040;7582;9207;-1625
5087;Mannen en Vrouwen;45 tot 50 jaar;2041;7569;9206;-1637
5088;Mannen en Vrouwen;45 tot 50 jaar;2042;7567;9210;-1643
5089;Mannen en Vrouwen;45 tot 50 jaar;2043;7590;9238;-1648
5090;Mannen en Vrouwen;45 tot 50 jaar;2044;7614;9262;-1648
5091;Mannen en Vrouwen;45 tot 50 jaar;2045;7658;9313;-1655
5092;Mannen en Vrouwen;45 tot 50 jaar;2046;7689;9361;-1672
5093;Mannen en Vrouwen;45 tot 50 jaar;2047;7704;9395;-1691
5094;Mannen en Vrouwen;45 tot 50 jaar;2048;7716;9416;-1700
5095;Mannen en Vrouwen;45 tot 50 jaar;2049;7712;9417;-1705
5096;Mannen en Vrouwen;45 tot 50 jaar;2050;7677;9392;-1715
5097;Mannen en Vrouwen;45 tot 50 jaar;2051;7650;9371;-1721
5098;Mannen en Vrouwen;45 tot 50 jaar;2052;7614;9349;-1735
5099;Mannen en Vrouwen;45 tot 50 jaar;2053;7589;9337;-1748
5100;Mannen en Vrouwen;45 tot 50 jaar;2054;7583;9339;-1756
5101;Mannen en Vrouwen;45 tot 50 jaar;2055;7578;9350;-1772
5102;Mannen en Vrouwen;45 tot 50 jaar;2056;7571;9356;-1785
5103;Mannen en Vrouwen;45 tot 50 jaar;2057;7565;9360;-1795
5104;Mannen en Vrouwen;45 tot 50 jaar;2058;7539;9345;-1806
5105;Mannen en Vrouwen;45 tot 50 jaar;2059;7524;9341;-1817
5106;Mannen en Vrouwen;50 tot 55 jaar;2014;5188;6319;-1131
5107;Mannen en Vrouwen;50 tot 55 jaar;2015;5276;6413;-1137
5108;Mannen en Vrouwen;50 tot 55 jaar;2016;5337;6552;-1215
5109;Mannen en Vrouwen;50 tot 55 jaar;2017;5405;6666;-1261
5110;Mannen en Vrouwen;50 tot 55 jaar;2018;5356;6807;-1451
5111;Mannen en Vrouwen;50 tot 55 jaar;2019;5332;6886;-1554
5112;Mannen en Vrouwen;50 tot 55 jaar;2020;5270;6909;-1639
5113;Mannen en Vrouwen;50 tot 55 jaar;2021;5265;6879;-1614
5114;Mannen en Vrouwen;50 tot 55 jaar;2022;5234;6844;-1610
5115;Mannen en Vrouwen;50 tot 55 jaar;2023;5197;6752;-1555
5116;Mannen en Vrouwen;50 tot 55 jaar;2024;5124;6629;-1505
5117;Mannen en Vrouwen;50 tot 55 jaar;2025;5066;6500;-1434
5118;Mannen en Vrouwen;50 tot 55 jaar;2026;5015;6404;-1389
5119;Mannen en Vrouwen;50 tot 55 jaar;2027;4980;6337;-1357
5120;Mannen en Vrouwen;50 tot 55 jaar;2028;4970;6326;-1356
5121;Mannen en Vrouwen;50 tot 55 jaar;2029;4969;6334;-1365
5122;Mannen en Vrouwen;50 tot 55 jaar;2030;4989;6408;-1419
5123;Mannen en Vrouwen;50 tot 55 jaar;2031;5003;6481;-1478
5124;Mannen en Vrouwen;50 tot 55 jaar;2032;5025;6548;-1523
5125;Mannen en Vrouwen;50 tot 55 jaar;2033;5029;6608;-1579
5126;Mannen en Vrouwen;50 tot 55 jaar;2034;5039;6683;-1644
5127;Mannen en Vrouwen;50 tot 55 jaar;2035;5038;6744;-1706
5128;Mannen en Vrouwen;50 tot 55 jaar;2036;5055;6810;-1755
5129;Mannen en Vrouwen;50 tot 55 jaar;2037;5083;6880;-1797
5130;Mannen en Vrouwen;50 tot 55 jaar;2038;5104;6951;-1847
5131;Mannen en Vrouwen;50 tot 55 jaar;2039;5132;7011;-1879
5132;Mannen en Vrouwen;50 tot 55 jaar;2040;5170;7083;-1913
5133;Mannen en Vrouwen;50 tot 55 jaar;2041;5203;7147;-1944
5134;Mannen en Vrouwen;50 tot 55 jaar;2042;5227;7200;-1973
5135;Mannen en Vrouwen;50 tot 55 jaar;2043;5241;7245;-2004
5136;Mannen en Vrouwen;50 tot 55 jaar;2044;5263;7286;-2023
5137;Mannen en Vrouwen;50 tot 55 jaar;2045;5266;7292;-2026
5138;Mannen en Vrouwen;50 tot 55 jaar;2046;5269;7294;-2025
5139;Mannen en Vrouwen;50 tot 55 jaar;2047;5268;7303;-2035
5140;Mannen en Vrouwen;50 tot 55 jaar;2048;5288;7329;-2041
5141;Mannen en Vrouwen;50 tot 55 jaar;2049;5305;7353;-2048
5142;Mannen en Vrouwen;50 tot 55 jaar;2050;5336;7407;-2071
5143;Mannen en Vrouwen;50 tot 55 jaar;2051;5368;7454;-2086
5144;Mannen en Vrouwen;50 tot 55 jaar;2052;5382;7490;-2108
5145;Mannen en Vrouwen;50 tot 55 jaar;2053;5391;7513;-2122
5146;Mannen en Vrouwen;50 tot 55 jaar;2054;5391;7514;-2123
5147;Mannen en Vrouwen;50 tot 55 jaar;2055;5365;7495;-2130
5148;Mannen en Vrouwen;50 tot 55 jaar;2056;5335;7474;-2139
5149;Mannen en Vrouwen;50 tot 55 jaar;2057;5308;7454;-2146
5150;Mannen en Vrouwen;50 tot 55 jaar;2058;5294;7443;-2149
5151;Mannen en Vrouwen;50 tot 55 jaar;2059;5274;7442;-2168
5152;Mannen en Vrouwen;55 tot 60 jaar;2014;3212;3962;-750
5153;Mannen en Vrouwen;55 tot 60 jaar;2015;3260;4114;-854
5154;Mannen en Vrouwen;55 tot 60 jaar;2016;3311;4232;-921
5155;Mannen en Vrouwen;55 tot 60 jaar;2017;3357;4418;-1061
5156;Mannen en Vrouwen;55 tot 60 jaar;2018;3353;4596;-1243
5157;Mannen en Vrouwen;55 tot 60 jaar;2019;3343;4758;-1415
5158;Mannen en Vrouwen;55 tot 60 jaar;2020;3325;4823;-1498
5159;Mannen en Vrouwen;55 tot 60 jaar;2021;3326;4851;-1525
5160;Mannen en Vrouwen;55 tot 60 jaar;2022;3330;4852;-1522
5161;Mannen en Vrouwen;55 tot 60 jaar;2023;3325;4868;-1543
5162;Mannen en Vrouwen;55 tot 60 jaar;2024;3323;4874;-1551
5163;Mannen en Vrouwen;55 tot 60 jaar;2025;3334;4894;-1560
5164;Mannen en Vrouwen;55 tot 60 jaar;2026;3322;4898;-1576
5165;Mannen en Vrouwen;55 tot 60 jaar;2027;3304;4888;-1584
5166;Mannen en Vrouwen;55 tot 60 jaar;2028;3267;4826;-1559
5167;Mannen en Vrouwen;55 tot 60 jaar;2029;3215;4741;-1526
5168;Mannen en Vrouwen;55 tot 60 jaar;2030;3170;4664;-1494
5169;Mannen en Vrouwen;55 tot 60 jaar;2031;3131;4604;-1473
5170;Mannen en Vrouwen;55 tot 60 jaar;2032;3104;4567;-1463
5171;Mannen en Vrouwen;55 tot 60 jaar;2033;3095;4570;-1475
5172;Mannen en Vrouwen;55 tot 60 jaar;2034;3106;4586;-1480
5173;Mannen en Vrouwen;55 tot 60 jaar;2035;3127;4637;-1510
5174;Mannen en Vrouwen;55 tot 60 jaar;2036;3140;4687;-1547
5175;Mannen en Vrouwen;55 tot 60 jaar;2037;3150;4729;-1579
5176;Mannen en Vrouwen;55 tot 60 jaar;2038;3155;4767;-1612
5177;Mannen en Vrouwen;55 tot 60 jaar;2039;3168;4812;-1644
5178;Mannen en Vrouwen;55 tot 60 jaar;2040;3173;4852;-1679
5179;Mannen en Vrouwen;55 tot 60 jaar;2041;3189;4900;-1711
5180;Mannen en Vrouwen;55 tot 60 jaar;2042;3212;4953;-1741
5181;Mannen en Vrouwen;55 tot 60 jaar;2043;3232;5007;-1775
5182;Mannen en Vrouwen;55 tot 60 jaar;2044;3261;5051;-1790
5183;Mannen en Vrouwen;55 tot 60 jaar;2045;3295;5110;-1815
5184;Mannen en Vrouwen;55 tot 60 jaar;2046;3322;5159;-1837
5185;Mannen en Vrouwen;55 tot 60 jaar;2047;3341;5205;-1864
5186;Mannen en Vrouwen;55 tot 60 jaar;2048;3359;5240;-1881
5187;Mannen en Vrouwen;55 tot 60 jaar;2049;3372;5274;-1902
5188;Mannen en Vrouwen;55 tot 60 jaar;2050;3379;5280;-1901
5189;Mannen en Vrouwen;55 tot 60 jaar;2051;3379;5288;-1909
5190;Mannen en Vrouwen;55 tot 60 jaar;2052;3382;5301;-1919
5191;Mannen en Vrouwen;55 tot 60 jaar;2053;3394;5331;-1937
5192;Mannen en Vrouwen;55 tot 60 jaar;2054;3410;5358;-1948
5193;Mannen en Vrouwen;55 tot 60 jaar;2055;3443;5408;-1965
5194;Mannen en Vrouwen;55 tot 60 jaar;2056;3467;5448;-1981
5195;Mannen en Vrouwen;55 tot 60 jaar;2057;3482;5478;-1996
5196;Mannen en Vrouwen;55 tot 60 jaar;2058;3486;5499;-2013
5197;Mannen en Vrouwen;55 tot 60 jaar;2059;3480;5504;-2024
5198;Mannen en Vrouwen;60 tot 65 jaar;2014;1990;2672;-682
5199;Mannen en Vrouwen;60 tot 65 jaar;2015;2010;2716;-706
5200;Mannen en Vrouwen;60 tot 65 jaar;2016;2024;2825;-801
5201;Mannen en Vrouwen;60 tot 65 jaar;2017;2034;2927;-893
5202;Mannen en Vrouwen;60 tot 65 jaar;2018;2038;3044;-1006
5203;Mannen en Vrouwen;60 tot 65 jaar;2019;2036;3162;-1126
5204;Mannen en Vrouwen;60 tot 65 jaar;2020;2032;3266;-1234
5205;Mannen en Vrouwen;60 tot 65 jaar;2021;2053;3310;-1257
5206;Mannen en Vrouwen;60 tot 65 jaar;2022;2064;3381;-1317
5207;Mannen en Vrouwen;60 tot 65 jaar;2023;2081;3455;-1374
5208;Mannen en Vrouwen;60 tot 65 jaar;2024;2091;3530;-1439
5209;Mannen en Vrouwen;60 tot 65 jaar;2025;2107;3575;-1468
5210;Mannen en Vrouwen;60 tot 65 jaar;2026;2109;3612;-1503
5211;Mannen en Vrouwen;60 tot 65 jaar;2027;2109;3621;-1512
5212;Mannen en Vrouwen;60 tot 65 jaar;2028;2100;3639;-1539
5213;Mannen en Vrouwen;60 tot 65 jaar;2029;2106;3647;-1541
5214;Mannen en Vrouwen;60 tot 65 jaar;2030;2106;3676;-1570
5215;Mannen en Vrouwen;60 tot 65 jaar;2031;2107;3690;-1583
5216;Mannen en Vrouwen;60 tot 65 jaar;2032;2094;3699;-1605
5217;Mannen en Vrouwen;60 tot 65 jaar;2033;2064;3673;-1609
5218;Mannen en Vrouwen;60 tot 65 jaar;2034;2023;3618;-1595
5219;Mannen en Vrouwen;60 tot 65 jaar;2035;1978;3552;-1574
5220;Mannen en Vrouwen;60 tot 65 jaar;2036;1945;3502;-1557
5221;Mannen en Vrouwen;60 tot 65 jaar;2037;1925;3467;-1542
5222;Mannen en Vrouwen;60 tot 65 jaar;2038;1917;3464;-1547
5223;Mannen en Vrouwen;60 tot 65 jaar;2039;1917;3469;-1552
5224;Mannen en Vrouwen;60 tot 65 jaar;2040;1934;3501;-1567
5225;Mannen en Vrouwen;60 tot 65 jaar;2041;1944;3537;-1593
5226;Mannen en Vrouwen;60 tot 65 jaar;2042;1961;3567;-1606
5227;Mannen en Vrouwen;60 tot 65 jaar;2043;1960;3598;-1638
5228;Mannen en Vrouwen;60 tot 65 jaar;2044;1968;3634;-1666
5229;Mannen en Vrouwen;60 tot 65 jaar;2045;1970;3664;-1694
5230;Mannen en Vrouwen;60 tot 65 jaar;2046;1981;3705;-1724
5231;Mannen en Vrouwen;60 tot 65 jaar;2047;1999;3747;-1748
5232;Mannen en Vrouwen;60 tot 65 jaar;2048;2016;3789;-1773
5233;Mannen en Vrouwen;60 tot 65 jaar;2049;2036;3827;-1791
5234;Mannen en Vrouwen;60 tot 65 jaar;2050;2063;3874;-1811
5235;Mannen en Vrouwen;60 tot 65 jaar;2051;2080;3915;-1835
5236;Mannen en Vrouwen;60 tot 65 jaar;2052;2099;3955;-1856
5237;Mannen en Vrouwen;60 tot 65 jaar;2053;2107;3983;-1876
5238;Mannen en Vrouwen;60 tot 65 jaar;2054;2125;4011;-1886
5239;Mannen en Vrouwen;60 tot 65 jaar;2055;2124;4020;-1896
5240;Mannen en Vrouwen;60 tot 65 jaar;2056;2124;4030;-1906
5241;Mannen en Vrouwen;60 tot 65 jaar;2057;2123;4040;-1917
5242;Mannen en Vrouwen;60 tot 65 jaar;2058;2134;4064;-1930
5243;Mannen en Vrouwen;60 tot 65 jaar;2059;2142;4086;-1944
5244;Mannen en Vrouwen;65 tot 70 jaar;2014;1416;2348;-932
5245;Mannen en Vrouwen;65 tot 70 jaar;2015;1434;2391;-957
5246;Mannen en Vrouwen;65 tot 70 jaar;2016;1404;2389;-985
5247;Mannen en Vrouwen;65 tot 70 jaar;2017;1391;2430;-1039
5248;Mannen en Vrouwen;65 tot 70 jaar;2018;1375;2478;-1103
5249;Mannen en Vrouwen;65 tot 70 jaar;2019;1367;2532;-1165
5250;Mannen en Vrouwen;65 tot 70 jaar;2020;1368;2565;-1197
5251;Mannen en Vrouwen;65 tot 70 jaar;2021;1379;2620;-1241
5252;Mannen en Vrouwen;65 tot 70 jaar;2022;1385;2658;-1273
5253;Mannen en Vrouwen;65 tot 70 jaar;2023;1397;2709;-1312
5254;Mannen en Vrouwen;65 tot 70 jaar;2024;1412;2766;-1354
5255;Mannen en Vrouwen;65 tot 70 jaar;2025;1423;2847;-1424
5256;Mannen en Vrouwen;65 tot 70 jaar;2026;1440;2906;-1466
5257;Mannen en Vrouwen;65 tot 70 jaar;2027;1449;2975;-1526
5258;Mannen en Vrouwen;65 tot 70 jaar;2028;1463;3039;-1576
5259;Mannen en Vrouwen;65 tot 70 jaar;2029;1472;3099;-1627
5260;Mannen en Vrouwen;65 tot 70 jaar;2030;1477;3143;-1666
5261;Mannen en Vrouwen;65 tot 70 jaar;2031;1475;3186;-1711
5262;Mannen en Vrouwen;65 tot 70 jaar;2032;1476;3196;-1720
5263;Mannen en Vrouwen;65 tot 70 jaar;2033;1472;3219;-1747
5264;Mannen en Vrouwen;65 tot 70 jaar;2034;1477;3245;-1768
5265;Mannen en Vrouwen;65 tot 70 jaar;2035;1478;3271;-1793
5266;Mannen en Vrouwen;65 tot 70 jaar;2036;1471;3285;-1814
5267;Mannen en Vrouwen;65 tot 70 jaar;2037;1452;3295;-1843
5268;Mannen en Vrouwen;65 tot 70 jaar;2038;1425;3257;-1832
5269;Mannen en Vrouwen;65 tot 70 jaar;2039;1386;3207;-1821
5270;Mannen en Vrouwen;65 tot 70 jaar;2040;1350;3141;-1791
5271;Mannen en Vrouwen;65 tot 70 jaar;2041;1319;3091;-1772
5272;Mannen en Vrouwen;65 tot 70 jaar;2042;1296;3048;-1752
5273;Mannen en Vrouwen;65 tot 70 jaar;2043;1290;3042;-1752
5274;Mannen en Vrouwen;65 tot 70 jaar;2044;1292;3041;-1749
5275;Mannen en Vrouwen;65 tot 70 jaar;2045;1296;3067;-1771
5276;Mannen en Vrouwen;65 tot 70 jaar;2046;1309;3093;-1784
5277;Mannen en Vrouwen;65 tot 70 jaar;2047;1307;3115;-1808
5278;Mannen en Vrouwen;65 tot 70 jaar;2048;1304;3131;-1827
5279;Mannen en Vrouwen;65 tot 70 jaar;2049;1308;3160;-1852
5280;Mannen en Vrouwen;65 tot 70 jaar;2050;1306;3187;-1881
5281;Mannen en Vrouwen;65 tot 70 jaar;2051;1312;3227;-1915
5282;Mannen en Vrouwen;65 tot 70 jaar;2052;1326;3268;-1942
5283;Mannen en Vrouwen;65 tot 70 jaar;2053;1338;3307;-1969
5284;Mannen en Vrouwen;65 tot 70 jaar;2054;1349;3342;-1993
5285;Mannen en Vrouwen;65 tot 70 jaar;2055;1367;3381;-2014
5286;Mannen en Vrouwen;65 tot 70 jaar;2056;1372;3419;-2047
5287;Mannen en Vrouwen;65 tot 70 jaar;2057;1382;3456;-2074
5288;Mannen en Vrouwen;65 tot 70 jaar;2058;1391;3480;-2089
5289;Mannen en Vrouwen;65 tot 70 jaar;2059;1406;3505;-2099
5290;Mannen en Vrouwen;70 tot 75 jaar;2014;784;1219;-435
5291;Mannen en Vrouwen;70 tot 75 jaar;2015;793;1218;-425
5292;Mannen en Vrouwen;70 tot 75 jaar;2016;841;1295;-454
5293;Mannen en Vrouwen;70 tot 75 jaar;2017;880;1369;-489
5294;Mannen en Vrouwen;70 tot 75 jaar;2018;900;1449;-549
5295;Mannen en Vrouwen;70 tot 75 jaar;2019;912;1505;-593
5296;Mannen en Vrouwen;70 tot 75 jaar;2020;921;1545;-624
5297;Mannen en Vrouwen;70 tot 75 jaar;2021;902;1532;-630
5298;Mannen en Vrouwen;70 tot 75 jaar;2022;894;1540;-646
5299;Mannen en Vrouwen;70 tot 75 jaar;2023;896;1549;-653
5300;Mannen en Vrouwen;70 tot 75 jaar;2024;895;1568;-673
5301;Mannen en Vrouwen;70 tot 75 jaar;2025;903;1599;-696
5302;Mannen en Vrouwen;70 tot 75 jaar;2026;906;1652;-746
5303;Mannen en Vrouwen;70 tot 75 jaar;2027;912;1690;-778
5304;Mannen en Vrouwen;70 tot 75 jaar;2028;919;1738;-819
5305;Mannen en Vrouwen;70 tot 75 jaar;2029;932;1786;-854
5306;Mannen en Vrouwen;70 tot 75 jaar;2030;943;1856;-913
5307;Mannen en Vrouwen;70 tot 75 jaar;2031;955;1907;-952
5308;Mannen en Vrouwen;70 tot 75 jaar;2032;966;1973;-1007
5309;Mannen en Vrouwen;70 tot 75 jaar;2033;975;2028;-1053
5310;Mannen en Vrouwen;70 tot 75 jaar;2034;988;2096;-1108
5311;Mannen en Vrouwen;70 tot 75 jaar;2035;994;2138;-1144
5312;Mannen en Vrouwen;70 tot 75 jaar;2036;994;2179;-1185
5313;Mannen en Vrouwen;70 tot 75 jaar;2037;993;2193;-1200
5314;Mannen en Vrouwen;70 tot 75 jaar;2038;990;2222;-1232
5315;Mannen en Vrouwen;70 tot 75 jaar;2039;995;2247;-1252
5316;Mannen en Vrouwen;70 tot 75 jaar;2040;993;2275;-1282
5317;Mannen en Vrouwen;70 tot 75 jaar;2041;987;2296;-1309
5318;Mannen en Vrouwen;70 tot 75 jaar;2042;977;2318;-1341
5319;Mannen en Vrouwen;70 tot 75 jaar;2043;956;2306;-1350
5320;Mannen en Vrouwen;70 tot 75 jaar;2044;928;2291;-1363
5321;Mannen en Vrouwen;70 tot 75 jaar;2045;900;2254;-1354
5322;Mannen en Vrouwen;70 tot 75 jaar;2046;885;2226;-1341
5323;Mannen en Vrouwen;70 tot 75 jaar;2047;866;2206;-1340
5324;Mannen en Vrouwen;70 tot 75 jaar;2048;861;2200;-1339
5325;Mannen en Vrouwen;70 tot 75 jaar;2049;860;2201;-1341
5326;Mannen en Vrouwen;70 tot 75 jaar;2050;866;2217;-1351
5327;Mannen en Vrouwen;70 tot 75 jaar;2051;868;2240;-1372
5328;Mannen en Vrouwen;70 tot 75 jaar;2052;870;2258;-1388
5329;Mannen en Vrouwen;70 tot 75 jaar;2053;865;2276;-1411
5330;Mannen en Vrouwen;70 tot 75 jaar;2054;864;2300;-1436
5331;Mannen en Vrouwen;70 tot 75 jaar;2055;866;2327;-1461
5332;Mannen en Vrouwen;70 tot 75 jaar;2056;875;2357;-1482
5333;Mannen en Vrouwen;70 tot 75 jaar;2057;882;2380;-1498
5334;Mannen en Vrouwen;70 tot 75 jaar;2058;894;2408;-1514
5335;Mannen en Vrouwen;70 tot 75 jaar;2059;903;2430;-1527
5336;Mannen en Vrouwen;75 tot 80 jaar;2014;462;641;-179
5337;Mannen en Vrouwen;75 tot 80 jaar;2015;472;682;-210
5338;Mannen en Vrouwen;75 tot 80 jaar;2016;476;693;-217
5339;Mannen en Vrouwen;75 tot 80 jaar;2017;485;721;-236
5340;Mannen en Vrouwen;75 tot 80 jaar;2018;493;737;-244
5341;Mannen en Vrouwen;75 tot 80 jaar;2019;504;761;-257
5342;Mannen en Vrouwen;75 tot 80 jaar;2020;505;770;-265
5343;Mannen en Vrouwen;75 tot 80 jaar;2021;543;817;-274
5344;Mannen en Vrouwen;75 tot 80 jaar;2022;568;850;-282
5345;Mannen en Vrouwen;75 tot 80 jaar;2023;585;887;-302
5346;Mannen en Vrouwen;75 tot 80 jaar;2024;595;915;-320
5347;Mannen en Vrouwen;75 tot 80 jaar;2025;603;949;-346
5348;Mannen en Vrouwen;75 tot 80 jaar;2026;594;956;-362
5349;Mannen en Vrouwen;75 tot 80 jaar;2027;590;981;-391
5350;Mannen en Vrouwen;75 tot 80 jaar;2028;591;999;-408
5351;Mannen en Vrouwen;75 tot 80 jaar;2029;595;1029;-434
5352;Mannen en Vrouwen;75 tot 80 jaar;2030;601;1060;-459
5353;Mannen en Vrouwen;75 tot 80 jaar;2031;608;1115;-507
5354;Mannen en Vrouwen;75 tot 80 jaar;2032;614;1156;-542
5355;Mannen en Vrouwen;75 tot 80 jaar;2033;620;1204;-584
5356;Mannen en Vrouwen;75 tot 80 jaar;2034;629;1255;-626
5357;Mannen en Vrouwen;75 tot 80 jaar;2035;635;1321;-686
5358;Mannen en Vrouwen;75 tot 80 jaar;2036;644;1373;-729
5359;Mannen en Vrouwen;75 tot 80 jaar;2037;652;1437;-785
5360;Mannen en Vrouwen;75 tot 80 jaar;2038;660;1495;-835
5361;Mannen en Vrouwen;75 tot 80 jaar;2039;668;1559;-891
5362;Mannen en Vrouwen;75 tot 80 jaar;2040;672;1599;-927
5363;Mannen en Vrouwen;75 tot 80 jaar;2041;671;1644;-973
5364;Mannen en Vrouwen;75 tot 80 jaar;2042;673;1666;-993
5365;Mannen en Vrouwen;75 tot 80 jaar;2043;674;1700;-1026
5366;Mannen en Vrouwen;75 tot 80 jaar;2044;674;1733;-1059
5367;Mannen en Vrouwen;75 tot 80 jaar;2045;675;1769;-1094
5368;Mannen en Vrouwen;75 tot 80 jaar;2046;673;1793;-1120
5369;Mannen en Vrouwen;75 tot 80 jaar;2047;666;1826;-1160
5370;Mannen en Vrouwen;75 tot 80 jaar;2048;648;1831;-1183
5371;Mannen en Vrouwen;75 tot 80 jaar;2049;629;1829;-1200
5372;Mannen en Vrouwen;75 tot 80 jaar;2050;607;1811;-1204
5373;Mannen en Vrouwen;75 tot 80 jaar;2051;593;1794;-1201
5374;Mannen en Vrouwen;75 tot 80 jaar;2052;582;1785;-1203
5375;Mannen en Vrouwen;75 tot 80 jaar;2053;576;1785;-1209
5376;Mannen en Vrouwen;75 tot 80 jaar;2054;573;1783;-1210
5377;Mannen en Vrouwen;75 tot 80 jaar;2055;579;1805;-1226
5378;Mannen en Vrouwen;75 tot 80 jaar;2056;579;1823;-1244
5379;Mannen en Vrouwen;75 tot 80 jaar;2057;575;1840;-1265
5380;Mannen en Vrouwen;75 tot 80 jaar;2058;575;1857;-1282
5381;Mannen en Vrouwen;75 tot 80 jaar;2059;575;1881;-1306
5382;Mannen en Vrouwen;80 tot 85 jaar;2014;258;248;10
5383;Mannen en Vrouwen;80 tot 85 jaar;2015;264;259;5
5384;Mannen en Vrouwen;80 tot 85 jaar;2016;266;276;-10
5385;Mannen en Vrouwen;80 tot 85 jaar;2017;267;291;-24
5386;Mannen en Vrouwen;80 tot 85 jaar;2018;275;313;-38
5387;Mannen en Vrouwen;80 tot 85 jaar;2019;280;333;-53
5388;Mannen en Vrouwen;80 tot 85 jaar;2020;279;358;-79
5389;Mannen en Vrouwen;80 tot 85 jaar;2021;281;368;-87
5390;Mannen en Vrouwen;80 tot 85 jaar;2022;291;380;-89
5391;Mannen en Vrouwen;80 tot 85 jaar;2023;297;386;-89
5392;Mannen en Vrouwen;80 tot 85 jaar;2024;310;393;-83
5393;Mannen en Vrouwen;80 tot 85 jaar;2025;314;399;-85
5394;Mannen en Vrouwen;80 tot 85 jaar;2026;338;417;-79
5395;Mannen en Vrouwen;80 tot 85 jaar;2027;361;436;-75
5396;Mannen en Vrouwen;80 tot 85 jaar;2028;369;457;-88
5397;Mannen en Vrouwen;80 tot 85 jaar;2029;373;473;-100
5398;Mannen en Vrouwen;80 tot 85 jaar;2030;386;496;-110
5399;Mannen en Vrouwen;80 tot 85 jaar;2031;378;498;-120
5400;Mannen en Vrouwen;80 tot 85 jaar;2032;377;508;-131
5401;Mannen en Vrouwen;80 tot 85 jaar;2033;375;517;-142
5402;Mannen en Vrouwen;80 tot 85 jaar;2034;374;531;-157
5403;Mannen en Vrouwen;80 tot 85 jaar;2035;381;546;-165
5404;Mannen en Vrouwen;80 tot 85 jaar;2036;385;576;-191
5405;Mannen en Vrouwen;80 tot 85 jaar;2037;390;598;-208
5406;Mannen en Vrouwen;80 tot 85 jaar;2038;396;626;-230
5407;Mannen en Vrouwen;80 tot 85 jaar;2039;403;656;-253
5408;Mannen en Vrouwen;80 tot 85 jaar;2040;409;699;-290
5409;Mannen en Vrouwen;80 tot 85 jaar;2041;417;727;-310
5410;Mannen en Vrouwen;80 tot 85 jaar;2042;426;768;-342
5411;Mannen en Vrouwen;80 tot 85 jaar;2043;433;810;-377
5412;Mannen en Vrouwen;80 tot 85 jaar;2044;438;852;-414
5413;Mannen en Vrouwen;80 tot 85 jaar;2045;444;886;-442
5414;Mannen en Vrouwen;80 tot 85 jaar;2046;442;917;-475
5415;Mannen en Vrouwen;80 tot 85 jaar;2047;445;932;-487
5416;Mannen en Vrouwen;80 tot 85 jaar;2048;443;956;-513
5417;Mannen en Vrouwen;80 tot 85 jaar;2049;446;981;-535
5418;Mannen en Vrouwen;80 tot 85 jaar;2050;447;1010;-563
5419;Mannen en Vrouwen;80 tot 85 jaar;2051;448;1033;-585
5420;Mannen en Vrouwen;80 tot 85 jaar;2052;439;1058;-619
5421;Mannen en Vrouwen;80 tot 85 jaar;2053;429;1063;-634
5422;Mannen en Vrouwen;80 tot 85 jaar;2054;413;1065;-652
5423;Mannen en Vrouwen;80 tot 85 jaar;2055;399;1054;-655
5424;Mannen en Vrouwen;80 tot 85 jaar;2056;386;1037;-651
5425;Mannen en Vrouwen;80 tot 85 jaar;2057;374;1029;-655
5426;Mannen en Vrouwen;80 tot 85 jaar;2058;370;1024;-654
5427;Mannen en Vrouwen;80 tot 85 jaar;2059;367;1024;-657
5428;Mannen en Vrouwen;85 tot 90 jaar;2014;108;98;10
5429;Mannen en Vrouwen;85 tot 90 jaar;2015;112;100;12
5430;Mannen en Vrouwen;85 tot 90 jaar;2016;114;102;12
5431;Mannen en Vrouwen;85 tot 90 jaar;2017;117;107;10
5432;Mannen en Vrouwen;85 tot 90 jaar;2018;119;114;5
5433;Mannen en Vrouwen;85 tot 90 jaar;2019;122;121;1
5434;Mannen en Vrouwen;85 tot 90 jaar;2020;120;124;-4
5435;Mannen en Vrouwen;85 tot 90 jaar;2021;121;130;-9
5436;Mannen en Vrouwen;85 tot 90 jaar;2022;123;135;-12
5437;Mannen en Vrouwen;85 tot 90 jaar;2023;128;145;-17
5438;Mannen en Vrouwen;85 tot 90 jaar;2024;132;153;-21
5439;Mannen en Vrouwen;85 tot 90 jaar;2025;136;164;-28
5440;Mannen en Vrouwen;85 tot 90 jaar;2026;137;168;-31
5441;Mannen en Vrouwen;85 tot 90 jaar;2027;142;175;-33
5442;Mannen en Vrouwen;85 tot 90 jaar;2028;147;178;-31
5443;Mannen en Vrouwen;85 tot 90 jaar;2029;156;183;-27
5444;Mannen en Vrouwen;85 tot 90 jaar;2030;158;190;-32
5445;Mannen en Vrouwen;85 tot 90 jaar;2031;174;205;-31
5446;Mannen en Vrouwen;85 tot 90 jaar;2032;185;219;-34
5447;Mannen en Vrouwen;85 tot 90 jaar;2033;196;233;-37
5448;Mannen en Vrouwen;85 tot 90 jaar;2034;194;246;-52
5449;Mannen en Vrouwen;85 tot 90 jaar;2035;195;257;-62
5450;Mannen en Vrouwen;85 tot 90 jaar;2036;193;256;-63
5451;Mannen en Vrouwen;85 tot 90 jaar;2037;193;259;-66
5452;Mannen en Vrouwen;85 tot 90 jaar;2038;197;263;-66
5453;Mannen en Vrouwen;85 tot 90 jaar;2039;198;272;-74
5454;Mannen en Vrouwen;85 tot 90 jaar;2040;201;284;-83
5455;Mannen en Vrouwen;85 tot 90 jaar;2041;204;297;-93
5456;Mannen en Vrouwen;85 tot 90 jaar;2042;206;310;-104
5457;Mannen en Vrouwen;85 tot 90 jaar;2043;210;321;-111
5458;Mannen en Vrouwen;85 tot 90 jaar;2044;216;338;-122
5459;Mannen en Vrouwen;85 tot 90 jaar;2045;220;360;-140
5460;Mannen en Vrouwen;85 tot 90 jaar;2046;227;376;-149
5461;Mannen en Vrouwen;85 tot 90 jaar;2047;230;395;-165
5462;Mannen en Vrouwen;85 tot 90 jaar;2048;236;412;-176
5463;Mannen en Vrouwen;85 tot 90 jaar;2049;240;434;-194
5464;Mannen en Vrouwen;85 tot 90 jaar;2050;244;452;-208
5465;Mannen en Vrouwen;85 tot 90 jaar;2051;245;465;-220
5466;Mannen en Vrouwen;85 tot 90 jaar;2052;243;465;-222
5467;Mannen en Vrouwen;85 tot 90 jaar;2053;243;474;-231
5468;Mannen en Vrouwen;85 tot 90 jaar;2054;246;488;-242
5469;Mannen en Vrouwen;85 tot 90 jaar;2055;249;505;-256
5470;Mannen en Vrouwen;85 tot 90 jaar;2056;249;520;-271
5471;Mannen en Vrouwen;85 tot 90 jaar;2057;245;528;-283
5472;Mannen en Vrouwen;85 tot 90 jaar;2058;235;531;-296
5473;Mannen en Vrouwen;85 tot 90 jaar;2059;226;524;-298
5474;Mannen en Vrouwen;90 tot 95 jaar;2014;3;10;-7
5475;Mannen en Vrouwen;90 tot 95 jaar;2015;4;11;-7
5476;Mannen en Vrouwen;90 tot 95 jaar;2016;4;11;-7
5477;Mannen en Vrouwen;90 tot 95 jaar;2017;5;11;-6
5478;Mannen en Vrouwen;90 tot 95 jaar;2018;5;13;-8
5479;Mannen en Vrouwen;90 tot 95 jaar;2019;5;13;-8
5480;Mannen en Vrouwen;90 tot 95 jaar;2020;5;13;-8
5481;Mannen en Vrouwen;90 tot 95 jaar;2021;5;13;-8
5482;Mannen en Vrouwen;90 tot 95 jaar;2022;5;15;-10
5483;Mannen en Vrouwen;90 tot 95 jaar;2023;5;15;-10
5484;Mannen en Vrouwen;90 tot 95 jaar;2024;5;15;-10
5485;Mannen en Vrouwen;90 tot 95 jaar;2025;5;16;-11
5486;Mannen en Vrouwen;90 tot 95 jaar;2026;5;18;-13
5487;Mannen en Vrouwen;90 tot 95 jaar;2027;5;18;-13
5488;Mannen en Vrouwen;90 tot 95 jaar;2028;5;20;-15
5489;Mannen en Vrouwen;90 tot 95 jaar;2029;5;20;-15
5490;Mannen en Vrouwen;90 tot 95 jaar;2030;4;21;-17
5491;Mannen en Vrouwen;90 tot 95 jaar;2031;4;22;-18
5492;Mannen en Vrouwen;90 tot 95 jaar;2032;4;23;-19
5493;Mannen en Vrouwen;90 tot 95 jaar;2033;4;25;-21
5494;Mannen en Vrouwen;90 tot 95 jaar;2034;5;27;-22
5495;Mannen en Vrouwen;90 tot 95 jaar;2035;4;27;-23
5496;Mannen en Vrouwen;90 tot 95 jaar;2036;6;33;-27
5497;Mannen en Vrouwen;90 tot 95 jaar;2037;6;34;-28
5498;Mannen en Vrouwen;90 tot 95 jaar;2038;5;32;-27
5499;Mannen en Vrouwen;90 tot 95 jaar;2039;5;32;-27
5500;Mannen en Vrouwen;90 tot 95 jaar;2040;5;33;-28
5501;Mannen en Vrouwen;90 tot 95 jaar;2041;5;33;-28
5502;Mannen en Vrouwen;90 tot 95 jaar;2042;5;35;-30
5503;Mannen en Vrouwen;90 tot 95 jaar;2043;5;37;-32
5504;Mannen en Vrouwen;90 tot 95 jaar;2044;6;38;-32
5505;Mannen en Vrouwen;90 tot 95 jaar;2045;6;39;-33
5506;Mannen en Vrouwen;90 tot 95 jaar;2046;6;41;-35
5507;Mannen en Vrouwen;90 tot 95 jaar;2047;6;43;-37
5508;Mannen en Vrouwen;90 tot 95 jaar;2048;6;45;-39
5509;Mannen en Vrouwen;90 tot 95 jaar;2049;7;48;-41
5510;Mannen en Vrouwen;90 tot 95 jaar;2050;7;49;-42
5511;Mannen en Vrouwen;90 tot 95 jaar;2051;7;51;-44
5512;Mannen en Vrouwen;90 tot 95 jaar;2052;7;52;-45
5513;Mannen en Vrouwen;90 tot 95 jaar;2053;7;54;-47
5514;Mannen en Vrouwen;90 tot 95 jaar;2054;7;58;-51
5515;Mannen en Vrouwen;90 tot 95 jaar;2055;7;57;-50
5516;Mannen en Vrouwen;90 tot 95 jaar;2056;7;58;-51
5517;Mannen en Vrouwen;90 tot 95 jaar;2057;7;58;-51
5518;Mannen en Vrouwen;90 tot 95 jaar;2058;7;60;-53
5519;Mannen en Vrouwen;90 tot 95 jaar;2059;7;64;-57
5520;Mannen en Vrouwen;95 jaar of ouder;2014;0;0;0
5521;Mannen en Vrouwen;95 jaar of ouder;2015;0;0;0
5522;Mannen en Vrouwen;95 jaar of ouder;2016;0;0;0
5523;Mannen en Vrouwen;95 jaar of ouder;2017;0;0;0
5524;Mannen en Vrouwen;95 jaar of ouder;2018;0;0;0
5525;Mannen en Vrouwen;95 jaar of ouder;2019;0;0;0
5526;Mannen en Vrouwen;95 jaar of ouder;2020;0;0;0
5527;Mannen en Vrouwen;95 jaar of ouder;2021;0;0;0
5528;Mannen en Vrouwen;95 jaar of ouder;2022;0;0;0
5529;Mannen en Vrouwen;95 jaar of ouder;2023;0;0;0
5530;Mannen en Vrouwen;95 jaar of ouder;2024;0;0;0
5531;Mannen en Vrouwen;95 jaar of ouder;2025;0;0;0
5532;Mannen en Vrouwen;95 jaar of ouder;2026;0;0;0
5533;Mannen en Vrouwen;95 jaar of ouder;2027;0;0;0
5534;Mannen en Vrouwen;95 jaar of ouder;2028;0;0;0
5535;Mannen en Vrouwen;95 jaar of ouder;2029;0;0;0
5536;Mannen en Vrouwen;95 jaar of ouder;2030;0;0;0
5537;Mannen en Vrouwen;95 jaar of ouder;2031;0;0;0
5538;Mannen en Vrouwen;95 jaar of ouder;2032;0;0;0
5539;Mannen en Vrouwen;95 jaar of ouder;2033;0;0;0
5540;Mannen en Vrouwen;95 jaar of ouder;2034;0;0;0
5541;Mannen en Vrouwen;95 jaar of ouder;2035;0;0;0
5542;Mannen en Vrouwen;95 jaar of ouder;2036;0;0;0
5543;Mannen en Vrouwen;95 jaar of ouder;2037;0;0;0
5544;Mannen en Vrouwen;95 jaar of ouder;2038;0;0;0
5545;Mannen en Vrouwen;95 jaar of ouder;2039;0;0;0
5546;Mannen en Vrouwen;95 jaar of ouder;2040;0;0;0
5547;Mannen en Vrouwen;95 jaar of ouder;2041;0;0;0
5548;Mannen en Vrouwen;95 jaar of ouder;2042;0;0;0
5549;Mannen en Vrouwen;95 jaar of ouder;2043;0;0;0
5550;Mannen en Vrouwen;95 jaar of ouder;2044;0;0;0
5551;Mannen en Vrouwen;95 jaar of ouder;2045;0;0;0
5552;Mannen en Vrouwen;95 jaar of ouder;2046;0;0;0
5553;Mannen en Vrouwen;95 jaar of ouder;2047;0;0;0
5554;Mannen en Vrouwen;95 jaar of ouder;2048;0;0;0
5555;Mannen en Vrouwen;95 jaar of ouder;2049;0;0;0
5556;Mannen en Vrouwen;95 jaar of ouder;2050;0;0;0
5557;Mannen en Vrouwen;95 jaar of ouder;2051;0;0;0
5558;Mannen en Vrouwen;95 jaar of ouder;2052;0;0;0
5559;Mannen en Vrouwen;95 jaar of ouder;2053;0;0;0
5560;Mannen en Vrouwen;95 jaar of ouder;2054;0;0;0
5561;Mannen en Vrouwen;95 jaar of ouder;2055;0;0;0
5562;Mannen en Vrouwen;95 jaar of ouder;2056;0;0;0
5563;Mannen en Vrouwen;95 jaar of ouder;2057;0;0;0
5564;Mannen en Vrouwen;95 jaar of ouder;2058;0;0;0
5565;Mannen en Vrouwen;95 jaar of ouder;2059;0;0;0
5566;Mannen en Vrouwen;0 tot 10 jaar;2014;18408;14272;4136
5567;Mannen en Vrouwen;0 tot 10 jaar;2015;18816;14347;4469
5568;Mannen en Vrouwen;0 tot 10 jaar;2016;19153;14505;4648
5569;Mannen en Vrouwen;0 tot 10 jaar;2017;19524;14739;4785
5570;Mannen en Vrouwen;0 tot 10 jaar;2018;19282;14976;4306
5571;Mannen en Vrouwen;0 tot 10 jaar;2019;19049;15127;3922
5572;Mannen en Vrouwen;0 tot 10 jaar;2020;18668;15117;3551
5573;Mannen en Vrouwen;0 tot 10 jaar;2021;18699;15060;3639
5574;Mannen en Vrouwen;0 tot 10 jaar;2022;18718;15039;3679
5575;Mannen en Vrouwen;0 tot 10 jaar;2023;18777;15060;3717
5576;Mannen en Vrouwen;0 tot 10 jaar;2024;18801;15073;3728
5577;Mannen en Vrouwen;0 tot 10 jaar;2025;18857;15091;3766
5578;Mannen en Vrouwen;0 tot 10 jaar;2026;18884;15099;3785
5579;Mannen en Vrouwen;0 tot 10 jaar;2027;18905;15095;3810
5580;Mannen en Vrouwen;0 tot 10 jaar;2028;18932;15082;3850
5581;Mannen en Vrouwen;0 tot 10 jaar;2029;18943;15058;3885
5582;Mannen en Vrouwen;0 tot 10 jaar;2030;18956;15066;3890
5583;Mannen en Vrouwen;0 tot 10 jaar;2031;18973;15065;3908
5584;Mannen en Vrouwen;0 tot 10 jaar;2032;18976;15060;3916
5585;Mannen en Vrouwen;0 tot 10 jaar;2033;18989;15048;3941
5586;Mannen en Vrouwen;0 tot 10 jaar;2034;18993;15033;3960
5587;Mannen en Vrouwen;0 tot 10 jaar;2035;18999;15012;3987
5588;Mannen en Vrouwen;0 tot 10 jaar;2036;18991;14989;4002
5589;Mannen en Vrouwen;0 tot 10 jaar;2037;18977;14962;4015
5590;Mannen en Vrouwen;0 tot 10 jaar;2038;18951;14922;4029
5591;Mannen en Vrouwen;0 tot 10 jaar;2039;18928;14884;4044
5592;Mannen en Vrouwen;0 tot 10 jaar;2040;18908;14834;4074
5593;Mannen en Vrouwen;0 tot 10 jaar;2041;18892;14789;4103
5594;Mannen en Vrouwen;0 tot 10 jaar;2042;18874;14741;4133
5595;Mannen en Vrouwen;0 tot 10 jaar;2043;18855;14707;4148
5596;Mannen en Vrouwen;0 tot 10 jaar;2044;18839;14666;4173
5597;Mannen en Vrouwen;0 tot 10 jaar;2045;18828;14630;4198
5598;Mannen en Vrouwen;0 tot 10 jaar;2046;18827;14600;4227
5599;Mannen en Vrouwen;0 tot 10 jaar;2047;18822;14580;4242
5600;Mannen en Vrouwen;0 tot 10 jaar;2048;18825;14569;4256
5601;Mannen en Vrouwen;0 tot 10 jaar;2049;18839;14559;4280
5602;Mannen en Vrouwen;0 tot 10 jaar;2050;18847;14562;4285
5603;Mannen en Vrouwen;0 tot 10 jaar;2051;18857;14573;4284
5604;Mannen en Vrouwen;0 tot 10 jaar;2052;18878;14588;4290
5605;Mannen en Vrouwen;0 tot 10 jaar;2053;18899;14606;4293
5606;Mannen en Vrouwen;0 tot 10 jaar;2054;18906;14627;4279
5607;Mannen en Vrouwen;0 tot 10 jaar;2055;18923;14651;4272
5608;Mannen en Vrouwen;0 tot 10 jaar;2056;18946;14681;4265
5609;Mannen en Vrouwen;0 tot 10 jaar;2057;18959;14708;4251
5610;Mannen en Vrouwen;0 tot 10 jaar;2058;18975;14731;4244
5611;Mannen en Vrouwen;0 tot 10 jaar;2059;18987;14750;4237
5612;Mannen en Vrouwen;10 tot 20 jaar;2014;19481;10111;9370
5613;Mannen en Vrouwen;10 tot 20 jaar;2015;19923;10253;9670
5614;Mannen en Vrouwen;10 tot 20 jaar;2016;20351;10436;9915
5615;Mannen en Vrouwen;10 tot 20 jaar;2017;20771;10700;10071
5616;Mannen en Vrouwen;10 tot 20 jaar;2018;20598;10979;9619
5617;Mannen en Vrouwen;10 tot 20 jaar;2019;20367;11177;9190
5618;Mannen en Vrouwen;10 tot 20 jaar;2020;19921;11231;8690
5619;Mannen en Vrouwen;10 tot 20 jaar;2021;19849;11263;8586
5620;Mannen en Vrouwen;10 tot 20 jaar;2022;19741;11302;8439
5621;Mannen en Vrouwen;10 tot 20 jaar;2023;19656;11293;8363
5622;Mannen en Vrouwen;10 tot 20 jaar;2024;19583;11311;8272
5623;Mannen en Vrouwen;10 tot 20 jaar;2025;19543;11347;8196
5624;Mannen en Vrouwen;10 tot 20 jaar;2026;19513;11385;8128
5625;Mannen en Vrouwen;10 tot 20 jaar;2027;19520;11410;8110
5626;Mannen en Vrouwen;10 tot 20 jaar;2028;19534;11425;8109
5627;Mannen en Vrouwen;10 tot 20 jaar;2029;19538;11427;8111
5628;Mannen en Vrouwen;10 tot 20 jaar;2030;19525;11431;8094
5629;Mannen en Vrouwen;10 tot 20 jaar;2031;19543;11432;8111
5630;Mannen en Vrouwen;10 tot 20 jaar;2032;19564;11448;8116
5631;Mannen en Vrouwen;10 tot 20 jaar;2033;19608;11482;8126
5632;Mannen en Vrouwen;10 tot 20 jaar;2034;19644;11516;8128
5633;Mannen en Vrouwen;10 tot 20 jaar;2035;19681;11535;8146
5634;Mannen en Vrouwen;10 tot 20 jaar;2036;19713;11553;8160
5635;Mannen en Vrouwen;10 tot 20 jaar;2037;19743;11567;8176
5636;Mannen en Vrouwen;10 tot 20 jaar;2038;19756;11571;8185
5637;Mannen en Vrouwen;10 tot 20 jaar;2039;19778;11575;8203
5638;Mannen en Vrouwen;10 tot 20 jaar;2040;19790;11577;8213
5639;Mannen en Vrouwen;10 tot 20 jaar;2041;19798;11574;8224
5640;Mannen en Vrouwen;10 tot 20 jaar;2042;19805;11571;8234
5641;Mannen en Vrouwen;10 tot 20 jaar;2043;19813;11565;8248
5642;Mannen en Vrouwen;10 tot 20 jaar;2044;19819;11561;8258
5643;Mannen en Vrouwen;10 tot 20 jaar;2045;19820;11547;8273
5644;Mannen en Vrouwen;10 tot 20 jaar;2046;19815;11532;8283
5645;Mannen en Vrouwen;10 tot 20 jaar;2047;19814;11522;8292
5646;Mannen en Vrouwen;10 tot 20 jaar;2048;19814;11503;8311
5647;Mannen en Vrouwen;10 tot 20 jaar;2049;19810;11487;8323
5648;Mannen en Vrouwen;10 tot 20 jaar;2050;19803;11472;8331
5649;Mannen en Vrouwen;10 tot 20 jaar;2051;19792;11449;8343
5650;Mannen en Vrouwen;10 tot 20 jaar;2052;19779;11432;8347
5651;Mannen en Vrouwen;10 tot 20 jaar;2053;19773;11413;8360
5652;Mannen en Vrouwen;10 tot 20 jaar;2054;19756;11396;8360
5653;Mannen en Vrouwen;10 tot 20 jaar;2055;19746;11387;8359
5654;Mannen en Vrouwen;10 tot 20 jaar;2056;19737;11376;8361
5655;Mannen en Vrouwen;10 tot 20 jaar;2057;19735;11367;8368
5656;Mannen en Vrouwen;10 tot 20 jaar;2058;19734;11365;8369
5657;Mannen en Vrouwen;10 tot 20 jaar;2059;19735;11364;8371
5658;Mannen en Vrouwen;20 tot 30 jaar;2014;72979;49988;22991
5659;Mannen en Vrouwen;20 tot 30 jaar;2015;74860;51530;23330
5660;Mannen en Vrouwen;20 tot 30 jaar;2016;76782;53189;23593
5661;Mannen en Vrouwen;20 tot 30 jaar;2017;78427;54914;23513
5662;Mannen en Vrouwen;20 tot 30 jaar;2018;77813;56325;21488
5663;Mannen en Vrouwen;20 tot 30 jaar;2019;77178;57185;19993
5664;Mannen en Vrouwen;20 tot 30 jaar;2020;75941;57382;18559
5665;Mannen en Vrouwen;20 tot 30 jaar;2021;75889;57258;18631
5666;Mannen en Vrouwen;20 tot 30 jaar;2022;75781;57130;18651
5667;Mannen en Vrouwen;20 tot 30 jaar;2023;75764;57016;18748
5668;Mannen en Vrouwen;20 tot 30 jaar;2024;75611;56850;18761
5669;Mannen en Vrouwen;20 tot 30 jaar;2025;75640;56730;18910
5670;Mannen en Vrouwen;20 tot 30 jaar;2026;75596;56632;18964
5671;Mannen en Vrouwen;20 tot 30 jaar;2027;75587;56524;19063
5672;Mannen en Vrouwen;20 tot 30 jaar;2028;75537;56391;19146
5673;Mannen en Vrouwen;20 tot 30 jaar;2029;75477;56231;19246
5674;Mannen en Vrouwen;20 tot 30 jaar;2030;75431;56116;19315
5675;Mannen en Vrouwen;20 tot 30 jaar;2031;75358;55998;19360
5676;Mannen en Vrouwen;20 tot 30 jaar;2032;75279;55866;19413
5677;Mannen en Vrouwen;20 tot 30 jaar;2033;75192;55696;19496
5678;Mannen en Vrouwen;20 tot 30 jaar;2034;75144;55559;19585
5679;Mannen en Vrouwen;20 tot 30 jaar;2035;75118;55457;19661
5680;Mannen en Vrouwen;20 tot 30 jaar;2036;75135;55360;19775
5681;Mannen en Vrouwen;20 tot 30 jaar;2037;75171;55297;19874
5682;Mannen en Vrouwen;20 tot 30 jaar;2038;75188;55209;19979
5683;Mannen en Vrouwen;20 tot 30 jaar;2039;75227;55138;20089
5684;Mannen en Vrouwen;20 tot 30 jaar;2040;75280;55078;20202
5685;Mannen en Vrouwen;20 tot 30 jaar;2041;75332;55063;20269
5686;Mannen en Vrouwen;20 tot 30 jaar;2042;75410;55075;20335
5687;Mannen en Vrouwen;20 tot 30 jaar;2043;75504;55143;20361
5688;Mannen en Vrouwen;20 tot 30 jaar;2044;75573;55176;20397
5689;Mannen en Vrouwen;20 tot 30 jaar;2045;75640;55196;20444
5690;Mannen en Vrouwen;20 tot 30 jaar;2046;75708;55204;20504
5691;Mannen en Vrouwen;20 tot 30 jaar;2047;75758;55201;20557
5692;Mannen en Vrouwen;20 tot 30 jaar;2048;75813;55188;20625
5693;Mannen en Vrouwen;20 tot 30 jaar;2049;75847;55168;20679
5694;Mannen en Vrouwen;20 tot 30 jaar;2050;75888;55142;20746
5695;Mannen en Vrouwen;20 tot 30 jaar;2051;75913;55106;20807
5696;Mannen en Vrouwen;20 tot 30 jaar;2052;75926;55066;20860
5697;Mannen en Vrouwen;20 tot 30 jaar;2053;75944;55013;20931
5698;Mannen en Vrouwen;20 tot 30 jaar;2054;75948;54956;20992
5699;Mannen en Vrouwen;20 tot 30 jaar;2055;75953;54886;21067
5700;Mannen en Vrouwen;20 tot 30 jaar;2056;75956;54813;21143
5701;Mannen en Vrouwen;20 tot 30 jaar;2057;75936;54730;21206
5702;Mannen en Vrouwen;20 tot 30 jaar;2058;75922;54643;21279
5703;Mannen en Vrouwen;20 tot 30 jaar;2059;75899;54545;21354
5704;Mannen en Vrouwen;30 tot 40 jaar;2014;37239;33605;3634
5705;Mannen en Vrouwen;30 tot 40 jaar;2015;38270;34549;3721
5706;Mannen en Vrouwen;30 tot 40 jaar;2016;39174;35764;3410
5707;Mannen en Vrouwen;30 tot 40 jaar;2017;39999;37099;2900
5708;Mannen en Vrouwen;30 tot 40 jaar;2018;39596;38394;1202
5709;Mannen en Vrouwen;30 tot 40 jaar;2019;39182;39405;-223
5710;Mannen en Vrouwen;30 tot 40 jaar;2020;38488;39937;-1449
5711;Mannen en Vrouwen;30 tot 40 jaar;2021;38527;40267;-1740
5712;Mannen en Vrouwen;30 tot 40 jaar;2022;38536;40601;-2065
5713;Mannen en Vrouwen;30 tot 40 jaar;2023;38589;40921;-2332
5714;Mannen en Vrouwen;30 tot 40 jaar;2024;38600;41189;-2589
5715;Mannen en Vrouwen;30 tot 40 jaar;2025;38650;41369;-2719
5716;Mannen en Vrouwen;30 tot 40 jaar;2026;38651;41494;-2843
5717;Mannen en Vrouwen;30 tot 40 jaar;2027;38677;41564;-2887
5718;Mannen en Vrouwen;30 tot 40 jaar;2028;38716;41611;-2895
5719;Mannen en Vrouwen;30 tot 40 jaar;2029;38766;41618;-2852
5720;Mannen en Vrouwen;30 tot 40 jaar;2030;38814;41670;-2856
5721;Mannen en Vrouwen;30 tot 40 jaar;2031;38861;41681;-2820
5722;Mannen en Vrouwen;30 tot 40 jaar;2032;38891;41679;-2788
5723;Mannen en Vrouwen;30 tot 40 jaar;2033;38917;41690;-2773
5724;Mannen en Vrouwen;30 tot 40 jaar;2034;38920;41667;-2747
5725;Mannen en Vrouwen;30 tot 40 jaar;2035;38909;41638;-2729
5726;Mannen en Vrouwen;30 tot 40 jaar;2036;38904;41610;-2706
5727;Mannen en Vrouwen;30 tot 40 jaar;2037;38890;41568;-2678
5728;Mannen en Vrouwen;30 tot 40 jaar;2038;38865;41535;-2670
5729;Mannen en Vrouwen;30 tot 40 jaar;2039;38833;41496;-2663
5730;Mannen en Vrouwen;30 tot 40 jaar;2040;38794;41444;-2650
5731;Mannen en Vrouwen;30 tot 40 jaar;2041;38726;41375;-2649
5732;Mannen en Vrouwen;30 tot 40 jaar;2042;38665;41302;-2637
5733;Mannen en Vrouwen;30 tot 40 jaar;2043;38578;41205;-2627
5734;Mannen en Vrouwen;30 tot 40 jaar;2044;38538;41158;-2620
5735;Mannen en Vrouwen;30 tot 40 jaar;2045;38534;41152;-2618
5736;Mannen en Vrouwen;30 tot 40 jaar;2046;38542;41172;-2630
5737;Mannen en Vrouwen;30 tot 40 jaar;2047;38559;41221;-2662
5738;Mannen en Vrouwen;30 tot 40 jaar;2048;38583;41267;-2684
5739;Mannen en Vrouwen;30 tot 40 jaar;2049;38609;41322;-2713
5740;Mannen en Vrouwen;30 tot 40 jaar;2050;38644;41382;-2738
5741;Mannen en Vrouwen;30 tot 40 jaar;2051;38704;41468;-2764
5742;Mannen en Vrouwen;30 tot 40 jaar;2052;38754;41566;-2812
5743;Mannen en Vrouwen;30 tot 40 jaar;2053;38820;41690;-2870
5744;Mannen en Vrouwen;30 tot 40 jaar;2054;38884;41793;-2909
5745;Mannen en Vrouwen;30 tot 40 jaar;2055;38934;41884;-2950
5746;Mannen en Vrouwen;30 tot 40 jaar;2056;38968;41963;-2995
5747;Mannen en Vrouwen;30 tot 40 jaar;2057;39003;42038;-3035
5748;Mannen en Vrouwen;30 tot 40 jaar;2058;39036;42099;-3063
5749;Mannen en Vrouwen;30 tot 40 jaar;2059;39050;42155;-3105
5750;Mannen en Vrouwen;40 tot 50 jaar;2014;18208;18642;-434
5751;Mannen en Vrouwen;40 tot 50 jaar;2015;18462;18578;-116
5752;Mannen en Vrouwen;40 tot 50 jaar;2016;18667;18654;13
5753;Mannen en Vrouwen;40 tot 50 jaar;2017;18870;18862;8
5754;Mannen en Vrouwen;40 tot 50 jaar;2018;18646;19067;-421
5755;Mannen en Vrouwen;40 tot 50 jaar;2019;18392;19161;-769
5756;Mannen en Vrouwen;40 tot 50 jaar;2020;18075;19129;-1054
5757;Mannen en Vrouwen;40 tot 50 jaar;2021;18037;19070;-1033
5758;Mannen en Vrouwen;40 tot 50 jaar;2022;17977;19131;-1154
5759;Mannen en Vrouwen;40 tot 50 jaar;2023;17961;19250;-1289
5760;Mannen en Vrouwen;40 tot 50 jaar;2024;17925;19448;-1523
5761;Mannen en Vrouwen;40 tot 50 jaar;2025;17946;19676;-1730
5762;Mannen en Vrouwen;40 tot 50 jaar;2026;17990;19905;-1915
5763;Mannen en Vrouwen;40 tot 50 jaar;2027;18029;20115;-2086
5764;Mannen en Vrouwen;40 tot 50 jaar;2028;18056;20322;-2266
5765;Mannen en Vrouwen;40 tot 50 jaar;2029;18082;20514;-2432
5766;Mannen en Vrouwen;40 tot 50 jaar;2030;18136;20743;-2607
5767;Mannen en Vrouwen;40 tot 50 jaar;2031;18190;20951;-2761
5768;Mannen en Vrouwen;40 tot 50 jaar;2032;18254;21134;-2880
5769;Mannen en Vrouwen;40 tot 50 jaar;2033;18299;21296;-2997
5770;Mannen en Vrouwen;40 tot 50 jaar;2034;18370;21428;-3058
5771;Mannen en Vrouwen;40 tot 50 jaar;2035;18403;21521;-3118
5772;Mannen en Vrouwen;40 tot 50 jaar;2036;18429;21590;-3161
5773;Mannen en Vrouwen;40 tot 50 jaar;2037;18453;21649;-3196
5774;Mannen en Vrouwen;40 tot 50 jaar;2038;18500;21716;-3216
5775;Mannen en Vrouwen;40 tot 50 jaar;2039;18547;21779;-3232
5776;Mannen en Vrouwen;40 tot 50 jaar;2040;18594;21840;-3246
5777;Mannen en Vrouwen;40 tot 50 jaar;2041;18622;21886;-3264
5778;Mannen en Vrouwen;40 tot 50 jaar;2042;18637;21923;-3286
5779;Mannen en Vrouwen;40 tot 50 jaar;2043;18681;21973;-3292
5780;Mannen en Vrouwen;40 tot 50 jaar;2044;18689;21989;-3300
5781;Mannen en Vrouwen;40 tot 50 jaar;2045;18698;21998;-3300
5782;Mannen en Vrouwen;40 tot 50 jaar;2046;18692;22011;-3319
5783;Mannen en Vrouwen;40 tot 50 jaar;2047;18664;22007;-3343
5784;Mannen en Vrouwen;40 tot 50 jaar;2048;18654;22006;-3352
5785;Mannen en Vrouwen;40 tot 50 jaar;2049;18641;22002;-3361
5786;Mannen en Vrouwen;40 tot 50 jaar;2050;18597;21992;-3395
5787;Mannen en Vrouwen;40 tot 50 jaar;2051;18559;21977;-3418
5788;Mannen en Vrouwen;40 tot 50 jaar;2052;18509;21950;-3441
5789;Mannen en Vrouwen;40 tot 50 jaar;2053;18459;21911;-3452
5790;Mannen en Vrouwen;40 tot 50 jaar;2054;18441;21899;-3458
5791;Mannen en Vrouwen;40 tot 50 jaar;2055;18431;21912;-3481
5792;Mannen en Vrouwen;40 tot 50 jaar;2056;18434;21943;-3509
5793;Mannen en Vrouwen;40 tot 50 jaar;2057;18447;21986;-3539
5794;Mannen en Vrouwen;40 tot 50 jaar;2058;18452;22034;-3582
5795;Mannen en Vrouwen;40 tot 50 jaar;2059;18468;22085;-3617
5796;Mannen en Vrouwen;50 tot 60 jaar;2014;8400;10281;-1881
5797;Mannen en Vrouwen;50 tot 60 jaar;2015;8536;10527;-1991
5798;Mannen en Vrouwen;50 tot 60 jaar;2016;8648;10784;-2136
5799;Mannen en Vrouwen;50 tot 60 jaar;2017;8762;11084;-2322
5800;Mannen en Vrouwen;50 tot 60 jaar;2018;8709;11403;-2694
5801;Mannen en Vrouwen;50 tot 60 jaar;2019;8675;11644;-2969
5802;Mannen en Vrouwen;50 tot 60 jaar;2020;8595;11732;-3137
5803;Mannen en Vrouwen;50 tot 60 jaar;2021;8591;11730;-3139
5804;Mannen en Vrouwen;50 tot 60 jaar;2022;8564;11696;-3132
5805;Mannen en Vrouwen;50 tot 60 jaar;2023;8522;11620;-3098
5806;Mannen en Vrouwen;50 tot 60 jaar;2024;8447;11503;-3056
5807;Mannen en Vrouwen;50 tot 60 jaar;2025;8400;11394;-2994
5808;Mannen en Vrouwen;50 tot 60 jaar;2026;8337;11302;-2965
5809;Mannen en Vrouwen;50 tot 60 jaar;2027;8284;11225;-2941
5810;Mannen en Vrouwen;50 tot 60 jaar;2028;8237;11152;-2915
5811;Mannen en Vrouwen;50 tot 60 jaar;2029;8184;11075;-2891
5812;Mannen en Vrouwen;50 tot 60 jaar;2030;8159;11072;-2913
5813;Mannen en Vrouwen;50 tot 60 jaar;2031;8134;11085;-2951
5814;Mannen en Vrouwen;50 tot 60 jaar;2032;8129;11115;-2986
5815;Mannen en Vrouwen;50 tot 60 jaar;2033;8124;11178;-3054
5816;Mannen en Vrouwen;50 tot 60 jaar;2034;8145;11269;-3124
5817;Mannen en Vrouwen;50 tot 60 jaar;2035;8165;11381;-3216
5818;Mannen en Vrouwen;50 tot 60 jaar;2036;8195;11497;-3302
5819;Mannen en Vrouwen;50 tot 60 jaar;2037;8233;11609;-3376
5820;Mannen en Vrouwen;50 tot 60 jaar;2038;8259;11718;-3459
5821;Mannen en Vrouwen;50 tot 60 jaar;2039;8300;11823;-3523
5822;Mannen en Vrouwen;50 tot 60 jaar;2040;8343;11935;-3592
5823;Mannen en Vrouwen;50 tot 60 jaar;2041;8392;12047;-3655
5824;Mannen en Vrouwen;50 tot 60 jaar;2042;8439;12153;-3714
5825;Mannen en Vrouwen;50 tot 60 jaar;2043;8473;12252;-3779
5826;Mannen en Vrouwen;50 tot 60 jaar;2044;8524;12337;-3813
5827;Mannen en Vrouwen;50 tot 60 jaar;2045;8561;12402;-3841
5828;Mannen en Vrouwen;50 tot 60 jaar;2046;8591;12453;-3862
5829;Mannen en Vrouwen;50 tot 60 jaar;2047;8609;12508;-3899
5830;Mannen en Vrouwen;50 tot 60 jaar;2048;8647;12569;-3922
5831;Mannen en Vrouwen;50 tot 60 jaar;2049;8677;12627;-3950
5832;Mannen en Vrouwen;50 tot 60 jaar;2050;8715;12687;-3972
5833;Mannen en Vrouwen;50 tot 60 jaar;2051;8747;12742;-3995
5834;Mannen en Vrouwen;50 tot 60 jaar;2052;8764;12791;-4027
5835;Mannen en Vrouwen;50 tot 60 jaar;2053;8785;12844;-4059
5836;Mannen en Vrouwen;50 tot 60 jaar;2054;8801;12872;-4071
5837;Mannen en Vrouwen;50 tot 60 jaar;2055;8808;12903;-4095
5838;Mannen en Vrouwen;50 tot 60 jaar;2056;8802;12922;-4120
5839;Mannen en Vrouwen;50 tot 60 jaar;2057;8790;12932;-4142
5840;Mannen en Vrouwen;50 tot 60 jaar;2058;8780;12942;-4162
5841;Mannen en Vrouwen;50 tot 60 jaar;2059;8754;12946;-4192
5842;Mannen en Vrouwen;60 tot 70 jaar;2014;3406;5020;-1614
5843;Mannen en Vrouwen;60 tot 70 jaar;2015;3444;5107;-1663
5844;Mannen en Vrouwen;60 tot 70 jaar;2016;3428;5214;-1786
5845;Mannen en Vrouwen;60 tot 70 jaar;2017;3425;5357;-1932
5846;Mannen en Vrouwen;60 tot 70 jaar;2018;3413;5522;-2109
5847;Mannen en Vrouwen;60 tot 70 jaar;2019;3403;5694;-2291
5848;Mannen en Vrouwen;60 tot 70 jaar;2020;3400;5831;-2431
5849;Mannen en Vrouwen;60 tot 70 jaar;2021;3432;5930;-2498
5850;Mannen en Vrouwen;60 tot 70 jaar;2022;3449;6039;-2590
5851;Mannen en Vrouwen;60 tot 70 jaar;2023;3478;6164;-2686
5852;Mannen en Vrouwen;60 tot 70 jaar;2024;3503;6296;-2793
5853;Mannen en Vrouwen;60 tot 70 jaar;2025;3530;6422;-2892
5854;Mannen en Vrouwen;60 tot 70 jaar;2026;3549;6518;-2969
5855;Mannen en Vrouwen;60 tot 70 jaar;2027;3558;6596;-3038
5856;Mannen en Vrouwen;60 tot 70 jaar;2028;3563;6678;-3115
5857;Mannen en Vrouwen;60 tot 70 jaar;2029;3578;6746;-3168
5858;Mannen en Vrouwen;60 tot 70 jaar;2030;3583;6819;-3236
5859;Mannen en Vrouwen;60 tot 70 jaar;2031;3582;6876;-3294
5860;Mannen en Vrouwen;60 tot 70 jaar;2032;3570;6895;-3325
5861;Mannen en Vrouwen;60 tot 70 jaar;2033;3536;6892;-3356
5862;Mannen en Vrouwen;60 tot 70 jaar;2034;3500;6863;-3363
5863;Mannen en Vrouwen;60 tot 70 jaar;2035;3456;6823;-3367
5864;Mannen en Vrouwen;60 tot 70 jaar;2036;3416;6787;-3371
5865;Mannen en Vrouwen;60 tot 70 jaar;2037;3377;6762;-3385
5866;Mannen en Vrouwen;60 tot 70 jaar;2038;3342;6721;-3379
5867;Mannen en Vrouwen;60 tot 70 jaar;2039;3303;6676;-3373
5868;Mannen en Vrouwen;60 tot 70 jaar;2040;3284;6642;-3358
5869;Mannen en Vrouwen;60 tot 70 jaar;2041;3263;6628;-3365
5870;Mannen en Vrouwen;60 tot 70 jaar;2042;3257;6615;-3358
5871;Mannen en Vrouwen;60 tot 70 jaar;2043;3250;6640;-3390
5872;Mannen en Vrouwen;60 tot 70 jaar;2044;3260;6675;-3415
5873;Mannen en Vrouwen;60 tot 70 jaar;2045;3266;6731;-3465
5874;Mannen en Vrouwen;60 tot 70 jaar;2046;3290;6798;-3508
5875;Mannen en Vrouwen;60 tot 70 jaar;2047;3306;6862;-3556
5876;Mannen en Vrouwen;60 tot 70 jaar;2048;3320;6920;-3600
5877;Mannen en Vrouwen;60 tot 70 jaar;2049;3344;6987;-3643
5878;Mannen en Vrouwen;60 tot 70 jaar;2050;3369;7061;-3692
5879;Mannen en Vrouwen;60 tot 70 jaar;2051;3392;7142;-3750
5880;Mannen en Vrouwen;60 tot 70 jaar;2052;3425;7223;-3798
5881;Mannen en Vrouwen;60 tot 70 jaar;2053;3445;7290;-3845
5882;Mannen en Vrouwen;60 tot 70 jaar;2054;3474;7353;-3879
5883;Mannen en Vrouwen;60 tot 70 jaar;2055;3491;7401;-3910
5884;Mannen en Vrouwen;60 tot 70 jaar;2056;3496;7449;-3953
5885;Mannen en Vrouwen;60 tot 70 jaar;2057;3505;7496;-3991
5886;Mannen en Vrouwen;60 tot 70 jaar;2058;3525;7544;-4019
5887;Mannen en Vrouwen;60 tot 70 jaar;2059;3548;7591;-4043
5888;Mannen en Vrouwen;70 tot 80 jaar;2014;1246;1860;-614
5889;Mannen en Vrouwen;70 tot 80 jaar;2015;1265;1900;-635
5890;Mannen en Vrouwen;70 tot 80 jaar;2016;1317;1988;-671
5891;Mannen en Vrouwen;70 tot 80 jaar;2017;1365;2090;-725
5892;Mannen en Vrouwen;70 tot 80 jaar;2018;1393;2186;-793
5893;Mannen en Vrouwen;70 tot 80 jaar;2019;1416;2266;-850
5894;Mannen en Vrouwen;70 tot 80 jaar;2020;1426;2315;-889
5895;Mannen en Vrouwen;70 tot 80 jaar;2021;1445;2349;-904
5896;Mannen en Vrouwen;70 tot 80 jaar;2022;1462;2390;-928
5897;Mannen en Vrouwen;70 tot 80 jaar;2023;1481;2436;-955
5898;Mannen en Vrouwen;70 tot 80 jaar;2024;1490;2483;-993
5899;Mannen en Vrouwen;70 tot 80 jaar;2025;1506;2548;-1042
5900;Mannen en Vrouwen;70 tot 80 jaar;2026;1500;2608;-1108
5901;Mannen en Vrouwen;70 tot 80 jaar;2027;1502;2671;-1169
5902;Mannen en Vrouwen;70 tot 80 jaar;2028;1510;2737;-1227
5903;Mannen en Vrouwen;70 tot 80 jaar;2029;1527;2815;-1288
5904;Mannen en Vrouwen;70 tot 80 jaar;2030;1544;2916;-1372
5905;Mannen en Vrouwen;70 tot 80 jaar;2031;1563;3022;-1459
5906;Mannen en Vrouwen;70 tot 80 jaar;2032;1580;3129;-1549
5907;Mannen en Vrouwen;70 tot 80 jaar;2033;1595;3232;-1637
5908;Mannen en Vrouwen;70 tot 80 jaar;2034;1617;3351;-1734
5909;Mannen en Vrouwen;70 tot 80 jaar;2035;1629;3459;-1830
5910;Mannen en Vrouwen;70 tot 80 jaar;2036;1638;3552;-1914
5911;Mannen en Vrouwen;70 tot 80 jaar;2037;1645;3630;-1985
5912;Mannen en Vrouwen;70 tot 80 jaar;2038;1650;3717;-2067
5913;Mannen en Vrouwen;70 tot 80 jaar;2039;1663;3806;-2143
5914;Mannen en Vrouwen;70 tot 80 jaar;2040;1665;3874;-2209
5915;Mannen en Vrouwen;70 tot 80 jaar;2041;1658;3940;-2282
5916;Mannen en Vrouwen;70 tot 80 jaar;2042;1650;3984;-2334
5917;Mannen en Vrouwen;70 tot 80 jaar;2043;1630;4006;-2376
5918;Mannen en Vrouwen;70 tot 80 jaar;2044;1602;4024;-2422
5919;Mannen en Vrouwen;70 tot 80 jaar;2045;1575;4023;-2448
5920;Mannen en Vrouwen;70 tot 80 jaar;2046;1558;4019;-2461
5921;Mannen en Vrouwen;70 tot 80 jaar;2047;1532;4032;-2500
5922;Mannen en Vrouwen;70 tot 80 jaar;2048;1509;4031;-2522
5923;Mannen en Vrouwen;70 tot 80 jaar;2049;1489;4030;-2541
5924;Mannen en Vrouwen;70 tot 80 jaar;2050;1473;4028;-2555
5925;Mannen en Vrouwen;70 tot 80 jaar;2051;1461;4034;-2573
5926;Mannen en Vrouwen;70 tot 80 jaar;2052;1452;4043;-2591
5927;Mannen en Vrouwen;70 tot 80 jaar;2053;1441;4061;-2620
5928;Mannen en Vrouwen;70 tot 80 jaar;2054;1437;4083;-2646
5929;Mannen en Vrouwen;70 tot 80 jaar;2055;1445;4132;-2687
5930;Mannen en Vrouwen;70 tot 80 jaar;2056;1454;4180;-2726
5931;Mannen en Vrouwen;70 tot 80 jaar;2057;1457;4220;-2763
5932;Mannen en Vrouwen;70 tot 80 jaar;2058;1469;4265;-2796
5933;Mannen en Vrouwen;70 tot 80 jaar;2059;1478;4311;-2833
5934;Mannen en Vrouwen;80 tot 90 jaar;2014;366;346;20
5935;Mannen en Vrouwen;80 tot 90 jaar;2015;376;359;17
5936;Mannen en Vrouwen;80 tot 90 jaar;2016;380;378;2
5937;Mannen en Vrouwen;80 tot 90 jaar;2017;384;398;-14
5938;Mannen en Vrouwen;80 tot 90 jaar;2018;394;427;-33
5939;Mannen en Vrouwen;80 tot 90 jaar;2019;402;454;-52
5940;Mannen en Vrouwen;80 tot 90 jaar;2020;399;482;-83
5941;Mannen en Vrouwen;80 tot 90 jaar;2021;402;498;-96
5942;Mannen en Vrouwen;80 tot 90 jaar;2022;414;515;-101
5943;Mannen en Vrouwen;80 tot 90 jaar;2023;425;531;-106
5944;Mannen en Vrouwen;80 tot 90 jaar;2024;442;546;-104
5945;Mannen en Vrouwen;80 tot 90 jaar;2025;450;563;-113
5946;Mannen en Vrouwen;80 tot 90 jaar;2026;475;585;-110
5947;Mannen en Vrouwen;80 tot 90 jaar;2027;503;611;-108
5948;Mannen en Vrouwen;80 tot 90 jaar;2028;516;635;-119
5949;Mannen en Vrouwen;80 tot 90 jaar;2029;529;656;-127
5950;Mannen en Vrouwen;80 tot 90 jaar;2030;544;686;-142
5951;Mannen en Vrouwen;80 tot 90 jaar;2031;552;703;-151
5952;Mannen en Vrouwen;80 tot 90 jaar;2032;562;727;-165
5953;Mannen en Vrouwen;80 tot 90 jaar;2033;571;750;-179
5954;Mannen en Vrouwen;80 tot 90 jaar;2034;568;777;-209
5955;Mannen en Vrouwen;80 tot 90 jaar;2035;576;803;-227
5956;Mannen en Vrouwen;80 tot 90 jaar;2036;578;832;-254
5957;Mannen en Vrouwen;80 tot 90 jaar;2037;583;857;-274
5958;Mannen en Vrouwen;80 tot 90 jaar;2038;593;889;-296
5959;Mannen en Vrouwen;80 tot 90 jaar;2039;601;928;-327
5960;Mannen en Vrouwen;80 tot 90 jaar;2040;610;983;-373
5961;Mannen en Vrouwen;80 tot 90 jaar;2041;621;1024;-403
5962;Mannen en Vrouwen;80 tot 90 jaar;2042;632;1078;-446
5963;Mannen en Vrouwen;80 tot 90 jaar;2043;643;1131;-488
5964;Mannen en Vrouwen;80 tot 90 jaar;2044;654;1190;-536
5965;Mannen en Vrouwen;80 tot 90 jaar;2045;664;1246;-582
5966;Mannen en Vrouwen;80 tot 90 jaar;2046;669;1293;-624
5967;Mannen en Vrouwen;80 tot 90 jaar;2047;675;1327;-652
5968;Mannen en Vrouwen;80 tot 90 jaar;2048;679;1368;-689
5969;Mannen en Vrouwen;80 tot 90 jaar;2049;686;1415;-729
5970;Mannen en Vrouwen;80 tot 90 jaar;2050;691;1462;-771
5971;Mannen en Vrouwen;80 tot 90 jaar;2051;693;1498;-805
5972;Mannen en Vrouwen;80 tot 90 jaar;2052;682;1523;-841
5973;Mannen en Vrouwen;80 tot 90 jaar;2053;672;1537;-865
5974;Mannen en Vrouwen;80 tot 90 jaar;2054;659;1553;-894
5975;Mannen en Vrouwen;80 tot 90 jaar;2055;648;1559;-911
5976;Mannen en Vrouwen;80 tot 90 jaar;2056;635;1557;-922
5977;Mannen en Vrouwen;80 tot 90 jaar;2057;619;1557;-938
5978;Mannen en Vrouwen;80 tot 90 jaar;2058;605;1555;-950
5979;Mannen en Vrouwen;80 tot 90 jaar;2059;593;1548;-955
5980;Mannen en Vrouwen;90 jaar of ouder;2014;3;10;-7
5981;Mannen en Vrouwen;90 jaar of ouder;2015;4;11;-7
5982;Mannen en Vrouwen;90 jaar of ouder;2016;4;11;-7
5983;Mannen en Vrouwen;90 jaar of ouder;2017;5;11;-6
5984;Mannen en Vrouwen;90 jaar of ouder;2018;5;13;-8
5985;Mannen en Vrouwen;90 jaar of ouder;2019;5;13;-8
5986;Mannen en Vrouwen;90 jaar of ouder;2020;5;13;-8
5987;Mannen en Vrouwen;90 jaar of ouder;2021;5;13;-8
5988;Mannen en Vrouwen;90 jaar of ouder;2022;5;15;-10
5989;Mannen en Vrouwen;90 jaar of ouder;2023;5;15;-10
5990;Mannen en Vrouwen;90 jaar of ouder;2024;5;15;-10
5991;Mannen en Vrouwen;90 jaar of ouder;2025;5;16;-11
5992;Mannen en Vrouwen;90 jaar of ouder;2026;5;18;-13
5993;Mannen en Vrouwen;90 jaar of ouder;2027;5;18;-13
5994;Mannen en Vrouwen;90 jaar of ouder;2028;5;20;-15
5995;Mannen en Vrouwen;90 jaar of ouder;2029;5;20;-15
5996;Mannen en Vrouwen;90 jaar of ouder;2030;4;21;-17
5997;Mannen en Vrouwen;90 jaar of ouder;2031;4;22;-18
5998;Mannen en Vrouwen;90 jaar of ouder;2032;4;23;-19
5999;Mannen en Vrouwen;90 jaar of ouder;2033;4;25;-21
6000;Mannen en Vrouwen;90 jaar of ouder;2034;5;27;-22
6001;Mannen en Vrouwen;90 jaar of ouder;2035;4;27;-23
6002;Mannen en Vrouwen;90 jaar of ouder;2036;6;33;-27
6003;Mannen en Vrouwen;90 jaar of ouder;2037;6;34;-28
6004;Mannen en Vrouwen;90 jaar of ouder;2038;5;32;-27
6005;Mannen en Vrouwen;90 jaar of ouder;2039;5;32;-27
6006;Mannen en Vrouwen;90 jaar of ouder;2040;5;33;-28
6007;Mannen en Vrouwen;90 jaar of ouder;2041;5;33;-28
6008;Mannen en Vrouwen;90 jaar of ouder;2042;5;35;-30
6009;Mannen en Vrouwen;90 jaar of ouder;2043;5;37;-32
6010;Mannen en Vrouwen;90 jaar of ouder;2044;6;38;-32
6011;Mannen en Vrouwen;90 jaar of ouder;2045;6;39;-33
6012;Mannen en Vrouwen;90 jaar of ouder;2046;6;41;-35
6013;Mannen en Vrouwen;90 jaar of ouder;2047;6;43;-37
6014;Mannen en Vrouwen;90 jaar of ouder;2048;6;45;-39
6015;Mannen en Vrouwen;90 jaar of ouder;2049;7;48;-41
6016;Mannen en Vrouwen;90 jaar of ouder;2050;7;49;-42
6017;Mannen en Vrouwen;90 jaar of ouder;2051;7;51;-44
6018;Mannen en Vrouwen;90 jaar of ouder;2052;7;52;-45
6019;Mannen en Vrouwen;90 jaar of ouder;2053;7;54;-47
6020;Mannen en Vrouwen;90 jaar of ouder;2054;7;58;-51
6021;Mannen en Vrouwen;90 jaar of ouder;2055;7;57;-50
6022;Mannen en Vrouwen;90 jaar of ouder;2056;7;58;-51
6023;Mannen en Vrouwen;90 jaar of ouder;2057;7;58;-51
6024;Mannen en Vrouwen;90 jaar of ouder;2058;7;60;-53
6025;Mannen en Vrouwen;90 jaar of ouder;2059;7;64;-57
6026;Mannen;Totaal over alle leeftijden;2014;91557;76422;15135
6027;Mannen;Totaal over alle leeftijden;2015;93727;78072;15655
6028;Mannen;Totaal over alle leeftijden;2016;95742;80183;15559
6029;Mannen;Totaal over alle leeftijden;2017;97604;82695;14909
6030;Mannen;Totaal over alle leeftijden;2018;96742;85065;11677
6031;Mannen;Totaal over alle leeftijden;2019;95847;86746;9101
6032;Mannen;Totaal over alle leeftijden;2020;94258;87339;6919
6033;Mannen;Totaal over alle leeftijden;2021;94248;87429;6819
6034;Mannen;Totaal over alle leeftijden;2022;94116;87589;6527
6035;Mannen;Totaal over alle leeftijden;2023;94112;87779;6333
6036;Mannen;Totaal over alle leeftijden;2024;93976;87960;6016
6037;Mannen;Totaal over alle leeftijden;2025;94050;88143;5907
6038;Mannen;Totaal over alle leeftijden;2026;94041;88301;5740
6039;Mannen;Totaal over alle leeftijden;2027;94081;88403;5678
6040;Mannen;Totaal over alle leeftijden;2028;94112;88464;5648
6041;Mannen;Totaal over alle leeftijden;2029;94131;88467;5664
6042;Mannen;Totaal over alle leeftijden;2030;94174;88663;5511
6043;Mannen;Totaal over alle leeftijden;2031;94216;88819;5397
6044;Mannen;Totaal over alle leeftijden;2032;94254;88941;5313
6045;Mannen;Totaal over alle leeftijden;2033;94280;89061;5219
6046;Mannen;Totaal over alle leeftijden;2034;94344;89164;5180
6047;Mannen;Totaal over alle leeftijden;2035;94373;89261;5112
6048;Mannen;Totaal over alle leeftijden;2036;94429;89339;5090
6049;Mannen;Totaal over alle leeftijden;2037;94478;89409;5069
6050;Mannen;Totaal over alle leeftijden;2038;94501;89458;5043
6051;Mannen;Totaal over alle leeftijden;2039;94559;89505;5054
6052;Mannen;Totaal over alle leeftijden;2040;94614;89556;5058
6053;Mannen;Totaal over alle leeftijden;2041;94636;89618;5018
6054;Mannen;Totaal over alle leeftijden;2042;94681;89681;5000
6055;Mannen;Totaal over alle leeftijden;2043;94726;89770;4956
6056;Mannen;Totaal over alle leeftijden;2044;94763;89853;4910
6057;Mannen;Totaal over alle leeftijden;2045;94813;89934;4879
6058;Mannen;Totaal over alle leeftijden;2046;94878;90027;4851
6059;Mannen;Totaal over alle leeftijden;2047;94896;90115;4781
6060;Mannen;Totaal over alle leeftijden;2048;94958;90206;4752
6061;Mannen;Totaal over alle leeftijden;2049;95018;90304;4714
6062;Mannen;Totaal over alle leeftijden;2050;95053;90410;4643
6063;Mannen;Totaal over alle leeftijden;2051;95123;90522;4601
6064;Mannen;Totaal over alle leeftijden;2052;95151;90634;4517
6065;Mannen;Totaal over alle leeftijden;2053;95188;90742;4446
6066;Mannen;Totaal over alle leeftijden;2054;95221;90849;4372
6067;Mannen;Totaal over alle leeftijden;2055;95267;90953;4314
6068;Mannen;Totaal over alle leeftijden;2056;95285;91049;4236
6069;Mannen;Totaal over alle leeftijden;2057;95293;91138;4155
6070;Mannen;Totaal over alle leeftijden;2058;95322;91224;4098
6071;Mannen;Totaal over alle leeftijden;2059;95321;91296;4025
6072;Mannen;0 jaar;2014;752;243;509
6073;Mannen;0 jaar;2015;770;246;524
6074;Mannen;0 jaar;2016;791;252;539
6075;Mannen;0 jaar;2017;808;259;549
6076;Mannen;0 jaar;2018;800;266;534
6077;Mannen;0 jaar;2019;794;270;524
6078;Mannen;0 jaar;2020;783;271;512
6079;Mannen;0 jaar;2021;786;270;516
6080;Mannen;0 jaar;2022;785;270;515
6081;Mannen;0 jaar;2023;785;269;516
6082;Mannen;0 jaar;2024;786;269;517
6083;Mannen;0 jaar;2025;785;269;516
6084;Mannen;0 jaar;2026;784;268;516
6085;Mannen;0 jaar;2027;784;268;516
6086;Mannen;0 jaar;2028;786;267;519
6087;Mannen;0 jaar;2029;786;266;520
6088;Mannen;0 jaar;2030;784;266;518
6089;Mannen;0 jaar;2031;785;266;519
6090;Mannen;0 jaar;2032;784;265;519
6091;Mannen;0 jaar;2033;784;265;519
6092;Mannen;0 jaar;2034;784;264;520
6093;Mannen;0 jaar;2035;783;262;521
6094;Mannen;0 jaar;2036;783;262;521
6095;Mannen;0 jaar;2037;782;261;521
6096;Mannen;0 jaar;2038;782;259;523
6097;Mannen;0 jaar;2039;781;259;522
6098;Mannen;0 jaar;2040;781;257;524
6099;Mannen;0 jaar;2041;782;256;526
6100;Mannen;0 jaar;2042;782;256;526
6101;Mannen;0 jaar;2043;782;256;526
6102;Mannen;0 jaar;2044;782;255;527
6103;Mannen;0 jaar;2045;782;255;527
6104;Mannen;0 jaar;2046;782;255;527
6105;Mannen;0 jaar;2047;783;255;528
6106;Mannen;0 jaar;2048;784;256;528
6107;Mannen;0 jaar;2049;785;256;529
6108;Mannen;0 jaar;2050;785;256;529
6109;Mannen;0 jaar;2051;785;257;528
6110;Mannen;0 jaar;2052;787;258;529
6111;Mannen;0 jaar;2053;787;258;529
6112;Mannen;0 jaar;2054;788;258;530
6113;Mannen;0 jaar;2055;788;259;529
6114;Mannen;0 jaar;2056;788;259;529
6115;Mannen;0 jaar;2057;789;259;530
6116;Mannen;0 jaar;2058;789;260;529
6117;Mannen;0 jaar;2059;788;259;529
6118;Mannen;1 jaar;2014;1120;798;322
6119;Mannen;1 jaar;2015;1149;808;341
6120;Mannen;1 jaar;2016;1177;824;353
6121;Mannen;1 jaar;2017;1206;848;358
6122;Mannen;1 jaar;2018;1197;871;326
6123;Mannen;1 jaar;2019;1188;885;303
6124;Mannen;1 jaar;2020;1171;889;282
6125;Mannen;1 jaar;2021;1172;886;286
6126;Mannen;1 jaar;2022;1171;884;287
6127;Mannen;1 jaar;2023;1173;883;290
6128;Mannen;1 jaar;2024;1175;882;293
6129;Mannen;1 jaar;2025;1178;881;297
6130;Mannen;1 jaar;2026;1178;880;298
6131;Mannen;1 jaar;2027;1182;879;303
6132;Mannen;1 jaar;2028;1182;877;305
6133;Mannen;1 jaar;2029;1183;876;307
6134;Mannen;1 jaar;2030;1182;875;307
6135;Mannen;1 jaar;2031;1182;874;308
6136;Mannen;1 jaar;2032;1182;873;309
6137;Mannen;1 jaar;2033;1182;870;312
6138;Mannen;1 jaar;2034;1181;868;313
6139;Mannen;1 jaar;2035;1180;865;315
6140;Mannen;1 jaar;2036;1180;863;317
6141;Mannen;1 jaar;2037;1179;860;319
6142;Mannen;1 jaar;2038;1176;856;320
6143;Mannen;1 jaar;2039;1174;852;322
6144;Mannen;1 jaar;2040;1172;849;323
6145;Mannen;1 jaar;2041;1171;846;325
6146;Mannen;1 jaar;2042;1171;843;328
6147;Mannen;1 jaar;2043;1170;842;328
6148;Mannen;1 jaar;2044;1170;840;330
6149;Mannen;1 jaar;2045;1171;838;333
6150;Mannen;1 jaar;2046;1172;838;334
6151;Mannen;1 jaar;2047;1172;838;334
6152;Mannen;1 jaar;2048;1173;839;334
6153;Mannen;1 jaar;2049;1176;839;337
6154;Mannen;1 jaar;2050;1177;841;336
6155;Mannen;1 jaar;2051;1179;843;336
6156;Mannen;1 jaar;2052;1180;844;336
6157;Mannen;1 jaar;2053;1182;845;337
6158;Mannen;1 jaar;2054;1182;847;335
6159;Mannen;1 jaar;2055;1184;848;336
6160;Mannen;1 jaar;2056;1186;850;336
6161;Mannen;1 jaar;2057;1187;850;337
6162;Mannen;1 jaar;2058;1187;850;337
6163;Mannen;1 jaar;2059;1187;851;336
6164;Mannen;2 jaar;2014;1164;886;278
6165;Mannen;2 jaar;2015;1187;865;322
6166;Mannen;2 jaar;2016;1216;882;334
6167;Mannen;2 jaar;2017;1244;906;338
6168;Mannen;2 jaar;2018;1235;931;304
6169;Mannen;2 jaar;2019;1222;947;275
6170;Mannen;2 jaar;2020;1205;951;254
6171;Mannen;2 jaar;2021;1209;949;260
6172;Mannen;2 jaar;2022;1210;948;262
6173;Mannen;2 jaar;2023;1212;948;264
6174;Mannen;2 jaar;2024;1213;946;267
6175;Mannen;2 jaar;2025;1218;946;272
6176;Mannen;2 jaar;2026;1218;946;272
6177;Mannen;2 jaar;2027;1220;944;276
6178;Mannen;2 jaar;2028;1221;943;278
6179;Mannen;2 jaar;2029;1222;940;282
6180;Mannen;2 jaar;2030;1223;940;283
6181;Mannen;2 jaar;2031;1222;939;283
6182;Mannen;2 jaar;2032;1223;938;285
6183;Mannen;2 jaar;2033;1223;936;287
6184;Mannen;2 jaar;2034;1222;935;287
6185;Mannen;2 jaar;2035;1223;932;291
6186;Mannen;2 jaar;2036;1223;929;294
6187;Mannen;2 jaar;2037;1222;926;296
6188;Mannen;2 jaar;2038;1221;923;298
6189;Mannen;2 jaar;2039;1219;920;299
6190;Mannen;2 jaar;2040;1216;915;301
6191;Mannen;2 jaar;2041;1215;912;303
6192;Mannen;2 jaar;2042;1214;909;305
6193;Mannen;2 jaar;2043;1213;906;307
6194;Mannen;2 jaar;2044;1213;904;309
6195;Mannen;2 jaar;2045;1213;902;311
6196;Mannen;2 jaar;2046;1213;901;312
6197;Mannen;2 jaar;2047;1214;901;313
6198;Mannen;2 jaar;2048;1216;901;315
6199;Mannen;2 jaar;2049;1218;902;316
6200;Mannen;2 jaar;2050;1219;903;316
6201;Mannen;2 jaar;2051;1221;904;317
6202;Mannen;2 jaar;2052;1222;905;317
6203;Mannen;2 jaar;2053;1224;906;318
6204;Mannen;2 jaar;2054;1224;908;316
6205;Mannen;2 jaar;2055;1225;909;316
6206;Mannen;2 jaar;2056;1227;911;316
6207;Mannen;2 jaar;2057;1230;912;318
6208;Mannen;2 jaar;2058;1230;913;317
6209;Mannen;2 jaar;2059;1230;913;317
6210;Mannen;3 jaar;2014;1060;931;129
6211;Mannen;3 jaar;2015;1079;938;141
6212;Mannen;3 jaar;2016;1092;925;167
6213;Mannen;3 jaar;2017;1120;950;170
6214;Mannen;3 jaar;2018;1111;975;136
6215;Mannen;3 jaar;2019;1102;994;108
6216;Mannen;3 jaar;2020;1085;999;86
6217;Mannen;3 jaar;2021;1090;997;93
6218;Mannen;3 jaar;2022;1093;997;96
6219;Mannen;3 jaar;2023;1095;996;99
6220;Mannen;3 jaar;2024;1094;997;97
6221;Mannen;3 jaar;2025;1097;997;100
6222;Mannen;3 jaar;2026;1098;996;102
6223;Mannen;3 jaar;2027;1101;995;106
6224;Mannen;3 jaar;2028;1102;994;108
6225;Mannen;3 jaar;2029;1101;992;109
6226;Mannen;3 jaar;2030;1101;992;109
6227;Mannen;3 jaar;2031;1102;991;111
6228;Mannen;3 jaar;2032;1103;990;113
6229;Mannen;3 jaar;2033;1105;989;116
6230;Mannen;3 jaar;2034;1104;987;117
6231;Mannen;3 jaar;2035;1104;986;118
6232;Mannen;3 jaar;2036;1104;983;121
6233;Mannen;3 jaar;2037;1103;980;123
6234;Mannen;3 jaar;2038;1101;977;124
6235;Mannen;3 jaar;2039;1099;974;125
6236;Mannen;3 jaar;2040;1098;970;128
6237;Mannen;3 jaar;2041;1098;967;131
6238;Mannen;3 jaar;2042;1097;962;135
6239;Mannen;3 jaar;2043;1095;960;135
6240;Mannen;3 jaar;2044;1094;957;137
6241;Mannen;3 jaar;2045;1094;955;139
6242;Mannen;3 jaar;2046;1095;953;142
6243;Mannen;3 jaar;2047;1095;952;143
6244;Mannen;3 jaar;2048;1096;952;144
6245;Mannen;3 jaar;2049;1096;952;144
6246;Mannen;3 jaar;2050;1097;952;145
6247;Mannen;3 jaar;2051;1098;953;145
6248;Mannen;3 jaar;2052;1100;954;146
6249;Mannen;3 jaar;2053;1100;956;144
6250;Mannen;3 jaar;2054;1101;957;144
6251;Mannen;3 jaar;2055;1102;959;143
6252;Mannen;3 jaar;2056;1104;961;143
6253;Mannen;3 jaar;2057;1105;962;143
6254;Mannen;3 jaar;2058;1107;963;144
6255;Mannen;3 jaar;2059;1107;964;143
6256;Mannen;4 jaar;2014;975;917;58
6257;Mannen;4 jaar;2015;992;906;86
6258;Mannen;4 jaar;2016;1001;916;85
6259;Mannen;4 jaar;2017;1014;910;104
6260;Mannen;4 jaar;2018;1008;936;72
6261;Mannen;4 jaar;2019;1001;952;49
6262;Mannen;4 jaar;2020;984;958;26
6263;Mannen;4 jaar;2021;988;958;30
6264;Mannen;4 jaar;2022;991;958;33
6265;Mannen;4 jaar;2023;995;959;36
6266;Mannen;4 jaar;2024;998;958;40
6267;Mannen;4 jaar;2025;1000;958;42
6268;Mannen;4 jaar;2026;1002;957;45
6269;Mannen;4 jaar;2027;1002;956;46
6270;Mannen;4 jaar;2028;1003;955;48
6271;Mannen;4 jaar;2029;1004;953;51
6272;Mannen;4 jaar;2030;1003;953;50
6273;Mannen;4 jaar;2031;1003;952;51
6274;Mannen;4 jaar;2032;1003;952;51
6275;Mannen;4 jaar;2033;1005;950;55
6276;Mannen;4 jaar;2034;1006;948;58
6277;Mannen;4 jaar;2035;1007;947;60
6278;Mannen;4 jaar;2036;1006;945;61
6279;Mannen;4 jaar;2037;1005;943;62
6280;Mannen;4 jaar;2038;1004;940;64
6281;Mannen;4 jaar;2039;1002;937;65
6282;Mannen;4 jaar;2040;1001;933;68
6283;Mannen;4 jaar;2041;997;929;68
6284;Mannen;4 jaar;2042;996;926;70
6285;Mannen;4 jaar;2043;995;923;72
6286;Mannen;4 jaar;2044;995;920;75
6287;Mannen;4 jaar;2045;994;917;77
6288;Mannen;4 jaar;2046;994;914;80
6289;Mannen;4 jaar;2047;993;913;80
6290;Mannen;4 jaar;2048;994;912;82
6291;Mannen;4 jaar;2049;996;911;85
6292;Mannen;4 jaar;2050;997;911;86
6293;Mannen;4 jaar;2051;998;912;86
6294;Mannen;4 jaar;2052;999;913;86
6295;Mannen;4 jaar;2053;1000;914;86
6296;Mannen;4 jaar;2054;1000;915;85
6297;Mannen;4 jaar;2055;1001;916;85
6298;Mannen;4 jaar;2056;1003;917;86
6299;Mannen;4 jaar;2057;1003;919;84
6300;Mannen;4 jaar;2058;1004;920;84
6301;Mannen;4 jaar;2059;1005;921;84
6302;Mannen;5 jaar;2014;947;872;75
6303;Mannen;5 jaar;2015;967;881;86
6304;Mannen;5 jaar;2016;979;876;103
6305;Mannen;5 jaar;2017;994;888;106
6306;Mannen;5 jaar;2018;976;881;95
6307;Mannen;5 jaar;2019;968;898;70
6308;Mannen;5 jaar;2020;951;904;47
6309;Mannen;5 jaar;2021;953;905;48
6310;Mannen;5 jaar;2022;957;907;50
6311;Mannen;5 jaar;2023;961;908;53
6312;Mannen;5 jaar;2024;962;909;53
6313;Mannen;5 jaar;2025;963;909;54
6314;Mannen;5 jaar;2026;966;909;57
6315;Mannen;5 jaar;2027;965;908;57
6316;Mannen;5 jaar;2028;965;906;59
6317;Mannen;5 jaar;2029;966;904;62
6318;Mannen;5 jaar;2030;968;904;64
6319;Mannen;5 jaar;2031;970;904;66
6320;Mannen;5 jaar;2032;969;904;65
6321;Mannen;5 jaar;2033;970;903;67
6322;Mannen;5 jaar;2034;972;901;71
6323;Mannen;5 jaar;2035;974;900;74
6324;Mannen;5 jaar;2036;974;898;76
6325;Mannen;5 jaar;2037;973;897;76
6326;Mannen;5 jaar;2038;972;894;78
6327;Mannen;5 jaar;2039;970;891;79
6328;Mannen;5 jaar;2040;969;888;81
6329;Mannen;5 jaar;2041;968;884;84
6330;Mannen;5 jaar;2042;965;881;84
6331;Mannen;5 jaar;2043;964;878;86
6332;Mannen;5 jaar;2044;962;875;87
6333;Mannen;5 jaar;2045;961;872;89
6334;Mannen;5 jaar;2046;961;870;91
6335;Mannen;5 jaar;2047;961;867;94
6336;Mannen;5 jaar;2048;961;865;96
6337;Mannen;5 jaar;2049;962;865;97
6338;Mannen;5 jaar;2050;963;864;99
6339;Mannen;5 jaar;2051;964;864;100
6340;Mannen;5 jaar;2052;965;865;100
6341;Mannen;5 jaar;2053;966;866;100
6342;Mannen;5 jaar;2054;967;867;100
6343;Mannen;5 jaar;2055;968;868;100
6344;Mannen;5 jaar;2056;968;869;99
6345;Mannen;5 jaar;2057;969;871;98
6346;Mannen;5 jaar;2058;970;872;98
6347;Mannen;5 jaar;2059;972;873;99
6348;Mannen;6 jaar;2014;938;810;128
6349;Mannen;6 jaar;2015;964;821;143
6350;Mannen;6 jaar;2016;983;836;147
6351;Mannen;6 jaar;2017;996;838;158
6352;Mannen;6 jaar;2018;979;849;130
6353;Mannen;6 jaar;2019;958;839;119
6354;Mannen;6 jaar;2020;941;845;96
6355;Mannen;6 jaar;2021;946;845;101
6356;Mannen;6 jaar;2022;949;847;102
6357;Mannen;6 jaar;2023;952;849;103
6358;Mannen;6 jaar;2024;955;850;105
6359;Mannen;6 jaar;2025;959;851;108
6360;Mannen;6 jaar;2026;957;850;107
6361;Mannen;6 jaar;2027;957;850;107
6362;Mannen;6 jaar;2028;957;848;109
6363;Mannen;6 jaar;2029;957;847;110
6364;Mannen;6 jaar;2030;959;847;112
6365;Mannen;6 jaar;2031;960;847;113
6366;Mannen;6 jaar;2032;961;847;114
6367;Mannen;6 jaar;2033;964;846;118
6368;Mannen;6 jaar;2034;965;845;120
6369;Mannen;6 jaar;2035;966;845;121
6370;Mannen;6 jaar;2036;965;843;122
6371;Mannen;6 jaar;2037;964;842;122
6372;Mannen;6 jaar;2038;964;840;124
6373;Mannen;6 jaar;2039;963;838;125
6374;Mannen;6 jaar;2040;962;835;127
6375;Mannen;6 jaar;2041;961;832;129
6376;Mannen;6 jaar;2042;961;829;132
6377;Mannen;6 jaar;2043;961;827;134
6378;Mannen;6 jaar;2044;960;824;136
6379;Mannen;6 jaar;2045;959;821;138
6380;Mannen;6 jaar;2046;957;818;139
6381;Mannen;6 jaar;2047;957;816;141
6382;Mannen;6 jaar;2048;956;815;141
6383;Mannen;6 jaar;2049;955;814;141
6384;Mannen;6 jaar;2050;955;813;142
6385;Mannen;6 jaar;2051;955;813;142
6386;Mannen;6 jaar;2052;957;813;144
6387;Mannen;6 jaar;2053;960;814;146
6388;Mannen;6 jaar;2054;960;815;145
6389;Mannen;6 jaar;2055;961;816;145
6390;Mannen;6 jaar;2056;962;817;145
6391;Mannen;6 jaar;2057;962;819;143
6392;Mannen;6 jaar;2058;963;820;143
6393;Mannen;6 jaar;2059;963;821;142
6394;Mannen;7 jaar;2014;888;734;154
6395;Mannen;7 jaar;2015;915;740;175
6396;Mannen;7 jaar;2016;931;754;177
6397;Mannen;7 jaar;2017;950;772;178
6398;Mannen;7 jaar;2018;931;775;156
6399;Mannen;7 jaar;2019;916;779;137
6400;Mannen;7 jaar;2020;885;761;124
6401;Mannen;7 jaar;2021;893;763;130
6402;Mannen;7 jaar;2022;894;764;130
6403;Mannen;7 jaar;2023;898;767;131
6404;Mannen;7 jaar;2024;898;768;130
6405;Mannen;7 jaar;2025;904;770;134
6406;Mannen;7 jaar;2026;906;771;135
6407;Mannen;7 jaar;2027;905;771;134
6408;Mannen;7 jaar;2028;906;770;136
6409;Mannen;7 jaar;2029;909;769;140
6410;Mannen;7 jaar;2030;907;770;137
6411;Mannen;7 jaar;2031;909;769;140
6412;Mannen;7 jaar;2032;909;770;139
6413;Mannen;7 jaar;2033;910;769;141
6414;Mannen;7 jaar;2034;911;770;141
6415;Mannen;7 jaar;2035;913;769;144
6416;Mannen;7 jaar;2036;913;769;144
6417;Mannen;7 jaar;2037;913;768;145
6418;Mannen;7 jaar;2038;912;767;145
6419;Mannen;7 jaar;2039;912;765;147
6420;Mannen;7 jaar;2040;911;763;148
6421;Mannen;7 jaar;2041;911;761;150
6422;Mannen;7 jaar;2042;909;759;150
6423;Mannen;7 jaar;2043;908;757;151
6424;Mannen;7 jaar;2044;907;754;153
6425;Mannen;7 jaar;2045;906;752;154
6426;Mannen;7 jaar;2046;906;750;156
6427;Mannen;7 jaar;2047;905;748;157
6428;Mannen;7 jaar;2048;904;746;158
6429;Mannen;7 jaar;2049;904;745;159
6430;Mannen;7 jaar;2050;904;744;160
6431;Mannen;7 jaar;2051;903;743;160
6432;Mannen;7 jaar;2052;904;744;160
6433;Mannen;7 jaar;2053;904;744;160
6434;Mannen;7 jaar;2054;905;745;160
6435;Mannen;7 jaar;2055;907;747;160
6436;Mannen;7 jaar;2056;909;748;161
6437;Mannen;7 jaar;2057;909;749;160
6438;Mannen;7 jaar;2058;910;751;159
6439;Mannen;7 jaar;2059;910;752;158
6440;Mannen;8 jaar;2014;846;671;175
6441;Mannen;8 jaar;2015;862;679;183
6442;Mannen;8 jaar;2016;883;692;191
6443;Mannen;8 jaar;2017;900;707;193
6444;Mannen;8 jaar;2018;886;724;162
6445;Mannen;8 jaar;2019;868;723;145
6446;Mannen;8 jaar;2020;843;718;125
6447;Mannen;8 jaar;2021;838;699;139
6448;Mannen;8 jaar;2022;839;702;137
6449;Mannen;8 jaar;2023;843;704;139
6450;Mannen;8 jaar;2024;843;706;137
6451;Mannen;8 jaar;2025;848;708;140
6452;Mannen;8 jaar;2026;851;710;141
6453;Mannen;8 jaar;2027;854;712;142
6454;Mannen;8 jaar;2028;856;711;145
6455;Mannen;8 jaar;2029;854;709;145
6456;Mannen;8 jaar;2030;857;710;147
6457;Mannen;8 jaar;2031;858;710;148
6458;Mannen;8 jaar;2032;858;710;148
6459;Mannen;8 jaar;2033;859;710;149
6460;Mannen;8 jaar;2034;860;710;150
6461;Mannen;8 jaar;2035;862;709;153
6462;Mannen;8 jaar;2036;861;709;152
6463;Mannen;8 jaar;2037;861;709;152
6464;Mannen;8 jaar;2038;859;708;151
6465;Mannen;8 jaar;2039;859;707;152
6466;Mannen;8 jaar;2040;859;705;154
6467;Mannen;8 jaar;2041;859;704;155
6468;Mannen;8 jaar;2042;858;701;157
6469;Mannen;8 jaar;2043;858;700;158
6470;Mannen;8 jaar;2044;857;698;159
6471;Mannen;8 jaar;2045;856;696;160
6472;Mannen;8 jaar;2046;855;693;162
6473;Mannen;8 jaar;2047;854;691;163
6474;Mannen;8 jaar;2048;854;689;165
6475;Mannen;8 jaar;2049;854;688;166
6476;Mannen;8 jaar;2050;853;687;166
6477;Mannen;8 jaar;2051;853;687;166
6478;Mannen;8 jaar;2052;855;686;169
6479;Mannen;8 jaar;2053;857;687;170
6480;Mannen;8 jaar;2054;857;686;171
6481;Mannen;8 jaar;2055;859;688;171
6482;Mannen;8 jaar;2056;860;689;171
6483;Mannen;8 jaar;2057;859;690;169
6484;Mannen;8 jaar;2058;860;691;169
6485;Mannen;8 jaar;2059;861;692;169
6486;Mannen;9 jaar;2014;826;603;223
6487;Mannen;9 jaar;2015;842;625;217
6488;Mannen;9 jaar;2016;852;637;215
6489;Mannen;9 jaar;2017;870;654;216
6490;Mannen;9 jaar;2018;860;668;192
6491;Mannen;9 jaar;2019;848;680;168
6492;Mannen;9 jaar;2020;822;672;150
6493;Mannen;9 jaar;2021;818;665;153
6494;Mannen;9 jaar;2022;812;650;162
6495;Mannen;9 jaar;2023;815;653;162
6496;Mannen;9 jaar;2024;821;655;166
6497;Mannen;9 jaar;2025;824;657;167
6498;Mannen;9 jaar;2026;827;659;168
6499;Mannen;9 jaar;2027;828;660;168
6500;Mannen;9 jaar;2028;831;661;170
6501;Mannen;9 jaar;2029;832;660;172
6502;Mannen;9 jaar;2030;834;661;173
6503;Mannen;9 jaar;2031;838;661;177
6504;Mannen;9 jaar;2032;837;661;176
6505;Mannen;9 jaar;2033;838;661;177
6506;Mannen;9 jaar;2034;839;661;178
6507;Mannen;9 jaar;2035;840;660;180
6508;Mannen;9 jaar;2036;840;661;179
6509;Mannen;9 jaar;2037;841;661;180
6510;Mannen;9 jaar;2038;839;659;180
6511;Mannen;9 jaar;2039;839;659;180
6512;Mannen;9 jaar;2040;839;657;182
6513;Mannen;9 jaar;2041;840;656;184
6514;Mannen;9 jaar;2042;840;655;185
6515;Mannen;9 jaar;2043;839;653;186
6516;Mannen;9 jaar;2044;838;652;186
6517;Mannen;9 jaar;2045;838;650;188
6518;Mannen;9 jaar;2046;837;648;189
6519;Mannen;9 jaar;2047;836;646;190
6520;Mannen;9 jaar;2048;835;644;191
6521;Mannen;9 jaar;2049;835;642;193
6522;Mannen;9 jaar;2050;834;641;193
6523;Mannen;9 jaar;2051;834;640;194
6524;Mannen;9 jaar;2052;835;640;195
6525;Mannen;9 jaar;2053;835;639;196
6526;Mannen;9 jaar;2054;835;639;196
6527;Mannen;9 jaar;2055;834;640;194
6528;Mannen;9 jaar;2056;835;640;195
6529;Mannen;9 jaar;2057;835;641;194
6530;Mannen;9 jaar;2058;836;642;194
6531;Mannen;9 jaar;2059;837;643;194
6532;Mannen;10 jaar;2014;788;569;219
6533;Mannen;10 jaar;2015;797;577;220
6534;Mannen;10 jaar;2016;809;603;206
6535;Mannen;10 jaar;2017;820;620;200
6536;Mannen;10 jaar;2018;815;636;179
6537;Mannen;10 jaar;2019;803;647;156
6538;Mannen;10 jaar;2020;780;650;130
6539;Mannen;10 jaar;2021;776;641;135
6540;Mannen;10 jaar;2022;771;636;135
6541;Mannen;10 jaar;2023;764;624;140
6542;Mannen;10 jaar;2024;771;626;145
6543;Mannen;10 jaar;2025;773;629;144
6544;Mannen;10 jaar;2026;776;631;145
6545;Mannen;10 jaar;2027;778;633;145
6546;Mannen;10 jaar;2028;783;634;149
6547;Mannen;10 jaar;2029;785;634;151
6548;Mannen;10 jaar;2030;786;634;152
6549;Mannen;10 jaar;2031;789;635;154
6550;Mannen;10 jaar;2032;790;635;155
6551;Mannen;10 jaar;2033;789;635;154
6552;Mannen;10 jaar;2034;789;636;153
6553;Mannen;10 jaar;2035;789;636;153
6554;Mannen;10 jaar;2036;790;636;154
6555;Mannen;10 jaar;2037;790;636;154
6556;Mannen;10 jaar;2038;792;635;157
6557;Mannen;10 jaar;2039;791;634;157
6558;Mannen;10 jaar;2040;793;634;159
6559;Mannen;10 jaar;2041;793;633;160
6560;Mannen;10 jaar;2042;793;632;161
6561;Mannen;10 jaar;2043;792;630;162
6562;Mannen;10 jaar;2044;792;629;163
6563;Mannen;10 jaar;2045;791;627;164
6564;Mannen;10 jaar;2046;791;626;165
6565;Mannen;10 jaar;2047;790;624;166
6566;Mannen;10 jaar;2048;789;622;167
6567;Mannen;10 jaar;2049;788;621;167
6568;Mannen;10 jaar;2050;788;620;168
6569;Mannen;10 jaar;2051;786;619;167
6570;Mannen;10 jaar;2052;786;618;168
6571;Mannen;10 jaar;2053;785;617;168
6572;Mannen;10 jaar;2054;785;617;168
6573;Mannen;10 jaar;2055;785;617;168
6574;Mannen;10 jaar;2056;786;618;168
6575;Mannen;10 jaar;2057;786;618;168
6576;Mannen;10 jaar;2058;787;619;168
6577;Mannen;10 jaar;2059;788;620;168
6578;Mannen;11 jaar;2014;734;536;198
6579;Mannen;11 jaar;2015;746;542;204
6580;Mannen;11 jaar;2016;755;552;203
6581;Mannen;11 jaar;2017;768;579;189
6582;Mannen;11 jaar;2018;753;595;158
6583;Mannen;11 jaar;2019;746;607;139
6584;Mannen;11 jaar;2020;729;609;120
6585;Mannen;11 jaar;2021;728;610;118
6586;Mannen;11 jaar;2022;720;604;116
6587;Mannen;11 jaar;2023;717;599;118
6588;Mannen;11 jaar;2024;711;588;123
6589;Mannen;11 jaar;2025;714;591;123
6590;Mannen;11 jaar;2026;716;594;122
6591;Mannen;11 jaar;2027;720;596;124
6592;Mannen;11 jaar;2028;723;597;126
6593;Mannen;11 jaar;2029;727;599;128
6594;Mannen;11 jaar;2030;727;601;126
6595;Mannen;11 jaar;2031;728;602;126
6596;Mannen;11 jaar;2032;727;602;125
6597;Mannen;11 jaar;2033;729;602;127
6598;Mannen;11 jaar;2034;731;603;128
6599;Mannen;11 jaar;2035;732;603;129
6600;Mannen;11 jaar;2036;734;604;130
6601;Mannen;11 jaar;2037;736;603;133
6602;Mannen;11 jaar;2038;736;603;133
6603;Mannen;11 jaar;2039;736;603;133
6604;Mannen;11 jaar;2040;736;602;134
6605;Mannen;11 jaar;2041;737;602;135
6606;Mannen;11 jaar;2042;736;601;135
6607;Mannen;11 jaar;2043;736;601;135
6608;Mannen;11 jaar;2044;736;600;136
6609;Mannen;11 jaar;2045;735;598;137
6610;Mannen;11 jaar;2046;735;596;139
6611;Mannen;11 jaar;2047;734;596;138
6612;Mannen;11 jaar;2048;733;594;139
6613;Mannen;11 jaar;2049;733;593;140
6614;Mannen;11 jaar;2050;730;591;139
6615;Mannen;11 jaar;2051;730;590;140
6616;Mannen;11 jaar;2052;729;590;139
6617;Mannen;11 jaar;2053;729;589;140
6618;Mannen;11 jaar;2054;729;588;141
6619;Mannen;11 jaar;2055;729;589;140
6620;Mannen;11 jaar;2056;729;589;140
6621;Mannen;11 jaar;2057;729;589;140
6622;Mannen;11 jaar;2058;730;590;140
6623;Mannen;11 jaar;2059;731;591;140
6624;Mannen;12 jaar;2014;713;478;235
6625;Mannen;12 jaar;2015;730;489;241
6626;Mannen;12 jaar;2016;737;499;238
6627;Mannen;12 jaar;2017;746;512;234
6628;Mannen;12 jaar;2018;735;536;199
6629;Mannen;12 jaar;2019;718;547;171
6630;Mannen;12 jaar;2020;704;552;152
6631;Mannen;12 jaar;2021;702;551;151
6632;Mannen;12 jaar;2022;700;552;148
6633;Mannen;12 jaar;2023;695;547;148
6634;Mannen;12 jaar;2024;690;544;146
6635;Mannen;12 jaar;2025;686;534;152
6636;Mannen;12 jaar;2026;688;538;150
6637;Mannen;12 jaar;2027;690;541;149
6638;Mannen;12 jaar;2028;693;542;151
6639;Mannen;12 jaar;2029;698;544;154
6640;Mannen;12 jaar;2030;700;545;155
6641;Mannen;12 jaar;2031;702;547;155
6642;Mannen;12 jaar;2032;702;548;154
6643;Mannen;12 jaar;2033;704;549;155
6644;Mannen;12 jaar;2034;704;549;155
6645;Mannen;12 jaar;2035;704;549;155
6646;Mannen;12 jaar;2036;707;550;157
6647;Mannen;12 jaar;2037;708;550;158
6648;Mannen;12 jaar;2038;708;550;158
6649;Mannen;12 jaar;2039;709;550;159
6650;Mannen;12 jaar;2040;709;550;159
6651;Mannen;12 jaar;2041;710;550;160
6652;Mannen;12 jaar;2042;710;549;161
6653;Mannen;12 jaar;2043;710;549;161
6654;Mannen;12 jaar;2044;711;548;163
6655;Mannen;12 jaar;2045;711;547;164
6656;Mannen;12 jaar;2046;710;546;164
6657;Mannen;12 jaar;2047;709;545;164
6658;Mannen;12 jaar;2048;709;544;165
6659;Mannen;12 jaar;2049;708;542;166
6660;Mannen;12 jaar;2050;706;542;164
6661;Mannen;12 jaar;2051;706;541;165
6662;Mannen;12 jaar;2052;704;540;164
6663;Mannen;12 jaar;2053;704;539;165
6664;Mannen;12 jaar;2054;703;538;165
6665;Mannen;12 jaar;2055;703;538;165
6666;Mannen;12 jaar;2056;703;538;165
6667;Mannen;12 jaar;2057;705;539;166
6668;Mannen;12 jaar;2058;706;539;167
6669;Mannen;12 jaar;2059;706;540;166
6670;Mannen;13 jaar;2014;676;437;239
6671;Mannen;13 jaar;2015;691;444;247
6672;Mannen;13 jaar;2016;705;457;248
6673;Mannen;13 jaar;2017;713;469;244
6674;Mannen;13 jaar;2018;696;481;215
6675;Mannen;13 jaar;2019;685;498;187
6676;Mannen;13 jaar;2020;665;502;163
6677;Mannen;13 jaar;2021;668;504;164
6678;Mannen;13 jaar;2022;663;504;159
6679;Mannen;13 jaar;2023;666;506;160
6680;Mannen;13 jaar;2024;660;501;159
6681;Mannen;13 jaar;2025;653;499;154
6682;Mannen;13 jaar;2026;650;491;159
6683;Mannen;13 jaar;2027;654;493;161
6684;Mannen;13 jaar;2028;656;495;161
6685;Mannen;13 jaar;2029;660;497;163
6686;Mannen;13 jaar;2030;661;499;162
6687;Mannen;13 jaar;2031;663;501;162
6688;Mannen;13 jaar;2032;667;503;164
6689;Mannen;13 jaar;2033;668;503;165
6690;Mannen;13 jaar;2034;667;504;163
6691;Mannen;13 jaar;2035;668;505;163
6692;Mannen;13 jaar;2036;671;505;166
6693;Mannen;13 jaar;2037;671;505;166
6694;Mannen;13 jaar;2038;672;505;167
6695;Mannen;13 jaar;2039;672;505;167
6696;Mannen;13 jaar;2040;673;505;168
6697;Mannen;13 jaar;2041;673;504;169
6698;Mannen;13 jaar;2042;674;504;170
6699;Mannen;13 jaar;2043;674;504;170
6700;Mannen;13 jaar;2044;674;504;170
6701;Mannen;13 jaar;2045;674;503;171
6702;Mannen;13 jaar;2046;674;503;171
6703;Mannen;13 jaar;2047;673;502;171
6704;Mannen;13 jaar;2048;673;500;173
6705;Mannen;13 jaar;2049;671;499;172
6706;Mannen;13 jaar;2050;672;498;174
6707;Mannen;13 jaar;2051;672;497;175
6708;Mannen;13 jaar;2052;670;496;174
6709;Mannen;13 jaar;2053;669;495;174
6710;Mannen;13 jaar;2054;669;495;174
6711;Mannen;13 jaar;2055;669;495;174
6712;Mannen;13 jaar;2056;668;494;174
6713;Mannen;13 jaar;2057;669;495;174
6714;Mannen;13 jaar;2058;669;495;174
6715;Mannen;13 jaar;2059;669;495;174
6716;Mannen;14 jaar;2014;678;424;254
6717;Mannen;14 jaar;2015;692;418;274
6718;Mannen;14 jaar;2016;702;427;275
6719;Mannen;14 jaar;2017;715;443;272
6720;Mannen;14 jaar;2018;702;453;249
6721;Mannen;14 jaar;2019;688;461;227
6722;Mannen;14 jaar;2020;666;472;194
6723;Mannen;14 jaar;2021;661;472;189
6724;Mannen;14 jaar;2022;663;476;187
6725;Mannen;14 jaar;2023;664;476;188
6726;Mannen;14 jaar;2024;661;478;183
6727;Mannen;14 jaar;2025;657;475;182
6728;Mannen;14 jaar;2026;652;472;180
6729;Mannen;14 jaar;2027;647;464;183
6730;Mannen;14 jaar;2028;649;467;182
6731;Mannen;14 jaar;2029;652;468;184
6732;Mannen;14 jaar;2030;656;471;185
6733;Mannen;14 jaar;2031;658;472;186
6734;Mannen;14 jaar;2032;660;475;185
6735;Mannen;14 jaar;2033;662;476;186
6736;Mannen;14 jaar;2034;660;477;183
6737;Mannen;14 jaar;2035;663;477;186
6738;Mannen;14 jaar;2036;664;478;186
6739;Mannen;14 jaar;2037;666;478;188
6740;Mannen;14 jaar;2038;666;478;188
6741;Mannen;14 jaar;2039;666;478;188
6742;Mannen;14 jaar;2040;666;478;188
6743;Mannen;14 jaar;2041;666;478;188
6744;Mannen;14 jaar;2042;666;478;188
6745;Mannen;14 jaar;2043;668;478;190
6746;Mannen;14 jaar;2044;668;478;190
6747;Mannen;14 jaar;2045;669;477;192
6748;Mannen;14 jaar;2046;669;477;192
6749;Mannen;14 jaar;2047;668;476;192
6750;Mannen;14 jaar;2048;668;475;193
6751;Mannen;14 jaar;2049;668;474;194
6752;Mannen;14 jaar;2050;667;474;193
6753;Mannen;14 jaar;2051;666;473;193
6754;Mannen;14 jaar;2052;665;472;193
6755;Mannen;14 jaar;2053;664;471;193
6756;Mannen;14 jaar;2054;663;471;192
6757;Mannen;14 jaar;2055;663;469;194
6758;Mannen;14 jaar;2056;663;469;194
6759;Mannen;14 jaar;2057;662;469;193
6760;Mannen;14 jaar;2058;662;469;193
6761;Mannen;14 jaar;2059;664;469;195
6762;Mannen;15 jaar;2014;648;388;260
6763;Mannen;15 jaar;2015;670;400;270
6764;Mannen;15 jaar;2016;680;397;283
6765;Mannen;15 jaar;2017;693;408;285
6766;Mannen;15 jaar;2018;682;423;259
6767;Mannen;15 jaar;2019;667;429;238
6768;Mannen;15 jaar;2020;646;431;215
6769;Mannen;15 jaar;2021;643;438;205
6770;Mannen;15 jaar;2022;637;440;197
6771;Mannen;15 jaar;2023;639;443;196
6772;Mannen;15 jaar;2024;639;444;195
6773;Mannen;15 jaar;2025;639;446;193
6774;Mannen;15 jaar;2026;632;443;189
6775;Mannen;15 jaar;2027;629;439;190
6776;Mannen;15 jaar;2028;627;433;194
6777;Mannen;15 jaar;2029;629;435;194
6778;Mannen;15 jaar;2030;630;438;192
6779;Mannen;15 jaar;2031;633;440;193
6780;Mannen;15 jaar;2032;636;442;194
6781;Mannen;15 jaar;2033;639;443;196
6782;Mannen;15 jaar;2034;639;444;195
6783;Mannen;15 jaar;2035;640;445;195
6784;Mannen;15 jaar;2036;641;446;195
6785;Mannen;15 jaar;2037;642;446;196
6786;Mannen;15 jaar;2038;642;447;195
6787;Mannen;15 jaar;2039;644;447;197
6788;Mannen;15 jaar;2040;645;447;198
6789;Mannen;15 jaar;2041;645;446;199
6790;Mannen;15 jaar;2042;646;446;200
6791;Mannen;15 jaar;2043;646;446;200
6792;Mannen;15 jaar;2044;646;447;199
6793;Mannen;15 jaar;2045;646;447;199
6794;Mannen;15 jaar;2046;645;446;199
6795;Mannen;15 jaar;2047;645;445;200
6796;Mannen;15 jaar;2048;645;445;200
6797;Mannen;15 jaar;2049;645;445;200
6798;Mannen;15 jaar;2050;645;443;202
6799;Mannen;15 jaar;2051;644;442;202
6800;Mannen;15 jaar;2052;643;442;201
6801;Mannen;15 jaar;2053;642;441;201
6802;Mannen;15 jaar;2054;641;440;201
6803;Mannen;15 jaar;2055;641;440;201
6804;Mannen;15 jaar;2056;641;440;201
6805;Mannen;15 jaar;2057;641;439;202
6806;Mannen;15 jaar;2058;642;439;203
6807;Mannen;15 jaar;2059;642;439;203
6808;Mannen;16 jaar;2014;670;366;304
6809;Mannen;16 jaar;2015;695;369;326
6810;Mannen;16 jaar;2016;714;383;331
6811;Mannen;16 jaar;2017;730;384;346
6812;Mannen;16 jaar;2018;717;394;323
6813;Mannen;16 jaar;2019;704;405;299
6814;Mannen;16 jaar;2020;680;406;274
6815;Mannen;16 jaar;2021;672;405;267
6816;Mannen;16 jaar;2022;667;412;255
6817;Mannen;16 jaar;2023;662;414;248
6818;Mannen;16 jaar;2024;667;418;249
6819;Mannen;16 jaar;2025;667;419;248
6820;Mannen;16 jaar;2026;664;421;243
6821;Mannen;16 jaar;2027;661;417;244
6822;Mannen;16 jaar;2028;659;414;245
6823;Mannen;16 jaar;2029;652;408;244
6824;Mannen;16 jaar;2030;656;411;245
6825;Mannen;16 jaar;2031;657;413;244
6826;Mannen;16 jaar;2032;660;416;244
6827;Mannen;16 jaar;2033;661;418;243
6828;Mannen;16 jaar;2034;664;419;245
6829;Mannen;16 jaar;2035;666;420;246
6830;Mannen;16 jaar;2036;669;421;248
6831;Mannen;16 jaar;2037;666;421;245
6832;Mannen;16 jaar;2038;667;422;245
6833;Mannen;16 jaar;2039;670;422;248
6834;Mannen;16 jaar;2040;670;422;248
6835;Mannen;16 jaar;2041;670;423;247
6836;Mannen;16 jaar;2042;671;423;248
6837;Mannen;16 jaar;2043;672;423;249
6838;Mannen;16 jaar;2044;672;423;249
6839;Mannen;16 jaar;2045;672;423;249
6840;Mannen;16 jaar;2046;672;422;250
6841;Mannen;16 jaar;2047;673;423;250
6842;Mannen;16 jaar;2048;673;422;251
6843;Mannen;16 jaar;2049;673;422;251
6844;Mannen;16 jaar;2050;672;422;250
6845;Mannen;16 jaar;2051;673;420;253
6846;Mannen;16 jaar;2052;672;420;252
6847;Mannen;16 jaar;2053;673;419;254
6848;Mannen;16 jaar;2054;672;418;254
6849;Mannen;16 jaar;2055;672;418;254
6850;Mannen;16 jaar;2056;670;418;252
6851;Mannen;16 jaar;2057;667;416;251
6852;Mannen;16 jaar;2058;667;417;250
6853;Mannen;16 jaar;2059;667;417;250
6854;Mannen;17 jaar;2014;669;342;327
6855;Mannen;17 jaar;2015;703;346;357
6856;Mannen;17 jaar;2016;716;352;364
6857;Mannen;17 jaar;2017;741;368;373
6858;Mannen;17 jaar;2018;732;368;364
6859;Mannen;17 jaar;2019;719;375;344
6860;Mannen;17 jaar;2020;694;380;314
6861;Mannen;17 jaar;2021;689;380;309
6862;Mannen;17 jaar;2022;680;380;300
6863;Mannen;17 jaar;2023;679;386;293
6864;Mannen;17 jaar;2024;674;388;286
6865;Mannen;17 jaar;2025;676;392;284
6866;Mannen;17 jaar;2026;674;393;281
6867;Mannen;17 jaar;2027;672;394;278
6868;Mannen;17 jaar;2028;668;391;277
6869;Mannen;17 jaar;2029;666;389;277
6870;Mannen;17 jaar;2030;661;384;277
6871;Mannen;17 jaar;2031;663;387;276
6872;Mannen;17 jaar;2032;665;388;277
6873;Mannen;17 jaar;2033;669;391;278
6874;Mannen;17 jaar;2034;671;393;278
6875;Mannen;17 jaar;2035;673;394;279
6876;Mannen;17 jaar;2036;675;396;279
6877;Mannen;17 jaar;2037;677;397;280
6878;Mannen;17 jaar;2038;674;397;277
6879;Mannen;17 jaar;2039;677;398;279
6880;Mannen;17 jaar;2040;677;398;279
6881;Mannen;17 jaar;2041;679;399;280
6882;Mannen;17 jaar;2042;679;399;280
6883;Mannen;17 jaar;2043;681;399;282
6884;Mannen;17 jaar;2044;683;399;284
6885;Mannen;17 jaar;2045;683;399;284
6886;Mannen;17 jaar;2046;683;400;283
6887;Mannen;17 jaar;2047;683;400;283
6888;Mannen;17 jaar;2048;683;399;284
6889;Mannen;17 jaar;2049;685;400;285
6890;Mannen;17 jaar;2050;685;400;285
6891;Mannen;17 jaar;2051;684;399;285
6892;Mannen;17 jaar;2052;684;398;286
6893;Mannen;17 jaar;2053;683;398;285
6894;Mannen;17 jaar;2054;682;397;285
6895;Mannen;17 jaar;2055;682;397;285
6896;Mannen;17 jaar;2056;682;396;286
6897;Mannen;17 jaar;2057;682;396;286
6898;Mannen;17 jaar;2058;680;396;284
6899;Mannen;17 jaar;2059;679;396;283
6900;Mannen;18 jaar;2014;1610;596;1014
6901;Mannen;18 jaar;2015;1654;590;1064
6902;Mannen;18 jaar;2016;1703;603;1100
6903;Mannen;18 jaar;2017;1747;614;1133
6904;Mannen;18 jaar;2018;1744;639;1105
6905;Mannen;18 jaar;2019;1728;638;1090
6906;Mannen;18 jaar;2020;1695;643;1052
6907;Mannen;18 jaar;2021;1690;649;1041
6908;Mannen;18 jaar;2022;1680;649;1031
6909;Mannen;18 jaar;2023;1665;649;1016
6910;Mannen;18 jaar;2024;1661;659;1002
6911;Mannen;18 jaar;2025;1655;663;992
6912;Mannen;18 jaar;2026;1658;670;988
6913;Mannen;18 jaar;2027;1657;671;986
6914;Mannen;18 jaar;2028;1660;673;987
6915;Mannen;18 jaar;2029;1654;668;986
6916;Mannen;18 jaar;2030;1646;665;981
6917;Mannen;18 jaar;2031;1641;657;984
6918;Mannen;18 jaar;2032;1647;662;985
6919;Mannen;18 jaar;2033;1651;666;985
6920;Mannen;18 jaar;2034;1656;670;986
6921;Mannen;18 jaar;2035;1662;673;989
6922;Mannen;18 jaar;2036;1663;675;988
6923;Mannen;18 jaar;2037;1668;678;990
6924;Mannen;18 jaar;2038;1670;679;991
6925;Mannen;18 jaar;2039;1675;680;995
6926;Mannen;18 jaar;2040;1676;681;995
6927;Mannen;18 jaar;2041;1678;682;996
6928;Mannen;18 jaar;2042;1679;682;997
6929;Mannen;18 jaar;2043;1679;683;996
6930;Mannen;18 jaar;2044;1681;683;998
6931;Mannen;18 jaar;2045;1681;683;998
6932;Mannen;18 jaar;2046;1683;683;1000
6933;Mannen;18 jaar;2047;1684;683;1001
6934;Mannen;18 jaar;2048;1685;683;1002
6935;Mannen;18 jaar;2049;1686;682;1004
6936;Mannen;18 jaar;2050;1686;682;1004
6937;Mannen;18 jaar;2051;1686;682;1004
6938;Mannen;18 jaar;2052;1685;681;1004
6939;Mannen;18 jaar;2053;1685;679;1006
6940;Mannen;18 jaar;2054;1684;678;1006
6941;Mannen;18 jaar;2055;1683;678;1005
6942;Mannen;18 jaar;2056;1680;676;1004
6943;Mannen;18 jaar;2057;1679;675;1004
6944;Mannen;18 jaar;2058;1678;674;1004
6945;Mannen;18 jaar;2059;1678;673;1005
6946;Mannen;19 jaar;2014;2240;851;1389
6947;Mannen;19 jaar;2015;2290;876;1414
6948;Mannen;19 jaar;2016;2347;879;1468
6949;Mannen;19 jaar;2017;2412;905;1507
6950;Mannen;19 jaar;2018;2412;923;1489
6951;Mannen;19 jaar;2019;2412;951;1461
6952;Mannen;19 jaar;2020;2377;942;1435
6953;Mannen;19 jaar;2021;2375;944;1431
6954;Mannen;19 jaar;2022;2362;953;1409
6955;Mannen;19 jaar;2023;2351;952;1399
6956;Mannen;19 jaar;2024;2335;952;1383
6957;Mannen;19 jaar;2025;2335;964;1371
6958;Mannen;19 jaar;2026;2325;968;1357
6959;Mannen;19 jaar;2027;2332;977;1355
6960;Mannen;19 jaar;2028;2336;978;1358
6961;Mannen;19 jaar;2029;2332;980;1352
6962;Mannen;19 jaar;2030;2327;975;1352
6963;Mannen;19 jaar;2031;2324;970;1354
6964;Mannen;19 jaar;2032;2316;962;1354
6965;Mannen;19 jaar;2033;2322;968;1354
6966;Mannen;19 jaar;2034;2328;974;1354
6967;Mannen;19 jaar;2035;2333;979;1354
6968;Mannen;19 jaar;2036;2337;983;1354
6969;Mannen;19 jaar;2037;2344;987;1357
6970;Mannen;19 jaar;2038;2349;990;1359
6971;Mannen;19 jaar;2039;2349;992;1357
6972;Mannen;19 jaar;2040;2353;994;1359
6973;Mannen;19 jaar;2041;2354;996;1358
6974;Mannen;19 jaar;2042;2356;997;1359
6975;Mannen;19 jaar;2043;2358;999;1359
6976;Mannen;19 jaar;2044;2359;1000;1359
6977;Mannen;19 jaar;2045;2361;1000;1361
6978;Mannen;19 jaar;2046;2361;1001;1360
6979;Mannen;19 jaar;2047;2362;1001;1361
6980;Mannen;19 jaar;2048;2363;1002;1361
6981;Mannen;19 jaar;2049;2362;1003;1359
6982;Mannen;19 jaar;2050;2363;1003;1360
6983;Mannen;19 jaar;2051;2364;1002;1362
6984;Mannen;19 jaar;2052;2363;1002;1361
6985;Mannen;19 jaar;2053;2363;1001;1362
6986;Mannen;19 jaar;2054;2362;1000;1362
6987;Mannen;19 jaar;2055;2361;998;1363
6988;Mannen;19 jaar;2056;2359;997;1362
6989;Mannen;19 jaar;2057;2360;995;1365
6990;Mannen;19 jaar;2058;2359;994;1365
6991;Mannen;19 jaar;2059;2357;993;1364
6992;Mannen;20 jaar;2014;2606;1217;1389
6993;Mannen;20 jaar;2015;2648;1214;1434
6994;Mannen;20 jaar;2016;2717;1255;1462
6995;Mannen;20 jaar;2017;2776;1269;1507
6996;Mannen;20 jaar;2018;2783;1305;1478
6997;Mannen;20 jaar;2019;2782;1322;1460
6998;Mannen;20 jaar;2020;2760;1342;1418
6999;Mannen;20 jaar;2021;2753;1328;1425
7000;Mannen;20 jaar;2022;2744;1330;1414
7001;Mannen;20 jaar;2023;2739;1341;1398
7002;Mannen;20 jaar;2024;2723;1339;1384
7003;Mannen;20 jaar;2025;2713;1338;1375
7004;Mannen;20 jaar;2026;2710;1353;1357
7005;Mannen;20 jaar;2027;2705;1355;1350
7006;Mannen;20 jaar;2028;2711;1365;1346
7007;Mannen;20 jaar;2029;2709;1367;1342
7008;Mannen;20 jaar;2030;2712;1369;1343
7009;Mannen;20 jaar;2031;2706;1364;1342
7010;Mannen;20 jaar;2032;2701;1358;1343
7011;Mannen;20 jaar;2033;2697;1349;1348
7012;Mannen;20 jaar;2034;2704;1356;1348
7013;Mannen;20 jaar;2035;2708;1362;1346
7014;Mannen;20 jaar;2036;2715;1368;1347
7015;Mannen;20 jaar;2037;2721;1373;1348
7016;Mannen;20 jaar;2038;2724;1377;1347
7017;Mannen;20 jaar;2039;2726;1381;1345
7018;Mannen;20 jaar;2040;2731;1383;1348
7019;Mannen;20 jaar;2041;2734;1385;1349
7020;Mannen;20 jaar;2042;2734;1387;1347
7021;Mannen;20 jaar;2043;2738;1389;1349
7022;Mannen;20 jaar;2044;2740;1390;1350
7023;Mannen;20 jaar;2045;2740;1392;1348
7024;Mannen;20 jaar;2046;2743;1392;1351
7025;Mannen;20 jaar;2047;2743;1394;1349
7026;Mannen;20 jaar;2048;2744;1395;1349
7027;Mannen;20 jaar;2049;2744;1395;1349
7028;Mannen;20 jaar;2050;2746;1395;1351
7029;Mannen;20 jaar;2051;2747;1395;1352
7030;Mannen;20 jaar;2052;2747;1396;1351
7031;Mannen;20 jaar;2053;2746;1395;1351
7032;Mannen;20 jaar;2054;2746;1394;1352
7033;Mannen;20 jaar;2055;2745;1392;1353
7034;Mannen;20 jaar;2056;2744;1390;1354
7035;Mannen;20 jaar;2057;2742;1389;1353
7036;Mannen;20 jaar;2058;2740;1387;1353
7037;Mannen;20 jaar;2059;2740;1386;1354
7038;Mannen;21 jaar;2014;2945;1660;1285
7039;Mannen;21 jaar;2015;3011;1725;1286
7040;Mannen;21 jaar;2016;3080;1735;1345
7041;Mannen;21 jaar;2017;3148;1795;1353
7042;Mannen;21 jaar;2018;3137;1815;1322
7043;Mannen;21 jaar;2019;3135;1851;1284
7044;Mannen;21 jaar;2020;3099;1858;1241
7045;Mannen;21 jaar;2021;3106;1872;1234
7046;Mannen;21 jaar;2022;3097;1857;1240
7047;Mannen;21 jaar;2023;3091;1858;1233
7048;Mannen;21 jaar;2024;3080;1867;1213
7049;Mannen;21 jaar;2025;3073;1860;1213
7050;Mannen;21 jaar;2026;3060;1857;1203
7051;Mannen;21 jaar;2027;3059;1869;1190
7052;Mannen;21 jaar;2028;3053;1868;1185
7053;Mannen;21 jaar;2029;3061;1877;1184
7054;Mannen;21 jaar;2030;3061;1880;1181
7055;Mannen;21 jaar;2031;3061;1881;1180
7056;Mannen;21 jaar;2032;3056;1873;1183
7057;Mannen;21 jaar;2033;3050;1865;1185
7058;Mannen;21 jaar;2034;3045;1852;1193
7059;Mannen;21 jaar;2035;3052;1860;1192
7060;Mannen;21 jaar;2036;3060;1866;1194
7061;Mannen;21 jaar;2037;3065;1871;1194
7062;Mannen;21 jaar;2038;3069;1876;1193
7063;Mannen;21 jaar;2039;3077;1879;1198
7064;Mannen;21 jaar;2040;3081;1881;1200
7065;Mannen;21 jaar;2041;3084;1883;1201
7066;Mannen;21 jaar;2042;3086;1883;1203
7067;Mannen;21 jaar;2043;3088;1885;1203
7068;Mannen;21 jaar;2044;3089;1886;1203
7069;Mannen;21 jaar;2045;3093;1886;1207
7070;Mannen;21 jaar;2046;3094;1886;1208
7071;Mannen;21 jaar;2047;3095;1886;1209
7072;Mannen;21 jaar;2048;3098;1886;1212
7073;Mannen;21 jaar;2049;3098;1886;1212
7074;Mannen;21 jaar;2050;3099;1885;1214
7075;Mannen;21 jaar;2051;3099;1884;1215
7076;Mannen;21 jaar;2052;3099;1884;1215
7077;Mannen;21 jaar;2053;3100;1881;1219
7078;Mannen;21 jaar;2054;3099;1879;1220
7079;Mannen;21 jaar;2055;3098;1877;1221
7080;Mannen;21 jaar;2056;3098;1874;1224
7081;Mannen;21 jaar;2057;3094;1871;1223
7082;Mannen;21 jaar;2058;3094;1868;1226
7083;Mannen;21 jaar;2059;3093;1865;1228
7084;Mannen;22 jaar;2014;3360;2042;1318
7085;Mannen;22 jaar;2015;3431;2140;1291
7086;Mannen;22 jaar;2016;3523;2219;1304
7087;Mannen;22 jaar;2017;3590;2243;1347
7088;Mannen;22 jaar;2018;3569;2309;1260
7089;Mannen;22 jaar;2019;3548;2324;1224
7090;Mannen;22 jaar;2020;3515;2350;1165
7091;Mannen;22 jaar;2021;3517;2347;1170
7092;Mannen;22 jaar;2022;3518;2361;1157
7093;Mannen;22 jaar;2023;3511;2342;1169
7094;Mannen;22 jaar;2024;3502;2338;1164
7095;Mannen;22 jaar;2025;3498;2342;1156
7096;Mannen;22 jaar;2026;3487;2329;1158
7097;Mannen;22 jaar;2027;3480;2319;1161
7098;Mannen;22 jaar;2028;3476;2326;1150
7099;Mannen;22 jaar;2029;3469;2320;1149
7100;Mannen;22 jaar;2030;3481;2333;1148
7101;Mannen;22 jaar;2031;3478;2335;1143
7102;Mannen;22 jaar;2032;3478;2333;1145
7103;Mannen;22 jaar;2033;3471;2321;1150
7104;Mannen;22 jaar;2034;3464;2310;1154
7105;Mannen;22 jaar;2035;3460;2296;1164
7106;Mannen;22 jaar;2036;3468;2303;1165
7107;Mannen;22 jaar;2037;3472;2309;1163
7108;Mannen;22 jaar;2038;3479;2314;1165
7109;Mannen;22 jaar;2039;3484;2317;1167
7110;Mannen;22 jaar;2040;3492;2320;1172
7111;Mannen;22 jaar;2041;3496;2322;1174
7112;Mannen;22 jaar;2042;3499;2321;1178
7113;Mannen;22 jaar;2043;3502;2322;1180
7114;Mannen;22 jaar;2044;3504;2322;1182
7115;Mannen;22 jaar;2045;3507;2322;1185
7116;Mannen;22 jaar;2046;3508;2321;1187
7117;Mannen;22 jaar;2047;3510;2320;1190
7118;Mannen;22 jaar;2048;3511;2319;1192
7119;Mannen;22 jaar;2049;3511;2317;1194
7120;Mannen;22 jaar;2050;3513;2315;1198
7121;Mannen;22 jaar;2051;3515;2313;1202
7122;Mannen;22 jaar;2052;3517;2312;1205
7123;Mannen;22 jaar;2053;3516;2309;1207
7124;Mannen;22 jaar;2054;3515;2306;1209
7125;Mannen;22 jaar;2055;3513;2302;1211
7126;Mannen;22 jaar;2056;3513;2298;1215
7127;Mannen;22 jaar;2057;3510;2294;1216
7128;Mannen;22 jaar;2058;3510;2289;1221
7129;Mannen;22 jaar;2059;3508;2284;1224
7130;Mannen;23 jaar;2014;3723;2447;1276
7131;Mannen;23 jaar;2015;3811;2515;1296
7132;Mannen;23 jaar;2016;3903;2613;1290
7133;Mannen;23 jaar;2017;3989;2707;1282
7134;Mannen;23 jaar;2018;3952;2732;1220
7135;Mannen;23 jaar;2019;3923;2787;1136
7136;Mannen;23 jaar;2020;3866;2781;1085
7137;Mannen;23 jaar;2021;3875;2797;1078
7138;Mannen;23 jaar;2022;3876;2790;1086
7139;Mannen;23 jaar;2023;3880;2803;1077
7140;Mannen;23 jaar;2024;3867;2777;1090
7141;Mannen;23 jaar;2025;3867;2768;1099
7142;Mannen;23 jaar;2026;3864;2769;1095
7143;Mannen;23 jaar;2027;3852;2748;1104
7144;Mannen;23 jaar;2028;3840;2732;1108
7145;Mannen;23 jaar;2029;3839;2732;1107
7146;Mannen;23 jaar;2030;3831;2728;1103
7147;Mannen;23 jaar;2031;3839;2741;1098
7148;Mannen;23 jaar;2032;3838;2740;1098
7149;Mannen;23 jaar;2033;3840;2737;1103
7150;Mannen;23 jaar;2034;3834;2722;1112
7151;Mannen;23 jaar;2035;3826;2708;1118
7152;Mannen;23 jaar;2036;3823;2690;1133
7153;Mannen;23 jaar;2037;3833;2698;1135
7154;Mannen;23 jaar;2038;3837;2703;1134
7155;Mannen;23 jaar;2039;3844;2709;1135
7156;Mannen;23 jaar;2040;3850;2712;1138
7157;Mannen;23 jaar;2041;3855;2713;1142
7158;Mannen;23 jaar;2042;3859;2715;1144
7159;Mannen;23 jaar;2043;3865;2715;1150
7160;Mannen;23 jaar;2044;3867;2714;1153
7161;Mannen;23 jaar;2045;3870;2714;1156
7162;Mannen;23 jaar;2046;3874;2713;1161
7163;Mannen;23 jaar;2047;3874;2711;1163
7164;Mannen;23 jaar;2048;3878;2708;1170
7165;Mannen;23 jaar;2049;3879;2706;1173
7166;Mannen;23 jaar;2050;3878;2703;1175
7167;Mannen;23 jaar;2051;3879;2701;1178
7168;Mannen;23 jaar;2052;3879;2697;1182
7169;Mannen;23 jaar;2053;3881;2694;1187
7170;Mannen;23 jaar;2054;3880;2690;1190
7171;Mannen;23 jaar;2055;3881;2685;1196
7172;Mannen;23 jaar;2056;3880;2680;1200
7173;Mannen;23 jaar;2057;3877;2674;1203
7174;Mannen;23 jaar;2058;3876;2668;1208
7175;Mannen;23 jaar;2059;3876;2662;1214
7176;Mannen;24 jaar;2014;3860;2768;1092
7177;Mannen;24 jaar;2015;3960;2821;1139
7178;Mannen;24 jaar;2016;4057;2901;1156
7179;Mannen;24 jaar;2017;4139;3001;1138
7180;Mannen;24 jaar;2018;4112;3092;1020
7181;Mannen;24 jaar;2019;4068;3102;966
7182;Mannen;24 jaar;2020;4004;3125;879
7183;Mannen;24 jaar;2021;4003;3104;899
7184;Mannen;24 jaar;2022;4009;3120;889
7185;Mannen;24 jaar;2023;4010;3111;899
7186;Mannen;24 jaar;2024;4012;3120;892
7187;Mannen;24 jaar;2025;4007;3090;917
7188;Mannen;24 jaar;2026;4003;3079;924
7189;Mannen;24 jaar;2027;3999;3075;924
7190;Mannen;24 jaar;2028;3987;3048;939
7191;Mannen;24 jaar;2029;3978;3024;954
7192;Mannen;24 jaar;2030;3976;3029;947
7193;Mannen;24 jaar;2031;3967;3018;949
7194;Mannen;24 jaar;2032;3975;3032;943
7195;Mannen;24 jaar;2033;3976;3031;945
7196;Mannen;24 jaar;2034;3975;3025;950
7197;Mannen;24 jaar;2035;3970;3008;962
7198;Mannen;24 jaar;2036;3965;2990;975
7199;Mannen;24 jaar;2037;3959;2971;988
7200;Mannen;24 jaar;2038;3968;2980;988
7201;Mannen;24 jaar;2039;3976;2985;991
7202;Mannen;24 jaar;2040;3981;2990;991
7203;Mannen;24 jaar;2041;3987;2993;994
7204;Mannen;24 jaar;2042;3991;2994;997
7205;Mannen;24 jaar;2043;3995;2997;998
7206;Mannen;24 jaar;2044;3999;2996;1003
7207;Mannen;24 jaar;2045;4001;2995;1006
7208;Mannen;24 jaar;2046;4006;2994;1012
7209;Mannen;24 jaar;2047;4009;2992;1017
7210;Mannen;24 jaar;2048;4012;2991;1021
7211;Mannen;24 jaar;2049;4013;2988;1025
7212;Mannen;24 jaar;2050;4014;2985;1029
7213;Mannen;24 jaar;2051;4016;2981;1035
7214;Mannen;24 jaar;2052;4017;2977;1040
7215;Mannen;24 jaar;2053;4017;2973;1044
7216;Mannen;24 jaar;2054;4016;2969;1047
7217;Mannen;24 jaar;2055;4016;2964;1052
7218;Mannen;24 jaar;2056;4015;2959;1056
7219;Mannen;24 jaar;2057;4014;2953;1061
7220;Mannen;24 jaar;2058;4014;2946;1068
7221;Mannen;24 jaar;2059;4012;2938;1074
7222;Mannen;25 jaar;2014;3766;2911;855
7223;Mannen;25 jaar;2015;3880;3022;858
7224;Mannen;25 jaar;2016;3983;3090;893
7225;Mannen;25 jaar;2017;4067;3188;879
7226;Mannen;25 jaar;2018;4025;3269;756
7227;Mannen;25 jaar;2019;3995;3337;658
7228;Mannen;25 jaar;2020;3923;3313;610
7229;Mannen;25 jaar;2021;3921;3315;606
7230;Mannen;25 jaar;2022;3913;3291;622
7231;Mannen;25 jaar;2023;3925;3304;621
7232;Mannen;25 jaar;2024;3921;3292;629
7233;Mannen;25 jaar;2025;3932;3301;631
7234;Mannen;25 jaar;2026;3925;3271;654
7235;Mannen;25 jaar;2027;3925;3257;668
7236;Mannen;25 jaar;2028;3918;3250;668
7237;Mannen;25 jaar;2029;3907;3219;688
7238;Mannen;25 jaar;2030;3895;3199;696
7239;Mannen;25 jaar;2031;3895;3200;695
7240;Mannen;25 jaar;2032;3887;3186;701
7241;Mannen;25 jaar;2033;3892;3201;691
7242;Mannen;25 jaar;2034;3896;3199;697
7243;Mannen;25 jaar;2035;3895;3193;702
7244;Mannen;25 jaar;2036;3887;3174;713
7245;Mannen;25 jaar;2037;3884;3155;729
7246;Mannen;25 jaar;2038;3876;3134;742
7247;Mannen;25 jaar;2039;3884;3144;740
7248;Mannen;25 jaar;2040;3893;3151;742
7249;Mannen;25 jaar;2041;3898;3156;742
7250;Mannen;25 jaar;2042;3904;3159;745
7251;Mannen;25 jaar;2043;3908;3163;745
7252;Mannen;25 jaar;2044;3912;3165;747
7253;Mannen;25 jaar;2045;3916;3164;752
7254;Mannen;25 jaar;2046;3919;3164;755
7255;Mannen;25 jaar;2047;3924;3164;760
7256;Mannen;25 jaar;2048;3927;3163;764
7257;Mannen;25 jaar;2049;3928;3161;767
7258;Mannen;25 jaar;2050;3929;3158;771
7259;Mannen;25 jaar;2051;3930;3155;775
7260;Mannen;25 jaar;2052;3930;3152;778
7261;Mannen;25 jaar;2053;3930;3149;781
7262;Mannen;25 jaar;2054;3931;3145;786
7263;Mannen;25 jaar;2055;3931;3140;791
7264;Mannen;25 jaar;2056;3932;3135;797
7265;Mannen;25 jaar;2057;3931;3129;802
7266;Mannen;25 jaar;2058;3929;3123;806
7267;Mannen;25 jaar;2059;3929;3115;814
7268;Mannen;26 jaar;2014;3631;2869;762
7269;Mannen;26 jaar;2015;3730;2964;766
7270;Mannen;26 jaar;2016;3844;3089;755
7271;Mannen;26 jaar;2017;3928;3172;756
7272;Mannen;26 jaar;2018;3892;3265;627
7273;Mannen;26 jaar;2019;3852;3312;540
7274;Mannen;26 jaar;2020;3791;3337;454
7275;Mannen;26 jaar;2021;3778;3293;485
7276;Mannen;26 jaar;2022;3770;3291;479
7277;Mannen;26 jaar;2023;3767;3268;499
7278;Mannen;26 jaar;2024;3773;3280;493
7279;Mannen;26 jaar;2025;3779;3269;510
7280;Mannen;26 jaar;2026;3784;3280;504
7281;Mannen;26 jaar;2027;3782;3250;532
7282;Mannen;26 jaar;2028;3780;3237;543
7283;Mannen;26 jaar;2029;3777;3231;546
7284;Mannen;26 jaar;2030;3768;3207;561
7285;Mannen;26 jaar;2031;3755;3186;569
7286;Mannen;26 jaar;2032;3753;3187;566
7287;Mannen;26 jaar;2033;3746;3172;574
7288;Mannen;26 jaar;2034;3754;3189;565
7289;Mannen;26 jaar;2035;3756;3187;569
7290;Mannen;26 jaar;2036;3754;3181;573
7291;Mannen;26 jaar;2037;3748;3163;585
7292;Mannen;26 jaar;2038;3742;3144;598
7293;Mannen;26 jaar;2039;3736;3123;613
7294;Mannen;26 jaar;2040;3745;3135;610
7295;Mannen;26 jaar;2041;3750;3143;607
7296;Mannen;26 jaar;2042;3756;3149;607
7297;Mannen;26 jaar;2043;3762;3154;608
7298;Mannen;26 jaar;2044;3767;3158;609
7299;Mannen;26 jaar;2045;3772;3162;610
7300;Mannen;26 jaar;2046;3774;3162;612
7301;Mannen;26 jaar;2047;3777;3163;614
7302;Mannen;26 jaar;2048;3779;3164;615
7303;Mannen;26 jaar;2049;3782;3165;617
7304;Mannen;26 jaar;2050;3785;3163;622
7305;Mannen;26 jaar;2051;3787;3162;625
7306;Mannen;26 jaar;2052;3789;3161;628
7307;Mannen;26 jaar;2053;3791;3158;633
7308;Mannen;26 jaar;2054;3792;3156;636
7309;Mannen;26 jaar;2055;3792;3153;639
7310;Mannen;26 jaar;2056;3792;3149;643
7311;Mannen;26 jaar;2057;3791;3145;646
7312;Mannen;26 jaar;2058;3790;3141;649
7313;Mannen;26 jaar;2059;3788;3135;653
7314;Mannen;27 jaar;2014;3505;2727;778
7315;Mannen;27 jaar;2015;3597;2829;768
7316;Mannen;27 jaar;2016;3694;2930;764
7317;Mannen;27 jaar;2017;3794;3065;729
7318;Mannen;27 jaar;2018;3758;3141;617
7319;Mannen;27 jaar;2019;3719;3203;516
7320;Mannen;27 jaar;2020;3648;3203;445
7321;Mannen;27 jaar;2021;3647;3205;442
7322;Mannen;27 jaar;2022;3630;3164;466
7323;Mannen;27 jaar;2023;3626;3159;467
7324;Mannen;27 jaar;2024;3620;3138;482
7325;Mannen;27 jaar;2025;3635;3151;484
7326;Mannen;27 jaar;2026;3639;3141;498
7327;Mannen;27 jaar;2027;3648;3153;495
7328;Mannen;27 jaar;2028;3647;3125;522
7329;Mannen;27 jaar;2029;3639;3113;526
7330;Mannen;27 jaar;2030;3638;3113;525
7331;Mannen;27 jaar;2031;3627;3090;537
7332;Mannen;27 jaar;2032;3616;3070;546
7333;Mannen;27 jaar;2033;3611;3070;541
7334;Mannen;27 jaar;2034;3606;3055;551
7335;Mannen;27 jaar;2035;3614;3072;542
7336;Mannen;27 jaar;2036;3615;3069;546
7337;Mannen;27 jaar;2037;3613;3065;548
7338;Mannen;27 jaar;2038;3608;3047;561
7339;Mannen;27 jaar;2039;3602;3029;573
7340;Mannen;27 jaar;2040;3597;3010;587
7341;Mannen;27 jaar;2041;3605;3021;584
7342;Mannen;27 jaar;2042;3612;3029;583
7343;Mannen;27 jaar;2043;3618;3038;580
7344;Mannen;27 jaar;2044;3622;3043;579
7345;Mannen;27 jaar;2045;3627;3048;579
7346;Mannen;27 jaar;2046;3632;3052;580
7347;Mannen;27 jaar;2047;3636;3054;582
7348;Mannen;27 jaar;2048;3638;3055;583
7349;Mannen;27 jaar;2049;3641;3058;583
7350;Mannen;27 jaar;2050;3642;3059;583
7351;Mannen;27 jaar;2051;3647;3059;588
7352;Mannen;27 jaar;2052;3648;3058;590
7353;Mannen;27 jaar;2053;3650;3058;592
7354;Mannen;27 jaar;2054;3651;3056;595
7355;Mannen;27 jaar;2055;3651;3054;597
7356;Mannen;27 jaar;2056;3653;3052;601
7357;Mannen;27 jaar;2057;3653;3050;603
7358;Mannen;27 jaar;2058;3652;3046;606
7359;Mannen;27 jaar;2059;3650;3043;607
7360;Mannen;28 jaar;2014;3336;2616;720
7361;Mannen;28 jaar;2015;3434;2685;749
7362;Mannen;28 jaar;2016;3522;2791;731
7363;Mannen;28 jaar;2017;3601;2900;701
7364;Mannen;28 jaar;2018;3581;3024;557
7365;Mannen;28 jaar;2019;3541;3069;472
7366;Mannen;28 jaar;2020;3475;3089;386
7367;Mannen;28 jaar;2021;3462;3066;396
7368;Mannen;28 jaar;2022;3460;3066;394
7369;Mannen;28 jaar;2023;3449;3027;422
7370;Mannen;28 jaar;2024;3442;3022;420
7371;Mannen;28 jaar;2025;3447;3002;445
7372;Mannen;28 jaar;2026;3461;3015;446
7373;Mannen;28 jaar;2027;3465;3007;458
7374;Mannen;28 jaar;2028;3474;3019;455
7375;Mannen;28 jaar;2029;3469;2992;477
7376;Mannen;28 jaar;2030;3466;2986;480
7377;Mannen;28 jaar;2031;3465;2986;479
7378;Mannen;28 jaar;2032;3452;2962;490
7379;Mannen;28 jaar;2033;3439;2941;498
7380;Mannen;28 jaar;2034;3439;2940;499
7381;Mannen;28 jaar;2035;3430;2925;505
7382;Mannen;28 jaar;2036;3437;2941;496
7383;Mannen;28 jaar;2037;3440;2939;501
7384;Mannen;28 jaar;2038;3438;2933;505
7385;Mannen;28 jaar;2039;3434;2916;518
7386;Mannen;28 jaar;2040;3428;2898;530
7387;Mannen;28 jaar;2041;3420;2880;540
7388;Mannen;28 jaar;2042;3430;2892;538
7389;Mannen;28 jaar;2043;3437;2900;537
7390;Mannen;28 jaar;2044;3443;2909;534
7391;Mannen;28 jaar;2045;3447;2913;534
7392;Mannen;28 jaar;2046;3454;2919;535
7393;Mannen;28 jaar;2047;3457;2923;534
7394;Mannen;28 jaar;2048;3461;2925;536
7395;Mannen;28 jaar;2049;3463;2927;536
7396;Mannen;28 jaar;2050;3466;2930;536
7397;Mannen;28 jaar;2051;3469;2931;538
7398;Mannen;28 jaar;2052;3469;2932;537
7399;Mannen;28 jaar;2053;3472;2931;541
7400;Mannen;28 jaar;2054;3473;2931;542
7401;Mannen;28 jaar;2055;3474;2930;544
7402;Mannen;28 jaar;2056;3474;2929;545
7403;Mannen;28 jaar;2057;3475;2927;548
7404;Mannen;28 jaar;2058;3475;2924;551
7405;Mannen;28 jaar;2059;3474;2922;552
7406;Mannen;29 jaar;2014;3112;2500;612
7407;Mannen;29 jaar;2015;3209;2560;649
7408;Mannen;29 jaar;2016;3296;2636;660
7409;Mannen;29 jaar;2017;3365;2747;618
7410;Mannen;29 jaar;2018;3330;2842;488
7411;Mannen;29 jaar;2019;3312;2935;377
7412;Mannen;29 jaar;2020;3247;2940;307
7413;Mannen;29 jaar;2021;3243;2941;302
7414;Mannen;29 jaar;2022;3233;2920;313
7415;Mannen;29 jaar;2023;3235;2923;312
7416;Mannen;29 jaar;2024;3218;2887;331
7417;Mannen;29 jaar;2025;3217;2881;336
7418;Mannen;29 jaar;2026;3218;2864;354
7419;Mannen;29 jaar;2027;3233;2878;355
7420;Mannen;29 jaar;2028;3239;2872;367
7421;Mannen;29 jaar;2029;3248;2884;364
7422;Mannen;29 jaar;2030;3246;2865;381
7423;Mannen;29 jaar;2031;3242;2859;383
7424;Mannen;29 jaar;2032;3240;2858;382
7425;Mannen;29 jaar;2033;3228;2835;393
7426;Mannen;29 jaar;2034;3217;2814;403
7427;Mannen;29 jaar;2035;3213;2813;400
7428;Mannen;29 jaar;2036;3207;2798;409
7429;Mannen;29 jaar;2037;3214;2815;399
7430;Mannen;29 jaar;2038;3216;2813;403
7431;Mannen;29 jaar;2039;3216;2808;408
7432;Mannen;29 jaar;2040;3209;2791;418
7433;Mannen;29 jaar;2041;3202;2774;428
7434;Mannen;29 jaar;2042;3198;2757;441
7435;Mannen;29 jaar;2043;3205;2770;435
7436;Mannen;29 jaar;2044;3211;2780;431
7437;Mannen;29 jaar;2045;3218;2788;430
7438;Mannen;29 jaar;2046;3225;2795;430
7439;Mannen;29 jaar;2047;3229;2801;428
7440;Mannen;29 jaar;2048;3234;2806;428
7441;Mannen;29 jaar;2049;3236;2809;427
7442;Mannen;29 jaar;2050;3240;2813;427
7443;Mannen;29 jaar;2051;3243;2816;427
7444;Mannen;29 jaar;2052;3243;2818;425
7445;Mannen;29 jaar;2053;3245;2820;425
7446;Mannen;29 jaar;2054;3245;2820;425
7447;Mannen;29 jaar;2055;3248;2820;428
7448;Mannen;29 jaar;2056;3249;2820;429
7449;Mannen;29 jaar;2057;3249;2820;429
7450;Mannen;29 jaar;2058;3248;2819;429
7451;Mannen;29 jaar;2059;3249;2817;432
7452;Mannen;30 jaar;2014;2900;2386;514
7453;Mannen;30 jaar;2015;2987;2450;537
7454;Mannen;30 jaar;2016;3070;2518;552
7455;Mannen;30 jaar;2017;3140;2603;537
7456;Mannen;30 jaar;2018;3104;2702;402
7457;Mannen;30 jaar;2019;3067;2767;300
7458;Mannen;30 jaar;2020;3025;2817;208
7459;Mannen;30 jaar;2021;3028;2808;220
7460;Mannen;30 jaar;2022;3021;2811;210
7461;Mannen;30 jaar;2023;3012;2794;218
7462;Mannen;30 jaar;2024;3009;2798;211
7463;Mannen;30 jaar;2025;3001;2766;235
7464;Mannen;30 jaar;2026;3001;2762;239
7465;Mannen;30 jaar;2027;3002;2748;254
7466;Mannen;30 jaar;2028;3019;2761;258
7467;Mannen;30 jaar;2029;3023;2756;267
7468;Mannen;30 jaar;2030;3031;2774;257
7469;Mannen;30 jaar;2031;3026;2759;267
7470;Mannen;30 jaar;2032;3024;2754;270
7471;Mannen;30 jaar;2033;3020;2755;265
7472;Mannen;30 jaar;2034;3008;2734;274
7473;Mannen;30 jaar;2035;2998;2715;283
7474;Mannen;30 jaar;2036;2996;2715;281
7475;Mannen;30 jaar;2037;2990;2702;288
7476;Mannen;30 jaar;2038;2999;2718;281
7477;Mannen;30 jaar;2039;3000;2717;283
7478;Mannen;30 jaar;2040;3000;2714;286
7479;Mannen;30 jaar;2041;2993;2699;294
7480;Mannen;30 jaar;2042;2987;2685;302
7481;Mannen;30 jaar;2043;2979;2669;310
7482;Mannen;30 jaar;2044;2989;2683;306
7483;Mannen;30 jaar;2045;2996;2694;302
7484;Mannen;30 jaar;2046;3003;2704;299
7485;Mannen;30 jaar;2047;3006;2711;295
7486;Mannen;30 jaar;2048;3011;2718;293
7487;Mannen;30 jaar;2049;3016;2725;291
7488;Mannen;30 jaar;2050;3018;2730;288
7489;Mannen;30 jaar;2051;3020;2734;286
7490;Mannen;30 jaar;2052;3024;2738;286
7491;Mannen;30 jaar;2053;3024;2742;282
7492;Mannen;30 jaar;2054;3025;2745;280
7493;Mannen;30 jaar;2055;3028;2747;281
7494;Mannen;30 jaar;2056;3028;2748;280
7495;Mannen;30 jaar;2057;3029;2750;279
7496;Mannen;30 jaar;2058;3030;2750;280
7497;Mannen;30 jaar;2059;3029;2751;278
7498;Mannen;31 jaar;2014;2694;2251;443
7499;Mannen;31 jaar;2015;2779;2373;406
7500;Mannen;31 jaar;2016;2850;2449;401
7501;Mannen;31 jaar;2017;2917;2525;392
7502;Mannen;31 jaar;2018;2890;2599;291
7503;Mannen;31 jaar;2019;2854;2670;184
7504;Mannen;31 jaar;2020;2800;2697;103
7505;Mannen;31 jaar;2021;2813;2730;83
7506;Mannen;31 jaar;2022;2813;2725;88
7507;Mannen;31 jaar;2023;2810;2731;79
7508;Mannen;31 jaar;2024;2798;2715;83
7509;Mannen;31 jaar;2025;2804;2719;85
7510;Mannen;31 jaar;2026;2794;2690;104
7511;Mannen;31 jaar;2027;2793;2687;106
7512;Mannen;31 jaar;2028;2794;2674;120
7513;Mannen;31 jaar;2029;2809;2686;123
7514;Mannen;31 jaar;2030;2813;2688;125
7515;Mannen;31 jaar;2031;2824;2705;119
7516;Mannen;31 jaar;2032;2822;2692;130
7517;Mannen;31 jaar;2033;2819;2689;130
7518;Mannen;31 jaar;2034;2816;2690;126
7519;Mannen;31 jaar;2035;2804;2673;131
7520;Mannen;31 jaar;2036;2795;2657;138
7521;Mannen;31 jaar;2037;2792;2656;136
7522;Mannen;31 jaar;2038;2785;2645;140
7523;Mannen;31 jaar;2039;2794;2661;133
7524;Mannen;31 jaar;2040;2795;2661;134
7525;Mannen;31 jaar;2041;2794;2658;136
7526;Mannen;31 jaar;2042;2787;2646;141
7527;Mannen;31 jaar;2043;2780;2634;146
7528;Mannen;31 jaar;2044;2771;2619;152
7529;Mannen;31 jaar;2045;2781;2633;148
7530;Mannen;31 jaar;2046;2785;2644;141
7531;Mannen;31 jaar;2047;2793;2653;140
7532;Mannen;31 jaar;2048;2797;2661;136
7533;Mannen;31 jaar;2049;2802;2669;133
7534;Mannen;31 jaar;2050;2809;2675;134
7535;Mannen;31 jaar;2051;2812;2681;131
7536;Mannen;31 jaar;2052;2814;2686;128
7537;Mannen;31 jaar;2053;2817;2691;126
7538;Mannen;31 jaar;2054;2818;2695;123
7539;Mannen;31 jaar;2055;2820;2698;122
7540;Mannen;31 jaar;2056;2819;2701;118
7541;Mannen;31 jaar;2057;2820;2703;117
7542;Mannen;31 jaar;2058;2821;2706;115
7543;Mannen;31 jaar;2059;2820;2707;113
7544;Mannen;32 jaar;2014;2457;2148;309
7545;Mannen;32 jaar;2015;2525;2222;303
7546;Mannen;32 jaar;2016;2595;2346;249
7547;Mannen;32 jaar;2017;2649;2428;221
7548;Mannen;32 jaar;2018;2627;2495;132
7549;Mannen;32 jaar;2019;2603;2542;61
7550;Mannen;32 jaar;2020;2551;2574;-23
7551;Mannen;32 jaar;2021;2553;2584;-31
7552;Mannen;32 jaar;2022;2565;2620;-55
7553;Mannen;32 jaar;2023;2565;2618;-53
7554;Mannen;32 jaar;2024;2562;2624;-62
7555;Mannen;32 jaar;2025;2555;2608;-53
7556;Mannen;32 jaar;2026;2559;2612;-53
7557;Mannen;32 jaar;2027;2549;2585;-36
7558;Mannen;32 jaar;2028;2549;2580;-31
7559;Mannen;32 jaar;2029;2552;2568;-16
7560;Mannen;32 jaar;2030;2567;2585;-18
7561;Mannen;32 jaar;2031;2572;2587;-15
7562;Mannen;32 jaar;2032;2582;2603;-21
7563;Mannen;32 jaar;2033;2578;2590;-12
7564;Mannen;32 jaar;2034;2577;2586;-9
7565;Mannen;32 jaar;2035;2572;2587;-15
7566;Mannen;32 jaar;2036;2562;2569;-7
7567;Mannen;32 jaar;2037;2553;2553;0
7568;Mannen;32 jaar;2038;2549;2553;-4
7569;Mannen;32 jaar;2039;2542;2540;2
7570;Mannen;32 jaar;2040;2551;2555;-4
7571;Mannen;32 jaar;2041;2550;2554;-4
7572;Mannen;32 jaar;2042;2551;2553;-2
7573;Mannen;32 jaar;2043;2543;2541;2
7574;Mannen;32 jaar;2044;2536;2528;8
7575;Mannen;32 jaar;2045;2529;2514;15
7576;Mannen;32 jaar;2046;2536;2528;8
7577;Mannen;32 jaar;2047;2541;2537;4
7578;Mannen;32 jaar;2048;2549;2546;3
7579;Mannen;32 jaar;2049;2554;2554;0
7580;Mannen;32 jaar;2050;2557;2561;-4
7581;Mannen;32 jaar;2051;2564;2567;-3
7582;Mannen;32 jaar;2052;2568;2572;-4
7583;Mannen;32 jaar;2053;2570;2577;-7
7584;Mannen;32 jaar;2054;2574;2581;-7
7585;Mannen;32 jaar;2055;2574;2584;-10
7586;Mannen;32 jaar;2056;2574;2588;-14
7587;Mannen;32 jaar;2057;2576;2589;-13
7588;Mannen;32 jaar;2058;2576;2591;-15
7589;Mannen;32 jaar;2059;2576;2593;-17
7590;Mannen;33 jaar;2014;2239;1975;264
7591;Mannen;33 jaar;2015;2295;2093;202
7592;Mannen;33 jaar;2016;2344;2172;172
7593;Mannen;33 jaar;2017;2403;2295;108
7594;Mannen;33 jaar;2018;2375;2366;9
7595;Mannen;33 jaar;2019;2355;2408;-53
7596;Mannen;33 jaar;2020;2317;2421;-104
7597;Mannen;33 jaar;2021;2313;2436;-123
7598;Mannen;33 jaar;2022;2313;2449;-136
7599;Mannen;33 jaar;2023;2328;2485;-157
7600;Mannen;33 jaar;2024;2326;2484;-158
7601;Mannen;33 jaar;2025;2326;2490;-164
7602;Mannen;33 jaar;2026;2323;2474;-151
7603;Mannen;33 jaar;2027;2323;2476;-153
7604;Mannen;33 jaar;2028;2314;2450;-136
7605;Mannen;33 jaar;2029;2316;2445;-129
7606;Mannen;33 jaar;2030;2318;2438;-120
7607;Mannen;33 jaar;2031;2334;2455;-121
7608;Mannen;33 jaar;2032;2337;2457;-120
7609;Mannen;33 jaar;2033;2346;2473;-127
7610;Mannen;33 jaar;2034;2345;2461;-116
7611;Mannen;33 jaar;2035;2342;2457;-115
7612;Mannen;33 jaar;2036;2340;2455;-115
7613;Mannen;33 jaar;2037;2332;2438;-106
7614;Mannen;33 jaar;2038;2321;2421;-100
7615;Mannen;33 jaar;2039;2318;2419;-101
7616;Mannen;33 jaar;2040;2310;2407;-97
7617;Mannen;33 jaar;2041;2320;2421;-101
7618;Mannen;33 jaar;2042;2319;2420;-101
7619;Mannen;33 jaar;2043;2318;2418;-100
7620;Mannen;33 jaar;2044;2312;2406;-94
7621;Mannen;33 jaar;2045;2305;2394;-89
7622;Mannen;33 jaar;2046;2300;2380;-80
7623;Mannen;33 jaar;2047;2306;2393;-87
7624;Mannen;33 jaar;2048;2313;2401;-88
7625;Mannen;33 jaar;2049;2318;2410;-92
7626;Mannen;33 jaar;2050;2324;2417;-93
7627;Mannen;33 jaar;2051;2330;2424;-94
7628;Mannen;33 jaar;2052;2333;2430;-97
7629;Mannen;33 jaar;2053;2336;2434;-98
7630;Mannen;33 jaar;2054;2336;2438;-102
7631;Mannen;33 jaar;2055;2337;2441;-104
7632;Mannen;33 jaar;2056;2340;2443;-103
7633;Mannen;33 jaar;2057;2343;2446;-103
7634;Mannen;33 jaar;2058;2344;2448;-104
7635;Mannen;33 jaar;2059;2345;2449;-104
7636;Mannen;34 jaar;2014;2062;1848;214
7637;Mannen;34 jaar;2015;2110;1892;218
7638;Mannen;34 jaar;2016;2150;2018;132
7639;Mannen;34 jaar;2017;2192;2102;90
7640;Mannen;34 jaar;2018;2174;2214;-40
7641;Mannen;34 jaar;2019;2150;2259;-109
7642;Mannen;34 jaar;2020;2122;2269;-147
7643;Mannen;34 jaar;2021;2124;2270;-146
7644;Mannen;34 jaar;2022;2120;2287;-167
7645;Mannen;34 jaar;2023;2124;2302;-178
7646;Mannen;34 jaar;2024;2136;2338;-202
7647;Mannen;34 jaar;2025;2138;2339;-201
7648;Mannen;34 jaar;2026;2134;2345;-211
7649;Mannen;34 jaar;2027;2134;2331;-197
7650;Mannen;34 jaar;2028;2133;2334;-201
7651;Mannen;34 jaar;2029;2126;2309;-183
7652;Mannen;34 jaar;2030;2127;2310;-183
7653;Mannen;34 jaar;2031;2131;2306;-175
7654;Mannen;34 jaar;2032;2146;2322;-176
7655;Mannen;34 jaar;2033;2149;2324;-175
7656;Mannen;34 jaar;2034;2158;2341;-183
7657;Mannen;34 jaar;2035;2157;2330;-173
7658;Mannen;34 jaar;2036;2155;2327;-172
7659;Mannen;34 jaar;2037;2153;2328;-175
7660;Mannen;34 jaar;2038;2142;2312;-170
7661;Mannen;34 jaar;2039;2132;2297;-165
7662;Mannen;34 jaar;2040;2129;2297;-168
7663;Mannen;34 jaar;2041;2124;2286;-162
7664;Mannen;34 jaar;2042;2132;2300;-168
7665;Mannen;34 jaar;2043;2133;2300;-167
7666;Mannen;34 jaar;2044;2131;2300;-169
7667;Mannen;34 jaar;2045;2124;2289;-165
7668;Mannen;34 jaar;2046;2119;2278;-159
7669;Mannen;34 jaar;2047;2111;2267;-156
7670;Mannen;34 jaar;2048;2119;2279;-160
7671;Mannen;34 jaar;2049;2124;2288;-164
7672;Mannen;34 jaar;2050;2130;2298;-168
7673;Mannen;34 jaar;2051;2135;2304;-169
7674;Mannen;34 jaar;2052;2138;2311;-173
7675;Mannen;34 jaar;2053;2143;2318;-175
7676;Mannen;34 jaar;2054;2147;2322;-175
7677;Mannen;34 jaar;2055;2150;2326;-176
7678;Mannen;34 jaar;2056;2150;2330;-180
7679;Mannen;34 jaar;2057;2151;2335;-184
7680;Mannen;34 jaar;2058;2155;2337;-182
7681;Mannen;34 jaar;2059;2155;2339;-184
7682;Mannen;35 jaar;2014;1860;1716;144
7683;Mannen;35 jaar;2015;1922;1803;119
7684;Mannen;35 jaar;2016;1960;1860;100
7685;Mannen;35 jaar;2017;1992;1989;3
7686;Mannen;35 jaar;2018;1968;2066;-98
7687;Mannen;35 jaar;2019;1953;2151;-198
7688;Mannen;35 jaar;2020;1919;2164;-245
7689;Mannen;35 jaar;2021;1927;2163;-236
7690;Mannen;35 jaar;2022;1928;2169;-241
7691;Mannen;35 jaar;2023;1927;2189;-262
7692;Mannen;35 jaar;2024;1929;2206;-277
7693;Mannen;35 jaar;2025;1943;2241;-298
7694;Mannen;35 jaar;2026;1943;2242;-299
7695;Mannen;35 jaar;2027;1942;2249;-307
7696;Mannen;35 jaar;2028;1941;2237;-296
7697;Mannen;35 jaar;2029;1942;2239;-297
7698;Mannen;35 jaar;2030;1935;2222;-287
7699;Mannen;35 jaar;2031;1939;2224;-285
7700;Mannen;35 jaar;2032;1940;2221;-281
7701;Mannen;35 jaar;2033;1952;2237;-285
7702;Mannen;35 jaar;2034;1959;2241;-282
7703;Mannen;35 jaar;2035;1967;2259;-292
7704;Mannen;35 jaar;2036;1965;2250;-285
7705;Mannen;35 jaar;2037;1964;2248;-284
7706;Mannen;35 jaar;2038;1963;2248;-285
7707;Mannen;35 jaar;2039;1952;2235;-283
7708;Mannen;35 jaar;2040;1942;2221;-279
7709;Mannen;35 jaar;2041;1939;2222;-283
7710;Mannen;35 jaar;2042;1933;2213;-280
7711;Mannen;35 jaar;2043;1938;2228;-290
7712;Mannen;35 jaar;2044;1938;2229;-291
7713;Mannen;35 jaar;2045;1936;2229;-293
7714;Mannen;35 jaar;2046;1933;2220;-287
7715;Mannen;35 jaar;2047;1927;2211;-284
7716;Mannen;35 jaar;2048;1919;2200;-281
7717;Mannen;35 jaar;2049;1926;2213;-287
7718;Mannen;35 jaar;2050;1930;2223;-293
7719;Mannen;35 jaar;2051;1938;2233;-295
7720;Mannen;35 jaar;2052;1941;2241;-300
7721;Mannen;35 jaar;2053;1947;2248;-301
7722;Mannen;35 jaar;2054;1949;2256;-307
7723;Mannen;35 jaar;2055;1952;2260;-308
7724;Mannen;35 jaar;2056;1953;2265;-312
7725;Mannen;35 jaar;2057;1956;2271;-315
7726;Mannen;35 jaar;2058;1957;2275;-318
7727;Mannen;35 jaar;2059;1958;2279;-321
7728;Mannen;36 jaar;2014;1738;1649;89
7729;Mannen;36 jaar;2015;1786;1714;72
7730;Mannen;36 jaar;2016;1838;1814;24
7731;Mannen;36 jaar;2017;1872;1879;-7
7732;Mannen;36 jaar;2018;1843;2001;-158
7733;Mannen;36 jaar;2019;1819;2057;-238
7734;Mannen;36 jaar;2020;1790;2112;-322
7735;Mannen;36 jaar;2021;1795;2114;-319
7736;Mannen;36 jaar;2022;1800;2116;-316
7737;Mannen;36 jaar;2023;1804;2124;-320
7738;Mannen;36 jaar;2024;1801;2146;-345
7739;Mannen;36 jaar;2025;1805;2162;-357
7740;Mannen;36 jaar;2026;1820;2196;-376
7741;Mannen;36 jaar;2027;1823;2197;-374
7742;Mannen;36 jaar;2028;1820;2204;-384
7743;Mannen;36 jaar;2029;1817;2191;-374
7744;Mannen;36 jaar;2030;1818;2198;-380
7745;Mannen;36 jaar;2031;1812;2181;-369
7746;Mannen;36 jaar;2032;1814;2182;-368
7747;Mannen;36 jaar;2033;1817;2180;-363
7748;Mannen;36 jaar;2034;1829;2197;-368
7749;Mannen;36 jaar;2035;1834;2201;-367
7750;Mannen;36 jaar;2036;1843;2217;-374
7751;Mannen;36 jaar;2037;1842;2209;-367
7752;Mannen;36 jaar;2038;1840;2208;-368
7753;Mannen;36 jaar;2039;1836;2208;-372
7754;Mannen;36 jaar;2040;1826;2195;-369
7755;Mannen;36 jaar;2041;1817;2183;-366
7756;Mannen;36 jaar;2042;1815;2184;-369
7757;Mannen;36 jaar;2043;1808;2176;-368
7758;Mannen;36 jaar;2044;1814;2190;-376
7759;Mannen;36 jaar;2045;1814;2192;-378
7760;Mannen;36 jaar;2046;1816;2192;-376
7761;Mannen;36 jaar;2047;1809;2185;-376
7762;Mannen;36 jaar;2048;1803;2176;-373
7763;Mannen;36 jaar;2049;1796;2166;-370
7764;Mannen;36 jaar;2050;1803;2178;-375
7765;Mannen;36 jaar;2051;1807;2188;-381
7766;Mannen;36 jaar;2052;1814;2198;-384
7767;Mannen;36 jaar;2053;1819;2205;-386
7768;Mannen;36 jaar;2054;1825;2213;-388
7769;Mannen;36 jaar;2055;1827;2220;-393
7770;Mannen;36 jaar;2056;1827;2226;-399
7771;Mannen;36 jaar;2057;1830;2231;-401
7772;Mannen;36 jaar;2058;1832;2236;-404
7773;Mannen;36 jaar;2059;1833;2241;-408
7774;Mannen;37 jaar;2014;1645;1539;106
7775;Mannen;37 jaar;2015;1694;1617;77
7776;Mannen;37 jaar;2016;1734;1689;45
7777;Mannen;37 jaar;2017;1780;1792;-12
7778;Mannen;37 jaar;2018;1757;1848;-91
7779;Mannen;37 jaar;2019;1731;1942;-211
7780;Mannen;37 jaar;2020;1695;1967;-272
7781;Mannen;37 jaar;2021;1703;2009;-306
7782;Mannen;37 jaar;2022;1700;2016;-316
7783;Mannen;37 jaar;2023;1707;2022;-315
7784;Mannen;37 jaar;2024;1711;2031;-320
7785;Mannen;37 jaar;2025;1710;2052;-342
7786;Mannen;37 jaar;2026;1714;2069;-355
7787;Mannen;37 jaar;2027;1729;2100;-371
7788;Mannen;37 jaar;2028;1732;2101;-369
7789;Mannen;37 jaar;2029;1731;2108;-377
7790;Mannen;37 jaar;2030;1729;2099;-370
7791;Mannen;37 jaar;2031;1730;2106;-376
7792;Mannen;37 jaar;2032;1722;2090;-368
7793;Mannen;37 jaar;2033;1724;2092;-368
7794;Mannen;37 jaar;2034;1725;2091;-366
7795;Mannen;37 jaar;2035;1738;2107;-369
7796;Mannen;37 jaar;2036;1743;2112;-369
7797;Mannen;37 jaar;2037;1752;2128;-376
7798;Mannen;37 jaar;2038;1751;2120;-369
7799;Mannen;37 jaar;2039;1748;2118;-370
7800;Mannen;37 jaar;2040;1747;2120;-373
7801;Mannen;37 jaar;2041;1737;2108;-371
7802;Mannen;37 jaar;2042;1728;2097;-369
7803;Mannen;37 jaar;2043;1725;2098;-373
7804;Mannen;37 jaar;2044;1720;2090;-370
7805;Mannen;37 jaar;2045;1728;2104;-376
7806;Mannen;37 jaar;2046;1728;2106;-378
7807;Mannen;37 jaar;2047;1728;2107;-379
7808;Mannen;37 jaar;2048;1720;2099;-379
7809;Mannen;37 jaar;2049;1716;2091;-375
7810;Mannen;37 jaar;2050;1709;2082;-373
7811;Mannen;37 jaar;2051;1716;2095;-379
7812;Mannen;37 jaar;2052;1720;2105;-385
7813;Mannen;37 jaar;2053;1725;2114;-389
7814;Mannen;37 jaar;2054;1729;2122;-393
7815;Mannen;37 jaar;2055;1734;2129;-395
7816;Mannen;37 jaar;2056;1736;2136;-400
7817;Mannen;37 jaar;2057;1738;2142;-404
7818;Mannen;37 jaar;2058;1740;2147;-407
7819;Mannen;37 jaar;2059;1741;2152;-411
7820;Mannen;38 jaar;2014;1538;1428;110
7821;Mannen;38 jaar;2015;1576;1457;119
7822;Mannen;38 jaar;2016;1615;1535;80
7823;Mannen;38 jaar;2017;1643;1606;37
7824;Mannen;38 jaar;2018;1642;1694;-52
7825;Mannen;38 jaar;2019;1622;1729;-107
7826;Mannen;38 jaar;2020;1582;1785;-203
7827;Mannen;38 jaar;2021;1581;1801;-220
7828;Mannen;38 jaar;2022;1585;1842;-257
7829;Mannen;38 jaar;2023;1588;1854;-266
7830;Mannen;38 jaar;2024;1592;1863;-271
7831;Mannen;38 jaar;2025;1601;1872;-271
7832;Mannen;38 jaar;2026;1599;1891;-292
7833;Mannen;38 jaar;2027;1603;1905;-302
7834;Mannen;38 jaar;2028;1617;1934;-317
7835;Mannen;38 jaar;2029;1619;1935;-316
7836;Mannen;38 jaar;2030;1619;1944;-325
7837;Mannen;38 jaar;2031;1618;1938;-320
7838;Mannen;38 jaar;2032;1619;1944;-325
7839;Mannen;38 jaar;2033;1612;1929;-317
7840;Mannen;38 jaar;2034;1613;1932;-319
7841;Mannen;38 jaar;2035;1616;1933;-317
7842;Mannen;38 jaar;2036;1628;1948;-320
7843;Mannen;38 jaar;2037;1632;1953;-321
7844;Mannen;38 jaar;2038;1641;1969;-328
7845;Mannen;38 jaar;2039;1640;1962;-322
7846;Mannen;38 jaar;2040;1639;1960;-321
7847;Mannen;38 jaar;2041;1637;1961;-324
7848;Mannen;38 jaar;2042;1626;1950;-324
7849;Mannen;38 jaar;2043;1615;1940;-325
7850;Mannen;38 jaar;2044;1614;1940;-326
7851;Mannen;38 jaar;2045;1608;1933;-325
7852;Mannen;38 jaar;2046;1615;1946;-331
7853;Mannen;38 jaar;2047;1616;1948;-332
7854;Mannen;38 jaar;2048;1615;1950;-335
7855;Mannen;38 jaar;2049;1609;1943;-334
7856;Mannen;38 jaar;2050;1604;1935;-331
7857;Mannen;38 jaar;2051;1598;1926;-328
7858;Mannen;38 jaar;2052;1606;1938;-332
7859;Mannen;38 jaar;2053;1608;1947;-339
7860;Mannen;38 jaar;2054;1614;1957;-343
7861;Mannen;38 jaar;2055;1620;1964;-344
7862;Mannen;38 jaar;2056;1624;1971;-347
7863;Mannen;38 jaar;2057;1626;1978;-352
7864;Mannen;38 jaar;2058;1628;1983;-355
7865;Mannen;38 jaar;2059;1630;1987;-357
7866;Mannen;39 jaar;2014;1418;1362;56
7867;Mannen;39 jaar;2015;1454;1374;80
7868;Mannen;39 jaar;2016;1484;1409;75
7869;Mannen;39 jaar;2017;1514;1484;30
7870;Mannen;39 jaar;2018;1500;1543;-43
7871;Mannen;39 jaar;2019;1496;1607;-111
7872;Mannen;39 jaar;2020;1470;1618;-148
7873;Mannen;39 jaar;2021;1458;1657;-199
7874;Mannen;39 jaar;2022;1455;1674;-219
7875;Mannen;39 jaar;2023;1458;1713;-255
7876;Mannen;39 jaar;2024;1461;1726;-265
7877;Mannen;39 jaar;2025;1470;1736;-266
7878;Mannen;39 jaar;2026;1473;1745;-272
7879;Mannen;39 jaar;2027;1475;1761;-286
7880;Mannen;39 jaar;2028;1477;1772;-295
7881;Mannen;39 jaar;2029;1495;1799;-304
7882;Mannen;39 jaar;2030;1494;1803;-309
7883;Mannen;39 jaar;2031;1491;1810;-319
7884;Mannen;39 jaar;2032;1489;1803;-314
7885;Mannen;39 jaar;2033;1491;1810;-319
7886;Mannen;39 jaar;2034;1486;1797;-311
7887;Mannen;39 jaar;2035;1486;1800;-314
7888;Mannen;39 jaar;2036;1489;1800;-311
7889;Mannen;39 jaar;2037;1503;1815;-312
7890;Mannen;39 jaar;2038;1509;1820;-311
7891;Mannen;39 jaar;2039;1516;1834;-318
7892;Mannen;39 jaar;2040;1516;1829;-313
7893;Mannen;39 jaar;2041;1511;1827;-316
7894;Mannen;39 jaar;2042;1511;1828;-317
7895;Mannen;39 jaar;2043;1502;1816;-314
7896;Mannen;39 jaar;2044;1492;1807;-315
7897;Mannen;39 jaar;2045;1491;1806;-315
7898;Mannen;39 jaar;2046;1485;1799;-314
7899;Mannen;39 jaar;2047;1490;1812;-322
7900;Mannen;39 jaar;2048;1492;1814;-322
7901;Mannen;39 jaar;2049;1492;1815;-323
7902;Mannen;39 jaar;2050;1485;1808;-323
7903;Mannen;39 jaar;2051;1480;1801;-321
7904;Mannen;39 jaar;2052;1474;1793;-319
7905;Mannen;39 jaar;2053;1481;1804;-323
7906;Mannen;39 jaar;2054;1486;1813;-327
7907;Mannen;39 jaar;2055;1490;1821;-331
7908;Mannen;39 jaar;2056;1494;1828;-334
7909;Mannen;39 jaar;2057;1496;1834;-338
7910;Mannen;39 jaar;2058;1500;1841;-341
7911;Mannen;39 jaar;2059;1502;1846;-344
7912;Mannen;40 jaar;2014;1330;1311;19
7913;Mannen;40 jaar;2015;1353;1326;27
7914;Mannen;40 jaar;2016;1381;1346;35
7915;Mannen;40 jaar;2017;1403;1386;17
7916;Mannen;40 jaar;2018;1397;1453;-56
7917;Mannen;40 jaar;2019;1382;1498;-116
7918;Mannen;40 jaar;2020;1367;1540;-173
7919;Mannen;40 jaar;2021;1366;1543;-177
7920;Mannen;40 jaar;2022;1355;1579;-224
7921;Mannen;40 jaar;2023;1354;1597;-243
7922;Mannen;40 jaar;2024;1357;1635;-278
7923;Mannen;40 jaar;2025;1360;1648;-288
7924;Mannen;40 jaar;2026;1370;1657;-287
7925;Mannen;40 jaar;2027;1371;1665;-294
7926;Mannen;40 jaar;2028;1375;1679;-304
7927;Mannen;40 jaar;2029;1377;1690;-313
7928;Mannen;40 jaar;2030;1391;1718;-327
7929;Mannen;40 jaar;2031;1392;1723;-331
7930;Mannen;40 jaar;2032;1391;1730;-339
7931;Mannen;40 jaar;2033;1388;1724;-336
7932;Mannen;40 jaar;2034;1394;1730;-336
7933;Mannen;40 jaar;2035;1386;1718;-332
7934;Mannen;40 jaar;2036;1389;1720;-331
7935;Mannen;40 jaar;2037;1390;1721;-331
7936;Mannen;40 jaar;2038;1402;1735;-333
7937;Mannen;40 jaar;2039;1409;1740;-331
7938;Mannen;40 jaar;2040;1416;1755;-339
7939;Mannen;40 jaar;2041;1414;1749;-335
7940;Mannen;40 jaar;2042;1409;1747;-338
7941;Mannen;40 jaar;2043;1410;1748;-338
7942;Mannen;40 jaar;2044;1400;1737;-337
7943;Mannen;40 jaar;2045;1393;1728;-335
7944;Mannen;40 jaar;2046;1390;1728;-338
7945;Mannen;40 jaar;2047;1383;1722;-339
7946;Mannen;40 jaar;2048;1392;1734;-342
7947;Mannen;40 jaar;2049;1390;1735;-345
7948;Mannen;40 jaar;2050;1390;1736;-346
7949;Mannen;40 jaar;2051;1386;1730;-344
7950;Mannen;40 jaar;2052;1380;1723;-343
7951;Mannen;40 jaar;2053;1374;1715;-341
7952;Mannen;40 jaar;2054;1382;1726;-344
7953;Mannen;40 jaar;2055;1386;1734;-348
7954;Mannen;40 jaar;2056;1391;1743;-352
7955;Mannen;40 jaar;2057;1394;1749;-355
7956;Mannen;40 jaar;2058;1395;1756;-361
7957;Mannen;40 jaar;2059;1400;1761;-361
7958;Mannen;41 jaar;2014;1259;1282;-23
7959;Mannen;41 jaar;2015;1282;1265;17
7960;Mannen;41 jaar;2016;1292;1288;4
7961;Mannen;41 jaar;2017;1320;1315;5
7962;Mannen;41 jaar;2018;1303;1350;-47
7963;Mannen;41 jaar;2019;1294;1402;-108
7964;Mannen;41 jaar;2020;1274;1426;-152
7965;Mannen;41 jaar;2021;1285;1460;-175
7966;Mannen;41 jaar;2022;1281;1466;-185
7967;Mannen;41 jaar;2023;1272;1501;-229
7968;Mannen;41 jaar;2024;1267;1518;-251
7969;Mannen;41 jaar;2025;1274;1554;-280
7970;Mannen;41 jaar;2026;1278;1565;-287
7971;Mannen;41 jaar;2027;1285;1574;-289
7972;Mannen;41 jaar;2028;1289;1582;-293
7973;Mannen;41 jaar;2029;1290;1594;-304
7974;Mannen;41 jaar;2030;1293;1607;-314
7975;Mannen;41 jaar;2031;1306;1635;-329
7976;Mannen;41 jaar;2032;1308;1638;-330
7977;Mannen;41 jaar;2033;1308;1645;-337
7978;Mannen;41 jaar;2034;1305;1639;-334
7979;Mannen;41 jaar;2035;1307;1645;-338
7980;Mannen;41 jaar;2036;1303;1634;-331
7981;Mannen;41 jaar;2037;1303;1636;-333
7982;Mannen;41 jaar;2038;1305;1637;-332
7983;Mannen;41 jaar;2039;1317;1651;-334
7984;Mannen;41 jaar;2040;1321;1657;-336
7985;Mannen;41 jaar;2041;1328;1671;-343
7986;Mannen;41 jaar;2042;1325;1666;-341
7987;Mannen;41 jaar;2043;1325;1665;-340
7988;Mannen;41 jaar;2044;1324;1665;-341
7989;Mannen;41 jaar;2045;1313;1655;-342
7990;Mannen;41 jaar;2046;1306;1646;-340
7991;Mannen;41 jaar;2047;1304;1646;-342
7992;Mannen;41 jaar;2048;1300;1639;-339
7993;Mannen;41 jaar;2049;1308;1651;-343
7994;Mannen;41 jaar;2050;1306;1653;-347
7995;Mannen;41 jaar;2051;1305;1654;-349
7996;Mannen;41 jaar;2052;1301;1648;-347
7997;Mannen;41 jaar;2053;1294;1642;-348
7998;Mannen;41 jaar;2054;1290;1633;-343
7999;Mannen;41 jaar;2055;1296;1645;-349
8000;Mannen;41 jaar;2056;1300;1653;-353
8001;Mannen;41 jaar;2057;1306;1660;-354
8002;Mannen;41 jaar;2058;1309;1667;-358
8003;Mannen;41 jaar;2059;1313;1674;-361
8004;Mannen;42 jaar;2014;1231;1232;-1
8005;Mannen;42 jaar;2015;1232;1219;13
8006;Mannen;42 jaar;2016;1251;1213;38
8007;Mannen;42 jaar;2017;1260;1241;19
8008;Mannen;42 jaar;2018;1252;1266;-14
8009;Mannen;42 jaar;2019;1237;1288;-51
8010;Mannen;42 jaar;2020;1225;1320;-95
8011;Mannen;42 jaar;2021;1225;1337;-112
8012;Mannen;42 jaar;2022;1232;1372;-140
8013;Mannen;42 jaar;2023;1230;1378;-148
8014;Mannen;42 jaar;2024;1221;1409;-188
8015;Mannen;42 jaar;2025;1218;1425;-207
8016;Mannen;42 jaar;2026;1223;1456;-233
8017;Mannen;42 jaar;2027;1229;1467;-238
8018;Mannen;42 jaar;2028;1235;1476;-241
8019;Mannen;42 jaar;2029;1240;1483;-243
8020;Mannen;42 jaar;2030;1239;1496;-257
8021;Mannen;42 jaar;2031;1244;1508;-264
8022;Mannen;42 jaar;2032;1256;1533;-277
8023;Mannen;42 jaar;2033;1260;1537;-277
8024;Mannen;42 jaar;2034;1259;1543;-284
8025;Mannen;42 jaar;2035;1256;1538;-282
8026;Mannen;42 jaar;2036;1259;1544;-285
8027;Mannen;42 jaar;2037;1253;1533;-280
8028;Mannen;42 jaar;2038;1255;1535;-280
8029;Mannen;42 jaar;2039;1257;1536;-279
8030;Mannen;42 jaar;2040;1268;1551;-283
8031;Mannen;42 jaar;2041;1272;1557;-285
8032;Mannen;42 jaar;2042;1280;1569;-289
8033;Mannen;42 jaar;2043;1278;1566;-288
8034;Mannen;42 jaar;2044;1275;1565;-290
8035;Mannen;42 jaar;2045;1276;1565;-289
8036;Mannen;42 jaar;2046;1266;1555;-289
8037;Mannen;42 jaar;2047;1259;1546;-287
8038;Mannen;42 jaar;2048;1255;1546;-291
8039;Mannen;42 jaar;2049;1252;1540;-288
8040;Mannen;42 jaar;2050;1258;1552;-294
8041;Mannen;42 jaar;2051;1256;1554;-298
8042;Mannen;42 jaar;2052;1254;1555;-301
8043;Mannen;42 jaar;2053;1250;1550;-300
8044;Mannen;42 jaar;2054;1245;1543;-298
8045;Mannen;42 jaar;2055;1240;1536;-296
8046;Mannen;42 jaar;2056;1247;1546;-299
8047;Mannen;42 jaar;2057;1250;1554;-304
8048;Mannen;42 jaar;2058;1253;1562;-309
8049;Mannen;42 jaar;2059;1258;1568;-310
8050;Mannen;43 jaar;2014;1174;1209;-35
8051;Mannen;43 jaar;2015;1183;1182;1
8052;Mannen;43 jaar;2016;1183;1176;7
8053;Mannen;43 jaar;2017;1198;1177;21
8054;Mannen;43 jaar;2018;1179;1198;-19
8055;Mannen;43 jaar;2019;1169;1213;-44
8056;Mannen;43 jaar;2020;1147;1219;-72
8057;Mannen;43 jaar;2021;1152;1242;-90
8058;Mannen;43 jaar;2022;1151;1260;-109
8059;Mannen;43 jaar;2023;1162;1291;-129
8060;Mannen;43 jaar;2024;1155;1297;-142
8061;Mannen;43 jaar;2025;1148;1322;-174
8062;Mannen;43 jaar;2026;1148;1336;-188
8063;Mannen;43 jaar;2027;1153;1364;-211
8064;Mannen;43 jaar;2028;1157;1374;-217
8065;Mannen;43 jaar;2029;1163;1382;-219
8066;Mannen;43 jaar;2030;1168;1391;-223
8067;Mannen;43 jaar;2031;1165;1402;-237
8068;Mannen;43 jaar;2032;1172;1413;-241
8069;Mannen;43 jaar;2033;1185;1437;-252
8070;Mannen;43 jaar;2034;1188;1441;-253
8071;Mannen;43 jaar;2035;1186;1446;-260
8072;Mannen;43 jaar;2036;1184;1441;-257
8073;Mannen;43 jaar;2037;1187;1447;-260
8074;Mannen;43 jaar;2038;1179;1437;-258
8075;Mannen;43 jaar;2039;1182;1439;-257
8076;Mannen;43 jaar;2040;1186;1440;-254
8077;Mannen;43 jaar;2041;1195;1455;-260
8078;Mannen;43 jaar;2042;1198;1460;-262
8079;Mannen;43 jaar;2043;1207;1473;-266
8080;Mannen;43 jaar;2044;1205;1469;-264
8081;Mannen;43 jaar;2045;1204;1468;-264
8082;Mannen;43 jaar;2046;1200;1469;-269
8083;Mannen;43 jaar;2047;1190;1459;-269
8084;Mannen;43 jaar;2048;1186;1450;-264
8085;Mannen;43 jaar;2049;1186;1450;-264
8086;Mannen;43 jaar;2050;1178;1444;-266
8087;Mannen;43 jaar;2051;1183;1456;-273
8088;Mannen;43 jaar;2052;1182;1457;-275
8089;Mannen;43 jaar;2053;1182;1458;-276
8090;Mannen;43 jaar;2054;1178;1452;-274
8091;Mannen;43 jaar;2055;1174;1447;-273
8092;Mannen;43 jaar;2056;1168;1440;-272
8093;Mannen;43 jaar;2057;1173;1450;-277
8094;Mannen;43 jaar;2058;1179;1457;-278
8095;Mannen;43 jaar;2059;1182;1465;-283
8096;Mannen;44 jaar;2014;1081;1218;-137
8097;Mannen;44 jaar;2015;1091;1172;-81
8098;Mannen;44 jaar;2016;1094;1155;-61
8099;Mannen;44 jaar;2017;1094;1153;-59
8100;Mannen;44 jaar;2018;1080;1152;-72
8101;Mannen;44 jaar;2019;1065;1161;-96
8102;Mannen;44 jaar;2020;1047;1159;-112
8103;Mannen;44 jaar;2021;1045;1158;-113
8104;Mannen;44 jaar;2022;1049;1180;-131
8105;Mannen;44 jaar;2023;1048;1195;-147
8106;Mannen;44 jaar;2024;1056;1225;-169
8107;Mannen;44 jaar;2025;1053;1229;-176
8108;Mannen;44 jaar;2026;1044;1250;-206
8109;Mannen;44 jaar;2027;1042;1262;-220
8110;Mannen;44 jaar;2028;1046;1286;-240
8111;Mannen;44 jaar;2029;1049;1295;-246
8112;Mannen;44 jaar;2030;1058;1305;-247
8113;Mannen;44 jaar;2031;1064;1312;-248
8114;Mannen;44 jaar;2032;1066;1321;-255
8115;Mannen;44 jaar;2033;1069;1331;-262
8116;Mannen;44 jaar;2034;1082;1353;-271
8117;Mannen;44 jaar;2035;1084;1357;-273
8118;Mannen;44 jaar;2036;1081;1362;-281
8119;Mannen;44 jaar;2037;1080;1357;-277
8120;Mannen;44 jaar;2038;1080;1362;-282
8121;Mannen;44 jaar;2039;1079;1352;-273
8122;Mannen;44 jaar;2040;1082;1355;-273
8123;Mannen;44 jaar;2041;1083;1356;-273
8124;Mannen;44 jaar;2042;1092;1369;-277
8125;Mannen;44 jaar;2043;1097;1375;-278
8126;Mannen;44 jaar;2044;1102;1386;-284
8127;Mannen;44 jaar;2045;1100;1383;-283
8128;Mannen;44 jaar;2046;1100;1381;-281
8129;Mannen;44 jaar;2047;1097;1382;-285
8130;Mannen;44 jaar;2048;1091;1373;-282
8131;Mannen;44 jaar;2049;1085;1364;-279
8132;Mannen;44 jaar;2050;1082;1364;-282
8133;Mannen;44 jaar;2051;1076;1358;-282
8134;Mannen;44 jaar;2052;1082;1368;-286
8135;Mannen;44 jaar;2053;1081;1370;-289
8136;Mannen;44 jaar;2054;1081;1371;-290
8137;Mannen;44 jaar;2055;1077;1365;-288
8138;Mannen;44 jaar;2056;1071;1360;-289
8139;Mannen;44 jaar;2057;1067;1353;-286
8140;Mannen;44 jaar;2058;1073;1362;-289
8141;Mannen;44 jaar;2059;1074;1369;-295
8142;Mannen;45 jaar;2014;1006;1168;-162
8143;Mannen;45 jaar;2015;1016;1170;-154
8144;Mannen;45 jaar;2016;1022;1137;-115
8145;Mannen;45 jaar;2017;1023;1125;-102
8146;Mannen;45 jaar;2018;995;1120;-125
8147;Mannen;45 jaar;2019;981;1109;-128
8148;Mannen;45 jaar;2020;962;1101;-139
8149;Mannen;45 jaar;2021;961;1093;-132
8150;Mannen;45 jaar;2022;960;1094;-134
8151;Mannen;45 jaar;2023;964;1113;-149
8152;Mannen;45 jaar;2024;962;1128;-166
8153;Mannen;45 jaar;2025;971;1153;-182
8154;Mannen;45 jaar;2026;970;1156;-186
8155;Mannen;45 jaar;2027;963;1173;-210
8156;Mannen;45 jaar;2028;961;1182;-221
8157;Mannen;45 jaar;2029;963;1203;-240
8158;Mannen;45 jaar;2030;967;1214;-247
8159;Mannen;45 jaar;2031;974;1222;-248
8160;Mannen;45 jaar;2032;978;1229;-251
8161;Mannen;45 jaar;2033;975;1237;-262
8162;Mannen;45 jaar;2034;981;1246;-265
8163;Mannen;45 jaar;2035;991;1267;-276
8164;Mannen;45 jaar;2036;995;1271;-276
8165;Mannen;45 jaar;2037;994;1275;-281
8166;Mannen;45 jaar;2038;993;1271;-278
8167;Mannen;45 jaar;2039;996;1276;-280
8168;Mannen;45 jaar;2040;991;1268;-277
8169;Mannen;45 jaar;2041;991;1270;-279
8170;Mannen;45 jaar;2042;993;1271;-278
8171;Mannen;45 jaar;2043;1004;1285;-281
8172;Mannen;45 jaar;2044;1007;1289;-282
8173;Mannen;45 jaar;2045;1014;1300;-286
8174;Mannen;45 jaar;2046;1013;1298;-285
8175;Mannen;45 jaar;2047;1010;1296;-286
8176;Mannen;45 jaar;2048;1009;1297;-288
8177;Mannen;45 jaar;2049;1003;1288;-285
8178;Mannen;45 jaar;2050;994;1281;-287
8179;Mannen;45 jaar;2051;993;1281;-288
8180;Mannen;45 jaar;2052;987;1277;-290
8181;Mannen;45 jaar;2053;992;1286;-294
8182;Mannen;45 jaar;2054;993;1287;-294
8183;Mannen;45 jaar;2055;991;1288;-297
8184;Mannen;45 jaar;2056;987;1283;-296
8185;Mannen;45 jaar;2057;984;1278;-294
8186;Mannen;45 jaar;2058;980;1273;-293
8187;Mannen;45 jaar;2059;982;1281;-299
8188;Mannen;46 jaar;2014;932;1079;-147
8189;Mannen;46 jaar;2015;961;1093;-132
8190;Mannen;46 jaar;2016;967;1102;-135
8191;Mannen;46 jaar;2017;973;1080;-107
8192;Mannen;46 jaar;2018;953;1066;-113
8193;Mannen;46 jaar;2019;925;1053;-128
8194;Mannen;46 jaar;2020;908;1032;-124
8195;Mannen;46 jaar;2021;902;1017;-115
8196;Mannen;46 jaar;2022;900;1013;-113
8197;Mannen;46 jaar;2023;897;1016;-119
8198;Mannen;46 jaar;2024;899;1033;-134
8199;Mannen;46 jaar;2025;901;1045;-144
8200;Mannen;46 jaar;2026;908;1067;-159
8201;Mannen;46 jaar;2027;906;1068;-162
8202;Mannen;46 jaar;2028;898;1081;-183
8203;Mannen;46 jaar;2029;896;1087;-191
8204;Mannen;46 jaar;2030;903;1109;-206
8205;Mannen;46 jaar;2031;908;1119;-211
8206;Mannen;46 jaar;2032;915;1128;-213
8207;Mannen;46 jaar;2033;918;1134;-216
8208;Mannen;46 jaar;2034;920;1142;-222
8209;Mannen;46 jaar;2035;923;1150;-227
8210;Mannen;46 jaar;2036;933;1170;-237
8211;Mannen;46 jaar;2037;933;1173;-240
8212;Mannen;46 jaar;2038;935;1178;-243
8213;Mannen;46 jaar;2039;933;1174;-241
8214;Mannen;46 jaar;2040;936;1180;-244
8215;Mannen;46 jaar;2041;931;1172;-241
8216;Mannen;46 jaar;2042;932;1176;-244
8217;Mannen;46 jaar;2043;935;1177;-242
8218;Mannen;46 jaar;2044;944;1190;-246
8219;Mannen;46 jaar;2045;950;1195;-245
8220;Mannen;46 jaar;2046;956;1207;-251
8221;Mannen;46 jaar;2047;953;1204;-251
8222;Mannen;46 jaar;2048;952;1203;-251
8223;Mannen;46 jaar;2049;952;1204;-252
8224;Mannen;46 jaar;2050;945;1196;-251
8225;Mannen;46 jaar;2051;938;1189;-251
8226;Mannen;46 jaar;2052;935;1190;-255
8227;Mannen;46 jaar;2053;930;1185;-255
8228;Mannen;46 jaar;2054;936;1195;-259
8229;Mannen;46 jaar;2055;935;1196;-261
8230;Mannen;46 jaar;2056;934;1197;-263
8231;Mannen;46 jaar;2057;931;1194;-263
8232;Mannen;46 jaar;2058;927;1189;-262
8233;Mannen;46 jaar;2059;921;1184;-263
8234;Mannen;47 jaar;2014;886;978;-92
8235;Mannen;47 jaar;2015;903;1005;-102
8236;Mannen;47 jaar;2016;929;1025;-96
8237;Mannen;47 jaar;2017;934;1041;-107
8238;Mannen;47 jaar;2018;916;1020;-104
8239;Mannen;47 jaar;2019;896;1002;-106
8240;Mannen;47 jaar;2020;866;980;-114
8241;Mannen;47 jaar;2021;860;958;-98
8242;Mannen;47 jaar;2022;852;946;-94
8243;Mannen;47 jaar;2023;854;944;-90
8244;Mannen;47 jaar;2024;848;948;-100
8245;Mannen;47 jaar;2025;853;963;-110
8246;Mannen;47 jaar;2026;856;975;-119
8247;Mannen;47 jaar;2027;865;994;-129
8248;Mannen;47 jaar;2028;861;995;-134
8249;Mannen;47 jaar;2029;853;1005;-152
8250;Mannen;47 jaar;2030;854;1015;-161
8251;Mannen;47 jaar;2031;858;1034;-176
8252;Mannen;47 jaar;2032;860;1044;-184
8253;Mannen;47 jaar;2033;869;1053;-184
8254;Mannen;47 jaar;2034;874;1059;-185
8255;Mannen;47 jaar;2035;874;1066;-192
8256;Mannen;47 jaar;2036;878;1074;-196
8257;Mannen;47 jaar;2037;888;1092;-204
8258;Mannen;47 jaar;2038;891;1096;-205
8259;Mannen;47 jaar;2039;892;1100;-208
8260;Mannen;47 jaar;2040;890;1096;-206
8261;Mannen;47 jaar;2041;891;1102;-211
8262;Mannen;47 jaar;2042;887;1096;-209
8263;Mannen;47 jaar;2043;889;1099;-210
8264;Mannen;47 jaar;2044;890;1102;-212
8265;Mannen;47 jaar;2045;902;1114;-212
8266;Mannen;47 jaar;2046;905;1120;-215
8267;Mannen;47 jaar;2047;908;1130;-222
8268;Mannen;47 jaar;2048;907;1127;-220
8269;Mannen;47 jaar;2049;907;1127;-220
8270;Mannen;47 jaar;2050;906;1128;-222
8271;Mannen;47 jaar;2051;900;1122;-222
8272;Mannen;47 jaar;2052;893;1116;-223
8273;Mannen;47 jaar;2053;891;1117;-226
8274;Mannen;47 jaar;2054;886;1113;-227
8275;Mannen;47 jaar;2055;890;1122;-232
8276;Mannen;47 jaar;2056;891;1124;-233
8277;Mannen;47 jaar;2057;891;1125;-234
8278;Mannen;47 jaar;2058;886;1121;-235
8279;Mannen;47 jaar;2059;882;1118;-236
8280;Mannen;48 jaar;2014;832;951;-119
8281;Mannen;48 jaar;2015;850;933;-83
8282;Mannen;48 jaar;2016;862;964;-102
8283;Mannen;48 jaar;2017;885;990;-105
8284;Mannen;48 jaar;2018;870;1005;-135
8285;Mannen;48 jaar;2019;854;981;-127
8286;Mannen;48 jaar;2020;832;955;-123
8287;Mannen;48 jaar;2021;818;930;-112
8288;Mannen;48 jaar;2022;809;912;-103
8289;Mannen;48 jaar;2023;801;903;-102
8290;Mannen;48 jaar;2024;803;903;-100
8291;Mannen;48 jaar;2025;801;907;-106
8292;Mannen;48 jaar;2026;806;921;-115
8293;Mannen;48 jaar;2027;808;932;-124
8294;Mannen;48 jaar;2028;814;951;-137
8295;Mannen;48 jaar;2029;812;951;-139
8296;Mannen;48 jaar;2030;808;964;-156
8297;Mannen;48 jaar;2031;806;973;-167
8298;Mannen;48 jaar;2032;811;992;-181
8299;Mannen;48 jaar;2033;812;1000;-188
8300;Mannen;48 jaar;2034;817;1008;-191
8301;Mannen;48 jaar;2035;820;1015;-195
8302;Mannen;48 jaar;2036;824;1023;-199
8303;Mannen;48 jaar;2037;826;1030;-204
8304;Mannen;48 jaar;2038;839;1048;-209
8305;Mannen;48 jaar;2039;841;1052;-211
8306;Mannen;48 jaar;2040;841;1055;-214
8307;Mannen;48 jaar;2041;838;1053;-215
8308;Mannen;48 jaar;2042;841;1059;-218
8309;Mannen;48 jaar;2043;837;1054;-217
8310;Mannen;48 jaar;2044;837;1057;-220
8311;Mannen;48 jaar;2045;839;1060;-221
8312;Mannen;48 jaar;2046;847;1072;-225
8313;Mannen;48 jaar;2047;849;1077;-228
8314;Mannen;48 jaar;2048;856;1088;-232
8315;Mannen;48 jaar;2049;854;1086;-232
8316;Mannen;48 jaar;2050;854;1087;-233
8317;Mannen;48 jaar;2051;854;1088;-234
8318;Mannen;48 jaar;2052;847;1082;-235
8319;Mannen;48 jaar;2053;840;1077;-237
8320;Mannen;48 jaar;2054;840;1078;-238
8321;Mannen;48 jaar;2055;835;1074;-239
8322;Mannen;48 jaar;2056;839;1083;-244
8323;Mannen;48 jaar;2057;839;1085;-246
8324;Mannen;48 jaar;2058;838;1087;-249
8325;Mannen;48 jaar;2059;834;1083;-249
8326;Mannen;49 jaar;2014;776;944;-168
8327;Mannen;49 jaar;2015;786;929;-143
8328;Mannen;49 jaar;2016;799;920;-121
8329;Mannen;49 jaar;2017;805;955;-150
8330;Mannen;49 jaar;2018;811;982;-171
8331;Mannen;49 jaar;2019;797;990;-193
8332;Mannen;49 jaar;2020;779;958;-179
8333;Mannen;49 jaar;2021;767;927;-160
8334;Mannen;49 jaar;2022;755;905;-150
8335;Mannen;49 jaar;2023;747;888;-141
8336;Mannen;49 jaar;2024;737;879;-142
8337;Mannen;49 jaar;2025;739;880;-141
8338;Mannen;49 jaar;2026;738;882;-144
8339;Mannen;49 jaar;2027;742;896;-154
8340;Mannen;49 jaar;2028;743;905;-162
8341;Mannen;49 jaar;2029;749;922;-173
8342;Mannen;49 jaar;2030;746;925;-179
8343;Mannen;49 jaar;2031;743;935;-192
8344;Mannen;49 jaar;2032;744;943;-199
8345;Mannen;49 jaar;2033;748;961;-213
8346;Mannen;49 jaar;2034;750;970;-220
8347;Mannen;49 jaar;2035;756;978;-222
8348;Mannen;49 jaar;2036;758;984;-226
8349;Mannen;49 jaar;2037;760;991;-231
8350;Mannen;49 jaar;2038;762;998;-236
8351;Mannen;49 jaar;2039;773;1016;-243
8352;Mannen;49 jaar;2040;777;1019;-242
8353;Mannen;49 jaar;2041;777;1022;-245
8354;Mannen;49 jaar;2042;776;1020;-244
8355;Mannen;49 jaar;2043;778;1026;-248
8356;Mannen;49 jaar;2044;775;1021;-246
8357;Mannen;49 jaar;2045;774;1024;-250
8358;Mannen;49 jaar;2046;776;1027;-251
8359;Mannen;49 jaar;2047;784;1039;-255
8360;Mannen;49 jaar;2048;788;1045;-257
8361;Mannen;49 jaar;2049;794;1055;-261
8362;Mannen;49 jaar;2050;792;1054;-262
8363;Mannen;49 jaar;2051;792;1054;-262
8364;Mannen;49 jaar;2052;791;1055;-264
8365;Mannen;49 jaar;2053;784;1048;-264
8366;Mannen;49 jaar;2054;779;1043;-264
8367;Mannen;49 jaar;2055;778;1044;-266
8368;Mannen;49 jaar;2056;774;1040;-266
8369;Mannen;49 jaar;2057;777;1049;-272
8370;Mannen;49 jaar;2058;778;1051;-273
8371;Mannen;49 jaar;2059;777;1053;-276
8372;Mannen;50 jaar;2014;711;920;-209
8373;Mannen;50 jaar;2015;720;921;-201
8374;Mannen;50 jaar;2016;725;914;-189
8375;Mannen;50 jaar;2017;734;913;-179
8376;Mannen;50 jaar;2018;725;948;-223
8377;Mannen;50 jaar;2019;730;972;-242
8378;Mannen;50 jaar;2020;716;968;-252
8379;Mannen;50 jaar;2021;708;931;-223
8380;Mannen;50 jaar;2022;698;903;-205
8381;Mannen;50 jaar;2023;685;879;-194
8382;Mannen;50 jaar;2024;678;863;-185
8383;Mannen;50 jaar;2025;671;854;-183
8384;Mannen;50 jaar;2026;673;853;-180
8385;Mannen;50 jaar;2027;671;855;-184
8386;Mannen;50 jaar;2028;676;867;-191
8387;Mannen;50 jaar;2029;676;874;-198
8388;Mannen;50 jaar;2030;683;893;-210
8389;Mannen;50 jaar;2031;681;894;-213
8390;Mannen;50 jaar;2032;678;903;-225
8391;Mannen;50 jaar;2033;676;910;-234
8392;Mannen;50 jaar;2034;681;927;-246
8393;Mannen;50 jaar;2035;684;935;-251
8394;Mannen;50 jaar;2036;691;943;-252
8395;Mannen;50 jaar;2037;692;949;-257
8396;Mannen;50 jaar;2038;694;953;-259
8397;Mannen;50 jaar;2039;696;959;-263
8398;Mannen;50 jaar;2040;708;975;-267
8399;Mannen;50 jaar;2041;709;978;-269
8400;Mannen;50 jaar;2042;709;981;-272
8401;Mannen;50 jaar;2043;707;979;-272
8402;Mannen;50 jaar;2044;711;984;-273
8403;Mannen;50 jaar;2045;708;979;-271
8404;Mannen;50 jaar;2046;708;982;-274
8405;Mannen;50 jaar;2047;711;984;-273
8406;Mannen;50 jaar;2048;718;995;-277
8407;Mannen;50 jaar;2049;722;1000;-278
8408;Mannen;50 jaar;2050;726;1010;-284
8409;Mannen;50 jaar;2051;724;1008;-284
8410;Mannen;50 jaar;2052;722;1008;-286
8411;Mannen;50 jaar;2053;723;1009;-286
8412;Mannen;50 jaar;2054;718;1002;-284
8413;Mannen;50 jaar;2055;712;998;-286
8414;Mannen;50 jaar;2056;708;998;-290
8415;Mannen;50 jaar;2057;706;994;-288
8416;Mannen;50 jaar;2058;710;1002;-292
8417;Mannen;50 jaar;2059;706;1003;-297
8418;Mannen;51 jaar;2014;653;838;-185
8419;Mannen;51 jaar;2015;665;872;-207
8420;Mannen;51 jaar;2016;669;880;-211
8421;Mannen;51 jaar;2017;673;880;-207
8422;Mannen;51 jaar;2018;668;881;-213
8423;Mannen;51 jaar;2019;664;908;-244
8424;Mannen;51 jaar;2020;664;922;-258
8425;Mannen;51 jaar;2021;660;911;-251
8426;Mannen;51 jaar;2022;649;879;-230
8427;Mannen;51 jaar;2023;641;852;-211
8428;Mannen;51 jaar;2024;626;828;-202
8429;Mannen;51 jaar;2025;622;813;-191
8430;Mannen;51 jaar;2026;614;804;-190
8431;Mannen;51 jaar;2027;616;803;-187
8432;Mannen;51 jaar;2028;612;803;-191
8433;Mannen;51 jaar;2029;618;814;-196
8434;Mannen;51 jaar;2030;620;823;-203
8435;Mannen;51 jaar;2031;625;840;-215
8436;Mannen;51 jaar;2032;624;840;-216
8437;Mannen;51 jaar;2033;621;847;-226
8438;Mannen;51 jaar;2034;620;853;-233
8439;Mannen;51 jaar;2035;625;868;-243
8440;Mannen;51 jaar;2036;629;876;-247
8441;Mannen;51 jaar;2037;633;884;-251
8442;Mannen;51 jaar;2038;636;890;-254
8443;Mannen;51 jaar;2039;636;894;-258
8444;Mannen;51 jaar;2040;639;901;-262
8445;Mannen;51 jaar;2041;649;917;-268
8446;Mannen;51 jaar;2042;651;920;-269
8447;Mannen;51 jaar;2043;649;922;-273
8448;Mannen;51 jaar;2044;648;920;-272
8449;Mannen;51 jaar;2045;651;925;-274
8450;Mannen;51 jaar;2046;648;919;-271
8451;Mannen;51 jaar;2047;648;922;-274
8452;Mannen;51 jaar;2048;651;924;-273
8453;Mannen;51 jaar;2049;659;936;-277
8454;Mannen;51 jaar;2050;660;942;-282
8455;Mannen;51 jaar;2051;666;952;-286
8456;Mannen;51 jaar;2052;666;949;-283
8457;Mannen;51 jaar;2053;664;949;-285
8458;Mannen;51 jaar;2054;663;950;-287
8459;Mannen;51 jaar;2055;654;943;-289
8460;Mannen;51 jaar;2056;650;937;-287
8461;Mannen;51 jaar;2057;649;937;-288
8462;Mannen;51 jaar;2058;647;933;-286
8463;Mannen;51 jaar;2059;649;940;-291
8464;Mannen;52 jaar;2014;595;785;-190
8465;Mannen;52 jaar;2015;607;799;-192
8466;Mannen;52 jaar;2016;616;839;-223
8467;Mannen;52 jaar;2017;622;853;-231
8468;Mannen;52 jaar;2018;612;853;-241
8469;Mannen;52 jaar;2019;609;851;-242
8470;Mannen;52 jaar;2020;600;866;-266
8471;Mannen;52 jaar;2021;607;877;-270
8472;Mannen;52 jaar;2022;602;867;-265
8473;Mannen;52 jaar;2023;595;836;-241
8474;Mannen;52 jaar;2024;584;811;-227
8475;Mannen;52 jaar;2025;572;787;-215
8476;Mannen;52 jaar;2026;568;774;-206
8477;Mannen;52 jaar;2027;563;763;-200
8478;Mannen;52 jaar;2028;565;762;-197
8479;Mannen;52 jaar;2029;563;761;-198
8480;Mannen;52 jaar;2030;566;774;-208
8481;Mannen;52 jaar;2031;566;782;-216
8482;Mannen;52 jaar;2032;575;797;-222
8483;Mannen;52 jaar;2033;571;798;-227
8484;Mannen;52 jaar;2034;569;804;-235
8485;Mannen;52 jaar;2035;570;809;-239
8486;Mannen;52 jaar;2036;574;823;-249
8487;Mannen;52 jaar;2037;577;830;-253
8488;Mannen;52 jaar;2038;581;838;-257
8489;Mannen;52 jaar;2039;584;844;-260
8490;Mannen;52 jaar;2040;584;848;-264
8491;Mannen;52 jaar;2041;586;854;-268
8492;Mannen;52 jaar;2042;596;869;-273
8493;Mannen;52 jaar;2043;596;872;-276
8494;Mannen;52 jaar;2044;597;874;-277
8495;Mannen;52 jaar;2045;596;872;-276
8496;Mannen;52 jaar;2046;598;877;-279
8497;Mannen;52 jaar;2047;595;871;-276
8498;Mannen;52 jaar;2048;595;875;-280
8499;Mannen;52 jaar;2049;598;877;-279
8500;Mannen;52 jaar;2050;605;889;-284
8501;Mannen;52 jaar;2051;608;894;-286
8502;Mannen;52 jaar;2052;612;904;-292
8503;Mannen;52 jaar;2053;611;902;-291
8504;Mannen;52 jaar;2054;609;901;-292
8505;Mannen;52 jaar;2055;609;902;-293
8506;Mannen;52 jaar;2056;603;895;-292
8507;Mannen;52 jaar;2057;597;889;-292
8508;Mannen;52 jaar;2058;597;889;-292
8509;Mannen;52 jaar;2059;593;885;-292
8510;Mannen;53 jaar;2014;548;719;-171
8511;Mannen;53 jaar;2015;555;749;-194
8512;Mannen;53 jaar;2016;567;769;-202
8513;Mannen;53 jaar;2017;574;813;-239
8514;Mannen;53 jaar;2018;565;828;-263
8515;Mannen;53 jaar;2019;559;824;-265
8516;Mannen;53 jaar;2020;554;812;-258
8517;Mannen;53 jaar;2021;552;821;-269
8518;Mannen;53 jaar;2022;560;832;-272
8519;Mannen;53 jaar;2023;555;824;-269
8520;Mannen;53 jaar;2024;549;795;-246
8521;Mannen;53 jaar;2025;539;772;-233
8522;Mannen;53 jaar;2026;529;749;-220
8523;Mannen;53 jaar;2027;524;736;-212
8524;Mannen;53 jaar;2028;518;725;-207
8525;Mannen;53 jaar;2029;520;723;-203
8526;Mannen;53 jaar;2030;518;725;-207
8527;Mannen;53 jaar;2031;523;737;-214
8528;Mannen;53 jaar;2032;524;743;-219
8529;Mannen;53 jaar;2033;534;758;-224
8530;Mannen;53 jaar;2034;533;758;-225
8531;Mannen;53 jaar;2035;528;764;-236
8532;Mannen;53 jaar;2036;526;768;-242
8533;Mannen;53 jaar;2037;531;782;-251
8534;Mannen;53 jaar;2038;532;788;-256
8535;Mannen;53 jaar;2039;539;796;-257
8536;Mannen;53 jaar;2040;542;801;-259
8537;Mannen;53 jaar;2041;545;805;-260
8538;Mannen;53 jaar;2042;547;811;-264
8539;Mannen;53 jaar;2043;556;825;-269
8540;Mannen;53 jaar;2044;556;828;-272
8541;Mannen;53 jaar;2045;558;830;-272
8542;Mannen;53 jaar;2046;557;828;-271
8543;Mannen;53 jaar;2047;560;833;-273
8544;Mannen;53 jaar;2048;557;828;-271
8545;Mannen;53 jaar;2049;558;830;-272
8546;Mannen;53 jaar;2050;562;832;-270
8547;Mannen;53 jaar;2051;571;844;-273
8548;Mannen;53 jaar;2052;572;849;-277
8549;Mannen;53 jaar;2053;578;858;-280
8550;Mannen;53 jaar;2054;577;856;-279
8551;Mannen;53 jaar;2055;575;855;-280
8552;Mannen;53 jaar;2056;574;856;-282
8553;Mannen;53 jaar;2057;569;850;-281
8554;Mannen;53 jaar;2058;562;844;-282
8555;Mannen;53 jaar;2059;560;844;-284
8556;Mannen;54 jaar;2014;499;691;-192
8557;Mannen;54 jaar;2015;510;672;-162
8558;Mannen;54 jaar;2016;515;708;-193
8559;Mannen;54 jaar;2017;525;732;-207
8560;Mannen;54 jaar;2018;523;774;-251
8561;Mannen;54 jaar;2019;515;783;-268
8562;Mannen;54 jaar;2020;508;770;-262
8563;Mannen;54 jaar;2021;508;754;-246
8564;Mannen;54 jaar;2022;506;764;-258
8565;Mannen;54 jaar;2023;517;776;-259
8566;Mannen;54 jaar;2024;512;768;-256
8567;Mannen;54 jaar;2025;507;743;-236
8568;Mannen;54 jaar;2026;499;722;-223
8569;Mannen;54 jaar;2027;487;700;-213
8570;Mannen;54 jaar;2028;479;688;-209
8571;Mannen;54 jaar;2029;474;678;-204
8572;Mannen;54 jaar;2030;478;679;-201
8573;Mannen;54 jaar;2031;477;681;-204
8574;Mannen;54 jaar;2032;481;691;-210
8575;Mannen;54 jaar;2033;483;698;-215
8576;Mannen;54 jaar;2034;491;712;-221
8577;Mannen;54 jaar;2035;490;713;-223
8578;Mannen;54 jaar;2036;486;717;-231
8579;Mannen;54 jaar;2037;487;722;-235
8580;Mannen;54 jaar;2038;490;735;-245
8581;Mannen;54 jaar;2039;494;741;-247
8582;Mannen;54 jaar;2040;499;748;-249
8583;Mannen;54 jaar;2041;503;754;-251
8584;Mannen;54 jaar;2042;504;757;-253
8585;Mannen;54 jaar;2043;507;763;-256
8586;Mannen;54 jaar;2044;517;778;-261
8587;Mannen;54 jaar;2045;518;781;-263
8588;Mannen;54 jaar;2046;519;782;-263
8589;Mannen;54 jaar;2047;518;781;-263
8590;Mannen;54 jaar;2048;521;786;-265
8591;Mannen;54 jaar;2049;518;781;-263
8592;Mannen;54 jaar;2050;518;785;-267
8593;Mannen;54 jaar;2051;522;787;-265
8594;Mannen;54 jaar;2052;528;798;-270
8595;Mannen;54 jaar;2053;531;803;-272
8596;Mannen;54 jaar;2054;536;812;-276
8597;Mannen;54 jaar;2055;535;811;-276
8598;Mannen;54 jaar;2056;534;810;-276
8599;Mannen;54 jaar;2057;532;811;-279
8600;Mannen;54 jaar;2058;528;805;-277
8601;Mannen;54 jaar;2059;520;800;-280
8602;Mannen;55 jaar;2014;448;597;-149
8603;Mannen;55 jaar;2015;451;635;-184
8604;Mannen;55 jaar;2016;463;623;-160
8605;Mannen;55 jaar;2017;470;661;-191
8606;Mannen;55 jaar;2018;467;685;-218
8607;Mannen;55 jaar;2019;464;719;-255
8608;Mannen;55 jaar;2020;459;718;-259
8609;Mannen;55 jaar;2021;456;703;-247
8610;Mannen;55 jaar;2022;457;689;-232
8611;Mannen;55 jaar;2023;457;700;-243
8612;Mannen;55 jaar;2024;462;711;-249
8613;Mannen;55 jaar;2025;459;706;-247
8614;Mannen;55 jaar;2026;453;682;-229
8615;Mannen;55 jaar;2027;443;663;-220
8616;Mannen;55 jaar;2028;434;643;-209
8617;Mannen;55 jaar;2029;429;632;-203
8618;Mannen;55 jaar;2030;424;625;-201
8619;Mannen;55 jaar;2031;425;625;-200
8620;Mannen;55 jaar;2032;425;628;-203
8621;Mannen;55 jaar;2033;428;637;-209
8622;Mannen;55 jaar;2034;431;643;-212
8623;Mannen;55 jaar;2035;436;657;-221
8624;Mannen;55 jaar;2036;435;657;-222
8625;Mannen;55 jaar;2037;432;662;-230
8626;Mannen;55 jaar;2038;435;666;-231
8627;Mannen;55 jaar;2039;437;678;-241
8628;Mannen;55 jaar;2040;439;684;-245
8629;Mannen;55 jaar;2041;443;691;-248
8630;Mannen;55 jaar;2042;447;696;-249
8631;Mannen;55 jaar;2043;448;700;-252
8632;Mannen;55 jaar;2044;452;705;-253
8633;Mannen;55 jaar;2045;460;720;-260
8634;Mannen;55 jaar;2046;463;722;-259
8635;Mannen;55 jaar;2047;462;725;-263
8636;Mannen;55 jaar;2048;460;724;-264
8637;Mannen;55 jaar;2049;462;728;-266
8638;Mannen;55 jaar;2050;459;724;-265
8639;Mannen;55 jaar;2051;462;728;-266
8640;Mannen;55 jaar;2052;464;731;-267
8641;Mannen;55 jaar;2053;470;741;-271
8642;Mannen;55 jaar;2054;470;746;-276
8643;Mannen;55 jaar;2055;479;755;-276
8644;Mannen;55 jaar;2056;477;755;-278
8645;Mannen;55 jaar;2057;474;754;-280
8646;Mannen;55 jaar;2058;474;755;-281
8647;Mannen;55 jaar;2059;469;750;-281
8648;Mannen;56 jaar;2014;411;537;-126
8649;Mannen;56 jaar;2015;419;565;-146
8650;Mannen;56 jaar;2016;422;607;-185
8651;Mannen;56 jaar;2017;432;601;-169
8652;Mannen;56 jaar;2018;430;638;-208
8653;Mannen;56 jaar;2019;428;657;-229
8654;Mannen;56 jaar;2020;425;682;-257
8655;Mannen;56 jaar;2021;423;678;-255
8656;Mannen;56 jaar;2022;419;665;-246
8657;Mannen;56 jaar;2023;421;651;-230
8658;Mannen;56 jaar;2024;420;663;-243
8659;Mannen;56 jaar;2025;427;674;-247
8660;Mannen;56 jaar;2026;423;670;-247
8661;Mannen;56 jaar;2027;416;648;-232
8662;Mannen;56 jaar;2028;408;629;-221
8663;Mannen;56 jaar;2029;398;610;-212
8664;Mannen;56 jaar;2030;395;602;-207
8665;Mannen;56 jaar;2031;391;595;-204
8666;Mannen;56 jaar;2032;391;595;-204
8667;Mannen;56 jaar;2033;392;597;-205
8668;Mannen;56 jaar;2034;395;606;-211
8669;Mannen;56 jaar;2035;398;611;-213
8670;Mannen;56 jaar;2036;406;624;-218
8671;Mannen;56 jaar;2037;404;624;-220
8672;Mannen;56 jaar;2038;401;627;-226
8673;Mannen;56 jaar;2039;402;631;-229
8674;Mannen;56 jaar;2040;405;642;-237
8675;Mannen;56 jaar;2041;407;648;-241
8676;Mannen;56 jaar;2042;412;655;-243
8677;Mannen;56 jaar;2043;415;659;-244
8678;Mannen;56 jaar;2044;416;663;-247
8679;Mannen;56 jaar;2045;421;668;-247
8680;Mannen;56 jaar;2046;428;682;-254
8681;Mannen;56 jaar;2047;430;685;-255
8682;Mannen;56 jaar;2048;431;687;-256
8683;Mannen;56 jaar;2049;427;686;-259
8684;Mannen;56 jaar;2050;432;690;-258
8685;Mannen;56 jaar;2051;428;686;-258
8686;Mannen;56 jaar;2052;431;690;-259
8687;Mannen;56 jaar;2053;432;693;-261
8688;Mannen;56 jaar;2054;437;703;-266
8689;Mannen;56 jaar;2055;442;708;-266
8690;Mannen;56 jaar;2056;446;716;-270
8691;Mannen;56 jaar;2057;445;715;-270
8692;Mannen;56 jaar;2058;442;715;-273
8693;Mannen;56 jaar;2059;441;716;-275
8694;Mannen;57 jaar;2014;373;497;-124
8695;Mannen;57 jaar;2015;379;511;-132
8696;Mannen;57 jaar;2016;385;542;-157
8697;Mannen;57 jaar;2017;386;586;-200
8698;Mannen;57 jaar;2018;390;582;-192
8699;Mannen;57 jaar;2019;390;613;-223
8700;Mannen;57 jaar;2020;388;625;-237
8701;Mannen;57 jaar;2021;391;644;-253
8702;Mannen;57 jaar;2022;388;643;-255
8703;Mannen;57 jaar;2023;387;631;-244
8704;Mannen;57 jaar;2024;386;619;-233
8705;Mannen;57 jaar;2025;387;631;-244
8706;Mannen;57 jaar;2026;391;643;-252
8707;Mannen;57 jaar;2027;388;638;-250
8708;Mannen;57 jaar;2028;383;617;-234
8709;Mannen;57 jaar;2029;374;600;-226
8710;Mannen;57 jaar;2030;366;584;-218
8711;Mannen;57 jaar;2031;363;577;-214
8712;Mannen;57 jaar;2032;359;569;-210
8713;Mannen;57 jaar;2033;359;570;-211
8714;Mannen;57 jaar;2034;360;572;-212
8715;Mannen;57 jaar;2035;365;581;-216
8716;Mannen;57 jaar;2036;365;587;-222
8717;Mannen;57 jaar;2037;373;598;-225
8718;Mannen;57 jaar;2038;371;598;-227
8719;Mannen;57 jaar;2039;370;600;-230
8720;Mannen;57 jaar;2040;369;604;-235
8721;Mannen;57 jaar;2041;374;615;-241
8722;Mannen;57 jaar;2042;375;620;-245
8723;Mannen;57 jaar;2043;379;628;-249
8724;Mannen;57 jaar;2044;383;633;-250
8725;Mannen;57 jaar;2045;384;636;-252
8726;Mannen;57 jaar;2046;388;641;-253
8727;Mannen;57 jaar;2047;396;655;-259
8728;Mannen;57 jaar;2048;397;657;-260
8729;Mannen;57 jaar;2049;398;660;-262
8730;Mannen;57 jaar;2050;398;659;-261
8731;Mannen;57 jaar;2051;402;664;-262
8732;Mannen;57 jaar;2052;399;660;-261
8733;Mannen;57 jaar;2053;398;664;-266
8734;Mannen;57 jaar;2054;402;667;-265
8735;Mannen;57 jaar;2055;408;677;-269
8736;Mannen;57 jaar;2056;409;682;-273
8737;Mannen;57 jaar;2057;414;690;-276
8738;Mannen;57 jaar;2058;414;690;-276
8739;Mannen;57 jaar;2059;412;690;-278
8740;Mannen;58 jaar;2014;342;450;-108
8741;Mannen;58 jaar;2015;348;445;-97
8742;Mannen;58 jaar;2016;353;461;-108
8743;Mannen;58 jaar;2017;360;494;-134
8744;Mannen;58 jaar;2018;354;532;-178
8745;Mannen;58 jaar;2019;358;529;-171
8746;Mannen;58 jaar;2020;355;549;-194
8747;Mannen;58 jaar;2021;356;558;-202
8748;Mannen;58 jaar;2022;359;576;-217
8749;Mannen;58 jaar;2023;356;575;-219
8750;Mannen;58 jaar;2024;353;566;-213
8751;Mannen;58 jaar;2025;356;556;-200
8752;Mannen;58 jaar;2026;356;567;-211
8753;Mannen;58 jaar;2027;362;578;-216
8754;Mannen;58 jaar;2028;358;574;-216
8755;Mannen;58 jaar;2029;352;557;-205
8756;Mannen;58 jaar;2030;347;544;-197
8757;Mannen;58 jaar;2031;336;530;-194
8758;Mannen;58 jaar;2032;334;523;-189
8759;Mannen;58 jaar;2033;329;516;-187
8760;Mannen;58 jaar;2034;334;518;-184
8761;Mannen;58 jaar;2035;332;520;-188
8762;Mannen;58 jaar;2036;336;529;-193
8763;Mannen;58 jaar;2037;340;534;-194
8764;Mannen;58 jaar;2038;345;545;-200
8765;Mannen;58 jaar;2039;348;545;-197
8766;Mannen;58 jaar;2040;343;547;-204
8767;Mannen;58 jaar;2041;344;550;-206
8768;Mannen;58 jaar;2042;346;561;-215
8769;Mannen;58 jaar;2043;350;567;-217
8770;Mannen;58 jaar;2044;355;574;-219
8771;Mannen;58 jaar;2045;359;579;-220
8772;Mannen;58 jaar;2046;361;583;-222
8773;Mannen;58 jaar;2047;365;589;-224
8774;Mannen;58 jaar;2048;372;602;-230
8775;Mannen;58 jaar;2049;374;605;-231
8776;Mannen;58 jaar;2050;375;608;-233
8777;Mannen;58 jaar;2051;373;607;-234
8778;Mannen;58 jaar;2052;376;611;-235
8779;Mannen;58 jaar;2053;374;609;-235
8780;Mannen;58 jaar;2054;375;612;-237
8781;Mannen;58 jaar;2055;378;616;-238
8782;Mannen;58 jaar;2056;384;627;-243
8783;Mannen;58 jaar;2057;386;632;-246
8784;Mannen;58 jaar;2058;392;640;-248
8785;Mannen;58 jaar;2059;390;640;-250
8786;Mannen;59 jaar;2014;304;384;-80
8787;Mannen;59 jaar;2015;311;406;-95
8788;Mannen;59 jaar;2016;317;406;-89
8789;Mannen;59 jaar;2017;319;424;-105
8790;Mannen;59 jaar;2018;320;454;-134
8791;Mannen;59 jaar;2019;316;486;-170
8792;Mannen;59 jaar;2020;318;479;-161
8793;Mannen;59 jaar;2021;318;494;-176
8794;Mannen;59 jaar;2022;321;502;-181
8795;Mannen;59 jaar;2023;323;518;-195
8796;Mannen;59 jaar;2024;318;517;-199
8797;Mannen;59 jaar;2025;317;509;-192
8798;Mannen;59 jaar;2026;317;500;-183
8799;Mannen;59 jaar;2027;316;510;-194
8800;Mannen;59 jaar;2028;322;521;-199
8801;Mannen;59 jaar;2029;320;516;-196
8802;Mannen;59 jaar;2030;314;503;-189
8803;Mannen;59 jaar;2031;308;490;-182
8804;Mannen;59 jaar;2032;300;476;-176
8805;Mannen;59 jaar;2033;296;470;-174
8806;Mannen;59 jaar;2034;293;463;-170
8807;Mannen;59 jaar;2035;294;464;-170
8808;Mannen;59 jaar;2036;294;466;-172
8809;Mannen;59 jaar;2037;298;473;-175
8810;Mannen;59 jaar;2038;300;477;-177
8811;Mannen;59 jaar;2039;306;487;-181
8812;Mannen;59 jaar;2040;306;486;-180
8813;Mannen;59 jaar;2041;304;487;-183
8814;Mannen;59 jaar;2042;306;491;-185
8815;Mannen;59 jaar;2043;308;499;-191
8816;Mannen;59 jaar;2044;311;505;-194
8817;Mannen;59 jaar;2045;315;512;-197
8818;Mannen;59 jaar;2046;319;516;-197
8819;Mannen;59 jaar;2047;318;519;-201
8820;Mannen;59 jaar;2048;323;524;-201
8821;Mannen;59 jaar;2049;328;536;-208
8822;Mannen;59 jaar;2050;331;538;-207
8823;Mannen;59 jaar;2051;332;540;-208
8824;Mannen;59 jaar;2052;328;541;-213
8825;Mannen;59 jaar;2053;331;545;-214
8826;Mannen;59 jaar;2054;329;542;-213
8827;Mannen;59 jaar;2055;331;546;-215
8828;Mannen;59 jaar;2056;333;549;-216
8829;Mannen;59 jaar;2057;337;558;-221
8830;Mannen;59 jaar;2058;339;563;-224
8831;Mannen;59 jaar;2059;345;570;-225
8832;Mannen;60 jaar;2014;271;346;-75
8833;Mannen;60 jaar;2015;274;357;-83
8834;Mannen;60 jaar;2016;278;380;-102
8835;Mannen;60 jaar;2017;280;386;-106
8836;Mannen;60 jaar;2018;280;405;-125
8837;Mannen;60 jaar;2019;280;430;-150
8838;Mannen;60 jaar;2020;277;454;-177
8839;Mannen;60 jaar;2021;282;445;-163
8840;Mannen;60 jaar;2022;282;459;-177
8841;Mannen;60 jaar;2023;286;467;-181
8842;Mannen;60 jaar;2024;288;482;-194
8843;Mannen;60 jaar;2025;286;482;-196
8844;Mannen;60 jaar;2026;284;475;-191
8845;Mannen;60 jaar;2027;284;467;-183
8846;Mannen;60 jaar;2028;284;476;-192
8847;Mannen;60 jaar;2029;290;485;-195
8848;Mannen;60 jaar;2030;287;483;-196
8849;Mannen;60 jaar;2031;282;470;-188
8850;Mannen;60 jaar;2032;276;458;-182
8851;Mannen;60 jaar;2033;268;444;-176
8852;Mannen;60 jaar;2034;265;438;-173
8853;Mannen;60 jaar;2035;262;431;-169
8854;Mannen;60 jaar;2036;263;432;-169
8855;Mannen;60 jaar;2037;262;433;-171
8856;Mannen;60 jaar;2038;266;440;-174
8857;Mannen;60 jaar;2039;268;444;-176
8858;Mannen;60 jaar;2040;275;453;-178
8859;Mannen;60 jaar;2041;273;453;-180
8860;Mannen;60 jaar;2042;274;454;-180
8861;Mannen;60 jaar;2043;275;457;-182
8862;Mannen;60 jaar;2044;277;466;-189
8863;Mannen;60 jaar;2045;280;471;-191
8864;Mannen;60 jaar;2046;283;478;-195
8865;Mannen;60 jaar;2047;287;482;-195
8866;Mannen;60 jaar;2048;286;485;-199
8867;Mannen;60 jaar;2049;290;489;-199
8868;Mannen;60 jaar;2050;297;501;-204
8869;Mannen;60 jaar;2051;300;503;-203
8870;Mannen;60 jaar;2052;301;505;-204
8871;Mannen;60 jaar;2053;298;504;-206
8872;Mannen;60 jaar;2054;300;508;-208
8873;Mannen;60 jaar;2055;300;506;-206
8874;Mannen;60 jaar;2056;301;509;-208
8875;Mannen;60 jaar;2057;302;512;-210
8876;Mannen;60 jaar;2058;307;521;-214
8877;Mannen;60 jaar;2059;311;525;-214
8878;Mannen;61 jaar;2014;247;321;-74
8879;Mannen;61 jaar;2015;249;330;-81
8880;Mannen;61 jaar;2016;250;341;-91
8881;Mannen;61 jaar;2017;252;366;-114
8882;Mannen;61 jaar;2018;252;373;-121
8883;Mannen;61 jaar;2019;253;390;-137
8884;Mannen;61 jaar;2020;251;407;-156
8885;Mannen;61 jaar;2021;251;426;-175
8886;Mannen;61 jaar;2022;254;420;-166
8887;Mannen;61 jaar;2023;255;433;-178
8888;Mannen;61 jaar;2024;259;440;-181
8889;Mannen;61 jaar;2025;261;455;-194
8890;Mannen;61 jaar;2026;257;454;-197
8891;Mannen;61 jaar;2027;256;448;-192
8892;Mannen;61 jaar;2028;257;442;-185
8893;Mannen;61 jaar;2029;257;449;-192
8894;Mannen;61 jaar;2030;263;461;-198
8895;Mannen;61 jaar;2031;261;459;-198
8896;Mannen;61 jaar;2032;256;446;-190
8897;Mannen;61 jaar;2033;250;436;-186
8898;Mannen;61 jaar;2034;241;421;-180
8899;Mannen;61 jaar;2035;239;416;-177
8900;Mannen;61 jaar;2036;235;410;-175
8901;Mannen;61 jaar;2037;237;412;-175
8902;Mannen;61 jaar;2038;236;413;-177
8903;Mannen;61 jaar;2039;238;419;-181
8904;Mannen;61 jaar;2040;241;423;-182
8905;Mannen;61 jaar;2041;244;433;-189
8906;Mannen;61 jaar;2042;245;432;-187
8907;Mannen;61 jaar;2043;243;434;-191
8908;Mannen;61 jaar;2044;244;437;-193
8909;Mannen;61 jaar;2045;247;446;-199
8910;Mannen;61 jaar;2046;248;451;-203
8911;Mannen;61 jaar;2047;251;458;-207
8912;Mannen;61 jaar;2048;253;462;-209
8913;Mannen;61 jaar;2049;255;465;-210
8914;Mannen;61 jaar;2050;257;469;-212
8915;Mannen;61 jaar;2051;263;480;-217
8916;Mannen;61 jaar;2052;263;483;-220
8917;Mannen;61 jaar;2053;264;485;-221
8918;Mannen;61 jaar;2054;265;485;-220
8919;Mannen;61 jaar;2055;265;488;-223
8920;Mannen;61 jaar;2056;264;486;-222
8921;Mannen;61 jaar;2057;262;489;-227
8922;Mannen;61 jaar;2058;265;491;-226
8923;Mannen;61 jaar;2059;270;501;-231
8924;Mannen;62 jaar;2014;229;299;-70
8925;Mannen;62 jaar;2015;230;300;-70
8926;Mannen;62 jaar;2016;233;312;-79
8927;Mannen;62 jaar;2017;233;325;-92
8928;Mannen;62 jaar;2018;236;349;-113
8929;Mannen;62 jaar;2019;235;355;-120
8930;Mannen;62 jaar;2020;235;366;-131
8931;Mannen;62 jaar;2021;236;379;-143
8932;Mannen;62 jaar;2022;236;396;-160
8933;Mannen;62 jaar;2023;239;392;-153
8934;Mannen;62 jaar;2024;238;404;-166
8935;Mannen;62 jaar;2025;242;410;-168
8936;Mannen;62 jaar;2026;244;423;-179
8937;Mannen;62 jaar;2027;242;422;-180
8938;Mannen;62 jaar;2028;238;416;-178
8939;Mannen;62 jaar;2029;239;411;-172
8940;Mannen;62 jaar;2030;238;419;-181
8941;Mannen;62 jaar;2031;244;430;-186
8942;Mannen;62 jaar;2032;241;428;-187
8943;Mannen;62 jaar;2033;237;417;-180
8944;Mannen;62 jaar;2034;232;406;-174
8945;Mannen;62 jaar;2035;222;393;-171
8946;Mannen;62 jaar;2036;219;387;-168
8947;Mannen;62 jaar;2037;217;382;-165
8948;Mannen;62 jaar;2038;217;382;-165
8949;Mannen;62 jaar;2039;218;383;-165
8950;Mannen;62 jaar;2040;219;389;-170
8951;Mannen;62 jaar;2041;221;393;-172
8952;Mannen;62 jaar;2042;226;402;-176
8953;Mannen;62 jaar;2043;224;402;-178
8954;Mannen;62 jaar;2044;222;403;-181
8955;Mannen;62 jaar;2045;221;407;-186
8956;Mannen;62 jaar;2046;225;415;-190
8957;Mannen;62 jaar;2047;228;419;-191
8958;Mannen;62 jaar;2048;231;426;-195
8959;Mannen;62 jaar;2049;234;429;-195
8960;Mannen;62 jaar;2050;234;431;-197
8961;Mannen;62 jaar;2051;237;436;-199
8962;Mannen;62 jaar;2052;241;447;-206
8963;Mannen;62 jaar;2053;241;449;-208
8964;Mannen;62 jaar;2054;242;451;-209
8965;Mannen;62 jaar;2055;241;450;-209
8966;Mannen;62 jaar;2056;241;455;-214
8967;Mannen;62 jaar;2057;240;452;-212
8968;Mannen;62 jaar;2058;239;455;-216
8969;Mannen;62 jaar;2059;241;457;-216
8970;Mannen;63 jaar;2014;213;279;-66
8971;Mannen;63 jaar;2015;219;289;-70
8972;Mannen;63 jaar;2016;216;291;-75
8973;Mannen;63 jaar;2017;218;304;-86
8974;Mannen;63 jaar;2018;216;317;-101
8975;Mannen;63 jaar;2019;217;339;-122
8976;Mannen;63 jaar;2020;217;339;-122
8977;Mannen;63 jaar;2021;219;347;-128
8978;Mannen;63 jaar;2022;221;360;-139
8979;Mannen;63 jaar;2023;221;376;-155
8980;Mannen;63 jaar;2024;222;372;-150
8981;Mannen;63 jaar;2025;223;384;-161
8982;Mannen;63 jaar;2026;227;390;-163
8983;Mannen;63 jaar;2027;228;402;-174
8984;Mannen;63 jaar;2028;225;399;-174
8985;Mannen;63 jaar;2029;224;392;-168
8986;Mannen;63 jaar;2030;224;389;-165
8987;Mannen;63 jaar;2031;225;397;-172
8988;Mannen;63 jaar;2032;231;407;-176
8989;Mannen;63 jaar;2033;226;405;-179
8990;Mannen;63 jaar;2034;224;394;-170
8991;Mannen;63 jaar;2035;218;384;-166
8992;Mannen;63 jaar;2036;209;371;-162
8993;Mannen;63 jaar;2037;207;366;-159
8994;Mannen;63 jaar;2038;204;360;-156
8995;Mannen;63 jaar;2039;204;361;-157
8996;Mannen;63 jaar;2040;202;362;-160
8997;Mannen;63 jaar;2041;204;367;-163
8998;Mannen;63 jaar;2042;206;370;-164
8999;Mannen;63 jaar;2043;211;379;-168
9000;Mannen;63 jaar;2044;209;378;-169
9001;Mannen;63 jaar;2045;206;379;-173
9002;Mannen;63 jaar;2046;206;382;-176
9003;Mannen;63 jaar;2047;209;389;-180
9004;Mannen;63 jaar;2048;211;393;-182
9005;Mannen;63 jaar;2049;214;399;-185
9006;Mannen;63 jaar;2050;218;402;-184
9007;Mannen;63 jaar;2051;217;404;-187
9008;Mannen;63 jaar;2052;220;409;-189
9009;Mannen;63 jaar;2053;224;419;-195
9010;Mannen;63 jaar;2054;226;420;-194
9011;Mannen;63 jaar;2055;226;422;-196
9012;Mannen;63 jaar;2056;224;422;-198
9013;Mannen;63 jaar;2057;226;425;-199
9014;Mannen;63 jaar;2058;223;423;-200
9015;Mannen;63 jaar;2059;224;425;-201
9016;Mannen;64 jaar;2014;204;303;-99
9017;Mannen;64 jaar;2015;207;293;-86
9018;Mannen;64 jaar;2016;208;306;-98
9019;Mannen;64 jaar;2017;208;312;-104
9020;Mannen;64 jaar;2018;208;325;-117
9021;Mannen;64 jaar;2019;204;338;-134
9022;Mannen;64 jaar;2020;205;355;-150
9023;Mannen;64 jaar;2021;207;352;-145
9024;Mannen;64 jaar;2022;210;360;-150
9025;Mannen;64 jaar;2023;211;374;-163
9026;Mannen;64 jaar;2024;211;390;-179
9027;Mannen;64 jaar;2025;215;386;-171
9028;Mannen;64 jaar;2026;216;397;-181
9029;Mannen;64 jaar;2027;217;403;-186
9030;Mannen;64 jaar;2028;218;413;-195
9031;Mannen;64 jaar;2029;216;410;-194
9032;Mannen;64 jaar;2030;215;404;-189
9033;Mannen;64 jaar;2031;215;399;-184
9034;Mannen;64 jaar;2032;215;407;-192
9035;Mannen;64 jaar;2033;220;418;-198
9036;Mannen;64 jaar;2034;217;415;-198
9037;Mannen;64 jaar;2035;212;403;-191
9038;Mannen;64 jaar;2036;208;392;-184
9039;Mannen;64 jaar;2037;200;377;-177
9040;Mannen;64 jaar;2038;196;371;-175
9041;Mannen;64 jaar;2039;192;363;-171
9042;Mannen;64 jaar;2040;194;364;-170
9043;Mannen;64 jaar;2041;193;365;-172
9044;Mannen;64 jaar;2042;195;369;-174
9045;Mannen;64 jaar;2043;194;373;-179
9046;Mannen;64 jaar;2044;199;381;-182
9047;Mannen;64 jaar;2045;199;380;-181
9048;Mannen;64 jaar;2046;196;380;-184
9049;Mannen;64 jaar;2047;195;382;-187
9050;Mannen;64 jaar;2048;197;389;-192
9051;Mannen;64 jaar;2049;199;394;-195
9052;Mannen;64 jaar;2050;202;400;-198
9053;Mannen;64 jaar;2051;204;404;-200
9054;Mannen;64 jaar;2052;205;406;-201
9055;Mannen;64 jaar;2053;207;410;-203
9056;Mannen;64 jaar;2054;211;420;-209
9057;Mannen;64 jaar;2055;212;423;-211
9058;Mannen;64 jaar;2056;214;424;-210
9059;Mannen;64 jaar;2057;211;423;-212
9060;Mannen;64 jaar;2058;213;427;-214
9061;Mannen;64 jaar;2059;207;424;-217
9062;Mannen;65 jaar;2014;191;318;-127
9063;Mannen;65 jaar;2015;188;318;-130
9064;Mannen;65 jaar;2016;188;311;-123
9065;Mannen;65 jaar;2017;190;330;-140
9066;Mannen;65 jaar;2018;187;337;-150
9067;Mannen;65 jaar;2019;186;349;-163
9068;Mannen;65 jaar;2020;186;358;-172
9069;Mannen;65 jaar;2021;189;373;-184
9070;Mannen;65 jaar;2022;189;370;-181
9071;Mannen;65 jaar;2023;192;379;-187
9072;Mannen;65 jaar;2024;194;392;-198
9073;Mannen;65 jaar;2025;194;408;-214
9074;Mannen;65 jaar;2026;197;405;-208
9075;Mannen;65 jaar;2027;197;416;-219
9076;Mannen;65 jaar;2028;200;421;-221
9077;Mannen;65 jaar;2029;200;431;-231
9078;Mannen;65 jaar;2030;198;429;-231
9079;Mannen;65 jaar;2031;196;423;-227
9080;Mannen;65 jaar;2032;196;416;-220
9081;Mannen;65 jaar;2033;197;425;-228
9082;Mannen;65 jaar;2034;202;439;-237
9083;Mannen;65 jaar;2035;198;433;-235
9084;Mannen;65 jaar;2036;193;421;-228
9085;Mannen;65 jaar;2037;187;408;-221
9086;Mannen;65 jaar;2038;180;390;-210
9087;Mannen;65 jaar;2039;176;384;-208
9088;Mannen;65 jaar;2040;175;375;-200
9089;Mannen;65 jaar;2041;174;375;-201
9090;Mannen;65 jaar;2042;174;376;-202
9091;Mannen;65 jaar;2043;176;381;-205
9092;Mannen;65 jaar;2044;175;384;-209
9093;Mannen;65 jaar;2045;177;393;-216
9094;Mannen;65 jaar;2046;176;391;-215
9095;Mannen;65 jaar;2047;174;391;-217
9096;Mannen;65 jaar;2048;174;393;-219
9097;Mannen;65 jaar;2049;177;401;-224
9098;Mannen;65 jaar;2050;177;406;-229
9099;Mannen;65 jaar;2051;182;413;-231
9100;Mannen;65 jaar;2052;184;417;-233
9101;Mannen;65 jaar;2053;185;419;-234
9102;Mannen;65 jaar;2054;185;424;-239
9103;Mannen;65 jaar;2055;189;435;-246
9104;Mannen;65 jaar;2056;188;438;-250
9105;Mannen;65 jaar;2057;190;439;-249
9106;Mannen;65 jaar;2058;188;438;-250
9107;Mannen;65 jaar;2059;191;443;-252
9108;Mannen;66 jaar;2014;183;312;-129
9109;Mannen;66 jaar;2015;181;307;-126
9110;Mannen;66 jaar;2016;179;311;-132
9111;Mannen;66 jaar;2017;178;306;-128
9112;Mannen;66 jaar;2018;180;325;-145
9113;Mannen;66 jaar;2019;176;329;-153
9114;Mannen;66 jaar;2020;178;337;-159
9115;Mannen;66 jaar;2021;179;343;-164
9116;Mannen;66 jaar;2022;179;357;-178
9117;Mannen;66 jaar;2023;181;354;-173
9118;Mannen;66 jaar;2024;183;362;-179
9119;Mannen;66 jaar;2025;185;376;-191
9120;Mannen;66 jaar;2026;185;392;-207
9121;Mannen;66 jaar;2027;189;388;-199
9122;Mannen;66 jaar;2028;189;399;-210
9123;Mannen;66 jaar;2029;191;404;-213
9124;Mannen;66 jaar;2030;191;415;-224
9125;Mannen;66 jaar;2031;189;414;-225
9126;Mannen;66 jaar;2032;187;408;-221
9127;Mannen;66 jaar;2033;188;401;-213
9128;Mannen;66 jaar;2034;188;410;-222
9129;Mannen;66 jaar;2035;193;424;-231
9130;Mannen;66 jaar;2036;190;418;-228
9131;Mannen;66 jaar;2037;185;407;-222
9132;Mannen;66 jaar;2038;179;393;-214
9133;Mannen;66 jaar;2039;172;377;-205
9134;Mannen;66 jaar;2040;169;370;-201
9135;Mannen;66 jaar;2041;166;360;-194
9136;Mannen;66 jaar;2042;166;360;-194
9137;Mannen;66 jaar;2043;166;362;-196
9138;Mannen;66 jaar;2044;168;366;-198
9139;Mannen;66 jaar;2045;167;369;-202
9140;Mannen;66 jaar;2046;170;378;-208
9141;Mannen;66 jaar;2047;168;376;-208
9142;Mannen;66 jaar;2048;167;375;-208
9143;Mannen;66 jaar;2049;167;377;-210
9144;Mannen;66 jaar;2050;169;385;-216
9145;Mannen;66 jaar;2051;171;391;-220
9146;Mannen;66 jaar;2052;174;397;-223
9147;Mannen;66 jaar;2053;177;402;-225
9148;Mannen;66 jaar;2054;176;404;-228
9149;Mannen;66 jaar;2055;177;408;-231
9150;Mannen;66 jaar;2056;182;420;-238
9151;Mannen;66 jaar;2057;182;422;-240
9152;Mannen;66 jaar;2058;183;424;-241
9153;Mannen;66 jaar;2059;182;424;-242
9154;Mannen;67 jaar;2014;177;291;-114
9155;Mannen;67 jaar;2015;170;283;-113
9156;Mannen;67 jaar;2016;167;281;-114
9157;Mannen;67 jaar;2017;165;287;-122
9158;Mannen;67 jaar;2018;163;282;-119
9159;Mannen;67 jaar;2019;164;298;-134
9160;Mannen;67 jaar;2020;164;296;-132
9161;Mannen;67 jaar;2021;165;300;-135
9162;Mannen;67 jaar;2022;165;306;-141
9163;Mannen;67 jaar;2023;166;319;-153
9164;Mannen;67 jaar;2024;167;316;-149
9165;Mannen;67 jaar;2025;169;323;-154
9166;Mannen;67 jaar;2026;171;336;-165
9167;Mannen;67 jaar;2027;171;350;-179
9168;Mannen;67 jaar;2028;175;346;-171
9169;Mannen;67 jaar;2029;175;356;-181
9170;Mannen;67 jaar;2030;177;361;-184
9171;Mannen;67 jaar;2031;178;373;-195
9172;Mannen;67 jaar;2032;177;372;-195
9173;Mannen;67 jaar;2033;175;367;-192
9174;Mannen;67 jaar;2034;176;359;-183
9175;Mannen;67 jaar;2035;176;369;-193
9176;Mannen;67 jaar;2036;182;380;-198
9177;Mannen;67 jaar;2037;178;376;-198
9178;Mannen;67 jaar;2038;174;366;-192
9179;Mannen;67 jaar;2039;167;354;-187
9180;Mannen;67 jaar;2040;161;340;-179
9181;Mannen;67 jaar;2041;158;334;-176
9182;Mannen;67 jaar;2042;155;324;-169
9183;Mannen;67 jaar;2043;156;324;-168
9184;Mannen;67 jaar;2044;156;326;-170
9185;Mannen;67 jaar;2045;157;329;-172
9186;Mannen;67 jaar;2046;157;332;-175
9187;Mannen;67 jaar;2047;159;337;-178
9188;Mannen;67 jaar;2048;158;336;-178
9189;Mannen;67 jaar;2049;156;335;-179
9190;Mannen;67 jaar;2050;155;337;-182
9191;Mannen;67 jaar;2051;158;344;-186
9192;Mannen;67 jaar;2052;159;349;-190
9193;Mannen;67 jaar;2053;161;355;-194
9194;Mannen;67 jaar;2054;164;358;-194
9195;Mannen;67 jaar;2055;165;360;-195
9196;Mannen;67 jaar;2056;165;363;-198
9197;Mannen;67 jaar;2057;169;373;-204
9198;Mannen;67 jaar;2058;169;376;-207
9199;Mannen;67 jaar;2059;168;377;-209
9200;Mannen;68 jaar;2014;161;253;-92
9201;Mannen;68 jaar;2015;156;245;-89
9202;Mannen;68 jaar;2016;152;243;-91
9203;Mannen;68 jaar;2017;148;245;-97
9204;Mannen;68 jaar;2018;145;252;-107
9205;Mannen;68 jaar;2019;145;245;-100
9206;Mannen;68 jaar;2020;145;257;-112
9207;Mannen;68 jaar;2021;145;253;-108
9208;Mannen;68 jaar;2022;146;258;-112
9209;Mannen;68 jaar;2023;147;263;-116
9210;Mannen;68 jaar;2024;148;275;-127
9211;Mannen;68 jaar;2025;150;273;-123
9212;Mannen;68 jaar;2026;152;281;-129
9213;Mannen;68 jaar;2027;154;292;-138
9214;Mannen;68 jaar;2028;154;306;-152
9215;Mannen;68 jaar;2029;157;301;-144
9216;Mannen;68 jaar;2030;157;313;-156
9217;Mannen;68 jaar;2031;159;318;-159
9218;Mannen;68 jaar;2032;160;329;-169
9219;Mannen;68 jaar;2033;158;329;-171
9220;Mannen;68 jaar;2034;157;325;-168
9221;Mannen;68 jaar;2035;157;317;-160
9222;Mannen;68 jaar;2036;157;327;-170
9223;Mannen;68 jaar;2037;162;337;-175
9224;Mannen;68 jaar;2038;158;334;-176
9225;Mannen;68 jaar;2039;155;324;-169
9226;Mannen;68 jaar;2040;149;315;-166
9227;Mannen;68 jaar;2041;143;303;-160
9228;Mannen;68 jaar;2042;140;297;-157
9229;Mannen;68 jaar;2043;137;289;-152
9230;Mannen;68 jaar;2044;137;289;-152
9231;Mannen;68 jaar;2045;135;290;-155
9232;Mannen;68 jaar;2046;139;292;-153
9233;Mannen;68 jaar;2047;139;295;-156
9234;Mannen;68 jaar;2048;142;300;-158
9235;Mannen;68 jaar;2049;141;298;-157
9236;Mannen;68 jaar;2050;138;298;-160
9237;Mannen;68 jaar;2051;137;300;-163
9238;Mannen;68 jaar;2052;139;307;-168
9239;Mannen;68 jaar;2053;140;311;-171
9240;Mannen;68 jaar;2054;142;316;-174
9241;Mannen;68 jaar;2055;144;318;-174
9242;Mannen;68 jaar;2056;143;320;-177
9243;Mannen;68 jaar;2057;143;324;-181
9244;Mannen;68 jaar;2058;147;330;-183
9245;Mannen;68 jaar;2059;148;332;-184
9246;Mannen;69 jaar;2014;119;185;-66
9247;Mannen;69 jaar;2015;147;217;-70
9248;Mannen;69 jaar;2016;141;215;-74
9249;Mannen;69 jaar;2017;137;216;-79
9250;Mannen;69 jaar;2018;133;218;-85
9251;Mannen;69 jaar;2019;132;224;-92
9252;Mannen;69 jaar;2020;130;216;-86
9253;Mannen;69 jaar;2021;132;223;-91
9254;Mannen;69 jaar;2022;130;220;-90
9255;Mannen;69 jaar;2023;132;225;-93
9256;Mannen;69 jaar;2024;132;228;-96
9257;Mannen;69 jaar;2025;134;241;-107
9258;Mannen;69 jaar;2026;135;239;-104
9259;Mannen;69 jaar;2027;137;246;-109
9260;Mannen;69 jaar;2028;139;255;-116
9261;Mannen;69 jaar;2029;139;267;-128
9262;Mannen;69 jaar;2030;142;264;-122
9263;Mannen;69 jaar;2031;143;276;-133
9264;Mannen;69 jaar;2032;145;279;-134
9265;Mannen;69 jaar;2033;145;289;-144
9266;Mannen;69 jaar;2034;144;290;-146
9267;Mannen;69 jaar;2035;143;286;-143
9268;Mannen;69 jaar;2036;143;280;-137
9269;Mannen;69 jaar;2037;142;289;-147
9270;Mannen;69 jaar;2038;146;297;-151
9271;Mannen;69 jaar;2039;143;294;-151
9272;Mannen;69 jaar;2040;140;286;-146
9273;Mannen;69 jaar;2041;134;278;-144
9274;Mannen;69 jaar;2042;128;266;-138
9275;Mannen;69 jaar;2043;126;263;-137
9276;Mannen;69 jaar;2044;124;256;-132
9277;Mannen;69 jaar;2045;124;254;-130
9278;Mannen;69 jaar;2046;125;255;-130
9279;Mannen;69 jaar;2047;125;258;-133
9280;Mannen;69 jaar;2048;126;260;-134
9281;Mannen;69 jaar;2049;129;263;-134
9282;Mannen;69 jaar;2050;128;262;-134
9283;Mannen;69 jaar;2051;125;263;-138
9284;Mannen;69 jaar;2052;125;265;-140
9285;Mannen;69 jaar;2053;126;271;-145
9286;Mannen;69 jaar;2054;127;275;-148
9287;Mannen;69 jaar;2055;129;278;-149
9288;Mannen;69 jaar;2056;130;280;-150
9289;Mannen;69 jaar;2057;129;282;-153
9290;Mannen;69 jaar;2058;129;285;-156
9291;Mannen;69 jaar;2059;136;291;-155
9292;Mannen;70 jaar;2014;108;166;-58
9293;Mannen;70 jaar;2015;103;165;-62
9294;Mannen;70 jaar;2016;129;197;-68
9295;Mannen;70 jaar;2017;125;198;-73
9296;Mannen;70 jaar;2018;120;200;-80
9297;Mannen;70 jaar;2019;117;200;-83
9298;Mannen;70 jaar;2020;115;203;-88
9299;Mannen;70 jaar;2021;116;194;-78
9300;Mannen;70 jaar;2022;119;200;-81
9301;Mannen;70 jaar;2023;119;199;-80
9302;Mannen;70 jaar;2024;119;203;-84
9303;Mannen;70 jaar;2025;119;207;-88
9304;Mannen;70 jaar;2026;120;218;-98
9305;Mannen;70 jaar;2027;122;216;-94
9306;Mannen;70 jaar;2028;123;222;-99
9307;Mannen;70 jaar;2029;126;231;-105
9308;Mannen;70 jaar;2030;126;243;-117
9309;Mannen;70 jaar;2031;129;240;-111
9310;Mannen;70 jaar;2032;130;251;-121
9311;Mannen;70 jaar;2033;131;254;-123
9312;Mannen;70 jaar;2034;133;264;-131
9313;Mannen;70 jaar;2035;132;264;-132
9314;Mannen;70 jaar;2036;130;260;-130
9315;Mannen;70 jaar;2037;130;254;-124
9316;Mannen;70 jaar;2038;130;263;-133
9317;Mannen;70 jaar;2039;134;271;-137
9318;Mannen;70 jaar;2040;132;269;-137
9319;Mannen;70 jaar;2041;127;261;-134
9320;Mannen;70 jaar;2042;124;253;-129
9321;Mannen;70 jaar;2043;119;243;-124
9322;Mannen;70 jaar;2044;118;240;-122
9323;Mannen;70 jaar;2045;115;233;-118
9324;Mannen;70 jaar;2046;116;232;-116
9325;Mannen;70 jaar;2047;116;233;-117
9326;Mannen;70 jaar;2048;117;235;-118
9327;Mannen;70 jaar;2049;117;237;-120
9328;Mannen;70 jaar;2050;120;240;-120
9329;Mannen;70 jaar;2051;120;239;-119
9330;Mannen;70 jaar;2052;117;240;-123
9331;Mannen;70 jaar;2053;117;242;-125
9332;Mannen;70 jaar;2054;118;247;-129
9333;Mannen;70 jaar;2055;119;250;-131
9334;Mannen;70 jaar;2056;124;253;-129
9335;Mannen;70 jaar;2057;124;255;-131
9336;Mannen;70 jaar;2058;124;257;-133
9337;Mannen;70 jaar;2059;124;259;-135
9338;Mannen;71 jaar;2014;97;146;-49
9339;Mannen;71 jaar;2015;99;153;-54
9340;Mannen;71 jaar;2016;97;153;-56
9341;Mannen;71 jaar;2017;120;187;-67
9342;Mannen;71 jaar;2018;115;189;-74
9343;Mannen;71 jaar;2019;111;190;-79
9344;Mannen;71 jaar;2020;108;188;-80
9345;Mannen;71 jaar;2021;105;190;-85
9346;Mannen;71 jaar;2022;107;183;-76
9347;Mannen;71 jaar;2023;109;190;-81
9348;Mannen;71 jaar;2024;108;188;-80
9349;Mannen;71 jaar;2025;109;194;-85
9350;Mannen;71 jaar;2026;109;197;-88
9351;Mannen;71 jaar;2027;110;207;-97
9352;Mannen;71 jaar;2028;112;206;-94
9353;Mannen;71 jaar;2029;112;213;-101
9354;Mannen;71 jaar;2030;113;221;-108
9355;Mannen;71 jaar;2031;113;233;-120
9356;Mannen;71 jaar;2032;117;231;-114
9357;Mannen;71 jaar;2033;117;240;-123
9358;Mannen;71 jaar;2034;119;244;-125
9359;Mannen;71 jaar;2035;120;254;-134
9360;Mannen;71 jaar;2036;119;253;-134
9361;Mannen;71 jaar;2037;118;250;-132
9362;Mannen;71 jaar;2038;118;245;-127
9363;Mannen;71 jaar;2039;118;253;-135
9364;Mannen;71 jaar;2040;122;261;-139
9365;Mannen;71 jaar;2041;119;259;-140
9366;Mannen;71 jaar;2042;115;251;-136
9367;Mannen;71 jaar;2043;112;244;-132
9368;Mannen;71 jaar;2044;107;235;-128
9369;Mannen;71 jaar;2045;105;232;-127
9370;Mannen;71 jaar;2046;104;225;-121
9371;Mannen;71 jaar;2047;104;225;-121
9372;Mannen;71 jaar;2048;104;226;-122
9373;Mannen;71 jaar;2049;106;228;-122
9374;Mannen;71 jaar;2050;105;230;-125
9375;Mannen;71 jaar;2051;108;233;-125
9376;Mannen;71 jaar;2052;107;233;-126
9377;Mannen;71 jaar;2053;105;234;-129
9378;Mannen;71 jaar;2054;104;236;-132
9379;Mannen;71 jaar;2055;106;241;-135
9380;Mannen;71 jaar;2056;108;244;-136
9381;Mannen;71 jaar;2057;110;247;-137
9382;Mannen;71 jaar;2058;113;249;-136
9383;Mannen;71 jaar;2059;112;251;-139
9384;Mannen;72 jaar;2014;84;136;-52
9385;Mannen;72 jaar;2015;90;134;-44
9386;Mannen;72 jaar;2016;91;142;-51
9387;Mannen;72 jaar;2017;89;144;-55
9388;Mannen;72 jaar;2018;111;175;-64
9389;Mannen;72 jaar;2019;107;177;-70
9390;Mannen;72 jaar;2020;102;175;-73
9391;Mannen;72 jaar;2021;100;172;-72
9392;Mannen;72 jaar;2022;98;174;-76
9393;Mannen;72 jaar;2023;100;167;-67
9394;Mannen;72 jaar;2024;102;173;-71
9395;Mannen;72 jaar;2025;102;173;-71
9396;Mannen;72 jaar;2026;103;178;-75
9397;Mannen;72 jaar;2027;103;181;-78
9398;Mannen;72 jaar;2028;104;191;-87
9399;Mannen;72 jaar;2029;105;190;-85
9400;Mannen;72 jaar;2030;105;197;-92
9401;Mannen;72 jaar;2031;107;205;-98
9402;Mannen;72 jaar;2032;107;217;-110
9403;Mannen;72 jaar;2033;110;214;-104
9404;Mannen;72 jaar;2034;111;224;-113
9405;Mannen;72 jaar;2035;112;228;-116
9406;Mannen;72 jaar;2036;114;236;-122
9407;Mannen;72 jaar;2037;113;236;-123
9408;Mannen;72 jaar;2038;111;234;-123
9409;Mannen;72 jaar;2039;112;228;-116
9410;Mannen;72 jaar;2040;111;236;-125
9411;Mannen;72 jaar;2041;115;242;-127
9412;Mannen;72 jaar;2042;113;241;-128
9413;Mannen;72 jaar;2043;109;234;-125
9414;Mannen;72 jaar;2044;106;228;-122
9415;Mannen;72 jaar;2045;101;221;-120
9416;Mannen;72 jaar;2046;101;218;-117
9417;Mannen;72 jaar;2047;98;212;-114
9418;Mannen;72 jaar;2048;99;211;-112
9419;Mannen;72 jaar;2049;99;213;-114
9420;Mannen;72 jaar;2050;100;215;-115
9421;Mannen;72 jaar;2051;99;217;-118
9422;Mannen;72 jaar;2052;103;219;-116
9423;Mannen;72 jaar;2053;103;219;-116
9424;Mannen;72 jaar;2054;100;220;-120
9425;Mannen;72 jaar;2055;100;222;-122
9426;Mannen;72 jaar;2056;101;227;-126
9427;Mannen;72 jaar;2057;102;229;-127
9428;Mannen;72 jaar;2058;106;231;-125
9429;Mannen;72 jaar;2059;107;233;-126
9430;Mannen;73 jaar;2014;75;121;-46
9431;Mannen;73 jaar;2015;77;123;-46
9432;Mannen;73 jaar;2016;82;123;-41
9433;Mannen;73 jaar;2017;84;130;-46
9434;Mannen;73 jaar;2018;83;133;-50
9435;Mannen;73 jaar;2019;103;161;-58
9436;Mannen;73 jaar;2020;99;159;-60
9437;Mannen;73 jaar;2021;94;157;-63
9438;Mannen;73 jaar;2022;93;154;-61
9439;Mannen;73 jaar;2023;92;157;-65
9440;Mannen;73 jaar;2024;91;150;-59
9441;Mannen;73 jaar;2025;94;157;-63
9442;Mannen;73 jaar;2026;93;157;-64
9443;Mannen;73 jaar;2027;94;161;-67
9444;Mannen;73 jaar;2028;94;165;-71
9445;Mannen;73 jaar;2029;96;174;-78
9446;Mannen;73 jaar;2030;98;174;-76
9447;Mannen;73 jaar;2031;99;182;-83
9448;Mannen;73 jaar;2032;100;189;-89
9449;Mannen;73 jaar;2033;100;202;-102
9450;Mannen;73 jaar;2034;103;198;-95
9451;Mannen;73 jaar;2035;103;209;-106
9452;Mannen;73 jaar;2036;104;213;-109
9453;Mannen;73 jaar;2037;105;222;-117
9454;Mannen;73 jaar;2038;104;222;-118
9455;Mannen;73 jaar;2039;103;220;-117
9456;Mannen;73 jaar;2040;103;214;-111
9457;Mannen;73 jaar;2041;103;223;-120
9458;Mannen;73 jaar;2042;107;229;-122
9459;Mannen;73 jaar;2043;105;228;-123
9460;Mannen;73 jaar;2044;102;222;-120
9461;Mannen;73 jaar;2045;98;217;-119
9462;Mannen;73 jaar;2046;95;210;-115
9463;Mannen;73 jaar;2047;92;208;-116
9464;Mannen;73 jaar;2048;90;202;-112
9465;Mannen;73 jaar;2049;91;201;-110
9466;Mannen;73 jaar;2050;92;203;-111
9467;Mannen;73 jaar;2051;93;205;-112
9468;Mannen;73 jaar;2052;93;206;-113
9469;Mannen;73 jaar;2053;94;209;-115
9470;Mannen;73 jaar;2054;94;208;-114
9471;Mannen;73 jaar;2055;92;210;-118
9472;Mannen;73 jaar;2056;92;212;-120
9473;Mannen;73 jaar;2057;94;216;-122
9474;Mannen;73 jaar;2058;95;218;-123
9475;Mannen;73 jaar;2059;97;220;-123
9476;Mannen;74 jaar;2014;69;128;-59
9477;Mannen;74 jaar;2015;68;114;-46
9478;Mannen;74 jaar;2016;70;117;-47
9479;Mannen;74 jaar;2017;77;119;-42
9480;Mannen;74 jaar;2018;79;127;-48
9481;Mannen;74 jaar;2019;76;130;-54
9482;Mannen;74 jaar;2020;94;153;-59
9483;Mannen;74 jaar;2021;91;151;-60
9484;Mannen;74 jaar;2022;87;150;-63
9485;Mannen;74 jaar;2023;86;147;-61
9486;Mannen;74 jaar;2024;84;150;-66
9487;Mannen;74 jaar;2025;84;145;-61
9488;Mannen;74 jaar;2026;86;151;-65
9489;Mannen;74 jaar;2027;86;152;-66
9490;Mannen;74 jaar;2028;87;157;-70
9491;Mannen;74 jaar;2029;88;161;-73
9492;Mannen;74 jaar;2030;91;171;-80
9493;Mannen;74 jaar;2031;92;171;-79
9494;Mannen;74 jaar;2032;93;178;-85
9495;Mannen;74 jaar;2033;94;186;-92
9496;Mannen;74 jaar;2034;94;199;-105
9497;Mannen;74 jaar;2035;97;197;-100
9498;Mannen;74 jaar;2036;97;208;-111
9499;Mannen;74 jaar;2037;98;211;-113
9500;Mannen;74 jaar;2038;99;220;-121
9501;Mannen;74 jaar;2039;98;222;-124
9502;Mannen;74 jaar;2040;97;219;-122
9503;Mannen;74 jaar;2041;97;214;-117
9504;Mannen;74 jaar;2042;98;223;-125
9505;Mannen;74 jaar;2043;101;228;-127
9506;Mannen;74 jaar;2044;99;229;-130
9507;Mannen;74 jaar;2045;96;222;-126
9508;Mannen;74 jaar;2046;93;218;-125
9509;Mannen;74 jaar;2047;87;211;-124
9510;Mannen;74 jaar;2048;85;210;-125
9511;Mannen;74 jaar;2049;85;205;-120
9512;Mannen;74 jaar;2050;85;204;-119
9513;Mannen;74 jaar;2051;85;206;-121
9514;Mannen;74 jaar;2052;87;208;-121
9515;Mannen;74 jaar;2053;86;210;-124
9516;Mannen;74 jaar;2054;88;211;-123
9517;Mannen;74 jaar;2055;88;212;-124
9518;Mannen;74 jaar;2056;87;214;-127
9519;Mannen;74 jaar;2057;87;216;-129
9520;Mannen;74 jaar;2058;88;220;-132
9521;Mannen;74 jaar;2059;90;223;-133
9522;Mannen;75 jaar;2014;62;103;-41
9523;Mannen;75 jaar;2015;63;111;-48
9524;Mannen;75 jaar;2016;62;99;-37
9525;Mannen;75 jaar;2017;64;104;-40
9526;Mannen;75 jaar;2018;67;106;-39
9527;Mannen;75 jaar;2019;70;113;-43
9528;Mannen;75 jaar;2020;66;114;-48
9529;Mannen;75 jaar;2021;84;132;-48
9530;Mannen;75 jaar;2022;80;131;-51
9531;Mannen;75 jaar;2023;78;130;-52
9532;Mannen;75 jaar;2024;75;128;-53
9533;Mannen;75 jaar;2025;76;132;-56
9534;Mannen;75 jaar;2026;76;127;-51
9535;Mannen;75 jaar;2027;78;134;-56
9536;Mannen;75 jaar;2028;78;134;-56
9537;Mannen;75 jaar;2029;79;139;-60
9538;Mannen;75 jaar;2030;79;142;-63
9539;Mannen;75 jaar;2031;81;152;-71
9540;Mannen;75 jaar;2032;83;152;-69
9541;Mannen;75 jaar;2033;84;160;-76
9542;Mannen;75 jaar;2034;86;167;-81
9543;Mannen;75 jaar;2035;86;180;-94
9544;Mannen;75 jaar;2036;88;177;-89
9545;Mannen;75 jaar;2037;88;187;-99
9546;Mannen;75 jaar;2038;89;191;-102
9547;Mannen;75 jaar;2039;90;201;-111
9548;Mannen;75 jaar;2040;89;201;-112
9549;Mannen;75 jaar;2041;88;200;-112
9550;Mannen;75 jaar;2042;88;195;-107
9551;Mannen;75 jaar;2043;88;204;-116
9552;Mannen;75 jaar;2044;91;210;-119
9553;Mannen;75 jaar;2045;90;210;-120
9554;Mannen;75 jaar;2046;87;204;-117
9555;Mannen;75 jaar;2047;83;201;-118
9556;Mannen;75 jaar;2048;77;196;-119
9557;Mannen;75 jaar;2049;77;194;-117
9558;Mannen;75 jaar;2050;75;189;-114
9559;Mannen;75 jaar;2051;76;189;-113
9560;Mannen;75 jaar;2052;76;191;-115
9561;Mannen;75 jaar;2053;77;193;-116
9562;Mannen;75 jaar;2054;77;194;-117
9563;Mannen;75 jaar;2055;80;197;-117
9564;Mannen;75 jaar;2056;79;196;-117
9565;Mannen;75 jaar;2057;77;198;-121
9566;Mannen;75 jaar;2058;77;200;-123
9567;Mannen;75 jaar;2059;79;205;-126
9568;Mannen;76 jaar;2014;52;90;-38
9569;Mannen;76 jaar;2015;52;92;-40
9570;Mannen;76 jaar;2016;52;101;-49
9571;Mannen;76 jaar;2017;52;91;-39
9572;Mannen;76 jaar;2018;53;95;-42
9573;Mannen;76 jaar;2019;56;97;-41
9574;Mannen;76 jaar;2020;59;102;-43
9575;Mannen;76 jaar;2021;57;104;-47
9576;Mannen;76 jaar;2022;73;119;-46
9577;Mannen;76 jaar;2023;71;118;-47
9578;Mannen;76 jaar;2024;69;119;-50
9579;Mannen;76 jaar;2025;67;118;-51
9580;Mannen;76 jaar;2026;67;122;-55
9581;Mannen;76 jaar;2027;68;118;-50
9582;Mannen;76 jaar;2028;70;125;-55
9583;Mannen;76 jaar;2029;70;126;-56
9584;Mannen;76 jaar;2030;71;132;-61
9585;Mannen;76 jaar;2031;71;137;-66
9586;Mannen;76 jaar;2032;73;147;-74
9587;Mannen;76 jaar;2033;74;147;-73
9588;Mannen;76 jaar;2034;76;156;-80
9589;Mannen;76 jaar;2035;77;163;-86
9590;Mannen;76 jaar;2036;77;178;-101
9591;Mannen;76 jaar;2037;79;175;-96
9592;Mannen;76 jaar;2038;80;186;-106
9593;Mannen;76 jaar;2039;81;190;-109
9594;Mannen;76 jaar;2040;81;200;-119
9595;Mannen;76 jaar;2041;80;202;-122
9596;Mannen;76 jaar;2042;80;201;-121
9597;Mannen;76 jaar;2043;80;196;-116
9598;Mannen;76 jaar;2044;80;206;-126
9599;Mannen;76 jaar;2045;82;211;-129
9600;Mannen;76 jaar;2046;82;213;-131
9601;Mannen;76 jaar;2047;79;207;-128
9602;Mannen;76 jaar;2048;76;204;-128
9603;Mannen;76 jaar;2049;70;199;-129
9604;Mannen;76 jaar;2050;70;198;-128
9605;Mannen;76 jaar;2051;69;194;-125
9606;Mannen;76 jaar;2052;69;192;-123
9607;Mannen;76 jaar;2053;68;195;-127
9608;Mannen;76 jaar;2054;70;196;-126
9609;Mannen;76 jaar;2055;72;199;-127
9610;Mannen;76 jaar;2056;73;200;-127
9611;Mannen;76 jaar;2057;72;200;-128
9612;Mannen;76 jaar;2058;70;203;-133
9613;Mannen;76 jaar;2059;70;205;-135
9614;Mannen;77 jaar;2014;45;69;-24
9615;Mannen;77 jaar;2015;49;76;-27
9616;Mannen;77 jaar;2016;49;78;-29
9617;Mannen;77 jaar;2017;49;88;-39
9618;Mannen;77 jaar;2018;49;79;-30
9619;Mannen;77 jaar;2019;50;83;-33
9620;Mannen;77 jaar;2020;53;85;-32
9621;Mannen;77 jaar;2021;55;89;-34
9622;Mannen;77 jaar;2022;54;91;-37
9623;Mannen;77 jaar;2023;69;104;-35
9624;Mannen;77 jaar;2024;67;105;-38
9625;Mannen;77 jaar;2025;64;106;-42
9626;Mannen;77 jaar;2026;63;105;-42
9627;Mannen;77 jaar;2027;63;111;-48
9628;Mannen;77 jaar;2028;64;106;-42
9629;Mannen;77 jaar;2029;65;113;-48
9630;Mannen;77 jaar;2030;65;115;-50
9631;Mannen;77 jaar;2031;66;121;-55
9632;Mannen;77 jaar;2032;66;125;-59
9633;Mannen;77 jaar;2033;66;135;-69
9634;Mannen;77 jaar;2034;67;136;-69
9635;Mannen;77 jaar;2035;68;144;-76
9636;Mannen;77 jaar;2036;69;151;-82
9637;Mannen;77 jaar;2037;69;165;-96
9638;Mannen;77 jaar;2038;72;162;-90
9639;Mannen;77 jaar;2039;73;173;-100
9640;Mannen;77 jaar;2040;74;177;-103
9641;Mannen;77 jaar;2041;75;187;-112
9642;Mannen;77 jaar;2042;74;189;-115
9643;Mannen;77 jaar;2043;74;188;-114
9644;Mannen;77 jaar;2044;73;184;-111
9645;Mannen;77 jaar;2045;73;194;-121
9646;Mannen;77 jaar;2046;76;199;-123
9647;Mannen;77 jaar;2047;75;201;-126
9648;Mannen;77 jaar;2048;73;195;-122
9649;Mannen;77 jaar;2049;69;193;-124
9650;Mannen;77 jaar;2050;64;189;-125
9651;Mannen;77 jaar;2051;64;188;-124
9652;Mannen;77 jaar;2052;63;184;-121
9653;Mannen;77 jaar;2053;64;183;-119
9654;Mannen;77 jaar;2054;64;185;-121
9655;Mannen;77 jaar;2055;65;187;-122
9656;Mannen;77 jaar;2056;66;189;-123
9657;Mannen;77 jaar;2057;67;191;-124
9658;Mannen;77 jaar;2058;66;191;-125
9659;Mannen;77 jaar;2059;65;193;-128
9660;Mannen;78 jaar;2014;40;58;-18
9661;Mannen;78 jaar;2015;41;61;-20
9662;Mannen;78 jaar;2016;43;67;-24
9663;Mannen;78 jaar;2017;44;69;-25
9664;Mannen;78 jaar;2018;45;79;-34
9665;Mannen;78 jaar;2019;46;71;-25
9666;Mannen;78 jaar;2020;45;74;-29
9667;Mannen;78 jaar;2021;49;75;-26
9668;Mannen;78 jaar;2022;51;79;-28
9669;Mannen;78 jaar;2023;49;81;-32
9670;Mannen;78 jaar;2024;63;92;-29
9671;Mannen;78 jaar;2025;61;92;-31
9672;Mannen;78 jaar;2026;58;93;-35
9673;Mannen;78 jaar;2027;57;92;-35
9674;Mannen;78 jaar;2028;58;97;-39
9675;Mannen;78 jaar;2029;58;92;-34
9676;Mannen;78 jaar;2030;60;99;-39
9677;Mannen;78 jaar;2031;60;100;-40
9678;Mannen;78 jaar;2032;61;105;-44
9679;Mannen;78 jaar;2033;61;109;-48
9680;Mannen;78 jaar;2034;61;118;-57
9681;Mannen;78 jaar;2035;62;119;-57
9682;Mannen;78 jaar;2036;63;127;-64
9683;Mannen;78 jaar;2037;66;133;-67
9684;Mannen;78 jaar;2038;65;146;-81
9685;Mannen;78 jaar;2039;68;144;-76
9686;Mannen;78 jaar;2040;68;154;-86
9687;Mannen;78 jaar;2041;69;158;-89
9688;Mannen;78 jaar;2042;70;167;-97
9689;Mannen;78 jaar;2043;70;169;-99
9690;Mannen;78 jaar;2044;69;170;-101
9691;Mannen;78 jaar;2045;68;165;-97
9692;Mannen;78 jaar;2046;68;174;-106
9693;Mannen;78 jaar;2047;72;179;-107
9694;Mannen;78 jaar;2048;69;181;-112
9695;Mannen;78 jaar;2049;67;177;-110
9696;Mannen;78 jaar;2050;63;174;-111
9697;Mannen;78 jaar;2051;60;171;-111
9698;Mannen;78 jaar;2052;58;170;-112
9699;Mannen;78 jaar;2053;56;166;-110
9700;Mannen;78 jaar;2054;56;165;-109
9701;Mannen;78 jaar;2055;55;168;-113
9702;Mannen;78 jaar;2056;56;169;-113
9703;Mannen;78 jaar;2057;55;171;-116
9704;Mannen;78 jaar;2058;56;172;-116
9705;Mannen;78 jaar;2059;55;172;-117
9706;Mannen;79 jaar;2014;37;42;-5
9707;Mannen;79 jaar;2015;37;48;-11
9708;Mannen;79 jaar;2016;37;50;-13
9709;Mannen;79 jaar;2017;39;57;-18
9710;Mannen;79 jaar;2018;40;58;-18
9711;Mannen;79 jaar;2019;39;67;-28
9712;Mannen;79 jaar;2020;40;60;-20
9713;Mannen;79 jaar;2021;41;63;-22
9714;Mannen;79 jaar;2022;44;63;-19
9715;Mannen;79 jaar;2023;46;66;-20
9716;Mannen;79 jaar;2024;45;69;-24
9717;Mannen;79 jaar;2025;59;78;-19
9718;Mannen;79 jaar;2026;57;79;-22
9719;Mannen;79 jaar;2027;54;80;-26
9720;Mannen;79 jaar;2028;53;80;-27
9721;Mannen;79 jaar;2029;54;84;-30
9722;Mannen;79 jaar;2030;54;80;-26
9723;Mannen;79 jaar;2031;56;86;-30
9724;Mannen;79 jaar;2032;56;88;-32
9725;Mannen;79 jaar;2033;56;92;-36
9726;Mannen;79 jaar;2034;57;95;-38
9727;Mannen;79 jaar;2035;57;103;-46
9728;Mannen;79 jaar;2036;58;105;-47
9729;Mannen;79 jaar;2037;59;112;-53
9730;Mannen;79 jaar;2038;60;118;-58
9731;Mannen;79 jaar;2039;60;130;-70
9732;Mannen;79 jaar;2040;63;128;-65
9733;Mannen;79 jaar;2041;63;137;-74
9734;Mannen;79 jaar;2042;65;141;-76
9735;Mannen;79 jaar;2043;66;150;-84
9736;Mannen;79 jaar;2044;65;153;-88
9737;Mannen;79 jaar;2045;65;153;-88
9738;Mannen;79 jaar;2046;64;149;-85
9739;Mannen;79 jaar;2047;64;158;-94
9740;Mannen;79 jaar;2048;66;163;-97
9741;Mannen;79 jaar;2049;65;165;-100
9742;Mannen;79 jaar;2050;63;162;-99
9743;Mannen;79 jaar;2051;59;159;-100
9744;Mannen;79 jaar;2052;56;156;-100
9745;Mannen;79 jaar;2053;54;156;-102
9746;Mannen;79 jaar;2054;53;152;-99
9747;Mannen;79 jaar;2055;53;151;-98
9748;Mannen;79 jaar;2056;52;154;-102
9749;Mannen;79 jaar;2057;52;154;-102
9750;Mannen;79 jaar;2058;53;156;-103
9751;Mannen;79 jaar;2059;54;157;-103
9752;Mannen;80 jaar;2014;30;33;-3
9753;Mannen;80 jaar;2015;31;34;-3
9754;Mannen;80 jaar;2016;31;39;-8
9755;Mannen;80 jaar;2017;30;42;-12
9756;Mannen;80 jaar;2018;32;48;-16
9757;Mannen;80 jaar;2019;32;49;-17
9758;Mannen;80 jaar;2020;33;56;-23
9759;Mannen;80 jaar;2021;33;50;-17
9760;Mannen;80 jaar;2022;35;52;-17
9761;Mannen;80 jaar;2023;38;52;-14
9762;Mannen;80 jaar;2024;39;55;-16
9763;Mannen;80 jaar;2025;38;58;-20
9764;Mannen;80 jaar;2026;50;65;-15
9765;Mannen;80 jaar;2027;49;66;-17
9766;Mannen;80 jaar;2028;47;68;-21
9767;Mannen;80 jaar;2029;45;68;-23
9768;Mannen;80 jaar;2030;46;72;-26
9769;Mannen;80 jaar;2031;46;69;-23
9770;Mannen;80 jaar;2032;47;74;-27
9771;Mannen;80 jaar;2033;47;75;-28
9772;Mannen;80 jaar;2034;47;80;-33
9773;Mannen;80 jaar;2035;48;83;-35
9774;Mannen;80 jaar;2036;49;91;-42
9775;Mannen;80 jaar;2037;50;91;-41
9776;Mannen;80 jaar;2038;50;98;-48
9777;Mannen;80 jaar;2039;52;104;-52
9778;Mannen;80 jaar;2040;52;115;-63
9779;Mannen;80 jaar;2041;53;113;-60
9780;Mannen;80 jaar;2042;54;122;-68
9781;Mannen;80 jaar;2043;56;126;-70
9782;Mannen;80 jaar;2044;56;133;-77
9783;Mannen;80 jaar;2045;56;136;-80
9784;Mannen;80 jaar;2046;54;137;-83
9785;Mannen;80 jaar;2047;55;133;-78
9786;Mannen;80 jaar;2048;55;142;-87
9787;Mannen;80 jaar;2049;57;146;-89
9788;Mannen;80 jaar;2050;56;148;-92
9789;Mannen;80 jaar;2051;53;145;-92
9790;Mannen;80 jaar;2052;51;142;-91
9791;Mannen;80 jaar;2053;48;139;-91
9792;Mannen;80 jaar;2054;46;140;-94
9793;Mannen;80 jaar;2055;45;136;-91
9794;Mannen;80 jaar;2056;45;135;-90
9795;Mannen;80 jaar;2057;44;137;-93
9796;Mannen;80 jaar;2058;44;139;-95
9797;Mannen;80 jaar;2059;45;140;-95
9798;Mannen;81 jaar;2014;26;26;0
9799;Mannen;81 jaar;2015;26;26;0
9800;Mannen;81 jaar;2016;28;28;0
9801;Mannen;81 jaar;2017;28;32;-4
9802;Mannen;81 jaar;2018;28;35;-7
9803;Mannen;81 jaar;2019;30;39;-9
9804;Mannen;81 jaar;2020;30;40;-10
9805;Mannen;81 jaar;2021;31;46;-15
9806;Mannen;81 jaar;2022;31;40;-9
9807;Mannen;81 jaar;2023;33;42;-9
9808;Mannen;81 jaar;2024;35;41;-6
9809;Mannen;81 jaar;2025;37;43;-6
9810;Mannen;81 jaar;2026;36;45;-9
9811;Mannen;81 jaar;2027;47;51;-4
9812;Mannen;81 jaar;2028;45;52;-7
9813;Mannen;81 jaar;2029;44;53;-9
9814;Mannen;81 jaar;2030;43;52;-9
9815;Mannen;81 jaar;2031;44;55;-11
9816;Mannen;81 jaar;2032;44;52;-8
9817;Mannen;81 jaar;2033;45;56;-11
9818;Mannen;81 jaar;2034;45;56;-11
9819;Mannen;81 jaar;2035;45;59;-14
9820;Mannen;81 jaar;2036;46;62;-16
9821;Mannen;81 jaar;2037;47;68;-21
9822;Mannen;81 jaar;2038;48;68;-20
9823;Mannen;81 jaar;2039;49;73;-24
9824;Mannen;81 jaar;2040;50;78;-28
9825;Mannen;81 jaar;2041;50;87;-37
9826;Mannen;81 jaar;2042;51;86;-35
9827;Mannen;81 jaar;2043;52;93;-41
9828;Mannen;81 jaar;2044;53;96;-43
9829;Mannen;81 jaar;2045;55;103;-48
9830;Mannen;81 jaar;2046;53;105;-52
9831;Mannen;81 jaar;2047;53;106;-53
9832;Mannen;81 jaar;2048;53;102;-49
9833;Mannen;81 jaar;2049;53;110;-57
9834;Mannen;81 jaar;2050;55;115;-60
9835;Mannen;81 jaar;2051;54;116;-62
9836;Mannen;81 jaar;2052;51;114;-63
9837;Mannen;81 jaar;2053;49;111;-62
9838;Mannen;81 jaar;2054;46;109;-63
9839;Mannen;81 jaar;2055;45;109;-64
9840;Mannen;81 jaar;2056;43;105;-62
9841;Mannen;81 jaar;2057;43;104;-61
9842;Mannen;81 jaar;2058;43;106;-63
9843;Mannen;81 jaar;2059;44;107;-63
9844;Mannen;82 jaar;2014;24;20;4
9845;Mannen;82 jaar;2015;25;22;3
9846;Mannen;82 jaar;2016;25;23;2
9847;Mannen;82 jaar;2017;26;24;2
9848;Mannen;82 jaar;2018;27;28;-1
9849;Mannen;82 jaar;2019;27;30;-3
9850;Mannen;82 jaar;2020;29;34;-5
9851;Mannen;82 jaar;2021;30;34;-4
9852;Mannen;82 jaar;2022;31;40;-9
9853;Mannen;82 jaar;2023;31;35;-4
9854;Mannen;82 jaar;2024;32;37;-5
9855;Mannen;82 jaar;2025;35;35;0
9856;Mannen;82 jaar;2026;36;37;-1
9857;Mannen;82 jaar;2027;35;38;-3
9858;Mannen;82 jaar;2028;46;44;2
9859;Mannen;82 jaar;2029;43;44;-1
9860;Mannen;82 jaar;2030;42;45;-3
9861;Mannen;82 jaar;2031;41;44;-3
9862;Mannen;82 jaar;2032;41;46;-5
9863;Mannen;82 jaar;2033;42;43;-1
9864;Mannen;82 jaar;2034;43;46;-3
9865;Mannen;82 jaar;2035;43;46;-3
9866;Mannen;82 jaar;2036;43;49;-6
9867;Mannen;82 jaar;2037;44;51;-7
9868;Mannen;82 jaar;2038;45;56;-11
9869;Mannen;82 jaar;2039;46;56;-10
9870;Mannen;82 jaar;2040;46;60;-14
9871;Mannen;82 jaar;2041;48;65;-17
9872;Mannen;82 jaar;2042;48;73;-25
9873;Mannen;82 jaar;2043;49;73;-24
9874;Mannen;82 jaar;2044;50;78;-28
9875;Mannen;82 jaar;2045;50;81;-31
9876;Mannen;82 jaar;2046;51;88;-37
9877;Mannen;82 jaar;2047;50;90;-40
9878;Mannen;82 jaar;2048;50;91;-41
9879;Mannen;82 jaar;2049;50;87;-37
9880;Mannen;82 jaar;2050;50;95;-45
9881;Mannen;82 jaar;2051;53;99;-46
9882;Mannen;82 jaar;2052;51;101;-50
9883;Mannen;82 jaar;2053;50;99;-49
9884;Mannen;82 jaar;2054;48;96;-48
9885;Mannen;82 jaar;2055;45;94;-49
9886;Mannen;82 jaar;2056;43;95;-52
9887;Mannen;82 jaar;2057;42;90;-48
9888;Mannen;82 jaar;2058;42;89;-47
9889;Mannen;82 jaar;2059;41;92;-51
9890;Mannen;83 jaar;2014;23;17;6
9891;Mannen;83 jaar;2015;24;19;5
9892;Mannen;83 jaar;2016;23;20;3
9893;Mannen;83 jaar;2017;24;21;3
9894;Mannen;83 jaar;2018;24;23;1
9895;Mannen;83 jaar;2019;25;26;-1
9896;Mannen;83 jaar;2020;26;28;-2
9897;Mannen;83 jaar;2021;27;32;-5
9898;Mannen;83 jaar;2022;28;32;-4
9899;Mannen;83 jaar;2023;28;38;-10
9900;Mannen;83 jaar;2024;29;33;-4
9901;Mannen;83 jaar;2025;30;34;-4
9902;Mannen;83 jaar;2026;32;32;0
9903;Mannen;83 jaar;2027;34;34;0
9904;Mannen;83 jaar;2028;33;35;-2
9905;Mannen;83 jaar;2029;42;40;2
9906;Mannen;83 jaar;2030;41;41;0
9907;Mannen;83 jaar;2031;39;42;-3
9908;Mannen;83 jaar;2032;39;42;-3
9909;Mannen;83 jaar;2033;38;43;-5
9910;Mannen;83 jaar;2034;40;39;1
9911;Mannen;83 jaar;2035;41;42;-1
9912;Mannen;83 jaar;2036;40;42;-2
9913;Mannen;83 jaar;2037;41;45;-4
9914;Mannen;83 jaar;2038;41;47;-6
9915;Mannen;83 jaar;2039;42;51;-9
9916;Mannen;83 jaar;2040;43;51;-8
9917;Mannen;83 jaar;2041;44;54;-10
9918;Mannen;83 jaar;2042;45;60;-15
9919;Mannen;83 jaar;2043;45;67;-22
9920;Mannen;83 jaar;2044;47;67;-20
9921;Mannen;83 jaar;2045;47;72;-25
9922;Mannen;83 jaar;2046;48;75;-27
9923;Mannen;83 jaar;2047;49;81;-32
9924;Mannen;83 jaar;2048;48;83;-35
9925;Mannen;83 jaar;2049;47;85;-38
9926;Mannen;83 jaar;2050;48;80;-32
9927;Mannen;83 jaar;2051;48;88;-40
9928;Mannen;83 jaar;2052;50;92;-42
9929;Mannen;83 jaar;2053;49;93;-44
9930;Mannen;83 jaar;2054;47;92;-45
9931;Mannen;83 jaar;2055;45;90;-45
9932;Mannen;83 jaar;2056;43;88;-45
9933;Mannen;83 jaar;2057;41;88;-47
9934;Mannen;83 jaar;2058;40;84;-44
9935;Mannen;83 jaar;2059;40;83;-43
9936;Mannen;84 jaar;2014;17;14;3
9937;Mannen;84 jaar;2015;18;15;3
9938;Mannen;84 jaar;2016;19;16;3
9939;Mannen;84 jaar;2017;19;18;1
9940;Mannen;84 jaar;2018;20;19;1
9941;Mannen;84 jaar;2019;21;20;1
9942;Mannen;84 jaar;2020;20;22;-2
9943;Mannen;84 jaar;2021;20;25;-5
9944;Mannen;84 jaar;2022;22;27;-5
9945;Mannen;84 jaar;2023;22;28;-6
9946;Mannen;84 jaar;2024;24;32;-8
9947;Mannen;84 jaar;2025;24;29;-5
9948;Mannen;84 jaar;2026;24;29;-5
9949;Mannen;84 jaar;2027;28;29;-1
9950;Mannen;84 jaar;2028;28;30;-2
9951;Mannen;84 jaar;2029;27;31;-4
9952;Mannen;84 jaar;2030;37;36;1
9953;Mannen;84 jaar;2031;36;36;0
9954;Mannen;84 jaar;2032;34;37;-3
9955;Mannen;84 jaar;2033;34;37;-3
9956;Mannen;84 jaar;2034;32;38;-6
9957;Mannen;84 jaar;2035;34;35;-1
9958;Mannen;84 jaar;2036;35;38;-3
9959;Mannen;84 jaar;2037;35;38;-3
9960;Mannen;84 jaar;2038;36;40;-4
9961;Mannen;84 jaar;2039;36;42;-6
9962;Mannen;84 jaar;2040;37;46;-9
9963;Mannen;84 jaar;2041;38;46;-8
9964;Mannen;84 jaar;2042;39;48;-9
9965;Mannen;84 jaar;2043;40;53;-13
9966;Mannen;84 jaar;2044;40;59;-19
9967;Mannen;84 jaar;2045;42;59;-17
9968;Mannen;84 jaar;2046;42;64;-22
9969;Mannen;84 jaar;2047;43;67;-24
9970;Mannen;84 jaar;2048;43;72;-29
9971;Mannen;84 jaar;2049;43;74;-31
9972;Mannen;84 jaar;2050;42;74;-32
9973;Mannen;84 jaar;2051;43;71;-28
9974;Mannen;84 jaar;2052;43;77;-34
9975;Mannen;84 jaar;2053;45;81;-36
9976;Mannen;84 jaar;2054;44;82;-38
9977;Mannen;84 jaar;2055;42;82;-40
9978;Mannen;84 jaar;2056;40;79;-39
9979;Mannen;84 jaar;2057;38;78;-40
9980;Mannen;84 jaar;2058;37;77;-40
9981;Mannen;84 jaar;2059;35;73;-38
9982;Mannen;85 jaar;2014;14;10;4
9983;Mannen;85 jaar;2015;15;11;4
9984;Mannen;85 jaar;2016;16;11;5
9985;Mannen;85 jaar;2017;16;12;4
9986;Mannen;85 jaar;2018;16;14;2
9987;Mannen;85 jaar;2019;17;15;2
9988;Mannen;85 jaar;2020;17;16;1
9989;Mannen;85 jaar;2021;17;17;0
9990;Mannen;85 jaar;2022;17;19;-2
9991;Mannen;85 jaar;2023;18;21;-3
9992;Mannen;85 jaar;2024;20;21;-1
9993;Mannen;85 jaar;2025;21;25;-4
9994;Mannen;85 jaar;2026;21;22;-1
9995;Mannen;85 jaar;2027;22;23;-1
9996;Mannen;85 jaar;2028;24;22;2
9997;Mannen;85 jaar;2029;25;23;2
9998;Mannen;85 jaar;2030;24;25;-1
9999;Mannen;85 jaar;2031;33;28;5
