ID;Geslacht;LeeftijdOp31December;Perioden;Immigratie_1;EmigratieInclusiefCorrecties_2;MigratiesaldoInclusiefCorrecties_3
0;Mannen en Vrouwen;Totaal;2017;232700;150929;81771
1;Mannen en Vrouwen;Totaal;2018;218097;157741;60356
2;Mannen en Vrouwen;Totaal;2019;215043;163090;51953
3;Mannen en Vrouwen;Totaal;2020;214187;167713;46474
4;Mannen en Vrouwen;Totaal;2021;214488;171870;42618
5;Mannen en Vrouwen;Totaal;2022;215882;175750;40132
6;Mannen en Vrouwen;Totaal;2023;217431;179332;38099
7;Mannen en Vrouwen;Totaal;2024;218775;182517;36258
8;Mannen en Vrouwen;Totaal;2025;220520;185256;35264
9;Mannen en Vrouwen;Totaal;2026;221301;187619;33682
10;Mannen en Vrouwen;Totaal;2027;221856;189760;32096
11;Mannen en Vrouwen;Totaal;2028;222115;191039;31076
12;Mannen en Vrouwen;Totaal;2029;222144;192096;30048
13;Mannen en Vrouwen;Totaal;2030;222326;192992;29334
14;Mannen en Vrouwen;Totaal;2031;222393;193728;28665
15;Mannen en Vrouwen;Totaal;2032;222505;194347;28158
16;Mannen en Vrouwen;Totaal;2033;222498;194863;27635
17;Mannen en Vrouwen;Totaal;2034;222573;195340;27233
18;Mannen en Vrouwen;Totaal;2035;222587;195765;26822
19;Mannen en Vrouwen;Totaal;2036;222555;196116;26439
20;Mannen en Vrouwen;Totaal;2037;222488;196383;26105
21;Mannen en Vrouwen;Totaal;2038;222439;196604;25835
22;Mannen en Vrouwen;Totaal;2039;222467;196746;25721
23;Mannen en Vrouwen;Totaal;2040;222388;196873;25515
24;Mannen en Vrouwen;Totaal;2041;222286;196998;25288
25;Mannen en Vrouwen;Totaal;2042;222256;197131;25125
26;Mannen en Vrouwen;Totaal;2043;222324;197315;25009
27;Mannen en Vrouwen;Totaal;2044;222382;197477;24905
28;Mannen en Vrouwen;Totaal;2045;222246;197627;24619
29;Mannen en Vrouwen;Totaal;2046;222345;197759;24586
30;Mannen en Vrouwen;Totaal;2047;222458;197880;24578
31;Mannen en Vrouwen;Totaal;2048;222534;198038;24496
32;Mannen en Vrouwen;Totaal;2049;222558;198226;24332
33;Mannen en Vrouwen;Totaal;2050;222648;198431;24217
34;Mannen en Vrouwen;Totaal;2051;222711;198635;24076
35;Mannen en Vrouwen;Totaal;2052;222828;198833;23995
36;Mannen en Vrouwen;Totaal;2053;222840;199036;23804
37;Mannen en Vrouwen;Totaal;2054;222982;199228;23754
38;Mannen en Vrouwen;Totaal;2055;223122;199418;23704
39;Mannen en Vrouwen;Totaal;2056;223232;199595;23637
40;Mannen en Vrouwen;Totaal;2057;223268;199764;23504
41;Mannen en Vrouwen;Totaal;2058;223425;199919;23506
42;Mannen en Vrouwen;Totaal;2059;223436;200064;23372
43;Mannen en Vrouwen;0 jaar;2017;1658;450;1208
44;Mannen en Vrouwen;0 jaar;2018;1548;459;1089
45;Mannen en Vrouwen;0 jaar;2019;1526;469;1057
46;Mannen en Vrouwen;0 jaar;2020;1518;478;1040
47;Mannen en Vrouwen;0 jaar;2021;1526;489;1037
48;Mannen en Vrouwen;0 jaar;2022;1535;501;1034
49;Mannen en Vrouwen;0 jaar;2023;1548;512;1036
50;Mannen en Vrouwen;0 jaar;2024;1557;522;1035
51;Mannen en Vrouwen;0 jaar;2025;1574;530;1044
52;Mannen en Vrouwen;0 jaar;2026;1581;536;1045
53;Mannen en Vrouwen;0 jaar;2027;1587;542;1045
54;Mannen en Vrouwen;0 jaar;2028;1595;544;1051
55;Mannen en Vrouwen;0 jaar;2029;1594;546;1048
56;Mannen en Vrouwen;0 jaar;2030;1597;548;1049
57;Mannen en Vrouwen;0 jaar;2031;1600;548;1052
58;Mannen en Vrouwen;0 jaar;2032;1600;547;1053
59;Mannen en Vrouwen;0 jaar;2033;1598;547;1051
60;Mannen en Vrouwen;0 jaar;2034;1595;545;1050
61;Mannen en Vrouwen;0 jaar;2035;1593;545;1048
62;Mannen en Vrouwen;0 jaar;2036;1591;543;1048
63;Mannen en Vrouwen;0 jaar;2037;1589;542;1047
64;Mannen en Vrouwen;0 jaar;2038;1586;540;1046
65;Mannen en Vrouwen;0 jaar;2039;1583;538;1045
66;Mannen en Vrouwen;0 jaar;2040;1581;536;1045
67;Mannen en Vrouwen;0 jaar;2041;1577;534;1043
68;Mannen en Vrouwen;0 jaar;2042;1577;533;1044
69;Mannen en Vrouwen;0 jaar;2043;1574;531;1043
70;Mannen en Vrouwen;0 jaar;2044;1573;530;1043
71;Mannen en Vrouwen;0 jaar;2045;1571;530;1041
72;Mannen en Vrouwen;0 jaar;2046;1571;529;1042
73;Mannen en Vrouwen;0 jaar;2047;1571;528;1043
74;Mannen en Vrouwen;0 jaar;2048;1572;528;1044
75;Mannen en Vrouwen;0 jaar;2049;1572;528;1044
76;Mannen en Vrouwen;0 jaar;2050;1573;530;1043
77;Mannen en Vrouwen;0 jaar;2051;1574;531;1043
78;Mannen en Vrouwen;0 jaar;2052;1576;532;1044
79;Mannen en Vrouwen;0 jaar;2053;1579;534;1045
80;Mannen en Vrouwen;0 jaar;2054;1581;535;1046
81;Mannen en Vrouwen;0 jaar;2055;1583;538;1045
82;Mannen en Vrouwen;0 jaar;2056;1585;540;1045
83;Mannen en Vrouwen;0 jaar;2057;1587;540;1047
84;Mannen en Vrouwen;0 jaar;2058;1589;542;1047
85;Mannen en Vrouwen;0 jaar;2059;1591;545;1046
86;Mannen en Vrouwen;1 jaar;2017;2571;1476;1095
87;Mannen en Vrouwen;1 jaar;2018;2371;1503;868
88;Mannen en Vrouwen;1 jaar;2019;2324;1528;796
89;Mannen en Vrouwen;1 jaar;2020;2314;1558;756
90;Mannen en Vrouwen;1 jaar;2021;2316;1589;727
91;Mannen en Vrouwen;1 jaar;2022;2330;1625;705
92;Mannen en Vrouwen;1 jaar;2023;2357;1660;697
93;Mannen en Vrouwen;1 jaar;2024;2386;1691;695
94;Mannen en Vrouwen;1 jaar;2025;2414;1718;696
95;Mannen en Vrouwen;1 jaar;2026;2430;1741;689
96;Mannen en Vrouwen;1 jaar;2027;2445;1760;685
97;Mannen en Vrouwen;1 jaar;2028;2452;1772;680
98;Mannen en Vrouwen;1 jaar;2029;2457;1780;677
99;Mannen en Vrouwen;1 jaar;2030;2462;1784;678
100;Mannen en Vrouwen;1 jaar;2031;2466;1786;680
101;Mannen en Vrouwen;1 jaar;2032;2471;1786;685
102;Mannen en Vrouwen;1 jaar;2033;2465;1783;682
103;Mannen en Vrouwen;1 jaar;2034;2466;1781;685
104;Mannen en Vrouwen;1 jaar;2035;2464;1779;685
105;Mannen en Vrouwen;1 jaar;2036;2464;1775;689
106;Mannen en Vrouwen;1 jaar;2037;2459;1770;689
107;Mannen en Vrouwen;1 jaar;2038;2455;1764;691
108;Mannen en Vrouwen;1 jaar;2039;2451;1758;693
109;Mannen en Vrouwen;1 jaar;2040;2445;1752;693
110;Mannen en Vrouwen;1 jaar;2041;2436;1747;689
111;Mannen en Vrouwen;1 jaar;2042;2432;1740;692
112;Mannen en Vrouwen;1 jaar;2043;2429;1735;694
113;Mannen en Vrouwen;1 jaar;2044;2427;1731;696
114;Mannen en Vrouwen;1 jaar;2045;2424;1726;698
115;Mannen en Vrouwen;1 jaar;2046;2422;1724;698
116;Mannen en Vrouwen;1 jaar;2047;2422;1720;702
117;Mannen en Vrouwen;1 jaar;2048;2422;1719;703
118;Mannen en Vrouwen;1 jaar;2049;2418;1718;700
119;Mannen en Vrouwen;1 jaar;2050;2420;1719;701
120;Mannen en Vrouwen;1 jaar;2051;2423;1723;700
121;Mannen en Vrouwen;1 jaar;2052;2426;1726;700
122;Mannen en Vrouwen;1 jaar;2053;2427;1729;698
123;Mannen en Vrouwen;1 jaar;2054;2430;1734;696
124;Mannen en Vrouwen;1 jaar;2055;2438;1740;698
125;Mannen en Vrouwen;1 jaar;2056;2443;1745;698
126;Mannen en Vrouwen;1 jaar;2057;2446;1750;696
127;Mannen en Vrouwen;1 jaar;2058;2450;1755;695
128;Mannen en Vrouwen;1 jaar;2059;2452;1760;692
129;Mannen en Vrouwen;2 jaar;2017;2789;1624;1165
130;Mannen en Vrouwen;2 jaar;2018;2562;1620;942
131;Mannen en Vrouwen;2 jaar;2019;2508;1644;864
132;Mannen en Vrouwen;2 jaar;2020;2494;1669;825
133;Mannen en Vrouwen;2 jaar;2021;2497;1699;798
134;Mannen en Vrouwen;2 jaar;2022;2515;1731;784
135;Mannen en Vrouwen;2 jaar;2023;2546;1767;779
136;Mannen en Vrouwen;2 jaar;2024;2579;1799;780
137;Mannen en Vrouwen;2 jaar;2025;2610;1830;780
138;Mannen en Vrouwen;2 jaar;2026;2629;1855;774
139;Mannen en Vrouwen;2 jaar;2027;2648;1877;771
140;Mannen en Vrouwen;2 jaar;2028;2659;1891;768
141;Mannen en Vrouwen;2 jaar;2029;2663;1900;763
142;Mannen en Vrouwen;2 jaar;2030;2674;1907;767
143;Mannen en Vrouwen;2 jaar;2031;2675;1910;765
144;Mannen en Vrouwen;2 jaar;2032;2680;1913;767
145;Mannen en Vrouwen;2 jaar;2033;2679;1911;768
146;Mannen en Vrouwen;2 jaar;2034;2677;1909;768
147;Mannen en Vrouwen;2 jaar;2035;2675;1906;769
148;Mannen en Vrouwen;2 jaar;2036;2672;1903;769
149;Mannen en Vrouwen;2 jaar;2037;2669;1899;770
150;Mannen en Vrouwen;2 jaar;2038;2665;1894;771
151;Mannen en Vrouwen;2 jaar;2039;2662;1888;774
152;Mannen en Vrouwen;2 jaar;2040;2657;1881;776
153;Mannen en Vrouwen;2 jaar;2041;2648;1874;774
154;Mannen en Vrouwen;2 jaar;2042;2644;1866;778
155;Mannen en Vrouwen;2 jaar;2043;2641;1861;780
156;Mannen en Vrouwen;2 jaar;2044;2640;1855;785
157;Mannen en Vrouwen;2 jaar;2045;2633;1851;782
158;Mannen en Vrouwen;2 jaar;2046;2633;1846;787
159;Mannen en Vrouwen;2 jaar;2047;2631;1844;787
160;Mannen en Vrouwen;2 jaar;2048;2629;1840;789
161;Mannen en Vrouwen;2 jaar;2049;2630;1837;793
162;Mannen en Vrouwen;2 jaar;2050;2628;1839;789
163;Mannen en Vrouwen;2 jaar;2051;2628;1840;788
164;Mannen en Vrouwen;2 jaar;2052;2630;1840;790
165;Mannen en Vrouwen;2 jaar;2053;2633;1844;789
166;Mannen en Vrouwen;2 jaar;2054;2637;1848;789
167;Mannen en Vrouwen;2 jaar;2055;2642;1853;789
168;Mannen en Vrouwen;2 jaar;2056;2646;1858;788
169;Mannen en Vrouwen;2 jaar;2057;2648;1864;784
170;Mannen en Vrouwen;2 jaar;2058;2657;1869;788
171;Mannen en Vrouwen;2 jaar;2059;2659;1874;785
172;Mannen en Vrouwen;3 jaar;2017;2677;1737;940
173;Mannen en Vrouwen;3 jaar;2018;2431;1752;679
174;Mannen en Vrouwen;3 jaar;2019;2398;1745;653
175;Mannen en Vrouwen;3 jaar;2020;2379;1768;611
176;Mannen en Vrouwen;3 jaar;2021;2383;1796;587
177;Mannen en Vrouwen;3 jaar;2022;2405;1827;578
178;Mannen en Vrouwen;3 jaar;2023;2427;1859;568
179;Mannen en Vrouwen;3 jaar;2024;2452;1894;558
180;Mannen en Vrouwen;3 jaar;2025;2482;1923;559
181;Mannen en Vrouwen;3 jaar;2026;2508;1952;556
182;Mannen en Vrouwen;3 jaar;2027;2521;1976;545
183;Mannen en Vrouwen;3 jaar;2028;2531;1991;540
184;Mannen en Vrouwen;3 jaar;2029;2540;2004;536
185;Mannen en Vrouwen;3 jaar;2030;2550;2012;538
186;Mannen en Vrouwen;3 jaar;2031;2550;2018;532
187;Mannen en Vrouwen;3 jaar;2032;2553;2021;532
188;Mannen en Vrouwen;3 jaar;2033;2557;2022;535
189;Mannen en Vrouwen;3 jaar;2034;2555;2022;533
190;Mannen en Vrouwen;3 jaar;2035;2556;2019;537
191;Mannen en Vrouwen;3 jaar;2036;2553;2015;538
192;Mannen en Vrouwen;3 jaar;2037;2551;2013;538
193;Mannen en Vrouwen;3 jaar;2038;2548;2007;541
194;Mannen en Vrouwen;3 jaar;2039;2545;2002;543
195;Mannen en Vrouwen;3 jaar;2040;2539;1995;544
196;Mannen en Vrouwen;3 jaar;2041;2537;1988;549
197;Mannen en Vrouwen;3 jaar;2042;2533;1980;553
198;Mannen en Vrouwen;3 jaar;2043;2529;1975;554
199;Mannen en Vrouwen;3 jaar;2044;2525;1968;557
200;Mannen en Vrouwen;3 jaar;2045;2520;1962;558
201;Mannen en Vrouwen;3 jaar;2046;2518;1957;561
202;Mannen en Vrouwen;3 jaar;2047;2519;1952;567
203;Mannen en Vrouwen;3 jaar;2048;2518;1948;570
204;Mannen en Vrouwen;3 jaar;2049;2516;1946;570
205;Mannen en Vrouwen;3 jaar;2050;2516;1944;572
206;Mannen en Vrouwen;3 jaar;2051;2514;1943;571
207;Mannen en Vrouwen;3 jaar;2052;2515;1944;571
208;Mannen en Vrouwen;3 jaar;2053;2515;1946;569
209;Mannen en Vrouwen;3 jaar;2054;2521;1949;572
210;Mannen en Vrouwen;3 jaar;2055;2525;1953;572
211;Mannen en Vrouwen;3 jaar;2056;2527;1957;570
212;Mannen en Vrouwen;3 jaar;2057;2530;1962;568
213;Mannen en Vrouwen;3 jaar;2058;2533;1968;565
214;Mannen en Vrouwen;3 jaar;2059;2539;1974;565
215;Mannen en Vrouwen;4 jaar;2017;2509;1602;907
216;Mannen en Vrouwen;4 jaar;2018;2299;1705;594
217;Mannen en Vrouwen;4 jaar;2019;2249;1712;537
218;Mannen en Vrouwen;4 jaar;2020;2240;1707;533
219;Mannen en Vrouwen;4 jaar;2021;2239;1729;510
220;Mannen en Vrouwen;4 jaar;2022;2255;1754;501
221;Mannen en Vrouwen;4 jaar;2023;2279;1781;498
222;Mannen en Vrouwen;4 jaar;2024;2303;1806;497
223;Mannen en Vrouwen;4 jaar;2025;2334;1834;500
224;Mannen en Vrouwen;4 jaar;2026;2355;1858;497
225;Mannen en Vrouwen;4 jaar;2027;2374;1882;492
226;Mannen en Vrouwen;4 jaar;2028;2386;1898;488
227;Mannen en Vrouwen;4 jaar;2029;2389;1910;479
228;Mannen en Vrouwen;4 jaar;2030;2398;1920;478
229;Mannen en Vrouwen;4 jaar;2031;2408;1927;481
230;Mannen en Vrouwen;4 jaar;2032;2412;1930;482
231;Mannen en Vrouwen;4 jaar;2033;2415;1933;482
232;Mannen en Vrouwen;4 jaar;2034;2418;1934;484
233;Mannen en Vrouwen;4 jaar;2035;2418;1933;485
234;Mannen en Vrouwen;4 jaar;2036;2417;1930;487
235;Mannen en Vrouwen;4 jaar;2037;2414;1927;487
236;Mannen en Vrouwen;4 jaar;2038;2410;1923;487
237;Mannen en Vrouwen;4 jaar;2039;2409;1918;491
238;Mannen en Vrouwen;4 jaar;2040;2405;1913;492
239;Mannen en Vrouwen;4 jaar;2041;2401;1906;495
240;Mannen en Vrouwen;4 jaar;2042;2398;1900;498
241;Mannen en Vrouwen;4 jaar;2043;2393;1894;499
242;Mannen en Vrouwen;4 jaar;2044;2391;1888;503
243;Mannen en Vrouwen;4 jaar;2045;2384;1882;502
244;Mannen en Vrouwen;4 jaar;2046;2381;1875;506
245;Mannen en Vrouwen;4 jaar;2047;2382;1870;512
246;Mannen en Vrouwen;4 jaar;2048;2381;1866;515
247;Mannen en Vrouwen;4 jaar;2049;2378;1862;516
248;Mannen en Vrouwen;4 jaar;2050;2377;1860;517
249;Mannen en Vrouwen;4 jaar;2051;2377;1858;519
250;Mannen en Vrouwen;4 jaar;2052;2377;1858;519
251;Mannen en Vrouwen;4 jaar;2053;2378;1860;518
252;Mannen en Vrouwen;4 jaar;2054;2380;1860;520
253;Mannen en Vrouwen;4 jaar;2055;2383;1864;519
254;Mannen en Vrouwen;4 jaar;2056;2386;1867;519
255;Mannen en Vrouwen;4 jaar;2057;2392;1871;521
256;Mannen en Vrouwen;4 jaar;2058;2397;1876;521
257;Mannen en Vrouwen;4 jaar;2059;2398;1881;517
258;Mannen en Vrouwen;5 jaar;2017;2438;1557;881
259;Mannen en Vrouwen;5 jaar;2018;2195;1558;637
260;Mannen en Vrouwen;5 jaar;2019;2170;1644;526
261;Mannen en Vrouwen;5 jaar;2020;2141;1645;496
262;Mannen en Vrouwen;5 jaar;2021;2156;1645;511
263;Mannen en Vrouwen;5 jaar;2022;2161;1665;496
264;Mannen en Vrouwen;5 jaar;2023;2180;1685;495
265;Mannen en Vrouwen;5 jaar;2024;2209;1707;502
266;Mannen en Vrouwen;5 jaar;2025;2233;1727;506
267;Mannen en Vrouwen;5 jaar;2026;2254;1750;504
268;Mannen en Vrouwen;5 jaar;2027;2267;1769;498
269;Mannen en Vrouwen;5 jaar;2028;2279;1785;494
270;Mannen en Vrouwen;5 jaar;2029;2290;1796;494
271;Mannen en Vrouwen;5 jaar;2030;2300;1806;494
272;Mannen en Vrouwen;5 jaar;2031;2307;1814;493
273;Mannen en Vrouwen;5 jaar;2032;2314;1819;495
274;Mannen en Vrouwen;5 jaar;2033;2318;1822;496
275;Mannen en Vrouwen;5 jaar;2034;2320;1825;495
276;Mannen en Vrouwen;5 jaar;2035;2320;1826;494
277;Mannen en Vrouwen;5 jaar;2036;2320;1825;495
278;Mannen en Vrouwen;5 jaar;2037;2319;1822;497
279;Mannen en Vrouwen;5 jaar;2038;2318;1819;499
280;Mannen en Vrouwen;5 jaar;2039;2317;1815;502
281;Mannen en Vrouwen;5 jaar;2040;2314;1811;503
282;Mannen en Vrouwen;5 jaar;2041;2312;1804;508
283;Mannen en Vrouwen;5 jaar;2042;2308;1799;509
284;Mannen en Vrouwen;5 jaar;2043;2303;1793;510
285;Mannen en Vrouwen;5 jaar;2044;2300;1786;514
286;Mannen en Vrouwen;5 jaar;2045;2295;1781;514
287;Mannen en Vrouwen;5 jaar;2046;2294;1775;519
288;Mannen en Vrouwen;5 jaar;2047;2293;1769;524
289;Mannen en Vrouwen;5 jaar;2048;2291;1764;527
290;Mannen en Vrouwen;5 jaar;2049;2288;1761;527
291;Mannen en Vrouwen;5 jaar;2050;2286;1758;528
292;Mannen en Vrouwen;5 jaar;2051;2284;1755;529
293;Mannen en Vrouwen;5 jaar;2052;2285;1754;531
294;Mannen en Vrouwen;5 jaar;2053;2284;1754;530
295;Mannen en Vrouwen;5 jaar;2054;2286;1754;532
296;Mannen en Vrouwen;5 jaar;2055;2289;1757;532
297;Mannen en Vrouwen;5 jaar;2056;2290;1759;531
298;Mannen en Vrouwen;5 jaar;2057;2293;1762;531
299;Mannen en Vrouwen;5 jaar;2058;2296;1767;529
300;Mannen en Vrouwen;5 jaar;2059;2299;1772;527
301;Mannen en Vrouwen;6 jaar;2017;2340;1423;917
302;Mannen en Vrouwen;6 jaar;2018;2120;1470;650
303;Mannen en Vrouwen;6 jaar;2019;2060;1464;596
304;Mannen en Vrouwen;6 jaar;2020;2058;1536;522
305;Mannen en Vrouwen;6 jaar;2021;2046;1534;512
306;Mannen en Vrouwen;6 jaar;2022;2064;1539;525
307;Mannen en Vrouwen;6 jaar;2023;2083;1553;530
308;Mannen en Vrouwen;6 jaar;2024;2106;1569;537
309;Mannen en Vrouwen;6 jaar;2025;2131;1587;544
310;Mannen en Vrouwen;6 jaar;2026;2147;1600;547
311;Mannen en Vrouwen;6 jaar;2027;2158;1618;540
312;Mannen en Vrouwen;6 jaar;2028;2171;1631;540
313;Mannen en Vrouwen;6 jaar;2029;2178;1643;535
314;Mannen en Vrouwen;6 jaar;2030;2189;1650;539
315;Mannen en Vrouwen;6 jaar;2031;2200;1659;541
316;Mannen en Vrouwen;6 jaar;2032;2206;1665;541
317;Mannen en Vrouwen;6 jaar;2033;2212;1670;542
318;Mannen en Vrouwen;6 jaar;2034;2214;1673;541
319;Mannen en Vrouwen;6 jaar;2035;2218;1675;543
320;Mannen en Vrouwen;6 jaar;2036;2217;1675;542
321;Mannen en Vrouwen;6 jaar;2037;2216;1674;542
322;Mannen en Vrouwen;6 jaar;2038;2215;1671;544
323;Mannen en Vrouwen;6 jaar;2039;2214;1667;547
324;Mannen en Vrouwen;6 jaar;2040;2212;1664;548
325;Mannen en Vrouwen;6 jaar;2041;2208;1660;548
326;Mannen en Vrouwen;6 jaar;2042;2207;1653;554
327;Mannen en Vrouwen;6 jaar;2043;2203;1649;554
328;Mannen en Vrouwen;6 jaar;2044;2200;1643;557
329;Mannen en Vrouwen;6 jaar;2045;2196;1637;559
330;Mannen en Vrouwen;6 jaar;2046;2193;1631;562
331;Mannen en Vrouwen;6 jaar;2047;2191;1624;567
332;Mannen en Vrouwen;6 jaar;2048;2189;1619;570
333;Mannen en Vrouwen;6 jaar;2049;2187;1615;572
334;Mannen en Vrouwen;6 jaar;2050;2186;1611;575
335;Mannen en Vrouwen;6 jaar;2051;2184;1609;575
336;Mannen en Vrouwen;6 jaar;2052;2184;1607;577
337;Mannen en Vrouwen;6 jaar;2053;2183;1604;579
338;Mannen en Vrouwen;6 jaar;2054;2185;1605;580
339;Mannen en Vrouwen;6 jaar;2055;2186;1604;582
340;Mannen en Vrouwen;6 jaar;2056;2189;1607;582
341;Mannen en Vrouwen;6 jaar;2057;2192;1609;583
342;Mannen en Vrouwen;6 jaar;2058;2193;1612;581
343;Mannen en Vrouwen;6 jaar;2059;2195;1617;578
344;Mannen en Vrouwen;7 jaar;2017;2245;1307;938
345;Mannen en Vrouwen;7 jaar;2018;2029;1324;705
346;Mannen en Vrouwen;7 jaar;2019;1980;1359;621
347;Mannen en Vrouwen;7 jaar;2020;1951;1353;598
348;Mannen en Vrouwen;7 jaar;2021;1959;1414;545
349;Mannen en Vrouwen;7 jaar;2022;1959;1413;546
350;Mannen en Vrouwen;7 jaar;2023;1987;1416;571
351;Mannen en Vrouwen;7 jaar;2024;2006;1428;578
352;Mannen en Vrouwen;7 jaar;2025;2027;1440;587
353;Mannen en Vrouwen;7 jaar;2026;2040;1453;587
354;Mannen en Vrouwen;7 jaar;2027;2055;1464;591
355;Mannen en Vrouwen;7 jaar;2028;2062;1475;587
356;Mannen en Vrouwen;7 jaar;2029;2072;1485;587
357;Mannen en Vrouwen;7 jaar;2030;2080;1494;586
358;Mannen en Vrouwen;7 jaar;2031;2091;1502;589
359;Mannen en Vrouwen;7 jaar;2032;2101;1508;593
360;Mannen en Vrouwen;7 jaar;2033;2105;1514;591
361;Mannen en Vrouwen;7 jaar;2034;2110;1518;592
362;Mannen en Vrouwen;7 jaar;2035;2117;1521;596
363;Mannen en Vrouwen;7 jaar;2036;2115;1524;591
364;Mannen en Vrouwen;7 jaar;2037;2117;1523;594
365;Mannen en Vrouwen;7 jaar;2038;2117;1523;594
366;Mannen en Vrouwen;7 jaar;2039;2117;1519;598
367;Mannen en Vrouwen;7 jaar;2040;2113;1516;597
368;Mannen en Vrouwen;7 jaar;2041;2110;1513;597
369;Mannen en Vrouwen;7 jaar;2042;2108;1508;600
370;Mannen en Vrouwen;7 jaar;2043;2108;1504;604
371;Mannen en Vrouwen;7 jaar;2044;2104;1499;605
372;Mannen en Vrouwen;7 jaar;2045;2099;1493;606
373;Mannen en Vrouwen;7 jaar;2046;2099;1487;612
374;Mannen en Vrouwen;7 jaar;2047;2097;1482;615
375;Mannen en Vrouwen;7 jaar;2048;2097;1478;619
376;Mannen en Vrouwen;7 jaar;2049;2094;1472;622
377;Mannen en Vrouwen;7 jaar;2050;2094;1469;625
378;Mannen en Vrouwen;7 jaar;2051;2090;1466;624
379;Mannen en Vrouwen;7 jaar;2052;2089;1463;626
380;Mannen en Vrouwen;7 jaar;2053;2086;1461;625
381;Mannen en Vrouwen;7 jaar;2054;2087;1461;626
382;Mannen en Vrouwen;7 jaar;2055;2087;1460;627
383;Mannen en Vrouwen;7 jaar;2056;2089;1460;629
384;Mannen en Vrouwen;7 jaar;2057;2091;1462;629
385;Mannen en Vrouwen;7 jaar;2058;2094;1464;630
386;Mannen en Vrouwen;7 jaar;2059;2093;1467;626
387;Mannen en Vrouwen;8 jaar;2017;2128;1179;949
388;Mannen en Vrouwen;8 jaar;2018;1938;1237;701
389;Mannen en Vrouwen;8 jaar;2019;1886;1245;641
390;Mannen en Vrouwen;8 jaar;2020;1865;1276;589
391;Mannen en Vrouwen;8 jaar;2021;1853;1272;581
392;Mannen en Vrouwen;8 jaar;2022;1865;1327;538
393;Mannen en Vrouwen;8 jaar;2023;1878;1324;554
394;Mannen en Vrouwen;8 jaar;2024;1905;1327;578
395;Mannen en Vrouwen;8 jaar;2025;1926;1337;589
396;Mannen en Vrouwen;8 jaar;2026;1940;1345;595
397;Mannen en Vrouwen;8 jaar;2027;1950;1356;594
398;Mannen en Vrouwen;8 jaar;2028;1960;1362;598
399;Mannen en Vrouwen;8 jaar;2029;1963;1372;591
400;Mannen en Vrouwen;8 jaar;2030;1974;1379;595
401;Mannen en Vrouwen;8 jaar;2031;1982;1386;596
402;Mannen en Vrouwen;8 jaar;2032;1987;1393;594
403;Mannen en Vrouwen;8 jaar;2033;1990;1398;592
404;Mannen en Vrouwen;8 jaar;2034;1997;1404;593
405;Mannen en Vrouwen;8 jaar;2035;2000;1408;592
406;Mannen en Vrouwen;8 jaar;2036;2004;1410;594
407;Mannen en Vrouwen;8 jaar;2037;2003;1413;590
408;Mannen en Vrouwen;8 jaar;2038;2003;1413;590
409;Mannen en Vrouwen;8 jaar;2039;2005;1411;594
410;Mannen en Vrouwen;8 jaar;2040;2004;1409;595
411;Mannen en Vrouwen;8 jaar;2041;2002;1406;596
412;Mannen en Vrouwen;8 jaar;2042;2004;1404;600
413;Mannen en Vrouwen;8 jaar;2043;2005;1400;605
414;Mannen en Vrouwen;8 jaar;2044;2000;1395;605
415;Mannen en Vrouwen;8 jaar;2045;1996;1391;605
416;Mannen en Vrouwen;8 jaar;2046;1993;1386;607
417;Mannen en Vrouwen;8 jaar;2047;1993;1381;612
418;Mannen en Vrouwen;8 jaar;2048;1992;1376;616
419;Mannen en Vrouwen;8 jaar;2049;1988;1371;617
420;Mannen en Vrouwen;8 jaar;2050;1986;1368;618
421;Mannen en Vrouwen;8 jaar;2051;1984;1365;619
422;Mannen en Vrouwen;8 jaar;2052;1982;1362;620
423;Mannen en Vrouwen;8 jaar;2053;1982;1360;622
424;Mannen en Vrouwen;8 jaar;2054;1981;1358;623
425;Mannen en Vrouwen;8 jaar;2055;1982;1358;624
426;Mannen en Vrouwen;8 jaar;2056;1983;1357;626
427;Mannen en Vrouwen;8 jaar;2057;1985;1358;627
428;Mannen en Vrouwen;8 jaar;2058;1987;1360;627
429;Mannen en Vrouwen;8 jaar;2059;1987;1364;623
430;Mannen en Vrouwen;9 jaar;2017;2039;1115;924
431;Mannen en Vrouwen;9 jaar;2018;1854;1142;712
432;Mannen en Vrouwen;9 jaar;2019;1822;1189;633
433;Mannen en Vrouwen;9 jaar;2020;1792;1198;594
434;Mannen en Vrouwen;9 jaar;2021;1785;1226;559
435;Mannen en Vrouwen;9 jaar;2022;1784;1223;561
436;Mannen en Vrouwen;9 jaar;2023;1808;1271;537
437;Mannen en Vrouwen;9 jaar;2024;1817;1267;550
438;Mannen en Vrouwen;9 jaar;2025;1847;1270;577
439;Mannen en Vrouwen;9 jaar;2026;1857;1277;580
440;Mannen en Vrouwen;9 jaar;2027;1865;1284;581
441;Mannen en Vrouwen;9 jaar;2028;1873;1291;582
442;Mannen en Vrouwen;9 jaar;2029;1880;1295;585
443;Mannen en Vrouwen;9 jaar;2030;1882;1302;580
444;Mannen en Vrouwen;9 jaar;2031;1892;1309;583
445;Mannen en Vrouwen;9 jaar;2032;1899;1315;584
446;Mannen en Vrouwen;9 jaar;2033;1907;1320;587
447;Mannen en Vrouwen;9 jaar;2034;1909;1326;583
448;Mannen en Vrouwen;9 jaar;2035;1917;1330;587
449;Mannen en Vrouwen;9 jaar;2036;1918;1335;583
450;Mannen en Vrouwen;9 jaar;2037;1919;1337;582
451;Mannen en Vrouwen;9 jaar;2038;1919;1337;582
452;Mannen en Vrouwen;9 jaar;2039;1922;1338;584
453;Mannen en Vrouwen;9 jaar;2040;1921;1337;584
454;Mannen en Vrouwen;9 jaar;2041;1919;1334;585
455;Mannen en Vrouwen;9 jaar;2042;1918;1331;587
456;Mannen en Vrouwen;9 jaar;2043;1920;1329;591
457;Mannen en Vrouwen;9 jaar;2044;1916;1325;591
458;Mannen en Vrouwen;9 jaar;2045;1915;1321;594
459;Mannen en Vrouwen;9 jaar;2046;1912;1317;595
460;Mannen en Vrouwen;9 jaar;2047;1909;1312;597
461;Mannen en Vrouwen;9 jaar;2048;1908;1308;600
462;Mannen en Vrouwen;9 jaar;2049;1906;1304;602
463;Mannen en Vrouwen;9 jaar;2050;1908;1301;607
464;Mannen en Vrouwen;9 jaar;2051;1905;1297;608
465;Mannen en Vrouwen;9 jaar;2052;1903;1295;608
466;Mannen en Vrouwen;9 jaar;2053;1902;1292;610
467;Mannen en Vrouwen;9 jaar;2054;1903;1290;613
468;Mannen en Vrouwen;9 jaar;2055;1902;1289;613
469;Mannen en Vrouwen;9 jaar;2056;1904;1288;616
470;Mannen en Vrouwen;9 jaar;2057;1903;1288;615
471;Mannen en Vrouwen;9 jaar;2058;1904;1289;615
472;Mannen en Vrouwen;9 jaar;2059;1905;1291;614
473;Mannen en Vrouwen;10 jaar;2017;1919;1024;895
474;Mannen en Vrouwen;10 jaar;2018;1749;1073;676
475;Mannen en Vrouwen;10 jaar;2019;1713;1093;620
476;Mannen en Vrouwen;10 jaar;2020;1700;1135;565
477;Mannen en Vrouwen;10 jaar;2021;1691;1144;547
478;Mannen en Vrouwen;10 jaar;2022;1691;1170;521
479;Mannen en Vrouwen;10 jaar;2023;1693;1166;527
480;Mannen en Vrouwen;10 jaar;2024;1717;1208;509
481;Mannen en Vrouwen;10 jaar;2025;1724;1204;520
482;Mannen en Vrouwen;10 jaar;2026;1743;1205;538
483;Mannen en Vrouwen;10 jaar;2027;1753;1212;541
484;Mannen en Vrouwen;10 jaar;2028;1760;1214;546
485;Mannen en Vrouwen;10 jaar;2029;1766;1220;546
486;Mannen en Vrouwen;10 jaar;2030;1773;1222;551
487;Mannen en Vrouwen;10 jaar;2031;1777;1229;548
488;Mannen en Vrouwen;10 jaar;2032;1786;1234;552
489;Mannen en Vrouwen;10 jaar;2033;1793;1240;553
490;Mannen en Vrouwen;10 jaar;2034;1800;1245;555
491;Mannen en Vrouwen;10 jaar;2035;1798;1251;547
492;Mannen en Vrouwen;10 jaar;2036;1802;1255;547
493;Mannen en Vrouwen;10 jaar;2037;1805;1257;548
494;Mannen en Vrouwen;10 jaar;2038;1806;1260;546
495;Mannen en Vrouwen;10 jaar;2039;1806;1261;545
496;Mannen en Vrouwen;10 jaar;2040;1808;1261;547
497;Mannen en Vrouwen;10 jaar;2041;1809;1261;548
498;Mannen en Vrouwen;10 jaar;2042;1807;1258;549
499;Mannen en Vrouwen;10 jaar;2043;1807;1256;551
500;Mannen en Vrouwen;10 jaar;2044;1806;1254;552
501;Mannen en Vrouwen;10 jaar;2045;1804;1251;553
502;Mannen en Vrouwen;10 jaar;2046;1804;1247;557
503;Mannen en Vrouwen;10 jaar;2047;1804;1242;562
504;Mannen en Vrouwen;10 jaar;2048;1803;1239;564
505;Mannen en Vrouwen;10 jaar;2049;1801;1236;565
506;Mannen en Vrouwen;10 jaar;2050;1798;1232;566
507;Mannen en Vrouwen;10 jaar;2051;1797;1228;569
508;Mannen en Vrouwen;10 jaar;2052;1795;1226;569
509;Mannen en Vrouwen;10 jaar;2053;1792;1223;569
510;Mannen en Vrouwen;10 jaar;2054;1793;1221;572
511;Mannen en Vrouwen;10 jaar;2055;1794;1219;575
512;Mannen en Vrouwen;10 jaar;2056;1792;1220;572
513;Mannen en Vrouwen;10 jaar;2057;1794;1220;574
514;Mannen en Vrouwen;10 jaar;2058;1795;1219;576
515;Mannen en Vrouwen;10 jaar;2059;1796;1220;576
516;Mannen en Vrouwen;11 jaar;2017;1835;938;897
517;Mannen en Vrouwen;11 jaar;2018;1655;975;680
518;Mannen en Vrouwen;11 jaar;2019;1632;1016;616
519;Mannen en Vrouwen;11 jaar;2020;1611;1034;577
520;Mannen en Vrouwen;11 jaar;2021;1620;1074;546
521;Mannen en Vrouwen;11 jaar;2022;1617;1082;535
522;Mannen en Vrouwen;11 jaar;2023;1623;1104;519
523;Mannen en Vrouwen;11 jaar;2024;1624;1101;523
524;Mannen en Vrouwen;11 jaar;2025;1647;1137;510
525;Mannen en Vrouwen;11 jaar;2026;1644;1130;514
526;Mannen en Vrouwen;11 jaar;2027;1665;1133;532
527;Mannen en Vrouwen;11 jaar;2028;1666;1136;530
528;Mannen en Vrouwen;11 jaar;2029;1675;1137;538
529;Mannen en Vrouwen;11 jaar;2030;1680;1141;539
530;Mannen en Vrouwen;11 jaar;2031;1682;1144;538
531;Mannen en Vrouwen;11 jaar;2032;1688;1151;537
532;Mannen en Vrouwen;11 jaar;2033;1693;1154;539
533;Mannen en Vrouwen;11 jaar;2034;1703;1161;542
534;Mannen en Vrouwen;11 jaar;2035;1706;1166;540
535;Mannen en Vrouwen;11 jaar;2036;1710;1171;539
536;Mannen en Vrouwen;11 jaar;2037;1714;1176;538
537;Mannen en Vrouwen;11 jaar;2038;1716;1179;537
538;Mannen en Vrouwen;11 jaar;2039;1722;1180;542
539;Mannen en Vrouwen;11 jaar;2040;1720;1181;539
540;Mannen en Vrouwen;11 jaar;2041;1720;1181;539
541;Mannen en Vrouwen;11 jaar;2042;1720;1180;540
542;Mannen en Vrouwen;11 jaar;2043;1719;1179;540
543;Mannen en Vrouwen;11 jaar;2044;1720;1178;542
544;Mannen en Vrouwen;11 jaar;2045;1718;1175;543
545;Mannen en Vrouwen;11 jaar;2046;1715;1173;542
546;Mannen en Vrouwen;11 jaar;2047;1716;1169;547
547;Mannen en Vrouwen;11 jaar;2048;1715;1165;550
548;Mannen en Vrouwen;11 jaar;2049;1710;1163;547
549;Mannen en Vrouwen;11 jaar;2050;1709;1159;550
550;Mannen en Vrouwen;11 jaar;2051;1708;1156;552
551;Mannen en Vrouwen;11 jaar;2052;1705;1153;552
552;Mannen en Vrouwen;11 jaar;2053;1704;1151;553
553;Mannen en Vrouwen;11 jaar;2054;1701;1149;552
554;Mannen en Vrouwen;11 jaar;2055;1700;1147;553
555;Mannen en Vrouwen;11 jaar;2056;1699;1147;552
556;Mannen en Vrouwen;11 jaar;2057;1699;1145;554
557;Mannen en Vrouwen;11 jaar;2058;1699;1145;554
558;Mannen en Vrouwen;11 jaar;2059;1700;1146;554
559;Mannen en Vrouwen;12 jaar;2017;1722;860;862
560;Mannen en Vrouwen;12 jaar;2018;1567;897;670
561;Mannen en Vrouwen;12 jaar;2019;1529;925;604
562;Mannen en Vrouwen;12 jaar;2020;1522;964;558
563;Mannen en Vrouwen;12 jaar;2021;1522;980;542
564;Mannen en Vrouwen;12 jaar;2022;1525;1016;509
565;Mannen en Vrouwen;12 jaar;2023;1528;1024;504
566;Mannen en Vrouwen;12 jaar;2024;1538;1041;497
567;Mannen en Vrouwen;12 jaar;2025;1543;1038;505
568;Mannen en Vrouwen;12 jaar;2026;1561;1070;491
569;Mannen en Vrouwen;12 jaar;2027;1559;1062;497
570;Mannen en Vrouwen;12 jaar;2028;1574;1062;512
571;Mannen en Vrouwen;12 jaar;2029;1578;1063;515
572;Mannen en Vrouwen;12 jaar;2030;1579;1065;514
573;Mannen en Vrouwen;12 jaar;2031;1585;1068;517
574;Mannen en Vrouwen;12 jaar;2032;1586;1070;516
575;Mannen en Vrouwen;12 jaar;2033;1592;1076;516
576;Mannen en Vrouwen;12 jaar;2034;1599;1080;519
577;Mannen en Vrouwen;12 jaar;2035;1606;1086;520
578;Mannen en Vrouwen;12 jaar;2036;1607;1092;515
579;Mannen en Vrouwen;12 jaar;2037;1610;1096;514
580;Mannen en Vrouwen;12 jaar;2038;1615;1099;516
581;Mannen en Vrouwen;12 jaar;2039;1618;1103;515
582;Mannen en Vrouwen;12 jaar;2040;1618;1105;513
583;Mannen en Vrouwen;12 jaar;2041;1618;1105;513
584;Mannen en Vrouwen;12 jaar;2042;1619;1105;514
585;Mannen en Vrouwen;12 jaar;2043;1621;1106;515
586;Mannen en Vrouwen;12 jaar;2044;1622;1103;519
587;Mannen en Vrouwen;12 jaar;2045;1619;1101;518
588;Mannen en Vrouwen;12 jaar;2046;1615;1101;514
589;Mannen en Vrouwen;12 jaar;2047;1616;1098;518
590;Mannen en Vrouwen;12 jaar;2048;1616;1094;522
591;Mannen en Vrouwen;12 jaar;2049;1613;1092;521
592;Mannen en Vrouwen;12 jaar;2050;1611;1090;521
593;Mannen en Vrouwen;12 jaar;2051;1609;1086;523
594;Mannen en Vrouwen;12 jaar;2052;1609;1085;524
595;Mannen en Vrouwen;12 jaar;2053;1609;1082;527
596;Mannen en Vrouwen;12 jaar;2054;1608;1080;528
597;Mannen en Vrouwen;12 jaar;2055;1608;1078;530
598;Mannen en Vrouwen;12 jaar;2056;1609;1077;532
599;Mannen en Vrouwen;12 jaar;2057;1606;1076;530
600;Mannen en Vrouwen;12 jaar;2058;1607;1076;531
601;Mannen en Vrouwen;12 jaar;2059;1606;1076;530
602;Mannen en Vrouwen;13 jaar;2017;1649;795;854
603;Mannen en Vrouwen;13 jaar;2018;1491;827;664
604;Mannen en Vrouwen;13 jaar;2019;1457;858;599
605;Mannen en Vrouwen;13 jaar;2020;1441;885;556
606;Mannen en Vrouwen;13 jaar;2021;1444;919;525
607;Mannen en Vrouwen;13 jaar;2022;1450;935;515
608;Mannen en Vrouwen;13 jaar;2023;1459;967;492
609;Mannen en Vrouwen;13 jaar;2024;1463;973;490
610;Mannen en Vrouwen;13 jaar;2025;1475;989;486
611;Mannen en Vrouwen;13 jaar;2026;1470;985;485
612;Mannen en Vrouwen;13 jaar;2027;1486;1012;474
613;Mannen en Vrouwen;13 jaar;2028;1482;1003;479
614;Mannen en Vrouwen;13 jaar;2029;1493;1003;490
615;Mannen en Vrouwen;13 jaar;2030;1497;1003;494
616;Mannen en Vrouwen;13 jaar;2031;1501;1005;496
617;Mannen en Vrouwen;13 jaar;2032;1505;1007;498
618;Mannen en Vrouwen;13 jaar;2033;1507;1008;499
619;Mannen en Vrouwen;13 jaar;2034;1510;1013;497
620;Mannen en Vrouwen;13 jaar;2035;1515;1018;497
621;Mannen en Vrouwen;13 jaar;2036;1520;1023;497
622;Mannen en Vrouwen;13 jaar;2037;1522;1028;494
623;Mannen en Vrouwen;13 jaar;2038;1524;1031;493
624;Mannen en Vrouwen;13 jaar;2039;1528;1035;493
625;Mannen en Vrouwen;13 jaar;2040;1531;1037;494
626;Mannen en Vrouwen;13 jaar;2041;1533;1039;494
627;Mannen en Vrouwen;13 jaar;2042;1532;1040;492
628;Mannen en Vrouwen;13 jaar;2043;1533;1041;492
629;Mannen en Vrouwen;13 jaar;2044;1536;1040;496
630;Mannen en Vrouwen;13 jaar;2045;1534;1039;495
631;Mannen en Vrouwen;13 jaar;2046;1535;1037;498
632;Mannen en Vrouwen;13 jaar;2047;1537;1036;501
633;Mannen en Vrouwen;13 jaar;2048;1538;1035;503
634;Mannen en Vrouwen;13 jaar;2049;1537;1032;505
635;Mannen en Vrouwen;13 jaar;2050;1535;1030;505
636;Mannen en Vrouwen;13 jaar;2051;1534;1027;507
637;Mannen en Vrouwen;13 jaar;2052;1531;1025;506
638;Mannen en Vrouwen;13 jaar;2053;1528;1022;506
639;Mannen en Vrouwen;13 jaar;2054;1526;1021;505
640;Mannen en Vrouwen;13 jaar;2055;1523;1020;503
641;Mannen en Vrouwen;13 jaar;2056;1524;1018;506
642;Mannen en Vrouwen;13 jaar;2057;1523;1017;506
643;Mannen en Vrouwen;13 jaar;2058;1524;1017;507
644;Mannen en Vrouwen;13 jaar;2059;1524;1016;508
645;Mannen en Vrouwen;14 jaar;2017;1673;738;935
646;Mannen en Vrouwen;14 jaar;2018;1511;764;747
647;Mannen en Vrouwen;14 jaar;2019;1470;792;678
648;Mannen en Vrouwen;14 jaar;2020;1454;818;636
649;Mannen en Vrouwen;14 jaar;2021;1448;845;603
650;Mannen en Vrouwen;14 jaar;2022;1460;876;584
651;Mannen en Vrouwen;14 jaar;2023;1474;889;585
652;Mannen en Vrouwen;14 jaar;2024;1483;916;567
653;Mannen en Vrouwen;14 jaar;2025;1491;920;571
654;Mannen en Vrouwen;14 jaar;2026;1495;935;560
655;Mannen en Vrouwen;14 jaar;2027;1489;931;558
656;Mannen en Vrouwen;14 jaar;2028;1502;951;551
657;Mannen en Vrouwen;14 jaar;2029;1500;943;557
658;Mannen en Vrouwen;14 jaar;2030;1511;943;568
659;Mannen en Vrouwen;14 jaar;2031;1511;943;568
660;Mannen en Vrouwen;14 jaar;2032;1515;945;570
661;Mannen en Vrouwen;14 jaar;2033;1517;946;571
662;Mannen en Vrouwen;14 jaar;2034;1521;949;572
663;Mannen en Vrouwen;14 jaar;2035;1525;953;572
664;Mannen en Vrouwen;14 jaar;2036;1530;957;573
665;Mannen en Vrouwen;14 jaar;2037;1535;961;574
666;Mannen en Vrouwen;14 jaar;2038;1537;966;571
667;Mannen en Vrouwen;14 jaar;2039;1540;969;571
668;Mannen en Vrouwen;14 jaar;2040;1542;972;570
669;Mannen en Vrouwen;14 jaar;2041;1544;975;569
670;Mannen en Vrouwen;14 jaar;2042;1548;975;573
671;Mannen en Vrouwen;14 jaar;2043;1546;976;570
672;Mannen en Vrouwen;14 jaar;2044;1548;978;570
673;Mannen en Vrouwen;14 jaar;2045;1546;978;568
674;Mannen en Vrouwen;14 jaar;2046;1548;975;573
675;Mannen en Vrouwen;14 jaar;2047;1548;975;573
676;Mannen en Vrouwen;14 jaar;2048;1546;974;572
677;Mannen en Vrouwen;14 jaar;2049;1544;973;571
678;Mannen en Vrouwen;14 jaar;2050;1543;971;572
679;Mannen en Vrouwen;14 jaar;2051;1540;969;571
680;Mannen en Vrouwen;14 jaar;2052;1539;966;573
681;Mannen en Vrouwen;14 jaar;2053;1537;965;572
682;Mannen en Vrouwen;14 jaar;2054;1539;963;576
683;Mannen en Vrouwen;14 jaar;2055;1539;961;578
684;Mannen en Vrouwen;14 jaar;2056;1537;959;578
685;Mannen en Vrouwen;14 jaar;2057;1537;959;578
686;Mannen en Vrouwen;14 jaar;2058;1539;958;581
687;Mannen en Vrouwen;14 jaar;2059;1537;959;578
688;Mannen en Vrouwen;15 jaar;2017;1821;691;1130
689;Mannen en Vrouwen;15 jaar;2018;1643;718;925
690;Mannen en Vrouwen;15 jaar;2019;1605;741;864
691;Mannen en Vrouwen;15 jaar;2020;1584;765;819
692;Mannen en Vrouwen;15 jaar;2021;1578;791;787
693;Mannen en Vrouwen;15 jaar;2022;1582;813;769
694;Mannen en Vrouwen;15 jaar;2023;1598;842;756
695;Mannen en Vrouwen;15 jaar;2024;1615;852;763
696;Mannen en Vrouwen;15 jaar;2025;1629;875;754
697;Mannen en Vrouwen;15 jaar;2026;1630;878;752
698;Mannen en Vrouwen;15 jaar;2027;1636;889;747
699;Mannen en Vrouwen;15 jaar;2028;1626;881;745
700;Mannen en Vrouwen;15 jaar;2029;1639;900;739
701;Mannen en Vrouwen;15 jaar;2030;1634;891;743
702;Mannen en Vrouwen;15 jaar;2031;1642;891;751
703;Mannen en Vrouwen;15 jaar;2032;1647;892;755
704;Mannen en Vrouwen;15 jaar;2033;1651;893;758
705;Mannen en Vrouwen;15 jaar;2034;1650;895;755
706;Mannen en Vrouwen;15 jaar;2035;1652;898;754
707;Mannen en Vrouwen;15 jaar;2036;1658;901;757
708;Mannen en Vrouwen;15 jaar;2037;1662;906;756
709;Mannen en Vrouwen;15 jaar;2038;1667;911;756
710;Mannen en Vrouwen;15 jaar;2039;1669;913;756
711;Mannen en Vrouwen;15 jaar;2040;1668;916;752
712;Mannen en Vrouwen;15 jaar;2041;1673;919;754
713;Mannen en Vrouwen;15 jaar;2042;1675;921;754
714;Mannen en Vrouwen;15 jaar;2043;1679;922;757
715;Mannen en Vrouwen;15 jaar;2044;1678;924;754
716;Mannen en Vrouwen;15 jaar;2045;1679;924;755
717;Mannen en Vrouwen;15 jaar;2046;1680;924;756
718;Mannen en Vrouwen;15 jaar;2047;1679;923;756
719;Mannen en Vrouwen;15 jaar;2048;1677;921;756
720;Mannen en Vrouwen;15 jaar;2049;1677;920;757
721;Mannen en Vrouwen;15 jaar;2050;1677;919;758
722;Mannen en Vrouwen;15 jaar;2051;1676;917;759
723;Mannen en Vrouwen;15 jaar;2052;1676;916;760
724;Mannen en Vrouwen;15 jaar;2053;1672;914;758
725;Mannen en Vrouwen;15 jaar;2054;1673;912;761
726;Mannen en Vrouwen;15 jaar;2055;1673;911;762
727;Mannen en Vrouwen;15 jaar;2056;1674;909;765
728;Mannen en Vrouwen;15 jaar;2057;1673;908;765
729;Mannen en Vrouwen;15 jaar;2058;1673;907;766
730;Mannen en Vrouwen;15 jaar;2059;1672;907;765
731;Mannen en Vrouwen;16 jaar;2017;2113;673;1440
732;Mannen en Vrouwen;16 jaar;2018;1902;696;1206
733;Mannen en Vrouwen;16 jaar;2019;1866;720;1146
734;Mannen en Vrouwen;16 jaar;2020;1847;741;1106
735;Mannen en Vrouwen;16 jaar;2021;1840;762;1078
736;Mannen en Vrouwen;16 jaar;2022;1847;786;1061
737;Mannen en Vrouwen;16 jaar;2023;1856;806;1050
738;Mannen en Vrouwen;16 jaar;2024;1877;833;1044
739;Mannen en Vrouwen;16 jaar;2025;1899;841;1058
740;Mannen en Vrouwen;16 jaar;2026;1907;861;1046
741;Mannen en Vrouwen;16 jaar;2027;1909;862;1047
742;Mannen en Vrouwen;16 jaar;2028;1906;869;1037
743;Mannen en Vrouwen;16 jaar;2029;1897;861;1036
744;Mannen en Vrouwen;16 jaar;2030;1912;878;1034
745;Mannen en Vrouwen;16 jaar;2031;1905;869;1036
746;Mannen en Vrouwen;16 jaar;2032;1916;871;1045
747;Mannen en Vrouwen;16 jaar;2033;1919;870;1049
748;Mannen en Vrouwen;16 jaar;2034;1923;872;1051
749;Mannen en Vrouwen;16 jaar;2035;1925;875;1050
750;Mannen en Vrouwen;16 jaar;2036;1926;877;1049
751;Mannen en Vrouwen;16 jaar;2037;1929;881;1048
752;Mannen en Vrouwen;16 jaar;2038;1932;885;1047
753;Mannen en Vrouwen;16 jaar;2039;1940;890;1050
754;Mannen en Vrouwen;16 jaar;2040;1940;893;1047
755;Mannen en Vrouwen;16 jaar;2041;1941;896;1045
756;Mannen en Vrouwen;16 jaar;2042;1944;898;1046
757;Mannen en Vrouwen;16 jaar;2043;1948;901;1047
758;Mannen en Vrouwen;16 jaar;2044;1950;903;1047
759;Mannen en Vrouwen;16 jaar;2045;1950;904;1046
760;Mannen en Vrouwen;16 jaar;2046;1952;904;1048
761;Mannen en Vrouwen;16 jaar;2047;1954;904;1050
762;Mannen en Vrouwen;16 jaar;2048;1953;903;1050
763;Mannen en Vrouwen;16 jaar;2049;1952;902;1050
764;Mannen en Vrouwen;16 jaar;2050;1951;901;1050
765;Mannen en Vrouwen;16 jaar;2051;1952;899;1053
766;Mannen en Vrouwen;16 jaar;2052;1950;900;1050
767;Mannen en Vrouwen;16 jaar;2053;1948;898;1050
768;Mannen en Vrouwen;16 jaar;2054;1948;896;1052
769;Mannen en Vrouwen;16 jaar;2055;1948;895;1053
770;Mannen en Vrouwen;16 jaar;2056;1947;893;1054
771;Mannen en Vrouwen;16 jaar;2057;1947;892;1055
772;Mannen en Vrouwen;16 jaar;2058;1947;891;1056
773;Mannen en Vrouwen;16 jaar;2059;1945;890;1055
774;Mannen en Vrouwen;17 jaar;2017;2299;671;1628
775;Mannen en Vrouwen;17 jaar;2018;2071;668;1403
776;Mannen en Vrouwen;17 jaar;2019;2036;688;1348
777;Mannen en Vrouwen;17 jaar;2020;2023;709;1314
778;Mannen en Vrouwen;17 jaar;2021;2021;730;1291
779;Mannen en Vrouwen;17 jaar;2022;2026;750;1276
780;Mannen en Vrouwen;17 jaar;2023;2036;771;1265
781;Mannen en Vrouwen;17 jaar;2024;2043;789;1254
782;Mannen en Vrouwen;17 jaar;2025;2071;812;1259
783;Mannen en Vrouwen;17 jaar;2026;2084;819;1265
784;Mannen en Vrouwen;17 jaar;2027;2094;836;1258
785;Mannen en Vrouwen;17 jaar;2028;2093;835;1258
786;Mannen en Vrouwen;17 jaar;2029;2087;842;1245
787;Mannen en Vrouwen;17 jaar;2030;2079;834;1245
788;Mannen en Vrouwen;17 jaar;2031;2089;848;1241
789;Mannen en Vrouwen;17 jaar;2032;2090;840;1250
790;Mannen en Vrouwen;17 jaar;2033;2097;843;1254
791;Mannen en Vrouwen;17 jaar;2034;2096;842;1254
792;Mannen en Vrouwen;17 jaar;2035;2098;844;1254
793;Mannen en Vrouwen;17 jaar;2036;2102;847;1255
794;Mannen en Vrouwen;17 jaar;2037;2100;850;1250
795;Mannen en Vrouwen;17 jaar;2038;2105;854;1251
796;Mannen en Vrouwen;17 jaar;2039;2110;858;1252
797;Mannen en Vrouwen;17 jaar;2040;2116;862;1254
798;Mannen en Vrouwen;17 jaar;2041;2116;864;1252
799;Mannen en Vrouwen;17 jaar;2042;2118;869;1249
800;Mannen en Vrouwen;17 jaar;2043;2121;872;1249
801;Mannen en Vrouwen;17 jaar;2044;2124;874;1250
802;Mannen en Vrouwen;17 jaar;2045;2128;876;1252
803;Mannen en Vrouwen;17 jaar;2046;2129;876;1253
804;Mannen en Vrouwen;17 jaar;2047;2130;877;1253
805;Mannen en Vrouwen;17 jaar;2048;2131;877;1254
806;Mannen en Vrouwen;17 jaar;2049;2131;877;1254
807;Mannen en Vrouwen;17 jaar;2050;2131;876;1255
808;Mannen en Vrouwen;17 jaar;2051;2130;876;1254
809;Mannen en Vrouwen;17 jaar;2052;2129;875;1254
810;Mannen en Vrouwen;17 jaar;2053;2127;874;1253
811;Mannen en Vrouwen;17 jaar;2054;2125;872;1253
812;Mannen en Vrouwen;17 jaar;2055;2124;870;1254
813;Mannen en Vrouwen;17 jaar;2056;2123;870;1253
814;Mannen en Vrouwen;17 jaar;2057;2121;869;1252
815;Mannen en Vrouwen;17 jaar;2058;2120;868;1252
816;Mannen en Vrouwen;17 jaar;2059;2120;867;1253
817;Mannen en Vrouwen;18 jaar;2017;5108;1201;3907
818;Mannen en Vrouwen;18 jaar;2018;4852;1233;3619
819;Mannen en Vrouwen;18 jaar;2019;4791;1234;3557
820;Mannen en Vrouwen;18 jaar;2020;4769;1275;3494
821;Mannen en Vrouwen;18 jaar;2021;4765;1320;3445
822;Mannen en Vrouwen;18 jaar;2022;4775;1360;3415
823;Mannen en Vrouwen;18 jaar;2023;4780;1404;3376
824;Mannen en Vrouwen;18 jaar;2024;4799;1447;3352
825;Mannen en Vrouwen;18 jaar;2025;4828;1483;3345
826;Mannen en Vrouwen;18 jaar;2026;4855;1529;3326
827;Mannen en Vrouwen;18 jaar;2027;4863;1547;3316
828;Mannen en Vrouwen;18 jaar;2028;4870;1574;3296
829;Mannen en Vrouwen;18 jaar;2029;4858;1572;3286
830;Mannen en Vrouwen;18 jaar;2030;4854;1583;3271
831;Mannen en Vrouwen;18 jaar;2031;4835;1573;3262
832;Mannen en Vrouwen;18 jaar;2032;4855;1595;3260
833;Mannen en Vrouwen;18 jaar;2033;4847;1582;3265
834;Mannen en Vrouwen;18 jaar;2034;4861;1582;3279
835;Mannen en Vrouwen;18 jaar;2035;4867;1577;3290
836;Mannen en Vrouwen;18 jaar;2036;4872;1581;3291
837;Mannen en Vrouwen;18 jaar;2037;4877;1585;3292
838;Mannen en Vrouwen;18 jaar;2038;4882;1590;3292
839;Mannen en Vrouwen;18 jaar;2039;4887;1596;3291
840;Mannen en Vrouwen;18 jaar;2040;4894;1602;3292
841;Mannen en Vrouwen;18 jaar;2041;4900;1608;3292
842;Mannen en Vrouwen;18 jaar;2042;4905;1613;3292
843;Mannen en Vrouwen;18 jaar;2043;4917;1618;3299
844;Mannen en Vrouwen;18 jaar;2044;4923;1622;3301
845;Mannen en Vrouwen;18 jaar;2045;4921;1625;3296
846;Mannen en Vrouwen;18 jaar;2046;4927;1629;3298
847;Mannen en Vrouwen;18 jaar;2047;4931;1628;3303
848;Mannen en Vrouwen;18 jaar;2048;4933;1630;3303
849;Mannen en Vrouwen;18 jaar;2049;4933;1627;3306
850;Mannen en Vrouwen;18 jaar;2050;4932;1627;3305
851;Mannen en Vrouwen;18 jaar;2051;4932;1625;3307
852;Mannen en Vrouwen;18 jaar;2052;4932;1623;3309
853;Mannen en Vrouwen;18 jaar;2053;4929;1621;3308
854;Mannen en Vrouwen;18 jaar;2054;4928;1618;3310
855;Mannen en Vrouwen;18 jaar;2055;4927;1616;3311
856;Mannen en Vrouwen;18 jaar;2056;4925;1613;3312
857;Mannen en Vrouwen;18 jaar;2057;4920;1610;3310
858;Mannen en Vrouwen;18 jaar;2058;4919;1606;3313
859;Mannen en Vrouwen;18 jaar;2059;4917;1603;3314
860;Mannen en Vrouwen;19 jaar;2017;7110;1933;5177
861;Mannen en Vrouwen;19 jaar;2018;6820;2018;4802
862;Mannen en Vrouwen;19 jaar;2019;6790;2061;4729
863;Mannen en Vrouwen;19 jaar;2020;6761;2065;4696
864;Mannen en Vrouwen;19 jaar;2021;6759;2119;4640
865;Mannen en Vrouwen;19 jaar;2022;6784;2179;4605
866;Mannen en Vrouwen;19 jaar;2023;6797;2231;4566
867;Mannen en Vrouwen;19 jaar;2024;6805;2286;4519
868;Mannen en Vrouwen;19 jaar;2025;6842;2340;4502
869;Mannen en Vrouwen;19 jaar;2026;6855;2383;4472
870;Mannen en Vrouwen;19 jaar;2027;6879;2442;4437
871;Mannen en Vrouwen;19 jaar;2028;6888;2459;4429
872;Mannen en Vrouwen;19 jaar;2029;6891;2488;4403
873;Mannen en Vrouwen;19 jaar;2030;6882;2482;4400
874;Mannen en Vrouwen;19 jaar;2031;6874;2492;4382
875;Mannen en Vrouwen;19 jaar;2032;6862;2476;4386
876;Mannen en Vrouwen;19 jaar;2033;6879;2503;4376
877;Mannen en Vrouwen;19 jaar;2034;6868;2486;4382
878;Mannen en Vrouwen;19 jaar;2035;6881;2484;4397
879;Mannen en Vrouwen;19 jaar;2036;6879;2475;4404
880;Mannen en Vrouwen;19 jaar;2037;6887;2477;4410
881;Mannen en Vrouwen;19 jaar;2038;6892;2483;4409
882;Mannen en Vrouwen;19 jaar;2039;6902;2487;4415
883;Mannen en Vrouwen;19 jaar;2040;6912;2495;4417
884;Mannen en Vrouwen;19 jaar;2041;6920;2502;4418
885;Mannen en Vrouwen;19 jaar;2042;6926;2510;4416
886;Mannen en Vrouwen;19 jaar;2043;6935;2516;4419
887;Mannen en Vrouwen;19 jaar;2044;6942;2521;4421
888;Mannen en Vrouwen;19 jaar;2045;6947;2526;4421
889;Mannen en Vrouwen;19 jaar;2046;6953;2528;4425
890;Mannen en Vrouwen;19 jaar;2047;6958;2528;4430
891;Mannen en Vrouwen;19 jaar;2048;6962;2528;4434
892;Mannen en Vrouwen;19 jaar;2049;6962;2528;4434
893;Mannen en Vrouwen;19 jaar;2050;6962;2526;4436
894;Mannen en Vrouwen;19 jaar;2051;6960;2523;4437
895;Mannen en Vrouwen;19 jaar;2052;6961;2519;4442
896;Mannen en Vrouwen;19 jaar;2053;6959;2515;4444
897;Mannen en Vrouwen;19 jaar;2054;6960;2510;4450
898;Mannen en Vrouwen;19 jaar;2055;6960;2507;4453
899;Mannen en Vrouwen;19 jaar;2056;6955;2501;4454
900;Mannen en Vrouwen;19 jaar;2057;6952;2497;4455
901;Mannen en Vrouwen;19 jaar;2058;6949;2490;4459
902;Mannen en Vrouwen;19 jaar;2059;6947;2486;4461
903;Mannen en Vrouwen;20 jaar;2017;8319;3332;4987
904;Mannen en Vrouwen;20 jaar;2018;7997;3430;4567
905;Mannen en Vrouwen;20 jaar;2019;7940;3536;4404
906;Mannen en Vrouwen;20 jaar;2020;7936;3596;4340
907;Mannen en Vrouwen;20 jaar;2021;7937;3608;4329
908;Mannen en Vrouwen;20 jaar;2022;7970;3686;4284
909;Mannen en Vrouwen;20 jaar;2023;7994;3771;4223
910;Mannen en Vrouwen;20 jaar;2024;8008;3840;4168
911;Mannen en Vrouwen;20 jaar;2025;8052;3917;4135
912;Mannen en Vrouwen;20 jaar;2026;8067;3990;4077
913;Mannen en Vrouwen;20 jaar;2027;8074;4057;4017
914;Mannen en Vrouwen;20 jaar;2028;8089;4121;3968
915;Mannen en Vrouwen;20 jaar;2029;8089;4139;3950
916;Mannen en Vrouwen;20 jaar;2030;8100;4177;3923
917;Mannen en Vrouwen;20 jaar;2031;8085;4169;3916
918;Mannen en Vrouwen;20 jaar;2032;8087;4180;3907
919;Mannen en Vrouwen;20 jaar;2033;8073;4158;3915
920;Mannen en Vrouwen;20 jaar;2034;8087;4188;3899
921;Mannen en Vrouwen;20 jaar;2035;8079;4165;3914
922;Mannen en Vrouwen;20 jaar;2036;8092;4153;3939
923;Mannen en Vrouwen;20 jaar;2037;8095;4138;3957
924;Mannen en Vrouwen;20 jaar;2038;8103;4137;3966
925;Mannen en Vrouwen;20 jaar;2039;8108;4140;3968
926;Mannen en Vrouwen;20 jaar;2040;8114;4141;3973
927;Mannen en Vrouwen;20 jaar;2041;8124;4147;3977
928;Mannen en Vrouwen;20 jaar;2042;8128;4154;3974
929;Mannen en Vrouwen;20 jaar;2043;8137;4161;3976
930;Mannen en Vrouwen;20 jaar;2044;8145;4165;3980
931;Mannen en Vrouwen;20 jaar;2045;8155;4167;3988
932;Mannen en Vrouwen;20 jaar;2046;8160;4169;3991
933;Mannen en Vrouwen;20 jaar;2047;8164;4169;3995
934;Mannen en Vrouwen;20 jaar;2048;8171;4166;4005
935;Mannen en Vrouwen;20 jaar;2049;8175;4163;4012
936;Mannen en Vrouwen;20 jaar;2050;8178;4160;4018
937;Mannen en Vrouwen;20 jaar;2051;8179;4154;4025
938;Mannen en Vrouwen;20 jaar;2052;8178;4146;4032
939;Mannen en Vrouwen;20 jaar;2053;8178;4138;4040
940;Mannen en Vrouwen;20 jaar;2054;8179;4131;4048
941;Mannen en Vrouwen;20 jaar;2055;8181;4123;4058
942;Mannen en Vrouwen;20 jaar;2056;8182;4113;4069
943;Mannen en Vrouwen;20 jaar;2057;8179;4104;4075
944;Mannen en Vrouwen;20 jaar;2058;8180;4095;4085
945;Mannen en Vrouwen;20 jaar;2059;8175;4084;4091
946;Mannen en Vrouwen;21 jaar;2017;9301;5293;4008
947;Mannen en Vrouwen;21 jaar;2018;8873;5571;3302
948;Mannen en Vrouwen;21 jaar;2019;8818;5663;3155
949;Mannen en Vrouwen;21 jaar;2020;8806;5793;3013
950;Mannen en Vrouwen;21 jaar;2021;8823;5874;2949
951;Mannen en Vrouwen;21 jaar;2022;8859;5896;2963
952;Mannen en Vrouwen;21 jaar;2023;8896;6003;2893
953;Mannen en Vrouwen;21 jaar;2024;8928;6107;2821
954;Mannen en Vrouwen;21 jaar;2025;8970;6193;2777
955;Mannen en Vrouwen;21 jaar;2026;8984;6289;2695
956;Mannen en Vrouwen;21 jaar;2027;8997;6383;2614
957;Mannen en Vrouwen;21 jaar;2028;8995;6440;2555
958;Mannen en Vrouwen;21 jaar;2029;9009;6516;2493
959;Mannen en Vrouwen;21 jaar;2030;9013;6536;2477
960;Mannen en Vrouwen;21 jaar;2031;9018;6580;2438
961;Mannen en Vrouwen;21 jaar;2032;9006;6566;2440
962;Mannen en Vrouwen;21 jaar;2033;9002;6576;2426
963;Mannen en Vrouwen;21 jaar;2034;8993;6544;2449
964;Mannen en Vrouwen;21 jaar;2035;9008;6576;2432
965;Mannen en Vrouwen;21 jaar;2036;8996;6543;2453
966;Mannen en Vrouwen;21 jaar;2037;9011;6520;2491
967;Mannen en Vrouwen;21 jaar;2038;9012;6492;2520
968;Mannen en Vrouwen;21 jaar;2039;9020;6486;2534
969;Mannen en Vrouwen;21 jaar;2040;9028;6483;2545
970;Mannen en Vrouwen;21 jaar;2041;9034;6480;2554
971;Mannen en Vrouwen;21 jaar;2042;9043;6483;2560
972;Mannen en Vrouwen;21 jaar;2043;9047;6486;2561
973;Mannen en Vrouwen;21 jaar;2044;9061;6489;2572
974;Mannen en Vrouwen;21 jaar;2045;9069;6489;2580
975;Mannen en Vrouwen;21 jaar;2046;9077;6486;2591
976;Mannen en Vrouwen;21 jaar;2047;9084;6482;2602
977;Mannen en Vrouwen;21 jaar;2048;9091;6476;2615
978;Mannen en Vrouwen;21 jaar;2049;9095;6469;2626
979;Mannen en Vrouwen;21 jaar;2050;9101;6460;2641
980;Mannen en Vrouwen;21 jaar;2051;9107;6450;2657
981;Mannen en Vrouwen;21 jaar;2052;9110;6439;2671
982;Mannen en Vrouwen;21 jaar;2053;9109;6424;2685
983;Mannen en Vrouwen;21 jaar;2054;9112;6411;2701
984;Mannen en Vrouwen;21 jaar;2055;9114;6397;2717
985;Mannen en Vrouwen;21 jaar;2056;9111;6382;2729
986;Mannen en Vrouwen;21 jaar;2057;9109;6368;2741
987;Mannen en Vrouwen;21 jaar;2058;9108;6351;2757
988;Mannen en Vrouwen;21 jaar;2059;9106;6336;2770
989;Mannen en Vrouwen;22 jaar;2017;10179;6459;3720
990;Mannen en Vrouwen;22 jaar;2018;9691;7054;2637
991;Mannen en Vrouwen;22 jaar;2019;9616;7280;2336
992;Mannen en Vrouwen;22 jaar;2020;9615;7376;2239
993;Mannen en Vrouwen;22 jaar;2021;9626;7497;2129
994;Mannen en Vrouwen;22 jaar;2022;9698;7598;2100
995;Mannen en Vrouwen;22 jaar;2023;9743;7619;2124
996;Mannen en Vrouwen;22 jaar;2024;9778;7722;2056
997;Mannen en Vrouwen;22 jaar;2025;9845;7819;2026
998;Mannen en Vrouwen;22 jaar;2026;9848;7897;1951
999;Mannen en Vrouwen;22 jaar;2027;9847;7980;1867
1000;Mannen en Vrouwen;22 jaar;2028;9851;8033;1818
1001;Mannen en Vrouwen;22 jaar;2029;9842;8072;1770
1002;Mannen en Vrouwen;22 jaar;2030;9860;8143;1717
1003;Mannen en Vrouwen;22 jaar;2031;9864;8160;1704
1004;Mannen en Vrouwen;22 jaar;2032;9868;8198;1670
1005;Mannen en Vrouwen;22 jaar;2033;9857;8176;1681
1006;Mannen en Vrouwen;22 jaar;2034;9847;8178;1669
1007;Mannen en Vrouwen;22 jaar;2035;9834;8139;1695
1008;Mannen en Vrouwen;22 jaar;2036;9852;8170;1682
1009;Mannen en Vrouwen;22 jaar;2037;9840;8129;1711
1010;Mannen en Vrouwen;22 jaar;2038;9857;8104;1753
1011;Mannen en Vrouwen;22 jaar;2039;9852;8071;1781
1012;Mannen en Vrouwen;22 jaar;2040;9859;8062;1797
1013;Mannen en Vrouwen;22 jaar;2041;9868;8058;1810
1014;Mannen en Vrouwen;22 jaar;2042;9873;8055;1818
1015;Mannen en Vrouwen;22 jaar;2043;9887;8059;1828
1016;Mannen en Vrouwen;22 jaar;2044;9895;8060;1835
1017;Mannen en Vrouwen;22 jaar;2045;9904;8062;1842
1018;Mannen en Vrouwen;22 jaar;2046;9913;8060;1853
1019;Mannen en Vrouwen;22 jaar;2047;9926;8055;1871
1020;Mannen en Vrouwen;22 jaar;2048;9932;8050;1882
1021;Mannen en Vrouwen;22 jaar;2049;9937;8042;1895
1022;Mannen en Vrouwen;22 jaar;2050;9944;8035;1909
1023;Mannen en Vrouwen;22 jaar;2051;9949;8023;1926
1024;Mannen en Vrouwen;22 jaar;2052;9951;8010;1941
1025;Mannen en Vrouwen;22 jaar;2053;9953;7996;1957
1026;Mannen en Vrouwen;22 jaar;2054;9954;7978;1976
1027;Mannen en Vrouwen;22 jaar;2055;9954;7961;1993
1028;Mannen en Vrouwen;22 jaar;2056;9955;7945;2010
1029;Mannen en Vrouwen;22 jaar;2057;9955;7926;2029
1030;Mannen en Vrouwen;22 jaar;2058;9955;7907;2048
1031;Mannen en Vrouwen;22 jaar;2059;9948;7888;2060
1032;Mannen en Vrouwen;23 jaar;2017;10728;7094;3634
1033;Mannen en Vrouwen;23 jaar;2018;10227;7468;2759
1034;Mannen en Vrouwen;23 jaar;2019;10136;7882;2254
1035;Mannen en Vrouwen;23 jaar;2020;10125;8064;2061
1036;Mannen en Vrouwen;23 jaar;2021;10160;8166;1994
1037;Mannen en Vrouwen;23 jaar;2022;10221;8270;1951
1038;Mannen en Vrouwen;23 jaar;2023;10297;8377;1920
1039;Mannen en Vrouwen;23 jaar;2024;10329;8387;1942
1040;Mannen en Vrouwen;23 jaar;2025;10393;8469;1924
1041;Mannen en Vrouwen;23 jaar;2026;10422;8548;1874
1042;Mannen en Vrouwen;23 jaar;2027;10417;8595;1822
1043;Mannen en Vrouwen;23 jaar;2028;10394;8610;1784
1044;Mannen en Vrouwen;23 jaar;2029;10391;8640;1751
1045;Mannen en Vrouwen;23 jaar;2030;10383;8661;1722
1046;Mannen en Vrouwen;23 jaar;2031;10398;8720;1678
1047;Mannen en Vrouwen;23 jaar;2032;10406;8731;1675
1048;Mannen en Vrouwen;23 jaar;2033;10407;8756;1651
1049;Mannen en Vrouwen;23 jaar;2034;10394;8731;1663
1050;Mannen en Vrouwen;23 jaar;2035;10384;8722;1662
1051;Mannen en Vrouwen;23 jaar;2036;10364;8679;1685
1052;Mannen en Vrouwen;23 jaar;2037;10382;8710;1672
1053;Mannen en Vrouwen;23 jaar;2038;10364;8664;1700
1054;Mannen en Vrouwen;23 jaar;2039;10381;8643;1738
1055;Mannen en Vrouwen;23 jaar;2040;10377;8609;1768
1056;Mannen en Vrouwen;23 jaar;2041;10382;8603;1779
1057;Mannen en Vrouwen;23 jaar;2042;10392;8600;1792
1058;Mannen en Vrouwen;23 jaar;2043;10403;8598;1805
1059;Mannen en Vrouwen;23 jaar;2044;10413;8606;1807
1060;Mannen en Vrouwen;23 jaar;2045;10418;8609;1809
1061;Mannen en Vrouwen;23 jaar;2046;10434;8613;1821
1062;Mannen en Vrouwen;23 jaar;2047;10447;8612;1835
1063;Mannen en Vrouwen;23 jaar;2048;10455;8611;1844
1064;Mannen en Vrouwen;23 jaar;2049;10461;8608;1853
1065;Mannen en Vrouwen;23 jaar;2050;10471;8602;1869
1066;Mannen en Vrouwen;23 jaar;2051;10477;8595;1882
1067;Mannen en Vrouwen;23 jaar;2052;10483;8584;1899
1068;Mannen en Vrouwen;23 jaar;2053;10483;8572;1911
1069;Mannen en Vrouwen;23 jaar;2054;10484;8557;1927
1070;Mannen en Vrouwen;23 jaar;2055;10483;8539;1944
1071;Mannen en Vrouwen;23 jaar;2056;10483;8521;1962
1072;Mannen en Vrouwen;23 jaar;2057;10484;8504;1980
1073;Mannen en Vrouwen;23 jaar;2058;10482;8485;1997
1074;Mannen en Vrouwen;23 jaar;2059;10474;8466;2008
1075;Mannen en Vrouwen;24 jaar;2017;10733;7410;3323
1076;Mannen en Vrouwen;24 jaar;2018;10270;7793;2477
1077;Mannen en Vrouwen;24 jaar;2019;10164;8018;2146
1078;Mannen en Vrouwen;24 jaar;2020;10144;8310;1834
1079;Mannen en Vrouwen;24 jaar;2021;10161;8454;1707
1080;Mannen en Vrouwen;24 jaar;2022;10252;8567;1685
1081;Mannen en Vrouwen;24 jaar;2023;10310;8662;1648
1082;Mannen en Vrouwen;24 jaar;2024;10381;8763;1618
1083;Mannen en Vrouwen;24 jaar;2025;10439;8761;1678
1084;Mannen en Vrouwen;24 jaar;2026;10459;8827;1632
1085;Mannen en Vrouwen;24 jaar;2027;10473;8884;1589
1086;Mannen en Vrouwen;24 jaar;2028;10455;8871;1584
1087;Mannen en Vrouwen;24 jaar;2029;10428;8860;1568
1088;Mannen en Vrouwen;24 jaar;2030;10424;8875;1549
1089;Mannen en Vrouwen;24 jaar;2031;10412;8881;1531
1090;Mannen en Vrouwen;24 jaar;2032;10429;8931;1498
1091;Mannen en Vrouwen;24 jaar;2033;10433;8937;1496
1092;Mannen en Vrouwen;24 jaar;2034;10436;8956;1480
1093;Mannen en Vrouwen;24 jaar;2035;10421;8925;1496
1094;Mannen en Vrouwen;24 jaar;2036;10407;8910;1497
1095;Mannen en Vrouwen;24 jaar;2037;10390;8864;1526
1096;Mannen en Vrouwen;24 jaar;2038;10408;8893;1515
1097;Mannen en Vrouwen;24 jaar;2039;10385;8843;1542
1098;Mannen en Vrouwen;24 jaar;2040;10401;8826;1575
1099;Mannen en Vrouwen;24 jaar;2041;10391;8791;1600
1100;Mannen en Vrouwen;24 jaar;2042;10401;8787;1614
1101;Mannen en Vrouwen;24 jaar;2043;10411;8788;1623
1102;Mannen en Vrouwen;24 jaar;2044;10418;8789;1629
1103;Mannen en Vrouwen;24 jaar;2045;10430;8798;1632
1104;Mannen en Vrouwen;24 jaar;2046;10443;8802;1641
1105;Mannen en Vrouwen;24 jaar;2047;10454;8808;1646
1106;Mannen en Vrouwen;24 jaar;2048;10466;8811;1655
1107;Mannen en Vrouwen;24 jaar;2049;10477;8812;1665
1108;Mannen en Vrouwen;24 jaar;2050;10486;8811;1675
1109;Mannen en Vrouwen;24 jaar;2051;10493;8807;1686
1110;Mannen en Vrouwen;24 jaar;2052;10500;8800;1700
1111;Mannen en Vrouwen;24 jaar;2053;10503;8792;1711
1112;Mannen en Vrouwen;24 jaar;2054;10505;8780;1725
1113;Mannen en Vrouwen;24 jaar;2055;10508;8765;1743
1114;Mannen en Vrouwen;24 jaar;2056;10504;8747;1757
1115;Mannen en Vrouwen;24 jaar;2057;10505;8728;1777
1116;Mannen en Vrouwen;24 jaar;2058;10508;8711;1797
1117;Mannen en Vrouwen;24 jaar;2059;10501;8693;1808
1118;Mannen en Vrouwen;25 jaar;2017;10297;7305;2992
1119;Mannen en Vrouwen;25 jaar;2018;9816;7641;2175
1120;Mannen en Vrouwen;25 jaar;2019;9734;7889;1845
1121;Mannen en Vrouwen;25 jaar;2020;9697;8028;1669
1122;Mannen en Vrouwen;25 jaar;2021;9706;8231;1475
1123;Mannen en Vrouwen;25 jaar;2022;9776;8354;1422
1124;Mannen en Vrouwen;25 jaar;2023;9857;8472;1385
1125;Mannen en Vrouwen;25 jaar;2024;9907;8552;1355
1126;Mannen en Vrouwen;25 jaar;2025;10006;8644;1362
1127;Mannen en Vrouwen;25 jaar;2026;10019;8632;1387
1128;Mannen en Vrouwen;25 jaar;2027;10030;8682;1348
1129;Mannen en Vrouwen;25 jaar;2028;10032;8687;1345
1130;Mannen en Vrouwen;25 jaar;2029;10007;8659;1348
1131;Mannen en Vrouwen;25 jaar;2030;9984;8634;1350
1132;Mannen en Vrouwen;25 jaar;2031;9977;8638;1339
1133;Mannen en Vrouwen;25 jaar;2032;9969;8632;1337
1134;Mannen en Vrouwen;25 jaar;2033;9986;8678;1308
1135;Mannen en Vrouwen;25 jaar;2034;9989;8681;1308
1136;Mannen en Vrouwen;25 jaar;2035;9989;8695;1294
1137;Mannen en Vrouwen;25 jaar;2036;9970;8663;1307
1138;Mannen en Vrouwen;25 jaar;2037;9953;8643;1310
1139;Mannen en Vrouwen;25 jaar;2038;9937;8595;1342
1140;Mannen en Vrouwen;25 jaar;2039;9953;8623;1330
1141;Mannen en Vrouwen;25 jaar;2040;9932;8573;1359
1142;Mannen en Vrouwen;25 jaar;2041;9949;8561;1388
1143;Mannen en Vrouwen;25 jaar;2042;9940;8528;1412
1144;Mannen en Vrouwen;25 jaar;2043;9951;8527;1424
1145;Mannen en Vrouwen;25 jaar;2044;9959;8532;1427
1146;Mannen en Vrouwen;25 jaar;2045;9963;8532;1431
1147;Mannen en Vrouwen;25 jaar;2046;9981;8543;1438
1148;Mannen en Vrouwen;25 jaar;2047;9992;8550;1442
1149;Mannen en Vrouwen;25 jaar;2048;10007;8561;1446
1150;Mannen en Vrouwen;25 jaar;2049;10016;8567;1449
1151;Mannen en Vrouwen;25 jaar;2050;10029;8572;1457
1152;Mannen en Vrouwen;25 jaar;2051;10036;8572;1464
1153;Mannen en Vrouwen;25 jaar;2052;10043;8571;1472
1154;Mannen en Vrouwen;25 jaar;2053;10051;8567;1484
1155;Mannen en Vrouwen;25 jaar;2054;10057;8559;1498
1156;Mannen en Vrouwen;25 jaar;2055;10058;8550;1508
1157;Mannen en Vrouwen;25 jaar;2056;10060;8537;1523
1158;Mannen en Vrouwen;25 jaar;2057;10056;8519;1537
1159;Mannen en Vrouwen;25 jaar;2058;10057;8502;1555
1160;Mannen en Vrouwen;25 jaar;2059;10057;8486;1571
1161;Mannen en Vrouwen;26 jaar;2017;9618;6814;2804
1162;Mannen en Vrouwen;26 jaar;2018;9123;7131;1992
1163;Mannen en Vrouwen;26 jaar;2019;9024;7341;1683
1164;Mannen en Vrouwen;26 jaar;2020;9017;7514;1503
1165;Mannen en Vrouwen;26 jaar;2021;9015;7603;1412
1166;Mannen en Vrouwen;26 jaar;2022;9072;7751;1321
1167;Mannen en Vrouwen;26 jaar;2023;9137;7855;1282
1168;Mannen en Vrouwen;26 jaar;2024;9212;7968;1244
1169;Mannen en Vrouwen;26 jaar;2025;9283;8029;1254
1170;Mannen en Vrouwen;26 jaar;2026;9331;8109;1222
1171;Mannen en Vrouwen;26 jaar;2027;9341;8092;1249
1172;Mannen en Vrouwen;26 jaar;2028;9339;8094;1245
1173;Mannen en Vrouwen;26 jaar;2029;9336;8093;1243
1174;Mannen en Vrouwen;26 jaar;2030;9311;8059;1252
1175;Mannen en Vrouwen;26 jaar;2031;9288;8024;1264
1176;Mannen en Vrouwen;26 jaar;2032;9286;8022;1264
1177;Mannen en Vrouwen;26 jaar;2033;9270;8008;1262
1178;Mannen en Vrouwen;26 jaar;2034;9289;8051;1238
1179;Mannen en Vrouwen;26 jaar;2035;9293;8053;1240
1180;Mannen en Vrouwen;26 jaar;2036;9291;8065;1226
1181;Mannen en Vrouwen;26 jaar;2037;9272;8031;1241
1182;Mannen en Vrouwen;26 jaar;2038;9255;8010;1245
1183;Mannen en Vrouwen;26 jaar;2039;9240;7964;1276
1184;Mannen en Vrouwen;26 jaar;2040;9256;7991;1265
1185;Mannen en Vrouwen;26 jaar;2041;9232;7942;1290
1186;Mannen en Vrouwen;26 jaar;2042;9246;7936;1310
1187;Mannen en Vrouwen;26 jaar;2043;9244;7906;1338
1188;Mannen en Vrouwen;26 jaar;2044;9248;7909;1339
1189;Mannen en Vrouwen;26 jaar;2045;9255;7914;1341
1190;Mannen en Vrouwen;26 jaar;2046;9266;7917;1349
1191;Mannen en Vrouwen;26 jaar;2047;9281;7930;1351
1192;Mannen en Vrouwen;26 jaar;2048;9292;7940;1352
1193;Mannen en Vrouwen;26 jaar;2049;9303;7955;1348
1194;Mannen en Vrouwen;26 jaar;2050;9315;7965;1350
1195;Mannen en Vrouwen;26 jaar;2051;9324;7972;1352
1196;Mannen en Vrouwen;26 jaar;2052;9335;7976;1359
1197;Mannen en Vrouwen;26 jaar;2053;9339;7977;1362
1198;Mannen en Vrouwen;26 jaar;2054;9347;7975;1372
1199;Mannen en Vrouwen;26 jaar;2055;9354;7970;1384
1200;Mannen en Vrouwen;26 jaar;2056;9356;7964;1392
1201;Mannen en Vrouwen;26 jaar;2057;9354;7953;1401
1202;Mannen en Vrouwen;26 jaar;2058;9354;7938;1416
1203;Mannen en Vrouwen;26 jaar;2059;9351;7924;1427
1204;Mannen en Vrouwen;27 jaar;2017;8866;6309;2557
1205;Mannen en Vrouwen;27 jaar;2018;8382;6565;1817
1206;Mannen en Vrouwen;27 jaar;2019;8294;6778;1516
1207;Mannen en Vrouwen;27 jaar;2020;8266;6927;1339
1208;Mannen en Vrouwen;27 jaar;2021;8291;7058;1233
1209;Mannen en Vrouwen;27 jaar;2022;8326;7123;1203
1210;Mannen en Vrouwen;27 jaar;2023;8376;7234;1142
1211;Mannen en Vrouwen;27 jaar;2024;8428;7321;1107
1212;Mannen en Vrouwen;27 jaar;2025;8521;7423;1098
1213;Mannen en Vrouwen;27 jaar;2026;8558;7472;1086
1214;Mannen en Vrouwen;27 jaar;2027;8601;7544;1057
1215;Mannen en Vrouwen;27 jaar;2028;8595;7492;1103
1216;Mannen en Vrouwen;27 jaar;2029;8584;7492;1092
1217;Mannen en Vrouwen;27 jaar;2030;8581;7488;1093
1218;Mannen en Vrouwen;27 jaar;2031;8561;7451;1110
1219;Mannen en Vrouwen;27 jaar;2032;8535;7413;1122
1220;Mannen en Vrouwen;27 jaar;2033;8526;7410;1116
1221;Mannen en Vrouwen;27 jaar;2034;8517;7394;1123
1222;Mannen en Vrouwen;27 jaar;2035;8535;7433;1102
1223;Mannen en Vrouwen;27 jaar;2036;8532;7435;1097
1224;Mannen en Vrouwen;27 jaar;2037;8532;7445;1087
1225;Mannen en Vrouwen;27 jaar;2038;8512;7413;1099
1226;Mannen en Vrouwen;27 jaar;2039;8498;7391;1107
1227;Mannen en Vrouwen;27 jaar;2040;8480;7347;1133
1228;Mannen en Vrouwen;27 jaar;2041;8495;7374;1121
1229;Mannen en Vrouwen;27 jaar;2042;8473;7329;1144
1230;Mannen en Vrouwen;27 jaar;2043;8491;7327;1164
1231;Mannen en Vrouwen;27 jaar;2044;8480;7301;1179
1232;Mannen en Vrouwen;27 jaar;2045;8487;7304;1183
1233;Mannen en Vrouwen;27 jaar;2046;8497;7310;1187
1234;Mannen en Vrouwen;27 jaar;2047;8508;7314;1194
1235;Mannen en Vrouwen;27 jaar;2048;8518;7330;1188
1236;Mannen en Vrouwen;27 jaar;2049;8536;7344;1192
1237;Mannen en Vrouwen;27 jaar;2050;8549;7361;1188
1238;Mannen en Vrouwen;27 jaar;2051;8560;7371;1189
1239;Mannen en Vrouwen;27 jaar;2052;8569;7382;1187
1240;Mannen en Vrouwen;27 jaar;2053;8578;7390;1188
1241;Mannen en Vrouwen;27 jaar;2054;8586;7393;1193
1242;Mannen en Vrouwen;27 jaar;2055;8591;7394;1197
1243;Mannen en Vrouwen;27 jaar;2056;8596;7393;1203
1244;Mannen en Vrouwen;27 jaar;2057;8596;7388;1208
1245;Mannen en Vrouwen;27 jaar;2058;8598;7380;1218
1246;Mannen en Vrouwen;27 jaar;2059;8596;7368;1228
1247;Mannen en Vrouwen;28 jaar;2017;8133;5777;2356
1248;Mannen en Vrouwen;28 jaar;2018;7707;6115;1592
1249;Mannen en Vrouwen;28 jaar;2019;7618;6291;1327
1250;Mannen en Vrouwen;28 jaar;2020;7595;6458;1137
1251;Mannen en Vrouwen;28 jaar;2021;7605;6573;1032
1252;Mannen en Vrouwen;28 jaar;2022;7660;6684;976
1253;Mannen en Vrouwen;28 jaar;2023;7697;6732;965
1254;Mannen en Vrouwen;28 jaar;2024;7735;6817;918
1255;Mannen en Vrouwen;28 jaar;2025;7797;6888;909
1256;Mannen en Vrouwen;28 jaar;2026;7857;6980;877
1257;Mannen en Vrouwen;28 jaar;2027;7883;7024;859
1258;Mannen en Vrouwen;28 jaar;2028;7909;7061;848
1259;Mannen en Vrouwen;28 jaar;2029;7896;7013;883
1260;Mannen en Vrouwen;28 jaar;2030;7893;7010;883
1261;Mannen en Vrouwen;28 jaar;2031;7891;7005;886
1262;Mannen en Vrouwen;28 jaar;2032;7867;6967;900
1263;Mannen en Vrouwen;28 jaar;2033;7843;6929;914
1264;Mannen en Vrouwen;28 jaar;2034;7834;6926;908
1265;Mannen en Vrouwen;28 jaar;2035;7822;6912;910
1266;Mannen en Vrouwen;28 jaar;2036;7838;6948;890
1267;Mannen en Vrouwen;28 jaar;2037;7835;6950;885
1268;Mannen en Vrouwen;28 jaar;2038;7835;6959;876
1269;Mannen en Vrouwen;28 jaar;2039;7818;6927;891
1270;Mannen en Vrouwen;28 jaar;2040;7801;6907;894
1271;Mannen en Vrouwen;28 jaar;2041;7784;6867;917
1272;Mannen en Vrouwen;28 jaar;2042;7799;6894;905
1273;Mannen en Vrouwen;28 jaar;2043;7782;6854;928
1274;Mannen en Vrouwen;28 jaar;2044;7798;6855;943
1275;Mannen en Vrouwen;28 jaar;2045;7785;6830;955
1276;Mannen en Vrouwen;28 jaar;2046;7793;6835;958
1277;Mannen en Vrouwen;28 jaar;2047;7800;6841;959
1278;Mannen en Vrouwen;28 jaar;2048;7811;6847;964
1279;Mannen en Vrouwen;28 jaar;2049;7823;6866;957
1280;Mannen en Vrouwen;28 jaar;2050;7841;6882;959
1281;Mannen en Vrouwen;28 jaar;2051;7851;6899;952
1282;Mannen en Vrouwen;28 jaar;2052;7863;6913;950
1283;Mannen en Vrouwen;28 jaar;2053;7873;6925;948
1284;Mannen en Vrouwen;28 jaar;2054;7880;6934;946
1285;Mannen en Vrouwen;28 jaar;2055;7888;6940;948
1286;Mannen en Vrouwen;28 jaar;2056;7894;6944;950
1287;Mannen en Vrouwen;28 jaar;2057;7898;6943;955
1288;Mannen en Vrouwen;28 jaar;2058;7898;6942;956
1289;Mannen en Vrouwen;28 jaar;2059;7899;6937;962
1290;Mannen en Vrouwen;29 jaar;2017;7456;5361;2095
1291;Mannen en Vrouwen;29 jaar;2018;7026;5660;1366
1292;Mannen en Vrouwen;29 jaar;2019;6973;5924;1049
1293;Mannen en Vrouwen;29 jaar;2020;6958;6064;894
1294;Mannen en Vrouwen;29 jaar;2021;6965;6205;760
1295;Mannen en Vrouwen;29 jaar;2022;7008;6303;705
1296;Mannen en Vrouwen;29 jaar;2023;7058;6399;659
1297;Mannen en Vrouwen;29 jaar;2024;7079;6431;648
1298;Mannen en Vrouwen;29 jaar;2025;7134;6497;637
1299;Mannen en Vrouwen;29 jaar;2026;7163;6558;605
1300;Mannen en Vrouwen;29 jaar;2027;7206;6644;562
1301;Mannen en Vrouwen;29 jaar;2028;7220;6655;565
1302;Mannen en Vrouwen;29 jaar;2029;7243;6689;554
1303;Mannen en Vrouwen;29 jaar;2030;7231;6645;586
1304;Mannen en Vrouwen;29 jaar;2031;7224;6640;584
1305;Mannen en Vrouwen;29 jaar;2032;7221;6633;588
1306;Mannen en Vrouwen;29 jaar;2033;7199;6596;603
1307;Mannen en Vrouwen;29 jaar;2034;7177;6562;615
1308;Mannen en Vrouwen;29 jaar;2035;7170;6560;610
1309;Mannen en Vrouwen;29 jaar;2036;7158;6543;615
1310;Mannen en Vrouwen;29 jaar;2037;7167;6579;588
1311;Mannen en Vrouwen;29 jaar;2038;7166;6580;586
1312;Mannen en Vrouwen;29 jaar;2039;7167;6587;580
1313;Mannen en Vrouwen;29 jaar;2040;7150;6558;592
1314;Mannen en Vrouwen;29 jaar;2041;7132;6539;593
1315;Mannen en Vrouwen;29 jaar;2042;7116;6503;613
1316;Mannen en Vrouwen;29 jaar;2043;7134;6531;603
1317;Mannen en Vrouwen;29 jaar;2044;7121;6493;628
1318;Mannen en Vrouwen;29 jaar;2045;7129;6498;631
1319;Mannen en Vrouwen;29 jaar;2046;7123;6473;650
1320;Mannen en Vrouwen;29 jaar;2047;7132;6479;653
1321;Mannen en Vrouwen;29 jaar;2048;7139;6487;652
1322;Mannen en Vrouwen;29 jaar;2049;7147;6497;650
1323;Mannen en Vrouwen;29 jaar;2050;7161;6516;645
1324;Mannen en Vrouwen;29 jaar;2051;7170;6533;637
1325;Mannen en Vrouwen;29 jaar;2052;7180;6552;628
1326;Mannen en Vrouwen;29 jaar;2053;7192;6567;625
1327;Mannen en Vrouwen;29 jaar;2054;7202;6581;621
1328;Mannen en Vrouwen;29 jaar;2055;7210;6593;617
1329;Mannen en Vrouwen;29 jaar;2056;7216;6600;616
1330;Mannen en Vrouwen;29 jaar;2057;7223;6606;617
1331;Mannen en Vrouwen;29 jaar;2058;7229;6608;621
1332;Mannen en Vrouwen;29 jaar;2059;7226;6609;617
1333;Mannen en Vrouwen;30 jaar;2017;6869;4879;1990
1334;Mannen en Vrouwen;30 jaar;2018;6451;5218;1233
1335;Mannen en Vrouwen;30 jaar;2019;6382;5448;934
1336;Mannen en Vrouwen;30 jaar;2020;6396;5672;724
1337;Mannen en Vrouwen;30 jaar;2021;6412;5789;623
1338;Mannen en Vrouwen;30 jaar;2022;6453;5913;540
1339;Mannen en Vrouwen;30 jaar;2023;6489;5995;494
1340;Mannen en Vrouwen;30 jaar;2024;6528;6073;455
1341;Mannen en Vrouwen;30 jaar;2025;6560;6092;468
1342;Mannen en Vrouwen;30 jaar;2026;6585;6142;443
1343;Mannen en Vrouwen;30 jaar;2027;6605;6197;408
1344;Mannen en Vrouwen;30 jaar;2028;6638;6250;388
1345;Mannen en Vrouwen;30 jaar;2029;6647;6260;387
1346;Mannen en Vrouwen;30 jaar;2030;6671;6292;379
1347;Mannen en Vrouwen;30 jaar;2031;6660;6250;410
1348;Mannen en Vrouwen;30 jaar;2032;6653;6246;407
1349;Mannen en Vrouwen;30 jaar;2033;6645;6241;404
1350;Mannen en Vrouwen;30 jaar;2034;6629;6207;422
1351;Mannen en Vrouwen;30 jaar;2035;6605;6176;429
1352;Mannen en Vrouwen;30 jaar;2036;6597;6174;423
1353;Mannen en Vrouwen;30 jaar;2037;6583;6159;424
1354;Mannen en Vrouwen;30 jaar;2038;6596;6192;404
1355;Mannen en Vrouwen;30 jaar;2039;6596;6194;402
1356;Mannen en Vrouwen;30 jaar;2040;6592;6200;392
1357;Mannen en Vrouwen;30 jaar;2041;6574;6174;400
1358;Mannen en Vrouwen;30 jaar;2042;6562;6156;406
1359;Mannen en Vrouwen;30 jaar;2043;6545;6126;419
1360;Mannen en Vrouwen;30 jaar;2044;6562;6153;409
1361;Mannen en Vrouwen;30 jaar;2045;6541;6118;423
1362;Mannen en Vrouwen;30 jaar;2046;6557;6124;433
1363;Mannen en Vrouwen;30 jaar;2047;6549;6101;448
1364;Mannen en Vrouwen;30 jaar;2048;6555;6110;445
1365;Mannen en Vrouwen;30 jaar;2049;6561;6121;440
1366;Mannen en Vrouwen;30 jaar;2050;6573;6131;442
1367;Mannen en Vrouwen;30 jaar;2051;6580;6151;429
1368;Mannen en Vrouwen;30 jaar;2052;6594;6169;425
1369;Mannen en Vrouwen;30 jaar;2053;6606;6190;416
1370;Mannen en Vrouwen;30 jaar;2054;6617;6206;411
1371;Mannen en Vrouwen;30 jaar;2055;6628;6221;407
1372;Mannen en Vrouwen;30 jaar;2056;6637;6234;403
1373;Mannen en Vrouwen;30 jaar;2057;6641;6243;398
1374;Mannen en Vrouwen;30 jaar;2058;6648;6251;397
1375;Mannen en Vrouwen;30 jaar;2059;6652;6256;396
1376;Mannen en Vrouwen;31 jaar;2017;6405;4556;1849
1377;Mannen en Vrouwen;31 jaar;2018;6010;4710;1300
1378;Mannen en Vrouwen;31 jaar;2019;5937;4972;965
1379;Mannen en Vrouwen;31 jaar;2020;5928;5159;769
1380;Mannen en Vrouwen;31 jaar;2021;5973;5353;620
1381;Mannen en Vrouwen;31 jaar;2022;6019;5451;568
1382;Mannen en Vrouwen;31 jaar;2023;6055;5554;501
1383;Mannen en Vrouwen;31 jaar;2024;6085;5618;467
1384;Mannen en Vrouwen;31 jaar;2025;6133;5679;454
1385;Mannen en Vrouwen;31 jaar;2026;6139;5685;454
1386;Mannen en Vrouwen;31 jaar;2027;6149;5727;422
1387;Mannen en Vrouwen;31 jaar;2028;6162;5750;412
1388;Mannen en Vrouwen;31 jaar;2029;6189;5798;391
1389;Mannen en Vrouwen;31 jaar;2030;6199;5806;393
1390;Mannen en Vrouwen;31 jaar;2031;6221;5835;386
1391;Mannen en Vrouwen;31 jaar;2032;6215;5798;417
1392;Mannen en Vrouwen;31 jaar;2033;6207;5794;413
1393;Mannen en Vrouwen;31 jaar;2034;6203;5789;414
1394;Mannen en Vrouwen;31 jaar;2035;6182;5761;421
1395;Mannen en Vrouwen;31 jaar;2036;6156;5732;424
1396;Mannen en Vrouwen;31 jaar;2037;6147;5729;418
1397;Mannen en Vrouwen;31 jaar;2038;6133;5715;418
1398;Mannen en Vrouwen;31 jaar;2039;6148;5743;405
1399;Mannen en Vrouwen;31 jaar;2040;6145;5744;401
1400;Mannen en Vrouwen;31 jaar;2041;6145;5752;393
1401;Mannen en Vrouwen;31 jaar;2042;6127;5729;398
1402;Mannen en Vrouwen;31 jaar;2043;6119;5714;405
1403;Mannen en Vrouwen;31 jaar;2044;6099;5685;414
1404;Mannen en Vrouwen;31 jaar;2045;6111;5711;400
1405;Mannen en Vrouwen;31 jaar;2046;6098;5680;418
1406;Mannen en Vrouwen;31 jaar;2047;6113;5685;428
1407;Mannen en Vrouwen;31 jaar;2048;6107;5666;441
1408;Mannen en Vrouwen;31 jaar;2049;6115;5676;439
1409;Mannen en Vrouwen;31 jaar;2050;6121;5687;434
1410;Mannen en Vrouwen;31 jaar;2051;6126;5699;427
1411;Mannen en Vrouwen;31 jaar;2052;6136;5718;418
1412;Mannen en Vrouwen;31 jaar;2053;6144;5736;408
1413;Mannen en Vrouwen;31 jaar;2054;6157;5756;401
1414;Mannen en Vrouwen;31 jaar;2055;6170;5772;398
1415;Mannen en Vrouwen;31 jaar;2056;6176;5788;388
1416;Mannen en Vrouwen;31 jaar;2057;6187;5800;387
1417;Mannen en Vrouwen;31 jaar;2058;6193;5811;382
1418;Mannen en Vrouwen;31 jaar;2059;6195;5818;377
1419;Mannen en Vrouwen;32 jaar;2017;5881;4191;1690
1420;Mannen en Vrouwen;32 jaar;2018;5521;4362;1159
1421;Mannen en Vrouwen;32 jaar;2019;5456;4472;984
1422;Mannen en Vrouwen;32 jaar;2020;5437;4687;750
1423;Mannen en Vrouwen;32 jaar;2021;5460;4844;616
1424;Mannen en Vrouwen;32 jaar;2022;5530;5014;516
1425;Mannen en Vrouwen;32 jaar;2023;5576;5097;479
1426;Mannen en Vrouwen;32 jaar;2024;5602;5179;423
1427;Mannen en Vrouwen;32 jaar;2025;5636;5226;410
1428;Mannen en Vrouwen;32 jaar;2026;5655;5272;383
1429;Mannen en Vrouwen;32 jaar;2027;5658;5275;383
1430;Mannen en Vrouwen;32 jaar;2028;5658;5284;374
1431;Mannen en Vrouwen;32 jaar;2029;5666;5305;361
1432;Mannen en Vrouwen;32 jaar;2030;5697;5348;349
1433;Mannen en Vrouwen;32 jaar;2031;5703;5354;349
1434;Mannen en Vrouwen;32 jaar;2032;5723;5378;345
1435;Mannen en Vrouwen;32 jaar;2033;5712;5345;367
1436;Mannen en Vrouwen;32 jaar;2034;5705;5341;364
1437;Mannen en Vrouwen;32 jaar;2035;5702;5339;363
1438;Mannen en Vrouwen;32 jaar;2036;5675;5313;362
1439;Mannen en Vrouwen;32 jaar;2037;5652;5284;368
1440;Mannen en Vrouwen;32 jaar;2038;5646;5280;366
1441;Mannen en Vrouwen;32 jaar;2039;5634;5267;367
1442;Mannen en Vrouwen;32 jaar;2040;5647;5293;354
1443;Mannen en Vrouwen;32 jaar;2041;5644;5294;350
1444;Mannen en Vrouwen;32 jaar;2042;5644;5300;344
1445;Mannen en Vrouwen;32 jaar;2043;5630;5280;350
1446;Mannen en Vrouwen;32 jaar;2044;5621;5266;355
1447;Mannen en Vrouwen;32 jaar;2045;5597;5239;358
1448;Mannen en Vrouwen;32 jaar;2046;5614;5263;351
1449;Mannen en Vrouwen;32 jaar;2047;5598;5232;366
1450;Mannen en Vrouwen;32 jaar;2048;5610;5240;370
1451;Mannen en Vrouwen;32 jaar;2049;5606;5225;381
1452;Mannen en Vrouwen;32 jaar;2050;5611;5234;377
1453;Mannen en Vrouwen;32 jaar;2051;5616;5244;372
1454;Mannen en Vrouwen;32 jaar;2052;5624;5256;368
1455;Mannen en Vrouwen;32 jaar;2053;5634;5274;360
1456;Mannen en Vrouwen;32 jaar;2054;5647;5291;356
1457;Mannen en Vrouwen;32 jaar;2055;5658;5311;347
1458;Mannen en Vrouwen;32 jaar;2056;5665;5325;340
1459;Mannen en Vrouwen;32 jaar;2057;5676;5339;337
1460;Mannen en Vrouwen;32 jaar;2058;5685;5353;332
1461;Mannen en Vrouwen;32 jaar;2059;5690;5362;328
1462;Mannen en Vrouwen;33 jaar;2017;5322;3809;1513
1463;Mannen en Vrouwen;33 jaar;2018;4981;4013;968
1464;Mannen en Vrouwen;33 jaar;2019;4935;4143;792
1465;Mannen en Vrouwen;33 jaar;2020;4929;4235;694
1466;Mannen en Vrouwen;33 jaar;2021;4937;4418;519
1467;Mannen en Vrouwen;33 jaar;2022;4982;4554;428
1468;Mannen en Vrouwen;33 jaar;2023;5048;4705;343
1469;Mannen en Vrouwen;33 jaar;2024;5073;4771;302
1470;Mannen en Vrouwen;33 jaar;2025;5113;4836;277
1471;Mannen en Vrouwen;33 jaar;2026;5127;4868;259
1472;Mannen en Vrouwen;33 jaar;2027;5138;4907;231
1473;Mannen en Vrouwen;33 jaar;2028;5130;4887;243
1474;Mannen en Vrouwen;33 jaar;2029;5123;4892;231
1475;Mannen en Vrouwen;33 jaar;2030;5133;4910;223
1476;Mannen en Vrouwen;33 jaar;2031;5159;4949;210
1477;Mannen en Vrouwen;33 jaar;2032;5168;4954;214
1478;Mannen en Vrouwen;33 jaar;2033;5183;4979;204
1479;Mannen en Vrouwen;33 jaar;2034;5176;4950;226
1480;Mannen en Vrouwen;33 jaar;2035;5170;4947;223
1481;Mannen en Vrouwen;33 jaar;2036;5167;4944;223
1482;Mannen en Vrouwen;33 jaar;2037;5146;4919;227
1483;Mannen en Vrouwen;33 jaar;2038;5122;4893;229
1484;Mannen en Vrouwen;33 jaar;2039;5118;4889;229
1485;Mannen en Vrouwen;33 jaar;2040;5106;4876;230
1486;Mannen en Vrouwen;33 jaar;2041;5113;4899;214
1487;Mannen en Vrouwen;33 jaar;2042;5113;4900;213
1488;Mannen en Vrouwen;33 jaar;2043;5114;4908;206
1489;Mannen en Vrouwen;33 jaar;2044;5102;4890;212
1490;Mannen en Vrouwen;33 jaar;2045;5087;4875;212
1491;Mannen en Vrouwen;33 jaar;2046;5073;4848;225
1492;Mannen en Vrouwen;33 jaar;2047;5085;4871;214
1493;Mannen en Vrouwen;33 jaar;2048;5073;4845;228
1494;Mannen en Vrouwen;33 jaar;2049;5080;4855;225
1495;Mannen en Vrouwen;33 jaar;2050;5082;4843;239
1496;Mannen en Vrouwen;33 jaar;2051;5085;4852;233
1497;Mannen en Vrouwen;33 jaar;2052;5094;4862;232
1498;Mannen en Vrouwen;33 jaar;2053;5099;4872;227
1499;Mannen en Vrouwen;33 jaar;2054;5107;4889;218
1500;Mannen en Vrouwen;33 jaar;2055;5116;4905;211
1501;Mannen en Vrouwen;33 jaar;2056;5124;4923;201
1502;Mannen en Vrouwen;33 jaar;2057;5131;4937;194
1503;Mannen en Vrouwen;33 jaar;2058;5146;4951;195
1504;Mannen en Vrouwen;33 jaar;2059;5152;4964;188
1505;Mannen en Vrouwen;34 jaar;2017;4814;3478;1336
1506;Mannen en Vrouwen;34 jaar;2018;4513;3707;806
1507;Mannen en Vrouwen;34 jaar;2019;4455;3870;585
1508;Mannen en Vrouwen;34 jaar;2020;4454;3981;473
1509;Mannen en Vrouwen;34 jaar;2021;4471;4063;408
1510;Mannen en Vrouwen;34 jaar;2022;4501;4225;276
1511;Mannen en Vrouwen;34 jaar;2023;4543;4344;199
1512;Mannen en Vrouwen;34 jaar;2024;4597;4477;120
1513;Mannen en Vrouwen;34 jaar;2025;4633;4529;104
1514;Mannen en Vrouwen;34 jaar;2026;4646;4579;67
1515;Mannen en Vrouwen;34 jaar;2027;4652;4607;45
1516;Mannen en Vrouwen;34 jaar;2028;4654;4621;33
1517;Mannen en Vrouwen;34 jaar;2029;4643;4599;44
1518;Mannen en Vrouwen;34 jaar;2030;4645;4603;42
1519;Mannen en Vrouwen;34 jaar;2031;4651;4619;32
1520;Mannen en Vrouwen;34 jaar;2032;4676;4655;21
1521;Mannen en Vrouwen;34 jaar;2033;4681;4659;22
1522;Mannen en Vrouwen;34 jaar;2034;4702;4684;18
1523;Mannen en Vrouwen;34 jaar;2035;4690;4659;31
1524;Mannen en Vrouwen;34 jaar;2036;4685;4657;28
1525;Mannen en Vrouwen;34 jaar;2037;4680;4654;26
1526;Mannen en Vrouwen;34 jaar;2038;4663;4631;32
1527;Mannen en Vrouwen;34 jaar;2039;4646;4606;40
1528;Mannen en Vrouwen;34 jaar;2040;4635;4601;34
1529;Mannen en Vrouwen;34 jaar;2041;4624;4589;35
1530;Mannen en Vrouwen;34 jaar;2042;4630;4612;18
1531;Mannen en Vrouwen;34 jaar;2043;4630;4614;16
1532;Mannen en Vrouwen;34 jaar;2044;4629;4620;9
1533;Mannen en Vrouwen;34 jaar;2045;4613;4602;11
1534;Mannen en Vrouwen;34 jaar;2046;4604;4589;15
1535;Mannen en Vrouwen;34 jaar;2047;4593;4564;29
1536;Mannen en Vrouwen;34 jaar;2048;4605;4586;19
1537;Mannen en Vrouwen;34 jaar;2049;4591;4563;28
1538;Mannen en Vrouwen;34 jaar;2050;4602;4574;28
1539;Mannen en Vrouwen;34 jaar;2051;4598;4563;35
1540;Mannen en Vrouwen;34 jaar;2052;4604;4572;32
1541;Mannen en Vrouwen;34 jaar;2053;4612;4582;30
1542;Mannen en Vrouwen;34 jaar;2054;4615;4590;25
1543;Mannen en Vrouwen;34 jaar;2055;4628;4607;21
1544;Mannen en Vrouwen;34 jaar;2056;4634;4622;12
1545;Mannen en Vrouwen;34 jaar;2057;4643;4640;3
1546;Mannen en Vrouwen;34 jaar;2058;4655;4654;1
1547;Mannen en Vrouwen;34 jaar;2059;4661;4668;-7
1548;Mannen en Vrouwen;35 jaar;2017;4395;3196;1199
1549;Mannen en Vrouwen;35 jaar;2018;4102;3376;726
1550;Mannen en Vrouwen;35 jaar;2019;4059;3570;489
1551;Mannen en Vrouwen;35 jaar;2020;4048;3709;339
1552;Mannen en Vrouwen;35 jaar;2021;4074;3808;266
1553;Mannen en Vrouwen;35 jaar;2022;4106;3882;224
1554;Mannen en Vrouwen;35 jaar;2023;4139;4025;114
1555;Mannen en Vrouwen;35 jaar;2024;4174;4127;47
1556;Mannen en Vrouwen;35 jaar;2025;4235;4243;-8
1557;Mannen en Vrouwen;35 jaar;2026;4246;4282;-36
1558;Mannen en Vrouwen;35 jaar;2027;4256;4331;-75
1559;Mannen en Vrouwen;35 jaar;2028;4252;4335;-83
1560;Mannen en Vrouwen;35 jaar;2029;4253;4347;-94
1561;Mannen en Vrouwen;35 jaar;2030;4242;4324;-82
1562;Mannen en Vrouwen;35 jaar;2031;4241;4328;-87
1563;Mannen en Vrouwen;35 jaar;2032;4252;4343;-91
1564;Mannen en Vrouwen;35 jaar;2033;4271;4378;-107
1565;Mannen en Vrouwen;35 jaar;2034;4280;4385;-105
1566;Mannen en Vrouwen;35 jaar;2035;4297;4411;-114
1567;Mannen en Vrouwen;35 jaar;2036;4288;4388;-100
1568;Mannen en Vrouwen;35 jaar;2037;4283;4387;-104
1569;Mannen en Vrouwen;35 jaar;2038;4276;4386;-110
1570;Mannen en Vrouwen;35 jaar;2039;4262;4364;-102
1571;Mannen en Vrouwen;35 jaar;2040;4241;4343;-102
1572;Mannen en Vrouwen;35 jaar;2041;4232;4338;-106
1573;Mannen en Vrouwen;35 jaar;2042;4221;4328;-107
1574;Mannen en Vrouwen;35 jaar;2043;4233;4351;-118
1575;Mannen en Vrouwen;35 jaar;2044;4232;4353;-121
1576;Mannen en Vrouwen;35 jaar;2045;4227;4359;-132
1577;Mannen en Vrouwen;35 jaar;2046;4216;4343;-127
1578;Mannen en Vrouwen;35 jaar;2047;4205;4332;-127
1579;Mannen en Vrouwen;35 jaar;2048;4194;4310;-116
1580;Mannen en Vrouwen;35 jaar;2049;4207;4333;-126
1581;Mannen en Vrouwen;35 jaar;2050;4193;4311;-118
1582;Mannen en Vrouwen;35 jaar;2051;4203;4323;-120
1583;Mannen en Vrouwen;35 jaar;2052;4198;4315;-117
1584;Mannen en Vrouwen;35 jaar;2053;4203;4323;-120
1585;Mannen en Vrouwen;35 jaar;2054;4212;4333;-121
1586;Mannen en Vrouwen;35 jaar;2055;4213;4342;-129
1587;Mannen en Vrouwen;35 jaar;2056;4225;4360;-135
1588;Mannen en Vrouwen;35 jaar;2057;4234;4374;-140
1589;Mannen en Vrouwen;35 jaar;2058;4243;4392;-149
1590;Mannen en Vrouwen;35 jaar;2059;4247;4407;-160
1591;Mannen en Vrouwen;36 jaar;2017;4077;2850;1227
1592;Mannen en Vrouwen;36 jaar;2018;3782;3057;725
1593;Mannen en Vrouwen;36 jaar;2019;3724;3203;521
1594;Mannen en Vrouwen;36 jaar;2020;3724;3372;352
1595;Mannen en Vrouwen;36 jaar;2021;3738;3493;245
1596;Mannen en Vrouwen;36 jaar;2022;3781;3583;198
1597;Mannen en Vrouwen;36 jaar;2023;3814;3647;167
1598;Mannen en Vrouwen;36 jaar;2024;3840;3770;70
1599;Mannen en Vrouwen;36 jaar;2025;3875;3855;20
1600;Mannen en Vrouwen;36 jaar;2026;3918;3954;-36
1601;Mannen en Vrouwen;36 jaar;2027;3928;3990;-62
1602;Mannen en Vrouwen;36 jaar;2028;3927;4014;-87
1603;Mannen en Vrouwen;36 jaar;2029;3925;4016;-91
1604;Mannen en Vrouwen;36 jaar;2030;3927;4027;-100
1605;Mannen en Vrouwen;36 jaar;2031;3917;4006;-89
1606;Mannen en Vrouwen;36 jaar;2032;3914;4009;-95
1607;Mannen en Vrouwen;36 jaar;2033;3922;4024;-102
1608;Mannen en Vrouwen;36 jaar;2034;3942;4059;-117
1609;Mannen en Vrouwen;36 jaar;2035;3950;4069;-119
1610;Mannen en Vrouwen;36 jaar;2036;3966;4094;-128
1611;Mannen en Vrouwen;36 jaar;2037;3961;4075;-114
1612;Mannen en Vrouwen;36 jaar;2038;3950;4075;-125
1613;Mannen en Vrouwen;36 jaar;2039;3949;4074;-125
1614;Mannen en Vrouwen;36 jaar;2040;3930;4055;-125
1615;Mannen en Vrouwen;36 jaar;2041;3911;4036;-125
1616;Mannen en Vrouwen;36 jaar;2042;3907;4035;-128
1617;Mannen en Vrouwen;36 jaar;2043;3896;4026;-130
1618;Mannen en Vrouwen;36 jaar;2044;3908;4049;-141
1619;Mannen en Vrouwen;36 jaar;2045;3903;4050;-147
1620;Mannen en Vrouwen;36 jaar;2046;3902;4057;-155
1621;Mannen en Vrouwen;36 jaar;2047;3892;4042;-150
1622;Mannen en Vrouwen;36 jaar;2048;3881;4033;-152
1623;Mannen en Vrouwen;36 jaar;2049;3869;4015;-146
1624;Mannen en Vrouwen;36 jaar;2050;3882;4037;-155
1625;Mannen en Vrouwen;36 jaar;2051;3867;4020;-153
1626;Mannen en Vrouwen;36 jaar;2052;3878;4032;-154
1627;Mannen en Vrouwen;36 jaar;2053;3873;4026;-153
1628;Mannen en Vrouwen;36 jaar;2054;3879;4035;-156
1629;Mannen en Vrouwen;36 jaar;2055;3885;4046;-161
1630;Mannen en Vrouwen;36 jaar;2056;3889;4057;-168
1631;Mannen en Vrouwen;36 jaar;2057;3901;4074;-173
1632;Mannen en Vrouwen;36 jaar;2058;3910;4089;-179
1633;Mannen en Vrouwen;36 jaar;2059;3915;4106;-191
1634;Mannen en Vrouwen;37 jaar;2017;3762;2663;1099
1635;Mannen en Vrouwen;37 jaar;2018;3514;2762;752
1636;Mannen en Vrouwen;37 jaar;2019;3440;2932;508
1637;Mannen en Vrouwen;37 jaar;2020;3424;3058;366
1638;Mannen en Vrouwen;37 jaar;2021;3437;3209;228
1639;Mannen en Vrouwen;37 jaar;2022;3471;3317;154
1640;Mannen en Vrouwen;37 jaar;2023;3513;3398;115
1641;Mannen en Vrouwen;37 jaar;2024;3538;3454;84
1642;Mannen en Vrouwen;37 jaar;2025;3564;3557;7
1643;Mannen en Vrouwen;37 jaar;2026;3587;3627;-40
1644;Mannen en Vrouwen;37 jaar;2027;3623;3716;-93
1645;Mannen en Vrouwen;37 jaar;2028;3625;3731;-106
1646;Mannen en Vrouwen;37 jaar;2029;3622;3750;-128
1647;Mannen en Vrouwen;37 jaar;2030;3623;3750;-127
1648;Mannen en Vrouwen;37 jaar;2031;3623;3758;-135
1649;Mannen en Vrouwen;37 jaar;2032;3613;3737;-124
1650;Mannen en Vrouwen;37 jaar;2033;3611;3740;-129
1651;Mannen en Vrouwen;37 jaar;2034;3618;3757;-139
1652;Mannen en Vrouwen;37 jaar;2035;3636;3790;-154
1653;Mannen en Vrouwen;37 jaar;2036;3645;3799;-154
1654;Mannen en Vrouwen;37 jaar;2037;3657;3824;-167
1655;Mannen en Vrouwen;37 jaar;2038;3647;3808;-161
1656;Mannen en Vrouwen;37 jaar;2039;3644;3806;-162
1657;Mannen en Vrouwen;37 jaar;2040;3644;3805;-161
1658;Mannen en Vrouwen;37 jaar;2041;3621;3787;-166
1659;Mannen en Vrouwen;37 jaar;2042;3606;3768;-162
1660;Mannen en Vrouwen;37 jaar;2043;3603;3768;-165
1661;Mannen en Vrouwen;37 jaar;2044;3593;3758;-165
1662;Mannen en Vrouwen;37 jaar;2045;3601;3778;-177
1663;Mannen en Vrouwen;37 jaar;2046;3599;3780;-181
1664;Mannen en Vrouwen;37 jaar;2047;3602;3786;-184
1665;Mannen en Vrouwen;37 jaar;2048;3592;3773;-181
1666;Mannen en Vrouwen;37 jaar;2049;3581;3764;-183
1667;Mannen en Vrouwen;37 jaar;2050;3566;3747;-181
1668;Mannen en Vrouwen;37 jaar;2051;3579;3769;-190
1669;Mannen en Vrouwen;37 jaar;2052;3570;3752;-182
1670;Mannen en Vrouwen;37 jaar;2053;3575;3766;-191
1671;Mannen en Vrouwen;37 jaar;2054;3571;3761;-190
1672;Mannen en Vrouwen;37 jaar;2055;3578;3769;-191
1673;Mannen en Vrouwen;37 jaar;2056;3586;3781;-195
1674;Mannen en Vrouwen;37 jaar;2057;3588;3791;-203
1675;Mannen en Vrouwen;37 jaar;2058;3598;3809;-211
1676;Mannen en Vrouwen;37 jaar;2059;3606;3824;-218
1677;Mannen en Vrouwen;38 jaar;2017;3444;2410;1034
1678;Mannen en Vrouwen;38 jaar;2018;3239;2592;647
1679;Mannen en Vrouwen;38 jaar;2019;3188;2669;519
1680;Mannen en Vrouwen;38 jaar;2020;3158;2816;342
1681;Mannen en Vrouwen;38 jaar;2021;3159;2927;232
1682;Mannen en Vrouwen;38 jaar;2022;3188;3064;124
1683;Mannen en Vrouwen;38 jaar;2023;3220;3159;61
1684;Mannen en Vrouwen;38 jaar;2024;3256;3228;28
1685;Mannen en Vrouwen;38 jaar;2025;3286;3271;15
1686;Mannen en Vrouwen;38 jaar;2026;3295;3357;-62
1687;Mannen en Vrouwen;38 jaar;2027;3312;3417;-105
1688;Mannen en Vrouwen;38 jaar;2028;3341;3483;-142
1689;Mannen en Vrouwen;38 jaar;2029;3342;3493;-151
1690;Mannen en Vrouwen;38 jaar;2030;3344;3507;-163
1691;Mannen en Vrouwen;38 jaar;2031;3336;3504;-168
1692;Mannen en Vrouwen;38 jaar;2032;3343;3511;-168
1693;Mannen en Vrouwen;38 jaar;2033;3332;3491;-159
1694;Mannen en Vrouwen;38 jaar;2034;3331;3494;-163
1695;Mannen en Vrouwen;38 jaar;2035;3338;3508;-170
1696;Mannen en Vrouwen;38 jaar;2036;3357;3542;-185
1697;Mannen en Vrouwen;38 jaar;2037;3361;3550;-189
1698;Mannen en Vrouwen;38 jaar;2038;3373;3574;-201
1699;Mannen en Vrouwen;38 jaar;2039;3367;3557;-190
1700;Mannen en Vrouwen;38 jaar;2040;3362;3555;-193
1701;Mannen en Vrouwen;38 jaar;2041;3358;3552;-194
1702;Mannen en Vrouwen;38 jaar;2042;3342;3535;-193
1703;Mannen en Vrouwen;38 jaar;2043;3327;3517;-190
1704;Mannen en Vrouwen;38 jaar;2044;3321;3513;-192
1705;Mannen en Vrouwen;38 jaar;2045;3313;3505;-192
1706;Mannen en Vrouwen;38 jaar;2046;3319;3524;-205
1707;Mannen en Vrouwen;38 jaar;2047;3322;3523;-201
1708;Mannen en Vrouwen;38 jaar;2048;3322;3529;-207
1709;Mannen en Vrouwen;38 jaar;2049;3310;3516;-206
1710;Mannen en Vrouwen;38 jaar;2050;3300;3507;-207
1711;Mannen en Vrouwen;38 jaar;2051;3287;3491;-204
1712;Mannen en Vrouwen;38 jaar;2052;3301;3512;-211
1713;Mannen en Vrouwen;38 jaar;2053;3289;3496;-207
1714;Mannen en Vrouwen;38 jaar;2054;3296;3508;-212
1715;Mannen en Vrouwen;38 jaar;2055;3296;3502;-206
1716;Mannen en Vrouwen;38 jaar;2056;3299;3512;-213
1717;Mannen en Vrouwen;38 jaar;2057;3301;3521;-220
1718;Mannen en Vrouwen;38 jaar;2058;3307;3531;-224
1719;Mannen en Vrouwen;38 jaar;2059;3320;3547;-227
1720;Mannen en Vrouwen;39 jaar;2017;3151;2211;940
1721;Mannen en Vrouwen;39 jaar;2018;2944;2323;621
1722;Mannen en Vrouwen;39 jaar;2019;2922;2480;442
1723;Mannen en Vrouwen;39 jaar;2020;2901;2546;355
1724;Mannen en Vrouwen;39 jaar;2021;2893;2677;216
1725;Mannen en Vrouwen;39 jaar;2022;2908;2778;130
1726;Mannen en Vrouwen;39 jaar;2023;2937;2899;38
1727;Mannen en Vrouwen;39 jaar;2024;2963;2981;-18
1728;Mannen en Vrouwen;39 jaar;2025;3003;3037;-34
1729;Mannen en Vrouwen;39 jaar;2026;3017;3069;-52
1730;Mannen en Vrouwen;39 jaar;2027;3022;3144;-122
1731;Mannen en Vrouwen;39 jaar;2028;3037;3184;-147
1732;Mannen en Vrouwen;39 jaar;2029;3056;3243;-187
1733;Mannen en Vrouwen;39 jaar;2030;3059;3251;-192
1734;Mannen en Vrouwen;39 jaar;2031;3058;3262;-204
1735;Mannen en Vrouwen;39 jaar;2032;3054;3258;-204
1736;Mannen en Vrouwen;39 jaar;2033;3058;3266;-208
1737;Mannen en Vrouwen;39 jaar;2034;3047;3247;-200
1738;Mannen en Vrouwen;39 jaar;2035;3049;3250;-201
1739;Mannen en Vrouwen;39 jaar;2036;3055;3265;-210
1740;Mannen en Vrouwen;39 jaar;2037;3072;3296;-224
1741;Mannen en Vrouwen;39 jaar;2038;3081;3305;-224
1742;Mannen en Vrouwen;39 jaar;2039;3093;3326;-233
1743;Mannen en Vrouwen;39 jaar;2040;3086;3311;-225
1744;Mannen en Vrouwen;39 jaar;2041;3081;3309;-228
1745;Mannen en Vrouwen;39 jaar;2042;3077;3307;-230
1746;Mannen en Vrouwen;39 jaar;2043;3064;3290;-226
1747;Mannen en Vrouwen;39 jaar;2044;3049;3272;-223
1748;Mannen en Vrouwen;39 jaar;2045;3039;3269;-230
1749;Mannen en Vrouwen;39 jaar;2046;3033;3260;-227
1750;Mannen en Vrouwen;39 jaar;2047;3041;3276;-235
1751;Mannen en Vrouwen;39 jaar;2048;3041;3277;-236
1752;Mannen en Vrouwen;39 jaar;2049;3044;3283;-239
1753;Mannen en Vrouwen;39 jaar;2050;3029;3271;-242
1754;Mannen en Vrouwen;39 jaar;2051;3023;3264;-241
1755;Mannen en Vrouwen;39 jaar;2052;3007;3248;-241
1756;Mannen en Vrouwen;39 jaar;2053;3018;3268;-250
1757;Mannen en Vrouwen;39 jaar;2054;3012;3253;-241
1758;Mannen en Vrouwen;39 jaar;2055;3018;3266;-248
1759;Mannen en Vrouwen;39 jaar;2056;3016;3261;-245
1760;Mannen en Vrouwen;39 jaar;2057;3019;3270;-251
1761;Mannen en Vrouwen;39 jaar;2058;3022;3279;-257
1762;Mannen en Vrouwen;39 jaar;2059;3026;3288;-262
1763;Mannen en Vrouwen;40 jaar;2017;2889;2021;868
1764;Mannen en Vrouwen;40 jaar;2018;2707;2151;556
1765;Mannen en Vrouwen;40 jaar;2019;2664;2249;415
1766;Mannen en Vrouwen;40 jaar;2020;2673;2392;281
1767;Mannen en Vrouwen;40 jaar;2021;2674;2457;217
1768;Mannen en Vrouwen;40 jaar;2022;2674;2573;101
1769;Mannen en Vrouwen;40 jaar;2023;2695;2663;32
1770;Mannen en Vrouwen;40 jaar;2024;2717;2769;-52
1771;Mannen en Vrouwen;40 jaar;2025;2744;2839;-95
1772;Mannen en Vrouwen;40 jaar;2026;2769;2888;-119
1773;Mannen en Vrouwen;40 jaar;2027;2780;2918;-138
1774;Mannen en Vrouwen;40 jaar;2028;2781;2973;-192
1775;Mannen en Vrouwen;40 jaar;2029;2791;3009;-218
1776;Mannen en Vrouwen;40 jaar;2030;2814;3060;-246
1777;Mannen en Vrouwen;40 jaar;2031;2817;3068;-251
1778;Mannen en Vrouwen;40 jaar;2032;2817;3078;-261
1779;Mannen en Vrouwen;40 jaar;2033;2808;3075;-267
1780;Mannen en Vrouwen;40 jaar;2034;2818;3082;-264
1781;Mannen en Vrouwen;40 jaar;2035;2806;3066;-260
1782;Mannen en Vrouwen;40 jaar;2036;2808;3071;-263
1783;Mannen en Vrouwen;40 jaar;2037;2817;3084;-267
1784;Mannen en Vrouwen;40 jaar;2038;2834;3114;-280
1785;Mannen en Vrouwen;40 jaar;2039;2838;3121;-283
1786;Mannen en Vrouwen;40 jaar;2040;2849;3142;-293
1787;Mannen en Vrouwen;40 jaar;2041;2843;3128;-285
1788;Mannen en Vrouwen;40 jaar;2042;2840;3126;-286
1789;Mannen en Vrouwen;40 jaar;2043;2835;3127;-292
1790;Mannen en Vrouwen;40 jaar;2044;2824;3110;-286
1791;Mannen en Vrouwen;40 jaar;2045;2807;3094;-287
1792;Mannen en Vrouwen;40 jaar;2046;2800;3090;-290
1793;Mannen en Vrouwen;40 jaar;2047;2794;3082;-288
1794;Mannen en Vrouwen;40 jaar;2048;2805;3099;-294
1795;Mannen en Vrouwen;40 jaar;2049;2801;3099;-298
1796;Mannen en Vrouwen;40 jaar;2050;2803;3106;-303
1797;Mannen en Vrouwen;40 jaar;2051;2790;3095;-305
1798;Mannen en Vrouwen;40 jaar;2052;2788;3087;-299
1799;Mannen en Vrouwen;40 jaar;2053;2770;3073;-303
1800;Mannen en Vrouwen;40 jaar;2054;2783;3092;-309
1801;Mannen en Vrouwen;40 jaar;2055;2774;3079;-305
1802;Mannen en Vrouwen;40 jaar;2056;2781;3092;-311
1803;Mannen en Vrouwen;40 jaar;2057;2777;3088;-311
1804;Mannen en Vrouwen;40 jaar;2058;2782;3097;-315
1805;Mannen en Vrouwen;40 jaar;2059;2788;3106;-318
1806;Mannen en Vrouwen;41 jaar;2017;2736;1910;826
1807;Mannen en Vrouwen;41 jaar;2018;2549;1999;550
1808;Mannen en Vrouwen;41 jaar;2019;2517;2118;399
1809;Mannen en Vrouwen;41 jaar;2020;2507;2209;298
1810;Mannen en Vrouwen;41 jaar;2021;2529;2343;186
1811;Mannen en Vrouwen;41 jaar;2022;2548;2405;143
1812;Mannen en Vrouwen;41 jaar;2023;2550;2509;41
1813;Mannen en Vrouwen;41 jaar;2024;2560;2589;-29
1814;Mannen en Vrouwen;41 jaar;2025;2590;2681;-91
1815;Mannen en Vrouwen;41 jaar;2026;2608;2742;-134
1816;Mannen en Vrouwen;41 jaar;2027;2624;2787;-163
1817;Mannen en Vrouwen;41 jaar;2028;2629;2805;-176
1818;Mannen en Vrouwen;41 jaar;2029;2627;2851;-224
1819;Mannen en Vrouwen;41 jaar;2030;2638;2884;-246
1820;Mannen en Vrouwen;41 jaar;2031;2665;2932;-267
1821;Mannen en Vrouwen;41 jaar;2032;2665;2938;-273
1822;Mannen en Vrouwen;41 jaar;2033;2662;2948;-286
1823;Mannen en Vrouwen;41 jaar;2034;2660;2944;-284
1824;Mannen en Vrouwen;41 jaar;2035;2663;2952;-289
1825;Mannen en Vrouwen;41 jaar;2036;2652;2937;-285
1826;Mannen en Vrouwen;41 jaar;2037;2653;2941;-288
1827;Mannen en Vrouwen;41 jaar;2038;2660;2954;-294
1828;Mannen en Vrouwen;41 jaar;2039;2677;2981;-304
1829;Mannen en Vrouwen;41 jaar;2040;2683;2988;-305
1830;Mannen en Vrouwen;41 jaar;2041;2694;3009;-315
1831;Mannen en Vrouwen;41 jaar;2042;2688;2996;-308
1832;Mannen en Vrouwen;41 jaar;2043;2684;2996;-312
1833;Mannen en Vrouwen;41 jaar;2044;2685;2995;-310
1834;Mannen en Vrouwen;41 jaar;2045;2666;2980;-314
1835;Mannen en Vrouwen;41 jaar;2046;2653;2964;-311
1836;Mannen en Vrouwen;41 jaar;2047;2646;2960;-314
1837;Mannen en Vrouwen;41 jaar;2048;2639;2952;-313
1838;Mannen en Vrouwen;41 jaar;2049;2649;2970;-321
1839;Mannen en Vrouwen;41 jaar;2050;2645;2971;-326
1840;Mannen en Vrouwen;41 jaar;2051;2649;2978;-329
1841;Mannen en Vrouwen;41 jaar;2052;2639;2968;-329
1842;Mannen en Vrouwen;41 jaar;2053;2626;2961;-335
1843;Mannen en Vrouwen;41 jaar;2054;2620;2947;-327
1844;Mannen en Vrouwen;41 jaar;2055;2628;2966;-338
1845;Mannen en Vrouwen;41 jaar;2056;2618;2953;-335
1846;Mannen en Vrouwen;41 jaar;2057;2626;2966;-340
1847;Mannen en Vrouwen;41 jaar;2058;2622;2964;-342
1848;Mannen en Vrouwen;41 jaar;2059;2623;2973;-350
1849;Mannen en Vrouwen;42 jaar;2017;2619;1802;817
1850;Mannen en Vrouwen;42 jaar;2018;2439;1859;580
1851;Mannen en Vrouwen;42 jaar;2019;2398;1937;461
1852;Mannen en Vrouwen;42 jaar;2020;2399;2045;354
1853;Mannen en Vrouwen;42 jaar;2021;2402;2128;274
1854;Mannen en Vrouwen;42 jaar;2022;2440;2253;187
1855;Mannen en Vrouwen;42 jaar;2023;2457;2307;150
1856;Mannen en Vrouwen;42 jaar;2024;2452;2400;52
1857;Mannen en Vrouwen;42 jaar;2025;2470;2467;3
1858;Mannen en Vrouwen;42 jaar;2026;2485;2548;-63
1859;Mannen en Vrouwen;42 jaar;2027;2499;2601;-102
1860;Mannen en Vrouwen;42 jaar;2028;2515;2631;-116
1861;Mannen en Vrouwen;42 jaar;2029;2517;2646;-129
1862;Mannen en Vrouwen;42 jaar;2030;2518;2687;-169
1863;Mannen en Vrouwen;42 jaar;2031;2527;2715;-188
1864;Mannen en Vrouwen;42 jaar;2032;2551;2759;-208
1865;Mannen en Vrouwen;42 jaar;2033;2553;2764;-211
1866;Mannen en Vrouwen;42 jaar;2034;2551;2773;-222
1867;Mannen en Vrouwen;42 jaar;2035;2548;2770;-222
1868;Mannen en Vrouwen;42 jaar;2036;2550;2778;-228
1869;Mannen en Vrouwen;42 jaar;2037;2542;2764;-222
1870;Mannen en Vrouwen;42 jaar;2038;2541;2768;-227
1871;Mannen en Vrouwen;42 jaar;2039;2551;2779;-228
1872;Mannen en Vrouwen;42 jaar;2040;2563;2806;-243
1873;Mannen en Vrouwen;42 jaar;2041;2571;2813;-242
1874;Mannen en Vrouwen;42 jaar;2042;2579;2832;-253
1875;Mannen en Vrouwen;42 jaar;2043;2573;2822;-249
1876;Mannen en Vrouwen;42 jaar;2044;2576;2820;-244
1877;Mannen en Vrouwen;42 jaar;2045;2569;2819;-250
1878;Mannen en Vrouwen;42 jaar;2046;2557;2804;-247
1879;Mannen en Vrouwen;42 jaar;2047;2544;2788;-244
1880;Mannen en Vrouwen;42 jaar;2048;2536;2786;-250
1881;Mannen en Vrouwen;42 jaar;2049;2527;2779;-252
1882;Mannen en Vrouwen;42 jaar;2050;2538;2795;-257
1883;Mannen en Vrouwen;42 jaar;2051;2538;2797;-259
1884;Mannen en Vrouwen;42 jaar;2052;2539;2803;-264
1885;Mannen en Vrouwen;42 jaar;2053;2528;2794;-266
1886;Mannen en Vrouwen;42 jaar;2054;2520;2787;-267
1887;Mannen en Vrouwen;42 jaar;2055;2510;2773;-263
1888;Mannen en Vrouwen;42 jaar;2056;2521;2791;-270
1889;Mannen en Vrouwen;42 jaar;2057;2509;2781;-272
1890;Mannen en Vrouwen;42 jaar;2058;2516;2793;-277
1891;Mannen en Vrouwen;42 jaar;2059;2515;2790;-275
1892;Mannen en Vrouwen;43 jaar;2017;2438;1718;720
1893;Mannen en Vrouwen;43 jaar;2018;2261;1741;520
1894;Mannen en Vrouwen;43 jaar;2019;2219;1786;433
1895;Mannen en Vrouwen;43 jaar;2020;2206;1858;348
1896;Mannen en Vrouwen;43 jaar;2021;2219;1955;264
1897;Mannen en Vrouwen;43 jaar;2022;2234;2032;202
1898;Mannen en Vrouwen;43 jaar;2023;2267;2145;122
1899;Mannen en Vrouwen;43 jaar;2024;2280;2188;92
1900;Mannen en Vrouwen;43 jaar;2025;2285;2268;17
1901;Mannen en Vrouwen;43 jaar;2026;2287;2324;-37
1902;Mannen en Vrouwen;43 jaar;2027;2301;2397;-96
1903;Mannen en Vrouwen;43 jaar;2028;2313;2434;-121
1904;Mannen en Vrouwen;43 jaar;2029;2322;2459;-137
1905;Mannen en Vrouwen;43 jaar;2030;2328;2472;-144
1906;Mannen en Vrouwen;43 jaar;2031;2329;2507;-178
1907;Mannen en Vrouwen;43 jaar;2032;2338;2532;-194
1908;Mannen en Vrouwen;43 jaar;2033;2359;2572;-213
1909;Mannen en Vrouwen;43 jaar;2034;2362;2578;-216
1910;Mannen en Vrouwen;43 jaar;2035;2360;2587;-227
1911;Mannen en Vrouwen;43 jaar;2036;2355;2584;-229
1912;Mannen en Vrouwen;43 jaar;2037;2360;2592;-232
1913;Mannen en Vrouwen;43 jaar;2038;2349;2578;-229
1914;Mannen en Vrouwen;43 jaar;2039;2353;2582;-229
1915;Mannen en Vrouwen;43 jaar;2040;2360;2593;-233
1916;Mannen en Vrouwen;43 jaar;2041;2374;2617;-243
1917;Mannen en Vrouwen;43 jaar;2042;2382;2625;-243
1918;Mannen en Vrouwen;43 jaar;2043;2390;2643;-253
1919;Mannen en Vrouwen;43 jaar;2044;2387;2634;-247
1920;Mannen en Vrouwen;43 jaar;2045;2382;2632;-250
1921;Mannen en Vrouwen;43 jaar;2046;2379;2630;-251
1922;Mannen en Vrouwen;43 jaar;2047;2368;2617;-249
1923;Mannen en Vrouwen;43 jaar;2048;2356;2602;-246
1924;Mannen en Vrouwen;43 jaar;2049;2350;2600;-250
1925;Mannen en Vrouwen;43 jaar;2050;2341;2594;-253
1926;Mannen en Vrouwen;43 jaar;2051;2351;2610;-259
1927;Mannen en Vrouwen;43 jaar;2052;2349;2611;-262
1928;Mannen en Vrouwen;43 jaar;2053;2350;2617;-267
1929;Mannen en Vrouwen;43 jaar;2054;2337;2608;-271
1930;Mannen en Vrouwen;43 jaar;2055;2335;2603;-268
1931;Mannen en Vrouwen;43 jaar;2056;2323;2591;-268
1932;Mannen en Vrouwen;43 jaar;2057;2333;2608;-275
1933;Mannen en Vrouwen;43 jaar;2058;2322;2597;-275
1934;Mannen en Vrouwen;43 jaar;2059;2330;2608;-278
1935;Mannen en Vrouwen;44 jaar;2017;2270;1612;658
1936;Mannen en Vrouwen;44 jaar;2018;2093;1664;429
1937;Mannen en Vrouwen;44 jaar;2019;2047;1680;367
1938;Mannen en Vrouwen;44 jaar;2020;2035;1722;313
1939;Mannen en Vrouwen;44 jaar;2021;2035;1788;247
1940;Mannen en Vrouwen;44 jaar;2022;2056;1876;180
1941;Mannen en Vrouwen;44 jaar;2023;2075;1944;131
1942;Mannen en Vrouwen;44 jaar;2024;2104;2044;60
1943;Mannen en Vrouwen;44 jaar;2025;2117;2079;38
1944;Mannen en Vrouwen;44 jaar;2026;2109;2144;-35
1945;Mannen en Vrouwen;44 jaar;2027;2107;2193;-86
1946;Mannen en Vrouwen;44 jaar;2028;2122;2248;-126
1947;Mannen en Vrouwen;44 jaar;2029;2129;2281;-152
1948;Mannen en Vrouwen;44 jaar;2030;2145;2304;-159
1949;Mannen en Vrouwen;44 jaar;2031;2152;2314;-162
1950;Mannen en Vrouwen;44 jaar;2032;2149;2345;-196
1951;Mannen en Vrouwen;44 jaar;2033;2159;2367;-208
1952;Mannen en Vrouwen;44 jaar;2034;2181;2406;-225
1953;Mannen en Vrouwen;44 jaar;2035;2183;2412;-229
1954;Mannen en Vrouwen;44 jaar;2036;2181;2420;-239
1955;Mannen en Vrouwen;44 jaar;2037;2176;2417;-241
1956;Mannen en Vrouwen;44 jaar;2038;2180;2424;-244
1957;Mannen en Vrouwen;44 jaar;2039;2172;2411;-239
1958;Mannen en Vrouwen;44 jaar;2040;2171;2413;-242
1959;Mannen en Vrouwen;44 jaar;2041;2179;2425;-246
1960;Mannen en Vrouwen;44 jaar;2042;2193;2449;-256
1961;Mannen en Vrouwen;44 jaar;2043;2201;2455;-254
1962;Mannen en Vrouwen;44 jaar;2044;2212;2473;-261
1963;Mannen en Vrouwen;44 jaar;2045;2204;2463;-259
1964;Mannen en Vrouwen;44 jaar;2046;2202;2461;-259
1965;Mannen en Vrouwen;44 jaar;2047;2201;2460;-259
1966;Mannen en Vrouwen;44 jaar;2048;2188;2447;-259
1967;Mannen en Vrouwen;44 jaar;2049;2177;2434;-257
1968;Mannen en Vrouwen;44 jaar;2050;2170;2432;-262
1969;Mannen en Vrouwen;44 jaar;2051;2163;2425;-262
1970;Mannen en Vrouwen;44 jaar;2052;2171;2440;-269
1971;Mannen en Vrouwen;44 jaar;2053;2167;2442;-275
1972;Mannen en Vrouwen;44 jaar;2054;2171;2446;-275
1973;Mannen en Vrouwen;44 jaar;2055;2160;2438;-278
1974;Mannen en Vrouwen;44 jaar;2056;2155;2432;-277
1975;Mannen en Vrouwen;44 jaar;2057;2143;2421;-278
1976;Mannen en Vrouwen;44 jaar;2058;2152;2437;-285
1977;Mannen en Vrouwen;44 jaar;2059;2142;2428;-286
1978;Mannen en Vrouwen;45 jaar;2017;2176;1578;598
1979;Mannen en Vrouwen;45 jaar;2018;1985;1574;411
1980;Mannen en Vrouwen;45 jaar;2019;1932;1620;312
1981;Mannen en Vrouwen;45 jaar;2020;1913;1635;278
1982;Mannen en Vrouwen;45 jaar;2021;1916;1675;241
1983;Mannen en Vrouwen;45 jaar;2022;1925;1735;190
1984;Mannen en Vrouwen;45 jaar;2023;1950;1815;135
1985;Mannen en Vrouwen;45 jaar;2024;1964;1874;90
1986;Mannen en Vrouwen;45 jaar;2025;1992;1961;31
1987;Mannen en Vrouwen;45 jaar;2026;1994;1989;5
1988;Mannen en Vrouwen;45 jaar;2027;1985;2044;-59
1989;Mannen en Vrouwen;45 jaar;2028;1985;2079;-94
1990;Mannen en Vrouwen;45 jaar;2029;1990;2128;-138
1991;Mannen en Vrouwen;45 jaar;2030;2000;2159;-159
1992;Mannen en Vrouwen;45 jaar;2031;2014;2178;-164
1993;Mannen en Vrouwen;45 jaar;2032;2020;2188;-168
1994;Mannen en Vrouwen;45 jaar;2033;2017;2214;-197
1995;Mannen en Vrouwen;45 jaar;2034;2026;2236;-210
1996;Mannen en Vrouwen;45 jaar;2035;2045;2271;-226
1997;Mannen en Vrouwen;45 jaar;2036;2044;2277;-233
1998;Mannen en Vrouwen;45 jaar;2037;2041;2282;-241
1999;Mannen en Vrouwen;45 jaar;2038;2041;2282;-241
2000;Mannen en Vrouwen;45 jaar;2039;2043;2287;-244
2001;Mannen en Vrouwen;45 jaar;2040;2035;2274;-239
2002;Mannen en Vrouwen;45 jaar;2041;2033;2276;-243
2003;Mannen en Vrouwen;45 jaar;2042;2037;2286;-249
2004;Mannen en Vrouwen;45 jaar;2043;2055;2307;-252
2005;Mannen en Vrouwen;45 jaar;2044;2061;2314;-253
2006;Mannen en Vrouwen;45 jaar;2045;2071;2329;-258
2007;Mannen en Vrouwen;45 jaar;2046;2066;2319;-253
2008;Mannen en Vrouwen;45 jaar;2047;2064;2316;-252
2009;Mannen en Vrouwen;45 jaar;2048;2062;2315;-253
2010;Mannen en Vrouwen;45 jaar;2049;2050;2302;-252
2011;Mannen en Vrouwen;45 jaar;2050;2035;2290;-255
2012;Mannen en Vrouwen;45 jaar;2051;2030;2287;-257
2013;Mannen en Vrouwen;45 jaar;2052;2025;2280;-255
2014;Mannen en Vrouwen;45 jaar;2053;2034;2294;-260
2015;Mannen en Vrouwen;45 jaar;2054;2034;2295;-261
2016;Mannen en Vrouwen;45 jaar;2055;2033;2299;-266
2017;Mannen en Vrouwen;45 jaar;2056;2024;2291;-267
2018;Mannen en Vrouwen;45 jaar;2057;2016;2286;-270
2019;Mannen en Vrouwen;45 jaar;2058;2006;2274;-268
2020;Mannen en Vrouwen;45 jaar;2059;2014;2289;-275
2021;Mannen en Vrouwen;46 jaar;2017;2061;1503;558
2022;Mannen en Vrouwen;46 jaar;2018;1892;1520;372
2023;Mannen en Vrouwen;46 jaar;2019;1821;1515;306
2024;Mannen en Vrouwen;46 jaar;2020;1795;1557;238
2025;Mannen en Vrouwen;46 jaar;2021;1790;1573;217
2026;Mannen en Vrouwen;46 jaar;2022;1803;1612;191
2027;Mannen en Vrouwen;46 jaar;2023;1811;1667;144
2028;Mannen en Vrouwen;46 jaar;2024;1832;1737;95
2029;Mannen en Vrouwen;46 jaar;2025;1847;1788;59
2030;Mannen en Vrouwen;46 jaar;2026;1866;1863;3
2031;Mannen en Vrouwen;46 jaar;2027;1865;1887;-22
2032;Mannen en Vrouwen;46 jaar;2028;1855;1930;-75
2033;Mannen en Vrouwen;46 jaar;2029;1851;1961;-110
2034;Mannen en Vrouwen;46 jaar;2030;1861;2005;-144
2035;Mannen en Vrouwen;46 jaar;2031;1866;2032;-166
2036;Mannen en Vrouwen;46 jaar;2032;1878;2051;-173
2037;Mannen en Vrouwen;46 jaar;2033;1882;2060;-178
2038;Mannen en Vrouwen;46 jaar;2034;1885;2084;-199
2039;Mannen en Vrouwen;46 jaar;2035;1891;2105;-214
2040;Mannen en Vrouwen;46 jaar;2036;1912;2138;-226
2041;Mannen en Vrouwen;46 jaar;2037;1915;2143;-228
2042;Mannen en Vrouwen;46 jaar;2038;1910;2148;-238
2043;Mannen en Vrouwen;46 jaar;2039;1909;2146;-237
2044;Mannen en Vrouwen;46 jaar;2040;1917;2152;-235
2045;Mannen en Vrouwen;46 jaar;2041;1902;2141;-239
2046;Mannen en Vrouwen;46 jaar;2042;1903;2143;-240
2047;Mannen en Vrouwen;46 jaar;2043;1910;2153;-243
2048;Mannen en Vrouwen;46 jaar;2044;1925;2173;-248
2049;Mannen en Vrouwen;46 jaar;2045;1928;2179;-251
2050;Mannen en Vrouwen;46 jaar;2046;1941;2193;-252
2051;Mannen en Vrouwen;46 jaar;2047;1938;2184;-246
2052;Mannen en Vrouwen;46 jaar;2048;1937;2182;-245
2053;Mannen en Vrouwen;46 jaar;2049;1930;2181;-251
2054;Mannen en Vrouwen;46 jaar;2050;1918;2168;-250
2055;Mannen en Vrouwen;46 jaar;2051;1908;2157;-249
2056;Mannen en Vrouwen;46 jaar;2052;1904;2156;-252
2057;Mannen en Vrouwen;46 jaar;2053;1894;2149;-255
2058;Mannen en Vrouwen;46 jaar;2054;1902;2162;-260
2059;Mannen en Vrouwen;46 jaar;2055;1901;2164;-263
2060;Mannen en Vrouwen;46 jaar;2056;1902;2167;-265
2061;Mannen en Vrouwen;46 jaar;2057;1893;2160;-267
2062;Mannen en Vrouwen;46 jaar;2058;1888;2155;-267
2063;Mannen en Vrouwen;46 jaar;2059;1881;2145;-264
2064;Mannen en Vrouwen;47 jaar;2017;1951;1419;532
2065;Mannen en Vrouwen;47 jaar;2018;1793;1414;379
2066;Mannen en Vrouwen;47 jaar;2019;1739;1430;309
2067;Mannen en Vrouwen;47 jaar;2020;1697;1425;272
2068;Mannen en Vrouwen;47 jaar;2021;1688;1463;225
2069;Mannen en Vrouwen;47 jaar;2022;1688;1476;212
2070;Mannen en Vrouwen;47 jaar;2023;1704;1508;196
2071;Mannen en Vrouwen;47 jaar;2024;1711;1555;156
2072;Mannen en Vrouwen;47 jaar;2025;1733;1615;118
2073;Mannen en Vrouwen;47 jaar;2026;1740;1657;83
2074;Mannen en Vrouwen;47 jaar;2027;1754;1725;29
2075;Mannen en Vrouwen;47 jaar;2028;1753;1739;14
2076;Mannen en Vrouwen;47 jaar;2029;1737;1775;-38
2077;Mannen en Vrouwen;47 jaar;2030;1736;1801;-65
2078;Mannen en Vrouwen;47 jaar;2031;1746;1841;-95
2079;Mannen en Vrouwen;47 jaar;2032;1752;1864;-112
2080;Mannen en Vrouwen;47 jaar;2033;1762;1880;-118
2081;Mannen en Vrouwen;47 jaar;2034;1768;1889;-121
2082;Mannen en Vrouwen;47 jaar;2035;1767;1912;-145
2083;Mannen en Vrouwen;47 jaar;2036;1775;1930;-155
2084;Mannen en Vrouwen;47 jaar;2037;1789;1960;-171
2085;Mannen en Vrouwen;47 jaar;2038;1793;1965;-172
2086;Mannen en Vrouwen;47 jaar;2039;1792;1970;-178
2087;Mannen en Vrouwen;47 jaar;2040;1789;1968;-179
2088;Mannen en Vrouwen;47 jaar;2041;1793;1973;-180
2089;Mannen en Vrouwen;47 jaar;2042;1786;1963;-177
2090;Mannen en Vrouwen;47 jaar;2043;1788;1966;-178
2091;Mannen en Vrouwen;47 jaar;2044;1792;1975;-183
2092;Mannen en Vrouwen;47 jaar;2045;1801;1994;-193
2093;Mannen en Vrouwen;47 jaar;2046;1810;2000;-190
2094;Mannen en Vrouwen;47 jaar;2047;1823;2014;-191
2095;Mannen en Vrouwen;47 jaar;2048;1818;2007;-189
2096;Mannen en Vrouwen;47 jaar;2049;1818;2005;-187
2097;Mannen en Vrouwen;47 jaar;2050;1814;2005;-191
2098;Mannen en Vrouwen;47 jaar;2051;1802;1993;-191
2099;Mannen en Vrouwen;47 jaar;2052;1793;1982;-189
2100;Mannen en Vrouwen;47 jaar;2053;1784;1981;-197
2101;Mannen en Vrouwen;47 jaar;2054;1781;1976;-195
2102;Mannen en Vrouwen;47 jaar;2055;1788;1987;-199
2103;Mannen en Vrouwen;47 jaar;2056;1787;1989;-202
2104;Mannen en Vrouwen;47 jaar;2057;1786;1993;-207
2105;Mannen en Vrouwen;47 jaar;2058;1781;1987;-206
2106;Mannen en Vrouwen;47 jaar;2059;1774;1981;-207
2107;Mannen en Vrouwen;48 jaar;2017;1829;1325;504
2108;Mannen en Vrouwen;48 jaar;2018;1686;1360;326
2109;Mannen en Vrouwen;48 jaar;2019;1632;1354;278
2110;Mannen en Vrouwen;48 jaar;2020;1607;1367;240
2111;Mannen en Vrouwen;48 jaar;2021;1581;1362;219
2112;Mannen en Vrouwen;48 jaar;2022;1583;1395;188
2113;Mannen en Vrouwen;48 jaar;2023;1583;1405;178
2114;Mannen en Vrouwen;48 jaar;2024;1593;1433;160
2115;Mannen en Vrouwen;48 jaar;2025;1603;1471;132
2116;Mannen en Vrouwen;48 jaar;2026;1615;1521;94
2117;Mannen en Vrouwen;48 jaar;2027;1619;1557;62
2118;Mannen en Vrouwen;48 jaar;2028;1634;1614;20
2119;Mannen en Vrouwen;48 jaar;2029;1626;1625;1
2120;Mannen en Vrouwen;48 jaar;2030;1619;1656;-37
2121;Mannen en Vrouwen;48 jaar;2031;1616;1678;-62
2122;Mannen en Vrouwen;48 jaar;2032;1621;1712;-91
2123;Mannen en Vrouwen;48 jaar;2033;1625;1733;-108
2124;Mannen en Vrouwen;48 jaar;2034;1640;1750;-110
2125;Mannen en Vrouwen;48 jaar;2035;1645;1758;-113
2126;Mannen en Vrouwen;48 jaar;2036;1641;1778;-137
2127;Mannen en Vrouwen;48 jaar;2037;1645;1794;-149
2128;Mannen en Vrouwen;48 jaar;2038;1665;1823;-158
2129;Mannen en Vrouwen;48 jaar;2039;1664;1827;-163
2130;Mannen en Vrouwen;48 jaar;2040;1661;1830;-169
2131;Mannen en Vrouwen;48 jaar;2041;1660;1828;-168
2132;Mannen en Vrouwen;48 jaar;2042;1663;1833;-170
2133;Mannen en Vrouwen;48 jaar;2043;1658;1825;-167
2134;Mannen en Vrouwen;48 jaar;2044;1658;1828;-170
2135;Mannen en Vrouwen;48 jaar;2045;1660;1836;-176
2136;Mannen en Vrouwen;48 jaar;2046;1677;1854;-177
2137;Mannen en Vrouwen;48 jaar;2047;1679;1859;-180
2138;Mannen en Vrouwen;48 jaar;2048;1689;1873;-184
2139;Mannen en Vrouwen;48 jaar;2049;1685;1866;-181
2140;Mannen en Vrouwen;48 jaar;2050;1684;1865;-181
2141;Mannen en Vrouwen;48 jaar;2051;1681;1864;-183
2142;Mannen en Vrouwen;48 jaar;2052;1671;1853;-182
2143;Mannen en Vrouwen;48 jaar;2053;1659;1843;-184
2144;Mannen en Vrouwen;48 jaar;2054;1656;1842;-186
2145;Mannen en Vrouwen;48 jaar;2055;1650;1837;-187
2146;Mannen en Vrouwen;48 jaar;2056;1660;1848;-188
2147;Mannen en Vrouwen;48 jaar;2057;1657;1851;-194
2148;Mannen en Vrouwen;48 jaar;2058;1659;1853;-194
2149;Mannen en Vrouwen;48 jaar;2059;1653;1847;-194
2150;Mannen en Vrouwen;49 jaar;2017;1664;1279;385
2151;Mannen en Vrouwen;49 jaar;2018;1561;1331;230
2152;Mannen en Vrouwen;49 jaar;2019;1517;1362;155
2153;Mannen en Vrouwen;49 jaar;2020;1492;1358;134
2154;Mannen en Vrouwen;49 jaar;2021;1476;1369;107
2155;Mannen en Vrouwen;49 jaar;2022;1459;1359;100
2156;Mannen en Vrouwen;49 jaar;2023;1462;1390;72
2157;Mannen en Vrouwen;49 jaar;2024;1459;1394;65
2158;Mannen en Vrouwen;49 jaar;2025;1468;1415;53
2159;Mannen en Vrouwen;49 jaar;2026;1469;1448;21
2160;Mannen en Vrouwen;49 jaar;2027;1482;1495;-13
2161;Mannen en Vrouwen;49 jaar;2028;1483;1523;-40
2162;Mannen en Vrouwen;49 jaar;2029;1496;1575;-79
2163;Mannen en Vrouwen;49 jaar;2030;1494;1585;-91
2164;Mannen en Vrouwen;49 jaar;2031;1483;1610;-127
2165;Mannen en Vrouwen;49 jaar;2032;1481;1631;-150
2166;Mannen en Vrouwen;49 jaar;2033;1487;1663;-176
2167;Mannen en Vrouwen;49 jaar;2034;1490;1684;-194
2168;Mannen en Vrouwen;49 jaar;2035;1499;1700;-201
2169;Mannen en Vrouwen;49 jaar;2036;1505;1709;-204
2170;Mannen en Vrouwen;49 jaar;2037;1503;1727;-224
2171;Mannen en Vrouwen;49 jaar;2038;1507;1741;-234
2172;Mannen en Vrouwen;49 jaar;2039;1525;1768;-243
2173;Mannen en Vrouwen;49 jaar;2040;1524;1772;-248
2174;Mannen en Vrouwen;49 jaar;2041;1522;1775;-253
2175;Mannen en Vrouwen;49 jaar;2042;1519;1773;-254
2176;Mannen en Vrouwen;49 jaar;2043;1526;1779;-253
2177;Mannen en Vrouwen;49 jaar;2044;1518;1769;-251
2178;Mannen en Vrouwen;49 jaar;2045;1517;1771;-254
2179;Mannen en Vrouwen;49 jaar;2046;1521;1778;-257
2180;Mannen en Vrouwen;49 jaar;2047;1537;1795;-258
2181;Mannen en Vrouwen;49 jaar;2048;1540;1801;-261
2182;Mannen en Vrouwen;49 jaar;2049;1548;1815;-267
2183;Mannen en Vrouwen;49 jaar;2050;1545;1808;-263
2184;Mannen en Vrouwen;49 jaar;2051;1542;1807;-265
2185;Mannen en Vrouwen;49 jaar;2052;1542;1805;-263
2186;Mannen en Vrouwen;49 jaar;2053;1530;1796;-266
2187;Mannen en Vrouwen;49 jaar;2054;1523;1785;-262
2188;Mannen en Vrouwen;49 jaar;2055;1520;1783;-263
2189;Mannen en Vrouwen;49 jaar;2056;1515;1779;-264
2190;Mannen en Vrouwen;49 jaar;2057;1520;1790;-270
2191;Mannen en Vrouwen;49 jaar;2058;1523;1792;-269
2192;Mannen en Vrouwen;49 jaar;2059;1522;1795;-273
2193;Mannen en Vrouwen;50 jaar;2017;1533;1196;337
2194;Mannen en Vrouwen;50 jaar;2018;1422;1255;167
2195;Mannen en Vrouwen;50 jaar;2019;1401;1305;96
2196;Mannen en Vrouwen;50 jaar;2020;1381;1333;48
2197;Mannen en Vrouwen;50 jaar;2021;1372;1330;42
2198;Mannen en Vrouwen;50 jaar;2022;1365;1340;25
2199;Mannen en Vrouwen;50 jaar;2023;1347;1328;19
2200;Mannen en Vrouwen;50 jaar;2024;1348;1351;-3
2201;Mannen en Vrouwen;50 jaar;2025;1349;1352;-3
2202;Mannen en Vrouwen;50 jaar;2026;1354;1367;-13
2203;Mannen en Vrouwen;50 jaar;2027;1355;1396;-41
2204;Mannen en Vrouwen;50 jaar;2028;1362;1435;-73
2205;Mannen en Vrouwen;50 jaar;2029;1362;1461;-99
2206;Mannen en Vrouwen;50 jaar;2030;1376;1508;-132
2207;Mannen en Vrouwen;50 jaar;2031;1370;1516;-146
2208;Mannen en Vrouwen;50 jaar;2032;1363;1538;-175
2209;Mannen en Vrouwen;50 jaar;2033;1361;1556;-195
2210;Mannen en Vrouwen;50 jaar;2034;1368;1587;-219
2211;Mannen en Vrouwen;50 jaar;2035;1371;1607;-236
2212;Mannen en Vrouwen;50 jaar;2036;1383;1623;-240
2213;Mannen en Vrouwen;50 jaar;2037;1385;1631;-246
2214;Mannen en Vrouwen;50 jaar;2038;1383;1647;-264
2215;Mannen en Vrouwen;50 jaar;2039;1389;1660;-271
2216;Mannen en Vrouwen;50 jaar;2040;1405;1686;-281
2217;Mannen en Vrouwen;50 jaar;2041;1407;1690;-283
2218;Mannen en Vrouwen;50 jaar;2042;1407;1691;-284
2219;Mannen en Vrouwen;50 jaar;2043;1403;1689;-286
2220;Mannen en Vrouwen;50 jaar;2044;1407;1695;-288
2221;Mannen en Vrouwen;50 jaar;2045;1400;1685;-285
2222;Mannen en Vrouwen;50 jaar;2046;1403;1687;-284
2223;Mannen en Vrouwen;50 jaar;2047;1409;1693;-284
2224;Mannen en Vrouwen;50 jaar;2048;1421;1710;-289
2225;Mannen en Vrouwen;50 jaar;2049;1423;1716;-293
2226;Mannen en Vrouwen;50 jaar;2050;1433;1729;-296
2227;Mannen en Vrouwen;50 jaar;2051;1431;1721;-290
2228;Mannen en Vrouwen;50 jaar;2052;1430;1720;-290
2229;Mannen en Vrouwen;50 jaar;2053;1427;1720;-293
2230;Mannen en Vrouwen;50 jaar;2054;1418;1709;-291
2231;Mannen en Vrouwen;50 jaar;2055;1408;1699;-291
2232;Mannen en Vrouwen;50 jaar;2056;1405;1698;-293
2233;Mannen en Vrouwen;50 jaar;2057;1397;1693;-296
2234;Mannen en Vrouwen;50 jaar;2058;1409;1704;-295
2235;Mannen en Vrouwen;50 jaar;2059;1404;1705;-301
2236;Mannen en Vrouwen;51 jaar;2017;1408;1132;276
2237;Mannen en Vrouwen;51 jaar;2018;1300;1161;139
2238;Mannen en Vrouwen;51 jaar;2019;1269;1216;53
2239;Mannen en Vrouwen;51 jaar;2020;1274;1268;6
2240;Mannen en Vrouwen;51 jaar;2021;1269;1295;-26
2241;Mannen en Vrouwen;51 jaar;2022;1266;1292;-26
2242;Mannen en Vrouwen;51 jaar;2023;1257;1300;-43
2243;Mannen en Vrouwen;51 jaar;2024;1243;1283;-40
2244;Mannen en Vrouwen;51 jaar;2025;1244;1302;-58
2245;Mannen en Vrouwen;51 jaar;2026;1235;1298;-63
2246;Mannen en Vrouwen;51 jaar;2027;1238;1314;-76
2247;Mannen en Vrouwen;51 jaar;2028;1236;1335;-99
2248;Mannen en Vrouwen;51 jaar;2029;1243;1369;-126
2249;Mannen en Vrouwen;51 jaar;2030;1243;1394;-151
2250;Mannen en Vrouwen;51 jaar;2031;1257;1436;-179
2251;Mannen en Vrouwen;51 jaar;2032;1255;1444;-189
2252;Mannen en Vrouwen;51 jaar;2033;1244;1462;-218
2253;Mannen en Vrouwen;51 jaar;2034;1243;1479;-236
2254;Mannen en Vrouwen;51 jaar;2035;1252;1510;-258
2255;Mannen en Vrouwen;51 jaar;2036;1253;1528;-275
2256;Mannen en Vrouwen;51 jaar;2037;1265;1544;-279
2257;Mannen en Vrouwen;51 jaar;2038;1271;1551;-280
2258;Mannen en Vrouwen;51 jaar;2039;1270;1566;-296
2259;Mannen en Vrouwen;51 jaar;2040;1274;1579;-305
2260;Mannen en Vrouwen;51 jaar;2041;1289;1605;-316
2261;Mannen en Vrouwen;51 jaar;2042;1289;1608;-319
2262;Mannen en Vrouwen;51 jaar;2043;1289;1611;-322
2263;Mannen en Vrouwen;51 jaar;2044;1290;1608;-318
2264;Mannen en Vrouwen;51 jaar;2045;1288;1612;-324
2265;Mannen en Vrouwen;51 jaar;2046;1284;1604;-320
2266;Mannen en Vrouwen;51 jaar;2047;1285;1605;-320
2267;Mannen en Vrouwen;51 jaar;2048;1289;1612;-323
2268;Mannen en Vrouwen;51 jaar;2049;1301;1629;-328
2269;Mannen en Vrouwen;51 jaar;2050;1307;1634;-327
2270;Mannen en Vrouwen;51 jaar;2051;1316;1647;-331
2271;Mannen en Vrouwen;51 jaar;2052;1313;1641;-328
2272;Mannen en Vrouwen;51 jaar;2053;1307;1640;-333
2273;Mannen en Vrouwen;51 jaar;2054;1307;1640;-333
2274;Mannen en Vrouwen;51 jaar;2055;1301;1629;-328
2275;Mannen en Vrouwen;51 jaar;2056;1290;1619;-329
2276;Mannen en Vrouwen;51 jaar;2057;1288;1617;-329
2277;Mannen en Vrouwen;51 jaar;2058;1281;1612;-331
2278;Mannen en Vrouwen;51 jaar;2059;1288;1623;-335
2279;Mannen en Vrouwen;52 jaar;2017;1325;1113;212
2280;Mannen en Vrouwen;52 jaar;2018;1216;1116;100
2281;Mannen en Vrouwen;52 jaar;2019;1187;1142;45
2282;Mannen en Vrouwen;52 jaar;2020;1178;1197;-19
2283;Mannen en Vrouwen;52 jaar;2021;1192;1248;-56
2284;Mannen en Vrouwen;52 jaar;2022;1192;1276;-84
2285;Mannen en Vrouwen;52 jaar;2023;1188;1272;-84
2286;Mannen en Vrouwen;52 jaar;2024;1183;1275;-92
2287;Mannen en Vrouwen;52 jaar;2025;1167;1254;-87
2288;Mannen en Vrouwen;52 jaar;2026;1163;1268;-105
2289;Mannen en Vrouwen;52 jaar;2027;1152;1263;-111
2290;Mannen en Vrouwen;52 jaar;2028;1153;1275;-122
2291;Mannen en Vrouwen;52 jaar;2029;1152;1294;-142
2292;Mannen en Vrouwen;52 jaar;2030;1162;1327;-165
2293;Mannen en Vrouwen;52 jaar;2031;1160;1348;-188
2294;Mannen en Vrouwen;52 jaar;2032;1173;1389;-216
2295;Mannen en Vrouwen;52 jaar;2033;1166;1396;-230
2296;Mannen en Vrouwen;52 jaar;2034;1162;1414;-252
2297;Mannen en Vrouwen;52 jaar;2035;1161;1431;-270
2298;Mannen en Vrouwen;52 jaar;2036;1167;1459;-292
2299;Mannen en Vrouwen;52 jaar;2037;1169;1476;-307
2300;Mannen en Vrouwen;52 jaar;2038;1177;1493;-316
2301;Mannen en Vrouwen;52 jaar;2039;1179;1500;-321
2302;Mannen en Vrouwen;52 jaar;2040;1182;1513;-331
2303;Mannen en Vrouwen;52 jaar;2041;1186;1526;-340
2304;Mannen en Vrouwen;52 jaar;2042;1202;1550;-348
2305;Mannen en Vrouwen;52 jaar;2043;1203;1554;-351
2306;Mannen en Vrouwen;52 jaar;2044;1200;1556;-356
2307;Mannen en Vrouwen;52 jaar;2045;1198;1555;-357
2308;Mannen en Vrouwen;52 jaar;2046;1206;1559;-353
2309;Mannen en Vrouwen;52 jaar;2047;1199;1551;-352
2310;Mannen en Vrouwen;52 jaar;2048;1199;1553;-354
2311;Mannen en Vrouwen;52 jaar;2049;1203;1560;-357
2312;Mannen en Vrouwen;52 jaar;2050;1216;1579;-363
2313;Mannen en Vrouwen;52 jaar;2051;1222;1584;-362
2314;Mannen en Vrouwen;52 jaar;2052;1228;1596;-368
2315;Mannen en Vrouwen;52 jaar;2053;1225;1590;-365
2316;Mannen en Vrouwen;52 jaar;2054;1222;1590;-368
2317;Mannen en Vrouwen;52 jaar;2055;1222;1589;-367
2318;Mannen en Vrouwen;52 jaar;2056;1210;1580;-370
2319;Mannen en Vrouwen;52 jaar;2057;1202;1570;-368
2320;Mannen en Vrouwen;52 jaar;2058;1201;1569;-368
2321;Mannen en Vrouwen;52 jaar;2059;1194;1565;-371
2322;Mannen en Vrouwen;53 jaar;2017;1241;1062;179
2323;Mannen en Vrouwen;53 jaar;2018;1137;1076;61
2324;Mannen en Vrouwen;53 jaar;2019;1104;1079;25
2325;Mannen en Vrouwen;53 jaar;2020;1095;1105;-10
2326;Mannen en Vrouwen;53 jaar;2021;1097;1160;-63
2327;Mannen en Vrouwen;53 jaar;2022;1117;1209;-92
2328;Mannen en Vrouwen;53 jaar;2023;1119;1236;-117
2329;Mannen en Vrouwen;53 jaar;2024;1113;1228;-115
2330;Mannen en Vrouwen;53 jaar;2025;1108;1228;-120
2331;Mannen en Vrouwen;53 jaar;2026;1085;1206;-121
2332;Mannen en Vrouwen;53 jaar;2027;1083;1217;-134
2333;Mannen en Vrouwen;53 jaar;2028;1074;1211;-137
2334;Mannen en Vrouwen;53 jaar;2029;1071;1221;-150
2335;Mannen en Vrouwen;53 jaar;2030;1072;1237;-165
2336;Mannen en Vrouwen;53 jaar;2031;1078;1269;-191
2337;Mannen en Vrouwen;53 jaar;2032;1076;1288;-212
2338;Mannen en Vrouwen;53 jaar;2033;1090;1326;-236
2339;Mannen en Vrouwen;53 jaar;2034;1087;1333;-246
2340;Mannen en Vrouwen;53 jaar;2035;1082;1350;-268
2341;Mannen en Vrouwen;53 jaar;2036;1080;1366;-286
2342;Mannen en Vrouwen;53 jaar;2037;1083;1394;-311
2343;Mannen en Vrouwen;53 jaar;2038;1087;1410;-323
2344;Mannen en Vrouwen;53 jaar;2039;1094;1426;-332
2345;Mannen en Vrouwen;53 jaar;2040;1096;1430;-334
2346;Mannen en Vrouwen;53 jaar;2041;1099;1444;-345
2347;Mannen en Vrouwen;53 jaar;2042;1103;1456;-353
2348;Mannen en Vrouwen;53 jaar;2043;1118;1480;-362
2349;Mannen en Vrouwen;53 jaar;2044;1120;1484;-364
2350;Mannen en Vrouwen;53 jaar;2045;1116;1486;-370
2351;Mannen en Vrouwen;53 jaar;2046;1116;1484;-368
2352;Mannen en Vrouwen;53 jaar;2047;1121;1490;-369
2353;Mannen en Vrouwen;53 jaar;2048;1116;1482;-366
2354;Mannen en Vrouwen;53 jaar;2049;1116;1484;-368
2355;Mannen en Vrouwen;53 jaar;2050;1120;1492;-372
2356;Mannen en Vrouwen;53 jaar;2051;1134;1508;-374
2357;Mannen en Vrouwen;53 jaar;2052;1139;1514;-375
2358;Mannen en Vrouwen;53 jaar;2053;1146;1528;-382
2359;Mannen en Vrouwen;53 jaar;2054;1143;1523;-380
2360;Mannen en Vrouwen;53 jaar;2055;1140;1522;-382
2361;Mannen en Vrouwen;53 jaar;2056;1139;1522;-383
2362;Mannen en Vrouwen;53 jaar;2057;1128;1512;-384
2363;Mannen en Vrouwen;53 jaar;2058;1121;1504;-383
2364;Mannen en Vrouwen;53 jaar;2059;1119;1504;-385
2365;Mannen en Vrouwen;54 jaar;2017;1138;963;175
2366;Mannen en Vrouwen;54 jaar;2018;1050;1023;27
2367;Mannen en Vrouwen;54 jaar;2019;1018;1034;-16
2368;Mannen en Vrouwen;54 jaar;2020;1004;1040;-36
2369;Mannen en Vrouwen;54 jaar;2021;1008;1064;-56
2370;Mannen en Vrouwen;54 jaar;2022;1014;1116;-102
2371;Mannen en Vrouwen;54 jaar;2023;1040;1163;-123
2372;Mannen en Vrouwen;54 jaar;2024;1040;1184;-144
2373;Mannen en Vrouwen;54 jaar;2025;1033;1172;-139
2374;Mannen en Vrouwen;54 jaar;2026;1021;1170;-149
2375;Mannen en Vrouwen;54 jaar;2027;998;1148;-150
2376;Mannen en Vrouwen;54 jaar;2028;989;1157;-168
2377;Mannen en Vrouwen;54 jaar;2029;980;1148;-168
2378;Mannen en Vrouwen;54 jaar;2030;983;1156;-173
2379;Mannen en Vrouwen;54 jaar;2031;980;1172;-192
2380;Mannen en Vrouwen;54 jaar;2032;986;1200;-214
2381;Mannen en Vrouwen;54 jaar;2033;985;1218;-233
2382;Mannen en Vrouwen;54 jaar;2034;998;1255;-257
2383;Mannen en Vrouwen;54 jaar;2035;996;1261;-265
2384;Mannen en Vrouwen;54 jaar;2036;986;1276;-290
2385;Mannen en Vrouwen;54 jaar;2037;986;1290;-304
2386;Mannen en Vrouwen;54 jaar;2038;995;1317;-322
2387;Mannen en Vrouwen;54 jaar;2039;998;1332;-334
2388;Mannen en Vrouwen;54 jaar;2040;1006;1347;-341
2389;Mannen en Vrouwen;54 jaar;2041;1009;1354;-345
2390;Mannen en Vrouwen;54 jaar;2042;1009;1365;-356
2391;Mannen en Vrouwen;54 jaar;2043;1018;1378;-360
2392;Mannen en Vrouwen;54 jaar;2044;1029;1401;-372
2393;Mannen en Vrouwen;54 jaar;2045;1032;1404;-372
2394;Mannen en Vrouwen;54 jaar;2046;1035;1407;-372
2395;Mannen en Vrouwen;54 jaar;2047;1031;1406;-375
2396;Mannen en Vrouwen;54 jaar;2048;1037;1410;-373
2397;Mannen en Vrouwen;54 jaar;2049;1029;1404;-375
2398;Mannen en Vrouwen;54 jaar;2050;1030;1406;-376
2399;Mannen en Vrouwen;54 jaar;2051;1036;1415;-379
2400;Mannen en Vrouwen;54 jaar;2052;1044;1431;-387
2401;Mannen en Vrouwen;54 jaar;2053;1051;1437;-386
2402;Mannen en Vrouwen;54 jaar;2054;1061;1449;-388
2403;Mannen en Vrouwen;54 jaar;2055;1061;1445;-384
2404;Mannen en Vrouwen;54 jaar;2056;1058;1445;-387
2405;Mannen en Vrouwen;54 jaar;2057;1052;1445;-393
2406;Mannen en Vrouwen;54 jaar;2058;1045;1436;-391
2407;Mannen en Vrouwen;54 jaar;2059;1039;1428;-389
2408;Mannen en Vrouwen;55 jaar;2017;1046;903;143
2409;Mannen en Vrouwen;55 jaar;2018;974;943;31
2410;Mannen en Vrouwen;55 jaar;2019;951;997;-46
2411;Mannen en Vrouwen;55 jaar;2020;939;1012;-73
2412;Mannen en Vrouwen;55 jaar;2021;932;1017;-85
2413;Mannen en Vrouwen;55 jaar;2022;943;1037;-94
2414;Mannen en Vrouwen;55 jaar;2023;951;1087;-136
2415;Mannen en Vrouwen;55 jaar;2024;971;1129;-158
2416;Mannen en Vrouwen;55 jaar;2025;973;1146;-173
2417;Mannen en Vrouwen;55 jaar;2026;956;1128;-172
2418;Mannen en Vrouwen;55 jaar;2027;944;1124;-180
2419;Mannen en Vrouwen;55 jaar;2028;921;1099;-178
2420;Mannen en Vrouwen;55 jaar;2029;912;1105;-193
2421;Mannen en Vrouwen;55 jaar;2030;905;1094;-189
2422;Mannen en Vrouwen;55 jaar;2031;908;1099;-191
2423;Mannen en Vrouwen;55 jaar;2032;904;1114;-210
2424;Mannen en Vrouwen;55 jaar;2033;910;1139;-229
2425;Mannen en Vrouwen;55 jaar;2034;912;1155;-243
2426;Mannen en Vrouwen;55 jaar;2035;922;1189;-267
2427;Mannen en Vrouwen;55 jaar;2036;921;1194;-273
2428;Mannen en Vrouwen;55 jaar;2037;911;1206;-295
2429;Mannen en Vrouwen;55 jaar;2038;912;1220;-308
2430;Mannen en Vrouwen;55 jaar;2039;919;1244;-325
2431;Mannen en Vrouwen;55 jaar;2040;919;1259;-340
2432;Mannen en Vrouwen;55 jaar;2041;929;1272;-343
2433;Mannen en Vrouwen;55 jaar;2042;934;1278;-344
2434;Mannen en Vrouwen;55 jaar;2043;935;1289;-354
2435;Mannen en Vrouwen;55 jaar;2044;946;1301;-355
2436;Mannen en Vrouwen;55 jaar;2045;955;1323;-368
2437;Mannen en Vrouwen;55 jaar;2046;955;1326;-371
2438;Mannen en Vrouwen;55 jaar;2047;960;1327;-367
2439;Mannen en Vrouwen;55 jaar;2048;957;1326;-369
2440;Mannen en Vrouwen;55 jaar;2049;960;1331;-371
2441;Mannen en Vrouwen;55 jaar;2050;956;1324;-368
2442;Mannen en Vrouwen;55 jaar;2051;957;1327;-370
2443;Mannen en Vrouwen;55 jaar;2052;961;1334;-373
2444;Mannen en Vrouwen;55 jaar;2053;970;1350;-380
2445;Mannen en Vrouwen;55 jaar;2054;975;1356;-381
2446;Mannen en Vrouwen;55 jaar;2055;986;1369;-383
2447;Mannen en Vrouwen;55 jaar;2056;986;1363;-377
2448;Mannen en Vrouwen;55 jaar;2057;983;1363;-380
2449;Mannen en Vrouwen;55 jaar;2058;982;1363;-381
2450;Mannen en Vrouwen;55 jaar;2059;972;1355;-383
2451;Mannen en Vrouwen;56 jaar;2017;962;844;118
2452;Mannen en Vrouwen;56 jaar;2018;891;890;1
2453;Mannen en Vrouwen;56 jaar;2019;873;927;-54
2454;Mannen en Vrouwen;56 jaar;2020;870;982;-112
2455;Mannen en Vrouwen;56 jaar;2021;861;996;-135
2456;Mannen en Vrouwen;56 jaar;2022;864;1002;-138
2457;Mannen en Vrouwen;56 jaar;2023;873;1017;-144
2458;Mannen en Vrouwen;56 jaar;2024;879;1063;-184
2459;Mannen en Vrouwen;56 jaar;2025;899;1099;-200
2460;Mannen en Vrouwen;56 jaar;2026;891;1112;-221
2461;Mannen en Vrouwen;56 jaar;2027;880;1093;-213
2462;Mannen en Vrouwen;56 jaar;2028;867;1086;-219
2463;Mannen en Vrouwen;56 jaar;2029;844;1060;-216
2464;Mannen en Vrouwen;56 jaar;2030;834;1065;-231
2465;Mannen en Vrouwen;56 jaar;2031;828;1051;-223
2466;Mannen en Vrouwen;56 jaar;2032;829;1056;-227
2467;Mannen en Vrouwen;56 jaar;2033;827;1068;-241
2468;Mannen en Vrouwen;56 jaar;2034;833;1091;-258
2469;Mannen en Vrouwen;56 jaar;2035;835;1105;-270
2470;Mannen en Vrouwen;56 jaar;2036;846;1137;-291
2471;Mannen en Vrouwen;56 jaar;2037;843;1140;-297
2472;Mannen en Vrouwen;56 jaar;2038;834;1151;-317
2473;Mannen en Vrouwen;56 jaar;2039;835;1163;-328
2474;Mannen en Vrouwen;56 jaar;2040;839;1186;-347
2475;Mannen en Vrouwen;56 jaar;2041;840;1200;-360
2476;Mannen en Vrouwen;56 jaar;2042;849;1212;-363
2477;Mannen en Vrouwen;56 jaar;2043;857;1217;-360
2478;Mannen en Vrouwen;56 jaar;2044;859;1227;-368
2479;Mannen en Vrouwen;56 jaar;2045;861;1237;-376
2480;Mannen en Vrouwen;56 jaar;2046;876;1258;-382
2481;Mannen en Vrouwen;56 jaar;2047;878;1259;-381
2482;Mannen en Vrouwen;56 jaar;2048;880;1261;-381
2483;Mannen en Vrouwen;56 jaar;2049;877;1260;-383
2484;Mannen en Vrouwen;56 jaar;2050;880;1265;-385
2485;Mannen en Vrouwen;56 jaar;2051;875;1258;-383
2486;Mannen en Vrouwen;56 jaar;2052;877;1261;-384
2487;Mannen en Vrouwen;56 jaar;2053;881;1268;-387
2488;Mannen en Vrouwen;56 jaar;2054;892;1284;-392
2489;Mannen en Vrouwen;56 jaar;2055;896;1289;-393
2490;Mannen en Vrouwen;56 jaar;2056;908;1301;-393
2491;Mannen en Vrouwen;56 jaar;2057;904;1297;-393
2492;Mannen en Vrouwen;56 jaar;2058;901;1296;-395
2493;Mannen en Vrouwen;56 jaar;2059;901;1297;-396
2494;Mannen en Vrouwen;57 jaar;2017;873;815;58
2495;Mannen en Vrouwen;57 jaar;2018;816;814;2
2496;Mannen en Vrouwen;57 jaar;2019;795;858;-63
2497;Mannen en Vrouwen;57 jaar;2020;796;896;-100
2498;Mannen en Vrouwen;57 jaar;2021;797;951;-154
2499;Mannen en Vrouwen;57 jaar;2022;795;964;-169
2500;Mannen en Vrouwen;57 jaar;2023;800;968;-168
2501;Mannen en Vrouwen;57 jaar;2024;809;978;-169
2502;Mannen en Vrouwen;57 jaar;2025;813;1019;-206
2503;Mannen en Vrouwen;57 jaar;2026;824;1051;-227
2504;Mannen en Vrouwen;57 jaar;2027;818;1064;-246
2505;Mannen en Vrouwen;57 jaar;2028;807;1046;-239
2506;Mannen en Vrouwen;57 jaar;2029;793;1039;-246
2507;Mannen en Vrouwen;57 jaar;2030;771;1015;-244
2508;Mannen en Vrouwen;57 jaar;2031;768;1021;-253
2509;Mannen en Vrouwen;57 jaar;2032;758;1009;-251
2510;Mannen en Vrouwen;57 jaar;2033;758;1012;-254
2511;Mannen en Vrouwen;57 jaar;2034;755;1027;-272
2512;Mannen en Vrouwen;57 jaar;2035;762;1049;-287
2513;Mannen en Vrouwen;57 jaar;2036;764;1063;-299
2514;Mannen en Vrouwen;57 jaar;2037;773;1094;-321
2515;Mannen en Vrouwen;57 jaar;2038;773;1100;-327
2516;Mannen en Vrouwen;57 jaar;2039;763;1108;-345
2517;Mannen en Vrouwen;57 jaar;2040;764;1120;-356
2518;Mannen en Vrouwen;57 jaar;2041;770;1142;-372
2519;Mannen en Vrouwen;57 jaar;2042;769;1156;-387
2520;Mannen en Vrouwen;57 jaar;2043;781;1170;-389
2521;Mannen en Vrouwen;57 jaar;2044;783;1174;-391
2522;Mannen en Vrouwen;57 jaar;2045;784;1186;-402
2523;Mannen en Vrouwen;57 jaar;2046;790;1196;-406
2524;Mannen en Vrouwen;57 jaar;2047;800;1217;-417
2525;Mannen en Vrouwen;57 jaar;2048;802;1221;-419
2526;Mannen en Vrouwen;57 jaar;2049;801;1223;-422
2527;Mannen en Vrouwen;57 jaar;2050;801;1222;-421
2528;Mannen en Vrouwen;57 jaar;2051;806;1227;-421
2529;Mannen en Vrouwen;57 jaar;2052;802;1221;-419
2530;Mannen en Vrouwen;57 jaar;2053;800;1225;-425
2531;Mannen en Vrouwen;57 jaar;2054;803;1234;-431
2532;Mannen en Vrouwen;57 jaar;2055;814;1249;-435
2533;Mannen en Vrouwen;57 jaar;2056;820;1255;-435
2534;Mannen en Vrouwen;57 jaar;2057;828;1268;-440
2535;Mannen en Vrouwen;57 jaar;2058;829;1264;-435
2536;Mannen en Vrouwen;57 jaar;2059;825;1264;-439
2537;Mannen en Vrouwen;58 jaar;2017;801;728;73
2538;Mannen en Vrouwen;58 jaar;2018;737;786;-49
2539;Mannen en Vrouwen;58 jaar;2019;725;787;-62
2540;Mannen en Vrouwen;58 jaar;2020;718;831;-113
2541;Mannen en Vrouwen;58 jaar;2021;723;867;-144
2542;Mannen en Vrouwen;58 jaar;2022;733;922;-189
2543;Mannen en Vrouwen;58 jaar;2023;733;933;-200
2544;Mannen en Vrouwen;58 jaar;2024;736;935;-199
2545;Mannen en Vrouwen;58 jaar;2025;740;942;-202
2546;Mannen en Vrouwen;58 jaar;2026;740;979;-239
2547;Mannen en Vrouwen;58 jaar;2027;753;1009;-256
2548;Mannen en Vrouwen;58 jaar;2028;744;1020;-276
2549;Mannen en Vrouwen;58 jaar;2029;733;1006;-273
2550;Mannen en Vrouwen;58 jaar;2030;721;998;-277
2551;Mannen en Vrouwen;58 jaar;2031;699;977;-278
2552;Mannen en Vrouwen;58 jaar;2032;692;981;-289
2553;Mannen en Vrouwen;58 jaar;2033;684;970;-286
2554;Mannen en Vrouwen;58 jaar;2034;685;974;-289
2555;Mannen en Vrouwen;58 jaar;2035;684;988;-304
2556;Mannen en Vrouwen;58 jaar;2036;690;1010;-320
2557;Mannen en Vrouwen;58 jaar;2037;691;1024;-333
2558;Mannen en Vrouwen;58 jaar;2038;700;1054;-354
2559;Mannen en Vrouwen;58 jaar;2039;701;1058;-357
2560;Mannen en Vrouwen;58 jaar;2040;692;1066;-374
2561;Mannen en Vrouwen;58 jaar;2041;688;1078;-390
2562;Mannen en Vrouwen;58 jaar;2042;694;1099;-405
2563;Mannen en Vrouwen;58 jaar;2043;698;1114;-416
2564;Mannen en Vrouwen;58 jaar;2044;707;1125;-418
2565;Mannen en Vrouwen;58 jaar;2045;711;1130;-419
2566;Mannen en Vrouwen;58 jaar;2046;709;1143;-434
2567;Mannen en Vrouwen;58 jaar;2047;714;1153;-439
2568;Mannen en Vrouwen;58 jaar;2048;728;1172;-444
2569;Mannen en Vrouwen;58 jaar;2049;729;1175;-446
2570;Mannen en Vrouwen;58 jaar;2050;727;1178;-451
2571;Mannen en Vrouwen;58 jaar;2051;730;1178;-448
2572;Mannen en Vrouwen;58 jaar;2052;734;1183;-449
2573;Mannen en Vrouwen;58 jaar;2053;727;1178;-451
2574;Mannen en Vrouwen;58 jaar;2054;729;1182;-453
2575;Mannen en Vrouwen;58 jaar;2055;734;1191;-457
2576;Mannen en Vrouwen;58 jaar;2056;742;1206;-464
2577;Mannen en Vrouwen;58 jaar;2057;745;1213;-468
2578;Mannen en Vrouwen;58 jaar;2058;751;1225;-474
2579;Mannen en Vrouwen;58 jaar;2059;753;1222;-469
2580;Mannen en Vrouwen;59 jaar;2017;725;654;71
2581;Mannen en Vrouwen;59 jaar;2018;671;693;-22
2582;Mannen en Vrouwen;59 jaar;2019;651;751;-100
2583;Mannen en Vrouwen;59 jaar;2020;656;753;-97
2584;Mannen en Vrouwen;59 jaar;2021;655;796;-141
2585;Mannen en Vrouwen;59 jaar;2022;664;832;-168
2586;Mannen en Vrouwen;59 jaar;2023;674;881;-207
2587;Mannen en Vrouwen;59 jaar;2024;675;890;-215
2588;Mannen en Vrouwen;59 jaar;2025;673;888;-215
2589;Mannen en Vrouwen;59 jaar;2026;675;894;-219
2590;Mannen en Vrouwen;59 jaar;2027;673;928;-255
2591;Mannen en Vrouwen;59 jaar;2028;682;957;-275
2592;Mannen en Vrouwen;59 jaar;2029;676;966;-290
2593;Mannen en Vrouwen;59 jaar;2030;663;955;-292
2594;Mannen en Vrouwen;59 jaar;2031;651;947;-296
2595;Mannen en Vrouwen;59 jaar;2032;633;925;-292
2596;Mannen en Vrouwen;59 jaar;2033;627;929;-302
2597;Mannen en Vrouwen;59 jaar;2034;619;918;-299
2598;Mannen en Vrouwen;59 jaar;2035;620;922;-302
2599;Mannen en Vrouwen;59 jaar;2036;620;936;-316
2600;Mannen en Vrouwen;59 jaar;2037;627;955;-328
2601;Mannen en Vrouwen;59 jaar;2038;625;969;-344
2602;Mannen en Vrouwen;59 jaar;2039;636;996;-360
2603;Mannen en Vrouwen;59 jaar;2040;635;1000;-365
2604;Mannen en Vrouwen;59 jaar;2041;626;1007;-381
2605;Mannen en Vrouwen;59 jaar;2042;624;1017;-393
2606;Mannen en Vrouwen;59 jaar;2043;632;1038;-406
2607;Mannen en Vrouwen;59 jaar;2044;636;1051;-415
2608;Mannen en Vrouwen;59 jaar;2045;642;1062;-420
2609;Mannen en Vrouwen;59 jaar;2046;643;1067;-424
2610;Mannen en Vrouwen;59 jaar;2047;648;1079;-431
2611;Mannen en Vrouwen;59 jaar;2048;652;1088;-436
2612;Mannen en Vrouwen;59 jaar;2049;663;1107;-444
2613;Mannen en Vrouwen;59 jaar;2050;661;1110;-449
2614;Mannen en Vrouwen;59 jaar;2051;662;1114;-452
2615;Mannen en Vrouwen;59 jaar;2052;664;1112;-448
2616;Mannen en Vrouwen;59 jaar;2053;665;1118;-453
2617;Mannen en Vrouwen;59 jaar;2054;664;1113;-449
2618;Mannen en Vrouwen;59 jaar;2055;663;1118;-455
2619;Mannen en Vrouwen;59 jaar;2056;665;1125;-460
2620;Mannen en Vrouwen;59 jaar;2057;672;1139;-467
2621;Mannen en Vrouwen;59 jaar;2058;679;1146;-467
2622;Mannen en Vrouwen;59 jaar;2059;687;1158;-471
2623;Mannen en Vrouwen;60 jaar;2017;641;598;43
2624;Mannen en Vrouwen;60 jaar;2018;594;627;-33
2625;Mannen en Vrouwen;60 jaar;2019;579;665;-86
2626;Mannen en Vrouwen;60 jaar;2020;575;723;-148
2627;Mannen en Vrouwen;60 jaar;2021;580;725;-145
2628;Mannen en Vrouwen;60 jaar;2022;587;766;-179
2629;Mannen en Vrouwen;60 jaar;2023;597;799;-202
2630;Mannen en Vrouwen;60 jaar;2024;603;846;-243
2631;Mannen en Vrouwen;60 jaar;2025;601;850;-249
2632;Mannen en Vrouwen;60 jaar;2026;598;847;-249
2633;Mannen en Vrouwen;60 jaar;2027;598;850;-252
2634;Mannen en Vrouwen;60 jaar;2028;599;883;-284
2635;Mannen en Vrouwen;60 jaar;2029;607;909;-302
2636;Mannen en Vrouwen;60 jaar;2030;600;921;-321
2637;Mannen en Vrouwen;60 jaar;2031;589;909;-320
2638;Mannen en Vrouwen;60 jaar;2032;577;900;-323
2639;Mannen en Vrouwen;60 jaar;2033;559;881;-322
2640;Mannen en Vrouwen;60 jaar;2034;553;884;-331
2641;Mannen en Vrouwen;60 jaar;2035;546;873;-327
2642;Mannen en Vrouwen;60 jaar;2036;546;877;-331
2643;Mannen en Vrouwen;60 jaar;2037;545;890;-345
2644;Mannen en Vrouwen;60 jaar;2038;547;908;-361
2645;Mannen en Vrouwen;60 jaar;2039;549;921;-372
2646;Mannen en Vrouwen;60 jaar;2040;559;945;-386
2647;Mannen en Vrouwen;60 jaar;2041;556;950;-394
2648;Mannen en Vrouwen;60 jaar;2042;550;957;-407
2649;Mannen en Vrouwen;60 jaar;2043;548;966;-418
2650;Mannen en Vrouwen;60 jaar;2044;554;987;-433
2651;Mannen en Vrouwen;60 jaar;2045;558;998;-440
2652;Mannen en Vrouwen;60 jaar;2046;568;1011;-443
2653;Mannen en Vrouwen;60 jaar;2047;568;1015;-447
2654;Mannen en Vrouwen;60 jaar;2048;570;1024;-454
2655;Mannen en Vrouwen;60 jaar;2049;575;1035;-460
2656;Mannen en Vrouwen;60 jaar;2050;583;1052;-469
2657;Mannen en Vrouwen;60 jaar;2051;584;1057;-473
2658;Mannen en Vrouwen;60 jaar;2052;587;1059;-472
2659;Mannen en Vrouwen;60 jaar;2053;582;1059;-477
2660;Mannen en Vrouwen;60 jaar;2054;584;1066;-482
2661;Mannen en Vrouwen;60 jaar;2055;582;1062;-480
2662;Mannen en Vrouwen;60 jaar;2056;582;1065;-483
2663;Mannen en Vrouwen;60 jaar;2057;583;1074;-491
2664;Mannen en Vrouwen;60 jaar;2058;593;1089;-496
2665;Mannen en Vrouwen;60 jaar;2059;596;1096;-500
2666;Mannen en Vrouwen;61 jaar;2017;573;571;2
2667;Mannen en Vrouwen;61 jaar;2018;531;578;-47
2668;Mannen en Vrouwen;61 jaar;2019;518;606;-88
2669;Mannen en Vrouwen;61 jaar;2020;518;644;-126
2670;Mannen en Vrouwen;61 jaar;2021;515;696;-181
2671;Mannen en Vrouwen;61 jaar;2022;529;701;-172
2672;Mannen en Vrouwen;61 jaar;2023;533;738;-205
2673;Mannen en Vrouwen;61 jaar;2024;542;768;-226
2674;Mannen en Vrouwen;61 jaar;2025;547;809;-262
2675;Mannen en Vrouwen;61 jaar;2026;542;810;-268
2676;Mannen en Vrouwen;61 jaar;2027;538;805;-267
2677;Mannen en Vrouwen;61 jaar;2028;538;808;-270
2678;Mannen en Vrouwen;61 jaar;2029;534;837;-303
2679;Mannen en Vrouwen;61 jaar;2030;544;865;-321
2680;Mannen en Vrouwen;61 jaar;2031;537;873;-336
2681;Mannen en Vrouwen;61 jaar;2032;526;861;-335
2682;Mannen en Vrouwen;61 jaar;2033;517;852;-335
2683;Mannen en Vrouwen;61 jaar;2034;498;833;-335
2684;Mannen en Vrouwen;61 jaar;2035;489;836;-347
2685;Mannen en Vrouwen;61 jaar;2036;484;824;-340
2686;Mannen en Vrouwen;61 jaar;2037;482;828;-346
2687;Mannen en Vrouwen;61 jaar;2038;479;840;-361
2688;Mannen en Vrouwen;61 jaar;2039;484;857;-373
2689;Mannen en Vrouwen;61 jaar;2040;483;867;-384
2690;Mannen en Vrouwen;61 jaar;2041;491;892;-401
2691;Mannen en Vrouwen;61 jaar;2042;489;894;-405
2692;Mannen en Vrouwen;61 jaar;2043;484;901;-417
2693;Mannen en Vrouwen;61 jaar;2044;485;911;-426
2694;Mannen en Vrouwen;61 jaar;2045;490;930;-440
2695;Mannen en Vrouwen;61 jaar;2046;492;940;-448
2696;Mannen en Vrouwen;61 jaar;2047;500;951;-451
2697;Mannen en Vrouwen;61 jaar;2048;500;956;-456
2698;Mannen en Vrouwen;61 jaar;2049;499;966;-467
2699;Mannen en Vrouwen;61 jaar;2050;506;976;-470
2700;Mannen en Vrouwen;61 jaar;2051;517;993;-476
2701;Mannen en Vrouwen;61 jaar;2052;517;997;-480
2702;Mannen en Vrouwen;61 jaar;2053;517;1001;-484
2703;Mannen en Vrouwen;61 jaar;2054;518;999;-481
2704;Mannen en Vrouwen;61 jaar;2055;520;1006;-486
2705;Mannen en Vrouwen;61 jaar;2056;516;1002;-486
2706;Mannen en Vrouwen;61 jaar;2057;515;1006;-491
2707;Mannen en Vrouwen;61 jaar;2058;517;1014;-497
2708;Mannen en Vrouwen;61 jaar;2059;521;1028;-507
2709;Mannen en Vrouwen;62 jaar;2017;507;517;-10
2710;Mannen en Vrouwen;62 jaar;2018;472;546;-74
2711;Mannen en Vrouwen;62 jaar;2019;459;556;-97
2712;Mannen en Vrouwen;62 jaar;2020;459;583;-124
2713;Mannen en Vrouwen;62 jaar;2021;461;618;-157
2714;Mannen en Vrouwen;62 jaar;2022;464;665;-201
2715;Mannen en Vrouwen;62 jaar;2023;478;669;-191
2716;Mannen en Vrouwen;62 jaar;2024;483;702;-219
2717;Mannen en Vrouwen;62 jaar;2025;489;725;-236
2718;Mannen en Vrouwen;62 jaar;2026;494;759;-265
2719;Mannen en Vrouwen;62 jaar;2027;487;759;-272
2720;Mannen en Vrouwen;62 jaar;2028;484;755;-271
2721;Mannen en Vrouwen;62 jaar;2029;484;757;-273
2722;Mannen en Vrouwen;62 jaar;2030;481;783;-302
2723;Mannen en Vrouwen;62 jaar;2031;491;807;-316
2724;Mannen en Vrouwen;62 jaar;2032;483;814;-331
2725;Mannen en Vrouwen;62 jaar;2033;472;802;-330
2726;Mannen en Vrouwen;62 jaar;2034;462;793;-331
2727;Mannen en Vrouwen;62 jaar;2035;443;773;-330
2728;Mannen en Vrouwen;62 jaar;2036;436;774;-338
2729;Mannen en Vrouwen;62 jaar;2037;430;763;-333
2730;Mannen en Vrouwen;62 jaar;2038;429;766;-337
2731;Mannen en Vrouwen;62 jaar;2039;427;777;-350
2732;Mannen en Vrouwen;62 jaar;2040;431;793;-362
2733;Mannen en Vrouwen;62 jaar;2041;429;803;-374
2734;Mannen en Vrouwen;62 jaar;2042;435;824;-389
2735;Mannen en Vrouwen;62 jaar;2043;435;828;-393
2736;Mannen en Vrouwen;62 jaar;2044;431;832;-401
2737;Mannen en Vrouwen;62 jaar;2045;430;841;-411
2738;Mannen en Vrouwen;62 jaar;2046;434;858;-424
2739;Mannen en Vrouwen;62 jaar;2047;439;868;-429
2740;Mannen en Vrouwen;62 jaar;2048;443;879;-436
2741;Mannen en Vrouwen;62 jaar;2049;447;883;-436
2742;Mannen en Vrouwen;62 jaar;2050;447;891;-444
2743;Mannen en Vrouwen;62 jaar;2051;451;901;-450
2744;Mannen en Vrouwen;62 jaar;2052;460;917;-457
2745;Mannen en Vrouwen;62 jaar;2053;459;921;-462
2746;Mannen en Vrouwen;62 jaar;2054;460;924;-464
2747;Mannen en Vrouwen;62 jaar;2055;463;923;-460
2748;Mannen en Vrouwen;62 jaar;2056;464;929;-465
2749;Mannen en Vrouwen;62 jaar;2057;460;925;-465
2750;Mannen en Vrouwen;62 jaar;2058;461;928;-467
2751;Mannen en Vrouwen;62 jaar;2059;461;935;-474
2752;Mannen en Vrouwen;63 jaar;2017;477;481;-4
2753;Mannen en Vrouwen;63 jaar;2018;438;500;-62
2754;Mannen en Vrouwen;63 jaar;2019;426;531;-105
2755;Mannen en Vrouwen;63 jaar;2020;422;539;-117
2756;Mannen en Vrouwen;63 jaar;2021;425;568;-143
2757;Mannen en Vrouwen;63 jaar;2022;435;602;-167
2758;Mannen en Vrouwen;63 jaar;2023;439;648;-209
2759;Mannen en Vrouwen;63 jaar;2024;451;647;-196
2760;Mannen en Vrouwen;63 jaar;2025;455;679;-224
2761;Mannen en Vrouwen;63 jaar;2026;460;697;-237
2762;Mannen en Vrouwen;63 jaar;2027;460;729;-269
2763;Mannen en Vrouwen;63 jaar;2028;456;730;-274
2764;Mannen en Vrouwen;63 jaar;2029;451;724;-273
2765;Mannen en Vrouwen;63 jaar;2030;451;723;-272
2766;Mannen en Vrouwen;63 jaar;2031;448;749;-301
2767;Mannen en Vrouwen;63 jaar;2032;459;773;-314
2768;Mannen en Vrouwen;63 jaar;2033;450;778;-328
2769;Mannen en Vrouwen;63 jaar;2034;440;766;-326
2770;Mannen en Vrouwen;63 jaar;2035;429;758;-329
2771;Mannen en Vrouwen;63 jaar;2036;411;737;-326
2772;Mannen en Vrouwen;63 jaar;2037;402;740;-338
2773;Mannen en Vrouwen;63 jaar;2038;397;728;-331
2774;Mannen en Vrouwen;63 jaar;2039;400;729;-329
2775;Mannen en Vrouwen;63 jaar;2040;396;739;-343
2776;Mannen en Vrouwen;63 jaar;2041;400;753;-353
2777;Mannen en Vrouwen;63 jaar;2042;401;762;-361
2778;Mannen en Vrouwen;63 jaar;2043;406;782;-376
2779;Mannen en Vrouwen;63 jaar;2044;408;783;-375
2780;Mannen en Vrouwen;63 jaar;2045;402;788;-386
2781;Mannen en Vrouwen;63 jaar;2046;399;797;-398
2782;Mannen en Vrouwen;63 jaar;2047;404;812;-408
2783;Mannen en Vrouwen;63 jaar;2048;410;822;-412
2784;Mannen en Vrouwen;63 jaar;2049;415;832;-417
2785;Mannen en Vrouwen;63 jaar;2050;420;834;-414
2786;Mannen en Vrouwen;63 jaar;2051;419;842;-423
2787;Mannen en Vrouwen;63 jaar;2052;423;851;-428
2788;Mannen en Vrouwen;63 jaar;2053;431;866;-435
2789;Mannen en Vrouwen;63 jaar;2054;432;868;-436
2790;Mannen en Vrouwen;63 jaar;2055;435;873;-438
2791;Mannen en Vrouwen;63 jaar;2056;432;872;-440
2792;Mannen en Vrouwen;63 jaar;2057;434;877;-443
2793;Mannen en Vrouwen;63 jaar;2058;430;874;-444
2794;Mannen en Vrouwen;63 jaar;2059;431;876;-445
2795;Mannen en Vrouwen;64 jaar;2017;434;474;-40
2796;Mannen en Vrouwen;64 jaar;2018;401;492;-91
2797;Mannen en Vrouwen;64 jaar;2019;390;512;-122
2798;Mannen en Vrouwen;64 jaar;2020;385;546;-161
2799;Mannen en Vrouwen;64 jaar;2021;389;552;-163
2800;Mannen en Vrouwen;64 jaar;2022;395;582;-187
2801;Mannen en Vrouwen;64 jaar;2023;408;618;-210
2802;Mannen en Vrouwen;64 jaar;2024;410;663;-253
2803;Mannen en Vrouwen;64 jaar;2025;418;658;-240
2804;Mannen en Vrouwen;64 jaar;2026;421;689;-268
2805;Mannen en Vrouwen;64 jaar;2027;424;705;-281
2806;Mannen en Vrouwen;64 jaar;2028;423;739;-316
2807;Mannen en Vrouwen;64 jaar;2029;418;740;-322
2808;Mannen en Vrouwen;64 jaar;2030;414;735;-321
2809;Mannen en Vrouwen;64 jaar;2031;414;730;-316
2810;Mannen en Vrouwen;64 jaar;2032;412;758;-346
2811;Mannen en Vrouwen;64 jaar;2033;421;781;-360
2812;Mannen en Vrouwen;64 jaar;2034;414;788;-374
2813;Mannen en Vrouwen;64 jaar;2035;403;775;-372
2814;Mannen en Vrouwen;64 jaar;2036;392;764;-372
2815;Mannen en Vrouwen;64 jaar;2037;377;743;-366
2816;Mannen en Vrouwen;64 jaar;2038;369;744;-375
2817;Mannen en Vrouwen;64 jaar;2039;363;731;-368
2818;Mannen en Vrouwen;64 jaar;2040;362;730;-368
2819;Mannen en Vrouwen;64 jaar;2041;361;740;-379
2820;Mannen en Vrouwen;64 jaar;2042;362;754;-392
2821;Mannen en Vrouwen;64 jaar;2043;362;761;-399
2822;Mannen en Vrouwen;64 jaar;2044;368;782;-414
2823;Mannen en Vrouwen;64 jaar;2045;368;783;-415
2824;Mannen en Vrouwen;64 jaar;2046;363;787;-424
2825;Mannen en Vrouwen;64 jaar;2047;363;794;-431
2826;Mannen en Vrouwen;64 jaar;2048;368;811;-443
2827;Mannen en Vrouwen;64 jaar;2049;371;820;-449
2828;Mannen en Vrouwen;64 jaar;2050;379;831;-452
2829;Mannen en Vrouwen;64 jaar;2051;380;834;-454
2830;Mannen en Vrouwen;64 jaar;2052;380;841;-461
2831;Mannen en Vrouwen;64 jaar;2053;384;849;-465
2832;Mannen en Vrouwen;64 jaar;2054;393;866;-473
2833;Mannen en Vrouwen;64 jaar;2055;392;869;-477
2834;Mannen en Vrouwen;64 jaar;2056;394;872;-478
2835;Mannen en Vrouwen;64 jaar;2057;391;871;-480
2836;Mannen en Vrouwen;64 jaar;2058;392;877;-485
2837;Mannen en Vrouwen;64 jaar;2059;388;873;-485
2838;Mannen en Vrouwen;65 jaar;2017;399;512;-113
2839;Mannen en Vrouwen;65 jaar;2018;365;513;-148
2840;Mannen en Vrouwen;65 jaar;2019;351;533;-182
2841;Mannen en Vrouwen;65 jaar;2020;348;555;-207
2842;Mannen en Vrouwen;65 jaar;2021;350;592;-242
2843;Mannen en Vrouwen;65 jaar;2022;357;602;-245
2844;Mannen en Vrouwen;65 jaar;2023;366;632;-266
2845;Mannen en Vrouwen;65 jaar;2024;374;667;-293
2846;Mannen en Vrouwen;65 jaar;2025;377;709;-332
2847;Mannen en Vrouwen;65 jaar;2026;383;704;-321
2848;Mannen en Vrouwen;65 jaar;2027;380;732;-352
2849;Mannen en Vrouwen;65 jaar;2028;387;752;-365
2850;Mannen en Vrouwen;65 jaar;2029;386;786;-400
2851;Mannen en Vrouwen;65 jaar;2030;382;784;-402
2852;Mannen en Vrouwen;65 jaar;2031;377;780;-403
2853;Mannen en Vrouwen;65 jaar;2032;376;774;-398
2854;Mannen en Vrouwen;65 jaar;2033;376;800;-424
2855;Mannen en Vrouwen;65 jaar;2034;385;828;-443
2856;Mannen en Vrouwen;65 jaar;2035;377;833;-456
2857;Mannen en Vrouwen;65 jaar;2036;366;816;-450
2858;Mannen en Vrouwen;65 jaar;2037;355;806;-451
2859;Mannen en Vrouwen;65 jaar;2038;339;782;-443
2860;Mannen en Vrouwen;65 jaar;2039;332;782;-450
2861;Mannen en Vrouwen;65 jaar;2040;325;767;-442
2862;Mannen en Vrouwen;65 jaar;2041;324;767;-443
2863;Mannen en Vrouwen;65 jaar;2042;321;777;-456
2864;Mannen en Vrouwen;65 jaar;2043;325;792;-467
2865;Mannen en Vrouwen;65 jaar;2044;324;801;-477
2866;Mannen en Vrouwen;65 jaar;2045;329;824;-495
2867;Mannen en Vrouwen;65 jaar;2046;330;825;-495
2868;Mannen en Vrouwen;65 jaar;2047;326;828;-502
2869;Mannen en Vrouwen;65 jaar;2048;326;836;-510
2870;Mannen en Vrouwen;65 jaar;2049;331;854;-523
2871;Mannen en Vrouwen;65 jaar;2050;334;863;-529
2872;Mannen en Vrouwen;65 jaar;2051;339;875;-536
2873;Mannen en Vrouwen;65 jaar;2052;343;879;-536
2874;Mannen en Vrouwen;65 jaar;2053;342;887;-545
2875;Mannen en Vrouwen;65 jaar;2054;346;897;-551
2876;Mannen en Vrouwen;65 jaar;2055;355;914;-559
2877;Mannen en Vrouwen;65 jaar;2056;357;918;-561
2878;Mannen en Vrouwen;65 jaar;2057;359;922;-563
2879;Mannen en Vrouwen;65 jaar;2058;356;920;-564
2880;Mannen en Vrouwen;65 jaar;2059;356;926;-570
2881;Mannen en Vrouwen;66 jaar;2017;363;467;-104
2882;Mannen en Vrouwen;66 jaar;2018;339;494;-155
2883;Mannen en Vrouwen;66 jaar;2019;322;496;-174
2884;Mannen en Vrouwen;66 jaar;2020;318;517;-199
2885;Mannen en Vrouwen;66 jaar;2021;321;539;-218
2886;Mannen en Vrouwen;66 jaar;2022;330;574;-244
2887;Mannen en Vrouwen;66 jaar;2023;336;583;-247
2888;Mannen en Vrouwen;66 jaar;2024;343;610;-267
2889;Mannen en Vrouwen;66 jaar;2025;351;639;-288
2890;Mannen en Vrouwen;66 jaar;2026;348;675;-327
2891;Mannen en Vrouwen;66 jaar;2027;354;670;-316
2892;Mannen en Vrouwen;66 jaar;2028;353;698;-345
2893;Mannen en Vrouwen;66 jaar;2029;358;716;-358
2894;Mannen en Vrouwen;66 jaar;2030;359;747;-388
2895;Mannen en Vrouwen;66 jaar;2031;355;745;-390
2896;Mannen en Vrouwen;66 jaar;2032;350;739;-389
2897;Mannen en Vrouwen;66 jaar;2033;349;730;-381
2898;Mannen en Vrouwen;66 jaar;2034;348;757;-409
2899;Mannen en Vrouwen;66 jaar;2035;358;783;-425
2900;Mannen en Vrouwen;66 jaar;2036;351;788;-437
2901;Mannen en Vrouwen;66 jaar;2037;340;771;-431
2902;Mannen en Vrouwen;66 jaar;2038;330;760;-430
2903;Mannen en Vrouwen;66 jaar;2039;316;735;-419
2904;Mannen en Vrouwen;66 jaar;2040;308;733;-425
2905;Mannen en Vrouwen;66 jaar;2041;303;718;-415
2906;Mannen en Vrouwen;66 jaar;2042;302;718;-416
2907;Mannen en Vrouwen;66 jaar;2043;301;728;-427
2908;Mannen en Vrouwen;66 jaar;2044;306;741;-435
2909;Mannen en Vrouwen;66 jaar;2045;305;749;-444
2910;Mannen en Vrouwen;66 jaar;2046;313;770;-457
2911;Mannen en Vrouwen;66 jaar;2047;313;771;-458
2912;Mannen en Vrouwen;66 jaar;2048;311;772;-461
2913;Mannen en Vrouwen;66 jaar;2049;308;779;-471
2914;Mannen en Vrouwen;66 jaar;2050;313;797;-484
2915;Mannen en Vrouwen;66 jaar;2051;318;807;-489
2916;Mannen en Vrouwen;66 jaar;2052;321;817;-496
2917;Mannen en Vrouwen;66 jaar;2053;325;822;-497
2918;Mannen en Vrouwen;66 jaar;2054;325;830;-505
2919;Mannen en Vrouwen;66 jaar;2055;329;838;-509
2920;Mannen en Vrouwen;66 jaar;2056;341;856;-515
2921;Mannen en Vrouwen;66 jaar;2057;341;858;-517
2922;Mannen en Vrouwen;66 jaar;2058;343;862;-519
2923;Mannen en Vrouwen;66 jaar;2059;339;860;-521
2924;Mannen en Vrouwen;67 jaar;2017;335;447;-112
2925;Mannen en Vrouwen;67 jaar;2018;309;427;-118
2926;Mannen en Vrouwen;67 jaar;2019;302;453;-151
2927;Mannen en Vrouwen;67 jaar;2020;297;456;-159
2928;Mannen en Vrouwen;67 jaar;2021;299;478;-179
2929;Mannen en Vrouwen;67 jaar;2022;303;499;-196
2930;Mannen en Vrouwen;67 jaar;2023;310;531;-221
2931;Mannen en Vrouwen;67 jaar;2024;314;536;-222
2932;Mannen en Vrouwen;67 jaar;2025;320;559;-239
2933;Mannen en Vrouwen;67 jaar;2026;323;583;-260
2934;Mannen en Vrouwen;67 jaar;2027;321;620;-299
2935;Mannen en Vrouwen;67 jaar;2028;326;615;-289
2936;Mannen en Vrouwen;67 jaar;2029;325;643;-318
2937;Mannen en Vrouwen;67 jaar;2030;329;658;-329
2938;Mannen en Vrouwen;67 jaar;2031;330;689;-359
2939;Mannen en Vrouwen;67 jaar;2032;325;689;-364
2940;Mannen en Vrouwen;67 jaar;2033;321;684;-363
2941;Mannen en Vrouwen;67 jaar;2034;320;674;-354
2942;Mannen en Vrouwen;67 jaar;2035;319;702;-383
2943;Mannen en Vrouwen;67 jaar;2036;328;725;-397
2944;Mannen en Vrouwen;67 jaar;2037;322;732;-410
2945;Mannen en Vrouwen;67 jaar;2038;312;718;-406
2946;Mannen en Vrouwen;67 jaar;2039;304;708;-404
2947;Mannen en Vrouwen;67 jaar;2040;289;688;-399
2948;Mannen en Vrouwen;67 jaar;2041;280;687;-407
2949;Mannen en Vrouwen;67 jaar;2042;278;672;-394
2950;Mannen en Vrouwen;67 jaar;2043;278;672;-394
2951;Mannen en Vrouwen;67 jaar;2044;277;682;-405
2952;Mannen en Vrouwen;67 jaar;2045;279;694;-415
2953;Mannen en Vrouwen;67 jaar;2046;280;699;-419
2954;Mannen en Vrouwen;67 jaar;2047;287;718;-431
2955;Mannen en Vrouwen;67 jaar;2048;287;718;-431
2956;Mannen en Vrouwen;67 jaar;2049;284;721;-437
2957;Mannen en Vrouwen;67 jaar;2050;283;728;-445
2958;Mannen en Vrouwen;67 jaar;2051;287;745;-458
2959;Mannen en Vrouwen;67 jaar;2052;291;753;-462
2960;Mannen en Vrouwen;67 jaar;2053;299;761;-462
2961;Mannen en Vrouwen;67 jaar;2054;301;763;-462
2962;Mannen en Vrouwen;67 jaar;2055;300;771;-471
2963;Mannen en Vrouwen;67 jaar;2056;305;779;-474
2964;Mannen en Vrouwen;67 jaar;2057;314;792;-478
2965;Mannen en Vrouwen;67 jaar;2058;317;794;-477
2966;Mannen en Vrouwen;67 jaar;2059;317;798;-481
2967;Mannen en Vrouwen;68 jaar;2017;316;394;-78
2968;Mannen en Vrouwen;68 jaar;2018;285;404;-119
2969;Mannen en Vrouwen;68 jaar;2019;274;385;-111
2970;Mannen en Vrouwen;68 jaar;2020;273;410;-137
2971;Mannen en Vrouwen;68 jaar;2021;272;415;-143
2972;Mannen en Vrouwen;68 jaar;2022;280;434;-154
2973;Mannen en Vrouwen;68 jaar;2023;288;453;-165
2974;Mannen en Vrouwen;68 jaar;2024;295;479;-184
2975;Mannen en Vrouwen;68 jaar;2025;298;481;-183
2976;Mannen en Vrouwen;68 jaar;2026;298;499;-201
2977;Mannen en Vrouwen;68 jaar;2027;302;519;-217
2978;Mannen en Vrouwen;68 jaar;2028;301;555;-254
2979;Mannen en Vrouwen;68 jaar;2029;307;547;-240
2980;Mannen en Vrouwen;68 jaar;2030;306;575;-269
2981;Mannen en Vrouwen;68 jaar;2031;309;588;-279
2982;Mannen en Vrouwen;68 jaar;2032;310;615;-305
2983;Mannen en Vrouwen;68 jaar;2033;306;614;-308
2984;Mannen en Vrouwen;68 jaar;2034;303;610;-307
2985;Mannen en Vrouwen;68 jaar;2035;302;600;-298
2986;Mannen en Vrouwen;68 jaar;2036;301;627;-326
2987;Mannen en Vrouwen;68 jaar;2037;307;648;-341
2988;Mannen en Vrouwen;68 jaar;2038;300;654;-354
2989;Mannen en Vrouwen;68 jaar;2039;291;640;-349
2990;Mannen en Vrouwen;68 jaar;2040;286;633;-347
2991;Mannen en Vrouwen;68 jaar;2041;268;613;-345
2992;Mannen en Vrouwen;68 jaar;2042;263;614;-351
2993;Mannen en Vrouwen;68 jaar;2043;256;598;-342
2994;Mannen en Vrouwen;68 jaar;2044;259;596;-337
2995;Mannen en Vrouwen;68 jaar;2045;256;605;-349
2996;Mannen en Vrouwen;68 jaar;2046;261;615;-354
2997;Mannen en Vrouwen;68 jaar;2047;261;621;-360
2998;Mannen en Vrouwen;68 jaar;2048;266;637;-371
2999;Mannen en Vrouwen;68 jaar;2049;266;636;-370
3000;Mannen en Vrouwen;68 jaar;2050;263;639;-376
3001;Mannen en Vrouwen;68 jaar;2051;261;645;-384
3002;Mannen en Vrouwen;68 jaar;2052;267;660;-393
3003;Mannen en Vrouwen;68 jaar;2053;269;667;-398
3004;Mannen en Vrouwen;68 jaar;2054;277;673;-396
3005;Mannen en Vrouwen;68 jaar;2055;278;675;-397
3006;Mannen en Vrouwen;68 jaar;2056;279;681;-402
3007;Mannen en Vrouwen;68 jaar;2057;280;686;-406
3008;Mannen en Vrouwen;68 jaar;2058;291;698;-407
3009;Mannen en Vrouwen;68 jaar;2059;290;699;-409
3010;Mannen en Vrouwen;69 jaar;2017;297;350;-53
3011;Mannen en Vrouwen;69 jaar;2018;267;347;-80
3012;Mannen en Vrouwen;69 jaar;2019;254;358;-104
3013;Mannen en Vrouwen;69 jaar;2020;251;343;-92
3014;Mannen en Vrouwen;69 jaar;2021;255;367;-112
3015;Mannen en Vrouwen;69 jaar;2022;257;373;-116
3016;Mannen en Vrouwen;69 jaar;2023;263;388;-125
3017;Mannen en Vrouwen;69 jaar;2024;268;403;-135
3018;Mannen en Vrouwen;69 jaar;2025;270;424;-154
3019;Mannen en Vrouwen;69 jaar;2026;273;424;-151
3020;Mannen en Vrouwen;69 jaar;2027;277;440;-163
3021;Mannen en Vrouwen;69 jaar;2028;280;459;-179
3022;Mannen en Vrouwen;69 jaar;2029;278;489;-211
3023;Mannen en Vrouwen;69 jaar;2030;284;483;-199
3024;Mannen en Vrouwen;69 jaar;2031;284;506;-222
3025;Mannen en Vrouwen;69 jaar;2032;286;517;-231
3026;Mannen en Vrouwen;69 jaar;2033;286;539;-253
3027;Mannen en Vrouwen;69 jaar;2034;282;538;-256
3028;Mannen en Vrouwen;69 jaar;2035;279;536;-257
3029;Mannen en Vrouwen;69 jaar;2036;278;525;-247
3030;Mannen en Vrouwen;69 jaar;2037;276;549;-273
3031;Mannen en Vrouwen;69 jaar;2038;283;567;-284
3032;Mannen en Vrouwen;69 jaar;2039;278;573;-295
3033;Mannen en Vrouwen;69 jaar;2040;269;560;-291
3034;Mannen en Vrouwen;69 jaar;2041;261;553;-292
3035;Mannen en Vrouwen;69 jaar;2042;247;536;-289
3036;Mannen en Vrouwen;69 jaar;2043;242;536;-294
3037;Mannen en Vrouwen;69 jaar;2044;238;522;-284
3038;Mannen en Vrouwen;69 jaar;2045;239;518;-279
3039;Mannen en Vrouwen;69 jaar;2046;238;527;-289
3040;Mannen en Vrouwen;69 jaar;2047;241;536;-295
3041;Mannen en Vrouwen;69 jaar;2048;241;539;-298
3042;Mannen en Vrouwen;69 jaar;2049;246;554;-308
3043;Mannen en Vrouwen;69 jaar;2050;245;554;-309
3044;Mannen en Vrouwen;69 jaar;2051;238;557;-319
3045;Mannen en Vrouwen;69 jaar;2052;242;561;-319
3046;Mannen en Vrouwen;69 jaar;2053;244;575;-331
3047;Mannen en Vrouwen;69 jaar;2054;247;580;-333
3048;Mannen en Vrouwen;69 jaar;2055;253;586;-333
3049;Mannen en Vrouwen;69 jaar;2056;258;586;-328
3050;Mannen en Vrouwen;69 jaar;2057;256;591;-335
3051;Mannen en Vrouwen;69 jaar;2058;263;597;-334
3052;Mannen en Vrouwen;69 jaar;2059;270;606;-336
3053;Mannen en Vrouwen;70 jaar;2017;286;312;-26
3054;Mannen en Vrouwen;70 jaar;2018;252;311;-59
3055;Mannen en Vrouwen;70 jaar;2019;237;309;-72
3056;Mannen en Vrouwen;70 jaar;2020;232;320;-88
3057;Mannen en Vrouwen;70 jaar;2021;231;308;-77
3058;Mannen en Vrouwen;70 jaar;2022;238;329;-91
3059;Mannen en Vrouwen;70 jaar;2023;241;334;-93
3060;Mannen en Vrouwen;70 jaar;2024;244;346;-102
3061;Mannen en Vrouwen;70 jaar;2025;247;357;-110
3062;Mannen en Vrouwen;70 jaar;2026;249;374;-125
3063;Mannen en Vrouwen;70 jaar;2027;254;374;-120
3064;Mannen en Vrouwen;70 jaar;2028;258;389;-131
3065;Mannen en Vrouwen;70 jaar;2029;260;405;-145
3066;Mannen en Vrouwen;70 jaar;2030;257;433;-176
3067;Mannen en Vrouwen;70 jaar;2031;262;425;-163
3068;Mannen en Vrouwen;70 jaar;2032;261;448;-187
3069;Mannen en Vrouwen;70 jaar;2033;262;457;-195
3070;Mannen en Vrouwen;70 jaar;2034;264;476;-212
3071;Mannen en Vrouwen;70 jaar;2035;260;477;-217
3072;Mannen en Vrouwen;70 jaar;2036;256;473;-217
3073;Mannen en Vrouwen;70 jaar;2037;255;465;-210
3074;Mannen en Vrouwen;70 jaar;2038;255;487;-232
3075;Mannen en Vrouwen;70 jaar;2039;260;503;-243
3076;Mannen en Vrouwen;70 jaar;2040;254;507;-253
3077;Mannen en Vrouwen;70 jaar;2041;247;497;-250
3078;Mannen en Vrouwen;70 jaar;2042;240;491;-251
3079;Mannen en Vrouwen;70 jaar;2043;227;476;-249
3080;Mannen en Vrouwen;70 jaar;2044;222;476;-254
3081;Mannen en Vrouwen;70 jaar;2045;216;463;-247
3082;Mannen en Vrouwen;70 jaar;2046;219;460;-241
3083;Mannen en Vrouwen;70 jaar;2047;218;467;-249
3084;Mannen en Vrouwen;70 jaar;2048;223;474;-251
3085;Mannen en Vrouwen;70 jaar;2049;222;478;-256
3086;Mannen en Vrouwen;70 jaar;2050;227;490;-263
3087;Mannen en Vrouwen;70 jaar;2051;227;490;-263
3088;Mannen en Vrouwen;70 jaar;2052;223;493;-270
3089;Mannen en Vrouwen;70 jaar;2053;224;498;-274
3090;Mannen en Vrouwen;70 jaar;2054;227;510;-283
3091;Mannen en Vrouwen;70 jaar;2055;230;514;-284
3092;Mannen en Vrouwen;70 jaar;2056;237;517;-280
3093;Mannen en Vrouwen;70 jaar;2057;240;520;-280
3094;Mannen en Vrouwen;70 jaar;2058;241;524;-283
3095;Mannen en Vrouwen;70 jaar;2059;243;528;-285
3096;Mannen en Vrouwen;71 jaar;2017;281;285;-4
3097;Mannen en Vrouwen;71 jaar;2018;248;286;-38
3098;Mannen en Vrouwen;71 jaar;2019;229;286;-57
3099;Mannen en Vrouwen;71 jaar;2020;219;286;-67
3100;Mannen en Vrouwen;71 jaar;2021;216;298;-82
3101;Mannen en Vrouwen;71 jaar;2022;218;286;-68
3102;Mannen en Vrouwen;71 jaar;2023;227;306;-79
3103;Mannen en Vrouwen;71 jaar;2024;229;309;-80
3104;Mannen en Vrouwen;71 jaar;2025;232;320;-88
3105;Mannen en Vrouwen;71 jaar;2026;234;328;-94
3106;Mannen en Vrouwen;71 jaar;2027;235;344;-109
3107;Mannen en Vrouwen;71 jaar;2028;239;345;-106
3108;Mannen en Vrouwen;71 jaar;2029;240;360;-120
3109;Mannen en Vrouwen;71 jaar;2030;244;375;-131
3110;Mannen en Vrouwen;71 jaar;2031;242;404;-162
3111;Mannen en Vrouwen;71 jaar;2032;246;396;-150
3112;Mannen en Vrouwen;71 jaar;2033;245;418;-173
3113;Mannen en Vrouwen;71 jaar;2034;247;429;-182
3114;Mannen en Vrouwen;71 jaar;2035;249;448;-199
3115;Mannen en Vrouwen;71 jaar;2036;244;449;-205
3116;Mannen en Vrouwen;71 jaar;2037;241;446;-205
3117;Mannen en Vrouwen;71 jaar;2038;240;437;-197
3118;Mannen en Vrouwen;71 jaar;2039;239;460;-221
3119;Mannen en Vrouwen;71 jaar;2040;246;476;-230
3120;Mannen en Vrouwen;71 jaar;2041;239;482;-243
3121;Mannen en Vrouwen;71 jaar;2042;232;473;-241
3122;Mannen en Vrouwen;71 jaar;2043;224;468;-244
3123;Mannen en Vrouwen;71 jaar;2044;213;454;-241
3124;Mannen en Vrouwen;71 jaar;2045;205;453;-248
3125;Mannen en Vrouwen;71 jaar;2046;200;440;-240
3126;Mannen en Vrouwen;71 jaar;2047;201;436;-235
3127;Mannen en Vrouwen;71 jaar;2048;201;444;-243
3128;Mannen en Vrouwen;71 jaar;2049;203;451;-248
3129;Mannen en Vrouwen;71 jaar;2050;204;454;-250
3130;Mannen en Vrouwen;71 jaar;2051;208;465;-257
3131;Mannen en Vrouwen;71 jaar;2052;208;464;-256
3132;Mannen en Vrouwen;71 jaar;2053;206;468;-262
3133;Mannen en Vrouwen;71 jaar;2054;204;473;-269
3134;Mannen en Vrouwen;71 jaar;2055;211;484;-273
3135;Mannen en Vrouwen;71 jaar;2056;215;488;-273
3136;Mannen en Vrouwen;71 jaar;2057;220;491;-271
3137;Mannen en Vrouwen;71 jaar;2058;221;492;-271
3138;Mannen en Vrouwen;71 jaar;2059;222;498;-276
3139;Mannen en Vrouwen;72 jaar;2017;213;217;-4
3140;Mannen en Vrouwen;72 jaar;2018;243;256;-13
3141;Mannen en Vrouwen;72 jaar;2019;223;257;-34
3142;Mannen en Vrouwen;72 jaar;2020;210;260;-50
3143;Mannen en Vrouwen;72 jaar;2021;206;261;-55
3144;Mannen en Vrouwen;72 jaar;2022;207;272;-65
3145;Mannen en Vrouwen;72 jaar;2023;210;259;-49
3146;Mannen en Vrouwen;72 jaar;2024;217;278;-61
3147;Mannen en Vrouwen;72 jaar;2025;218;279;-61
3148;Mannen en Vrouwen;72 jaar;2026;219;289;-70
3149;Mannen en Vrouwen;72 jaar;2027;221;296;-75
3150;Mannen en Vrouwen;72 jaar;2028;223;312;-89
3151;Mannen en Vrouwen;72 jaar;2029;225;314;-89
3152;Mannen en Vrouwen;72 jaar;2030;228;326;-98
3153;Mannen en Vrouwen;72 jaar;2031;230;341;-111
3154;Mannen en Vrouwen;72 jaar;2032;228;368;-140
3155;Mannen en Vrouwen;72 jaar;2033;232;362;-130
3156;Mannen en Vrouwen;72 jaar;2034;233;382;-149
3157;Mannen en Vrouwen;72 jaar;2035;235;390;-155
3158;Mannen en Vrouwen;72 jaar;2036;236;410;-174
3159;Mannen en Vrouwen;72 jaar;2037;231;410;-179
3160;Mannen en Vrouwen;72 jaar;2038;228;410;-182
3161;Mannen en Vrouwen;72 jaar;2039;228;400;-172
3162;Mannen en Vrouwen;72 jaar;2040;227;422;-195
3163;Mannen en Vrouwen;72 jaar;2041;231;437;-206
3164;Mannen en Vrouwen;72 jaar;2042;227;444;-217
3165;Mannen en Vrouwen;72 jaar;2043;219;435;-216
3166;Mannen en Vrouwen;72 jaar;2044;214;431;-217
3167;Mannen en Vrouwen;72 jaar;2045;199;418;-219
3168;Mannen en Vrouwen;72 jaar;2046;194;418;-224
3169;Mannen en Vrouwen;72 jaar;2047;192;405;-213
3170;Mannen en Vrouwen;72 jaar;2048;192;401;-209
3171;Mannen en Vrouwen;72 jaar;2049;192;410;-218
3172;Mannen en Vrouwen;72 jaar;2050;194;416;-222
3173;Mannen en Vrouwen;72 jaar;2051;194;418;-224
3174;Mannen en Vrouwen;72 jaar;2052;200;428;-228
3175;Mannen en Vrouwen;72 jaar;2053;200;429;-229
3176;Mannen en Vrouwen;72 jaar;2054;197;431;-234
3177;Mannen en Vrouwen;72 jaar;2055;196;436;-240
3178;Mannen en Vrouwen;72 jaar;2056;200;447;-247
3179;Mannen en Vrouwen;72 jaar;2057;203;449;-246
3180;Mannen en Vrouwen;72 jaar;2058;211;453;-242
3181;Mannen en Vrouwen;72 jaar;2059;215;454;-239
3182;Mannen en Vrouwen;73 jaar;2017;202;188;14
3183;Mannen en Vrouwen;73 jaar;2018;176;193;-17
3184;Mannen en Vrouwen;73 jaar;2019;209;228;-19
3185;Mannen en Vrouwen;73 jaar;2020;201;232;-31
3186;Mannen en Vrouwen;73 jaar;2021;193;236;-43
3187;Mannen en Vrouwen;73 jaar;2022;192;236;-44
3188;Mannen en Vrouwen;73 jaar;2023;193;247;-54
3189;Mannen en Vrouwen;73 jaar;2024;195;236;-41
3190;Mannen en Vrouwen;73 jaar;2025;201;251;-50
3191;Mannen en Vrouwen;73 jaar;2026;200;253;-53
3192;Mannen en Vrouwen;73 jaar;2027;200;261;-61
3193;Mannen en Vrouwen;73 jaar;2028;202;270;-68
3194;Mannen en Vrouwen;73 jaar;2029;204;284;-80
3195;Mannen en Vrouwen;73 jaar;2030;206;285;-79
3196;Mannen en Vrouwen;73 jaar;2031;207;299;-92
3197;Mannen en Vrouwen;73 jaar;2032;209;310;-101
3198;Mannen en Vrouwen;73 jaar;2033;208;335;-127
3199;Mannen en Vrouwen;73 jaar;2034;213;330;-117
3200;Mannen en Vrouwen;73 jaar;2035;213;349;-136
3201;Mannen en Vrouwen;73 jaar;2036;215;357;-142
3202;Mannen en Vrouwen;73 jaar;2037;216;374;-158
3203;Mannen en Vrouwen;73 jaar;2038;212;375;-163
3204;Mannen en Vrouwen;73 jaar;2039;210;375;-165
3205;Mannen en Vrouwen;73 jaar;2040;209;368;-159
3206;Mannen en Vrouwen;73 jaar;2041;208;389;-181
3207;Mannen en Vrouwen;73 jaar;2042;214;403;-189
3208;Mannen en Vrouwen;73 jaar;2043;210;408;-198
3209;Mannen en Vrouwen;73 jaar;2044;204;402;-198
3210;Mannen en Vrouwen;73 jaar;2045;196;398;-202
3211;Mannen en Vrouwen;73 jaar;2046;184;386;-202
3212;Mannen en Vrouwen;73 jaar;2047;180;388;-208
3213;Mannen en Vrouwen;73 jaar;2048;178;376;-198
3214;Mannen en Vrouwen;73 jaar;2049;179;373;-194
3215;Mannen en Vrouwen;73 jaar;2050;177;381;-204
3216;Mannen en Vrouwen;73 jaar;2051;179;385;-206
3217;Mannen en Vrouwen;73 jaar;2052;180;389;-209
3218;Mannen en Vrouwen;73 jaar;2053;188;398;-210
3219;Mannen en Vrouwen;73 jaar;2054;187;399;-212
3220;Mannen en Vrouwen;73 jaar;2055;184;402;-218
3221;Mannen en Vrouwen;73 jaar;2056;185;407;-222
3222;Mannen en Vrouwen;73 jaar;2057;188;416;-228
3223;Mannen en Vrouwen;73 jaar;2058;192;420;-228
3224;Mannen en Vrouwen;73 jaar;2059;196;423;-227
3225;Mannen en Vrouwen;74 jaar;2017;181;160;21
3226;Mannen en Vrouwen;74 jaar;2018;171;172;-1
3227;Mannen en Vrouwen;74 jaar;2019;156;177;-21
3228;Mannen en Vrouwen;74 jaar;2020;192;208;-16
3229;Mannen en Vrouwen;74 jaar;2021;189;215;-26
3230;Mannen en Vrouwen;74 jaar;2022;182;218;-36
3231;Mannen en Vrouwen;74 jaar;2023;181;219;-38
3232;Mannen en Vrouwen;74 jaar;2024;181;229;-48
3233;Mannen en Vrouwen;74 jaar;2025;182;217;-35
3234;Mannen en Vrouwen;74 jaar;2026;186;232;-46
3235;Mannen en Vrouwen;74 jaar;2027;186;233;-47
3236;Mannen en Vrouwen;74 jaar;2028;187;243;-56
3237;Mannen en Vrouwen;74 jaar;2029;188;249;-61
3238;Mannen en Vrouwen;74 jaar;2030;190;263;-73
3239;Mannen en Vrouwen;74 jaar;2031;192;265;-73
3240;Mannen en Vrouwen;74 jaar;2032;194;278;-84
3241;Mannen en Vrouwen;74 jaar;2033;196;289;-93
3242;Mannen en Vrouwen;74 jaar;2034;195;313;-118
3243;Mannen en Vrouwen;74 jaar;2035;199;308;-109
3244;Mannen en Vrouwen;74 jaar;2036;200;326;-126
3245;Mannen en Vrouwen;74 jaar;2037;202;334;-132
3246;Mannen en Vrouwen;74 jaar;2038;202;351;-149
3247;Mannen en Vrouwen;74 jaar;2039;200;352;-152
3248;Mannen en Vrouwen;74 jaar;2040;197;352;-155
3249;Mannen en Vrouwen;74 jaar;2041;196;347;-151
3250;Mannen en Vrouwen;74 jaar;2042;196;367;-171
3251;Mannen en Vrouwen;74 jaar;2043;202;379;-177
3252;Mannen en Vrouwen;74 jaar;2044;198;387;-189
3253;Mannen en Vrouwen;74 jaar;2045;192;380;-188
3254;Mannen en Vrouwen;74 jaar;2046;184;378;-194
3255;Mannen en Vrouwen;74 jaar;2047;173;369;-196
3256;Mannen en Vrouwen;74 jaar;2048;169;371;-202
3257;Mannen en Vrouwen;74 jaar;2049;166;360;-194
3258;Mannen en Vrouwen;74 jaar;2050;166;358;-192
3259;Mannen en Vrouwen;74 jaar;2051;165;364;-199
3260;Mannen en Vrouwen;74 jaar;2052;166;370;-204
3261;Mannen en Vrouwen;74 jaar;2053;167;373;-206
3262;Mannen en Vrouwen;74 jaar;2054;173;381;-208
3263;Mannen en Vrouwen;74 jaar;2055;173;382;-209
3264;Mannen en Vrouwen;74 jaar;2056;171;386;-215
3265;Mannen en Vrouwen;74 jaar;2057;168;390;-222
3266;Mannen en Vrouwen;74 jaar;2058;170;400;-230
3267;Mannen en Vrouwen;74 jaar;2059;173;403;-230
3268;Mannen en Vrouwen;75 jaar;2017;156;151;5
3269;Mannen en Vrouwen;75 jaar;2018;151;150;1
3270;Mannen en Vrouwen;75 jaar;2019;148;162;-14
3271;Mannen en Vrouwen;75 jaar;2020;141;168;-27
3272;Mannen en Vrouwen;75 jaar;2021;177;197;-20
3273;Mannen en Vrouwen;75 jaar;2022;174;201;-27
3274;Mannen en Vrouwen;75 jaar;2023;171;205;-34
3275;Mannen en Vrouwen;75 jaar;2024;169;206;-37
3276;Mannen en Vrouwen;75 jaar;2025;170;215;-45
3277;Mannen en Vrouwen;75 jaar;2026;170;203;-33
3278;Mannen en Vrouwen;75 jaar;2027;174;217;-43
3279;Mannen en Vrouwen;75 jaar;2028;173;218;-45
3280;Mannen en Vrouwen;75 jaar;2029;174;227;-53
3281;Mannen en Vrouwen;75 jaar;2030;174;234;-60
3282;Mannen en Vrouwen;75 jaar;2031;176;247;-71
3283;Mannen en Vrouwen;75 jaar;2032;179;249;-70
3284;Mannen en Vrouwen;75 jaar;2033;180;262;-82
3285;Mannen en Vrouwen;75 jaar;2034;182;272;-90
3286;Mannen en Vrouwen;75 jaar;2035;180;297;-117
3287;Mannen en Vrouwen;75 jaar;2036;186;292;-106
3288;Mannen en Vrouwen;75 jaar;2037;186;310;-124
3289;Mannen en Vrouwen;75 jaar;2038;187;318;-131
3290;Mannen en Vrouwen;75 jaar;2039;189;337;-148
3291;Mannen en Vrouwen;75 jaar;2040;186;339;-153
3292;Mannen en Vrouwen;75 jaar;2041;182;339;-157
3293;Mannen en Vrouwen;75 jaar;2042;183;333;-150
3294;Mannen en Vrouwen;75 jaar;2043;183;353;-170
3295;Mannen en Vrouwen;75 jaar;2044;190;366;-176
3296;Mannen en Vrouwen;75 jaar;2045;184;374;-190
3297;Mannen en Vrouwen;75 jaar;2046;178;368;-190
3298;Mannen en Vrouwen;75 jaar;2047;171;366;-195
3299;Mannen en Vrouwen;75 jaar;2048;160;358;-198
3300;Mannen en Vrouwen;75 jaar;2049;158;361;-203
3301;Mannen en Vrouwen;75 jaar;2050;156;351;-195
3302;Mannen en Vrouwen;75 jaar;2051;155;348;-193
3303;Mannen en Vrouwen;75 jaar;2052;154;356;-202
3304;Mannen en Vrouwen;75 jaar;2053;157;360;-203
3305;Mannen en Vrouwen;75 jaar;2054;158;364;-206
3306;Mannen en Vrouwen;75 jaar;2055;165;372;-207
3307;Mannen en Vrouwen;75 jaar;2056;163;373;-210
3308;Mannen en Vrouwen;75 jaar;2057;161;376;-215
3309;Mannen en Vrouwen;75 jaar;2058;159;381;-222
3310;Mannen en Vrouwen;75 jaar;2059;163;391;-228
3311;Mannen en Vrouwen;76 jaar;2017;143;128;15
3312;Mannen en Vrouwen;76 jaar;2018;134;138;-4
3313;Mannen en Vrouwen;76 jaar;2019;137;138;-1
3314;Mannen en Vrouwen;76 jaar;2020;139;149;-10
3315;Mannen en Vrouwen;76 jaar;2021;134;155;-21
3316;Mannen en Vrouwen;76 jaar;2022;169;181;-12
3317;Mannen en Vrouwen;76 jaar;2023;168;186;-18
3318;Mannen en Vrouwen;76 jaar;2024;164;191;-27
3319;Mannen en Vrouwen;76 jaar;2025;161;189;-28
3320;Mannen en Vrouwen;76 jaar;2026;159;199;-40
3321;Mannen en Vrouwen;76 jaar;2027;158;188;-30
3322;Mannen en Vrouwen;76 jaar;2028;163;202;-39
3323;Mannen en Vrouwen;76 jaar;2029;161;204;-43
3324;Mannen en Vrouwen;76 jaar;2030;162;212;-50
3325;Mannen en Vrouwen;76 jaar;2031;163;220;-57
3326;Mannen en Vrouwen;76 jaar;2032;165;232;-67
3327;Mannen en Vrouwen;76 jaar;2033;165;235;-70
3328;Mannen en Vrouwen;76 jaar;2034;167;247;-80
3329;Mannen en Vrouwen;76 jaar;2035;171;257;-86
3330;Mannen en Vrouwen;76 jaar;2036;169;281;-112
3331;Mannen en Vrouwen;76 jaar;2037;173;277;-104
3332;Mannen en Vrouwen;76 jaar;2038;173;294;-121
3333;Mannen en Vrouwen;76 jaar;2039;177;302;-125
3334;Mannen en Vrouwen;76 jaar;2040;177;319;-142
3335;Mannen en Vrouwen;76 jaar;2041;175;322;-147
3336;Mannen en Vrouwen;76 jaar;2042;172;322;-150
3337;Mannen en Vrouwen;76 jaar;2043;172;318;-146
3338;Mannen en Vrouwen;76 jaar;2044;172;338;-166
3339;Mannen en Vrouwen;76 jaar;2045;178;351;-173
3340;Mannen en Vrouwen;76 jaar;2046;173;359;-186
3341;Mannen en Vrouwen;76 jaar;2047;168;354;-186
3342;Mannen en Vrouwen;76 jaar;2048;161;352;-191
3343;Mannen en Vrouwen;76 jaar;2049;152;345;-193
3344;Mannen en Vrouwen;76 jaar;2050;148;348;-200
3345;Mannen en Vrouwen;76 jaar;2051;146;339;-193
3346;Mannen en Vrouwen;76 jaar;2052;147;336;-189
3347;Mannen en Vrouwen;76 jaar;2053;145;345;-200
3348;Mannen en Vrouwen;76 jaar;2054;148;349;-201
3349;Mannen en Vrouwen;76 jaar;2055;148;353;-205
3350;Mannen en Vrouwen;76 jaar;2056;157;361;-204
3351;Mannen en Vrouwen;76 jaar;2057;155;361;-206
3352;Mannen en Vrouwen;76 jaar;2058;153;365;-212
3353;Mannen en Vrouwen;76 jaar;2059;152;369;-217
3354;Mannen en Vrouwen;77 jaar;2017;129;126;3
3355;Mannen en Vrouwen;77 jaar;2018;116;115;1
3356;Mannen en Vrouwen;77 jaar;2019;115;125;-10
3357;Mannen en Vrouwen;77 jaar;2020;121;124;-3
3358;Mannen en Vrouwen;77 jaar;2021;124;134;-10
3359;Mannen en Vrouwen;77 jaar;2022;122;141;-19
3360;Mannen en Vrouwen;77 jaar;2023;155;162;-7
3361;Mannen en Vrouwen;77 jaar;2024;153;167;-14
3362;Mannen en Vrouwen;77 jaar;2025;147;170;-23
3363;Mannen en Vrouwen;77 jaar;2026;145;169;-24
3364;Mannen en Vrouwen;77 jaar;2027;143;178;-35
3365;Mannen en Vrouwen;77 jaar;2028;144;168;-24
3366;Mannen en Vrouwen;77 jaar;2029;147;181;-34
3367;Mannen en Vrouwen;77 jaar;2030;147;184;-37
3368;Mannen en Vrouwen;77 jaar;2031;147;192;-45
3369;Mannen en Vrouwen;77 jaar;2032;148;201;-53
3370;Mannen en Vrouwen;77 jaar;2033;148;212;-64
3371;Mannen en Vrouwen;77 jaar;2034;149;214;-65
3372;Mannen en Vrouwen;77 jaar;2035;151;226;-75
3373;Mannen en Vrouwen;77 jaar;2036;155;237;-82
3374;Mannen en Vrouwen;77 jaar;2037;154;260;-106
3375;Mannen en Vrouwen;77 jaar;2038;158;255;-97
3376;Mannen en Vrouwen;77 jaar;2039;158;273;-115
3377;Mannen en Vrouwen;77 jaar;2040;160;280;-120
3378;Mannen en Vrouwen;77 jaar;2041;161;299;-138
3379;Mannen en Vrouwen;77 jaar;2042;158;300;-142
3380;Mannen en Vrouwen;77 jaar;2043;156;302;-146
3381;Mannen en Vrouwen;77 jaar;2044;157;296;-139
3382;Mannen en Vrouwen;77 jaar;2045;154;317;-163
3383;Mannen en Vrouwen;77 jaar;2046;162;327;-165
3384;Mannen en Vrouwen;77 jaar;2047;157;338;-181
3385;Mannen en Vrouwen;77 jaar;2048;153;332;-179
3386;Mannen en Vrouwen;77 jaar;2049;146;332;-186
3387;Mannen en Vrouwen;77 jaar;2050;138;326;-188
3388;Mannen en Vrouwen;77 jaar;2051;137;329;-192
3389;Mannen en Vrouwen;77 jaar;2052;133;319;-186
3390;Mannen en Vrouwen;77 jaar;2053;133;316;-183
3391;Mannen en Vrouwen;77 jaar;2054;132;325;-193
3392;Mannen en Vrouwen;77 jaar;2055;134;329;-195
3393;Mannen en Vrouwen;77 jaar;2056;137;331;-194
3394;Mannen en Vrouwen;77 jaar;2057;143;338;-195
3395;Mannen en Vrouwen;77 jaar;2058;143;339;-196
3396;Mannen en Vrouwen;77 jaar;2059;140;342;-202
3397;Mannen en Vrouwen;78 jaar;2017;112;107;5
3398;Mannen en Vrouwen;78 jaar;2018;106;123;-17
3399;Mannen en Vrouwen;78 jaar;2019;101;111;-10
3400;Mannen en Vrouwen;78 jaar;2020;101;121;-20
3401;Mannen en Vrouwen;78 jaar;2021;108;120;-12
3402;Mannen en Vrouwen;78 jaar;2022;112;131;-19
3403;Mannen en Vrouwen;78 jaar;2023;111;137;-26
3404;Mannen en Vrouwen;78 jaar;2024;144;156;-12
3405;Mannen en Vrouwen;78 jaar;2025;140;160;-20
3406;Mannen en Vrouwen;78 jaar;2026;133;163;-30
3407;Mannen en Vrouwen;78 jaar;2027;128;162;-34
3408;Mannen en Vrouwen;78 jaar;2028;128;173;-45
3409;Mannen en Vrouwen;78 jaar;2029;128;163;-35
3410;Mannen en Vrouwen;78 jaar;2030;131;177;-46
3411;Mannen en Vrouwen;78 jaar;2031;130;179;-49
3412;Mannen en Vrouwen;78 jaar;2032;130;188;-58
3413;Mannen en Vrouwen;78 jaar;2033;133;196;-63
3414;Mannen en Vrouwen;78 jaar;2034;134;207;-73
3415;Mannen en Vrouwen;78 jaar;2035;135;209;-74
3416;Mannen en Vrouwen;78 jaar;2036;137;222;-85
3417;Mannen en Vrouwen;78 jaar;2037;139;233;-94
3418;Mannen en Vrouwen;78 jaar;2038;138;257;-119
3419;Mannen en Vrouwen;78 jaar;2039;142;252;-110
3420;Mannen en Vrouwen;78 jaar;2040;142;271;-129
3421;Mannen en Vrouwen;78 jaar;2041;142;280;-138
3422;Mannen en Vrouwen;78 jaar;2042;144;297;-153
3423;Mannen en Vrouwen;78 jaar;2043;143;300;-157
3424;Mannen en Vrouwen;78 jaar;2044;140;302;-162
3425;Mannen en Vrouwen;78 jaar;2045;139;294;-155
3426;Mannen en Vrouwen;78 jaar;2046;139;318;-179
3427;Mannen en Vrouwen;78 jaar;2047;147;329;-182
3428;Mannen en Vrouwen;78 jaar;2048;142;339;-197
3429;Mannen en Vrouwen;78 jaar;2049;138;334;-196
3430;Mannen en Vrouwen;78 jaar;2050;132;335;-203
3431;Mannen en Vrouwen;78 jaar;2051;125;328;-203
3432;Mannen en Vrouwen;78 jaar;2052;124;331;-207
3433;Mannen en Vrouwen;78 jaar;2053;122;321;-199
3434;Mannen en Vrouwen;78 jaar;2054;121;319;-198
3435;Mannen en Vrouwen;78 jaar;2055;122;328;-206
3436;Mannen en Vrouwen;78 jaar;2056;122;332;-210
3437;Mannen en Vrouwen;78 jaar;2057;126;335;-209
3438;Mannen en Vrouwen;78 jaar;2058;132;341;-209
3439;Mannen en Vrouwen;78 jaar;2059;131;343;-212
3440;Mannen en Vrouwen;79 jaar;2017;101;94;7
3441;Mannen en Vrouwen;79 jaar;2018;95;98;-3
3442;Mannen en Vrouwen;79 jaar;2019;93;113;-20
3443;Mannen en Vrouwen;79 jaar;2020;91;102;-11
3444;Mannen en Vrouwen;79 jaar;2021;94;112;-18
3445;Mannen en Vrouwen;79 jaar;2022;101;111;-10
3446;Mannen en Vrouwen;79 jaar;2023;106;120;-14
3447;Mannen en Vrouwen;79 jaar;2024;104;127;-23
3448;Mannen en Vrouwen;79 jaar;2025;133;142;-9
3449;Mannen en Vrouwen;79 jaar;2026;128;145;-17
3450;Mannen en Vrouwen;79 jaar;2027;122;150;-28
3451;Mannen en Vrouwen;79 jaar;2028;119;149;-30
3452;Mannen en Vrouwen;79 jaar;2029;117;161;-44
3453;Mannen en Vrouwen;79 jaar;2030;118;151;-33
3454;Mannen en Vrouwen;79 jaar;2031;121;165;-44
3455;Mannen en Vrouwen;79 jaar;2032;119;166;-47
3456;Mannen en Vrouwen;79 jaar;2033;120;177;-57
3457;Mannen en Vrouwen;79 jaar;2034;120;184;-64
3458;Mannen en Vrouwen;79 jaar;2035;122;196;-74
3459;Mannen en Vrouwen;79 jaar;2036;124;199;-75
3460;Mannen en Vrouwen;79 jaar;2037;126;211;-85
3461;Mannen en Vrouwen;79 jaar;2038;128;222;-94
3462;Mannen en Vrouwen;79 jaar;2039;128;248;-120
3463;Mannen en Vrouwen;79 jaar;2040;131;241;-110
3464;Mannen en Vrouwen;79 jaar;2041;130;261;-131
3465;Mannen en Vrouwen;79 jaar;2042;131;269;-138
3466;Mannen en Vrouwen;79 jaar;2043;133;288;-155
3467;Mannen en Vrouwen;79 jaar;2044;131;291;-160
3468;Mannen en Vrouwen;79 jaar;2045;128;294;-166
3469;Mannen en Vrouwen;79 jaar;2046;129;287;-158
3470;Mannen en Vrouwen;79 jaar;2047;128;310;-182
3471;Mannen en Vrouwen;79 jaar;2048;132;321;-189
3472;Mannen en Vrouwen;79 jaar;2049;129;332;-203
3473;Mannen en Vrouwen;79 jaar;2050;126;329;-203
3474;Mannen en Vrouwen;79 jaar;2051;121;329;-208
3475;Mannen en Vrouwen;79 jaar;2052;116;324;-208
3476;Mannen en Vrouwen;79 jaar;2053;112;327;-215
3477;Mannen en Vrouwen;79 jaar;2054;109;317;-208
3478;Mannen en Vrouwen;79 jaar;2055;110;314;-204
3479;Mannen en Vrouwen;79 jaar;2056;109;324;-215
3480;Mannen en Vrouwen;79 jaar;2057;110;328;-218
3481;Mannen en Vrouwen;79 jaar;2058;110;330;-220
3482;Mannen en Vrouwen;79 jaar;2059;113;337;-224
3483;Mannen en Vrouwen;80 jaar;2017;89;75;14
3484;Mannen en Vrouwen;80 jaar;2018;84;83;1
3485;Mannen en Vrouwen;80 jaar;2019;82;86;-4
3486;Mannen en Vrouwen;80 jaar;2020;83;100;-17
3487;Mannen en Vrouwen;80 jaar;2021;82;90;-8
3488;Mannen en Vrouwen;80 jaar;2022;85;99;-14
3489;Mannen en Vrouwen;80 jaar;2023;92;98;-6
3490;Mannen en Vrouwen;80 jaar;2024;96;105;-9
3491;Mannen en Vrouwen;80 jaar;2025;93;111;-18
3492;Mannen en Vrouwen;80 jaar;2026;119;125;-6
3493;Mannen en Vrouwen;80 jaar;2027;114;129;-15
3494;Mannen en Vrouwen;80 jaar;2028;110;132;-22
3495;Mannen en Vrouwen;80 jaar;2029;107;133;-26
3496;Mannen en Vrouwen;80 jaar;2030;106;144;-38
3497;Mannen en Vrouwen;80 jaar;2031;105;135;-30
3498;Mannen en Vrouwen;80 jaar;2032;108;148;-40
3499;Mannen en Vrouwen;80 jaar;2033;107;149;-42
3500;Mannen en Vrouwen;80 jaar;2034;109;158;-49
3501;Mannen en Vrouwen;80 jaar;2035;109;164;-55
3502;Mannen en Vrouwen;80 jaar;2036;112;175;-63
3503;Mannen en Vrouwen;80 jaar;2037;112;178;-66
3504;Mannen en Vrouwen;80 jaar;2038;115;190;-75
3505;Mannen en Vrouwen;80 jaar;2039;117;198;-81
3506;Mannen en Vrouwen;80 jaar;2040;116;222;-106
3507;Mannen en Vrouwen;80 jaar;2041;119;217;-98
3508;Mannen en Vrouwen;80 jaar;2042;119;234;-115
3509;Mannen en Vrouwen;80 jaar;2043;120;243;-123
3510;Mannen en Vrouwen;80 jaar;2044;122;259;-137
3511;Mannen en Vrouwen;80 jaar;2045;118;262;-144
3512;Mannen en Vrouwen;80 jaar;2046;116;266;-150
3513;Mannen en Vrouwen;80 jaar;2047;118;260;-142
3514;Mannen en Vrouwen;80 jaar;2048;118;279;-161
3515;Mannen en Vrouwen;80 jaar;2049;121;290;-169
3516;Mannen en Vrouwen;80 jaar;2050;119;301;-182
3517;Mannen en Vrouwen;80 jaar;2051;115;298;-183
3518;Mannen en Vrouwen;80 jaar;2052;112;298;-186
3519;Mannen en Vrouwen;80 jaar;2053;106;295;-189
3520;Mannen en Vrouwen;80 jaar;2054;102;297;-195
3521;Mannen en Vrouwen;80 jaar;2055;99;288;-189
3522;Mannen en Vrouwen;80 jaar;2056;99;285;-186
3523;Mannen en Vrouwen;80 jaar;2057;99;294;-195
3524;Mannen en Vrouwen;80 jaar;2058;101;297;-196
3525;Mannen en Vrouwen;80 jaar;2059;101;301;-200
3526;Mannen en Vrouwen;81 jaar;2017;78;62;16
3527;Mannen en Vrouwen;81 jaar;2018;73;69;4
3528;Mannen en Vrouwen;81 jaar;2019;73;75;-2
3529;Mannen en Vrouwen;81 jaar;2020;72;78;-6
3530;Mannen en Vrouwen;81 jaar;2021;73;91;-18
3531;Mannen en Vrouwen;81 jaar;2022;74;83;-9
3532;Mannen en Vrouwen;81 jaar;2023;76;90;-14
3533;Mannen en Vrouwen;81 jaar;2024;83;90;-7
3534;Mannen en Vrouwen;81 jaar;2025;86;96;-10
3535;Mannen en Vrouwen;81 jaar;2026;83;101;-18
3536;Mannen en Vrouwen;81 jaar;2027;106;113;-7
3537;Mannen en Vrouwen;81 jaar;2028;103;118;-15
3538;Mannen en Vrouwen;81 jaar;2029;99;122;-23
3539;Mannen en Vrouwen;81 jaar;2030;95;121;-26
3540;Mannen en Vrouwen;81 jaar;2031;93;131;-38
3541;Mannen en Vrouwen;81 jaar;2032;94;123;-29
3542;Mannen en Vrouwen;81 jaar;2033;96;134;-38
3543;Mannen en Vrouwen;81 jaar;2034;96;137;-41
3544;Mannen en Vrouwen;81 jaar;2035;97;145;-48
3545;Mannen en Vrouwen;81 jaar;2036;99;151;-52
3546;Mannen en Vrouwen;81 jaar;2037;99;160;-61
3547;Mannen en Vrouwen;81 jaar;2038;101;162;-61
3548;Mannen en Vrouwen;81 jaar;2039;103;172;-69
3549;Mannen en Vrouwen;81 jaar;2040;104;181;-77
3550;Mannen en Vrouwen;81 jaar;2041;103;201;-98
3551;Mannen en Vrouwen;81 jaar;2042;106;199;-93
3552;Mannen en Vrouwen;81 jaar;2043;106;213;-107
3553;Mannen en Vrouwen;81 jaar;2044;109;220;-111
3554;Mannen en Vrouwen;81 jaar;2045;108;235;-127
3555;Mannen en Vrouwen;81 jaar;2046;108;238;-130
3556;Mannen en Vrouwen;81 jaar;2047;106;243;-137
3557;Mannen en Vrouwen;81 jaar;2048;106;237;-131
3558;Mannen en Vrouwen;81 jaar;2049;106;254;-148
3559;Mannen en Vrouwen;81 jaar;2050;110;267;-157
3560;Mannen en Vrouwen;81 jaar;2051;108;277;-169
3561;Mannen en Vrouwen;81 jaar;2052;104;276;-172
3562;Mannen en Vrouwen;81 jaar;2053;100;276;-176
3563;Mannen en Vrouwen;81 jaar;2054;94;274;-180
3564;Mannen en Vrouwen;81 jaar;2055;93;275;-182
3565;Mannen en Vrouwen;81 jaar;2056;90;268;-178
3566;Mannen en Vrouwen;81 jaar;2057;88;265;-177
3567;Mannen en Vrouwen;81 jaar;2058;87;274;-187
3568;Mannen en Vrouwen;81 jaar;2059;87;277;-190
3569;Mannen en Vrouwen;82 jaar;2017;70;52;18
3570;Mannen en Vrouwen;82 jaar;2018;64;56;8
3571;Mannen en Vrouwen;82 jaar;2019;61;63;-2
3572;Mannen en Vrouwen;82 jaar;2020;64;69;-5
3573;Mannen en Vrouwen;82 jaar;2021;64;71;-7
3574;Mannen en Vrouwen;82 jaar;2022;67;83;-16
3575;Mannen en Vrouwen;82 jaar;2023;68;75;-7
3576;Mannen en Vrouwen;82 jaar;2024;71;83;-12
3577;Mannen en Vrouwen;82 jaar;2025;76;82;-6
3578;Mannen en Vrouwen;82 jaar;2026;78;89;-11
3579;Mannen en Vrouwen;82 jaar;2027;75;93;-18
3580;Mannen en Vrouwen;82 jaar;2028;97;104;-7
3581;Mannen en Vrouwen;82 jaar;2029;93;108;-15
3582;Mannen en Vrouwen;82 jaar;2030;89;111;-22
3583;Mannen en Vrouwen;82 jaar;2031;87;111;-24
3584;Mannen en Vrouwen;82 jaar;2032;85;121;-36
3585;Mannen en Vrouwen;82 jaar;2033;85;113;-28
3586;Mannen en Vrouwen;82 jaar;2034;87;125;-38
3587;Mannen en Vrouwen;82 jaar;2035;87;127;-40
3588;Mannen en Vrouwen;82 jaar;2036;88;135;-47
3589;Mannen en Vrouwen;82 jaar;2037;89;143;-54
3590;Mannen en Vrouwen;82 jaar;2038;91;151;-60
3591;Mannen en Vrouwen;82 jaar;2039;92;154;-62
3592;Mannen en Vrouwen;82 jaar;2040;93;165;-72
3593;Mannen en Vrouwen;82 jaar;2041;95;172;-77
3594;Mannen en Vrouwen;82 jaar;2042;94;193;-99
3595;Mannen en Vrouwen;82 jaar;2043;97;189;-92
3596;Mannen en Vrouwen;82 jaar;2044;97;205;-108
3597;Mannen en Vrouwen;82 jaar;2045;99;213;-114
3598;Mannen en Vrouwen;82 jaar;2046;100;229;-129
3599;Mannen en Vrouwen;82 jaar;2047;99;231;-132
3600;Mannen en Vrouwen;82 jaar;2048;97;235;-138
3601;Mannen en Vrouwen;82 jaar;2049;98;231;-133
3602;Mannen en Vrouwen;82 jaar;2050;97;251;-154
3603;Mannen en Vrouwen;82 jaar;2051;101;261;-160
3604;Mannen en Vrouwen;82 jaar;2052;100;272;-172
3605;Mannen en Vrouwen;82 jaar;2053;96;272;-176
3606;Mannen en Vrouwen;82 jaar;2054;92;273;-181
3607;Mannen en Vrouwen;82 jaar;2055;85;270;-185
3608;Mannen en Vrouwen;82 jaar;2056;84;274;-190
3609;Mannen en Vrouwen;82 jaar;2057;81;266;-185
3610;Mannen en Vrouwen;82 jaar;2058;82;263;-181
3611;Mannen en Vrouwen;82 jaar;2059;80;272;-192
3612;Mannen en Vrouwen;83 jaar;2017;58;42;16
3613;Mannen en Vrouwen;83 jaar;2018;55;45;10
3614;Mannen en Vrouwen;83 jaar;2019;52;50;2
3615;Mannen en Vrouwen;83 jaar;2020;53;55;-2
3616;Mannen en Vrouwen;83 jaar;2021;55;61;-6
3617;Mannen en Vrouwen;83 jaar;2022;56;62;-6
3618;Mannen en Vrouwen;83 jaar;2023;58;74;-16
3619;Mannen en Vrouwen;83 jaar;2024;59;66;-7
3620;Mannen en Vrouwen;83 jaar;2025;60;73;-13
3621;Mannen en Vrouwen;83 jaar;2026;65;72;-7
3622;Mannen en Vrouwen;83 jaar;2027;68;79;-11
3623;Mannen en Vrouwen;83 jaar;2028;65;81;-16
3624;Mannen en Vrouwen;83 jaar;2029;83;90;-7
3625;Mannen en Vrouwen;83 jaar;2030;81;93;-12
3626;Mannen en Vrouwen;83 jaar;2031;78;98;-20
3627;Mannen en Vrouwen;83 jaar;2032;75;97;-22
3628;Mannen en Vrouwen;83 jaar;2033;75;108;-33
3629;Mannen en Vrouwen;83 jaar;2034;75;102;-27
3630;Mannen en Vrouwen;83 jaar;2035;77;112;-35
3631;Mannen en Vrouwen;83 jaar;2036;77;114;-37
3632;Mannen en Vrouwen;83 jaar;2037;76;123;-47
3633;Mannen en Vrouwen;83 jaar;2038;77;128;-51
3634;Mannen en Vrouwen;83 jaar;2039;78;136;-58
3635;Mannen en Vrouwen;83 jaar;2040;78;141;-63
3636;Mannen en Vrouwen;83 jaar;2041;81;149;-68
3637;Mannen en Vrouwen;83 jaar;2042;83;156;-73
3638;Mannen en Vrouwen;83 jaar;2043;83;177;-94
3639;Mannen en Vrouwen;83 jaar;2044;85;173;-88
3640;Mannen en Vrouwen;83 jaar;2045;84;188;-104
3641;Mannen en Vrouwen;83 jaar;2046;87;196;-109
3642;Mannen en Vrouwen;83 jaar;2047;89;211;-122
3643;Mannen en Vrouwen;83 jaar;2048;88;214;-126
3644;Mannen en Vrouwen;83 jaar;2049;88;219;-131
3645;Mannen en Vrouwen;83 jaar;2050;88;214;-126
3646;Mannen en Vrouwen;83 jaar;2051;88;234;-146
3647;Mannen en Vrouwen;83 jaar;2052;91;244;-153
3648;Mannen en Vrouwen;83 jaar;2053;89;255;-166
3649;Mannen en Vrouwen;83 jaar;2054;85;254;-169
3650;Mannen en Vrouwen;83 jaar;2055;81;256;-175
3651;Mannen en Vrouwen;83 jaar;2056;76;255;-179
3652;Mannen en Vrouwen;83 jaar;2057;73;260;-187
3653;Mannen en Vrouwen;83 jaar;2058;71;251;-180
3654;Mannen en Vrouwen;83 jaar;2059;71;248;-177
3655;Mannen en Vrouwen;84 jaar;2017;47;35;12
3656;Mannen en Vrouwen;84 jaar;2018;45;38;7
3657;Mannen en Vrouwen;84 jaar;2019;43;41;2
3658;Mannen en Vrouwen;84 jaar;2020;43;45;-2
3659;Mannen en Vrouwen;84 jaar;2021;44;50;-6
3660;Mannen en Vrouwen;84 jaar;2022;47;55;-8
3661;Mannen en Vrouwen;84 jaar;2023;49;57;-8
3662;Mannen en Vrouwen;84 jaar;2024;50;66;-16
3663;Mannen en Vrouwen;84 jaar;2025;50;59;-9
3664;Mannen en Vrouwen;84 jaar;2026;53;67;-14
3665;Mannen en Vrouwen;84 jaar;2027;57;65;-8
3666;Mannen en Vrouwen;84 jaar;2028;60;71;-11
3667;Mannen en Vrouwen;84 jaar;2029;57;75;-18
3668;Mannen en Vrouwen;84 jaar;2030;74;84;-10
3669;Mannen en Vrouwen;84 jaar;2031;72;87;-15
3670;Mannen en Vrouwen;84 jaar;2032;69;90;-21
3671;Mannen en Vrouwen;84 jaar;2033;67;90;-23
3672;Mannen en Vrouwen;84 jaar;2034;66;100;-34
3673;Mannen en Vrouwen;84 jaar;2035;66;95;-29
3674;Mannen en Vrouwen;84 jaar;2036;67;105;-38
3675;Mannen en Vrouwen;84 jaar;2037;67;106;-39
3676;Mannen en Vrouwen;84 jaar;2038;67;114;-47
3677;Mannen en Vrouwen;84 jaar;2039;67;121;-54
3678;Mannen en Vrouwen;84 jaar;2040;69;129;-60
3679;Mannen en Vrouwen;84 jaar;2041;70;133;-63
3680;Mannen en Vrouwen;84 jaar;2042;71;140;-69
3681;Mannen en Vrouwen;84 jaar;2043;72;148;-76
3682;Mannen en Vrouwen;84 jaar;2044;72;167;-95
3683;Mannen en Vrouwen;84 jaar;2045;76;164;-88
3684;Mannen en Vrouwen;84 jaar;2046;76;179;-103
3685;Mannen en Vrouwen;84 jaar;2047;78;187;-109
3686;Mannen en Vrouwen;84 jaar;2048;78;201;-123
3687;Mannen en Vrouwen;84 jaar;2049;78;204;-126
3688;Mannen en Vrouwen;84 jaar;2050;77;208;-131
3689;Mannen en Vrouwen;84 jaar;2051;78;205;-127
3690;Mannen en Vrouwen;84 jaar;2052;78;224;-146
3691;Mannen en Vrouwen;84 jaar;2053;81;232;-151
3692;Mannen en Vrouwen;84 jaar;2054;78;244;-166
3693;Mannen en Vrouwen;84 jaar;2055;76;243;-167
3694;Mannen en Vrouwen;84 jaar;2056;73;246;-173
3695;Mannen en Vrouwen;84 jaar;2057;68;243;-175
3696;Mannen en Vrouwen;84 jaar;2058;65;249;-184
3697;Mannen en Vrouwen;84 jaar;2059;62;240;-178
3698;Mannen en Vrouwen;85 jaar;2017;45;32;13
3699;Mannen en Vrouwen;85 jaar;2018;40;34;6
3700;Mannen en Vrouwen;85 jaar;2019;39;35;4
3701;Mannen en Vrouwen;85 jaar;2020;39;39;0
3702;Mannen en Vrouwen;85 jaar;2021;40;42;-2
3703;Mannen en Vrouwen;85 jaar;2022;41;46;-5
3704;Mannen en Vrouwen;85 jaar;2023;44;51;-7
3705;Mannen en Vrouwen;85 jaar;2024;45;53;-8
3706;Mannen en Vrouwen;85 jaar;2025;47;60;-13
3707;Mannen en Vrouwen;85 jaar;2026;46;55;-9
3708;Mannen en Vrouwen;85 jaar;2027;48;60;-12
3709;Mannen en Vrouwen;85 jaar;2028;52;61;-9
3710;Mannen en Vrouwen;85 jaar;2029;54;66;-12
3711;Mannen en Vrouwen;85 jaar;2030;52;69;-17
3712;Mannen en Vrouwen;85 jaar;2031;67;78;-11
3713;Mannen en Vrouwen;85 jaar;2032;65;80;-15
3714;Mannen en Vrouwen;85 jaar;2033;62;85;-23
3715;Mannen en Vrouwen;85 jaar;2034;61;84;-23
3716;Mannen en Vrouwen;85 jaar;2035;59;92;-33
3717;Mannen en Vrouwen;85 jaar;2036;60;88;-28
3718;Mannen en Vrouwen;85 jaar;2037;61;97;-36
3719;Mannen en Vrouwen;85 jaar;2038;61;99;-38
3720;Mannen en Vrouwen;85 jaar;2039;63;107;-44
3721;Mannen en Vrouwen;85 jaar;2040;63;113;-50
3722;Mannen en Vrouwen;85 jaar;2041;64;121;-57
3723;Mannen en Vrouwen;85 jaar;2042;66;124;-58
3724;Mannen en Vrouwen;85 jaar;2043;66;132;-66
3725;Mannen en Vrouwen;85 jaar;2044;68;140;-72
3726;Mannen en Vrouwen;85 jaar;2045;67;158;-91
3727;Mannen en Vrouwen;85 jaar;2046;70;155;-85
3728;Mannen en Vrouwen;85 jaar;2047;71;169;-98
3729;Mannen en Vrouwen;85 jaar;2048;72;177;-105
3730;Mannen en Vrouwen;85 jaar;2049;72;191;-119
3731;Mannen en Vrouwen;85 jaar;2050;72;194;-122
3732;Mannen en Vrouwen;85 jaar;2051;71;198;-127
3733;Mannen en Vrouwen;85 jaar;2052;71;196;-125
3734;Mannen en Vrouwen;85 jaar;2053;71;213;-142
3735;Mannen en Vrouwen;85 jaar;2054;75;222;-147
3736;Mannen en Vrouwen;85 jaar;2055;73;234;-161
3737;Mannen en Vrouwen;85 jaar;2056;71;233;-162
3738;Mannen en Vrouwen;85 jaar;2057;68;235;-167
3739;Mannen en Vrouwen;85 jaar;2058;63;233;-170
3740;Mannen en Vrouwen;85 jaar;2059;60;238;-178
3741;Mannen en Vrouwen;86 jaar;2017;35;24;11
3742;Mannen en Vrouwen;86 jaar;2018;32;27;5
3743;Mannen en Vrouwen;86 jaar;2019;31;29;2
3744;Mannen en Vrouwen;86 jaar;2020;33;31;2
3745;Mannen en Vrouwen;86 jaar;2021;33;34;-1
3746;Mannen en Vrouwen;86 jaar;2022;34;36;-2
3747;Mannen en Vrouwen;86 jaar;2023;35;40;-5
3748;Mannen en Vrouwen;86 jaar;2024;37;44;-7
3749;Mannen en Vrouwen;86 jaar;2025;38;46;-8
3750;Mannen en Vrouwen;86 jaar;2026;38;52;-14
3751;Mannen en Vrouwen;86 jaar;2027;39;47;-8
3752;Mannen en Vrouwen;86 jaar;2028;40;53;-13
3753;Mannen en Vrouwen;86 jaar;2029;43;54;-11
3754;Mannen en Vrouwen;86 jaar;2030;45;59;-14
3755;Mannen en Vrouwen;86 jaar;2031;43;62;-19
3756;Mannen en Vrouwen;86 jaar;2032;57;70;-13
3757;Mannen en Vrouwen;86 jaar;2033;55;72;-17
3758;Mannen en Vrouwen;86 jaar;2034;54;75;-21
3759;Mannen en Vrouwen;86 jaar;2035;52;75;-23
3760;Mannen en Vrouwen;86 jaar;2036;52;84;-32
3761;Mannen en Vrouwen;86 jaar;2037;52;81;-29
3762;Mannen en Vrouwen;86 jaar;2038;53;90;-37
3763;Mannen en Vrouwen;86 jaar;2039;54;91;-37
3764;Mannen en Vrouwen;86 jaar;2040;54;99;-45
3765;Mannen en Vrouwen;86 jaar;2041;54;105;-51
3766;Mannen en Vrouwen;86 jaar;2042;54;112;-58
3767;Mannen en Vrouwen;86 jaar;2043;56;115;-59
3768;Mannen en Vrouwen;86 jaar;2044;56;123;-67
3769;Mannen en Vrouwen;86 jaar;2045;58;131;-73
3770;Mannen en Vrouwen;86 jaar;2046;58;148;-90
3771;Mannen en Vrouwen;86 jaar;2047;60;144;-84
3772;Mannen en Vrouwen;86 jaar;2048;62;158;-96
3773;Mannen en Vrouwen;86 jaar;2049;63;165;-102
3774;Mannen en Vrouwen;86 jaar;2050;63;178;-115
3775;Mannen en Vrouwen;86 jaar;2051;63;180;-117
3776;Mannen en Vrouwen;86 jaar;2052;62;184;-122
3777;Mannen en Vrouwen;86 jaar;2053;62;183;-121
3778;Mannen en Vrouwen;86 jaar;2054;63;200;-137
3779;Mannen en Vrouwen;86 jaar;2055;65;208;-143
3780;Mannen en Vrouwen;86 jaar;2056;65;218;-153
3781;Mannen en Vrouwen;86 jaar;2057;62;216;-154
3782;Mannen en Vrouwen;86 jaar;2058;60;220;-160
3783;Mannen en Vrouwen;86 jaar;2059;55;218;-163
3784;Mannen en Vrouwen;87 jaar;2017;28;22;6
3785;Mannen en Vrouwen;87 jaar;2018;28;21;7
3786;Mannen en Vrouwen;87 jaar;2019;27;24;3
3787;Mannen en Vrouwen;87 jaar;2020;25;26;-1
3788;Mannen en Vrouwen;87 jaar;2021;26;27;-1
3789;Mannen en Vrouwen;87 jaar;2022;27;29;-2
3790;Mannen en Vrouwen;87 jaar;2023;30;32;-2
3791;Mannen en Vrouwen;87 jaar;2024;30;35;-5
3792;Mannen en Vrouwen;87 jaar;2025;33;38;-5
3793;Mannen en Vrouwen;87 jaar;2026;34;39;-5
3794;Mannen en Vrouwen;87 jaar;2027;34;44;-10
3795;Mannen en Vrouwen;87 jaar;2028;34;42;-8
3796;Mannen en Vrouwen;87 jaar;2029;35;45;-10
3797;Mannen en Vrouwen;87 jaar;2030;38;46;-8
3798;Mannen en Vrouwen;87 jaar;2031;40;52;-12
3799;Mannen en Vrouwen;87 jaar;2032;38;54;-16
3800;Mannen en Vrouwen;87 jaar;2033;49;61;-12
3801;Mannen en Vrouwen;87 jaar;2034;49;62;-13
3802;Mannen en Vrouwen;87 jaar;2035;46;66;-20
3803;Mannen en Vrouwen;87 jaar;2036;46;66;-20
3804;Mannen en Vrouwen;87 jaar;2037;46;74;-28
3805;Mannen en Vrouwen;87 jaar;2038;46;72;-26
3806;Mannen en Vrouwen;87 jaar;2039;47;79;-32
3807;Mannen en Vrouwen;87 jaar;2040;46;81;-35
3808;Mannen en Vrouwen;87 jaar;2041;46;89;-43
3809;Mannen en Vrouwen;87 jaar;2042;47;94;-47
3810;Mannen en Vrouwen;87 jaar;2043;47;101;-54
3811;Mannen en Vrouwen;87 jaar;2044;49;104;-55
3812;Mannen en Vrouwen;87 jaar;2045;50;112;-62
3813;Mannen en Vrouwen;87 jaar;2046;50;118;-68
3814;Mannen en Vrouwen;87 jaar;2047;51;135;-84
3815;Mannen en Vrouwen;87 jaar;2048;53;131;-78
3816;Mannen en Vrouwen;87 jaar;2049;53;144;-91
3817;Mannen en Vrouwen;87 jaar;2050;55;151;-96
3818;Mannen en Vrouwen;87 jaar;2051;57;162;-105
3819;Mannen en Vrouwen;87 jaar;2052;56;165;-109
3820;Mannen en Vrouwen;87 jaar;2053;56;168;-112
3821;Mannen en Vrouwen;87 jaar;2054;56;167;-111
3822;Mannen en Vrouwen;87 jaar;2055;56;184;-128
3823;Mannen en Vrouwen;87 jaar;2056;59;190;-131
3824;Mannen en Vrouwen;87 jaar;2057;57;202;-145
3825;Mannen en Vrouwen;87 jaar;2058;56;200;-144
3826;Mannen en Vrouwen;87 jaar;2059;53;203;-150
3827;Mannen en Vrouwen;88 jaar;2017;14;18;-4
3828;Mannen en Vrouwen;88 jaar;2018;14;20;-6
3829;Mannen en Vrouwen;88 jaar;2019;13;20;-7
3830;Mannen en Vrouwen;88 jaar;2020;13;22;-9
3831;Mannen en Vrouwen;88 jaar;2021;13;24;-11
3832;Mannen en Vrouwen;88 jaar;2022;13;25;-12
3833;Mannen en Vrouwen;88 jaar;2023;14;26;-12
3834;Mannen en Vrouwen;88 jaar;2024;15;28;-13
3835;Mannen en Vrouwen;88 jaar;2025;15;31;-16
3836;Mannen en Vrouwen;88 jaar;2026;16;34;-18
3837;Mannen en Vrouwen;88 jaar;2027;16;35;-19
3838;Mannen en Vrouwen;88 jaar;2028;16;39;-23
3839;Mannen en Vrouwen;88 jaar;2029;16;37;-21
3840;Mannen en Vrouwen;88 jaar;2030;16;40;-24
3841;Mannen en Vrouwen;88 jaar;2031;18;42;-24
3842;Mannen en Vrouwen;88 jaar;2032;19;46;-27
3843;Mannen en Vrouwen;88 jaar;2033;18;48;-30
3844;Mannen en Vrouwen;88 jaar;2034;23;55;-32
3845;Mannen en Vrouwen;88 jaar;2035;22;56;-34
3846;Mannen en Vrouwen;88 jaar;2036;22;59;-37
3847;Mannen en Vrouwen;88 jaar;2037;21;59;-38
3848;Mannen en Vrouwen;88 jaar;2038;21;66;-45
3849;Mannen en Vrouwen;88 jaar;2039;21;64;-43
3850;Mannen en Vrouwen;88 jaar;2040;22;70;-48
3851;Mannen en Vrouwen;88 jaar;2041;22;72;-50
3852;Mannen en Vrouwen;88 jaar;2042;22;79;-57
3853;Mannen en Vrouwen;88 jaar;2043;22;83;-61
3854;Mannen en Vrouwen;88 jaar;2044;23;89;-66
3855;Mannen en Vrouwen;88 jaar;2045;24;92;-68
3856;Mannen en Vrouwen;88 jaar;2046;24;99;-75
3857;Mannen en Vrouwen;88 jaar;2047;24;105;-81
3858;Mannen en Vrouwen;88 jaar;2048;24;118;-94
3859;Mannen en Vrouwen;88 jaar;2049;26;118;-92
3860;Mannen en Vrouwen;88 jaar;2050;26;128;-102
3861;Mannen en Vrouwen;88 jaar;2051;26;134;-108
3862;Mannen en Vrouwen;88 jaar;2052;27;144;-117
3863;Mannen en Vrouwen;88 jaar;2053;26;148;-122
3864;Mannen en Vrouwen;88 jaar;2054;26;151;-125
3865;Mannen en Vrouwen;88 jaar;2055;26;149;-123
3866;Mannen en Vrouwen;88 jaar;2056;27;163;-136
3867;Mannen en Vrouwen;88 jaar;2057;27;171;-144
3868;Mannen en Vrouwen;88 jaar;2058;27;179;-152
3869;Mannen en Vrouwen;88 jaar;2059;26;179;-153
3870;Mannen en Vrouwen;89 jaar;2017;7;15;-8
3871;Mannen en Vrouwen;89 jaar;2018;7;15;-8
3872;Mannen en Vrouwen;89 jaar;2019;7;17;-10
3873;Mannen en Vrouwen;89 jaar;2020;7;16;-9
3874;Mannen en Vrouwen;89 jaar;2021;7;18;-11
3875;Mannen en Vrouwen;89 jaar;2022;7;20;-13
3876;Mannen en Vrouwen;89 jaar;2023;7;21;-14
3877;Mannen en Vrouwen;89 jaar;2024;7;23;-16
3878;Mannen en Vrouwen;89 jaar;2025;7;24;-17
3879;Mannen en Vrouwen;89 jaar;2026;7;27;-20
3880;Mannen en Vrouwen;89 jaar;2027;7;28;-21
3881;Mannen en Vrouwen;89 jaar;2028;7;31;-24
3882;Mannen en Vrouwen;89 jaar;2029;7;33;-26
3883;Mannen en Vrouwen;89 jaar;2030;8;32;-24
3884;Mannen en Vrouwen;89 jaar;2031;8;34;-26
3885;Mannen en Vrouwen;89 jaar;2032;8;36;-28
3886;Mannen en Vrouwen;89 jaar;2033;8;39;-31
3887;Mannen en Vrouwen;89 jaar;2034;8;42;-34
3888;Mannen en Vrouwen;89 jaar;2035;10;48;-38
3889;Mannen en Vrouwen;89 jaar;2036;10;49;-39
3890;Mannen en Vrouwen;89 jaar;2037;10;50;-40
3891;Mannen en Vrouwen;89 jaar;2038;10;51;-41
3892;Mannen en Vrouwen;89 jaar;2039;10;58;-48
3893;Mannen en Vrouwen;89 jaar;2040;10;55;-45
3894;Mannen en Vrouwen;89 jaar;2041;10;61;-51
3895;Mannen en Vrouwen;89 jaar;2042;10;62;-52
3896;Mannen en Vrouwen;89 jaar;2043;10;69;-59
3897;Mannen en Vrouwen;89 jaar;2044;10;73;-63
3898;Mannen en Vrouwen;89 jaar;2045;11;78;-67
3899;Mannen en Vrouwen;89 jaar;2046;11;80;-69
3900;Mannen en Vrouwen;89 jaar;2047;11;86;-75
3901;Mannen en Vrouwen;89 jaar;2048;11;91;-80
3902;Mannen en Vrouwen;89 jaar;2049;11;105;-94
3903;Mannen en Vrouwen;89 jaar;2050;12;104;-92
3904;Mannen en Vrouwen;89 jaar;2051;12;113;-101
3905;Mannen en Vrouwen;89 jaar;2052;13;118;-105
3906;Mannen en Vrouwen;89 jaar;2053;13;129;-116
3907;Mannen en Vrouwen;89 jaar;2054;13;132;-119
3908;Mannen en Vrouwen;89 jaar;2055;13;134;-121
3909;Mannen en Vrouwen;89 jaar;2056;13;132;-119
3910;Mannen en Vrouwen;89 jaar;2057;13;145;-132
3911;Mannen en Vrouwen;89 jaar;2058;13;152;-139
3912;Mannen en Vrouwen;89 jaar;2059;13;159;-146
3913;Mannen en Vrouwen;90 jaar;2017;5;11;-6
3914;Mannen en Vrouwen;90 jaar;2018;5;12;-7
3915;Mannen en Vrouwen;90 jaar;2019;5;12;-7
3916;Mannen en Vrouwen;90 jaar;2020;5;14;-9
3917;Mannen en Vrouwen;90 jaar;2021;5;14;-9
3918;Mannen en Vrouwen;90 jaar;2022;5;15;-10
3919;Mannen en Vrouwen;90 jaar;2023;5;16;-11
3920;Mannen en Vrouwen;90 jaar;2024;5;17;-12
3921;Mannen en Vrouwen;90 jaar;2025;5;18;-13
3922;Mannen en Vrouwen;90 jaar;2026;5;19;-14
3923;Mannen en Vrouwen;90 jaar;2027;5;21;-16
3924;Mannen en Vrouwen;90 jaar;2028;5;23;-18
3925;Mannen en Vrouwen;90 jaar;2029;5;23;-18
3926;Mannen en Vrouwen;90 jaar;2030;5;25;-20
3927;Mannen en Vrouwen;90 jaar;2031;5;25;-20
3928;Mannen en Vrouwen;90 jaar;2032;5;28;-23
3929;Mannen en Vrouwen;90 jaar;2033;5;29;-24
3930;Mannen en Vrouwen;90 jaar;2034;5;32;-27
3931;Mannen en Vrouwen;90 jaar;2035;5;33;-28
3932;Mannen en Vrouwen;90 jaar;2036;6;39;-33
3933;Mannen en Vrouwen;90 jaar;2037;6;41;-35
3934;Mannen en Vrouwen;90 jaar;2038;6;42;-36
3935;Mannen en Vrouwen;90 jaar;2039;6;43;-37
3936;Mannen en Vrouwen;90 jaar;2040;6;47;-41
3937;Mannen en Vrouwen;90 jaar;2041;6;46;-40
3938;Mannen en Vrouwen;90 jaar;2042;6;50;-44
3939;Mannen en Vrouwen;90 jaar;2043;6;53;-47
3940;Mannen en Vrouwen;90 jaar;2044;6;57;-51
3941;Mannen en Vrouwen;90 jaar;2045;6;61;-55
3942;Mannen en Vrouwen;90 jaar;2046;6;65;-59
3943;Mannen en Vrouwen;90 jaar;2047;6;67;-61
3944;Mannen en Vrouwen;90 jaar;2048;6;72;-66
3945;Mannen en Vrouwen;90 jaar;2049;7;76;-69
3946;Mannen en Vrouwen;90 jaar;2050;7;84;-77
3947;Mannen en Vrouwen;90 jaar;2051;7;85;-78
3948;Mannen en Vrouwen;90 jaar;2052;7;91;-84
3949;Mannen en Vrouwen;90 jaar;2053;7;95;-88
3950;Mannen en Vrouwen;90 jaar;2054;7;102;-95
3951;Mannen en Vrouwen;90 jaar;2055;7;105;-98
3952;Mannen en Vrouwen;90 jaar;2056;7;106;-99
3953;Mannen en Vrouwen;90 jaar;2057;7;108;-101
3954;Mannen en Vrouwen;90 jaar;2058;7;115;-108
3955;Mannen en Vrouwen;90 jaar;2059;8;120;-112
3956;Mannen en Vrouwen;91 jaar;2017;0;0;0
3957;Mannen en Vrouwen;91 jaar;2018;0;0;0
3958;Mannen en Vrouwen;91 jaar;2019;0;0;0
3959;Mannen en Vrouwen;91 jaar;2020;0;0;0
3960;Mannen en Vrouwen;91 jaar;2021;0;0;0
3961;Mannen en Vrouwen;91 jaar;2022;0;0;0
3962;Mannen en Vrouwen;91 jaar;2023;0;0;0
3963;Mannen en Vrouwen;91 jaar;2024;0;0;0
3964;Mannen en Vrouwen;91 jaar;2025;0;0;0
3965;Mannen en Vrouwen;91 jaar;2026;0;0;0
3966;Mannen en Vrouwen;91 jaar;2027;0;0;0
3967;Mannen en Vrouwen;91 jaar;2028;0;0;0
3968;Mannen en Vrouwen;91 jaar;2029;0;0;0
3969;Mannen en Vrouwen;91 jaar;2030;0;0;0
3970;Mannen en Vrouwen;91 jaar;2031;0;0;0
3971;Mannen en Vrouwen;91 jaar;2032;0;0;0
3972;Mannen en Vrouwen;91 jaar;2033;0;0;0
3973;Mannen en Vrouwen;91 jaar;2034;0;0;0
3974;Mannen en Vrouwen;91 jaar;2035;0;0;0
3975;Mannen en Vrouwen;91 jaar;2036;0;0;0
3976;Mannen en Vrouwen;91 jaar;2037;0;0;0
3977;Mannen en Vrouwen;91 jaar;2038;0;0;0
3978;Mannen en Vrouwen;91 jaar;2039;0;0;0
3979;Mannen en Vrouwen;91 jaar;2040;0;0;0
3980;Mannen en Vrouwen;91 jaar;2041;0;0;0
3981;Mannen en Vrouwen;91 jaar;2042;0;0;0
3982;Mannen en Vrouwen;91 jaar;2043;0;0;0
3983;Mannen en Vrouwen;91 jaar;2044;0;0;0
3984;Mannen en Vrouwen;91 jaar;2045;0;0;0
3985;Mannen en Vrouwen;91 jaar;2046;0;0;0
3986;Mannen en Vrouwen;91 jaar;2047;0;0;0
3987;Mannen en Vrouwen;91 jaar;2048;0;0;0
3988;Mannen en Vrouwen;91 jaar;2049;0;0;0
3989;Mannen en Vrouwen;91 jaar;2050;0;0;0
3990;Mannen en Vrouwen;91 jaar;2051;0;0;0
3991;Mannen en Vrouwen;91 jaar;2052;0;0;0
3992;Mannen en Vrouwen;91 jaar;2053;0;0;0
3993;Mannen en Vrouwen;91 jaar;2054;0;0;0
3994;Mannen en Vrouwen;91 jaar;2055;0;0;0
3995;Mannen en Vrouwen;91 jaar;2056;0;0;0
3996;Mannen en Vrouwen;91 jaar;2057;0;0;0
3997;Mannen en Vrouwen;91 jaar;2058;0;0;0
3998;Mannen en Vrouwen;91 jaar;2059;0;0;0
3999;Mannen en Vrouwen;92 jaar;2017;0;0;0
4000;Mannen en Vrouwen;92 jaar;2018;0;0;0
4001;Mannen en Vrouwen;92 jaar;2019;0;0;0
4002;Mannen en Vrouwen;92 jaar;2020;0;0;0
4003;Mannen en Vrouwen;92 jaar;2021;0;0;0
4004;Mannen en Vrouwen;92 jaar;2022;0;0;0
4005;Mannen en Vrouwen;92 jaar;2023;0;0;0
4006;Mannen en Vrouwen;92 jaar;2024;0;0;0
4007;Mannen en Vrouwen;92 jaar;2025;0;0;0
4008;Mannen en Vrouwen;92 jaar;2026;0;0;0
4009;Mannen en Vrouwen;92 jaar;2027;0;0;0
4010;Mannen en Vrouwen;92 jaar;2028;0;0;0
4011;Mannen en Vrouwen;92 jaar;2029;0;0;0
4012;Mannen en Vrouwen;92 jaar;2030;0;0;0
4013;Mannen en Vrouwen;92 jaar;2031;0;0;0
4014;Mannen en Vrouwen;92 jaar;2032;0;0;0
4015;Mannen en Vrouwen;92 jaar;2033;0;0;0
4016;Mannen en Vrouwen;92 jaar;2034;0;0;0
4017;Mannen en Vrouwen;92 jaar;2035;0;0;0
4018;Mannen en Vrouwen;92 jaar;2036;0;0;0
4019;Mannen en Vrouwen;92 jaar;2037;0;0;0
4020;Mannen en Vrouwen;92 jaar;2038;0;0;0
4021;Mannen en Vrouwen;92 jaar;2039;0;0;0
4022;Mannen en Vrouwen;92 jaar;2040;0;0;0
4023;Mannen en Vrouwen;92 jaar;2041;0;0;0
4024;Mannen en Vrouwen;92 jaar;2042;0;0;0
4025;Mannen en Vrouwen;92 jaar;2043;0;0;0
4026;Mannen en Vrouwen;92 jaar;2044;0;0;0
4027;Mannen en Vrouwen;92 jaar;2045;0;0;0
4028;Mannen en Vrouwen;92 jaar;2046;0;0;0
4029;Mannen en Vrouwen;92 jaar;2047;0;0;0
4030;Mannen en Vrouwen;92 jaar;2048;0;0;0
4031;Mannen en Vrouwen;92 jaar;2049;0;0;0
4032;Mannen en Vrouwen;92 jaar;2050;0;0;0
4033;Mannen en Vrouwen;92 jaar;2051;0;0;0
4034;Mannen en Vrouwen;92 jaar;2052;0;0;0
4035;Mannen en Vrouwen;92 jaar;2053;0;0;0
4036;Mannen en Vrouwen;92 jaar;2054;0;0;0
4037;Mannen en Vrouwen;92 jaar;2055;0;0;0
4038;Mannen en Vrouwen;92 jaar;2056;0;0;0
4039;Mannen en Vrouwen;92 jaar;2057;0;0;0
4040;Mannen en Vrouwen;92 jaar;2058;0;0;0
4041;Mannen en Vrouwen;92 jaar;2059;0;0;0
4042;Mannen en Vrouwen;93 jaar;2017;0;0;0
4043;Mannen en Vrouwen;93 jaar;2018;0;0;0
4044;Mannen en Vrouwen;93 jaar;2019;0;0;0
4045;Mannen en Vrouwen;93 jaar;2020;0;0;0
4046;Mannen en Vrouwen;93 jaar;2021;0;0;0
4047;Mannen en Vrouwen;93 jaar;2022;0;0;0
4048;Mannen en Vrouwen;93 jaar;2023;0;0;0
4049;Mannen en Vrouwen;93 jaar;2024;0;0;0
4050;Mannen en Vrouwen;93 jaar;2025;0;0;0
4051;Mannen en Vrouwen;93 jaar;2026;0;0;0
4052;Mannen en Vrouwen;93 jaar;2027;0;0;0
4053;Mannen en Vrouwen;93 jaar;2028;0;0;0
4054;Mannen en Vrouwen;93 jaar;2029;0;0;0
4055;Mannen en Vrouwen;93 jaar;2030;0;0;0
4056;Mannen en Vrouwen;93 jaar;2031;0;0;0
4057;Mannen en Vrouwen;93 jaar;2032;0;0;0
4058;Mannen en Vrouwen;93 jaar;2033;0;0;0
4059;Mannen en Vrouwen;93 jaar;2034;0;0;0
4060;Mannen en Vrouwen;93 jaar;2035;0;0;0
4061;Mannen en Vrouwen;93 jaar;2036;0;0;0
4062;Mannen en Vrouwen;93 jaar;2037;0;0;0
4063;Mannen en Vrouwen;93 jaar;2038;0;0;0
4064;Mannen en Vrouwen;93 jaar;2039;0;0;0
4065;Mannen en Vrouwen;93 jaar;2040;0;0;0
4066;Mannen en Vrouwen;93 jaar;2041;0;0;0
4067;Mannen en Vrouwen;93 jaar;2042;0;0;0
4068;Mannen en Vrouwen;93 jaar;2043;0;0;0
4069;Mannen en Vrouwen;93 jaar;2044;0;0;0
4070;Mannen en Vrouwen;93 jaar;2045;0;0;0
4071;Mannen en Vrouwen;93 jaar;2046;0;0;0
4072;Mannen en Vrouwen;93 jaar;2047;0;0;0
4073;Mannen en Vrouwen;93 jaar;2048;0;0;0
4074;Mannen en Vrouwen;93 jaar;2049;0;0;0
4075;Mannen en Vrouwen;93 jaar;2050;0;0;0
4076;Mannen en Vrouwen;93 jaar;2051;0;0;0
4077;Mannen en Vrouwen;93 jaar;2052;0;0;0
4078;Mannen en Vrouwen;93 jaar;2053;0;0;0
4079;Mannen en Vrouwen;93 jaar;2054;0;0;0
4080;Mannen en Vrouwen;93 jaar;2055;0;0;0
4081;Mannen en Vrouwen;93 jaar;2056;0;0;0
4082;Mannen en Vrouwen;93 jaar;2057;0;0;0
4083;Mannen en Vrouwen;93 jaar;2058;0;0;0
4084;Mannen en Vrouwen;93 jaar;2059;0;0;0
4085;Mannen en Vrouwen;94 jaar;2017;0;0;0
4086;Mannen en Vrouwen;94 jaar;2018;0;0;0
4087;Mannen en Vrouwen;94 jaar;2019;0;0;0
4088;Mannen en Vrouwen;94 jaar;2020;0;0;0
4089;Mannen en Vrouwen;94 jaar;2021;0;0;0
4090;Mannen en Vrouwen;94 jaar;2022;0;0;0
4091;Mannen en Vrouwen;94 jaar;2023;0;0;0
4092;Mannen en Vrouwen;94 jaar;2024;0;0;0
4093;Mannen en Vrouwen;94 jaar;2025;0;0;0
4094;Mannen en Vrouwen;94 jaar;2026;0;0;0
4095;Mannen en Vrouwen;94 jaar;2027;0;0;0
4096;Mannen en Vrouwen;94 jaar;2028;0;0;0
4097;Mannen en Vrouwen;94 jaar;2029;0;0;0
4098;Mannen en Vrouwen;94 jaar;2030;0;0;0
4099;Mannen en Vrouwen;94 jaar;2031;0;0;0
4100;Mannen en Vrouwen;94 jaar;2032;0;0;0
4101;Mannen en Vrouwen;94 jaar;2033;0;0;0
4102;Mannen en Vrouwen;94 jaar;2034;0;0;0
4103;Mannen en Vrouwen;94 jaar;2035;0;0;0
4104;Mannen en Vrouwen;94 jaar;2036;0;0;0
4105;Mannen en Vrouwen;94 jaar;2037;0;0;0
4106;Mannen en Vrouwen;94 jaar;2038;0;0;0
4107;Mannen en Vrouwen;94 jaar;2039;0;0;0
4108;Mannen en Vrouwen;94 jaar;2040;0;0;0
4109;Mannen en Vrouwen;94 jaar;2041;0;0;0
4110;Mannen en Vrouwen;94 jaar;2042;0;0;0
4111;Mannen en Vrouwen;94 jaar;2043;0;0;0
4112;Mannen en Vrouwen;94 jaar;2044;0;0;0
4113;Mannen en Vrouwen;94 jaar;2045;0;0;0
4114;Mannen en Vrouwen;94 jaar;2046;0;0;0
4115;Mannen en Vrouwen;94 jaar;2047;0;0;0
4116;Mannen en Vrouwen;94 jaar;2048;0;0;0
4117;Mannen en Vrouwen;94 jaar;2049;0;0;0
4118;Mannen en Vrouwen;94 jaar;2050;0;0;0
4119;Mannen en Vrouwen;94 jaar;2051;0;0;0
4120;Mannen en Vrouwen;94 jaar;2052;0;0;0
4121;Mannen en Vrouwen;94 jaar;2053;0;0;0
4122;Mannen en Vrouwen;94 jaar;2054;0;0;0
4123;Mannen en Vrouwen;94 jaar;2055;0;0;0
4124;Mannen en Vrouwen;94 jaar;2056;0;0;0
4125;Mannen en Vrouwen;94 jaar;2057;0;0;0
4126;Mannen en Vrouwen;94 jaar;2058;0;0;0
4127;Mannen en Vrouwen;94 jaar;2059;0;0;0
4128;Mannen en Vrouwen;95 jaar;2017;0;0;0
4129;Mannen en Vrouwen;95 jaar;2018;0;0;0
4130;Mannen en Vrouwen;95 jaar;2019;0;0;0
4131;Mannen en Vrouwen;95 jaar;2020;0;0;0
4132;Mannen en Vrouwen;95 jaar;2021;0;0;0
4133;Mannen en Vrouwen;95 jaar;2022;0;0;0
4134;Mannen en Vrouwen;95 jaar;2023;0;0;0
4135;Mannen en Vrouwen;95 jaar;2024;0;0;0
4136;Mannen en Vrouwen;95 jaar;2025;0;0;0
4137;Mannen en Vrouwen;95 jaar;2026;0;0;0
4138;Mannen en Vrouwen;95 jaar;2027;0;0;0
4139;Mannen en Vrouwen;95 jaar;2028;0;0;0
4140;Mannen en Vrouwen;95 jaar;2029;0;0;0
4141;Mannen en Vrouwen;95 jaar;2030;0;0;0
4142;Mannen en Vrouwen;95 jaar;2031;0;0;0
4143;Mannen en Vrouwen;95 jaar;2032;0;0;0
4144;Mannen en Vrouwen;95 jaar;2033;0;0;0
4145;Mannen en Vrouwen;95 jaar;2034;0;0;0
4146;Mannen en Vrouwen;95 jaar;2035;0;0;0
4147;Mannen en Vrouwen;95 jaar;2036;0;0;0
4148;Mannen en Vrouwen;95 jaar;2037;0;0;0
4149;Mannen en Vrouwen;95 jaar;2038;0;0;0
4150;Mannen en Vrouwen;95 jaar;2039;0;0;0
4151;Mannen en Vrouwen;95 jaar;2040;0;0;0
4152;Mannen en Vrouwen;95 jaar;2041;0;0;0
4153;Mannen en Vrouwen;95 jaar;2042;0;0;0
4154;Mannen en Vrouwen;95 jaar;2043;0;0;0
4155;Mannen en Vrouwen;95 jaar;2044;0;0;0
4156;Mannen en Vrouwen;95 jaar;2045;0;0;0
4157;Mannen en Vrouwen;95 jaar;2046;0;0;0
4158;Mannen en Vrouwen;95 jaar;2047;0;0;0
4159;Mannen en Vrouwen;95 jaar;2048;0;0;0
4160;Mannen en Vrouwen;95 jaar;2049;0;0;0
4161;Mannen en Vrouwen;95 jaar;2050;0;0;0
4162;Mannen en Vrouwen;95 jaar;2051;0;0;0
4163;Mannen en Vrouwen;95 jaar;2052;0;0;0
4164;Mannen en Vrouwen;95 jaar;2053;0;0;0
4165;Mannen en Vrouwen;95 jaar;2054;0;0;0
4166;Mannen en Vrouwen;95 jaar;2055;0;0;0
4167;Mannen en Vrouwen;95 jaar;2056;0;0;0
4168;Mannen en Vrouwen;95 jaar;2057;0;0;0
4169;Mannen en Vrouwen;95 jaar;2058;0;0;0
4170;Mannen en Vrouwen;95 jaar;2059;0;0;0
4171;Mannen en Vrouwen;96 jaar;2017;0;0;0
4172;Mannen en Vrouwen;96 jaar;2018;0;0;0
4173;Mannen en Vrouwen;96 jaar;2019;0;0;0
4174;Mannen en Vrouwen;96 jaar;2020;0;0;0
4175;Mannen en Vrouwen;96 jaar;2021;0;0;0
4176;Mannen en Vrouwen;96 jaar;2022;0;0;0
4177;Mannen en Vrouwen;96 jaar;2023;0;0;0
4178;Mannen en Vrouwen;96 jaar;2024;0;0;0
4179;Mannen en Vrouwen;96 jaar;2025;0;0;0
4180;Mannen en Vrouwen;96 jaar;2026;0;0;0
4181;Mannen en Vrouwen;96 jaar;2027;0;0;0
4182;Mannen en Vrouwen;96 jaar;2028;0;0;0
4183;Mannen en Vrouwen;96 jaar;2029;0;0;0
4184;Mannen en Vrouwen;96 jaar;2030;0;0;0
4185;Mannen en Vrouwen;96 jaar;2031;0;0;0
4186;Mannen en Vrouwen;96 jaar;2032;0;0;0
4187;Mannen en Vrouwen;96 jaar;2033;0;0;0
4188;Mannen en Vrouwen;96 jaar;2034;0;0;0
4189;Mannen en Vrouwen;96 jaar;2035;0;0;0
4190;Mannen en Vrouwen;96 jaar;2036;0;0;0
4191;Mannen en Vrouwen;96 jaar;2037;0;0;0
4192;Mannen en Vrouwen;96 jaar;2038;0;0;0
4193;Mannen en Vrouwen;96 jaar;2039;0;0;0
4194;Mannen en Vrouwen;96 jaar;2040;0;0;0
4195;Mannen en Vrouwen;96 jaar;2041;0;0;0
4196;Mannen en Vrouwen;96 jaar;2042;0;0;0
4197;Mannen en Vrouwen;96 jaar;2043;0;0;0
4198;Mannen en Vrouwen;96 jaar;2044;0;0;0
4199;Mannen en Vrouwen;96 jaar;2045;0;0;0
4200;Mannen en Vrouwen;96 jaar;2046;0;0;0
4201;Mannen en Vrouwen;96 jaar;2047;0;0;0
4202;Mannen en Vrouwen;96 jaar;2048;0;0;0
4203;Mannen en Vrouwen;96 jaar;2049;0;0;0
4204;Mannen en Vrouwen;96 jaar;2050;0;0;0
4205;Mannen en Vrouwen;96 jaar;2051;0;0;0
4206;Mannen en Vrouwen;96 jaar;2052;0;0;0
4207;Mannen en Vrouwen;96 jaar;2053;0;0;0
4208;Mannen en Vrouwen;96 jaar;2054;0;0;0
4209;Mannen en Vrouwen;96 jaar;2055;0;0;0
4210;Mannen en Vrouwen;96 jaar;2056;0;0;0
4211;Mannen en Vrouwen;96 jaar;2057;0;0;0
4212;Mannen en Vrouwen;96 jaar;2058;0;0;0
4213;Mannen en Vrouwen;96 jaar;2059;0;0;0
4214;Mannen en Vrouwen;97 jaar;2017;0;0;0
4215;Mannen en Vrouwen;97 jaar;2018;0;0;0
4216;Mannen en Vrouwen;97 jaar;2019;0;0;0
4217;Mannen en Vrouwen;97 jaar;2020;0;0;0
4218;Mannen en Vrouwen;97 jaar;2021;0;0;0
4219;Mannen en Vrouwen;97 jaar;2022;0;0;0
4220;Mannen en Vrouwen;97 jaar;2023;0;0;0
4221;Mannen en Vrouwen;97 jaar;2024;0;0;0
4222;Mannen en Vrouwen;97 jaar;2025;0;0;0
4223;Mannen en Vrouwen;97 jaar;2026;0;0;0
4224;Mannen en Vrouwen;97 jaar;2027;0;0;0
4225;Mannen en Vrouwen;97 jaar;2028;0;0;0
4226;Mannen en Vrouwen;97 jaar;2029;0;0;0
4227;Mannen en Vrouwen;97 jaar;2030;0;0;0
4228;Mannen en Vrouwen;97 jaar;2031;0;0;0
4229;Mannen en Vrouwen;97 jaar;2032;0;0;0
4230;Mannen en Vrouwen;97 jaar;2033;0;0;0
4231;Mannen en Vrouwen;97 jaar;2034;0;0;0
4232;Mannen en Vrouwen;97 jaar;2035;0;0;0
4233;Mannen en Vrouwen;97 jaar;2036;0;0;0
4234;Mannen en Vrouwen;97 jaar;2037;0;0;0
4235;Mannen en Vrouwen;97 jaar;2038;0;0;0
4236;Mannen en Vrouwen;97 jaar;2039;0;0;0
4237;Mannen en Vrouwen;97 jaar;2040;0;0;0
4238;Mannen en Vrouwen;97 jaar;2041;0;0;0
4239;Mannen en Vrouwen;97 jaar;2042;0;0;0
4240;Mannen en Vrouwen;97 jaar;2043;0;0;0
4241;Mannen en Vrouwen;97 jaar;2044;0;0;0
4242;Mannen en Vrouwen;97 jaar;2045;0;0;0
4243;Mannen en Vrouwen;97 jaar;2046;0;0;0
4244;Mannen en Vrouwen;97 jaar;2047;0;0;0
4245;Mannen en Vrouwen;97 jaar;2048;0;0;0
4246;Mannen en Vrouwen;97 jaar;2049;0;0;0
4247;Mannen en Vrouwen;97 jaar;2050;0;0;0
4248;Mannen en Vrouwen;97 jaar;2051;0;0;0
4249;Mannen en Vrouwen;97 jaar;2052;0;0;0
4250;Mannen en Vrouwen;97 jaar;2053;0;0;0
4251;Mannen en Vrouwen;97 jaar;2054;0;0;0
4252;Mannen en Vrouwen;97 jaar;2055;0;0;0
4253;Mannen en Vrouwen;97 jaar;2056;0;0;0
4254;Mannen en Vrouwen;97 jaar;2057;0;0;0
4255;Mannen en Vrouwen;97 jaar;2058;0;0;0
4256;Mannen en Vrouwen;97 jaar;2059;0;0;0
4257;Mannen en Vrouwen;98 jaar;2017;0;0;0
4258;Mannen en Vrouwen;98 jaar;2018;0;0;0
4259;Mannen en Vrouwen;98 jaar;2019;0;0;0
4260;Mannen en Vrouwen;98 jaar;2020;0;0;0
4261;Mannen en Vrouwen;98 jaar;2021;0;0;0
4262;Mannen en Vrouwen;98 jaar;2022;0;0;0
4263;Mannen en Vrouwen;98 jaar;2023;0;0;0
4264;Mannen en Vrouwen;98 jaar;2024;0;0;0
4265;Mannen en Vrouwen;98 jaar;2025;0;0;0
4266;Mannen en Vrouwen;98 jaar;2026;0;0;0
4267;Mannen en Vrouwen;98 jaar;2027;0;0;0
4268;Mannen en Vrouwen;98 jaar;2028;0;0;0
4269;Mannen en Vrouwen;98 jaar;2029;0;0;0
4270;Mannen en Vrouwen;98 jaar;2030;0;0;0
4271;Mannen en Vrouwen;98 jaar;2031;0;0;0
4272;Mannen en Vrouwen;98 jaar;2032;0;0;0
4273;Mannen en Vrouwen;98 jaar;2033;0;0;0
4274;Mannen en Vrouwen;98 jaar;2034;0;0;0
4275;Mannen en Vrouwen;98 jaar;2035;0;0;0
4276;Mannen en Vrouwen;98 jaar;2036;0;0;0
4277;Mannen en Vrouwen;98 jaar;2037;0;0;0
4278;Mannen en Vrouwen;98 jaar;2038;0;0;0
4279;Mannen en Vrouwen;98 jaar;2039;0;0;0
4280;Mannen en Vrouwen;98 jaar;2040;0;0;0
4281;Mannen en Vrouwen;98 jaar;2041;0;0;0
4282;Mannen en Vrouwen;98 jaar;2042;0;0;0
4283;Mannen en Vrouwen;98 jaar;2043;0;0;0
4284;Mannen en Vrouwen;98 jaar;2044;0;0;0
4285;Mannen en Vrouwen;98 jaar;2045;0;0;0
4286;Mannen en Vrouwen;98 jaar;2046;0;0;0
4287;Mannen en Vrouwen;98 jaar;2047;0;0;0
4288;Mannen en Vrouwen;98 jaar;2048;0;0;0
4289;Mannen en Vrouwen;98 jaar;2049;0;0;0
4290;Mannen en Vrouwen;98 jaar;2050;0;0;0
4291;Mannen en Vrouwen;98 jaar;2051;0;0;0
4292;Mannen en Vrouwen;98 jaar;2052;0;0;0
4293;Mannen en Vrouwen;98 jaar;2053;0;0;0
4294;Mannen en Vrouwen;98 jaar;2054;0;0;0
4295;Mannen en Vrouwen;98 jaar;2055;0;0;0
4296;Mannen en Vrouwen;98 jaar;2056;0;0;0
4297;Mannen en Vrouwen;98 jaar;2057;0;0;0
4298;Mannen en Vrouwen;98 jaar;2058;0;0;0
4299;Mannen en Vrouwen;98 jaar;2059;0;0;0
4300;Mannen en Vrouwen;99 jaar of ouder;2017;0;0;0
4301;Mannen en Vrouwen;99 jaar of ouder;2018;0;0;0
4302;Mannen en Vrouwen;99 jaar of ouder;2019;0;0;0
4303;Mannen en Vrouwen;99 jaar of ouder;2020;0;0;0
4304;Mannen en Vrouwen;99 jaar of ouder;2021;0;0;0
4305;Mannen en Vrouwen;99 jaar of ouder;2022;0;0;0
4306;Mannen en Vrouwen;99 jaar of ouder;2023;0;0;0
4307;Mannen en Vrouwen;99 jaar of ouder;2024;0;0;0
4308;Mannen en Vrouwen;99 jaar of ouder;2025;0;0;0
4309;Mannen en Vrouwen;99 jaar of ouder;2026;0;0;0
4310;Mannen en Vrouwen;99 jaar of ouder;2027;0;0;0
4311;Mannen en Vrouwen;99 jaar of ouder;2028;0;0;0
4312;Mannen en Vrouwen;99 jaar of ouder;2029;0;0;0
4313;Mannen en Vrouwen;99 jaar of ouder;2030;0;0;0
4314;Mannen en Vrouwen;99 jaar of ouder;2031;0;0;0
4315;Mannen en Vrouwen;99 jaar of ouder;2032;0;0;0
4316;Mannen en Vrouwen;99 jaar of ouder;2033;0;0;0
4317;Mannen en Vrouwen;99 jaar of ouder;2034;0;0;0
4318;Mannen en Vrouwen;99 jaar of ouder;2035;0;0;0
4319;Mannen en Vrouwen;99 jaar of ouder;2036;0;0;0
4320;Mannen en Vrouwen;99 jaar of ouder;2037;0;0;0
4321;Mannen en Vrouwen;99 jaar of ouder;2038;0;0;0
4322;Mannen en Vrouwen;99 jaar of ouder;2039;0;0;0
4323;Mannen en Vrouwen;99 jaar of ouder;2040;0;0;0
4324;Mannen en Vrouwen;99 jaar of ouder;2041;0;0;0
4325;Mannen en Vrouwen;99 jaar of ouder;2042;0;0;0
4326;Mannen en Vrouwen;99 jaar of ouder;2043;0;0;0
4327;Mannen en Vrouwen;99 jaar of ouder;2044;0;0;0
4328;Mannen en Vrouwen;99 jaar of ouder;2045;0;0;0
4329;Mannen en Vrouwen;99 jaar of ouder;2046;0;0;0
4330;Mannen en Vrouwen;99 jaar of ouder;2047;0;0;0
4331;Mannen en Vrouwen;99 jaar of ouder;2048;0;0;0
4332;Mannen en Vrouwen;99 jaar of ouder;2049;0;0;0
4333;Mannen en Vrouwen;99 jaar of ouder;2050;0;0;0
4334;Mannen en Vrouwen;99 jaar of ouder;2051;0;0;0
4335;Mannen en Vrouwen;99 jaar of ouder;2052;0;0;0
4336;Mannen en Vrouwen;99 jaar of ouder;2053;0;0;0
4337;Mannen en Vrouwen;99 jaar of ouder;2054;0;0;0
4338;Mannen en Vrouwen;99 jaar of ouder;2055;0;0;0
4339;Mannen en Vrouwen;99 jaar of ouder;2056;0;0;0
4340;Mannen en Vrouwen;99 jaar of ouder;2057;0;0;0
4341;Mannen en Vrouwen;99 jaar of ouder;2058;0;0;0
4342;Mannen en Vrouwen;99 jaar of ouder;2059;0;0;0
4343;Mannen en Vrouwen;0 tot 5 jaar;2017;12204;6889;5315
4344;Mannen en Vrouwen;0 tot 5 jaar;2018;11211;7039;4172
4345;Mannen en Vrouwen;0 tot 5 jaar;2019;11005;7098;3907
4346;Mannen en Vrouwen;0 tot 5 jaar;2020;10945;7180;3765
4347;Mannen en Vrouwen;0 tot 5 jaar;2021;10961;7302;3659
4348;Mannen en Vrouwen;0 tot 5 jaar;2022;11040;7438;3602
4349;Mannen en Vrouwen;0 tot 5 jaar;2023;11157;7579;3578
4350;Mannen en Vrouwen;0 tot 5 jaar;2024;11277;7712;3565
4351;Mannen en Vrouwen;0 tot 5 jaar;2025;11414;7835;3579
4352;Mannen en Vrouwen;0 tot 5 jaar;2026;11503;7942;3561
4353;Mannen en Vrouwen;0 tot 5 jaar;2027;11575;8037;3538
4354;Mannen en Vrouwen;0 tot 5 jaar;2028;11623;8096;3527
4355;Mannen en Vrouwen;0 tot 5 jaar;2029;11643;8140;3503
4356;Mannen en Vrouwen;0 tot 5 jaar;2030;11681;8171;3510
4357;Mannen en Vrouwen;0 tot 5 jaar;2031;11699;8189;3510
4358;Mannen en Vrouwen;0 tot 5 jaar;2032;11716;8197;3519
4359;Mannen en Vrouwen;0 tot 5 jaar;2033;11714;8196;3518
4360;Mannen en Vrouwen;0 tot 5 jaar;2034;11711;8191;3520
4361;Mannen en Vrouwen;0 tot 5 jaar;2035;11706;8182;3524
4362;Mannen en Vrouwen;0 tot 5 jaar;2036;11697;8166;3531
4363;Mannen en Vrouwen;0 tot 5 jaar;2037;11682;8151;3531
4364;Mannen en Vrouwen;0 tot 5 jaar;2038;11664;8128;3536
4365;Mannen en Vrouwen;0 tot 5 jaar;2039;11650;8104;3546
4366;Mannen en Vrouwen;0 tot 5 jaar;2040;11627;8077;3550
4367;Mannen en Vrouwen;0 tot 5 jaar;2041;11599;8049;3550
4368;Mannen en Vrouwen;0 tot 5 jaar;2042;11584;8019;3565
4369;Mannen en Vrouwen;0 tot 5 jaar;2043;11566;7996;3570
4370;Mannen en Vrouwen;0 tot 5 jaar;2044;11556;7972;3584
4371;Mannen en Vrouwen;0 tot 5 jaar;2045;11532;7951;3581
4372;Mannen en Vrouwen;0 tot 5 jaar;2046;11525;7931;3594
4373;Mannen en Vrouwen;0 tot 5 jaar;2047;11525;7914;3611
4374;Mannen en Vrouwen;0 tot 5 jaar;2048;11522;7901;3621
4375;Mannen en Vrouwen;0 tot 5 jaar;2049;11514;7891;3623
4376;Mannen en Vrouwen;0 tot 5 jaar;2050;11514;7892;3622
4377;Mannen en Vrouwen;0 tot 5 jaar;2051;11516;7895;3621
4378;Mannen en Vrouwen;0 tot 5 jaar;2052;11524;7900;3624
4379;Mannen en Vrouwen;0 tot 5 jaar;2053;11532;7913;3619
4380;Mannen en Vrouwen;0 tot 5 jaar;2054;11549;7926;3623
4381;Mannen en Vrouwen;0 tot 5 jaar;2055;11571;7948;3623
4382;Mannen en Vrouwen;0 tot 5 jaar;2056;11587;7967;3620
4383;Mannen en Vrouwen;0 tot 5 jaar;2057;11603;7987;3616
4384;Mannen en Vrouwen;0 tot 5 jaar;2058;11626;8010;3616
4385;Mannen en Vrouwen;0 tot 5 jaar;2059;11639;8034;3605
4386;Mannen en Vrouwen;5 tot 10 jaar;2017;11190;6581;4609
4387;Mannen en Vrouwen;5 tot 10 jaar;2018;10136;6731;3405
4388;Mannen en Vrouwen;5 tot 10 jaar;2019;9918;6901;3017
4389;Mannen en Vrouwen;5 tot 10 jaar;2020;9807;7008;2799
4390;Mannen en Vrouwen;5 tot 10 jaar;2021;9799;7091;2708
4391;Mannen en Vrouwen;5 tot 10 jaar;2022;9833;7167;2666
4392;Mannen en Vrouwen;5 tot 10 jaar;2023;9936;7249;2687
4393;Mannen en Vrouwen;5 tot 10 jaar;2024;10043;7298;2745
4394;Mannen en Vrouwen;5 tot 10 jaar;2025;10164;7361;2803
4395;Mannen en Vrouwen;5 tot 10 jaar;2026;10238;7425;2813
4396;Mannen en Vrouwen;5 tot 10 jaar;2027;10295;7491;2804
4397;Mannen en Vrouwen;5 tot 10 jaar;2028;10345;7544;2801
4398;Mannen en Vrouwen;5 tot 10 jaar;2029;10383;7591;2792
4399;Mannen en Vrouwen;5 tot 10 jaar;2030;10425;7631;2794
4400;Mannen en Vrouwen;5 tot 10 jaar;2031;10472;7670;2802
4401;Mannen en Vrouwen;5 tot 10 jaar;2032;10507;7700;2807
4402;Mannen en Vrouwen;5 tot 10 jaar;2033;10532;7724;2808
4403;Mannen en Vrouwen;5 tot 10 jaar;2034;10550;7746;2804
4404;Mannen en Vrouwen;5 tot 10 jaar;2035;10572;7760;2812
4405;Mannen en Vrouwen;5 tot 10 jaar;2036;10574;7769;2805
4406;Mannen en Vrouwen;5 tot 10 jaar;2037;10574;7769;2805
4407;Mannen en Vrouwen;5 tot 10 jaar;2038;10572;7763;2809
4408;Mannen en Vrouwen;5 tot 10 jaar;2039;10575;7750;2825
4409;Mannen en Vrouwen;5 tot 10 jaar;2040;10564;7737;2827
4410;Mannen en Vrouwen;5 tot 10 jaar;2041;10551;7717;2834
4411;Mannen en Vrouwen;5 tot 10 jaar;2042;10545;7695;2850
4412;Mannen en Vrouwen;5 tot 10 jaar;2043;10539;7675;2864
4413;Mannen en Vrouwen;5 tot 10 jaar;2044;10520;7648;2872
4414;Mannen en Vrouwen;5 tot 10 jaar;2045;10501;7623;2878
4415;Mannen en Vrouwen;5 tot 10 jaar;2046;10491;7596;2895
4416;Mannen en Vrouwen;5 tot 10 jaar;2047;10483;7568;2915
4417;Mannen en Vrouwen;5 tot 10 jaar;2048;10477;7545;2932
4418;Mannen en Vrouwen;5 tot 10 jaar;2049;10463;7523;2940
4419;Mannen en Vrouwen;5 tot 10 jaar;2050;10460;7507;2953
4420;Mannen en Vrouwen;5 tot 10 jaar;2051;10447;7492;2955
4421;Mannen en Vrouwen;5 tot 10 jaar;2052;10443;7481;2962
4422;Mannen en Vrouwen;5 tot 10 jaar;2053;10437;7471;2966
4423;Mannen en Vrouwen;5 tot 10 jaar;2054;10442;7468;2974
4424;Mannen en Vrouwen;5 tot 10 jaar;2055;10446;7468;2978
4425;Mannen en Vrouwen;5 tot 10 jaar;2056;10455;7471;2984
4426;Mannen en Vrouwen;5 tot 10 jaar;2057;10464;7479;2985
4427;Mannen en Vrouwen;5 tot 10 jaar;2058;10474;7492;2982
4428;Mannen en Vrouwen;5 tot 10 jaar;2059;10479;7511;2968
4429;Mannen en Vrouwen;10 tot 15 jaar;2017;8798;4355;4443
4430;Mannen en Vrouwen;10 tot 15 jaar;2018;7973;4536;3437
4431;Mannen en Vrouwen;10 tot 15 jaar;2019;7801;4684;3117
4432;Mannen en Vrouwen;10 tot 15 jaar;2020;7728;4836;2892
4433;Mannen en Vrouwen;10 tot 15 jaar;2021;7725;4962;2763
4434;Mannen en Vrouwen;10 tot 15 jaar;2022;7743;5079;2664
4435;Mannen en Vrouwen;10 tot 15 jaar;2023;7777;5150;2627
4436;Mannen en Vrouwen;10 tot 15 jaar;2024;7825;5239;2586
4437;Mannen en Vrouwen;10 tot 15 jaar;2025;7880;5288;2592
4438;Mannen en Vrouwen;10 tot 15 jaar;2026;7913;5325;2588
4439;Mannen en Vrouwen;10 tot 15 jaar;2027;7952;5350;2602
4440;Mannen en Vrouwen;10 tot 15 jaar;2028;7984;5366;2618
4441;Mannen en Vrouwen;10 tot 15 jaar;2029;8012;5366;2646
4442;Mannen en Vrouwen;10 tot 15 jaar;2030;8040;5374;2666
4443;Mannen en Vrouwen;10 tot 15 jaar;2031;8056;5389;2667
4444;Mannen en Vrouwen;10 tot 15 jaar;2032;8080;5407;2673
4445;Mannen en Vrouwen;10 tot 15 jaar;2033;8102;5424;2678
4446;Mannen en Vrouwen;10 tot 15 jaar;2034;8133;5448;2685
4447;Mannen en Vrouwen;10 tot 15 jaar;2035;8150;5474;2676
4448;Mannen en Vrouwen;10 tot 15 jaar;2036;8169;5498;2671
4449;Mannen en Vrouwen;10 tot 15 jaar;2037;8186;5518;2668
4450;Mannen en Vrouwen;10 tot 15 jaar;2038;8198;5535;2663
4451;Mannen en Vrouwen;10 tot 15 jaar;2039;8214;5548;2666
4452;Mannen en Vrouwen;10 tot 15 jaar;2040;8219;5556;2663
4453;Mannen en Vrouwen;10 tot 15 jaar;2041;8224;5561;2663
4454;Mannen en Vrouwen;10 tot 15 jaar;2042;8226;5558;2668
4455;Mannen en Vrouwen;10 tot 15 jaar;2043;8226;5558;2668
4456;Mannen en Vrouwen;10 tot 15 jaar;2044;8232;5553;2679
4457;Mannen en Vrouwen;10 tot 15 jaar;2045;8221;5544;2677
4458;Mannen en Vrouwen;10 tot 15 jaar;2046;8217;5533;2684
4459;Mannen en Vrouwen;10 tot 15 jaar;2047;8221;5520;2701
4460;Mannen en Vrouwen;10 tot 15 jaar;2048;8218;5507;2711
4461;Mannen en Vrouwen;10 tot 15 jaar;2049;8205;5496;2709
4462;Mannen en Vrouwen;10 tot 15 jaar;2050;8196;5482;2714
4463;Mannen en Vrouwen;10 tot 15 jaar;2051;8188;5466;2722
4464;Mannen en Vrouwen;10 tot 15 jaar;2052;8179;5455;2724
4465;Mannen en Vrouwen;10 tot 15 jaar;2053;8170;5443;2727
4466;Mannen en Vrouwen;10 tot 15 jaar;2054;8167;5434;2733
4467;Mannen en Vrouwen;10 tot 15 jaar;2055;8164;5425;2739
4468;Mannen en Vrouwen;10 tot 15 jaar;2056;8161;5421;2740
4469;Mannen en Vrouwen;10 tot 15 jaar;2057;8159;5417;2742
4470;Mannen en Vrouwen;10 tot 15 jaar;2058;8164;5415;2749
4471;Mannen en Vrouwen;10 tot 15 jaar;2059;8163;5417;2746
4472;Mannen en Vrouwen;15 tot 20 jaar;2017;18451;5169;13282
4473;Mannen en Vrouwen;15 tot 20 jaar;2018;17288;5333;11955
4474;Mannen en Vrouwen;15 tot 20 jaar;2019;17088;5444;11644
4475;Mannen en Vrouwen;15 tot 20 jaar;2020;16984;5555;11429
4476;Mannen en Vrouwen;15 tot 20 jaar;2021;16963;5722;11241
4477;Mannen en Vrouwen;15 tot 20 jaar;2022;17014;5888;11126
4478;Mannen en Vrouwen;15 tot 20 jaar;2023;17067;6054;11013
4479;Mannen en Vrouwen;15 tot 20 jaar;2024;17139;6207;10932
4480;Mannen en Vrouwen;15 tot 20 jaar;2025;17269;6351;10918
4481;Mannen en Vrouwen;15 tot 20 jaar;2026;17331;6470;10861
4482;Mannen en Vrouwen;15 tot 20 jaar;2027;17381;6576;10805
4483;Mannen en Vrouwen;15 tot 20 jaar;2028;17383;6618;10765
4484;Mannen en Vrouwen;15 tot 20 jaar;2029;17372;6663;10709
4485;Mannen en Vrouwen;15 tot 20 jaar;2030;17361;6668;10693
4486;Mannen en Vrouwen;15 tot 20 jaar;2031;17345;6673;10672
4487;Mannen en Vrouwen;15 tot 20 jaar;2032;17370;6674;10696
4488;Mannen en Vrouwen;15 tot 20 jaar;2033;17393;6691;10702
4489;Mannen en Vrouwen;15 tot 20 jaar;2034;17398;6677;10721
4490;Mannen en Vrouwen;15 tot 20 jaar;2035;17423;6678;10745
4491;Mannen en Vrouwen;15 tot 20 jaar;2036;17437;6681;10756
4492;Mannen en Vrouwen;15 tot 20 jaar;2037;17455;6699;10756
4493;Mannen en Vrouwen;15 tot 20 jaar;2038;17478;6723;10755
4494;Mannen en Vrouwen;15 tot 20 jaar;2039;17508;6744;10764
4495;Mannen en Vrouwen;15 tot 20 jaar;2040;17530;6768;10762
4496;Mannen en Vrouwen;15 tot 20 jaar;2041;17550;6789;10761
4497;Mannen en Vrouwen;15 tot 20 jaar;2042;17568;6811;10757
4498;Mannen en Vrouwen;15 tot 20 jaar;2043;17600;6829;10771
4499;Mannen en Vrouwen;15 tot 20 jaar;2044;17617;6844;10773
4500;Mannen en Vrouwen;15 tot 20 jaar;2045;17625;6855;10770
4501;Mannen en Vrouwen;15 tot 20 jaar;2046;17641;6861;10780
4502;Mannen en Vrouwen;15 tot 20 jaar;2047;17652;6860;10792
4503;Mannen en Vrouwen;15 tot 20 jaar;2048;17656;6859;10797
4504;Mannen en Vrouwen;15 tot 20 jaar;2049;17655;6854;10801
4505;Mannen en Vrouwen;15 tot 20 jaar;2050;17653;6849;10804
4506;Mannen en Vrouwen;15 tot 20 jaar;2051;17650;6840;10810
4507;Mannen en Vrouwen;15 tot 20 jaar;2052;17648;6833;10815
4508;Mannen en Vrouwen;15 tot 20 jaar;2053;17635;6822;10813
4509;Mannen en Vrouwen;15 tot 20 jaar;2054;17634;6808;10826
4510;Mannen en Vrouwen;15 tot 20 jaar;2055;17632;6799;10833
4511;Mannen en Vrouwen;15 tot 20 jaar;2056;17624;6786;10838
4512;Mannen en Vrouwen;15 tot 20 jaar;2057;17613;6776;10837
4513;Mannen en Vrouwen;15 tot 20 jaar;2058;17608;6762;10846
4514;Mannen en Vrouwen;15 tot 20 jaar;2059;17601;6753;10848
4515;Mannen en Vrouwen;20 tot 25 jaar;2017;49260;29588;19672
4516;Mannen en Vrouwen;20 tot 25 jaar;2018;47058;31316;15742
4517;Mannen en Vrouwen;20 tot 25 jaar;2019;46674;32379;14295
4518;Mannen en Vrouwen;20 tot 25 jaar;2020;46626;33139;13487
4519;Mannen en Vrouwen;20 tot 25 jaar;2021;46707;33599;13108
4520;Mannen en Vrouwen;20 tot 25 jaar;2022;47000;34017;12983
4521;Mannen en Vrouwen;20 tot 25 jaar;2023;47240;34432;12808
4522;Mannen en Vrouwen;20 tot 25 jaar;2024;47424;34819;12605
4523;Mannen en Vrouwen;20 tot 25 jaar;2025;47699;35159;12540
4524;Mannen en Vrouwen;20 tot 25 jaar;2026;47780;35551;12229
4525;Mannen en Vrouwen;20 tot 25 jaar;2027;47808;35899;11909
4526;Mannen en Vrouwen;20 tot 25 jaar;2028;47784;36075;11709
4527;Mannen en Vrouwen;20 tot 25 jaar;2029;47759;36227;11532
4528;Mannen en Vrouwen;20 tot 25 jaar;2030;47780;36392;11388
4529;Mannen en Vrouwen;20 tot 25 jaar;2031;47777;36510;11267
4530;Mannen en Vrouwen;20 tot 25 jaar;2032;47796;36606;11190
4531;Mannen en Vrouwen;20 tot 25 jaar;2033;47772;36603;11169
4532;Mannen en Vrouwen;20 tot 25 jaar;2034;47757;36597;11160
4533;Mannen en Vrouwen;20 tot 25 jaar;2035;47726;36527;11199
4534;Mannen en Vrouwen;20 tot 25 jaar;2036;47711;36455;11256
4535;Mannen en Vrouwen;20 tot 25 jaar;2037;47718;36361;11357
4536;Mannen en Vrouwen;20 tot 25 jaar;2038;47744;36290;11454
4537;Mannen en Vrouwen;20 tot 25 jaar;2039;47746;36183;11563
4538;Mannen en Vrouwen;20 tot 25 jaar;2040;47779;36121;11658
4539;Mannen en Vrouwen;20 tot 25 jaar;2041;47799;36079;11720
4540;Mannen en Vrouwen;20 tot 25 jaar;2042;47837;36079;11758
4541;Mannen en Vrouwen;20 tot 25 jaar;2043;47885;36092;11793
4542;Mannen en Vrouwen;20 tot 25 jaar;2044;47932;36109;11823
4543;Mannen en Vrouwen;20 tot 25 jaar;2045;47976;36125;11851
4544;Mannen en Vrouwen;20 tot 25 jaar;2046;48027;36130;11897
4545;Mannen en Vrouwen;20 tot 25 jaar;2047;48075;36126;11949
4546;Mannen en Vrouwen;20 tot 25 jaar;2048;48115;36114;12001
4547;Mannen en Vrouwen;20 tot 25 jaar;2049;48145;36094;12051
4548;Mannen en Vrouwen;20 tot 25 jaar;2050;48180;36068;12112
4549;Mannen en Vrouwen;20 tot 25 jaar;2051;48205;36029;12176
4550;Mannen en Vrouwen;20 tot 25 jaar;2052;48222;35979;12243
4551;Mannen en Vrouwen;20 tot 25 jaar;2053;48226;35922;12304
4552;Mannen en Vrouwen;20 tot 25 jaar;2054;48234;35857;12377
4553;Mannen en Vrouwen;20 tot 25 jaar;2055;48240;35785;12455
4554;Mannen en Vrouwen;20 tot 25 jaar;2056;48235;35708;12527
4555;Mannen en Vrouwen;20 tot 25 jaar;2057;48232;35630;12602
4556;Mannen en Vrouwen;20 tot 25 jaar;2058;48233;35549;12684
4557;Mannen en Vrouwen;20 tot 25 jaar;2059;48204;35467;12737
4558;Mannen en Vrouwen;25 tot 30 jaar;2017;44370;31566;12804
4559;Mannen en Vrouwen;25 tot 30 jaar;2018;42054;33112;8942
4560;Mannen en Vrouwen;25 tot 30 jaar;2019;41643;34223;7420
4561;Mannen en Vrouwen;25 tot 30 jaar;2020;41533;34991;6542
4562;Mannen en Vrouwen;25 tot 30 jaar;2021;41582;35670;5912
4563;Mannen en Vrouwen;25 tot 30 jaar;2022;41842;36215;5627
4564;Mannen en Vrouwen;25 tot 30 jaar;2023;42125;36692;5433
4565;Mannen en Vrouwen;25 tot 30 jaar;2024;42361;37089;5272
4566;Mannen en Vrouwen;25 tot 30 jaar;2025;42741;37481;5260
4567;Mannen en Vrouwen;25 tot 30 jaar;2026;42928;37751;5177
4568;Mannen en Vrouwen;25 tot 30 jaar;2027;43061;37986;5075
4569;Mannen en Vrouwen;25 tot 30 jaar;2028;43095;37989;5106
4570;Mannen en Vrouwen;25 tot 30 jaar;2029;43066;37946;5120
4571;Mannen en Vrouwen;25 tot 30 jaar;2030;43000;37836;5164
4572;Mannen en Vrouwen;25 tot 30 jaar;2031;42941;37758;5183
4573;Mannen en Vrouwen;25 tot 30 jaar;2032;42878;37667;5211
4574;Mannen en Vrouwen;25 tot 30 jaar;2033;42824;37621;5203
4575;Mannen en Vrouwen;25 tot 30 jaar;2034;42806;37614;5192
4576;Mannen en Vrouwen;25 tot 30 jaar;2035;42809;37653;5156
4577;Mannen en Vrouwen;25 tot 30 jaar;2036;42789;37654;5135
4578;Mannen en Vrouwen;25 tot 30 jaar;2037;42759;37648;5111
4579;Mannen en Vrouwen;25 tot 30 jaar;2038;42705;37557;5148
4580;Mannen en Vrouwen;25 tot 30 jaar;2039;42676;37492;5184
4581;Mannen en Vrouwen;25 tot 30 jaar;2040;42619;37376;5243
4582;Mannen en Vrouwen;25 tot 30 jaar;2041;42592;37283;5309
4583;Mannen en Vrouwen;25 tot 30 jaar;2042;42574;37190;5384
4584;Mannen en Vrouwen;25 tot 30 jaar;2043;42602;37145;5457
4585;Mannen en Vrouwen;25 tot 30 jaar;2044;42606;37090;5516
4586;Mannen en Vrouwen;25 tot 30 jaar;2045;42619;37078;5541
4587;Mannen en Vrouwen;25 tot 30 jaar;2046;42660;37078;5582
4588;Mannen en Vrouwen;25 tot 30 jaar;2047;42713;37114;5599
4589;Mannen en Vrouwen;25 tot 30 jaar;2048;42767;37165;5602
4590;Mannen en Vrouwen;25 tot 30 jaar;2049;42825;37229;5596
4591;Mannen en Vrouwen;25 tot 30 jaar;2050;42895;37296;5599
4592;Mannen en Vrouwen;25 tot 30 jaar;2051;42941;37347;5594
4593;Mannen en Vrouwen;25 tot 30 jaar;2052;42990;37394;5596
4594;Mannen en Vrouwen;25 tot 30 jaar;2053;43033;37426;5607
4595;Mannen en Vrouwen;25 tot 30 jaar;2054;43072;37442;5630
4596;Mannen en Vrouwen;25 tot 30 jaar;2055;43101;37447;5654
4597;Mannen en Vrouwen;25 tot 30 jaar;2056;43122;37438;5684
4598;Mannen en Vrouwen;25 tot 30 jaar;2057;43127;37409;5718
4599;Mannen en Vrouwen;25 tot 30 jaar;2058;43136;37370;5766
4600;Mannen en Vrouwen;25 tot 30 jaar;2059;43129;37324;5805
4601;Mannen en Vrouwen;30 tot 35 jaar;2017;29291;20913;8378
4602;Mannen en Vrouwen;30 tot 35 jaar;2018;27476;22010;5466
4603;Mannen en Vrouwen;30 tot 35 jaar;2019;27165;22905;4260
4604;Mannen en Vrouwen;30 tot 35 jaar;2020;27144;23734;3410
4605;Mannen en Vrouwen;30 tot 35 jaar;2021;27253;24467;2786
4606;Mannen en Vrouwen;30 tot 35 jaar;2022;27485;25157;2328
4607;Mannen en Vrouwen;30 tot 35 jaar;2023;27711;25695;2016
4608;Mannen en Vrouwen;30 tot 35 jaar;2024;27885;26118;1767
4609;Mannen en Vrouwen;30 tot 35 jaar;2025;28075;26362;1713
4610;Mannen en Vrouwen;30 tot 35 jaar;2026;28152;26546;1606
4611;Mannen en Vrouwen;30 tot 35 jaar;2027;28202;26713;1489
4612;Mannen en Vrouwen;30 tot 35 jaar;2028;28242;26792;1450
4613;Mannen en Vrouwen;30 tot 35 jaar;2029;28268;26854;1414
4614;Mannen en Vrouwen;30 tot 35 jaar;2030;28345;26959;1386
4615;Mannen en Vrouwen;30 tot 35 jaar;2031;28394;27007;1387
4616;Mannen en Vrouwen;30 tot 35 jaar;2032;28435;27031;1404
4617;Mannen en Vrouwen;30 tot 35 jaar;2033;28428;27018;1410
4618;Mannen en Vrouwen;30 tot 35 jaar;2034;28415;26971;1444
4619;Mannen en Vrouwen;30 tot 35 jaar;2035;28349;26882;1467
4620;Mannen en Vrouwen;30 tot 35 jaar;2036;28280;26820;1460
4621;Mannen en Vrouwen;30 tot 35 jaar;2037;28208;26745;1463
4622;Mannen en Vrouwen;30 tot 35 jaar;2038;28160;26711;1449
4623;Mannen en Vrouwen;30 tot 35 jaar;2039;28142;26699;1443
4624;Mannen en Vrouwen;30 tot 35 jaar;2040;28125;26714;1411
4625;Mannen en Vrouwen;30 tot 35 jaar;2041;28100;26708;1392
4626;Mannen en Vrouwen;30 tot 35 jaar;2042;28076;26697;1379
4627;Mannen en Vrouwen;30 tot 35 jaar;2043;28038;26642;1396
4628;Mannen en Vrouwen;30 tot 35 jaar;2044;28013;26614;1399
4629;Mannen en Vrouwen;30 tot 35 jaar;2045;27949;26545;1404
4630;Mannen en Vrouwen;30 tot 35 jaar;2046;27946;26504;1442
4631;Mannen en Vrouwen;30 tot 35 jaar;2047;27938;26453;1485
4632;Mannen en Vrouwen;30 tot 35 jaar;2048;27950;26447;1503
4633;Mannen en Vrouwen;30 tot 35 jaar;2049;27953;26440;1513
4634;Mannen en Vrouwen;30 tot 35 jaar;2050;27989;26469;1520
4635;Mannen en Vrouwen;30 tot 35 jaar;2051;28005;26509;1496
4636;Mannen en Vrouwen;30 tot 35 jaar;2052;28052;26577;1475
4637;Mannen en Vrouwen;30 tot 35 jaar;2053;28095;26654;1441
4638;Mannen en Vrouwen;30 tot 35 jaar;2054;28143;26732;1411
4639;Mannen en Vrouwen;30 tot 35 jaar;2055;28200;26816;1384
4640;Mannen en Vrouwen;30 tot 35 jaar;2056;28236;26892;1344
4641;Mannen en Vrouwen;30 tot 35 jaar;2057;28278;26959;1319
4642;Mannen en Vrouwen;30 tot 35 jaar;2058;28327;27020;1307
4643;Mannen en Vrouwen;30 tot 35 jaar;2059;28350;27068;1282
4644;Mannen en Vrouwen;35 tot 40 jaar;2017;18829;13330;5499
4645;Mannen en Vrouwen;35 tot 40 jaar;2018;17581;14110;3471
4646;Mannen en Vrouwen;35 tot 40 jaar;2019;17333;14854;2479
4647;Mannen en Vrouwen;35 tot 40 jaar;2020;17255;15501;1754
4648;Mannen en Vrouwen;35 tot 40 jaar;2021;17301;16114;1187
4649;Mannen en Vrouwen;35 tot 40 jaar;2022;17454;16624;830
4650;Mannen en Vrouwen;35 tot 40 jaar;2023;17623;17128;495
4651;Mannen en Vrouwen;35 tot 40 jaar;2024;17771;17560;211
4652;Mannen en Vrouwen;35 tot 40 jaar;2025;17963;17963;0
4653;Mannen en Vrouwen;35 tot 40 jaar;2026;18063;18289;-226
4654;Mannen en Vrouwen;35 tot 40 jaar;2027;18141;18598;-457
4655;Mannen en Vrouwen;35 tot 40 jaar;2028;18182;18747;-565
4656;Mannen en Vrouwen;35 tot 40 jaar;2029;18198;18849;-651
4657;Mannen en Vrouwen;35 tot 40 jaar;2030;18195;18859;-664
4658;Mannen en Vrouwen;35 tot 40 jaar;2031;18175;18858;-683
4659;Mannen en Vrouwen;35 tot 40 jaar;2032;18176;18858;-682
4660;Mannen en Vrouwen;35 tot 40 jaar;2033;18194;18899;-705
4661;Mannen en Vrouwen;35 tot 40 jaar;2034;18218;18942;-724
4662;Mannen en Vrouwen;35 tot 40 jaar;2035;18270;19028;-758
4663;Mannen en Vrouwen;35 tot 40 jaar;2036;18311;19088;-777
4664;Mannen en Vrouwen;35 tot 40 jaar;2037;18334;19132;-798
4665;Mannen en Vrouwen;35 tot 40 jaar;2038;18327;19148;-821
4666;Mannen en Vrouwen;35 tot 40 jaar;2039;18315;19127;-812
4667;Mannen en Vrouwen;35 tot 40 jaar;2040;18263;19069;-806
4668;Mannen en Vrouwen;35 tot 40 jaar;2041;18203;19022;-819
4669;Mannen en Vrouwen;35 tot 40 jaar;2042;18153;18973;-820
4670;Mannen en Vrouwen;35 tot 40 jaar;2043;18123;18952;-829
4671;Mannen en Vrouwen;35 tot 40 jaar;2044;18103;18945;-842
4672;Mannen en Vrouwen;35 tot 40 jaar;2045;18083;18961;-878
4673;Mannen en Vrouwen;35 tot 40 jaar;2046;18069;18964;-895
4674;Mannen en Vrouwen;35 tot 40 jaar;2047;18062;18959;-897
4675;Mannen en Vrouwen;35 tot 40 jaar;2048;18030;18922;-892
4676;Mannen en Vrouwen;35 tot 40 jaar;2049;18011;18911;-900
4677;Mannen en Vrouwen;35 tot 40 jaar;2050;17970;18873;-903
4678;Mannen en Vrouwen;35 tot 40 jaar;2051;17959;18867;-908
4679;Mannen en Vrouwen;35 tot 40 jaar;2052;17954;18859;-905
4680;Mannen en Vrouwen;35 tot 40 jaar;2053;17958;18879;-921
4681;Mannen en Vrouwen;35 tot 40 jaar;2054;17970;18890;-920
4682;Mannen en Vrouwen;35 tot 40 jaar;2055;17990;18925;-935
4683;Mannen en Vrouwen;35 tot 40 jaar;2056;18015;18971;-956
4684;Mannen en Vrouwen;35 tot 40 jaar;2057;18043;19030;-987
4685;Mannen en Vrouwen;35 tot 40 jaar;2058;18080;19100;-1020
4686;Mannen en Vrouwen;35 tot 40 jaar;2059;18114;19172;-1058
4687;Mannen en Vrouwen;40 tot 45 jaar;2017;12952;9063;3889
4688;Mannen en Vrouwen;40 tot 45 jaar;2018;12049;9414;2635
4689;Mannen en Vrouwen;40 tot 45 jaar;2019;11845;9770;2075
4690;Mannen en Vrouwen;40 tot 45 jaar;2020;11820;10226;1594
4691;Mannen en Vrouwen;40 tot 45 jaar;2021;11859;10671;1188
4692;Mannen en Vrouwen;40 tot 45 jaar;2022;11952;11139;813
4693;Mannen en Vrouwen;40 tot 45 jaar;2023;12044;11568;476
4694;Mannen en Vrouwen;40 tot 45 jaar;2024;12113;11990;123
4695;Mannen en Vrouwen;40 tot 45 jaar;2025;12206;12334;-128
4696;Mannen en Vrouwen;40 tot 45 jaar;2026;12258;12646;-388
4697;Mannen en Vrouwen;40 tot 45 jaar;2027;12311;12896;-585
4698;Mannen en Vrouwen;40 tot 45 jaar;2028;12360;13091;-731
4699;Mannen en Vrouwen;40 tot 45 jaar;2029;12386;13246;-860
4700;Mannen en Vrouwen;40 tot 45 jaar;2030;12443;13407;-964
4701;Mannen en Vrouwen;40 tot 45 jaar;2031;12490;13536;-1046
4702;Mannen en Vrouwen;40 tot 45 jaar;2032;12520;13652;-1132
4703;Mannen en Vrouwen;40 tot 45 jaar;2033;12541;13726;-1185
4704;Mannen en Vrouwen;40 tot 45 jaar;2034;12572;13783;-1211
4705;Mannen en Vrouwen;40 tot 45 jaar;2035;12560;13787;-1227
4706;Mannen en Vrouwen;40 tot 45 jaar;2036;12546;13790;-1244
4707;Mannen en Vrouwen;40 tot 45 jaar;2037;12548;13798;-1250
4708;Mannen en Vrouwen;40 tot 45 jaar;2038;12564;13838;-1274
4709;Mannen en Vrouwen;40 tot 45 jaar;2039;12591;13874;-1283
4710;Mannen en Vrouwen;40 tot 45 jaar;2040;12626;13942;-1316
4711;Mannen en Vrouwen;40 tot 45 jaar;2041;12661;13992;-1331
4712;Mannen en Vrouwen;40 tot 45 jaar;2042;12682;14028;-1346
4713;Mannen en Vrouwen;40 tot 45 jaar;2043;12683;14043;-1360
4714;Mannen en Vrouwen;40 tot 45 jaar;2044;12684;14032;-1348
4715;Mannen en Vrouwen;40 tot 45 jaar;2045;12628;13988;-1360
4716;Mannen en Vrouwen;40 tot 45 jaar;2046;12591;13949;-1358
4717;Mannen en Vrouwen;40 tot 45 jaar;2047;12553;13907;-1354
4718;Mannen en Vrouwen;40 tot 45 jaar;2048;12524;13886;-1362
4719;Mannen en Vrouwen;40 tot 45 jaar;2049;12504;13882;-1378
4720;Mannen en Vrouwen;40 tot 45 jaar;2050;12497;13898;-1401
4721;Mannen en Vrouwen;40 tot 45 jaar;2051;12491;13905;-1414
4722;Mannen en Vrouwen;40 tot 45 jaar;2052;12486;13909;-1423
4723;Mannen en Vrouwen;40 tot 45 jaar;2053;12441;13887;-1446
4724;Mannen en Vrouwen;40 tot 45 jaar;2054;12431;13880;-1449
4725;Mannen en Vrouwen;40 tot 45 jaar;2055;12407;13859;-1452
4726;Mannen en Vrouwen;40 tot 45 jaar;2056;12398;13859;-1461
4727;Mannen en Vrouwen;40 tot 45 jaar;2057;12388;13864;-1476
4728;Mannen en Vrouwen;40 tot 45 jaar;2058;12394;13888;-1494
4729;Mannen en Vrouwen;40 tot 45 jaar;2059;12398;13905;-1507
4730;Mannen en Vrouwen;45 tot 50 jaar;2017;9681;7104;2577
4731;Mannen en Vrouwen;45 tot 50 jaar;2018;8917;7199;1718
4732;Mannen en Vrouwen;45 tot 50 jaar;2019;8641;7281;1360
4733;Mannen en Vrouwen;45 tot 50 jaar;2020;8504;7342;1162
4734;Mannen en Vrouwen;45 tot 50 jaar;2021;8451;7442;1009
4735;Mannen en Vrouwen;45 tot 50 jaar;2022;8458;7577;881
4736;Mannen en Vrouwen;45 tot 50 jaar;2023;8510;7785;725
4737;Mannen en Vrouwen;45 tot 50 jaar;2024;8559;7993;566
4738;Mannen en Vrouwen;45 tot 50 jaar;2025;8643;8250;393
4739;Mannen en Vrouwen;45 tot 50 jaar;2026;8684;8478;206
4740;Mannen en Vrouwen;45 tot 50 jaar;2027;8705;8708;-3
4741;Mannen en Vrouwen;45 tot 50 jaar;2028;8710;8885;-175
4742;Mannen en Vrouwen;45 tot 50 jaar;2029;8700;9064;-364
4743;Mannen en Vrouwen;45 tot 50 jaar;2030;8710;9206;-496
4744;Mannen en Vrouwen;45 tot 50 jaar;2031;8725;9339;-614
4745;Mannen en Vrouwen;45 tot 50 jaar;2032;8752;9446;-694
4746;Mannen en Vrouwen;45 tot 50 jaar;2033;8773;9550;-777
4747;Mannen en Vrouwen;45 tot 50 jaar;2034;8809;9643;-834
4748;Mannen en Vrouwen;45 tot 50 jaar;2035;8847;9746;-899
4749;Mannen en Vrouwen;45 tot 50 jaar;2036;8877;9832;-955
4750;Mannen en Vrouwen;45 tot 50 jaar;2037;8893;9906;-1013
4751;Mannen en Vrouwen;45 tot 50 jaar;2038;8916;9959;-1043
4752;Mannen en Vrouwen;45 tot 50 jaar;2039;8933;9998;-1065
4753;Mannen en Vrouwen;45 tot 50 jaar;2040;8926;9996;-1070
4754;Mannen en Vrouwen;45 tot 50 jaar;2041;8910;9993;-1083
4755;Mannen en Vrouwen;45 tot 50 jaar;2042;8908;9998;-1090
4756;Mannen en Vrouwen;45 tot 50 jaar;2043;8937;10030;-1093
4757;Mannen en Vrouwen;45 tot 50 jaar;2044;8954;10059;-1105
4758;Mannen en Vrouwen;45 tot 50 jaar;2045;8977;10109;-1132
4759;Mannen en Vrouwen;45 tot 50 jaar;2046;9015;10144;-1129
4760;Mannen en Vrouwen;45 tot 50 jaar;2047;9041;10168;-1127
4761;Mannen en Vrouwen;45 tot 50 jaar;2048;9046;10178;-1132
4762;Mannen en Vrouwen;45 tot 50 jaar;2049;9031;10169;-1138
4763;Mannen en Vrouwen;45 tot 50 jaar;2050;8996;10136;-1140
4764;Mannen en Vrouwen;45 tot 50 jaar;2051;8963;10108;-1145
4765;Mannen en Vrouwen;45 tot 50 jaar;2052;8935;10076;-1141
4766;Mannen en Vrouwen;45 tot 50 jaar;2053;8901;10063;-1162
4767;Mannen en Vrouwen;45 tot 50 jaar;2054;8896;10060;-1164
4768;Mannen en Vrouwen;45 tot 50 jaar;2055;8892;10070;-1178
4769;Mannen en Vrouwen;45 tot 50 jaar;2056;8888;10074;-1186
4770;Mannen en Vrouwen;45 tot 50 jaar;2057;8872;10080;-1208
4771;Mannen en Vrouwen;45 tot 50 jaar;2058;8857;10061;-1204
4772;Mannen en Vrouwen;45 tot 50 jaar;2059;8844;10057;-1213
4773;Mannen en Vrouwen;50 tot 55 jaar;2017;6645;5466;1179
4774;Mannen en Vrouwen;50 tot 55 jaar;2018;6125;5631;494
4775;Mannen en Vrouwen;50 tot 55 jaar;2019;5979;5776;203
4776;Mannen en Vrouwen;50 tot 55 jaar;2020;5932;5943;-11
4777;Mannen en Vrouwen;50 tot 55 jaar;2021;5938;6097;-159
4778;Mannen en Vrouwen;50 tot 55 jaar;2022;5954;6233;-279
4779;Mannen en Vrouwen;50 tot 55 jaar;2023;5951;6299;-348
4780;Mannen en Vrouwen;50 tot 55 jaar;2024;5927;6321;-394
4781;Mannen en Vrouwen;50 tot 55 jaar;2025;5901;6308;-407
4782;Mannen en Vrouwen;50 tot 55 jaar;2026;5858;6309;-451
4783;Mannen en Vrouwen;50 tot 55 jaar;2027;5826;6338;-512
4784;Mannen en Vrouwen;50 tot 55 jaar;2028;5814;6413;-599
4785;Mannen en Vrouwen;50 tot 55 jaar;2029;5808;6493;-685
4786;Mannen en Vrouwen;50 tot 55 jaar;2030;5836;6622;-786
4787;Mannen en Vrouwen;50 tot 55 jaar;2031;5845;6741;-896
4788;Mannen en Vrouwen;50 tot 55 jaar;2032;5853;6859;-1006
4789;Mannen en Vrouwen;50 tot 55 jaar;2033;5846;6958;-1112
4790;Mannen en Vrouwen;50 tot 55 jaar;2034;5858;7068;-1210
4791;Mannen en Vrouwen;50 tot 55 jaar;2035;5862;7159;-1297
4792;Mannen en Vrouwen;50 tot 55 jaar;2036;5869;7252;-1383
4793;Mannen en Vrouwen;50 tot 55 jaar;2037;5888;7335;-1447
4794;Mannen en Vrouwen;50 tot 55 jaar;2038;5913;7418;-1505
4795;Mannen en Vrouwen;50 tot 55 jaar;2039;5930;7484;-1554
4796;Mannen en Vrouwen;50 tot 55 jaar;2040;5963;7555;-1592
4797;Mannen en Vrouwen;50 tot 55 jaar;2041;5990;7619;-1629
4798;Mannen en Vrouwen;50 tot 55 jaar;2042;6010;7670;-1660
4799;Mannen en Vrouwen;50 tot 55 jaar;2043;6031;7712;-1681
4800;Mannen en Vrouwen;50 tot 55 jaar;2044;6046;7744;-1698
4801;Mannen en Vrouwen;50 tot 55 jaar;2045;6034;7742;-1708
4802;Mannen en Vrouwen;50 tot 55 jaar;2046;6044;7741;-1697
4803;Mannen en Vrouwen;50 tot 55 jaar;2047;6045;7745;-1700
4804;Mannen en Vrouwen;50 tot 55 jaar;2048;6062;7767;-1705
4805;Mannen en Vrouwen;50 tot 55 jaar;2049;6072;7793;-1721
4806;Mannen en Vrouwen;50 tot 55 jaar;2050;6106;7840;-1734
4807;Mannen en Vrouwen;50 tot 55 jaar;2051;6139;7875;-1736
4808;Mannen en Vrouwen;50 tot 55 jaar;2052;6154;7902;-1748
4809;Mannen en Vrouwen;50 tot 55 jaar;2053;6156;7915;-1759
4810;Mannen en Vrouwen;50 tot 55 jaar;2054;6151;7911;-1760
4811;Mannen en Vrouwen;50 tot 55 jaar;2055;6132;7884;-1752
4812;Mannen en Vrouwen;50 tot 55 jaar;2056;6102;7864;-1762
4813;Mannen en Vrouwen;50 tot 55 jaar;2057;6067;7837;-1770
4814;Mannen en Vrouwen;50 tot 55 jaar;2058;6057;7825;-1768
4815;Mannen en Vrouwen;50 tot 55 jaar;2059;6044;7825;-1781
4816;Mannen en Vrouwen;55 tot 60 jaar;2017;4407;3944;463
4817;Mannen en Vrouwen;55 tot 60 jaar;2018;4089;4126;-37
4818;Mannen en Vrouwen;55 tot 60 jaar;2019;3995;4320;-325
4819;Mannen en Vrouwen;55 tot 60 jaar;2020;3979;4474;-495
4820;Mannen en Vrouwen;55 tot 60 jaar;2021;3968;4627;-659
4821;Mannen en Vrouwen;55 tot 60 jaar;2022;3999;4757;-758
4822;Mannen en Vrouwen;55 tot 60 jaar;2023;4031;4886;-855
4823;Mannen en Vrouwen;55 tot 60 jaar;2024;4070;4995;-925
4824;Mannen en Vrouwen;55 tot 60 jaar;2025;4098;5094;-996
4825;Mannen en Vrouwen;55 tot 60 jaar;2026;4086;5164;-1078
4826;Mannen en Vrouwen;55 tot 60 jaar;2027;4068;5218;-1150
4827;Mannen en Vrouwen;55 tot 60 jaar;2028;4021;5208;-1187
4828;Mannen en Vrouwen;55 tot 60 jaar;2029;3958;5176;-1218
4829;Mannen en Vrouwen;55 tot 60 jaar;2030;3894;5127;-1233
4830;Mannen en Vrouwen;55 tot 60 jaar;2031;3854;5095;-1241
4831;Mannen en Vrouwen;55 tot 60 jaar;2032;3816;5085;-1269
4832;Mannen en Vrouwen;55 tot 60 jaar;2033;3806;5118;-1312
4833;Mannen en Vrouwen;55 tot 60 jaar;2034;3804;5165;-1361
4834;Mannen en Vrouwen;55 tot 60 jaar;2035;3823;5253;-1430
4835;Mannen en Vrouwen;55 tot 60 jaar;2036;3841;5340;-1499
4836;Mannen en Vrouwen;55 tot 60 jaar;2037;3845;5419;-1574
4837;Mannen en Vrouwen;55 tot 60 jaar;2038;3844;5494;-1650
4838;Mannen en Vrouwen;55 tot 60 jaar;2039;3854;5569;-1715
4839;Mannen en Vrouwen;55 tot 60 jaar;2040;3849;5631;-1782
4840;Mannen en Vrouwen;55 tot 60 jaar;2041;3853;5699;-1846
4841;Mannen en Vrouwen;55 tot 60 jaar;2042;3870;5762;-1892
4842;Mannen en Vrouwen;55 tot 60 jaar;2043;3903;5828;-1925
4843;Mannen en Vrouwen;55 tot 60 jaar;2044;3931;5878;-1947
4844;Mannen en Vrouwen;55 tot 60 jaar;2045;3953;5938;-1985
4845;Mannen en Vrouwen;55 tot 60 jaar;2046;3973;5990;-2017
4846;Mannen en Vrouwen;55 tot 60 jaar;2047;4000;6035;-2035
4847;Mannen en Vrouwen;55 tot 60 jaar;2048;4019;6068;-2049
4848;Mannen en Vrouwen;55 tot 60 jaar;2049;4030;6096;-2066
4849;Mannen en Vrouwen;55 tot 60 jaar;2050;4025;6099;-2074
4850;Mannen en Vrouwen;55 tot 60 jaar;2051;4030;6104;-2074
4851;Mannen en Vrouwen;55 tot 60 jaar;2052;4038;6111;-2073
4852;Mannen en Vrouwen;55 tot 60 jaar;2053;4043;6139;-2096
4853;Mannen en Vrouwen;55 tot 60 jaar;2054;4063;6169;-2106
4854;Mannen en Vrouwen;55 tot 60 jaar;2055;4093;6216;-2123
4855;Mannen en Vrouwen;55 tot 60 jaar;2056;4121;6250;-2129
4856;Mannen en Vrouwen;55 tot 60 jaar;2057;4132;6280;-2148
4857;Mannen en Vrouwen;55 tot 60 jaar;2058;4142;6294;-2152
4858;Mannen en Vrouwen;55 tot 60 jaar;2059;4138;6296;-2158
4859;Mannen en Vrouwen;60 tot 65 jaar;2017;2632;2641;-9
4860;Mannen en Vrouwen;60 tot 65 jaar;2018;2436;2743;-307
4861;Mannen en Vrouwen;60 tot 65 jaar;2019;2372;2870;-498
4862;Mannen en Vrouwen;60 tot 65 jaar;2020;2359;3035;-676
4863;Mannen en Vrouwen;60 tot 65 jaar;2021;2370;3159;-789
4864;Mannen en Vrouwen;60 tot 65 jaar;2022;2410;3316;-906
4865;Mannen en Vrouwen;60 tot 65 jaar;2023;2455;3472;-1017
4866;Mannen en Vrouwen;60 tot 65 jaar;2024;2489;3626;-1137
4867;Mannen en Vrouwen;60 tot 65 jaar;2025;2510;3721;-1211
4868;Mannen en Vrouwen;60 tot 65 jaar;2026;2515;3802;-1287
4869;Mannen en Vrouwen;60 tot 65 jaar;2027;2507;3848;-1341
4870;Mannen en Vrouwen;60 tot 65 jaar;2028;2500;3915;-1415
4871;Mannen en Vrouwen;60 tot 65 jaar;2029;2494;3967;-1473
4872;Mannen en Vrouwen;60 tot 65 jaar;2030;2490;4027;-1537
4873;Mannen en Vrouwen;60 tot 65 jaar;2031;2479;4068;-1589
4874;Mannen en Vrouwen;60 tot 65 jaar;2032;2457;4106;-1649
4875;Mannen en Vrouwen;60 tot 65 jaar;2033;2419;4094;-1675
4876;Mannen en Vrouwen;60 tot 65 jaar;2034;2367;4064;-1697
4877;Mannen en Vrouwen;60 tot 65 jaar;2035;2310;4015;-1705
4878;Mannen en Vrouwen;60 tot 65 jaar;2036;2269;3976;-1707
4879;Mannen en Vrouwen;60 tot 65 jaar;2037;2236;3964;-1728
4880;Mannen en Vrouwen;60 tot 65 jaar;2038;2221;3986;-1765
4881;Mannen en Vrouwen;60 tot 65 jaar;2039;2223;4015;-1792
4882;Mannen en Vrouwen;60 tot 65 jaar;2040;2231;4074;-1843
4883;Mannen en Vrouwen;60 tot 65 jaar;2041;2237;4138;-1901
4884;Mannen en Vrouwen;60 tot 65 jaar;2042;2237;4191;-1954
4885;Mannen en Vrouwen;60 tot 65 jaar;2043;2235;4238;-2003
4886;Mannen en Vrouwen;60 tot 65 jaar;2044;2246;4295;-2049
4887;Mannen en Vrouwen;60 tot 65 jaar;2045;2248;4340;-2092
4888;Mannen en Vrouwen;60 tot 65 jaar;2046;2256;4393;-2137
4889;Mannen en Vrouwen;60 tot 65 jaar;2047;2274;4440;-2166
4890;Mannen en Vrouwen;60 tot 65 jaar;2048;2291;4492;-2201
4891;Mannen en Vrouwen;60 tot 65 jaar;2049;2307;4536;-2229
4892;Mannen en Vrouwen;60 tot 65 jaar;2050;2335;4584;-2249
4893;Mannen en Vrouwen;60 tot 65 jaar;2051;2351;4627;-2276
4894;Mannen en Vrouwen;60 tot 65 jaar;2052;2367;4665;-2298
4895;Mannen en Vrouwen;60 tot 65 jaar;2053;2373;4696;-2323
4896;Mannen en Vrouwen;60 tot 65 jaar;2054;2387;4723;-2336
4897;Mannen en Vrouwen;60 tot 65 jaar;2055;2392;4733;-2341
4898;Mannen en Vrouwen;60 tot 65 jaar;2056;2388;4740;-2352
4899;Mannen en Vrouwen;60 tot 65 jaar;2057;2383;4753;-2370
4900;Mannen en Vrouwen;60 tot 65 jaar;2058;2393;4782;-2389
4901;Mannen en Vrouwen;60 tot 65 jaar;2059;2397;4808;-2411
4902;Mannen en Vrouwen;65 tot 70 jaar;2017;1710;2170;-460
4903;Mannen en Vrouwen;65 tot 70 jaar;2018;1565;2185;-620
4904;Mannen en Vrouwen;65 tot 70 jaar;2019;1503;2225;-722
4905;Mannen en Vrouwen;65 tot 70 jaar;2020;1487;2281;-794
4906;Mannen en Vrouwen;65 tot 70 jaar;2021;1497;2391;-894
4907;Mannen en Vrouwen;65 tot 70 jaar;2022;1527;2482;-955
4908;Mannen en Vrouwen;65 tot 70 jaar;2023;1563;2587;-1024
4909;Mannen en Vrouwen;65 tot 70 jaar;2024;1594;2695;-1101
4910;Mannen en Vrouwen;65 tot 70 jaar;2025;1616;2812;-1196
4911;Mannen en Vrouwen;65 tot 70 jaar;2026;1625;2885;-1260
4912;Mannen en Vrouwen;65 tot 70 jaar;2027;1634;2981;-1347
4913;Mannen en Vrouwen;65 tot 70 jaar;2028;1647;3079;-1432
4914;Mannen en Vrouwen;65 tot 70 jaar;2029;1654;3181;-1527
4915;Mannen en Vrouwen;65 tot 70 jaar;2030;1660;3247;-1587
4916;Mannen en Vrouwen;65 tot 70 jaar;2031;1655;3308;-1653
4917;Mannen en Vrouwen;65 tot 70 jaar;2032;1647;3334;-1687
4918;Mannen en Vrouwen;65 tot 70 jaar;2033;1638;3367;-1729
4919;Mannen en Vrouwen;65 tot 70 jaar;2034;1638;3407;-1769
4920;Mannen en Vrouwen;65 tot 70 jaar;2035;1635;3454;-1819
4921;Mannen en Vrouwen;65 tot 70 jaar;2036;1624;3481;-1857
4922;Mannen en Vrouwen;65 tot 70 jaar;2037;1600;3506;-1906
4923;Mannen en Vrouwen;65 tot 70 jaar;2038;1564;3481;-1917
4924;Mannen en Vrouwen;65 tot 70 jaar;2039;1521;3438;-1917
4925;Mannen en Vrouwen;65 tot 70 jaar;2040;1477;3381;-1904
4926;Mannen en Vrouwen;65 tot 70 jaar;2041;1436;3338;-1902
4927;Mannen en Vrouwen;65 tot 70 jaar;2042;1411;3317;-1906
4928;Mannen en Vrouwen;65 tot 70 jaar;2043;1402;3326;-1924
4929;Mannen en Vrouwen;65 tot 70 jaar;2044;1404;3342;-1938
4930;Mannen en Vrouwen;65 tot 70 jaar;2045;1408;3390;-1982
4931;Mannen en Vrouwen;65 tot 70 jaar;2046;1422;3436;-2014
4932;Mannen en Vrouwen;65 tot 70 jaar;2047;1428;3474;-2046
4933;Mannen en Vrouwen;65 tot 70 jaar;2048;1431;3502;-2071
4934;Mannen en Vrouwen;65 tot 70 jaar;2049;1435;3544;-2109
4935;Mannen en Vrouwen;65 tot 70 jaar;2050;1438;3581;-2143
4936;Mannen en Vrouwen;65 tot 70 jaar;2051;1443;3629;-2186
4937;Mannen en Vrouwen;65 tot 70 jaar;2052;1464;3670;-2206
4938;Mannen en Vrouwen;65 tot 70 jaar;2053;1479;3712;-2233
4939;Mannen en Vrouwen;65 tot 70 jaar;2054;1496;3743;-2247
4940;Mannen en Vrouwen;65 tot 70 jaar;2055;1515;3784;-2269
4941;Mannen en Vrouwen;65 tot 70 jaar;2056;1540;3820;-2280
4942;Mannen en Vrouwen;65 tot 70 jaar;2057;1550;3849;-2299
4943;Mannen en Vrouwen;65 tot 70 jaar;2058;1570;3871;-2301
4944;Mannen en Vrouwen;65 tot 70 jaar;2059;1572;3889;-2317
4945;Mannen en Vrouwen;70 tot 75 jaar;2017;1163;1162;1
4946;Mannen en Vrouwen;70 tot 75 jaar;2018;1090;1218;-128
4947;Mannen en Vrouwen;70 tot 75 jaar;2019;1054;1257;-203
4948;Mannen en Vrouwen;70 tot 75 jaar;2020;1054;1306;-252
4949;Mannen en Vrouwen;70 tot 75 jaar;2021;1035;1318;-283
4950;Mannen en Vrouwen;70 tot 75 jaar;2022;1037;1341;-304
4951;Mannen en Vrouwen;70 tot 75 jaar;2023;1052;1365;-313
4952;Mannen en Vrouwen;70 tot 75 jaar;2024;1066;1398;-332
4953;Mannen en Vrouwen;70 tot 75 jaar;2025;1080;1424;-344
4954;Mannen en Vrouwen;70 tot 75 jaar;2026;1088;1476;-388
4955;Mannen en Vrouwen;70 tot 75 jaar;2027;1096;1508;-412
4956;Mannen en Vrouwen;70 tot 75 jaar;2028;1109;1559;-450
4957;Mannen en Vrouwen;70 tot 75 jaar;2029;1117;1612;-495
4958;Mannen en Vrouwen;70 tot 75 jaar;2030;1125;1682;-557
4959;Mannen en Vrouwen;70 tot 75 jaar;2031;1133;1734;-601
4960;Mannen en Vrouwen;70 tot 75 jaar;2032;1138;1800;-662
4961;Mannen en Vrouwen;70 tot 75 jaar;2033;1143;1861;-718
4962;Mannen en Vrouwen;70 tot 75 jaar;2034;1152;1930;-778
4963;Mannen en Vrouwen;70 tot 75 jaar;2035;1156;1972;-816
4964;Mannen en Vrouwen;70 tot 75 jaar;2036;1151;2015;-864
4965;Mannen en Vrouwen;70 tot 75 jaar;2037;1145;2029;-884
4966;Mannen en Vrouwen;70 tot 75 jaar;2038;1137;2060;-923
4967;Mannen en Vrouwen;70 tot 75 jaar;2039;1137;2090;-953
4968;Mannen en Vrouwen;70 tot 75 jaar;2040;1133;2125;-992
4969;Mannen en Vrouwen;70 tot 75 jaar;2041;1121;2152;-1031
4970;Mannen en Vrouwen;70 tot 75 jaar;2042;1109;2178;-1069
4971;Mannen en Vrouwen;70 tot 75 jaar;2043;1082;2166;-1084
4972;Mannen en Vrouwen;70 tot 75 jaar;2044;1051;2150;-1099
4973;Mannen en Vrouwen;70 tot 75 jaar;2045;1008;2112;-1104
4974;Mannen en Vrouwen;70 tot 75 jaar;2046;981;2082;-1101
4975;Mannen en Vrouwen;70 tot 75 jaar;2047;964;2065;-1101
4976;Mannen en Vrouwen;70 tot 75 jaar;2048;963;2066;-1103
4977;Mannen en Vrouwen;70 tot 75 jaar;2049;962;2072;-1110
4978;Mannen en Vrouwen;70 tot 75 jaar;2050;968;2099;-1131
4979;Mannen en Vrouwen;70 tot 75 jaar;2051;973;2122;-1149
4980;Mannen en Vrouwen;70 tot 75 jaar;2052;977;2144;-1167
4981;Mannen en Vrouwen;70 tot 75 jaar;2053;985;2166;-1181
4982;Mannen en Vrouwen;70 tot 75 jaar;2054;988;2194;-1206
4983;Mannen en Vrouwen;70 tot 75 jaar;2055;994;2218;-1224
4984;Mannen en Vrouwen;70 tot 75 jaar;2056;1008;2245;-1237
4985;Mannen en Vrouwen;70 tot 75 jaar;2057;1019;2266;-1247
4986;Mannen en Vrouwen;70 tot 75 jaar;2058;1035;2289;-1254
4987;Mannen en Vrouwen;70 tot 75 jaar;2059;1049;2306;-1257
4988;Mannen en Vrouwen;75 tot 80 jaar;2017;641;606;35
4989;Mannen en Vrouwen;75 tot 80 jaar;2018;602;624;-22
4990;Mannen en Vrouwen;75 tot 80 jaar;2019;594;649;-55
4991;Mannen en Vrouwen;75 tot 80 jaar;2020;593;664;-71
4992;Mannen en Vrouwen;75 tot 80 jaar;2021;637;718;-81
4993;Mannen en Vrouwen;75 tot 80 jaar;2022;678;765;-87
4994;Mannen en Vrouwen;75 tot 80 jaar;2023;711;810;-99
4995;Mannen en Vrouwen;75 tot 80 jaar;2024;734;847;-113
4996;Mannen en Vrouwen;75 tot 80 jaar;2025;751;876;-125
4997;Mannen en Vrouwen;75 tot 80 jaar;2026;735;879;-144
4998;Mannen en Vrouwen;75 tot 80 jaar;2027;725;895;-170
4999;Mannen en Vrouwen;75 tot 80 jaar;2028;727;910;-183
5000;Mannen en Vrouwen;75 tot 80 jaar;2029;727;936;-209
5001;Mannen en Vrouwen;75 tot 80 jaar;2030;732;958;-226
5002;Mannen en Vrouwen;75 tot 80 jaar;2031;737;1003;-266
5003;Mannen en Vrouwen;75 tot 80 jaar;2032;741;1036;-295
5004;Mannen en Vrouwen;75 tot 80 jaar;2033;746;1082;-336
5005;Mannen en Vrouwen;75 tot 80 jaar;2034;752;1124;-372
5006;Mannen en Vrouwen;75 tot 80 jaar;2035;759;1185;-426
5007;Mannen en Vrouwen;75 tot 80 jaar;2036;771;1231;-460
5008;Mannen en Vrouwen;75 tot 80 jaar;2037;778;1291;-513
5009;Mannen en Vrouwen;75 tot 80 jaar;2038;784;1346;-562
5010;Mannen en Vrouwen;75 tot 80 jaar;2039;794;1412;-618
5011;Mannen en Vrouwen;75 tot 80 jaar;2040;796;1450;-654
5012;Mannen en Vrouwen;75 tot 80 jaar;2041;790;1501;-711
5013;Mannen en Vrouwen;75 tot 80 jaar;2042;788;1521;-733
5014;Mannen en Vrouwen;75 tot 80 jaar;2043;787;1561;-774
5015;Mannen en Vrouwen;75 tot 80 jaar;2044;790;1593;-803
5016;Mannen en Vrouwen;75 tot 80 jaar;2045;783;1630;-847
5017;Mannen en Vrouwen;75 tot 80 jaar;2046;781;1659;-878
5018;Mannen en Vrouwen;75 tot 80 jaar;2047;771;1697;-926
5019;Mannen en Vrouwen;75 tot 80 jaar;2048;748;1702;-954
5020;Mannen en Vrouwen;75 tot 80 jaar;2049;723;1704;-981
5021;Mannen en Vrouwen;75 tot 80 jaar;2050;700;1689;-989
5022;Mannen en Vrouwen;75 tot 80 jaar;2051;684;1673;-989
5023;Mannen en Vrouwen;75 tot 80 jaar;2052;674;1666;-992
5024;Mannen en Vrouwen;75 tot 80 jaar;2053;669;1669;-1000
5025;Mannen en Vrouwen;75 tot 80 jaar;2054;668;1674;-1006
5026;Mannen en Vrouwen;75 tot 80 jaar;2055;679;1696;-1017
5027;Mannen en Vrouwen;75 tot 80 jaar;2056;688;1721;-1033
5028;Mannen en Vrouwen;75 tot 80 jaar;2057;695;1738;-1043
5029;Mannen en Vrouwen;75 tot 80 jaar;2058;697;1756;-1059
5030;Mannen en Vrouwen;75 tot 80 jaar;2059;699;1782;-1083
5031;Mannen en Vrouwen;80 tot 85 jaar;2017;342;266;76
5032;Mannen en Vrouwen;80 tot 85 jaar;2018;321;291;30
5033;Mannen en Vrouwen;80 tot 85 jaar;2019;311;315;-4
5034;Mannen en Vrouwen;80 tot 85 jaar;2020;315;347;-32
5035;Mannen en Vrouwen;80 tot 85 jaar;2021;318;363;-45
5036;Mannen en Vrouwen;80 tot 85 jaar;2022;329;382;-53
5037;Mannen en Vrouwen;80 tot 85 jaar;2023;343;394;-51
5038;Mannen en Vrouwen;80 tot 85 jaar;2024;359;410;-51
5039;Mannen en Vrouwen;80 tot 85 jaar;2025;365;421;-56
5040;Mannen en Vrouwen;80 tot 85 jaar;2026;398;454;-56
5041;Mannen en Vrouwen;80 tot 85 jaar;2027;420;479;-59
5042;Mannen en Vrouwen;80 tot 85 jaar;2028;435;506;-71
5043;Mannen en Vrouwen;80 tot 85 jaar;2029;439;528;-89
5044;Mannen en Vrouwen;80 tot 85 jaar;2030;445;553;-108
5045;Mannen en Vrouwen;80 tot 85 jaar;2031;435;562;-127
5046;Mannen en Vrouwen;80 tot 85 jaar;2032;431;579;-148
5047;Mannen en Vrouwen;80 tot 85 jaar;2033;430;594;-164
5048;Mannen en Vrouwen;80 tot 85 jaar;2034;433;622;-189
5049;Mannen en Vrouwen;80 tot 85 jaar;2035;436;643;-207
5050;Mannen en Vrouwen;80 tot 85 jaar;2036;443;680;-237
5051;Mannen en Vrouwen;80 tot 85 jaar;2037;443;710;-267
5052;Mannen en Vrouwen;80 tot 85 jaar;2038;451;745;-294
5053;Mannen en Vrouwen;80 tot 85 jaar;2039;457;781;-324
5054;Mannen en Vrouwen;80 tot 85 jaar;2040;460;838;-378
5055;Mannen en Vrouwen;80 tot 85 jaar;2041;468;872;-404
5056;Mannen en Vrouwen;80 tot 85 jaar;2042;473;922;-449
5057;Mannen en Vrouwen;80 tot 85 jaar;2043;478;970;-492
5058;Mannen en Vrouwen;80 tot 85 jaar;2044;485;1024;-539
5059;Mannen en Vrouwen;80 tot 85 jaar;2045;485;1062;-577
5060;Mannen en Vrouwen;80 tot 85 jaar;2046;487;1108;-621
5061;Mannen en Vrouwen;80 tot 85 jaar;2047;490;1132;-642
5062;Mannen en Vrouwen;80 tot 85 jaar;2048;487;1166;-679
5063;Mannen en Vrouwen;80 tot 85 jaar;2049;491;1198;-707
5064;Mannen en Vrouwen;80 tot 85 jaar;2050;491;1241;-750
5065;Mannen en Vrouwen;80 tot 85 jaar;2051;490;1275;-785
5066;Mannen en Vrouwen;80 tot 85 jaar;2052;485;1314;-829
5067;Mannen en Vrouwen;80 tot 85 jaar;2053;472;1330;-858
5068;Mannen en Vrouwen;80 tot 85 jaar;2054;451;1342;-891
5069;Mannen en Vrouwen;80 tot 85 jaar;2055;434;1332;-898
5070;Mannen en Vrouwen;80 tot 85 jaar;2056;422;1328;-906
5071;Mannen en Vrouwen;80 tot 85 jaar;2057;409;1328;-919
5072;Mannen en Vrouwen;80 tot 85 jaar;2058;406;1334;-928
5073;Mannen en Vrouwen;80 tot 85 jaar;2059;401;1338;-937
5074;Mannen en Vrouwen;85 tot 90 jaar;2017;129;111;18
5075;Mannen en Vrouwen;85 tot 90 jaar;2018;121;117;4
5076;Mannen en Vrouwen;85 tot 90 jaar;2019;117;125;-8
5077;Mannen en Vrouwen;85 tot 90 jaar;2020;117;134;-17
5078;Mannen en Vrouwen;85 tot 90 jaar;2021;119;145;-26
5079;Mannen en Vrouwen;85 tot 90 jaar;2022;122;156;-34
5080;Mannen en Vrouwen;85 tot 90 jaar;2023;130;170;-40
5081;Mannen en Vrouwen;85 tot 90 jaar;2024;134;183;-49
5082;Mannen en Vrouwen;85 tot 90 jaar;2025;140;199;-59
5083;Mannen en Vrouwen;85 tot 90 jaar;2026;141;207;-66
5084;Mannen en Vrouwen;85 tot 90 jaar;2027;144;214;-70
5085;Mannen en Vrouwen;85 tot 90 jaar;2028;149;226;-77
5086;Mannen en Vrouwen;85 tot 90 jaar;2029;155;235;-80
5087;Mannen en Vrouwen;85 tot 90 jaar;2030;159;246;-87
5088;Mannen en Vrouwen;85 tot 90 jaar;2031;176;268;-92
5089;Mannen en Vrouwen;85 tot 90 jaar;2032;187;286;-99
5090;Mannen en Vrouwen;85 tot 90 jaar;2033;192;305;-113
5091;Mannen en Vrouwen;85 tot 90 jaar;2034;195;318;-123
5092;Mannen en Vrouwen;85 tot 90 jaar;2035;189;337;-148
5093;Mannen en Vrouwen;85 tot 90 jaar;2036;190;346;-156
5094;Mannen en Vrouwen;85 tot 90 jaar;2037;190;361;-171
5095;Mannen en Vrouwen;85 tot 90 jaar;2038;191;378;-187
5096;Mannen en Vrouwen;85 tot 90 jaar;2039;195;399;-204
5097;Mannen en Vrouwen;85 tot 90 jaar;2040;195;418;-223
5098;Mannen en Vrouwen;85 tot 90 jaar;2041;196;448;-252
5099;Mannen en Vrouwen;85 tot 90 jaar;2042;199;471;-272
5100;Mannen en Vrouwen;85 tot 90 jaar;2043;201;500;-299
5101;Mannen en Vrouwen;85 tot 90 jaar;2044;206;529;-323
5102;Mannen en Vrouwen;85 tot 90 jaar;2045;210;571;-361
5103;Mannen en Vrouwen;85 tot 90 jaar;2046;213;600;-387
5104;Mannen en Vrouwen;85 tot 90 jaar;2047;217;639;-422
5105;Mannen en Vrouwen;85 tot 90 jaar;2048;222;675;-453
5106;Mannen en Vrouwen;85 tot 90 jaar;2049;225;723;-498
5107;Mannen en Vrouwen;85 tot 90 jaar;2050;228;755;-527
5108;Mannen en Vrouwen;85 tot 90 jaar;2051;229;787;-558
5109;Mannen en Vrouwen;85 tot 90 jaar;2052;229;807;-578
5110;Mannen en Vrouwen;85 tot 90 jaar;2053;228;841;-613
5111;Mannen en Vrouwen;85 tot 90 jaar;2054;233;872;-639
5112;Mannen en Vrouwen;85 tot 90 jaar;2055;233;909;-676
5113;Mannen en Vrouwen;85 tot 90 jaar;2056;235;936;-701
5114;Mannen en Vrouwen;85 tot 90 jaar;2057;227;969;-742
5115;Mannen en Vrouwen;85 tot 90 jaar;2058;219;984;-765
5116;Mannen en Vrouwen;85 tot 90 jaar;2059;207;997;-790
5117;Mannen en Vrouwen;90 tot 95 jaar;2017;5;11;-6
5118;Mannen en Vrouwen;90 tot 95 jaar;2018;5;12;-7
5119;Mannen en Vrouwen;90 tot 95 jaar;2019;5;12;-7
5120;Mannen en Vrouwen;90 tot 95 jaar;2020;5;14;-9
5121;Mannen en Vrouwen;90 tot 95 jaar;2021;5;14;-9
5122;Mannen en Vrouwen;90 tot 95 jaar;2022;5;15;-10
5123;Mannen en Vrouwen;90 tot 95 jaar;2023;5;16;-11
5124;Mannen en Vrouwen;90 tot 95 jaar;2024;5;17;-12
5125;Mannen en Vrouwen;90 tot 95 jaar;2025;5;18;-13
5126;Mannen en Vrouwen;90 tot 95 jaar;2026;5;19;-14
5127;Mannen en Vrouwen;90 tot 95 jaar;2027;5;21;-16
5128;Mannen en Vrouwen;90 tot 95 jaar;2028;5;23;-18
5129;Mannen en Vrouwen;90 tot 95 jaar;2029;5;23;-18
5130;Mannen en Vrouwen;90 tot 95 jaar;2030;5;25;-20
5131;Mannen en Vrouwen;90 tot 95 jaar;2031;5;25;-20
5132;Mannen en Vrouwen;90 tot 95 jaar;2032;5;28;-23
5133;Mannen en Vrouwen;90 tot 95 jaar;2033;5;29;-24
5134;Mannen en Vrouwen;90 tot 95 jaar;2034;5;32;-27
5135;Mannen en Vrouwen;90 tot 95 jaar;2035;5;33;-28
5136;Mannen en Vrouwen;90 tot 95 jaar;2036;6;39;-33
5137;Mannen en Vrouwen;90 tot 95 jaar;2037;6;41;-35
5138;Mannen en Vrouwen;90 tot 95 jaar;2038;6;42;-36
5139;Mannen en Vrouwen;90 tot 95 jaar;2039;6;43;-37
5140;Mannen en Vrouwen;90 tot 95 jaar;2040;6;47;-41
5141;Mannen en Vrouwen;90 tot 95 jaar;2041;6;46;-40
5142;Mannen en Vrouwen;90 tot 95 jaar;2042;6;50;-44
5143;Mannen en Vrouwen;90 tot 95 jaar;2043;6;53;-47
5144;Mannen en Vrouwen;90 tot 95 jaar;2044;6;57;-51
5145;Mannen en Vrouwen;90 tot 95 jaar;2045;6;61;-55
5146;Mannen en Vrouwen;90 tot 95 jaar;2046;6;65;-59
5147;Mannen en Vrouwen;90 tot 95 jaar;2047;6;67;-61
5148;Mannen en Vrouwen;90 tot 95 jaar;2048;6;72;-66
5149;Mannen en Vrouwen;90 tot 95 jaar;2049;7;76;-69
5150;Mannen en Vrouwen;90 tot 95 jaar;2050;7;84;-77
5151;Mannen en Vrouwen;90 tot 95 jaar;2051;7;85;-78
5152;Mannen en Vrouwen;90 tot 95 jaar;2052;7;91;-84
5153;Mannen en Vrouwen;90 tot 95 jaar;2053;7;95;-88
5154;Mannen en Vrouwen;90 tot 95 jaar;2054;7;102;-95
5155;Mannen en Vrouwen;90 tot 95 jaar;2055;7;105;-98
5156;Mannen en Vrouwen;90 tot 95 jaar;2056;7;106;-99
5157;Mannen en Vrouwen;90 tot 95 jaar;2057;7;108;-101
5158;Mannen en Vrouwen;90 tot 95 jaar;2058;7;115;-108
5159;Mannen en Vrouwen;90 tot 95 jaar;2059;8;120;-112
5160;Mannen en Vrouwen;95 jaar of ouder;2017;0;0;0
5161;Mannen en Vrouwen;95 jaar of ouder;2018;0;0;0
5162;Mannen en Vrouwen;95 jaar of ouder;2019;0;0;0
5163;Mannen en Vrouwen;95 jaar of ouder;2020;0;0;0
5164;Mannen en Vrouwen;95 jaar of ouder;2021;0;0;0
5165;Mannen en Vrouwen;95 jaar of ouder;2022;0;0;0
5166;Mannen en Vrouwen;95 jaar of ouder;2023;0;0;0
5167;Mannen en Vrouwen;95 jaar of ouder;2024;0;0;0
5168;Mannen en Vrouwen;95 jaar of ouder;2025;0;0;0
5169;Mannen en Vrouwen;95 jaar of ouder;2026;0;0;0
5170;Mannen en Vrouwen;95 jaar of ouder;2027;0;0;0
5171;Mannen en Vrouwen;95 jaar of ouder;2028;0;0;0
5172;Mannen en Vrouwen;95 jaar of ouder;2029;0;0;0
5173;Mannen en Vrouwen;95 jaar of ouder;2030;0;0;0
5174;Mannen en Vrouwen;95 jaar of ouder;2031;0;0;0
5175;Mannen en Vrouwen;95 jaar of ouder;2032;0;0;0
5176;Mannen en Vrouwen;95 jaar of ouder;2033;0;0;0
5177;Mannen en Vrouwen;95 jaar of ouder;2034;0;0;0
5178;Mannen en Vrouwen;95 jaar of ouder;2035;0;0;0
5179;Mannen en Vrouwen;95 jaar of ouder;2036;0;0;0
5180;Mannen en Vrouwen;95 jaar of ouder;2037;0;0;0
5181;Mannen en Vrouwen;95 jaar of ouder;2038;0;0;0
5182;Mannen en Vrouwen;95 jaar of ouder;2039;0;0;0
5183;Mannen en Vrouwen;95 jaar of ouder;2040;0;0;0
5184;Mannen en Vrouwen;95 jaar of ouder;2041;0;0;0
5185;Mannen en Vrouwen;95 jaar of ouder;2042;0;0;0
5186;Mannen en Vrouwen;95 jaar of ouder;2043;0;0;0
5187;Mannen en Vrouwen;95 jaar of ouder;2044;0;0;0
5188;Mannen en Vrouwen;95 jaar of ouder;2045;0;0;0
5189;Mannen en Vrouwen;95 jaar of ouder;2046;0;0;0
5190;Mannen en Vrouwen;95 jaar of ouder;2047;0;0;0
5191;Mannen en Vrouwen;95 jaar of ouder;2048;0;0;0
5192;Mannen en Vrouwen;95 jaar of ouder;2049;0;0;0
5193;Mannen en Vrouwen;95 jaar of ouder;2050;0;0;0
5194;Mannen en Vrouwen;95 jaar of ouder;2051;0;0;0
5195;Mannen en Vrouwen;95 jaar of ouder;2052;0;0;0
5196;Mannen en Vrouwen;95 jaar of ouder;2053;0;0;0
5197;Mannen en Vrouwen;95 jaar of ouder;2054;0;0;0
5198;Mannen en Vrouwen;95 jaar of ouder;2055;0;0;0
5199;Mannen en Vrouwen;95 jaar of ouder;2056;0;0;0
5200;Mannen en Vrouwen;95 jaar of ouder;2057;0;0;0
5201;Mannen en Vrouwen;95 jaar of ouder;2058;0;0;0
5202;Mannen en Vrouwen;95 jaar of ouder;2059;0;0;0
5203;Mannen en Vrouwen;0 tot 10 jaar;2017;23394;13470;9924
5204;Mannen en Vrouwen;0 tot 10 jaar;2018;21347;13770;7577
5205;Mannen en Vrouwen;0 tot 10 jaar;2019;20923;13999;6924
5206;Mannen en Vrouwen;0 tot 10 jaar;2020;20752;14188;6564
5207;Mannen en Vrouwen;0 tot 10 jaar;2021;20760;14393;6367
5208;Mannen en Vrouwen;0 tot 10 jaar;2022;20873;14605;6268
5209;Mannen en Vrouwen;0 tot 10 jaar;2023;21093;14828;6265
5210;Mannen en Vrouwen;0 tot 10 jaar;2024;21320;15010;6310
5211;Mannen en Vrouwen;0 tot 10 jaar;2025;21578;15196;6382
5212;Mannen en Vrouwen;0 tot 10 jaar;2026;21741;15367;6374
5213;Mannen en Vrouwen;0 tot 10 jaar;2027;21870;15528;6342
5214;Mannen en Vrouwen;0 tot 10 jaar;2028;21968;15640;6328
5215;Mannen en Vrouwen;0 tot 10 jaar;2029;22026;15731;6295
5216;Mannen en Vrouwen;0 tot 10 jaar;2030;22106;15802;6304
5217;Mannen en Vrouwen;0 tot 10 jaar;2031;22171;15859;6312
5218;Mannen en Vrouwen;0 tot 10 jaar;2032;22223;15897;6326
5219;Mannen en Vrouwen;0 tot 10 jaar;2033;22246;15920;6326
5220;Mannen en Vrouwen;0 tot 10 jaar;2034;22261;15937;6324
5221;Mannen en Vrouwen;0 tot 10 jaar;2035;22278;15942;6336
5222;Mannen en Vrouwen;0 tot 10 jaar;2036;22271;15935;6336
5223;Mannen en Vrouwen;0 tot 10 jaar;2037;22256;15920;6336
5224;Mannen en Vrouwen;0 tot 10 jaar;2038;22236;15891;6345
5225;Mannen en Vrouwen;0 tot 10 jaar;2039;22225;15854;6371
5226;Mannen en Vrouwen;0 tot 10 jaar;2040;22191;15814;6377
5227;Mannen en Vrouwen;0 tot 10 jaar;2041;22150;15766;6384
5228;Mannen en Vrouwen;0 tot 10 jaar;2042;22129;15714;6415
5229;Mannen en Vrouwen;0 tot 10 jaar;2043;22105;15671;6434
5230;Mannen en Vrouwen;0 tot 10 jaar;2044;22076;15620;6456
5231;Mannen en Vrouwen;0 tot 10 jaar;2045;22033;15574;6459
5232;Mannen en Vrouwen;0 tot 10 jaar;2046;22016;15527;6489
5233;Mannen en Vrouwen;0 tot 10 jaar;2047;22008;15482;6526
5234;Mannen en Vrouwen;0 tot 10 jaar;2048;21999;15446;6553
5235;Mannen en Vrouwen;0 tot 10 jaar;2049;21977;15414;6563
5236;Mannen en Vrouwen;0 tot 10 jaar;2050;21974;15399;6575
5237;Mannen en Vrouwen;0 tot 10 jaar;2051;21963;15387;6576
5238;Mannen en Vrouwen;0 tot 10 jaar;2052;21967;15381;6586
5239;Mannen en Vrouwen;0 tot 10 jaar;2053;21969;15384;6585
5240;Mannen en Vrouwen;0 tot 10 jaar;2054;21991;15394;6597
5241;Mannen en Vrouwen;0 tot 10 jaar;2055;22017;15416;6601
5242;Mannen en Vrouwen;0 tot 10 jaar;2056;22042;15438;6604
5243;Mannen en Vrouwen;0 tot 10 jaar;2057;22067;15466;6601
5244;Mannen en Vrouwen;0 tot 10 jaar;2058;22100;15502;6598
5245;Mannen en Vrouwen;0 tot 10 jaar;2059;22118;15545;6573
5246;Mannen en Vrouwen;10 tot 20 jaar;2017;27249;9524;17725
5247;Mannen en Vrouwen;10 tot 20 jaar;2018;25261;9869;15392
5248;Mannen en Vrouwen;10 tot 20 jaar;2019;24889;10128;14761
5249;Mannen en Vrouwen;10 tot 20 jaar;2020;24712;10391;14321
5250;Mannen en Vrouwen;10 tot 20 jaar;2021;24688;10684;14004
5251;Mannen en Vrouwen;10 tot 20 jaar;2022;24757;10967;13790
5252;Mannen en Vrouwen;10 tot 20 jaar;2023;24844;11204;13640
5253;Mannen en Vrouwen;10 tot 20 jaar;2024;24964;11446;13518
5254;Mannen en Vrouwen;10 tot 20 jaar;2025;25149;11639;13510
5255;Mannen en Vrouwen;10 tot 20 jaar;2026;25244;11795;13449
5256;Mannen en Vrouwen;10 tot 20 jaar;2027;25333;11926;13407
5257;Mannen en Vrouwen;10 tot 20 jaar;2028;25367;11984;13383
5258;Mannen en Vrouwen;10 tot 20 jaar;2029;25384;12029;13355
5259;Mannen en Vrouwen;10 tot 20 jaar;2030;25401;12042;13359
5260;Mannen en Vrouwen;10 tot 20 jaar;2031;25401;12062;13339
5261;Mannen en Vrouwen;10 tot 20 jaar;2032;25450;12081;13369
5262;Mannen en Vrouwen;10 tot 20 jaar;2033;25495;12115;13380
5263;Mannen en Vrouwen;10 tot 20 jaar;2034;25531;12125;13406
5264;Mannen en Vrouwen;10 tot 20 jaar;2035;25573;12152;13421
5265;Mannen en Vrouwen;10 tot 20 jaar;2036;25606;12179;13427
5266;Mannen en Vrouwen;10 tot 20 jaar;2037;25641;12217;13424
5267;Mannen en Vrouwen;10 tot 20 jaar;2038;25676;12258;13418
5268;Mannen en Vrouwen;10 tot 20 jaar;2039;25722;12292;13430
5269;Mannen en Vrouwen;10 tot 20 jaar;2040;25749;12324;13425
5270;Mannen en Vrouwen;10 tot 20 jaar;2041;25774;12350;13424
5271;Mannen en Vrouwen;10 tot 20 jaar;2042;25794;12369;13425
5272;Mannen en Vrouwen;10 tot 20 jaar;2043;25826;12387;13439
5273;Mannen en Vrouwen;10 tot 20 jaar;2044;25849;12397;13452
5274;Mannen en Vrouwen;10 tot 20 jaar;2045;25846;12399;13447
5275;Mannen en Vrouwen;10 tot 20 jaar;2046;25858;12394;13464
5276;Mannen en Vrouwen;10 tot 20 jaar;2047;25873;12380;13493
5277;Mannen en Vrouwen;10 tot 20 jaar;2048;25874;12366;13508
5278;Mannen en Vrouwen;10 tot 20 jaar;2049;25860;12350;13510
5279;Mannen en Vrouwen;10 tot 20 jaar;2050;25849;12331;13518
5280;Mannen en Vrouwen;10 tot 20 jaar;2051;25838;12306;13532
5281;Mannen en Vrouwen;10 tot 20 jaar;2052;25827;12288;13539
5282;Mannen en Vrouwen;10 tot 20 jaar;2053;25805;12265;13540
5283;Mannen en Vrouwen;10 tot 20 jaar;2054;25801;12242;13559
5284;Mannen en Vrouwen;10 tot 20 jaar;2055;25796;12224;13572
5285;Mannen en Vrouwen;10 tot 20 jaar;2056;25785;12207;13578
5286;Mannen en Vrouwen;10 tot 20 jaar;2057;25772;12193;13579
5287;Mannen en Vrouwen;10 tot 20 jaar;2058;25772;12177;13595
5288;Mannen en Vrouwen;10 tot 20 jaar;2059;25764;12170;13594
5289;Mannen en Vrouwen;20 tot 30 jaar;2017;93630;61154;32476
5290;Mannen en Vrouwen;20 tot 30 jaar;2018;89112;64428;24684
5291;Mannen en Vrouwen;20 tot 30 jaar;2019;88317;66602;21715
5292;Mannen en Vrouwen;20 tot 30 jaar;2020;88159;68130;20029
5293;Mannen en Vrouwen;20 tot 30 jaar;2021;88289;69269;19020
5294;Mannen en Vrouwen;20 tot 30 jaar;2022;88842;70232;18610
5295;Mannen en Vrouwen;20 tot 30 jaar;2023;89365;71124;18241
5296;Mannen en Vrouwen;20 tot 30 jaar;2024;89785;71908;17877
5297;Mannen en Vrouwen;20 tot 30 jaar;2025;90440;72640;17800
5298;Mannen en Vrouwen;20 tot 30 jaar;2026;90708;73302;17406
5299;Mannen en Vrouwen;20 tot 30 jaar;2027;90869;73885;16984
5300;Mannen en Vrouwen;20 tot 30 jaar;2028;90879;74064;16815
5301;Mannen en Vrouwen;20 tot 30 jaar;2029;90825;74173;16652
5302;Mannen en Vrouwen;20 tot 30 jaar;2030;90780;74228;16552
5303;Mannen en Vrouwen;20 tot 30 jaar;2031;90718;74268;16450
5304;Mannen en Vrouwen;20 tot 30 jaar;2032;90674;74273;16401
5305;Mannen en Vrouwen;20 tot 30 jaar;2033;90596;74224;16372
5306;Mannen en Vrouwen;20 tot 30 jaar;2034;90563;74211;16352
5307;Mannen en Vrouwen;20 tot 30 jaar;2035;90535;74180;16355
5308;Mannen en Vrouwen;20 tot 30 jaar;2036;90500;74109;16391
5309;Mannen en Vrouwen;20 tot 30 jaar;2037;90477;74009;16468
5310;Mannen en Vrouwen;20 tot 30 jaar;2038;90449;73847;16602
5311;Mannen en Vrouwen;20 tot 30 jaar;2039;90422;73675;16747
5312;Mannen en Vrouwen;20 tot 30 jaar;2040;90398;73497;16901
5313;Mannen en Vrouwen;20 tot 30 jaar;2041;90391;73362;17029
5314;Mannen en Vrouwen;20 tot 30 jaar;2042;90411;73269;17142
5315;Mannen en Vrouwen;20 tot 30 jaar;2043;90487;73237;17250
5316;Mannen en Vrouwen;20 tot 30 jaar;2044;90538;73199;17339
5317;Mannen en Vrouwen;20 tot 30 jaar;2045;90595;73203;17392
5318;Mannen en Vrouwen;20 tot 30 jaar;2046;90687;73208;17479
5319;Mannen en Vrouwen;20 tot 30 jaar;2047;90788;73240;17548
5320;Mannen en Vrouwen;20 tot 30 jaar;2048;90882;73279;17603
5321;Mannen en Vrouwen;20 tot 30 jaar;2049;90970;73323;17647
5322;Mannen en Vrouwen;20 tot 30 jaar;2050;91075;73364;17711
5323;Mannen en Vrouwen;20 tot 30 jaar;2051;91146;73376;17770
5324;Mannen en Vrouwen;20 tot 30 jaar;2052;91212;73373;17839
5325;Mannen en Vrouwen;20 tot 30 jaar;2053;91259;73348;17911
5326;Mannen en Vrouwen;20 tot 30 jaar;2054;91306;73299;18007
5327;Mannen en Vrouwen;20 tot 30 jaar;2055;91341;73232;18109
5328;Mannen en Vrouwen;20 tot 30 jaar;2056;91357;73146;18211
5329;Mannen en Vrouwen;20 tot 30 jaar;2057;91359;73039;18320
5330;Mannen en Vrouwen;20 tot 30 jaar;2058;91369;72919;18450
5331;Mannen en Vrouwen;20 tot 30 jaar;2059;91333;72791;18542
5332;Mannen en Vrouwen;30 tot 40 jaar;2017;48120;34243;13877
5333;Mannen en Vrouwen;30 tot 40 jaar;2018;45057;36120;8937
5334;Mannen en Vrouwen;30 tot 40 jaar;2019;44498;37759;6739
5335;Mannen en Vrouwen;30 tot 40 jaar;2020;44399;39235;5164
5336;Mannen en Vrouwen;30 tot 40 jaar;2021;44554;40581;3973
5337;Mannen en Vrouwen;30 tot 40 jaar;2022;44939;41781;3158
5338;Mannen en Vrouwen;30 tot 40 jaar;2023;45334;42823;2511
5339;Mannen en Vrouwen;30 tot 40 jaar;2024;45656;43678;1978
5340;Mannen en Vrouwen;30 tot 40 jaar;2025;46038;44325;1713
5341;Mannen en Vrouwen;30 tot 40 jaar;2026;46215;44835;1380
5342;Mannen en Vrouwen;30 tot 40 jaar;2027;46343;45311;1032
5343;Mannen en Vrouwen;30 tot 40 jaar;2028;46424;45539;885
5344;Mannen en Vrouwen;30 tot 40 jaar;2029;46466;45703;763
5345;Mannen en Vrouwen;30 tot 40 jaar;2030;46540;45818;722
5346;Mannen en Vrouwen;30 tot 40 jaar;2031;46569;45865;704
5347;Mannen en Vrouwen;30 tot 40 jaar;2032;46611;45889;722
5348;Mannen en Vrouwen;30 tot 40 jaar;2033;46622;45917;705
5349;Mannen en Vrouwen;30 tot 40 jaar;2034;46633;45913;720
5350;Mannen en Vrouwen;30 tot 40 jaar;2035;46619;45910;709
5351;Mannen en Vrouwen;30 tot 40 jaar;2036;46591;45908;683
5352;Mannen en Vrouwen;30 tot 40 jaar;2037;46542;45877;665
5353;Mannen en Vrouwen;30 tot 40 jaar;2038;46487;45859;628
5354;Mannen en Vrouwen;30 tot 40 jaar;2039;46457;45826;631
5355;Mannen en Vrouwen;30 tot 40 jaar;2040;46388;45783;605
5356;Mannen en Vrouwen;30 tot 40 jaar;2041;46303;45730;573
5357;Mannen en Vrouwen;30 tot 40 jaar;2042;46229;45670;559
5358;Mannen en Vrouwen;30 tot 40 jaar;2043;46161;45594;567
5359;Mannen en Vrouwen;30 tot 40 jaar;2044;46116;45559;557
5360;Mannen en Vrouwen;30 tot 40 jaar;2045;46032;45506;526
5361;Mannen en Vrouwen;30 tot 40 jaar;2046;46015;45468;547
5362;Mannen en Vrouwen;30 tot 40 jaar;2047;46000;45412;588
5363;Mannen en Vrouwen;30 tot 40 jaar;2048;45980;45369;611
5364;Mannen en Vrouwen;30 tot 40 jaar;2049;45964;45351;613
5365;Mannen en Vrouwen;30 tot 40 jaar;2050;45959;45342;617
5366;Mannen en Vrouwen;30 tot 40 jaar;2051;45964;45376;588
5367;Mannen en Vrouwen;30 tot 40 jaar;2052;46006;45436;570
5368;Mannen en Vrouwen;30 tot 40 jaar;2053;46053;45533;520
5369;Mannen en Vrouwen;30 tot 40 jaar;2054;46113;45622;491
5370;Mannen en Vrouwen;30 tot 40 jaar;2055;46190;45741;449
5371;Mannen en Vrouwen;30 tot 40 jaar;2056;46251;45863;388
5372;Mannen en Vrouwen;30 tot 40 jaar;2057;46321;45989;332
5373;Mannen en Vrouwen;30 tot 40 jaar;2058;46407;46120;287
5374;Mannen en Vrouwen;30 tot 40 jaar;2059;46464;46240;224
5375;Mannen en Vrouwen;40 tot 50 jaar;2017;22633;16167;6466
5376;Mannen en Vrouwen;40 tot 50 jaar;2018;20966;16613;4353
5377;Mannen en Vrouwen;40 tot 50 jaar;2019;20486;17051;3435
5378;Mannen en Vrouwen;40 tot 50 jaar;2020;20324;17568;2756
5379;Mannen en Vrouwen;40 tot 50 jaar;2021;20310;18113;2197
5380;Mannen en Vrouwen;40 tot 50 jaar;2022;20410;18716;1694
5381;Mannen en Vrouwen;40 tot 50 jaar;2023;20554;19353;1201
5382;Mannen en Vrouwen;40 tot 50 jaar;2024;20672;19983;689
5383;Mannen en Vrouwen;40 tot 50 jaar;2025;20849;20584;265
5384;Mannen en Vrouwen;40 tot 50 jaar;2026;20942;21124;-182
5385;Mannen en Vrouwen;40 tot 50 jaar;2027;21016;21604;-588
5386;Mannen en Vrouwen;40 tot 50 jaar;2028;21070;21976;-906
5387;Mannen en Vrouwen;40 tot 50 jaar;2029;21086;22310;-1224
5388;Mannen en Vrouwen;40 tot 50 jaar;2030;21153;22613;-1460
5389;Mannen en Vrouwen;40 tot 50 jaar;2031;21215;22875;-1660
5390;Mannen en Vrouwen;40 tot 50 jaar;2032;21272;23098;-1826
5391;Mannen en Vrouwen;40 tot 50 jaar;2033;21314;23276;-1962
5392;Mannen en Vrouwen;40 tot 50 jaar;2034;21381;23426;-2045
5393;Mannen en Vrouwen;40 tot 50 jaar;2035;21407;23533;-2126
5394;Mannen en Vrouwen;40 tot 50 jaar;2036;21423;23622;-2199
5395;Mannen en Vrouwen;40 tot 50 jaar;2037;21441;23704;-2263
5396;Mannen en Vrouwen;40 tot 50 jaar;2038;21480;23797;-2317
5397;Mannen en Vrouwen;40 tot 50 jaar;2039;21524;23872;-2348
5398;Mannen en Vrouwen;40 tot 50 jaar;2040;21552;23938;-2386
5399;Mannen en Vrouwen;40 tot 50 jaar;2041;21571;23985;-2414
5400;Mannen en Vrouwen;40 tot 50 jaar;2042;21590;24026;-2436
5401;Mannen en Vrouwen;40 tot 50 jaar;2043;21620;24073;-2453
5402;Mannen en Vrouwen;40 tot 50 jaar;2044;21638;24091;-2453
5403;Mannen en Vrouwen;40 tot 50 jaar;2045;21605;24097;-2492
5404;Mannen en Vrouwen;40 tot 50 jaar;2046;21606;24093;-2487
5405;Mannen en Vrouwen;40 tot 50 jaar;2047;21594;24075;-2481
5406;Mannen en Vrouwen;40 tot 50 jaar;2048;21570;24064;-2494
5407;Mannen en Vrouwen;40 tot 50 jaar;2049;21535;24051;-2516
5408;Mannen en Vrouwen;40 tot 50 jaar;2050;21493;24034;-2541
5409;Mannen en Vrouwen;40 tot 50 jaar;2051;21454;24013;-2559
5410;Mannen en Vrouwen;40 tot 50 jaar;2052;21421;23985;-2564
5411;Mannen en Vrouwen;40 tot 50 jaar;2053;21342;23950;-2608
5412;Mannen en Vrouwen;40 tot 50 jaar;2054;21327;23940;-2613
5413;Mannen en Vrouwen;40 tot 50 jaar;2055;21299;23929;-2630
5414;Mannen en Vrouwen;40 tot 50 jaar;2056;21286;23933;-2647
5415;Mannen en Vrouwen;40 tot 50 jaar;2057;21260;23944;-2684
5416;Mannen en Vrouwen;40 tot 50 jaar;2058;21251;23949;-2698
5417;Mannen en Vrouwen;40 tot 50 jaar;2059;21242;23962;-2720
5418;Mannen en Vrouwen;50 tot 60 jaar;2017;11052;9410;1642
5419;Mannen en Vrouwen;50 tot 60 jaar;2018;10214;9757;457
5420;Mannen en Vrouwen;50 tot 60 jaar;2019;9974;10096;-122
5421;Mannen en Vrouwen;50 tot 60 jaar;2020;9911;10417;-506
5422;Mannen en Vrouwen;50 tot 60 jaar;2021;9906;10724;-818
5423;Mannen en Vrouwen;50 tot 60 jaar;2022;9953;10990;-1037
5424;Mannen en Vrouwen;50 tot 60 jaar;2023;9982;11185;-1203
5425;Mannen en Vrouwen;50 tot 60 jaar;2024;9997;11316;-1319
5426;Mannen en Vrouwen;50 tot 60 jaar;2025;9999;11402;-1403
5427;Mannen en Vrouwen;50 tot 60 jaar;2026;9944;11473;-1529
5428;Mannen en Vrouwen;50 tot 60 jaar;2027;9894;11556;-1662
5429;Mannen en Vrouwen;50 tot 60 jaar;2028;9835;11621;-1786
5430;Mannen en Vrouwen;50 tot 60 jaar;2029;9766;11669;-1903
5431;Mannen en Vrouwen;50 tot 60 jaar;2030;9730;11749;-2019
5432;Mannen en Vrouwen;50 tot 60 jaar;2031;9699;11836;-2137
5433;Mannen en Vrouwen;50 tot 60 jaar;2032;9669;11944;-2275
5434;Mannen en Vrouwen;50 tot 60 jaar;2033;9652;12076;-2424
5435;Mannen en Vrouwen;50 tot 60 jaar;2034;9662;12233;-2571
5436;Mannen en Vrouwen;50 tot 60 jaar;2035;9685;12412;-2727
5437;Mannen en Vrouwen;50 tot 60 jaar;2036;9710;12592;-2882
5438;Mannen en Vrouwen;50 tot 60 jaar;2037;9733;12754;-3021
5439;Mannen en Vrouwen;50 tot 60 jaar;2038;9757;12912;-3155
5440;Mannen en Vrouwen;50 tot 60 jaar;2039;9784;13053;-3269
5441;Mannen en Vrouwen;50 tot 60 jaar;2040;9812;13186;-3374
5442;Mannen en Vrouwen;50 tot 60 jaar;2041;9843;13318;-3475
5443;Mannen en Vrouwen;50 tot 60 jaar;2042;9880;13432;-3552
5444;Mannen en Vrouwen;50 tot 60 jaar;2043;9934;13540;-3606
5445;Mannen en Vrouwen;50 tot 60 jaar;2044;9977;13622;-3645
5446;Mannen en Vrouwen;50 tot 60 jaar;2045;9987;13680;-3693
5447;Mannen en Vrouwen;50 tot 60 jaar;2046;10017;13731;-3714
5448;Mannen en Vrouwen;50 tot 60 jaar;2047;10045;13780;-3735
5449;Mannen en Vrouwen;50 tot 60 jaar;2048;10081;13835;-3754
5450;Mannen en Vrouwen;50 tot 60 jaar;2049;10102;13889;-3787
5451;Mannen en Vrouwen;50 tot 60 jaar;2050;10131;13939;-3808
5452;Mannen en Vrouwen;50 tot 60 jaar;2051;10169;13979;-3810
5453;Mannen en Vrouwen;50 tot 60 jaar;2052;10192;14013;-3821
5454;Mannen en Vrouwen;50 tot 60 jaar;2053;10199;14054;-3855
5455;Mannen en Vrouwen;50 tot 60 jaar;2054;10214;14080;-3866
5456;Mannen en Vrouwen;50 tot 60 jaar;2055;10225;14100;-3875
5457;Mannen en Vrouwen;50 tot 60 jaar;2056;10223;14114;-3891
5458;Mannen en Vrouwen;50 tot 60 jaar;2057;10199;14117;-3918
5459;Mannen en Vrouwen;50 tot 60 jaar;2058;10199;14119;-3920
5460;Mannen en Vrouwen;50 tot 60 jaar;2059;10182;14121;-3939
5461;Mannen en Vrouwen;60 tot 70 jaar;2017;4342;4811;-469
5462;Mannen en Vrouwen;60 tot 70 jaar;2018;4001;4928;-927
5463;Mannen en Vrouwen;60 tot 70 jaar;2019;3875;5095;-1220
5464;Mannen en Vrouwen;60 tot 70 jaar;2020;3846;5316;-1470
5465;Mannen en Vrouwen;60 tot 70 jaar;2021;3867;5550;-1683
5466;Mannen en Vrouwen;60 tot 70 jaar;2022;3937;5798;-1861
5467;Mannen en Vrouwen;60 tot 70 jaar;2023;4018;6059;-2041
5468;Mannen en Vrouwen;60 tot 70 jaar;2024;4083;6321;-2238
5469;Mannen en Vrouwen;60 tot 70 jaar;2025;4126;6533;-2407
5470;Mannen en Vrouwen;60 tot 70 jaar;2026;4140;6687;-2547
5471;Mannen en Vrouwen;60 tot 70 jaar;2027;4141;6829;-2688
5472;Mannen en Vrouwen;60 tot 70 jaar;2028;4147;6994;-2847
5473;Mannen en Vrouwen;60 tot 70 jaar;2029;4148;7148;-3000
5474;Mannen en Vrouwen;60 tot 70 jaar;2030;4150;7274;-3124
5475;Mannen en Vrouwen;60 tot 70 jaar;2031;4134;7376;-3242
5476;Mannen en Vrouwen;60 tot 70 jaar;2032;4104;7440;-3336
5477;Mannen en Vrouwen;60 tot 70 jaar;2033;4057;7461;-3404
5478;Mannen en Vrouwen;60 tot 70 jaar;2034;4005;7471;-3466
5479;Mannen en Vrouwen;60 tot 70 jaar;2035;3945;7469;-3524
5480;Mannen en Vrouwen;60 tot 70 jaar;2036;3893;7457;-3564
5481;Mannen en Vrouwen;60 tot 70 jaar;2037;3836;7470;-3634
5482;Mannen en Vrouwen;60 tot 70 jaar;2038;3785;7467;-3682
5483;Mannen en Vrouwen;60 tot 70 jaar;2039;3744;7453;-3709
5484;Mannen en Vrouwen;60 tot 70 jaar;2040;3708;7455;-3747
5485;Mannen en Vrouwen;60 tot 70 jaar;2041;3673;7476;-3803
5486;Mannen en Vrouwen;60 tot 70 jaar;2042;3648;7508;-3860
5487;Mannen en Vrouwen;60 tot 70 jaar;2043;3637;7564;-3927
5488;Mannen en Vrouwen;60 tot 70 jaar;2044;3650;7637;-3987
5489;Mannen en Vrouwen;60 tot 70 jaar;2045;3656;7730;-4074
5490;Mannen en Vrouwen;60 tot 70 jaar;2046;3678;7829;-4151
5491;Mannen en Vrouwen;60 tot 70 jaar;2047;3702;7914;-4212
5492;Mannen en Vrouwen;60 tot 70 jaar;2048;3722;7994;-4272
5493;Mannen en Vrouwen;60 tot 70 jaar;2049;3742;8080;-4338
5494;Mannen en Vrouwen;60 tot 70 jaar;2050;3773;8165;-4392
5495;Mannen en Vrouwen;60 tot 70 jaar;2051;3794;8256;-4462
5496;Mannen en Vrouwen;60 tot 70 jaar;2052;3831;8335;-4504
5497;Mannen en Vrouwen;60 tot 70 jaar;2053;3852;8408;-4556
5498;Mannen en Vrouwen;60 tot 70 jaar;2054;3883;8466;-4583
5499;Mannen en Vrouwen;60 tot 70 jaar;2055;3907;8517;-4610
5500;Mannen en Vrouwen;60 tot 70 jaar;2056;3928;8560;-4632
5501;Mannen en Vrouwen;60 tot 70 jaar;2057;3933;8602;-4669
5502;Mannen en Vrouwen;60 tot 70 jaar;2058;3963;8653;-4690
5503;Mannen en Vrouwen;60 tot 70 jaar;2059;3969;8697;-4728
5504;Mannen en Vrouwen;70 tot 80 jaar;2017;1804;1768;36
5505;Mannen en Vrouwen;70 tot 80 jaar;2018;1692;1842;-150
5506;Mannen en Vrouwen;70 tot 80 jaar;2019;1648;1906;-258
5507;Mannen en Vrouwen;70 tot 80 jaar;2020;1647;1970;-323
5508;Mannen en Vrouwen;70 tot 80 jaar;2021;1672;2036;-364
5509;Mannen en Vrouwen;70 tot 80 jaar;2022;1715;2106;-391
5510;Mannen en Vrouwen;70 tot 80 jaar;2023;1763;2175;-412
5511;Mannen en Vrouwen;70 tot 80 jaar;2024;1800;2245;-445
5512;Mannen en Vrouwen;70 tot 80 jaar;2025;1831;2300;-469
5513;Mannen en Vrouwen;70 tot 80 jaar;2026;1823;2355;-532
5514;Mannen en Vrouwen;70 tot 80 jaar;2027;1821;2403;-582
5515;Mannen en Vrouwen;70 tot 80 jaar;2028;1836;2469;-633
5516;Mannen en Vrouwen;70 tot 80 jaar;2029;1844;2548;-704
5517;Mannen en Vrouwen;70 tot 80 jaar;2030;1857;2640;-783
5518;Mannen en Vrouwen;70 tot 80 jaar;2031;1870;2737;-867
5519;Mannen en Vrouwen;70 tot 80 jaar;2032;1879;2836;-957
5520;Mannen en Vrouwen;70 tot 80 jaar;2033;1889;2943;-1054
5521;Mannen en Vrouwen;70 tot 80 jaar;2034;1904;3054;-1150
5522;Mannen en Vrouwen;70 tot 80 jaar;2035;1915;3157;-1242
5523;Mannen en Vrouwen;70 tot 80 jaar;2036;1922;3246;-1324
5524;Mannen en Vrouwen;70 tot 80 jaar;2037;1923;3320;-1397
5525;Mannen en Vrouwen;70 tot 80 jaar;2038;1921;3406;-1485
5526;Mannen en Vrouwen;70 tot 80 jaar;2039;1931;3502;-1571
5527;Mannen en Vrouwen;70 tot 80 jaar;2040;1929;3575;-1646
5528;Mannen en Vrouwen;70 tot 80 jaar;2041;1911;3653;-1742
5529;Mannen en Vrouwen;70 tot 80 jaar;2042;1897;3699;-1802
5530;Mannen en Vrouwen;70 tot 80 jaar;2043;1869;3727;-1858
5531;Mannen en Vrouwen;70 tot 80 jaar;2044;1841;3743;-1902
5532;Mannen en Vrouwen;70 tot 80 jaar;2045;1791;3742;-1951
5533;Mannen en Vrouwen;70 tot 80 jaar;2046;1762;3741;-1979
5534;Mannen en Vrouwen;70 tot 80 jaar;2047;1735;3762;-2027
5535;Mannen en Vrouwen;70 tot 80 jaar;2048;1711;3768;-2057
5536;Mannen en Vrouwen;70 tot 80 jaar;2049;1685;3776;-2091
5537;Mannen en Vrouwen;70 tot 80 jaar;2050;1668;3788;-2120
5538;Mannen en Vrouwen;70 tot 80 jaar;2051;1657;3795;-2138
5539;Mannen en Vrouwen;70 tot 80 jaar;2052;1651;3810;-2159
5540;Mannen en Vrouwen;70 tot 80 jaar;2053;1654;3835;-2181
5541;Mannen en Vrouwen;70 tot 80 jaar;2054;1656;3868;-2212
5542;Mannen en Vrouwen;70 tot 80 jaar;2055;1673;3914;-2241
5543;Mannen en Vrouwen;70 tot 80 jaar;2056;1696;3966;-2270
5544;Mannen en Vrouwen;70 tot 80 jaar;2057;1714;4004;-2290
5545;Mannen en Vrouwen;70 tot 80 jaar;2058;1732;4045;-2313
5546;Mannen en Vrouwen;70 tot 80 jaar;2059;1748;4088;-2340
5547;Mannen en Vrouwen;80 tot 90 jaar;2017;471;377;94
5548;Mannen en Vrouwen;80 tot 90 jaar;2018;442;408;34
5549;Mannen en Vrouwen;80 tot 90 jaar;2019;428;440;-12
5550;Mannen en Vrouwen;80 tot 90 jaar;2020;432;481;-49
5551;Mannen en Vrouwen;80 tot 90 jaar;2021;437;508;-71
5552;Mannen en Vrouwen;80 tot 90 jaar;2022;451;538;-87
5553;Mannen en Vrouwen;80 tot 90 jaar;2023;473;564;-91
5554;Mannen en Vrouwen;80 tot 90 jaar;2024;493;593;-100
5555;Mannen en Vrouwen;80 tot 90 jaar;2025;505;620;-115
5556;Mannen en Vrouwen;80 tot 90 jaar;2026;539;661;-122
5557;Mannen en Vrouwen;80 tot 90 jaar;2027;564;693;-129
5558;Mannen en Vrouwen;80 tot 90 jaar;2028;584;732;-148
5559;Mannen en Vrouwen;80 tot 90 jaar;2029;594;763;-169
5560;Mannen en Vrouwen;80 tot 90 jaar;2030;604;799;-195
5561;Mannen en Vrouwen;80 tot 90 jaar;2031;611;830;-219
5562;Mannen en Vrouwen;80 tot 90 jaar;2032;618;865;-247
5563;Mannen en Vrouwen;80 tot 90 jaar;2033;622;899;-277
5564;Mannen en Vrouwen;80 tot 90 jaar;2034;628;940;-312
5565;Mannen en Vrouwen;80 tot 90 jaar;2035;625;980;-355
5566;Mannen en Vrouwen;80 tot 90 jaar;2036;633;1026;-393
5567;Mannen en Vrouwen;80 tot 90 jaar;2037;633;1071;-438
5568;Mannen en Vrouwen;80 tot 90 jaar;2038;642;1123;-481
5569;Mannen en Vrouwen;80 tot 90 jaar;2039;652;1180;-528
5570;Mannen en Vrouwen;80 tot 90 jaar;2040;655;1256;-601
5571;Mannen en Vrouwen;80 tot 90 jaar;2041;664;1320;-656
5572;Mannen en Vrouwen;80 tot 90 jaar;2042;672;1393;-721
5573;Mannen en Vrouwen;80 tot 90 jaar;2043;679;1470;-791
5574;Mannen en Vrouwen;80 tot 90 jaar;2044;691;1553;-862
5575;Mannen en Vrouwen;80 tot 90 jaar;2045;695;1633;-938
5576;Mannen en Vrouwen;80 tot 90 jaar;2046;700;1708;-1008
5577;Mannen en Vrouwen;80 tot 90 jaar;2047;707;1771;-1064
5578;Mannen en Vrouwen;80 tot 90 jaar;2048;709;1841;-1132
5579;Mannen en Vrouwen;80 tot 90 jaar;2049;716;1921;-1205
5580;Mannen en Vrouwen;80 tot 90 jaar;2050;719;1996;-1277
5581;Mannen en Vrouwen;80 tot 90 jaar;2051;719;2062;-1343
5582;Mannen en Vrouwen;80 tot 90 jaar;2052;714;2121;-1407
5583;Mannen en Vrouwen;80 tot 90 jaar;2053;700;2171;-1471
5584;Mannen en Vrouwen;80 tot 90 jaar;2054;684;2214;-1530
5585;Mannen en Vrouwen;80 tot 90 jaar;2055;667;2241;-1574
5586;Mannen en Vrouwen;80 tot 90 jaar;2056;657;2264;-1607
5587;Mannen en Vrouwen;80 tot 90 jaar;2057;636;2297;-1661
5588;Mannen en Vrouwen;80 tot 90 jaar;2058;625;2318;-1693
5589;Mannen en Vrouwen;80 tot 90 jaar;2059;608;2335;-1727
5590;Mannen en Vrouwen;90 jaar of ouder;2017;5;11;-6
5591;Mannen en Vrouwen;90 jaar of ouder;2018;5;12;-7
5592;Mannen en Vrouwen;90 jaar of ouder;2019;5;12;-7
5593;Mannen en Vrouwen;90 jaar of ouder;2020;5;14;-9
5594;Mannen en Vrouwen;90 jaar of ouder;2021;5;14;-9
5595;Mannen en Vrouwen;90 jaar of ouder;2022;5;15;-10
5596;Mannen en Vrouwen;90 jaar of ouder;2023;5;16;-11
5597;Mannen en Vrouwen;90 jaar of ouder;2024;5;17;-12
5598;Mannen en Vrouwen;90 jaar of ouder;2025;5;18;-13
5599;Mannen en Vrouwen;90 jaar of ouder;2026;5;19;-14
5600;Mannen en Vrouwen;90 jaar of ouder;2027;5;21;-16
5601;Mannen en Vrouwen;90 jaar of ouder;2028;5;23;-18
5602;Mannen en Vrouwen;90 jaar of ouder;2029;5;23;-18
5603;Mannen en Vrouwen;90 jaar of ouder;2030;5;25;-20
5604;Mannen en Vrouwen;90 jaar of ouder;2031;5;25;-20
5605;Mannen en Vrouwen;90 jaar of ouder;2032;5;28;-23
5606;Mannen en Vrouwen;90 jaar of ouder;2033;5;29;-24
5607;Mannen en Vrouwen;90 jaar of ouder;2034;5;32;-27
5608;Mannen en Vrouwen;90 jaar of ouder;2035;5;33;-28
5609;Mannen en Vrouwen;90 jaar of ouder;2036;6;39;-33
5610;Mannen en Vrouwen;90 jaar of ouder;2037;6;41;-35
5611;Mannen en Vrouwen;90 jaar of ouder;2038;6;42;-36
5612;Mannen en Vrouwen;90 jaar of ouder;2039;6;43;-37
5613;Mannen en Vrouwen;90 jaar of ouder;2040;6;47;-41
5614;Mannen en Vrouwen;90 jaar of ouder;2041;6;46;-40
5615;Mannen en Vrouwen;90 jaar of ouder;2042;6;50;-44
5616;Mannen en Vrouwen;90 jaar of ouder;2043;6;53;-47
5617;Mannen en Vrouwen;90 jaar of ouder;2044;6;57;-51
5618;Mannen en Vrouwen;90 jaar of ouder;2045;6;61;-55
5619;Mannen en Vrouwen;90 jaar of ouder;2046;6;65;-59
5620;Mannen en Vrouwen;90 jaar of ouder;2047;6;67;-61
5621;Mannen en Vrouwen;90 jaar of ouder;2048;6;72;-66
5622;Mannen en Vrouwen;90 jaar of ouder;2049;7;76;-69
5623;Mannen en Vrouwen;90 jaar of ouder;2050;7;84;-77
5624;Mannen en Vrouwen;90 jaar of ouder;2051;7;85;-78
5625;Mannen en Vrouwen;90 jaar of ouder;2052;7;91;-84
5626;Mannen en Vrouwen;90 jaar of ouder;2053;7;95;-88
5627;Mannen en Vrouwen;90 jaar of ouder;2054;7;102;-95
5628;Mannen en Vrouwen;90 jaar of ouder;2055;7;105;-98
5629;Mannen en Vrouwen;90 jaar of ouder;2056;7;106;-99
5630;Mannen en Vrouwen;90 jaar of ouder;2057;7;108;-101
5631;Mannen en Vrouwen;90 jaar of ouder;2058;7;115;-108
5632;Mannen en Vrouwen;90 jaar of ouder;2059;8;120;-112
5633;Mannen;Totaal;2017;122749;80086;42663
5634;Mannen;Totaal;2018;114549;84083;30466
5635;Mannen;Totaal;2019;112627;87312;25315
5636;Mannen;Totaal;2020;111991;90119;21872
5637;Mannen;Totaal;2021;112004;92639;19365
5638;Mannen;Totaal;2022;112683;94980;17703
5639;Mannen;Totaal;2023;113396;97107;16289
5640;Mannen;Totaal;2024;114206;98963;15243
5641;Mannen;Totaal;2025;115163;100522;14641
5642;Mannen;Totaal;2026;115637;101827;13810
5643;Mannen;Totaal;2027;115952;103024;12928
5644;Mannen;Totaal;2028;116141;103719;12422
5645;Mannen;Totaal;2029;116175;104292;11883
5646;Mannen;Totaal;2030;116262;104781;11481
5647;Mannen;Totaal;2031;116316;105180;11136
5648;Mannen;Totaal;2032;116384;105508;10876
5649;Mannen;Totaal;2033;116350;105783;10567
5650;Mannen;Totaal;2034;116381;106049;10332
5651;Mannen;Totaal;2035;116369;106292;10077
5652;Mannen;Totaal;2036;116365;106494;9871
5653;Mannen;Totaal;2037;116298;106654;9644
5654;Mannen;Totaal;2038;116273;106779;9494
5655;Mannen;Totaal;2039;116282;106858;9424
5656;Mannen;Totaal;2040;116233;106921;9312
5657;Mannen;Totaal;2041;116156;106987;9169
5658;Mannen;Totaal;2042;116131;107063;9068
5659;Mannen;Totaal;2043;116147;107165;8982
5660;Mannen;Totaal;2044;116145;107254;8891
5661;Mannen;Totaal;2045;116086;107335;8751
5662;Mannen;Totaal;2046;116141;107405;8736
5663;Mannen;Totaal;2047;116178;107466;8712
5664;Mannen;Totaal;2048;116226;107550;8676
5665;Mannen;Totaal;2049;116246;107657;8589
5666;Mannen;Totaal;2050;116253;107772;8481
5667;Mannen;Totaal;2051;116310;107889;8421
5668;Mannen;Totaal;2052;116400;108003;8397
5669;Mannen;Totaal;2053;116387;108120;8267
5670;Mannen;Totaal;2054;116473;108237;8236
5671;Mannen;Totaal;2055;116562;108353;8209
5672;Mannen;Totaal;2056;116646;108464;8182
5673;Mannen;Totaal;2057;116638;108567;8071
5674;Mannen;Totaal;2058;116734;108667;8067
5675;Mannen;Totaal;2059;116751;108756;7995
5676;Mannen;0 jaar;2017;839;231;608
5677;Mannen;0 jaar;2018;783;236;547
5678;Mannen;0 jaar;2019;768;241;527
5679;Mannen;0 jaar;2020;763;246;517
5680;Mannen;0 jaar;2021;770;252;518
5681;Mannen;0 jaar;2022;773;258;515
5682;Mannen;0 jaar;2023;780;265;515
5683;Mannen;0 jaar;2024;786;270;516
5684;Mannen;0 jaar;2025;796;274;522
5685;Mannen;0 jaar;2026;799;277;522
5686;Mannen;0 jaar;2027;802;280;522
5687;Mannen;0 jaar;2028;809;281;528
5688;Mannen;0 jaar;2029;808;282;526
5689;Mannen;0 jaar;2030;810;283;527
5690;Mannen;0 jaar;2031;811;283;528
5691;Mannen;0 jaar;2032;811;282;529
5692;Mannen;0 jaar;2033;810;282;528
5693;Mannen;0 jaar;2034;809;281;528
5694;Mannen;0 jaar;2035;807;281;526
5695;Mannen;0 jaar;2036;805;280;525
5696;Mannen;0 jaar;2037;804;279;525
5697;Mannen;0 jaar;2038;802;278;524
5698;Mannen;0 jaar;2039;801;277;524
5699;Mannen;0 jaar;2040;800;276;524
5700;Mannen;0 jaar;2041;798;275;523
5701;Mannen;0 jaar;2042;798;275;523
5702;Mannen;0 jaar;2043;796;273;523
5703;Mannen;0 jaar;2044;795;273;522
5704;Mannen;0 jaar;2045;794;273;521
5705;Mannen;0 jaar;2046;794;272;522
5706;Mannen;0 jaar;2047;794;272;522
5707;Mannen;0 jaar;2048;795;272;523
5708;Mannen;0 jaar;2049;795;271;524
5709;Mannen;0 jaar;2050;795;272;523
5710;Mannen;0 jaar;2051;795;273;522
5711;Mannen;0 jaar;2052;797;273;524
5712;Mannen;0 jaar;2053;798;274;524
5713;Mannen;0 jaar;2054;799;274;525
5714;Mannen;0 jaar;2055;800;276;524
5715;Mannen;0 jaar;2056;800;277;523
5716;Mannen;0 jaar;2057;801;277;524
5717;Mannen;0 jaar;2058;803;278;525
5718;Mannen;0 jaar;2059;803;279;524
5719;Mannen;1 jaar;2017;1341;757;584
5720;Mannen;1 jaar;2018;1236;768;468
5721;Mannen;1 jaar;2019;1208;782;426
5722;Mannen;1 jaar;2020;1202;798;404
5723;Mannen;1 jaar;2021;1203;815;388
5724;Mannen;1 jaar;2022;1208;834;374
5725;Mannen;1 jaar;2023;1222;853;369
5726;Mannen;1 jaar;2024;1238;870;368
5727;Mannen;1 jaar;2025;1254;884;370
5728;Mannen;1 jaar;2026;1263;896;367
5729;Mannen;1 jaar;2027;1270;905;365
5730;Mannen;1 jaar;2028;1277;911;366
5731;Mannen;1 jaar;2029;1277;915;362
5732;Mannen;1 jaar;2030;1280;917;363
5733;Mannen;1 jaar;2031;1282;918;364
5734;Mannen;1 jaar;2032;1285;918;367
5735;Mannen;1 jaar;2033;1282;916;366
5736;Mannen;1 jaar;2034;1281;915;366
5737;Mannen;1 jaar;2035;1279;913;366
5738;Mannen;1 jaar;2036;1279;911;368
5739;Mannen;1 jaar;2037;1276;908;368
5740;Mannen;1 jaar;2038;1273;905;368
5741;Mannen;1 jaar;2039;1272;902;370
5742;Mannen;1 jaar;2040;1269;899;370
5743;Mannen;1 jaar;2041;1264;896;368
5744;Mannen;1 jaar;2042;1263;892;371
5745;Mannen;1 jaar;2043;1262;889;373
5746;Mannen;1 jaar;2044;1260;887;373
5747;Mannen;1 jaar;2045;1258;884;374
5748;Mannen;1 jaar;2046;1257;883;374
5749;Mannen;1 jaar;2047;1256;881;375
5750;Mannen;1 jaar;2048;1256;880;376
5751;Mannen;1 jaar;2049;1256;880;376
5752;Mannen;1 jaar;2050;1256;880;376
5753;Mannen;1 jaar;2051;1258;882;376
5754;Mannen;1 jaar;2052;1260;883;377
5755;Mannen;1 jaar;2053;1260;885;375
5756;Mannen;1 jaar;2054;1262;887;375
5757;Mannen;1 jaar;2055;1266;890;376
5758;Mannen;1 jaar;2056;1269;892;377
5759;Mannen;1 jaar;2057;1270;895;375
5760;Mannen;1 jaar;2058;1272;897;375
5761;Mannen;1 jaar;2059;1273;899;374
5762;Mannen;2 jaar;2017;1480;829;651
5763;Mannen;2 jaar;2018;1361;828;533
5764;Mannen;2 jaar;2019;1325;839;486
5765;Mannen;2 jaar;2020;1318;853;465
5766;Mannen;2 jaar;2021;1316;869;447
5767;Mannen;2 jaar;2022;1327;887;440
5768;Mannen;2 jaar;2023;1342;906;436
5769;Mannen;2 jaar;2024;1362;923;439
5770;Mannen;2 jaar;2025;1378;939;439
5771;Mannen;2 jaar;2026;1389;952;437
5772;Mannen;2 jaar;2027;1400;963;437
5773;Mannen;2 jaar;2028;1407;970;437
5774;Mannen;2 jaar;2029;1410;975;435
5775;Mannen;2 jaar;2030;1415;978;437
5776;Mannen;2 jaar;2031;1416;980;436
5777;Mannen;2 jaar;2032;1419;981;438
5778;Mannen;2 jaar;2033;1417;979;438
5779;Mannen;2 jaar;2034;1416;979;437
5780;Mannen;2 jaar;2035;1414;977;437
5781;Mannen;2 jaar;2036;1413;975;438
5782;Mannen;2 jaar;2037;1410;973;437
5783;Mannen;2 jaar;2038;1407;970;437
5784;Mannen;2 jaar;2039;1405;967;438
5785;Mannen;2 jaar;2040;1402;963;439
5786;Mannen;2 jaar;2041;1397;959;438
5787;Mannen;2 jaar;2042;1394;955;439
5788;Mannen;2 jaar;2043;1391;952;439
5789;Mannen;2 jaar;2044;1391;949;442
5790;Mannen;2 jaar;2045;1387;947;440
5791;Mannen;2 jaar;2046;1387;944;443
5792;Mannen;2 jaar;2047;1386;943;443
5793;Mannen;2 jaar;2048;1385;941;444
5794;Mannen;2 jaar;2049;1385;939;446
5795;Mannen;2 jaar;2050;1384;940;444
5796;Mannen;2 jaar;2051;1384;940;444
5797;Mannen;2 jaar;2052;1384;940;444
5798;Mannen;2 jaar;2053;1386;942;444
5799;Mannen;2 jaar;2054;1389;944;445
5800;Mannen;2 jaar;2055;1393;946;447
5801;Mannen;2 jaar;2056;1395;948;447
5802;Mannen;2 jaar;2057;1397;952;445
5803;Mannen;2 jaar;2058;1401;954;447
5804;Mannen;2 jaar;2059;1402;956;446
5805;Mannen;3 jaar;2017;1390;879;511
5806;Mannen;3 jaar;2018;1262;892;370
5807;Mannen;3 jaar;2019;1242;890;352
5808;Mannen;3 jaar;2020;1227;901;326
5809;Mannen;3 jaar;2021;1229;917;312
5810;Mannen;3 jaar;2022;1237;933;304
5811;Mannen;3 jaar;2023;1248;951;297
5812;Mannen;3 jaar;2024;1262;969;293
5813;Mannen;3 jaar;2025;1279;984;295
5814;Mannen;3 jaar;2026;1294;999;295
5815;Mannen;3 jaar;2027;1302;1011;291
5816;Mannen;3 jaar;2028;1305;1019;286
5817;Mannen;3 jaar;2029;1310;1025;285
5818;Mannen;3 jaar;2030;1316;1030;286
5819;Mannen;3 jaar;2031;1316;1033;283
5820;Mannen;3 jaar;2032;1318;1034;284
5821;Mannen;3 jaar;2033;1320;1035;285
5822;Mannen;3 jaar;2034;1318;1034;284
5823;Mannen;3 jaar;2035;1319;1032;287
5824;Mannen;3 jaar;2036;1317;1030;287
5825;Mannen;3 jaar;2037;1315;1029;286
5826;Mannen;3 jaar;2038;1313;1026;287
5827;Mannen;3 jaar;2039;1311;1023;288
5828;Mannen;3 jaar;2040;1308;1019;289
5829;Mannen;3 jaar;2041;1307;1016;291
5830;Mannen;3 jaar;2042;1305;1011;294
5831;Mannen;3 jaar;2043;1303;1009;294
5832;Mannen;3 jaar;2044;1300;1005;295
5833;Mannen;3 jaar;2045;1298;1002;296
5834;Mannen;3 jaar;2046;1296;999;297
5835;Mannen;3 jaar;2047;1296;996;300
5836;Mannen;3 jaar;2048;1296;994;302
5837;Mannen;3 jaar;2049;1295;993;302
5838;Mannen;3 jaar;2050;1295;992;303
5839;Mannen;3 jaar;2051;1295;991;304
5840;Mannen;3 jaar;2052;1295;992;303
5841;Mannen;3 jaar;2053;1294;992;302
5842;Mannen;3 jaar;2054;1298;994;304
5843;Mannen;3 jaar;2055;1300;996;304
5844;Mannen;3 jaar;2056;1302;998;304
5845;Mannen;3 jaar;2057;1303;1000;303
5846;Mannen;3 jaar;2058;1305;1003;302
5847;Mannen;3 jaar;2059;1309;1006;303
5848;Mannen;4 jaar;2017;1292;817;475
5849;Mannen;4 jaar;2018;1179;866;313
5850;Mannen;4 jaar;2019;1151;875;276
5851;Mannen;4 jaar;2020;1142;872;270
5852;Mannen;4 jaar;2021;1140;883;257
5853;Mannen;4 jaar;2022;1148;897;251
5854;Mannen;4 jaar;2023;1157;912;245
5855;Mannen;4 jaar;2024;1170;925;245
5856;Mannen;4 jaar;2025;1189;940;249
5857;Mannen;4 jaar;2026;1200;952;248
5858;Mannen;4 jaar;2027;1210;965;245
5859;Mannen;4 jaar;2028;1216;973;243
5860;Mannen;4 jaar;2029;1218;979;239
5861;Mannen;4 jaar;2030;1223;984;239
5862;Mannen;4 jaar;2031;1228;988;240
5863;Mannen;4 jaar;2032;1230;989;241
5864;Mannen;4 jaar;2033;1232;991;241
5865;Mannen;4 jaar;2034;1233;991;242
5866;Mannen;4 jaar;2035;1232;990;242
5867;Mannen;4 jaar;2036;1232;989;243
5868;Mannen;4 jaar;2037;1230;987;243
5869;Mannen;4 jaar;2038;1228;985;243
5870;Mannen;4 jaar;2039;1227;982;245
5871;Mannen;4 jaar;2040;1224;979;245
5872;Mannen;4 jaar;2041;1222;975;247
5873;Mannen;4 jaar;2042;1220;972;248
5874;Mannen;4 jaar;2043;1217;969;248
5875;Mannen;4 jaar;2044;1215;965;250
5876;Mannen;4 jaar;2045;1213;962;251
5877;Mannen;4 jaar;2046;1211;958;253
5878;Mannen;4 jaar;2047;1210;955;255
5879;Mannen;4 jaar;2048;1210;953;257
5880;Mannen;4 jaar;2049;1208;951;257
5881;Mannen;4 jaar;2050;1207;949;258
5882;Mannen;4 jaar;2051;1207;948;259
5883;Mannen;4 jaar;2052;1207;948;259
5884;Mannen;4 jaar;2053;1209;949;260
5885;Mannen;4 jaar;2054;1211;949;262
5886;Mannen;4 jaar;2055;1212;951;261
5887;Mannen;4 jaar;2056;1213;952;261
5888;Mannen;4 jaar;2057;1216;954;262
5889;Mannen;4 jaar;2058;1220;956;264
5890;Mannen;4 jaar;2059;1220;959;261
5891;Mannen;5 jaar;2017;1258;793;465
5892;Mannen;5 jaar;2018;1128;800;328
5893;Mannen;5 jaar;2019;1109;842;267
5894;Mannen;5 jaar;2020;1095;848;247
5895;Mannen;5 jaar;2021;1098;847;251
5896;Mannen;5 jaar;2022;1099;857;242
5897;Mannen;5 jaar;2023;1108;868;240
5898;Mannen;5 jaar;2024;1125;880;245
5899;Mannen;5 jaar;2025;1137;891;246
5900;Mannen;5 jaar;2026;1149;903;246
5901;Mannen;5 jaar;2027;1157;913;244
5902;Mannen;5 jaar;2028;1165;922;243
5903;Mannen;5 jaar;2029;1169;928;241
5904;Mannen;5 jaar;2030;1173;933;240
5905;Mannen;5 jaar;2031;1176;937;239
5906;Mannen;5 jaar;2032;1180;940;240
5907;Mannen;5 jaar;2033;1182;941;241
5908;Mannen;5 jaar;2034;1183;943;240
5909;Mannen;5 jaar;2035;1184;944;240
5910;Mannen;5 jaar;2036;1183;943;240
5911;Mannen;5 jaar;2037;1182;941;241
5912;Mannen;5 jaar;2038;1181;939;242
5913;Mannen;5 jaar;2039;1180;938;242
5914;Mannen;5 jaar;2040;1180;935;245
5915;Mannen;5 jaar;2041;1178;931;247
5916;Mannen;5 jaar;2042;1176;929;247
5917;Mannen;5 jaar;2043;1173;925;248
5918;Mannen;5 jaar;2044;1171;921;250
5919;Mannen;5 jaar;2045;1169;919;250
5920;Mannen;5 jaar;2046;1169;915;254
5921;Mannen;5 jaar;2047;1167;912;255
5922;Mannen;5 jaar;2048;1166;910;256
5923;Mannen;5 jaar;2049;1165;908;257
5924;Mannen;5 jaar;2050;1164;906;258
5925;Mannen;5 jaar;2051;1163;904;259
5926;Mannen;5 jaar;2052;1163;904;259
5927;Mannen;5 jaar;2053;1162;904;258
5928;Mannen;5 jaar;2054;1164;904;260
5929;Mannen;5 jaar;2055;1166;905;261
5930;Mannen;5 jaar;2056;1166;906;260
5931;Mannen;5 jaar;2057;1166;908;258
5932;Mannen;5 jaar;2058;1168;910;258
5933;Mannen;5 jaar;2059;1171;913;258
5934;Mannen;6 jaar;2017;1209;718;491
5935;Mannen;6 jaar;2018;1089;743;346
5936;Mannen;6 jaar;2019;1058;747;311
5937;Mannen;6 jaar;2020;1050;782;268
5938;Mannen;6 jaar;2021;1044;786;258
5939;Mannen;6 jaar;2022;1053;787;266
5940;Mannen;6 jaar;2023;1060;794;266
5941;Mannen;6 jaar;2024;1072;803;269
5942;Mannen;6 jaar;2025;1088;812;276
5943;Mannen;6 jaar;2026;1096;819;277
5944;Mannen;6 jaar;2027;1100;829;271
5945;Mannen;6 jaar;2028;1108;836;272
5946;Mannen;6 jaar;2029;1113;842;271
5947;Mannen;6 jaar;2030;1118;846;272
5948;Mannen;6 jaar;2031;1123;850;273
5949;Mannen;6 jaar;2032;1128;854;274
5950;Mannen;6 jaar;2033;1129;856;273
5951;Mannen;6 jaar;2034;1130;858;272
5952;Mannen;6 jaar;2035;1133;859;274
5953;Mannen;6 jaar;2036;1133;859;274
5954;Mannen;6 jaar;2037;1133;859;274
5955;Mannen;6 jaar;2038;1132;857;275
5956;Mannen;6 jaar;2039;1132;855;277
5957;Mannen;6 jaar;2040;1129;853;276
5958;Mannen;6 jaar;2041;1125;851;274
5959;Mannen;6 jaar;2042;1124;847;277
5960;Mannen;6 jaar;2043;1123;845;278
5961;Mannen;6 jaar;2044;1122;842;280
5962;Mannen;6 jaar;2045;1120;839;281
5963;Mannen;6 jaar;2046;1118;836;282
5964;Mannen;6 jaar;2047;1116;832;284
5965;Mannen;6 jaar;2048;1115;829;286
5966;Mannen;6 jaar;2049;1114;827;287
5967;Mannen;6 jaar;2050;1114;825;289
5968;Mannen;6 jaar;2051;1112;824;288
5969;Mannen;6 jaar;2052;1113;823;290
5970;Mannen;6 jaar;2053;1112;821;291
5971;Mannen;6 jaar;2054;1113;822;291
5972;Mannen;6 jaar;2055;1114;821;293
5973;Mannen;6 jaar;2056;1115;823;292
5974;Mannen;6 jaar;2057;1117;824;293
5975;Mannen;6 jaar;2058;1118;825;293
5976;Mannen;6 jaar;2059;1119;828;291
5977;Mannen;7 jaar;2017;1145;669;476
5978;Mannen;7 jaar;2018;1030;674;356
5979;Mannen;7 jaar;2019;1004;694;310
5980;Mannen;7 jaar;2020;988;697;291
5981;Mannen;7 jaar;2021;989;728;261
5982;Mannen;7 jaar;2022;991;732;259
5983;Mannen;7 jaar;2023;1003;731;272
5984;Mannen;7 jaar;2024;1012;737;275
5985;Mannen;7 jaar;2025;1024;744;280
5986;Mannen;7 jaar;2026;1030;750;280
5987;Mannen;7 jaar;2027;1038;756;282
5988;Mannen;7 jaar;2028;1041;762;279
5989;Mannen;7 jaar;2029;1048;767;281
5990;Mannen;7 jaar;2030;1053;771;282
5991;Mannen;7 jaar;2031;1059;775;284
5992;Mannen;7 jaar;2032;1063;779;284
5993;Mannen;7 jaar;2033;1064;782;282
5994;Mannen;7 jaar;2034;1066;784;282
5995;Mannen;7 jaar;2035;1069;785;284
5996;Mannen;7 jaar;2036;1068;787;281
5997;Mannen;7 jaar;2037;1069;786;283
5998;Mannen;7 jaar;2038;1070;786;284
5999;Mannen;7 jaar;2039;1069;784;285
6000;Mannen;7 jaar;2040;1067;783;284
6001;Mannen;7 jaar;2041;1066;781;285
6002;Mannen;7 jaar;2042;1066;778;288
6003;Mannen;7 jaar;2043;1064;777;287
6004;Mannen;7 jaar;2044;1062;774;288
6005;Mannen;7 jaar;2045;1060;771;289
6006;Mannen;7 jaar;2046;1061;768;293
6007;Mannen;7 jaar;2047;1060;765;295
6008;Mannen;7 jaar;2048;1060;763;297
6009;Mannen;7 jaar;2049;1058;760;298
6010;Mannen;7 jaar;2050;1058;758;300
6011;Mannen;7 jaar;2051;1057;757;300
6012;Mannen;7 jaar;2052;1057;755;302
6013;Mannen;7 jaar;2053;1055;754;301
6014;Mannen;7 jaar;2054;1055;754;301
6015;Mannen;7 jaar;2055;1055;754;301
6016;Mannen;7 jaar;2056;1056;754;302
6017;Mannen;7 jaar;2057;1056;755;301
6018;Mannen;7 jaar;2058;1057;756;301
6019;Mannen;7 jaar;2059;1057;757;300
6020;Mannen;8 jaar;2017;1089;610;479
6021;Mannen;8 jaar;2018;986;642;344
6022;Mannen;8 jaar;2019;957;643;314
6023;Mannen;8 jaar;2020;944;660;284
6024;Mannen;8 jaar;2021;937;664;273
6025;Mannen;8 jaar;2022;940;692;248
6026;Mannen;8 jaar;2023;947;694;253
6027;Mannen;8 jaar;2024;963;693;270
6028;Mannen;8 jaar;2025;973;698;275
6029;Mannen;8 jaar;2026;979;702;277
6030;Mannen;8 jaar;2027;984;708;276
6031;Mannen;8 jaar;2028;992;711;281
6032;Mannen;8 jaar;2029;994;716;278
6033;Mannen;8 jaar;2030;998;720;278
6034;Mannen;8 jaar;2031;1004;723;281
6035;Mannen;8 jaar;2032;1006;726;280
6036;Mannen;8 jaar;2033;1007;729;278
6037;Mannen;8 jaar;2034;1011;732;279
6038;Mannen;8 jaar;2035;1012;734;278
6039;Mannen;8 jaar;2036;1016;735;281
6040;Mannen;8 jaar;2037;1015;736;279
6041;Mannen;8 jaar;2038;1015;736;279
6042;Mannen;8 jaar;2039;1016;735;281
6043;Mannen;8 jaar;2040;1015;734;281
6044;Mannen;8 jaar;2041;1013;732;281
6045;Mannen;8 jaar;2042;1014;731;283
6046;Mannen;8 jaar;2043;1015;729;286
6047;Mannen;8 jaar;2044;1013;726;287
6048;Mannen;8 jaar;2045;1011;724;287
6049;Mannen;8 jaar;2046;1009;722;287
6050;Mannen;8 jaar;2047;1009;719;290
6051;Mannen;8 jaar;2048;1007;716;291
6052;Mannen;8 jaar;2049;1006;714;292
6053;Mannen;8 jaar;2050;1004;712;292
6054;Mannen;8 jaar;2051;1004;710;294
6055;Mannen;8 jaar;2052;1003;709;294
6056;Mannen;8 jaar;2053;1002;707;295
6057;Mannen;8 jaar;2054;1002;706;296
6058;Mannen;8 jaar;2055;1002;706;296
6059;Mannen;8 jaar;2056;1003;706;297
6060;Mannen;8 jaar;2057;1004;706;298
6061;Mannen;8 jaar;2058;1004;707;297
6062;Mannen;8 jaar;2059;1005;709;296
6063;Mannen;9 jaar;2017;1053;572;481
6064;Mannen;9 jaar;2018;956;590;366
6065;Mannen;9 jaar;2019;935;616;319
6066;Mannen;9 jaar;2020;916;618;298
6067;Mannen;9 jaar;2021;910;634;276
6068;Mannen;9 jaar;2022;910;637;273
6069;Mannen;9 jaar;2023;919;661;258
6070;Mannen;9 jaar;2024;928;662;266
6071;Mannen;9 jaar;2025;942;661;281
6072;Mannen;9 jaar;2026;946;663;283
6073;Mannen;9 jaar;2027;950;667;283
6074;Mannen;9 jaar;2028;953;670;283
6075;Mannen;9 jaar;2029;957;672;285
6076;Mannen;9 jaar;2030;959;675;284
6077;Mannen;9 jaar;2031;965;678;287
6078;Mannen;9 jaar;2032;968;681;287
6079;Mannen;9 jaar;2033;973;684;289
6080;Mannen;9 jaar;2034;974;686;288
6081;Mannen;9 jaar;2035;978;688;290
6082;Mannen;9 jaar;2036;979;690;289
6083;Mannen;9 jaar;2037;979;691;288
6084;Mannen;9 jaar;2038;979;691;288
6085;Mannen;9 jaar;2039;980;691;289
6086;Mannen;9 jaar;2040;979;690;289
6087;Mannen;9 jaar;2041;978;688;290
6088;Mannen;9 jaar;2042;977;686;291
6089;Mannen;9 jaar;2043;979;685;294
6090;Mannen;9 jaar;2044;978;683;295
6091;Mannen;9 jaar;2045;976;680;296
6092;Mannen;9 jaar;2046;974;678;296
6093;Mannen;9 jaar;2047;972;675;297
6094;Mannen;9 jaar;2048;972;673;299
6095;Mannen;9 jaar;2049;971;670;301
6096;Mannen;9 jaar;2050;972;669;303
6097;Mannen;9 jaar;2051;971;666;305
6098;Mannen;9 jaar;2052;970;665;305
6099;Mannen;9 jaar;2053;970;663;307
6100;Mannen;9 jaar;2054;971;662;309
6101;Mannen;9 jaar;2055;971;661;310
6102;Mannen;9 jaar;2056;971;661;310
6103;Mannen;9 jaar;2057;970;660;310
6104;Mannen;9 jaar;2058;970;660;310
6105;Mannen;9 jaar;2059;972;661;311
6106;Mannen;10 jaar;2017;995;513;482
6107;Mannen;10 jaar;2018;903;539;364
6108;Mannen;10 jaar;2019;883;552;331
6109;Mannen;10 jaar;2020;872;574;298
6110;Mannen;10 jaar;2021;868;577;291
6111;Mannen;10 jaar;2022;865;590;275
6112;Mannen;10 jaar;2023;866;592;274
6113;Mannen;10 jaar;2024;877;613;264
6114;Mannen;10 jaar;2025;883;613;270
6115;Mannen;10 jaar;2026;893;611;282
6116;Mannen;10 jaar;2027;898;614;284
6117;Mannen;10 jaar;2028;902;615;287
6118;Mannen;10 jaar;2029;905;617;288
6119;Mannen;10 jaar;2030;908;618;290
6120;Mannen;10 jaar;2031;911;622;289
6121;Mannen;10 jaar;2032;917;624;293
6122;Mannen;10 jaar;2033;918;627;291
6123;Mannen;10 jaar;2034;923;629;294
6124;Mannen;10 jaar;2035;922;632;290
6125;Mannen;10 jaar;2036;924;634;290
6126;Mannen;10 jaar;2037;924;635;289
6127;Mannen;10 jaar;2038;924;636;288
6128;Mannen;10 jaar;2039;924;636;288
6129;Mannen;10 jaar;2040;926;636;290
6130;Mannen;10 jaar;2041;926;636;290
6131;Mannen;10 jaar;2042;925;634;291
6132;Mannen;10 jaar;2043;925;633;292
6133;Mannen;10 jaar;2044;924;632;292
6134;Mannen;10 jaar;2045;924;630;294
6135;Mannen;10 jaar;2046;923;628;295
6136;Mannen;10 jaar;2047;922;625;297
6137;Mannen;10 jaar;2048;922;623;299
6138;Mannen;10 jaar;2049;922;622;300
6139;Mannen;10 jaar;2050;919;619;300
6140;Mannen;10 jaar;2051;920;617;303
6141;Mannen;10 jaar;2052;919;616;303
6142;Mannen;10 jaar;2053;918;614;304
6143;Mannen;10 jaar;2054;918;613;305
6144;Mannen;10 jaar;2055;919;612;307
6145;Mannen;10 jaar;2056;917;612;305
6146;Mannen;10 jaar;2057;918;612;306
6147;Mannen;10 jaar;2058;919;611;308
6148;Mannen;10 jaar;2059;920;611;309
6149;Mannen;11 jaar;2017;948;469;479
6150;Mannen;11 jaar;2018;852;484;368
6151;Mannen;11 jaar;2019;837;506;331
6152;Mannen;11 jaar;2020;824;517;307
6153;Mannen;11 jaar;2021;828;539;289
6154;Mannen;11 jaar;2022;827;542;285
6155;Mannen;11 jaar;2023;827;553;274
6156;Mannen;11 jaar;2024;829;556;273
6157;Mannen;11 jaar;2025;840;573;267
6158;Mannen;11 jaar;2026;842;572;270
6159;Mannen;11 jaar;2027;853;571;282
6160;Mannen;11 jaar;2028;853;572;281
6161;Mannen;11 jaar;2029;860;572;288
6162;Mannen;11 jaar;2030;863;574;289
6163;Mannen;11 jaar;2031;862;575;287
6164;Mannen;11 jaar;2032;865;579;286
6165;Mannen;11 jaar;2033;868;580;288
6166;Mannen;11 jaar;2034;872;584;288
6167;Mannen;11 jaar;2035;872;587;285
6168;Mannen;11 jaar;2036;875;589;286
6169;Mannen;11 jaar;2037;876;592;284
6170;Mannen;11 jaar;2038;877;593;284
6171;Mannen;11 jaar;2039;881;594;287
6172;Mannen;11 jaar;2040;880;594;286
6173;Mannen;11 jaar;2041;880;594;286
6174;Mannen;11 jaar;2042;881;594;287
6175;Mannen;11 jaar;2043;879;593;286
6176;Mannen;11 jaar;2044;879;593;286
6177;Mannen;11 jaar;2045;879;591;288
6178;Mannen;11 jaar;2046;877;590;287
6179;Mannen;11 jaar;2047;878;588;290
6180;Mannen;11 jaar;2048;877;586;291
6181;Mannen;11 jaar;2049;876;585;291
6182;Mannen;11 jaar;2050;874;583;291
6183;Mannen;11 jaar;2051;874;581;293
6184;Mannen;11 jaar;2052;873;580;293
6185;Mannen;11 jaar;2053;873;579;294
6186;Mannen;11 jaar;2054;871;578;293
6187;Mannen;11 jaar;2055;871;577;294
6188;Mannen;11 jaar;2056;870;577;293
6189;Mannen;11 jaar;2057;870;576;294
6190;Mannen;11 jaar;2058;870;576;294
6191;Mannen;11 jaar;2059;871;576;295
6192;Mannen;12 jaar;2017;901;425;476
6193;Mannen;12 jaar;2018;816;447;369
6194;Mannen;12 jaar;2019;793;458;335
6195;Mannen;12 jaar;2020;788;479;309
6196;Mannen;12 jaar;2021;787;489;298
6197;Mannen;12 jaar;2022;787;509;278
6198;Mannen;12 jaar;2023;788;512;276
6199;Mannen;12 jaar;2024;793;521;272
6200;Mannen;12 jaar;2025;797;523;274
6201;Mannen;12 jaar;2026;807;538;269
6202;Mannen;12 jaar;2027;807;536;271
6203;Mannen;12 jaar;2028;814;534;280
6204;Mannen;12 jaar;2029;816;534;282
6205;Mannen;12 jaar;2030;815;535;280
6206;Mannen;12 jaar;2031;820;536;284
6207;Mannen;12 jaar;2032;820;537;283
6208;Mannen;12 jaar;2033;822;540;282
6209;Mannen;12 jaar;2034;826;542;284
6210;Mannen;12 jaar;2035;832;545;287
6211;Mannen;12 jaar;2036;831;548;283
6212;Mannen;12 jaar;2037;833;550;283
6213;Mannen;12 jaar;2038;837;552;285
6214;Mannen;12 jaar;2039;838;554;284
6215;Mannen;12 jaar;2040;837;555;282
6216;Mannen;12 jaar;2041;836;555;281
6217;Mannen;12 jaar;2042;837;555;282
6218;Mannen;12 jaar;2043;838;555;283
6219;Mannen;12 jaar;2044;839;554;285
6220;Mannen;12 jaar;2045;837;553;284
6221;Mannen;12 jaar;2046;835;553;282
6222;Mannen;12 jaar;2047;835;551;284
6223;Mannen;12 jaar;2048;834;549;285
6224;Mannen;12 jaar;2049;832;549;283
6225;Mannen;12 jaar;2050;831;547;284
6226;Mannen;12 jaar;2051;830;545;285
6227;Mannen;12 jaar;2052;831;545;286
6228;Mannen;12 jaar;2053;831;543;288
6229;Mannen;12 jaar;2054;831;542;289
6230;Mannen;12 jaar;2055;832;541;291
6231;Mannen;12 jaar;2056;832;541;291
6232;Mannen;12 jaar;2057;830;540;290
6233;Mannen;12 jaar;2058;830;540;290
6234;Mannen;12 jaar;2059;829;540;289
6235;Mannen;13 jaar;2017;866;399;467
6236;Mannen;13 jaar;2018;781;414;367
6237;Mannen;13 jaar;2019;761;433;328
6238;Mannen;13 jaar;2020;748;445;303
6239;Mannen;13 jaar;2021;751;463;288
6240;Mannen;13 jaar;2022;756;473;283
6241;Mannen;13 jaar;2023;758;491;267
6242;Mannen;13 jaar;2024;762;493;269
6243;Mannen;13 jaar;2025;766;501;265
6244;Mannen;13 jaar;2026;767;502;265
6245;Mannen;13 jaar;2027;773;515;258
6246;Mannen;13 jaar;2028;772;512;260
6247;Mannen;13 jaar;2029;777;510;267
6248;Mannen;13 jaar;2030;780;510;270
6249;Mannen;13 jaar;2031;779;510;269
6250;Mannen;13 jaar;2032;782;511;271
6251;Mannen;13 jaar;2033;784;512;272
6252;Mannen;13 jaar;2034;785;515;270
6253;Mannen;13 jaar;2035;790;517;273
6254;Mannen;13 jaar;2036;791;520;271
6255;Mannen;13 jaar;2037;793;522;271
6256;Mannen;13 jaar;2038;794;524;270
6257;Mannen;13 jaar;2039;796;526;270
6258;Mannen;13 jaar;2040;797;527;270
6259;Mannen;13 jaar;2041;798;528;270
6260;Mannen;13 jaar;2042;797;528;269
6261;Mannen;13 jaar;2043;798;529;269
6262;Mannen;13 jaar;2044;799;529;270
6263;Mannen;13 jaar;2045;799;528;271
6264;Mannen;13 jaar;2046;801;527;274
6265;Mannen;13 jaar;2047;802;526;276
6266;Mannen;13 jaar;2048;800;526;274
6267;Mannen;13 jaar;2049;800;524;276
6268;Mannen;13 jaar;2050;799;523;276
6269;Mannen;13 jaar;2051;798;521;277
6270;Mannen;13 jaar;2052;796;520;276
6271;Mannen;13 jaar;2053;795;519;276
6272;Mannen;13 jaar;2054;795;518;277
6273;Mannen;13 jaar;2055;792;518;274
6274;Mannen;13 jaar;2056;793;517;276
6275;Mannen;13 jaar;2057;793;516;277
6276;Mannen;13 jaar;2058;793;516;277
6277;Mannen;13 jaar;2059;794;515;279
6278;Mannen;14 jaar;2017;889;377;512
6279;Mannen;14 jaar;2018;795;389;406
6280;Mannen;14 jaar;2019;772;404;368
6281;Mannen;14 jaar;2020;762;420;342
6282;Mannen;14 jaar;2021;759;432;327
6283;Mannen;14 jaar;2022;765;449;316
6284;Mannen;14 jaar;2023;771;457;314
6285;Mannen;14 jaar;2024;776;472;304
6286;Mannen;14 jaar;2025;780;473;307
6287;Mannen;14 jaar;2026;781;480;301
6288;Mannen;14 jaar;2027;783;481;302
6289;Mannen;14 jaar;2028;788;490;298
6290;Mannen;14 jaar;2029;787;487;300
6291;Mannen;14 jaar;2030;794;486;308
6292;Mannen;14 jaar;2031;795;485;310
6293;Mannen;14 jaar;2032;795;486;309
6294;Mannen;14 jaar;2033;795;486;309
6295;Mannen;14 jaar;2034;798;488;310
6296;Mannen;14 jaar;2035;801;490;311
6297;Mannen;14 jaar;2036;803;492;311
6298;Mannen;14 jaar;2037;806;494;312
6299;Mannen;14 jaar;2038;806;497;309
6300;Mannen;14 jaar;2039;808;498;310
6301;Mannen;14 jaar;2040;808;500;308
6302;Mannen;14 jaar;2041;810;501;309
6303;Mannen;14 jaar;2042;810;501;309
6304;Mannen;14 jaar;2043;809;502;307
6305;Mannen;14 jaar;2044;810;503;307
6306;Mannen;14 jaar;2045;809;503;306
6307;Mannen;14 jaar;2046;812;501;311
6308;Mannen;14 jaar;2047;812;501;311
6309;Mannen;14 jaar;2048;810;501;309
6310;Mannen;14 jaar;2049;809;500;309
6311;Mannen;14 jaar;2050;808;499;309
6312;Mannen;14 jaar;2051;806;498;308
6313;Mannen;14 jaar;2052;807;496;311
6314;Mannen;14 jaar;2053;806;495;311
6315;Mannen;14 jaar;2054;806;495;311
6316;Mannen;14 jaar;2055;808;493;315
6317;Mannen;14 jaar;2056;807;492;315
6318;Mannen;14 jaar;2057;806;492;314
6319;Mannen;14 jaar;2058;808;492;316
6320;Mannen;14 jaar;2059;806;492;314
6321;Mannen;15 jaar;2017;1019;354;665
6322;Mannen;15 jaar;2018;910;369;541
6323;Mannen;15 jaar;2019;886;380;506
6324;Mannen;15 jaar;2020;874;392;482
6325;Mannen;15 jaar;2021;871;408;463
6326;Mannen;15 jaar;2022;873;418;455
6327;Mannen;15 jaar;2023;881;433;448
6328;Mannen;15 jaar;2024;893;439;454
6329;Mannen;15 jaar;2025;899;452;447
6330;Mannen;15 jaar;2026;902;452;450
6331;Mannen;15 jaar;2027;904;457;447
6332;Mannen;15 jaar;2028;901;456;445
6333;Mannen;15 jaar;2029;907;464;443
6334;Mannen;15 jaar;2030;905;461;444
6335;Mannen;15 jaar;2031;911;460;451
6336;Mannen;15 jaar;2032;910;460;450
6337;Mannen;15 jaar;2033;912;460;452
6338;Mannen;15 jaar;2034;913;461;452
6339;Mannen;15 jaar;2035;914;462;452
6340;Mannen;15 jaar;2036;918;464;454
6341;Mannen;15 jaar;2037;920;467;453
6342;Mannen;15 jaar;2038;922;469;453
6343;Mannen;15 jaar;2039;923;470;453
6344;Mannen;15 jaar;2040;923;472;451
6345;Mannen;15 jaar;2041;925;473;452
6346;Mannen;15 jaar;2042;925;475;450
6347;Mannen;15 jaar;2043;927;475;452
6348;Mannen;15 jaar;2044;927;476;451
6349;Mannen;15 jaar;2045;928;476;452
6350;Mannen;15 jaar;2046;929;476;453
6351;Mannen;15 jaar;2047;928;475;453
6352;Mannen;15 jaar;2048;927;475;452
6353;Mannen;15 jaar;2049;927;474;453
6354;Mannen;15 jaar;2050;926;473;453
6355;Mannen;15 jaar;2051;926;472;454
6356;Mannen;15 jaar;2052;926;471;455
6357;Mannen;15 jaar;2053;923;470;453
6358;Mannen;15 jaar;2054;925;469;456
6359;Mannen;15 jaar;2055;925;469;456
6360;Mannen;15 jaar;2056;926;468;458
6361;Mannen;15 jaar;2057;925;467;458
6362;Mannen;15 jaar;2058;925;466;459
6363;Mannen;15 jaar;2059;925;466;459
6364;Mannen;16 jaar;2017;1251;335;916
6365;Mannen;16 jaar;2018;1110;348;762
6366;Mannen;16 jaar;2019;1085;361;724
6367;Mannen;16 jaar;2020;1072;372;700
6368;Mannen;16 jaar;2021;1071;383;688
6369;Mannen;16 jaar;2022;1074;398;676
6370;Mannen;16 jaar;2023;1077;406;671
6371;Mannen;16 jaar;2024;1091;421;670
6372;Mannen;16 jaar;2025;1106;426;680
6373;Mannen;16 jaar;2026;1111;436;675
6374;Mannen;16 jaar;2027;1114;436;678
6375;Mannen;16 jaar;2028;1111;439;672
6376;Mannen;16 jaar;2029;1110;437;673
6377;Mannen;16 jaar;2030;1116;444;672
6378;Mannen;16 jaar;2031;1114;441;673
6379;Mannen;16 jaar;2032;1119;441;678
6380;Mannen;16 jaar;2033;1120;440;680
6381;Mannen;16 jaar;2034;1122;441;681
6382;Mannen;16 jaar;2035;1122;443;679
6383;Mannen;16 jaar;2036;1124;444;680
6384;Mannen;16 jaar;2037;1124;446;678
6385;Mannen;16 jaar;2038;1126;448;678
6386;Mannen;16 jaar;2039;1131;451;680
6387;Mannen;16 jaar;2040;1132;452;680
6388;Mannen;16 jaar;2041;1131;454;677
6389;Mannen;16 jaar;2042;1133;455;678
6390;Mannen;16 jaar;2043;1135;456;679
6391;Mannen;16 jaar;2044;1135;457;678
6392;Mannen;16 jaar;2045;1136;458;678
6393;Mannen;16 jaar;2046;1137;458;679
6394;Mannen;16 jaar;2047;1138;458;680
6395;Mannen;16 jaar;2048;1137;457;680
6396;Mannen;16 jaar;2049;1137;457;680
6397;Mannen;16 jaar;2050;1136;456;680
6398;Mannen;16 jaar;2051;1137;455;682
6399;Mannen;16 jaar;2052;1137;455;682
6400;Mannen;16 jaar;2053;1135;454;681
6401;Mannen;16 jaar;2054;1135;454;681
6402;Mannen;16 jaar;2055;1135;453;682
6403;Mannen;16 jaar;2056;1134;452;682
6404;Mannen;16 jaar;2057;1133;451;682
6405;Mannen;16 jaar;2058;1134;451;683
6406;Mannen;16 jaar;2059;1133;450;683
6407;Mannen;17 jaar;2017;1387;330;1057
6408;Mannen;17 jaar;2018;1225;328;897
6409;Mannen;17 jaar;2019;1201;338;863
6410;Mannen;17 jaar;2020;1193;349;844
6411;Mannen;17 jaar;2021;1191;359;832
6412;Mannen;17 jaar;2022;1193;369;824
6413;Mannen;17 jaar;2023;1200;381;819
6414;Mannen;17 jaar;2024;1206;388;818
6415;Mannen;17 jaar;2025;1224;400;824
6416;Mannen;17 jaar;2026;1233;403;830
6417;Mannen;17 jaar;2027;1240;412;828
6418;Mannen;17 jaar;2028;1240;410;830
6419;Mannen;17 jaar;2029;1235;413;822
6420;Mannen;17 jaar;2030;1234;411;823
6421;Mannen;17 jaar;2031;1238;417;821
6422;Mannen;17 jaar;2032;1241;414;827
6423;Mannen;17 jaar;2033;1244;415;829
6424;Mannen;17 jaar;2034;1244;414;830
6425;Mannen;17 jaar;2035;1244;415;829
6426;Mannen;17 jaar;2036;1245;417;828
6427;Mannen;17 jaar;2037;1245;418;827
6428;Mannen;17 jaar;2038;1246;420;826
6429;Mannen;17 jaar;2039;1252;422;830
6430;Mannen;17 jaar;2040;1255;424;831
6431;Mannen;17 jaar;2041;1255;425;830
6432;Mannen;17 jaar;2042;1255;428;827
6433;Mannen;17 jaar;2043;1256;429;827
6434;Mannen;17 jaar;2044;1258;430;828
6435;Mannen;17 jaar;2045;1261;431;830
6436;Mannen;17 jaar;2046;1261;431;830
6437;Mannen;17 jaar;2047;1262;431;831
6438;Mannen;17 jaar;2048;1262;432;830
6439;Mannen;17 jaar;2049;1262;432;830
6440;Mannen;17 jaar;2050;1261;431;830
6441;Mannen;17 jaar;2051;1261;431;830
6442;Mannen;17 jaar;2052;1261;431;830
6443;Mannen;17 jaar;2053;1261;430;831
6444;Mannen;17 jaar;2054;1260;429;831
6445;Mannen;17 jaar;2055;1260;428;832
6446;Mannen;17 jaar;2056;1259;428;831
6447;Mannen;17 jaar;2057;1257;427;830
6448;Mannen;17 jaar;2058;1257;427;830
6449;Mannen;17 jaar;2059;1257;426;831
6450;Mannen;18 jaar;2017;2570;580;1990
6451;Mannen;18 jaar;2018;2405;598;1807
6452;Mannen;18 jaar;2019;2369;597;1772
6453;Mannen;18 jaar;2020;2353;617;1736
6454;Mannen;18 jaar;2021;2349;641;1708
6455;Mannen;18 jaar;2022;2352;659;1693
6456;Mannen;18 jaar;2023;2356;681;1675
6457;Mannen;18 jaar;2024;2370;707;1663
6458;Mannen;18 jaar;2025;2383;722;1661
6459;Mannen;18 jaar;2026;2401;743;1658
6460;Mannen;18 jaar;2027;2407;754;1653
6461;Mannen;18 jaar;2028;2411;767;1644
6462;Mannen;18 jaar;2029;2405;764;1641
6463;Mannen;18 jaar;2030;2402;768;1634
6464;Mannen;18 jaar;2031;2394;765;1629
6465;Mannen;18 jaar;2032;2402;775;1627
6466;Mannen;18 jaar;2033;2401;771;1630
6467;Mannen;18 jaar;2034;2407;770;1637
6468;Mannen;18 jaar;2035;2410;767;1643
6469;Mannen;18 jaar;2036;2412;769;1643
6470;Mannen;18 jaar;2037;2414;771;1643
6471;Mannen;18 jaar;2038;2418;773;1645
6472;Mannen;18 jaar;2039;2419;777;1642
6473;Mannen;18 jaar;2040;2422;780;1642
6474;Mannen;18 jaar;2041;2426;783;1643
6475;Mannen;18 jaar;2042;2429;786;1643
6476;Mannen;18 jaar;2043;2434;789;1645
6477;Mannen;18 jaar;2044;2438;791;1647
6478;Mannen;18 jaar;2045;2437;793;1644
6479;Mannen;18 jaar;2046;2440;795;1645
6480;Mannen;18 jaar;2047;2441;795;1646
6481;Mannen;18 jaar;2048;2441;796;1645
6482;Mannen;18 jaar;2049;2443;795;1648
6483;Mannen;18 jaar;2050;2442;795;1647
6484;Mannen;18 jaar;2051;2442;794;1648
6485;Mannen;18 jaar;2052;2441;793;1648
6486;Mannen;18 jaar;2053;2439;793;1646
6487;Mannen;18 jaar;2054;2439;791;1648
6488;Mannen;18 jaar;2055;2439;790;1649
6489;Mannen;18 jaar;2056;2438;789;1649
6490;Mannen;18 jaar;2057;2436;787;1649
6491;Mannen;18 jaar;2058;2436;785;1651
6492;Mannen;18 jaar;2059;2436;784;1652
6493;Mannen;19 jaar;2017;3342;957;2385
6494;Mannen;19 jaar;2018;3174;993;2181
6495;Mannen;19 jaar;2019;3153;1018;2135
6496;Mannen;19 jaar;2020;3136;1022;2114
6497;Mannen;19 jaar;2021;3130;1050;2080
6498;Mannen;19 jaar;2022;3142;1083;2059
6499;Mannen;19 jaar;2023;3142;1109;2033
6500;Mannen;19 jaar;2024;3149;1139;2010
6501;Mannen;19 jaar;2025;3170;1173;1997
6502;Mannen;19 jaar;2026;3177;1194;1983
6503;Mannen;19 jaar;2027;3190;1223;1967
6504;Mannen;19 jaar;2028;3195;1234;1961
6505;Mannen;19 jaar;2029;3197;1250;1947
6506;Mannen;19 jaar;2030;3192;1246;1946
6507;Mannen;19 jaar;2031;3188;1251;1937
6508;Mannen;19 jaar;2032;3184;1245;1939
6509;Mannen;19 jaar;2033;3187;1257;1930
6510;Mannen;19 jaar;2034;3186;1251;1935
6511;Mannen;19 jaar;2035;3192;1249;1943
6512;Mannen;19 jaar;2036;3191;1244;1947
6513;Mannen;19 jaar;2037;3193;1245;1948
6514;Mannen;19 jaar;2038;3196;1248;1948
6515;Mannen;19 jaar;2039;3202;1251;1951
6516;Mannen;19 jaar;2040;3206;1255;1951
6517;Mannen;19 jaar;2041;3209;1260;1949
6518;Mannen;19 jaar;2042;3212;1264;1948
6519;Mannen;19 jaar;2043;3216;1268;1948
6520;Mannen;19 jaar;2044;3219;1271;1948
6521;Mannen;19 jaar;2045;3222;1275;1947
6522;Mannen;19 jaar;2046;3227;1276;1951
6523;Mannen;19 jaar;2047;3227;1277;1950
6524;Mannen;19 jaar;2048;3229;1278;1951
6525;Mannen;19 jaar;2049;3230;1278;1952
6526;Mannen;19 jaar;2050;3229;1278;1951
6527;Mannen;19 jaar;2051;3229;1277;1952
6528;Mannen;19 jaar;2052;3229;1275;1954
6529;Mannen;19 jaar;2053;3228;1274;1954
6530;Mannen;19 jaar;2054;3228;1272;1956
6531;Mannen;19 jaar;2055;3229;1271;1958
6532;Mannen;19 jaar;2056;3227;1269;1958
6533;Mannen;19 jaar;2057;3226;1267;1959
6534;Mannen;19 jaar;2058;3224;1264;1960
6535;Mannen;19 jaar;2059;3223;1262;1961
6536;Mannen;20 jaar;2017;3729;1490;2239
6537;Mannen;20 jaar;2018;3567;1556;2011
6538;Mannen;20 jaar;2019;3535;1597;1938
6539;Mannen;20 jaar;2020;3527;1631;1896
6540;Mannen;20 jaar;2021;3524;1636;1888
6541;Mannen;20 jaar;2022;3535;1671;1864
6542;Mannen;20 jaar;2023;3542;1713;1829
6543;Mannen;20 jaar;2024;3551;1743;1808
6544;Mannen;20 jaar;2025;3571;1778;1793
6545;Mannen;20 jaar;2026;3581;1818;1763
6546;Mannen;20 jaar;2027;3583;1846;1737
6547;Mannen;20 jaar;2028;3592;1873;1719
6548;Mannen;20 jaar;2029;3591;1884;1707
6549;Mannen;20 jaar;2030;3596;1902;1694
6550;Mannen;20 jaar;2031;3590;1895;1695
6551;Mannen;20 jaar;2032;3591;1899;1692
6552;Mannen;20 jaar;2033;3584;1891;1693
6553;Mannen;20 jaar;2034;3588;1904;1684
6554;Mannen;20 jaar;2035;3585;1897;1688
6555;Mannen;20 jaar;2036;3592;1892;1700
6556;Mannen;20 jaar;2037;3594;1885;1709
6557;Mannen;20 jaar;2038;3597;1885;1712
6558;Mannen;20 jaar;2039;3599;1887;1712
6559;Mannen;20 jaar;2040;3602;1889;1713
6560;Mannen;20 jaar;2041;3607;1893;1714
6561;Mannen;20 jaar;2042;3607;1898;1709
6562;Mannen;20 jaar;2043;3611;1904;1707
6563;Mannen;20 jaar;2044;3614;1907;1707
6564;Mannen;20 jaar;2045;3619;1910;1709
6565;Mannen;20 jaar;2046;3622;1913;1709
6566;Mannen;20 jaar;2047;3622;1915;1707
6567;Mannen;20 jaar;2048;3625;1915;1710
6568;Mannen;20 jaar;2049;3627;1915;1712
6569;Mannen;20 jaar;2050;3628;1915;1713
6570;Mannen;20 jaar;2051;3629;1914;1715
6571;Mannen;20 jaar;2052;3628;1911;1717
6572;Mannen;20 jaar;2053;3628;1909;1719
6573;Mannen;20 jaar;2054;3630;1906;1724
6574;Mannen;20 jaar;2055;3630;1904;1726
6575;Mannen;20 jaar;2056;3632;1900;1732
6576;Mannen;20 jaar;2057;3630;1897;1733
6577;Mannen;20 jaar;2058;3630;1894;1736
6578;Mannen;20 jaar;2059;3627;1889;1738
6579;Mannen;21 jaar;2017;4096;2253;1843
6580;Mannen;21 jaar;2018;3891;2365;1526
6581;Mannen;21 jaar;2019;3864;2439;1425
6582;Mannen;21 jaar;2020;3854;2491;1363
6583;Mannen;21 jaar;2021;3854;2531;1323
6584;Mannen;21 jaar;2022;3868;2540;1328
6585;Mannen;21 jaar;2023;3879;2582;1297
6586;Mannen;21 jaar;2024;3893;2630;1263
6587;Mannen;21 jaar;2025;3912;2662;1250
6588;Mannen;21 jaar;2026;3921;2701;1220
6589;Mannen;21 jaar;2027;3926;2748;1178
6590;Mannen;21 jaar;2028;3925;2767;1158
6591;Mannen;21 jaar;2029;3933;2797;1136
6592;Mannen;21 jaar;2030;3935;2806;1129
6593;Mannen;21 jaar;2031;3936;2826;1110
6594;Mannen;21 jaar;2032;3931;2816;1115
6595;Mannen;21 jaar;2033;3926;2818;1108
6596;Mannen;21 jaar;2034;3924;2806;1118
6597;Mannen;21 jaar;2035;3929;2818;1111
6598;Mannen;21 jaar;2036;3926;2807;1119
6599;Mannen;21 jaar;2037;3932;2798;1134
6600;Mannen;21 jaar;2038;3930;2784;1146
6601;Mannen;21 jaar;2039;3935;2783;1152
6602;Mannen;21 jaar;2040;3938;2782;1156
6603;Mannen;21 jaar;2041;3941;2783;1158
6604;Mannen;21 jaar;2042;3946;2786;1160
6605;Mannen;21 jaar;2043;3948;2789;1159
6606;Mannen;21 jaar;2044;3952;2793;1159
6607;Mannen;21 jaar;2045;3958;2795;1163
6608;Mannen;21 jaar;2046;3959;2796;1163
6609;Mannen;21 jaar;2047;3963;2796;1167
6610;Mannen;21 jaar;2048;3966;2795;1171
6611;Mannen;21 jaar;2049;3967;2794;1173
6612;Mannen;21 jaar;2050;3970;2792;1178
6613;Mannen;21 jaar;2051;3973;2789;1184
6614;Mannen;21 jaar;2052;3974;2785;1189
6615;Mannen;21 jaar;2053;3973;2780;1193
6616;Mannen;21 jaar;2054;3973;2775;1198
6617;Mannen;21 jaar;2055;3974;2770;1204
6618;Mannen;21 jaar;2056;3972;2764;1208
6619;Mannen;21 jaar;2057;3971;2759;1212
6620;Mannen;21 jaar;2058;3970;2752;1218
6621;Mannen;21 jaar;2059;3970;2746;1224
6622;Mannen;22 jaar;2017;4611;2726;1885
6623;Mannen;22 jaar;2018;4381;3022;1359
6624;Mannen;22 jaar;2019;4339;3121;1218
6625;Mannen;22 jaar;2020;4332;3196;1136
6626;Mannen;22 jaar;2021;4334;3247;1087
6627;Mannen;22 jaar;2022;4358;3296;1062
6628;Mannen;22 jaar;2023;4375;3303;1072
6629;Mannen;22 jaar;2024;4392;3343;1049
6630;Mannen;22 jaar;2025;4424;3387;1037
6631;Mannen;22 jaar;2026;4423;3416;1007
6632;Mannen;22 jaar;2027;4426;3452;974
6633;Mannen;22 jaar;2028;4430;3482;948
6634;Mannen;22 jaar;2029;4425;3496;929
6635;Mannen;22 jaar;2030;4432;3526;906
6636;Mannen;22 jaar;2031;4434;3534;900
6637;Mannen;22 jaar;2032;4436;3552;884
6638;Mannen;22 jaar;2033;4430;3540;890
6639;Mannen;22 jaar;2034;4423;3538;885
6640;Mannen;22 jaar;2035;4420;3524;896
6641;Mannen;22 jaar;2036;4427;3535;892
6642;Mannen;22 jaar;2037;4423;3520;903
6643;Mannen;22 jaar;2038;4430;3509;921
6644;Mannen;22 jaar;2039;4427;3493;934
6645;Mannen;22 jaar;2040;4430;3489;941
6646;Mannen;22 jaar;2041;4435;3488;947
6647;Mannen;22 jaar;2042;4436;3489;947
6648;Mannen;22 jaar;2043;4443;3493;950
6649;Mannen;22 jaar;2044;4445;3495;950
6650;Mannen;22 jaar;2045;4449;3498;951
6651;Mannen;22 jaar;2046;4452;3499;953
6652;Mannen;22 jaar;2047;4459;3498;961
6653;Mannen;22 jaar;2048;4462;3498;964
6654;Mannen;22 jaar;2049;4463;3497;966
6655;Mannen;22 jaar;2050;4465;3495;970
6656;Mannen;22 jaar;2051;4467;3492;975
6657;Mannen;22 jaar;2052;4469;3487;982
6658;Mannen;22 jaar;2053;4469;3482;987
6659;Mannen;22 jaar;2054;4470;3476;994
6660;Mannen;22 jaar;2055;4469;3469;1000
6661;Mannen;22 jaar;2056;4471;3463;1008
6662;Mannen;22 jaar;2057;4469;3455;1014
6663;Mannen;22 jaar;2058;4470;3447;1023
6664;Mannen;22 jaar;2059;4467;3439;1028
6665;Mannen;23 jaar;2017;5088;3156;1932
6666;Mannen;23 jaar;2018;4827;3321;1506
6667;Mannen;23 jaar;2019;4780;3544;1236
6668;Mannen;23 jaar;2020;4765;3627;1138
6669;Mannen;23 jaar;2021;4774;3703;1071
6670;Mannen;23 jaar;2022;4800;3749;1051
6671;Mannen;23 jaar;2023;4828;3802;1026
6672;Mannen;23 jaar;2024;4845;3805;1040
6673;Mannen;23 jaar;2025;4876;3837;1039
6674;Mannen;23 jaar;2026;4893;3876;1017
6675;Mannen;23 jaar;2027;4889;3896;993
6676;Mannen;23 jaar;2028;4884;3907;977
6677;Mannen;23 jaar;2029;4881;3927;954
6678;Mannen;23 jaar;2030;4875;3935;940
6679;Mannen;23 jaar;2031;4883;3964;919
6680;Mannen;23 jaar;2032;4887;3970;917
6681;Mannen;23 jaar;2033;4886;3983;903
6682;Mannen;23 jaar;2034;4880;3972;908
6683;Mannen;23 jaar;2035;4873;3966;907
6684;Mannen;23 jaar;2036;4866;3949;917
6685;Mannen;23 jaar;2037;4871;3960;911
6686;Mannen;23 jaar;2038;4865;3942;923
6687;Mannen;23 jaar;2039;4874;3931;943
6688;Mannen;23 jaar;2040;4871;3913;958
6689;Mannen;23 jaar;2041;4873;3910;963
6690;Mannen;23 jaar;2042;4878;3909;969
6691;Mannen;23 jaar;2043;4882;3910;972
6692;Mannen;23 jaar;2044;4886;3915;971
6693;Mannen;23 jaar;2045;4889;3917;972
6694;Mannen;23 jaar;2046;4897;3920;977
6695;Mannen;23 jaar;2047;4902;3922;980
6696;Mannen;23 jaar;2048;4907;3922;985
6697;Mannen;23 jaar;2049;4908;3922;986
6698;Mannen;23 jaar;2050;4911;3920;991
6699;Mannen;23 jaar;2051;4915;3918;997
6700;Mannen;23 jaar;2052;4919;3914;1005
6701;Mannen;23 jaar;2053;4918;3910;1008
6702;Mannen;23 jaar;2054;4919;3904;1015
6703;Mannen;23 jaar;2055;4919;3896;1023
6704;Mannen;23 jaar;2056;4919;3888;1031
6705;Mannen;23 jaar;2057;4919;3881;1038
6706;Mannen;23 jaar;2058;4918;3872;1046
6707;Mannen;23 jaar;2059;4913;3863;1050
6708;Mannen;24 jaar;2017;5267;3463;1804
6709;Mannen;24 jaar;2018;5013;3653;1360
6710;Mannen;24 jaar;2019;4953;3762;1191
6711;Mannen;24 jaar;2020;4938;3929;1009
6712;Mannen;24 jaar;2021;4934;3996;938
6713;Mannen;24 jaar;2022;4973;4076;897
6714;Mannen;24 jaar;2023;4998;4122;876
6715;Mannen;24 jaar;2024;5033;4173;860
6716;Mannen;24 jaar;2025;5065;4170;895
6717;Mannen;24 jaar;2026;5074;4197;877
6718;Mannen;24 jaar;2027;5082;4229;853
6719;Mannen;24 jaar;2028;5073;4224;849
6720;Mannen;24 jaar;2029;5061;4224;837
6721;Mannen;24 jaar;2030;5059;4237;822
6722;Mannen;24 jaar;2031;5055;4239;816
6723;Mannen;24 jaar;2032;5063;4266;797
6724;Mannen;24 jaar;2033;5064;4270;794
6725;Mannen;24 jaar;2034;5065;4280;785
6726;Mannen;24 jaar;2035;5058;4267;791
6727;Mannen;24 jaar;2036;5049;4257;792
6728;Mannen;24 jaar;2037;5042;4238;804
6729;Mannen;24 jaar;2038;5049;4248;801
6730;Mannen;24 jaar;2039;5040;4227;813
6731;Mannen;24 jaar;2040;5048;4217;831
6732;Mannen;24 jaar;2041;5041;4197;844
6733;Mannen;24 jaar;2042;5044;4195;849
6734;Mannen;24 jaar;2043;5048;4195;853
6735;Mannen;24 jaar;2044;5052;4196;856
6736;Mannen;24 jaar;2045;5058;4201;857
6737;Mannen;24 jaar;2046;5066;4203;863
6738;Mannen;24 jaar;2047;5070;4207;863
6739;Mannen;24 jaar;2048;5075;4209;866
6740;Mannen;24 jaar;2049;5081;4210;871
6741;Mannen;24 jaar;2050;5085;4210;875
6742;Mannen;24 jaar;2051;5087;4209;878
6743;Mannen;24 jaar;2052;5091;4206;885
6744;Mannen;24 jaar;2053;5092;4203;889
6745;Mannen;24 jaar;2054;5093;4198;895
6746;Mannen;24 jaar;2055;5095;4191;904
6747;Mannen;24 jaar;2056;5094;4182;912
6748;Mannen;24 jaar;2057;5092;4173;919
6749;Mannen;24 jaar;2058;5095;4165;930
6750;Mannen;24 jaar;2059;5092;4156;936
6751;Mannen;25 jaar;2017;5166;3493;1673
6752;Mannen;25 jaar;2018;4901;3703;1198
6753;Mannen;25 jaar;2019;4850;3831;1019
6754;Mannen;25 jaar;2020;4824;3901;923
6755;Mannen;25 jaar;2021;4825;4023;802
6756;Mannen;25 jaar;2022;4850;4082;768
6757;Mannen;25 jaar;2023;4884;4163;721
6758;Mannen;25 jaar;2024;4915;4205;710
6759;Mannen;25 jaar;2025;4963;4252;711
6760;Mannen;25 jaar;2026;4971;4244;727
6761;Mannen;25 jaar;2027;4976;4266;710
6762;Mannen;25 jaar;2028;4980;4273;707
6763;Mannen;25 jaar;2029;4966;4261;705
6764;Mannen;25 jaar;2030;4954;4254;700
6765;Mannen;25 jaar;2031;4954;4261;693
6766;Mannen;25 jaar;2032;4948;4256;692
6767;Mannen;25 jaar;2033;4956;4283;673
6768;Mannen;25 jaar;2034;4957;4285;672
6769;Mannen;25 jaar;2035;4956;4293;663
6770;Mannen;25 jaar;2036;4948;4280;668
6771;Mannen;25 jaar;2037;4936;4267;669
6772;Mannen;25 jaar;2038;4931;4246;685
6773;Mannen;25 jaar;2039;4937;4256;681
6774;Mannen;25 jaar;2040;4929;4234;695
6775;Mannen;25 jaar;2041;4937;4226;711
6776;Mannen;25 jaar;2042;4931;4206;725
6777;Mannen;25 jaar;2043;4934;4205;729
6778;Mannen;25 jaar;2044;4938;4208;730
6779;Mannen;25 jaar;2045;4940;4208;732
6780;Mannen;25 jaar;2046;4949;4215;734
6781;Mannen;25 jaar;2047;4956;4219;737
6782;Mannen;25 jaar;2048;4963;4225;738
6783;Mannen;25 jaar;2049;4967;4229;738
6784;Mannen;25 jaar;2050;4971;4232;739
6785;Mannen;25 jaar;2051;4976;4233;743
6786;Mannen;25 jaar;2052;4979;4233;746
6787;Mannen;25 jaar;2053;4983;4232;751
6788;Mannen;25 jaar;2054;4985;4228;757
6789;Mannen;25 jaar;2055;4986;4224;762
6790;Mannen;25 jaar;2056;4989;4218;771
6791;Mannen;25 jaar;2057;4986;4209;777
6792;Mannen;25 jaar;2058;4987;4200;787
6793;Mannen;25 jaar;2059;4987;4192;795
6794;Mannen;26 jaar;2017;4922;3367;1555
6795;Mannen;26 jaar;2018;4653;3551;1102
6796;Mannen;26 jaar;2019;4592;3687;905
6797;Mannen;26 jaar;2020;4581;3778;803
6798;Mannen;26 jaar;2021;4570;3824;746
6799;Mannen;26 jaar;2022;4598;3917;681
6800;Mannen;26 jaar;2023;4622;3968;654
6801;Mannen;26 jaar;2024;4662;4045;617
6802;Mannen;26 jaar;2025;4699;4078;621
6803;Mannen;26 jaar;2026;4726;4120;606
6804;Mannen;26 jaar;2027;4733;4111;622
6805;Mannen;26 jaar;2028;4730;4109;621
6806;Mannen;26 jaar;2029;4727;4113;614
6807;Mannen;26 jaar;2030;4715;4096;619
6808;Mannen;26 jaar;2031;4705;4083;622
6809;Mannen;26 jaar;2032;4704;4086;618
6810;Mannen;26 jaar;2033;4693;4076;617
6811;Mannen;26 jaar;2034;4705;4103;602
6812;Mannen;26 jaar;2035;4707;4105;602
6813;Mannen;26 jaar;2036;4705;4111;594
6814;Mannen;26 jaar;2037;4695;4096;599
6815;Mannen;26 jaar;2038;4684;4082;602
6816;Mannen;26 jaar;2039;4679;4062;617
6817;Mannen;26 jaar;2040;4685;4071;614
6818;Mannen;26 jaar;2041;4673;4049;624
6819;Mannen;26 jaar;2042;4683;4044;639
6820;Mannen;26 jaar;2043;4679;4025;654
6821;Mannen;26 jaar;2044;4682;4026;656
6822;Mannen;26 jaar;2045;4685;4029;656
6823;Mannen;26 jaar;2046;4691;4031;660
6824;Mannen;26 jaar;2047;4695;4038;657
6825;Mannen;26 jaar;2048;4705;4044;661
6826;Mannen;26 jaar;2049;4710;4053;657
6827;Mannen;26 jaar;2050;4714;4059;655
6828;Mannen;26 jaar;2051;4719;4063;656
6829;Mannen;26 jaar;2052;4726;4066;660
6830;Mannen;26 jaar;2053;4726;4067;659
6831;Mannen;26 jaar;2054;4731;4066;665
6832;Mannen;26 jaar;2055;4735;4064;671
6833;Mannen;26 jaar;2056;4736;4061;675
6834;Mannen;26 jaar;2057;4735;4055;680
6835;Mannen;26 jaar;2058;4735;4047;688
6836;Mannen;26 jaar;2059;4734;4040;694
6837;Mannen;27 jaar;2017;4633;3195;1438
6838;Mannen;27 jaar;2018;4372;3373;999
6839;Mannen;27 jaar;2019;4320;3503;817
6840;Mannen;27 jaar;2020;4293;3600;693
6841;Mannen;27 jaar;2021;4301;3672;629
6842;Mannen;27 jaar;2022;4315;3705;610
6843;Mannen;27 jaar;2023;4337;3779;558
6844;Mannen;27 jaar;2024;4361;3822;539
6845;Mannen;27 jaar;2025;4411;3892;519
6846;Mannen;27 jaar;2026;4432;3920;512
6847;Mannen;27 jaar;2027;4454;3959;495
6848;Mannen;27 jaar;2028;4452;3931;521
6849;Mannen;27 jaar;2029;4447;3930;517
6850;Mannen;27 jaar;2030;4443;3931;512
6851;Mannen;27 jaar;2031;4434;3913;521
6852;Mannen;27 jaar;2032;4422;3898;524
6853;Mannen;27 jaar;2033;4415;3900;515
6854;Mannen;27 jaar;2034;4409;3889;520
6855;Mannen;27 jaar;2035;4421;3915;506
6856;Mannen;27 jaar;2036;4420;3916;504
6857;Mannen;27 jaar;2037;4417;3922;495
6858;Mannen;27 jaar;2038;4408;3908;500
6859;Mannen;27 jaar;2039;4399;3894;505
6860;Mannen;27 jaar;2040;4391;3874;517
6861;Mannen;27 jaar;2041;4397;3884;513
6862;Mannen;27 jaar;2042;4385;3864;521
6863;Mannen;27 jaar;2043;4395;3861;534
6864;Mannen;27 jaar;2044;4390;3844;546
6865;Mannen;27 jaar;2045;4393;3845;548
6866;Mannen;27 jaar;2046;4399;3848;551
6867;Mannen;27 jaar;2047;4404;3851;553
6868;Mannen;27 jaar;2048;4409;3859;550
6869;Mannen;27 jaar;2049;4419;3868;551
6870;Mannen;27 jaar;2050;4423;3877;546
6871;Mannen;27 jaar;2051;4429;3883;546
6872;Mannen;27 jaar;2052;4435;3889;546
6873;Mannen;27 jaar;2053;4440;3894;546
6874;Mannen;27 jaar;2054;4444;3896;548
6875;Mannen;27 jaar;2055;4446;3896;550
6876;Mannen;27 jaar;2056;4449;3896;553
6877;Mannen;27 jaar;2057;4449;3894;555
6878;Mannen;27 jaar;2058;4449;3889;560
6879;Mannen;27 jaar;2059;4449;3883;566
6880;Mannen;28 jaar;2017;4338;2993;1345
6881;Mannen;28 jaar;2018;4103;3198;905
6882;Mannen;28 jaar;2019;4049;3325;724
6883;Mannen;28 jaar;2020;4033;3428;605
6884;Mannen;28 jaar;2021;4027;3501;526
6885;Mannen;28 jaar;2022;4053;3563;490
6886;Mannen;28 jaar;2023;4069;3587;482
6887;Mannen;28 jaar;2024;4093;3646;447
6888;Mannen;28 jaar;2025;4121;3682;439
6889;Mannen;28 jaar;2026;4155;3745;410
6890;Mannen;28 jaar;2027;4169;3772;397
6891;Mannen;28 jaar;2028;4183;3792;391
6892;Mannen;28 jaar;2029;4178;3766;412
6893;Mannen;28 jaar;2030;4176;3765;411
6894;Mannen;28 jaar;2031;4173;3765;408
6895;Mannen;28 jaar;2032;4161;3746;415
6896;Mannen;28 jaar;2033;4148;3731;417
6897;Mannen;28 jaar;2034;4144;3733;411
6898;Mannen;28 jaar;2035;4136;3724;412
6899;Mannen;28 jaar;2036;4147;3749;398
6900;Mannen;28 jaar;2037;4143;3751;392
6901;Mannen;28 jaar;2038;4141;3756;385
6902;Mannen;28 jaar;2039;4134;3743;391
6903;Mannen;28 jaar;2040;4123;3730;393
6904;Mannen;28 jaar;2041;4116;3713;403
6905;Mannen;28 jaar;2042;4121;3723;398
6906;Mannen;28 jaar;2043;4115;3705;410
6907;Mannen;28 jaar;2044;4120;3704;416
6908;Mannen;28 jaar;2045;4115;3689;426
6909;Mannen;28 jaar;2046;4119;3691;428
6910;Mannen;28 jaar;2047;4124;3694;430
6911;Mannen;28 jaar;2048;4129;3698;431
6912;Mannen;28 jaar;2049;4137;3709;428
6913;Mannen;28 jaar;2050;4146;3718;428
6914;Mannen;28 jaar;2051;4149;3728;421
6915;Mannen;28 jaar;2052;4157;3736;421
6916;Mannen;28 jaar;2053;4161;3743;418
6917;Mannen;28 jaar;2054;4165;3748;417
6918;Mannen;28 jaar;2055;4170;3751;419
6919;Mannen;28 jaar;2056;4174;3754;420
6920;Mannen;28 jaar;2057;4175;3753;422
6921;Mannen;28 jaar;2058;4176;3753;423
6922;Mannen;28 jaar;2059;4175;3750;425
6923;Mannen;29 jaar;2017;4026;2856;1170
6924;Mannen;29 jaar;2018;3784;3043;741
6925;Mannen;29 jaar;2019;3749;3207;542
6926;Mannen;29 jaar;2020;3735;3308;427
6927;Mannen;29 jaar;2021;3733;3397;336
6928;Mannen;29 jaar;2022;3751;3459;292
6929;Mannen;29 jaar;2023;3774;3512;262
6930;Mannen;29 jaar;2024;3787;3527;260
6931;Mannen;29 jaar;2025;3821;3574;247
6932;Mannen;29 jaar;2026;3831;3606;225
6933;Mannen;29 jaar;2027;3857;3666;191
6934;Mannen;29 jaar;2028;3866;3674;192
6935;Mannen;29 jaar;2029;3877;3692;185
6936;Mannen;29 jaar;2030;3871;3668;203
6937;Mannen;29 jaar;2031;3868;3665;203
6938;Mannen;29 jaar;2032;3866;3664;202
6939;Mannen;29 jaar;2033;3852;3645;207
6940;Mannen;29 jaar;2034;3841;3631;210
6941;Mannen;29 jaar;2035;3837;3633;204
6942;Mannen;29 jaar;2036;3832;3622;210
6943;Mannen;29 jaar;2037;3838;3646;192
6944;Mannen;29 jaar;2038;3838;3648;190
6945;Mannen;29 jaar;2039;3836;3652;184
6946;Mannen;29 jaar;2040;3828;3640;188
6947;Mannen;29 jaar;2041;3817;3627;190
6948;Mannen;29 jaar;2042;3810;3612;198
6949;Mannen;29 jaar;2043;3816;3623;193
6950;Mannen;29 jaar;2044;3810;3606;204
6951;Mannen;29 jaar;2045;3814;3607;207
6952;Mannen;29 jaar;2046;3810;3591;219
6953;Mannen;29 jaar;2047;3814;3594;220
6954;Mannen;29 jaar;2048;3820;3598;222
6955;Mannen;29 jaar;2049;3824;3604;220
6956;Mannen;29 jaar;2050;3832;3615;217
6957;Mannen;29 jaar;2051;3838;3625;213
6958;Mannen;29 jaar;2052;3844;3636;208
6959;Mannen;29 jaar;2053;3848;3645;203
6960;Mannen;29 jaar;2054;3854;3652;202
6961;Mannen;29 jaar;2055;3860;3659;201
6962;Mannen;29 jaar;2056;3863;3663;200
6963;Mannen;29 jaar;2057;3865;3666;199
6964;Mannen;29 jaar;2058;3868;3667;201
6965;Mannen;29 jaar;2059;3868;3668;200
6966;Mannen;30 jaar;2017;3756;2669;1087
6967;Mannen;30 jaar;2018;3520;2869;651
6968;Mannen;30 jaar;2019;3474;3015;459
6969;Mannen;30 jaar;2020;3478;3154;324
6970;Mannen;30 jaar;2021;3478;3238;240
6971;Mannen;30 jaar;2022;3500;3317;183
6972;Mannen;30 jaar;2023;3513;3368;145
6973;Mannen;30 jaar;2024;3539;3411;128
6974;Mannen;30 jaar;2025;3553;3418;135
6975;Mannen;30 jaar;2026;3572;3455;117
6976;Mannen;30 jaar;2027;3579;3485;94
6977;Mannen;30 jaar;2028;3597;3524;73
6978;Mannen;30 jaar;2029;3605;3531;74
6979;Mannen;30 jaar;2030;3616;3549;67
6980;Mannen;30 jaar;2031;3610;3525;85
6981;Mannen;30 jaar;2032;3606;3522;84
6982;Mannen;30 jaar;2033;3603;3521;82
6983;Mannen;30 jaar;2034;3591;3503;88
6984;Mannen;30 jaar;2035;3579;3490;89
6985;Mannen;30 jaar;2036;3574;3492;82
6986;Mannen;30 jaar;2037;3565;3481;84
6987;Mannen;30 jaar;2038;3576;3504;72
6988;Mannen;30 jaar;2039;3574;3505;69
6989;Mannen;30 jaar;2040;3572;3508;64
6990;Mannen;30 jaar;2041;3564;3497;67
6991;Mannen;30 jaar;2042;3554;3485;69
6992;Mannen;30 jaar;2043;3548;3472;76
6993;Mannen;30 jaar;2044;3555;3483;72
6994;Mannen;30 jaar;2045;3545;3467;78
6995;Mannen;30 jaar;2046;3551;3468;83
6996;Mannen;30 jaar;2047;3547;3453;94
6997;Mannen;30 jaar;2048;3551;3457;94
6998;Mannen;30 jaar;2049;3553;3463;90
6999;Mannen;30 jaar;2050;3560;3469;91
7000;Mannen;30 jaar;2051;3567;3480;87
7001;Mannen;30 jaar;2052;3576;3490;86
7002;Mannen;30 jaar;2053;3580;3502;78
7003;Mannen;30 jaar;2054;3585;3511;74
7004;Mannen;30 jaar;2055;3592;3519;73
7005;Mannen;30 jaar;2056;3598;3526;72
7006;Mannen;30 jaar;2057;3600;3531;69
7007;Mannen;30 jaar;2058;3603;3535;68
7008;Mannen;30 jaar;2059;3605;3538;67
7009;Mannen;31 jaar;2017;3553;2528;1025
7010;Mannen;31 jaar;2018;3334;2628;706
7011;Mannen;31 jaar;2019;3283;2782;501
7012;Mannen;31 jaar;2020;3274;2899;375
7013;Mannen;31 jaar;2021;3293;3020;273
7014;Mannen;31 jaar;2022;3315;3089;226
7015;Mannen;31 jaar;2023;3332;3154;178
7016;Mannen;31 jaar;2024;3349;3193;156
7017;Mannen;31 jaar;2025;3378;3226;152
7018;Mannen;31 jaar;2026;3380;3226;154
7019;Mannen;31 jaar;2027;3389;3258;131
7020;Mannen;31 jaar;2028;3392;3268;124
7021;Mannen;31 jaar;2029;3409;3303;106
7022;Mannen;31 jaar;2030;3417;3309;108
7023;Mannen;31 jaar;2031;3425;3325;100
7024;Mannen;31 jaar;2032;3421;3304;117
7025;Mannen;31 jaar;2033;3416;3301;115
7026;Mannen;31 jaar;2034;3413;3300;113
7027;Mannen;31 jaar;2035;3400;3285;115
7028;Mannen;31 jaar;2036;3389;3272;117
7029;Mannen;31 jaar;2037;3384;3273;111
7030;Mannen;31 jaar;2038;3373;3263;110
7031;Mannen;31 jaar;2039;3384;3283;101
7032;Mannen;31 jaar;2040;3381;3284;97
7033;Mannen;31 jaar;2041;3379;3287;92
7034;Mannen;31 jaar;2042;3373;3278;95
7035;Mannen;31 jaar;2043;3366;3268;98
7036;Mannen;31 jaar;2044;3355;3255;100
7037;Mannen;31 jaar;2045;3361;3266;95
7038;Mannen;31 jaar;2046;3356;3251;105
7039;Mannen;31 jaar;2047;3362;3252;110
7040;Mannen;31 jaar;2048;3360;3239;121
7041;Mannen;31 jaar;2049;3363;3244;119
7042;Mannen;31 jaar;2050;3364;3250;114
7043;Mannen;31 jaar;2051;3368;3257;111
7044;Mannen;31 jaar;2052;3374;3268;106
7045;Mannen;31 jaar;2053;3380;3278;102
7046;Mannen;31 jaar;2054;3388;3289;99
7047;Mannen;31 jaar;2055;3394;3298;96
7048;Mannen;31 jaar;2056;3398;3307;91
7049;Mannen;31 jaar;2057;3404;3314;90
7050;Mannen;31 jaar;2058;3407;3319;88
7051;Mannen;31 jaar;2059;3408;3323;85
7052;Mannen;32 jaar;2017;3300;2376;924
7053;Mannen;32 jaar;2018;3096;2478;618
7054;Mannen;32 jaar;2019;3055;2552;503
7055;Mannen;32 jaar;2020;3038;2678;360
7056;Mannen;32 jaar;2021;3045;2775;270
7057;Mannen;32 jaar;2022;3083;2882;201
7058;Mannen;32 jaar;2023;3101;2939;162
7059;Mannen;32 jaar;2024;3121;2990;131
7060;Mannen;32 jaar;2025;3139;3017;122
7061;Mannen;32 jaar;2026;3150;3043;107
7062;Mannen;32 jaar;2027;3154;3041;113
7063;Mannen;32 jaar;2028;3157;3052;105
7064;Mannen;32 jaar;2029;3159;3061;98
7065;Mannen;32 jaar;2030;3174;3093;81
7066;Mannen;32 jaar;2031;3181;3097;84
7067;Mannen;32 jaar;2032;3188;3110;78
7068;Mannen;32 jaar;2033;3184;3091;93
7069;Mannen;32 jaar;2034;3179;3088;91
7070;Mannen;32 jaar;2035;3177;3089;88
7071;Mannen;32 jaar;2036;3161;3075;86
7072;Mannen;32 jaar;2037;3149;3062;87
7073;Mannen;32 jaar;2038;3147;3062;85
7074;Mannen;32 jaar;2039;3137;3053;84
7075;Mannen;32 jaar;2040;3146;3070;76
7076;Mannen;32 jaar;2041;3144;3072;72
7077;Mannen;32 jaar;2042;3141;3075;66
7078;Mannen;32 jaar;2043;3135;3066;69
7079;Mannen;32 jaar;2044;3129;3057;72
7080;Mannen;32 jaar;2045;3118;3045;73
7081;Mannen;32 jaar;2046;3126;3055;71
7082;Mannen;32 jaar;2047;3117;3040;77
7083;Mannen;32 jaar;2048;3124;3043;81
7084;Mannen;32 jaar;2049;3123;3033;90
7085;Mannen;32 jaar;2050;3124;3037;87
7086;Mannen;32 jaar;2051;3128;3043;85
7087;Mannen;32 jaar;2052;3132;3050;82
7088;Mannen;32 jaar;2053;3136;3060;76
7089;Mannen;32 jaar;2054;3143;3070;73
7090;Mannen;32 jaar;2055;3148;3081;67
7091;Mannen;32 jaar;2056;3153;3089;64
7092;Mannen;32 jaar;2057;3159;3097;62
7093;Mannen;32 jaar;2058;3165;3104;61
7094;Mannen;32 jaar;2059;3167;3109;58
7095;Mannen;33 jaar;2017;3025;2212;813
7096;Mannen;33 jaar;2018;2828;2341;487
7097;Mannen;33 jaar;2019;2796;2418;378
7098;Mannen;33 jaar;2020;2788;2479;309
7099;Mannen;33 jaar;2021;2788;2587;201
7100;Mannen;33 jaar;2022;2811;2672;139
7101;Mannen;33 jaar;2023;2845;2767;78
7102;Mannen;33 jaar;2024;2862;2813;49
7103;Mannen;33 jaar;2025;2883;2853;30
7104;Mannen;33 jaar;2026;2891;2871;20
7105;Mannen;33 jaar;2027;2898;2894;4
7106;Mannen;33 jaar;2028;2896;2877;19
7107;Mannen;33 jaar;2029;2894;2885;9
7108;Mannen;33 jaar;2030;2898;2893;5
7109;Mannen;33 jaar;2031;2912;2921;-9
7110;Mannen;33 jaar;2032;2921;2925;-4
7111;Mannen;33 jaar;2033;2924;2938;-14
7112;Mannen;33 jaar;2034;2922;2922;0
7113;Mannen;33 jaar;2035;2917;2919;-2
7114;Mannen;33 jaar;2036;2916;2919;-3
7115;Mannen;33 jaar;2037;2902;2905;-3
7116;Mannen;33 jaar;2038;2890;2893;-3
7117;Mannen;33 jaar;2039;2888;2892;-4
7118;Mannen;33 jaar;2040;2878;2882;-4
7119;Mannen;33 jaar;2041;2884;2899;-15
7120;Mannen;33 jaar;2042;2882;2900;-18
7121;Mannen;33 jaar;2043;2882;2904;-22
7122;Mannen;33 jaar;2044;2876;2896;-20
7123;Mannen;33 jaar;2045;2867;2886;-19
7124;Mannen;33 jaar;2046;2861;2873;-12
7125;Mannen;33 jaar;2047;2866;2883;-17
7126;Mannen;33 jaar;2048;2859;2870;-11
7127;Mannen;33 jaar;2049;2865;2874;-9
7128;Mannen;33 jaar;2050;2864;2866;-2
7129;Mannen;33 jaar;2051;2866;2871;-5
7130;Mannen;33 jaar;2052;2872;2877;-5
7131;Mannen;33 jaar;2053;2875;2882;-7
7132;Mannen;33 jaar;2054;2879;2892;-13
7133;Mannen;33 jaar;2055;2886;2901;-15
7134;Mannen;33 jaar;2056;2890;2911;-21
7135;Mannen;33 jaar;2057;2894;2919;-25
7136;Mannen;33 jaar;2058;2900;2926;-26
7137;Mannen;33 jaar;2059;2904;2933;-29
7138;Mannen;34 jaar;2017;2774;2054;720
7139;Mannen;34 jaar;2018;2596;2200;396
7140;Mannen;34 jaar;2019;2559;2303;256
7141;Mannen;34 jaar;2020;2553;2368;185
7142;Mannen;34 jaar;2021;2561;2422;139
7143;Mannen;34 jaar;2022;2573;2518;55
7144;Mannen;34 jaar;2023;2596;2592;4
7145;Mannen;34 jaar;2024;2628;2677;-49
7146;Mannen;34 jaar;2025;2649;2713;-64
7147;Mannen;34 jaar;2026;2659;2745;-86
7148;Mannen;34 jaar;2027;2660;2761;-101
7149;Mannen;34 jaar;2028;2662;2766;-104
7150;Mannen;34 jaar;2029;2656;2749;-93
7151;Mannen;34 jaar;2030;2658;2756;-98
7152;Mannen;34 jaar;2031;2661;2763;-102
7153;Mannen;34 jaar;2032;2677;2790;-113
7154;Mannen;34 jaar;2033;2678;2793;-115
7155;Mannen;34 jaar;2034;2689;2807;-118
7156;Mannen;34 jaar;2035;2680;2793;-113
7157;Mannen;34 jaar;2036;2680;2791;-111
7158;Mannen;34 jaar;2037;2677;2791;-114
7159;Mannen;34 jaar;2038;2666;2777;-111
7160;Mannen;34 jaar;2039;2656;2765;-109
7161;Mannen;34 jaar;2040;2649;2764;-115
7162;Mannen;34 jaar;2041;2642;2755;-113
7163;Mannen;34 jaar;2042;2647;2772;-125
7164;Mannen;34 jaar;2043;2648;2773;-125
7165;Mannen;34 jaar;2044;2645;2776;-131
7166;Mannen;34 jaar;2045;2638;2768;-130
7167;Mannen;34 jaar;2046;2631;2759;-128
7168;Mannen;34 jaar;2047;2625;2746;-121
7169;Mannen;34 jaar;2048;2631;2756;-125
7170;Mannen;34 jaar;2049;2625;2745;-120
7171;Mannen;34 jaar;2050;2631;2750;-119
7172;Mannen;34 jaar;2051;2630;2743;-113
7173;Mannen;34 jaar;2052;2632;2747;-115
7174;Mannen;34 jaar;2053;2637;2753;-116
7175;Mannen;34 jaar;2054;2639;2758;-119
7176;Mannen;34 jaar;2055;2647;2768;-121
7177;Mannen;34 jaar;2056;2650;2777;-127
7178;Mannen;34 jaar;2057;2654;2787;-133
7179;Mannen;34 jaar;2058;2661;2795;-134
7180;Mannen;34 jaar;2059;2665;2803;-138
7181;Mannen;35 jaar;2017;2545;1902;643
7182;Mannen;35 jaar;2018;2375;2028;347
7183;Mannen;35 jaar;2019;2345;2152;193
7184;Mannen;35 jaar;2020;2336;2238;98
7185;Mannen;35 jaar;2021;2346;2295;51
7186;Mannen;35 jaar;2022;2364;2343;21
7187;Mannen;35 jaar;2023;2377;2429;-52
7188;Mannen;35 jaar;2024;2402;2492;-90
7189;Mannen;35 jaar;2025;2435;2567;-132
7190;Mannen;35 jaar;2026;2444;2595;-151
7191;Mannen;35 jaar;2027;2450;2627;-177
7192;Mannen;35 jaar;2028;2447;2627;-180
7193;Mannen;35 jaar;2029;2448;2632;-184
7194;Mannen;35 jaar;2030;2443;2616;-173
7195;Mannen;35 jaar;2031;2443;2623;-180
7196;Mannen;35 jaar;2032;2448;2630;-182
7197;Mannen;35 jaar;2033;2460;2657;-197
7198;Mannen;35 jaar;2034;2465;2663;-198
7199;Mannen;35 jaar;2035;2473;2678;-205
7200;Mannen;35 jaar;2036;2465;2665;-200
7201;Mannen;35 jaar;2037;2465;2665;-200
7202;Mannen;35 jaar;2038;2461;2666;-205
7203;Mannen;35 jaar;2039;2452;2653;-201
7204;Mannen;35 jaar;2040;2441;2643;-202
7205;Mannen;35 jaar;2041;2434;2642;-208
7206;Mannen;35 jaar;2042;2428;2635;-207
7207;Mannen;35 jaar;2043;2434;2652;-218
7208;Mannen;35 jaar;2044;2434;2654;-220
7209;Mannen;35 jaar;2045;2430;2657;-227
7210;Mannen;35 jaar;2046;2425;2650;-225
7211;Mannen;35 jaar;2047;2418;2642;-224
7212;Mannen;35 jaar;2048;2413;2631;-218
7213;Mannen;35 jaar;2049;2418;2643;-225
7214;Mannen;35 jaar;2050;2413;2632;-219
7215;Mannen;35 jaar;2051;2419;2639;-220
7216;Mannen;35 jaar;2052;2417;2633;-216
7217;Mannen;35 jaar;2053;2418;2638;-220
7218;Mannen;35 jaar;2054;2424;2644;-220
7219;Mannen;35 jaar;2055;2425;2650;-225
7220;Mannen;35 jaar;2056;2431;2661;-230
7221;Mannen;35 jaar;2057;2435;2670;-235
7222;Mannen;35 jaar;2058;2441;2681;-240
7223;Mannen;35 jaar;2059;2444;2690;-246
7224;Mannen;36 jaar;2017;2339;1697;642
7225;Mannen;36 jaar;2018;2169;1852;317
7226;Mannen;36 jaar;2019;2133;1953;180
7227;Mannen;36 jaar;2020;2128;2061;67
7228;Mannen;36 jaar;2021;2135;2134;1
7229;Mannen;36 jaar;2022;2154;2186;-32
7230;Mannen;36 jaar;2023;2174;2228;-54
7231;Mannen;36 jaar;2024;2187;2301;-114
7232;Mannen;36 jaar;2025;2211;2354;-143
7233;Mannen;36 jaar;2026;2235;2417;-182
7234;Mannen;36 jaar;2027;2243;2443;-200
7235;Mannen;36 jaar;2028;2242;2458;-216
7236;Mannen;36 jaar;2029;2239;2457;-218
7237;Mannen;36 jaar;2030;2241;2462;-221
7238;Mannen;36 jaar;2031;2236;2447;-211
7239;Mannen;36 jaar;2032;2236;2453;-217
7240;Mannen;36 jaar;2033;2238;2461;-223
7241;Mannen;36 jaar;2034;2251;2487;-236
7242;Mannen;36 jaar;2035;2255;2495;-240
7243;Mannen;36 jaar;2036;2262;2510;-248
7244;Mannen;36 jaar;2037;2258;2500;-242
7245;Mannen;36 jaar;2038;2254;2500;-246
7246;Mannen;36 jaar;2039;2254;2501;-247
7247;Mannen;36 jaar;2040;2241;2489;-248
7248;Mannen;36 jaar;2041;2232;2481;-249
7249;Mannen;36 jaar;2042;2229;2482;-253
7250;Mannen;36 jaar;2043;2221;2476;-255
7251;Mannen;36 jaar;2044;2229;2493;-264
7252;Mannen;36 jaar;2045;2225;2494;-269
7253;Mannen;36 jaar;2046;2226;2498;-272
7254;Mannen;36 jaar;2047;2220;2491;-271
7255;Mannen;36 jaar;2048;2214;2485;-271
7256;Mannen;36 jaar;2049;2209;2477;-268
7257;Mannen;36 jaar;2050;2213;2488;-275
7258;Mannen;36 jaar;2051;2206;2480;-274
7259;Mannen;36 jaar;2052;2212;2487;-275
7260;Mannen;36 jaar;2053;2210;2482;-272
7261;Mannen;36 jaar;2054;2212;2488;-276
7262;Mannen;36 jaar;2055;2216;2495;-279
7263;Mannen;36 jaar;2056;2220;2502;-282
7264;Mannen;36 jaar;2057;2226;2513;-287
7265;Mannen;36 jaar;2058;2229;2522;-293
7266;Mannen;36 jaar;2059;2233;2533;-300
7267;Mannen;37 jaar;2017;2150;1592;558
7268;Mannen;37 jaar;2018;2007;1665;342
7269;Mannen;37 jaar;2019;1961;1791;170
7270;Mannen;37 jaar;2020;1948;1877;71
7271;Mannen;37 jaar;2021;1956;1973;-17
7272;Mannen;37 jaar;2022;1975;2038;-63
7273;Mannen;37 jaar;2023;1993;2084;-91
7274;Mannen;37 jaar;2024;2012;2120;-108
7275;Mannen;37 jaar;2025;2025;2181;-156
7276;Mannen;37 jaar;2026;2040;2223;-183
7277;Mannen;37 jaar;2027;2063;2280;-217
7278;Mannen;37 jaar;2028;2065;2291;-226
7279;Mannen;37 jaar;2029;2062;2302;-240
7280;Mannen;37 jaar;2030;2060;2300;-240
7281;Mannen;37 jaar;2031;2060;2304;-244
7282;Mannen;37 jaar;2032;2055;2289;-234
7283;Mannen;37 jaar;2033;2055;2294;-239
7284;Mannen;37 jaar;2034;2057;2303;-246
7285;Mannen;37 jaar;2035;2070;2328;-258
7286;Mannen;37 jaar;2036;2076;2335;-259
7287;Mannen;37 jaar;2037;2080;2350;-270
7288;Mannen;37 jaar;2038;2075;2342;-267
7289;Mannen;37 jaar;2039;2074;2340;-266
7290;Mannen;37 jaar;2040;2073;2341;-268
7291;Mannen;37 jaar;2041;2061;2330;-269
7292;Mannen;37 jaar;2042;2051;2322;-271
7293;Mannen;37 jaar;2043;2049;2323;-274
7294;Mannen;37 jaar;2044;2042;2316;-274
7295;Mannen;37 jaar;2045;2047;2331;-284
7296;Mannen;37 jaar;2046;2047;2332;-285
7297;Mannen;37 jaar;2047;2047;2336;-289
7298;Mannen;37 jaar;2048;2043;2330;-287
7299;Mannen;37 jaar;2049;2036;2323;-287
7300;Mannen;37 jaar;2050;2029;2315;-286
7301;Mannen;37 jaar;2051;2035;2327;-292
7302;Mannen;37 jaar;2052;2031;2319;-288
7303;Mannen;37 jaar;2053;2034;2327;-293
7304;Mannen;37 jaar;2054;2032;2323;-291
7305;Mannen;37 jaar;2055;2034;2328;-294
7306;Mannen;37 jaar;2056;2040;2335;-295
7307;Mannen;37 jaar;2057;2041;2342;-301
7308;Mannen;37 jaar;2058;2047;2353;-306
7309;Mannen;37 jaar;2059;2051;2363;-312
7310;Mannen;38 jaar;2017;1989;1442;547
7311;Mannen;38 jaar;2018;1872;1557;315
7312;Mannen;38 jaar;2019;1836;1613;223
7313;Mannen;38 jaar;2020;1819;1723;96
7314;Mannen;38 jaar;2021;1817;1797;20
7315;Mannen;38 jaar;2022;1834;1884;-50
7316;Mannen;38 jaar;2023;1850;1940;-90
7317;Mannen;38 jaar;2024;1871;1978;-107
7318;Mannen;38 jaar;2025;1890;2006;-116
7319;Mannen;38 jaar;2026;1896;2056;-160
7320;Mannen;38 jaar;2027;1905;2092;-187
7321;Mannen;38 jaar;2028;1925;2134;-209
7322;Mannen;38 jaar;2029;1928;2141;-213
7323;Mannen;38 jaar;2030;1927;2149;-222
7324;Mannen;38 jaar;2031;1922;2146;-224
7325;Mannen;38 jaar;2032;1924;2149;-225
7326;Mannen;38 jaar;2033;1919;2134;-215
7327;Mannen;38 jaar;2034;1920;2140;-220
7328;Mannen;38 jaar;2035;1921;2148;-227
7329;Mannen;38 jaar;2036;1933;2173;-240
7330;Mannen;38 jaar;2037;1938;2179;-241
7331;Mannen;38 jaar;2038;1943;2194;-251
7332;Mannen;38 jaar;2039;1940;2185;-245
7333;Mannen;38 jaar;2040;1936;2183;-247
7334;Mannen;38 jaar;2041;1936;2183;-247
7335;Mannen;38 jaar;2042;1925;2173;-248
7336;Mannen;38 jaar;2043;1916;2164;-248
7337;Mannen;38 jaar;2044;1913;2164;-251
7338;Mannen;38 jaar;2045;1906;2158;-252
7339;Mannen;38 jaar;2046;1912;2172;-260
7340;Mannen;38 jaar;2047;1912;2172;-260
7341;Mannen;38 jaar;2048;1912;2175;-263
7342;Mannen;38 jaar;2049;1907;2169;-262
7343;Mannen;38 jaar;2050;1899;2163;-264
7344;Mannen;38 jaar;2051;1893;2156;-263
7345;Mannen;38 jaar;2052;1901;2166;-265
7346;Mannen;38 jaar;2053;1893;2159;-266
7347;Mannen;38 jaar;2054;1899;2166;-267
7348;Mannen;38 jaar;2055;1899;2162;-263
7349;Mannen;38 jaar;2056;1901;2168;-267
7350;Mannen;38 jaar;2057;1903;2174;-271
7351;Mannen;38 jaar;2058;1907;2180;-273
7352;Mannen;38 jaar;2059;1913;2190;-277
7353;Mannen;39 jaar;2017;1830;1322;508
7354;Mannen;39 jaar;2018;1710;1410;300
7355;Mannen;39 jaar;2019;1694;1509;185
7356;Mannen;39 jaar;2020;1681;1557;124
7357;Mannen;39 jaar;2021;1673;1654;19
7358;Mannen;39 jaar;2022;1682;1722;-40
7359;Mannen;39 jaar;2023;1698;1798;-100
7360;Mannen;39 jaar;2024;1712;1846;-134
7361;Mannen;39 jaar;2025;1737;1877;-140
7362;Mannen;39 jaar;2026;1748;1897;-149
7363;Mannen;39 jaar;2027;1748;1941;-193
7364;Mannen;39 jaar;2028;1760;1964;-204
7365;Mannen;39 jaar;2029;1772;2001;-229
7366;Mannen;39 jaar;2030;1774;2007;-233
7367;Mannen;39 jaar;2031;1774;2014;-240
7368;Mannen;39 jaar;2032;1771;2010;-239
7369;Mannen;39 jaar;2033;1772;2014;-242
7370;Mannen;39 jaar;2034;1766;2001;-235
7371;Mannen;39 jaar;2035;1766;2007;-241
7372;Mannen;39 jaar;2036;1769;2015;-246
7373;Mannen;39 jaar;2037;1778;2038;-260
7374;Mannen;39 jaar;2038;1785;2045;-260
7375;Mannen;39 jaar;2039;1791;2058;-267
7376;Mannen;39 jaar;2040;1788;2050;-262
7377;Mannen;39 jaar;2041;1784;2050;-266
7378;Mannen;39 jaar;2042;1783;2050;-267
7379;Mannen;39 jaar;2043;1774;2040;-266
7380;Mannen;39 jaar;2044;1765;2032;-267
7381;Mannen;39 jaar;2045;1758;2031;-273
7382;Mannen;39 jaar;2046;1754;2025;-271
7383;Mannen;39 jaar;2047;1762;2037;-275
7384;Mannen;39 jaar;2048;1761;2038;-277
7385;Mannen;39 jaar;2049;1762;2042;-280
7386;Mannen;39 jaar;2050;1754;2037;-283
7387;Mannen;39 jaar;2051;1750;2032;-282
7388;Mannen;39 jaar;2052;1744;2024;-280
7389;Mannen;39 jaar;2053;1748;2035;-287
7390;Mannen;39 jaar;2054;1745;2028;-283
7391;Mannen;39 jaar;2055;1749;2036;-287
7392;Mannen;39 jaar;2056;1748;2033;-285
7393;Mannen;39 jaar;2057;1749;2039;-290
7394;Mannen;39 jaar;2058;1752;2045;-293
7395;Mannen;39 jaar;2059;1754;2051;-297
7396;Mannen;40 jaar;2017;1665;1218;447
7397;Mannen;40 jaar;2018;1560;1312;248
7398;Mannen;40 jaar;2019;1532;1389;143
7399;Mannen;40 jaar;2020;1537;1480;57
7400;Mannen;40 jaar;2021;1534;1527;7
7401;Mannen;40 jaar;2022;1534;1614;-80
7402;Mannen;40 jaar;2023;1542;1675;-133
7403;Mannen;40 jaar;2024;1558;1742;-184
7404;Mannen;40 jaar;2025;1573;1783;-210
7405;Mannen;40 jaar;2026;1587;1810;-223
7406;Mannen;40 jaar;2027;1598;1830;-232
7407;Mannen;40 jaar;2028;1596;1862;-266
7408;Mannen;40 jaar;2029;1604;1883;-279
7409;Mannen;40 jaar;2030;1618;1916;-298
7410;Mannen;40 jaar;2031;1620;1922;-302
7411;Mannen;40 jaar;2032;1621;1928;-307
7412;Mannen;40 jaar;2033;1613;1925;-312
7413;Mannen;40 jaar;2034;1619;1929;-310
7414;Mannen;40 jaar;2035;1612;1918;-306
7415;Mannen;40 jaar;2036;1613;1925;-312
7416;Mannen;40 jaar;2037;1617;1932;-315
7417;Mannen;40 jaar;2038;1627;1954;-327
7418;Mannen;40 jaar;2039;1632;1960;-328
7419;Mannen;40 jaar;2040;1636;1973;-337
7420;Mannen;40 jaar;2041;1632;1967;-335
7421;Mannen;40 jaar;2042;1630;1966;-336
7422;Mannen;40 jaar;2043;1628;1968;-340
7423;Mannen;40 jaar;2044;1621;1958;-337
7424;Mannen;40 jaar;2045;1612;1950;-338
7425;Mannen;40 jaar;2046;1607;1949;-342
7426;Mannen;40 jaar;2047;1603;1943;-340
7427;Mannen;40 jaar;2048;1611;1956;-345
7428;Mannen;40 jaar;2049;1609;1957;-348
7429;Mannen;40 jaar;2050;1608;1961;-353
7430;Mannen;40 jaar;2051;1602;1956;-354
7431;Mannen;40 jaar;2052;1601;1951;-350
7432;Mannen;40 jaar;2053;1592;1944;-352
7433;Mannen;40 jaar;2054;1597;1955;-358
7434;Mannen;40 jaar;2055;1594;1949;-355
7435;Mannen;40 jaar;2056;1599;1957;-358
7436;Mannen;40 jaar;2057;1596;1955;-359
7437;Mannen;40 jaar;2058;1596;1961;-365
7438;Mannen;40 jaar;2059;1602;1967;-365
7439;Mannen;41 jaar;2017;1570;1171;399
7440;Mannen;41 jaar;2018;1460;1228;232
7441;Mannen;41 jaar;2019;1440;1313;127
7442;Mannen;41 jaar;2020;1432;1385;47
7443;Mannen;41 jaar;2021;1445;1470;-25
7444;Mannen;41 jaar;2022;1453;1515;-62
7445;Mannen;41 jaar;2023;1455;1593;-138
7446;Mannen;41 jaar;2024;1461;1647;-186
7447;Mannen;41 jaar;2025;1479;1705;-226
7448;Mannen;41 jaar;2026;1490;1741;-251
7449;Mannen;41 jaar;2027;1498;1766;-268
7450;Mannen;41 jaar;2028;1505;1778;-273
7451;Mannen;41 jaar;2029;1503;1804;-301
7452;Mannen;41 jaar;2030;1510;1824;-314
7453;Mannen;41 jaar;2031;1527;1855;-328
7454;Mannen;41 jaar;2032;1529;1860;-331
7455;Mannen;41 jaar;2033;1527;1866;-339
7456;Mannen;41 jaar;2034;1525;1862;-337
7457;Mannen;41 jaar;2035;1525;1867;-342
7458;Mannen;41 jaar;2036;1518;1857;-339
7459;Mannen;41 jaar;2037;1520;1863;-343
7460;Mannen;41 jaar;2038;1523;1870;-347
7461;Mannen;41 jaar;2039;1533;1890;-357
7462;Mannen;41 jaar;2040;1538;1896;-358
7463;Mannen;41 jaar;2041;1541;1909;-368
7464;Mannen;41 jaar;2042;1538;1903;-365
7465;Mannen;41 jaar;2043;1535;1903;-368
7466;Mannen;41 jaar;2044;1536;1904;-368
7467;Mannen;41 jaar;2045;1525;1895;-370
7468;Mannen;41 jaar;2046;1518;1887;-369
7469;Mannen;41 jaar;2047;1514;1885;-371
7470;Mannen;41 jaar;2048;1510;1880;-370
7471;Mannen;41 jaar;2049;1517;1893;-376
7472;Mannen;41 jaar;2050;1515;1894;-379
7473;Mannen;41 jaar;2051;1515;1898;-383
7474;Mannen;41 jaar;2052;1511;1894;-383
7475;Mannen;41 jaar;2053;1504;1889;-385
7476;Mannen;41 jaar;2054;1500;1882;-382
7477;Mannen;41 jaar;2055;1504;1893;-389
7478;Mannen;41 jaar;2056;1500;1887;-387
7479;Mannen;41 jaar;2057;1505;1895;-390
7480;Mannen;41 jaar;2058;1502;1894;-392
7481;Mannen;41 jaar;2059;1503;1899;-396
7482;Mannen;42 jaar;2017;1509;1102;407
7483;Mannen;42 jaar;2018;1406;1149;257
7484;Mannen;42 jaar;2019;1378;1198;180
7485;Mannen;42 jaar;2020;1375;1275;100
7486;Mannen;42 jaar;2021;1377;1339;38
7487;Mannen;42 jaar;2022;1400;1419;-19
7488;Mannen;42 jaar;2023;1407;1457;-50
7489;Mannen;42 jaar;2024;1405;1527;-122
7490;Mannen;42 jaar;2025;1417;1571;-154
7491;Mannen;42 jaar;2026;1426;1622;-196
7492;Mannen;42 jaar;2027;1437;1652;-215
7493;Mannen;42 jaar;2028;1445;1667;-222
7494;Mannen;42 jaar;2029;1449;1676;-227
7495;Mannen;42 jaar;2030;1449;1699;-250
7496;Mannen;42 jaar;2031;1454;1716;-262
7497;Mannen;42 jaar;2032;1471;1744;-273
7498;Mannen;42 jaar;2033;1472;1748;-276
7499;Mannen;42 jaar;2034;1470;1753;-283
7500;Mannen;42 jaar;2035;1466;1750;-284
7501;Mannen;42 jaar;2036;1468;1755;-287
7502;Mannen;42 jaar;2037;1462;1745;-283
7503;Mannen;42 jaar;2038;1463;1751;-288
7504;Mannen;42 jaar;2039;1466;1757;-291
7505;Mannen;42 jaar;2040;1475;1776;-301
7506;Mannen;42 jaar;2041;1480;1782;-302
7507;Mannen;42 jaar;2042;1482;1794;-312
7508;Mannen;42 jaar;2043;1480;1789;-309
7509;Mannen;42 jaar;2044;1480;1788;-308
7510;Mannen;42 jaar;2045;1477;1789;-312
7511;Mannen;42 jaar;2046;1470;1779;-309
7512;Mannen;42 jaar;2047;1463;1771;-308
7513;Mannen;42 jaar;2048;1458;1770;-312
7514;Mannen;42 jaar;2049;1453;1766;-313
7515;Mannen;42 jaar;2050;1462;1778;-316
7516;Mannen;42 jaar;2051;1461;1779;-318
7517;Mannen;42 jaar;2052;1460;1783;-323
7518;Mannen;42 jaar;2053;1455;1779;-324
7519;Mannen;42 jaar;2054;1450;1774;-324
7520;Mannen;42 jaar;2055;1444;1767;-323
7521;Mannen;42 jaar;2056;1450;1777;-327
7522;Mannen;42 jaar;2057;1444;1772;-328
7523;Mannen;42 jaar;2058;1448;1779;-331
7524;Mannen;42 jaar;2059;1446;1777;-331
7525;Mannen;43 jaar;2017;1424;1064;360
7526;Mannen;43 jaar;2018;1319;1085;234
7527;Mannen;43 jaar;2019;1293;1122;171
7528;Mannen;43 jaar;2020;1282;1166;116
7529;Mannen;43 jaar;2021;1286;1235;51
7530;Mannen;43 jaar;2022;1295;1294;1
7531;Mannen;43 jaar;2023;1316;1366;-50
7532;Mannen;43 jaar;2024;1323;1397;-74
7533;Mannen;43 jaar;2025;1329;1457;-128
7534;Mannen;43 jaar;2026;1327;1493;-166
7535;Mannen;43 jaar;2027;1336;1539;-203
7536;Mannen;43 jaar;2028;1347;1558;-211
7537;Mannen;43 jaar;2029;1352;1570;-218
7538;Mannen;43 jaar;2030;1357;1578;-221
7539;Mannen;43 jaar;2031;1357;1597;-240
7540;Mannen;43 jaar;2032;1363;1612;-249
7541;Mannen;43 jaar;2033;1377;1638;-261
7542;Mannen;43 jaar;2034;1380;1642;-262
7543;Mannen;43 jaar;2035;1378;1647;-269
7544;Mannen;43 jaar;2036;1373;1644;-271
7545;Mannen;43 jaar;2037;1376;1649;-273
7546;Mannen;43 jaar;2038;1369;1638;-269
7547;Mannen;43 jaar;2039;1372;1644;-272
7548;Mannen;43 jaar;2040;1374;1650;-276
7549;Mannen;43 jaar;2041;1383;1668;-285
7550;Mannen;43 jaar;2042;1390;1674;-284
7551;Mannen;43 jaar;2043;1392;1686;-294
7552;Mannen;43 jaar;2044;1390;1681;-291
7553;Mannen;43 jaar;2045;1387;1680;-293
7554;Mannen;43 jaar;2046;1386;1680;-294
7555;Mannen;43 jaar;2047;1378;1671;-293
7556;Mannen;43 jaar;2048;1372;1663;-291
7557;Mannen;43 jaar;2049;1369;1662;-293
7558;Mannen;43 jaar;2050;1363;1658;-295
7559;Mannen;43 jaar;2051;1372;1670;-298
7560;Mannen;43 jaar;2052;1370;1671;-301
7561;Mannen;43 jaar;2053;1369;1674;-305
7562;Mannen;43 jaar;2054;1362;1670;-308
7563;Mannen;43 jaar;2055;1360;1666;-306
7564;Mannen;43 jaar;2056;1353;1660;-307
7565;Mannen;43 jaar;2057;1359;1669;-310
7566;Mannen;43 jaar;2058;1354;1664;-310
7567;Mannen;43 jaar;2059;1358;1671;-313
7568;Mannen;44 jaar;2017;1321;1009;312
7569;Mannen;44 jaar;2018;1215;1037;178
7570;Mannen;44 jaar;2019;1183;1051;132
7571;Mannen;44 jaar;2020;1178;1083;95
7572;Mannen;44 jaar;2021;1176;1123;53
7573;Mannen;44 jaar;2022;1186;1184;2
7574;Mannen;44 jaar;2023;1196;1235;-39
7575;Mannen;44 jaar;2024;1215;1297;-82
7576;Mannen;44 jaar;2025;1223;1320;-97
7577;Mannen;44 jaar;2026;1221;1367;-146
7578;Mannen;44 jaar;2027;1219;1398;-179
7579;Mannen;44 jaar;2028;1228;1431;-203
7580;Mannen;44 jaar;2029;1233;1447;-214
7581;Mannen;44 jaar;2030;1243;1458;-215
7582;Mannen;44 jaar;2031;1248;1464;-216
7583;Mannen;44 jaar;2032;1246;1480;-234
7584;Mannen;44 jaar;2033;1251;1493;-242
7585;Mannen;44 jaar;2034;1266;1518;-252
7586;Mannen;44 jaar;2035;1268;1522;-254
7587;Mannen;44 jaar;2036;1268;1526;-258
7588;Mannen;44 jaar;2037;1263;1523;-260
7589;Mannen;44 jaar;2038;1264;1527;-263
7590;Mannen;44 jaar;2039;1259;1517;-258
7591;Mannen;44 jaar;2040;1260;1521;-261
7592;Mannen;44 jaar;2041;1263;1527;-264
7593;Mannen;44 jaar;2042;1271;1545;-274
7594;Mannen;44 jaar;2043;1279;1550;-271
7595;Mannen;44 jaar;2044;1283;1561;-278
7596;Mannen;44 jaar;2045;1280;1556;-276
7597;Mannen;44 jaar;2046;1279;1554;-275
7598;Mannen;44 jaar;2047;1277;1554;-277
7599;Mannen;44 jaar;2048;1270;1545;-275
7600;Mannen;44 jaar;2049;1263;1538;-275
7601;Mannen;44 jaar;2050;1256;1537;-281
7602;Mannen;44 jaar;2051;1253;1532;-279
7603;Mannen;44 jaar;2052;1261;1543;-282
7604;Mannen;44 jaar;2053;1259;1544;-285
7605;Mannen;44 jaar;2054;1259;1546;-287
7606;Mannen;44 jaar;2055;1253;1542;-289
7607;Mannen;44 jaar;2056;1249;1537;-288
7608;Mannen;44 jaar;2057;1241;1531;-290
7609;Mannen;44 jaar;2058;1247;1540;-293
7610;Mannen;44 jaar;2059;1242;1536;-294
7611;Mannen;45 jaar;2017;1269;965;304
7612;Mannen;45 jaar;2018;1153;966;187
7613;Mannen;45 jaar;2019;1119;989;130
7614;Mannen;45 jaar;2020;1105;1000;105
7615;Mannen;45 jaar;2021;1107;1031;76
7616;Mannen;45 jaar;2022;1110;1066;44
7617;Mannen;45 jaar;2023;1126;1119;7
7618;Mannen;45 jaar;2024;1134;1161;-27
7619;Mannen;45 jaar;2025;1150;1213;-63
7620;Mannen;45 jaar;2026;1153;1230;-77
7621;Mannen;45 jaar;2027;1148;1268;-120
7622;Mannen;45 jaar;2028;1147;1288;-141
7623;Mannen;45 jaar;2029;1151;1316;-165
7624;Mannen;45 jaar;2030;1157;1331;-174
7625;Mannen;45 jaar;2031;1165;1339;-174
7626;Mannen;45 jaar;2032;1171;1344;-173
7627;Mannen;45 jaar;2033;1171;1357;-186
7628;Mannen;45 jaar;2034;1173;1369;-196
7629;Mannen;45 jaar;2035;1188;1391;-203
7630;Mannen;45 jaar;2036;1186;1395;-209
7631;Mannen;45 jaar;2037;1185;1398;-213
7632;Mannen;45 jaar;2038;1184;1396;-212
7633;Mannen;45 jaar;2039;1186;1399;-213
7634;Mannen;45 jaar;2040;1180;1390;-210
7635;Mannen;45 jaar;2041;1179;1393;-214
7636;Mannen;45 jaar;2042;1178;1399;-221
7637;Mannen;45 jaar;2043;1191;1414;-223
7638;Mannen;45 jaar;2044;1196;1419;-223
7639;Mannen;45 jaar;2045;1202;1428;-226
7640;Mannen;45 jaar;2046;1199;1423;-224
7641;Mannen;45 jaar;2047;1197;1420;-223
7642;Mannen;45 jaar;2048;1195;1420;-225
7643;Mannen;45 jaar;2049;1188;1411;-223
7644;Mannen;45 jaar;2050;1179;1405;-226
7645;Mannen;45 jaar;2051;1177;1403;-226
7646;Mannen;45 jaar;2052;1173;1398;-225
7647;Mannen;45 jaar;2053;1178;1408;-230
7648;Mannen;45 jaar;2054;1179;1409;-230
7649;Mannen;45 jaar;2055;1179;1410;-231
7650;Mannen;45 jaar;2056;1175;1406;-231
7651;Mannen;45 jaar;2057;1168;1402;-234
7652;Mannen;45 jaar;2058;1163;1396;-233
7653;Mannen;45 jaar;2059;1166;1404;-238
7654;Mannen;46 jaar;2017;1194;907;287
7655;Mannen;46 jaar;2018;1090;913;177
7656;Mannen;46 jaar;2019;1044;915;129
7657;Mannen;46 jaar;2020;1029;937;92
7658;Mannen;46 jaar;2021;1021;949;72
7659;Mannen;46 jaar;2022;1033;978;55
7660;Mannen;46 jaar;2023;1036;1010;26
7661;Mannen;46 jaar;2024;1048;1057;-9
7662;Mannen;46 jaar;2025;1056;1093;-37
7663;Mannen;46 jaar;2026;1069;1137;-68
7664;Mannen;46 jaar;2027;1066;1152;-86
7665;Mannen;46 jaar;2028;1061;1182;-121
7666;Mannen;46 jaar;2029;1059;1200;-141
7667;Mannen;46 jaar;2030;1065;1225;-160
7668;Mannen;46 jaar;2031;1068;1239;-171
7669;Mannen;46 jaar;2032;1075;1247;-172
7670;Mannen;46 jaar;2033;1079;1252;-173
7671;Mannen;46 jaar;2034;1079;1264;-185
7672;Mannen;46 jaar;2035;1081;1276;-195
7673;Mannen;46 jaar;2036;1096;1297;-201
7674;Mannen;46 jaar;2037;1099;1301;-202
7675;Mannen;46 jaar;2038;1096;1304;-208
7676;Mannen;46 jaar;2039;1093;1301;-208
7677;Mannen;46 jaar;2040;1098;1305;-207
7678;Mannen;46 jaar;2041;1088;1297;-209
7679;Mannen;46 jaar;2042;1090;1301;-211
7680;Mannen;46 jaar;2043;1093;1307;-214
7681;Mannen;46 jaar;2044;1099;1322;-223
7682;Mannen;46 jaar;2045;1104;1327;-223
7683;Mannen;46 jaar;2046;1111;1336;-225
7684;Mannen;46 jaar;2047;1110;1331;-221
7685;Mannen;46 jaar;2048;1109;1330;-221
7686;Mannen;46 jaar;2049;1106;1330;-224
7687;Mannen;46 jaar;2050;1096;1322;-226
7688;Mannen;46 jaar;2051;1091;1316;-225
7689;Mannen;46 jaar;2052;1089;1316;-227
7690;Mannen;46 jaar;2053;1082;1311;-229
7691;Mannen;46 jaar;2054;1089;1320;-231
7692;Mannen;46 jaar;2055;1088;1322;-234
7693;Mannen;46 jaar;2056;1088;1323;-235
7694;Mannen;46 jaar;2057;1083;1320;-237
7695;Mannen;46 jaar;2058;1079;1316;-237
7696;Mannen;46 jaar;2059;1075;1311;-236
7697;Mannen;47 jaar;2017;1116;864;252
7698;Mannen;47 jaar;2018;1020;855;165
7699;Mannen;47 jaar;2019;983;861;122
7700;Mannen;47 jaar;2020;957;862;95
7701;Mannen;47 jaar;2021;951;882;69
7702;Mannen;47 jaar;2022;951;892;59
7703;Mannen;47 jaar;2023;959;916;43
7704;Mannen;47 jaar;2024;962;943;19
7705;Mannen;47 jaar;2025;976;983;-7
7706;Mannen;47 jaar;2026;980;1013;-33
7707;Mannen;47 jaar;2027;988;1053;-65
7708;Mannen;47 jaar;2028;988;1062;-74
7709;Mannen;47 jaar;2029;980;1087;-107
7710;Mannen;47 jaar;2030;979;1102;-123
7711;Mannen;47 jaar;2031;984;1125;-141
7712;Mannen;47 jaar;2032;987;1136;-149
7713;Mannen;47 jaar;2033;995;1143;-148
7714;Mannen;47 jaar;2034;998;1149;-151
7715;Mannen;47 jaar;2035;995;1161;-166
7716;Mannen;47 jaar;2036;1000;1171;-171
7717;Mannen;47 jaar;2037;1009;1190;-181
7718;Mannen;47 jaar;2038;1012;1195;-183
7719;Mannen;47 jaar;2039;1012;1198;-186
7720;Mannen;47 jaar;2040;1009;1195;-186
7721;Mannen;47 jaar;2041;1013;1199;-186
7722;Mannen;47 jaar;2042;1008;1192;-184
7723;Mannen;47 jaar;2043;1010;1197;-187
7724;Mannen;47 jaar;2044;1011;1202;-191
7725;Mannen;47 jaar;2045;1015;1216;-201
7726;Mannen;47 jaar;2046;1022;1221;-199
7727;Mannen;47 jaar;2047;1029;1230;-201
7728;Mannen;47 jaar;2048;1028;1227;-199
7729;Mannen;47 jaar;2049;1027;1225;-198
7730;Mannen;47 jaar;2050;1024;1226;-202
7731;Mannen;47 jaar;2051;1015;1219;-204
7732;Mannen;47 jaar;2052;1011;1213;-202
7733;Mannen;47 jaar;2053;1004;1213;-209
7734;Mannen;47 jaar;2054;1001;1209;-208
7735;Mannen;47 jaar;2055;1008;1218;-210
7736;Mannen;47 jaar;2056;1008;1219;-211
7737;Mannen;47 jaar;2057;1005;1222;-217
7738;Mannen;47 jaar;2058;1003;1219;-216
7739;Mannen;47 jaar;2059;999;1215;-216
7740;Mannen;48 jaar;2017;1049;816;233
7741;Mannen;48 jaar;2018;962;834;128
7742;Mannen;48 jaar;2019;927;824;103
7743;Mannen;48 jaar;2020;910;829;81
7744;Mannen;48 jaar;2021;894;828;66
7745;Mannen;48 jaar;2022;895;845;50
7746;Mannen;48 jaar;2023;894;852;42
7747;Mannen;48 jaar;2024;899;872;27
7748;Mannen;48 jaar;2025;905;893;12
7749;Mannen;48 jaar;2026;914;926;-12
7750;Mannen;48 jaar;2027;916;950;-34
7751;Mannen;48 jaar;2028;925;983;-58
7752;Mannen;48 jaar;2029;918;989;-71
7753;Mannen;48 jaar;2030;915;1011;-96
7754;Mannen;48 jaar;2031;913;1023;-110
7755;Mannen;48 jaar;2032;917;1042;-125
7756;Mannen;48 jaar;2033;917;1052;-135
7757;Mannen;48 jaar;2034;924;1059;-135
7758;Mannen;48 jaar;2035;928;1064;-136
7759;Mannen;48 jaar;2036;927;1074;-147
7760;Mannen;48 jaar;2037;928;1083;-155
7761;Mannen;48 jaar;2038;940;1101;-161
7762;Mannen;48 jaar;2039;939;1104;-165
7763;Mannen;48 jaar;2040;938;1106;-168
7764;Mannen;48 jaar;2041;937;1104;-167
7765;Mannen;48 jaar;2042;939;1107;-168
7766;Mannen;48 jaar;2043;935;1101;-166
7767;Mannen;48 jaar;2044;937;1105;-168
7768;Mannen;48 jaar;2045;938;1109;-171
7769;Mannen;48 jaar;2046;946;1122;-176
7770;Mannen;48 jaar;2047;948;1126;-178
7771;Mannen;48 jaar;2048;955;1134;-179
7772;Mannen;48 jaar;2049;952;1131;-179
7773;Mannen;48 jaar;2050;952;1131;-179
7774;Mannen;48 jaar;2051;949;1131;-182
7775;Mannen;48 jaar;2052;943;1123;-180
7776;Mannen;48 jaar;2053;936;1118;-182
7777;Mannen;48 jaar;2054;934;1118;-184
7778;Mannen;48 jaar;2055;930;1114;-184
7779;Mannen;48 jaar;2056;938;1122;-184
7780;Mannen;48 jaar;2057;935;1124;-189
7781;Mannen;48 jaar;2058;935;1125;-190
7782;Mannen;48 jaar;2059;931;1122;-191
7783;Mannen;49 jaar;2017;959;787;172
7784;Mannen;49 jaar;2018;898;818;80
7785;Mannen;49 jaar;2019;868;833;35
7786;Mannen;49 jaar;2020;851;824;27
7787;Mannen;49 jaar;2021;838;827;11
7788;Mannen;49 jaar;2022;828;822;6
7789;Mannen;49 jaar;2023;832;837;-5
7790;Mannen;49 jaar;2024;830;839;-9
7791;Mannen;49 jaar;2025;834;854;-20
7792;Mannen;49 jaar;2026;837;870;-33
7793;Mannen;49 jaar;2027;844;900;-56
7794;Mannen;49 jaar;2028;844;919;-75
7795;Mannen;49 jaar;2029;853;949;-96
7796;Mannen;49 jaar;2030;850;954;-104
7797;Mannen;49 jaar;2031;843;971;-128
7798;Mannen;49 jaar;2032;843;982;-139
7799;Mannen;49 jaar;2033;846;1000;-154
7800;Mannen;49 jaar;2034;847;1009;-162
7801;Mannen;49 jaar;2035;852;1016;-164
7802;Mannen;49 jaar;2036;856;1022;-166
7803;Mannen;49 jaar;2037;853;1030;-177
7804;Mannen;49 jaar;2038;856;1038;-182
7805;Mannen;49 jaar;2039;868;1055;-187
7806;Mannen;49 jaar;2040;868;1057;-189
7807;Mannen;49 jaar;2041;865;1059;-194
7808;Mannen;49 jaar;2042;864;1056;-192
7809;Mannen;49 jaar;2043;869;1060;-191
7810;Mannen;49 jaar;2044;863;1053;-190
7811;Mannen;49 jaar;2045;865;1057;-192
7812;Mannen;49 jaar;2046;868;1060;-192
7813;Mannen;49 jaar;2047;873;1072;-199
7814;Mannen;49 jaar;2048;877;1077;-200
7815;Mannen;49 jaar;2049;882;1085;-203
7816;Mannen;49 jaar;2050;880;1081;-201
7817;Mannen;49 jaar;2051;877;1081;-204
7818;Mannen;49 jaar;2052;877;1080;-203
7819;Mannen;49 jaar;2053;871;1074;-203
7820;Mannen;49 jaar;2054;866;1068;-202
7821;Mannen;49 jaar;2055;865;1067;-202
7822;Mannen;49 jaar;2056;861;1064;-203
7823;Mannen;49 jaar;2057;863;1072;-209
7824;Mannen;49 jaar;2058;865;1073;-208
7825;Mannen;49 jaar;2059;864;1075;-211
7826;Mannen;50 jaar;2017;890;725;165
7827;Mannen;50 jaar;2018;821;759;62
7828;Mannen;50 jaar;2019;805;788;17
7829;Mannen;50 jaar;2020;791;801;-10
7830;Mannen;50 jaar;2021;784;793;-9
7831;Mannen;50 jaar;2022;779;795;-16
7832;Mannen;50 jaar;2023;768;788;-20
7833;Mannen;50 jaar;2024;769;798;-29
7834;Mannen;50 jaar;2025;771;798;-27
7835;Mannen;50 jaar;2026;773;808;-35
7836;Mannen;50 jaar;2027;773;821;-48
7837;Mannen;50 jaar;2028;777;846;-69
7838;Mannen;50 jaar;2029;777;862;-85
7839;Mannen;50 jaar;2030;785;888;-103
7840;Mannen;50 jaar;2031;781;892;-111
7841;Mannen;50 jaar;2032;777;907;-130
7842;Mannen;50 jaar;2033;775;916;-141
7843;Mannen;50 jaar;2034;779;933;-154
7844;Mannen;50 jaar;2035;780;942;-162
7845;Mannen;50 jaar;2036;785;949;-164
7846;Mannen;50 jaar;2037;788;954;-166
7847;Mannen;50 jaar;2038;788;961;-173
7848;Mannen;50 jaar;2039;789;968;-179
7849;Mannen;50 jaar;2040;801;984;-183
7850;Mannen;50 jaar;2041;801;986;-185
7851;Mannen;50 jaar;2042;802;986;-184
7852;Mannen;50 jaar;2043;800;984;-184
7853;Mannen;50 jaar;2044;802;988;-186
7854;Mannen;50 jaar;2045;799;981;-182
7855;Mannen;50 jaar;2046;801;984;-183
7856;Mannen;50 jaar;2047;803;987;-184
7857;Mannen;50 jaar;2048;809;999;-190
7858;Mannen;50 jaar;2049;811;1003;-192
7859;Mannen;50 jaar;2050;816;1011;-195
7860;Mannen;50 jaar;2051;815;1007;-192
7861;Mannen;50 jaar;2052;815;1006;-191
7862;Mannen;50 jaar;2053;813;1006;-193
7863;Mannen;50 jaar;2054;807;1000;-193
7864;Mannen;50 jaar;2055;800;994;-194
7865;Mannen;50 jaar;2056;798;994;-196
7866;Mannen;50 jaar;2057;794;990;-196
7867;Mannen;50 jaar;2058;800;998;-198
7868;Mannen;50 jaar;2059;798;999;-201
7869;Mannen;51 jaar;2017;827;688;139
7870;Mannen;51 jaar;2018;760;700;60
7871;Mannen;51 jaar;2019;737;731;6
7872;Mannen;51 jaar;2020;741;762;-21
7873;Mannen;51 jaar;2021;736;775;-39
7874;Mannen;51 jaar;2022;734;767;-33
7875;Mannen;51 jaar;2023;728;768;-40
7876;Mannen;51 jaar;2024;719;758;-39
7877;Mannen;51 jaar;2025;720;765;-45
7878;Mannen;51 jaar;2026;714;761;-47
7879;Mannen;51 jaar;2027;717;772;-55
7880;Mannen;51 jaar;2028;715;781;-66
7881;Mannen;51 jaar;2029;720;802;-82
7882;Mannen;51 jaar;2030;720;818;-98
7883;Mannen;51 jaar;2031;727;841;-114
7884;Mannen;51 jaar;2032;725;845;-120
7885;Mannen;51 jaar;2033;718;857;-139
7886;Mannen;51 jaar;2034;718;866;-148
7887;Mannen;51 jaar;2035;723;883;-160
7888;Mannen;51 jaar;2036;724;891;-167
7889;Mannen;51 jaar;2037;732;899;-167
7890;Mannen;51 jaar;2038;736;903;-167
7891;Mannen;51 jaar;2039;735;909;-174
7892;Mannen;51 jaar;2040;736;916;-180
7893;Mannen;51 jaar;2041;745;932;-187
7894;Mannen;51 jaar;2042;745;935;-190
7895;Mannen;51 jaar;2043;745;936;-191
7896;Mannen;51 jaar;2044;747;933;-186
7897;Mannen;51 jaar;2045;743;936;-193
7898;Mannen;51 jaar;2046;742;930;-188
7899;Mannen;51 jaar;2047;745;933;-188
7900;Mannen;51 jaar;2048;745;936;-191
7901;Mannen;51 jaar;2049;752;948;-196
7902;Mannen;51 jaar;2050;755;952;-197
7903;Mannen;51 jaar;2051;760;960;-200
7904;Mannen;51 jaar;2052;761;957;-196
7905;Mannen;51 jaar;2053;756;956;-200
7906;Mannen;51 jaar;2054;757;956;-199
7907;Mannen;51 jaar;2055;752;949;-197
7908;Mannen;51 jaar;2056;745;944;-199
7909;Mannen;51 jaar;2057;743;943;-200
7910;Mannen;51 jaar;2058;738;939;-201
7911;Mannen;51 jaar;2059;743;947;-204
7912;Mannen;52 jaar;2017;788;688;100
7913;Mannen;52 jaar;2018;721;689;32
7914;Mannen;52 jaar;2019;700;701;-1
7915;Mannen;52 jaar;2020;694;733;-39
7916;Mannen;52 jaar;2021;703;764;-61
7917;Mannen;52 jaar;2022;702;778;-76
7918;Mannen;52 jaar;2023;698;771;-73
7919;Mannen;52 jaar;2024;695;769;-74
7920;Mannen;52 jaar;2025;685;757;-72
7921;Mannen;52 jaar;2026;683;761;-78
7922;Mannen;52 jaar;2027;676;758;-82
7923;Mannen;52 jaar;2028;678;768;-90
7924;Mannen;52 jaar;2029;678;776;-98
7925;Mannen;52 jaar;2030;685;797;-112
7926;Mannen;52 jaar;2031;683;812;-129
7927;Mannen;52 jaar;2032;690;835;-145
7928;Mannen;52 jaar;2033;685;839;-154
7929;Mannen;52 jaar;2034;682;851;-169
7930;Mannen;52 jaar;2035;680;860;-180
7931;Mannen;52 jaar;2036;684;876;-192
7932;Mannen;52 jaar;2037;684;884;-200
7933;Mannen;52 jaar;2038;689;892;-203
7934;Mannen;52 jaar;2039;692;897;-205
7935;Mannen;52 jaar;2040;693;903;-210
7936;Mannen;52 jaar;2041;694;910;-216
7937;Mannen;52 jaar;2042;705;925;-220
7938;Mannen;52 jaar;2043;706;927;-221
7939;Mannen;52 jaar;2044;704;928;-224
7940;Mannen;52 jaar;2045;703;927;-224
7941;Mannen;52 jaar;2046;706;929;-223
7942;Mannen;52 jaar;2047;704;924;-220
7943;Mannen;52 jaar;2048;704;927;-223
7944;Mannen;52 jaar;2049;707;930;-223
7945;Mannen;52 jaar;2050;714;943;-229
7946;Mannen;52 jaar;2051;717;947;-230
7947;Mannen;52 jaar;2052;721;954;-233
7948;Mannen;52 jaar;2053;719;951;-232
7949;Mannen;52 jaar;2054;718;951;-233
7950;Mannen;52 jaar;2055;718;951;-233
7951;Mannen;52 jaar;2056;711;945;-234
7952;Mannen;52 jaar;2057;704;939;-235
7953;Mannen;52 jaar;2058;706;939;-233
7954;Mannen;52 jaar;2059;700;936;-236
7955;Mannen;53 jaar;2017;746;654;92
7956;Mannen;53 jaar;2018;681;669;12
7957;Mannen;53 jaar;2019;660;671;-11
7958;Mannen;53 jaar;2020;653;685;-32
7959;Mannen;53 jaar;2021;653;716;-63
7960;Mannen;53 jaar;2022;668;746;-78
7961;Mannen;53 jaar;2023;669;760;-91
7962;Mannen;53 jaar;2024;663;751;-88
7963;Mannen;53 jaar;2025;661;748;-87
7964;Mannen;53 jaar;2026;647;734;-87
7965;Mannen;53 jaar;2027;645;738;-93
7966;Mannen;53 jaar;2028;641;735;-94
7967;Mannen;53 jaar;2029;639;744;-105
7968;Mannen;53 jaar;2030;639;751;-112
7969;Mannen;53 jaar;2031;644;772;-128
7970;Mannen;53 jaar;2032;643;785;-142
7971;Mannen;53 jaar;2033;650;807;-157
7972;Mannen;53 jaar;2034;647;811;-164
7973;Mannen;53 jaar;2035;644;823;-179
7974;Mannen;53 jaar;2036;643;831;-188
7975;Mannen;53 jaar;2037;644;847;-203
7976;Mannen;53 jaar;2038;645;855;-210
7977;Mannen;53 jaar;2039;649;863;-214
7978;Mannen;53 jaar;2040;653;866;-213
7979;Mannen;53 jaar;2041;654;872;-218
7980;Mannen;53 jaar;2042;655;879;-224
7981;Mannen;53 jaar;2043;666;894;-228
7982;Mannen;53 jaar;2044;666;897;-231
7983;Mannen;53 jaar;2045;664;898;-234
7984;Mannen;53 jaar;2046;664;896;-232
7985;Mannen;53 jaar;2047;668;900;-232
7986;Mannen;53 jaar;2048;665;894;-229
7987;Mannen;53 jaar;2049;667;897;-230
7988;Mannen;53 jaar;2050;669;901;-232
7989;Mannen;53 jaar;2051;676;912;-236
7990;Mannen;53 jaar;2052;679;916;-237
7991;Mannen;53 jaar;2053;682;924;-242
7992;Mannen;53 jaar;2054;679;922;-243
7993;Mannen;53 jaar;2055;678;921;-243
7994;Mannen;53 jaar;2056;679;921;-242
7995;Mannen;53 jaar;2057;671;915;-244
7996;Mannen;53 jaar;2058;666;911;-245
7997;Mannen;53 jaar;2059;667;911;-244
7998;Mannen;54 jaar;2017;686;585;101
7999;Mannen;54 jaar;2018;632;622;10
8000;Mannen;54 jaar;2019;610;635;-25
8001;Mannen;54 jaar;2020;601;638;-37
8002;Mannen;54 jaar;2021;602;651;-49
8003;Mannen;54 jaar;2022;607;680;-73
8004;Mannen;54 jaar;2023;623;709;-86
8005;Mannen;54 jaar;2024;622;718;-96
8006;Mannen;54 jaar;2025;616;706;-90
8007;Mannen;54 jaar;2026;608;700;-92
8008;Mannen;54 jaar;2027;596;688;-92
8009;Mannen;54 jaar;2028;592;690;-98
8010;Mannen;54 jaar;2029;586;685;-99
8011;Mannen;54 jaar;2030;589;692;-103
8012;Mannen;54 jaar;2031;588;700;-112
8013;Mannen;54 jaar;2032;591;718;-127
8014;Mannen;54 jaar;2033;590;730;-140
8015;Mannen;54 jaar;2034;596;750;-154
8016;Mannen;54 jaar;2035;596;754;-158
8017;Mannen;54 jaar;2036;590;765;-175
8018;Mannen;54 jaar;2037;589;772;-183
8019;Mannen;54 jaar;2038;596;787;-191
8020;Mannen;54 jaar;2039;598;794;-196
8021;Mannen;54 jaar;2040;602;801;-199
8022;Mannen;54 jaar;2041;605;806;-201
8023;Mannen;54 jaar;2042;605;811;-206
8024;Mannen;54 jaar;2043;610;818;-208
8025;Mannen;54 jaar;2044;618;832;-214
8026;Mannen;54 jaar;2045;620;834;-214
8027;Mannen;54 jaar;2046;623;835;-212
8028;Mannen;54 jaar;2047;619;834;-215
8029;Mannen;54 jaar;2048;625;836;-211
8030;Mannen;54 jaar;2049;619;832;-213
8031;Mannen;54 jaar;2050;621;835;-214
8032;Mannen;54 jaar;2051;625;839;-214
8033;Mannen;54 jaar;2052;630;850;-220
8034;Mannen;54 jaar;2053;634;854;-220
8035;Mannen;54 jaar;2054;639;861;-222
8036;Mannen;54 jaar;2055;640;859;-219
8037;Mannen;54 jaar;2056;638;859;-221
8038;Mannen;54 jaar;2057;635;859;-224
8039;Mannen;54 jaar;2058;630;854;-224
8040;Mannen;54 jaar;2059;627;850;-223
8041;Mannen;55 jaar;2017;620;538;82
8042;Mannen;55 jaar;2018;576;565;11
8043;Mannen;55 jaar;2019;561;598;-37
8044;Mannen;55 jaar;2020;554;612;-58
8045;Mannen;55 jaar;2021;550;615;-65
8046;Mannen;55 jaar;2022;555;624;-69
8047;Mannen;55 jaar;2023;560;652;-92
8048;Mannen;55 jaar;2024;575;676;-101
8049;Mannen;55 jaar;2025;574;682;-108
8050;Mannen;55 jaar;2026;564;666;-102
8051;Mannen;55 jaar;2027;555;659;-104
8052;Mannen;55 jaar;2028;543;644;-101
8053;Mannen;55 jaar;2029;538;645;-107
8054;Mannen;55 jaar;2030;533;639;-106
8055;Mannen;55 jaar;2031;536;644;-108
8056;Mannen;55 jaar;2032;533;650;-117
8057;Mannen;55 jaar;2033;538;666;-128
8058;Mannen;55 jaar;2034;539;676;-137
8059;Mannen;55 jaar;2035;545;696;-151
8060;Mannen;55 jaar;2036;543;698;-155
8061;Mannen;55 jaar;2037;538;706;-168
8062;Mannen;55 jaar;2038;539;713;-174
8063;Mannen;55 jaar;2039;541;726;-185
8064;Mannen;55 jaar;2040;543;733;-190
8065;Mannen;55 jaar;2041;548;739;-191
8066;Mannen;55 jaar;2042;552;744;-192
8067;Mannen;55 jaar;2043;553;749;-196
8068;Mannen;55 jaar;2044;559;755;-196
8069;Mannen;55 jaar;2045;566;769;-203
8070;Mannen;55 jaar;2046;567;771;-204
8071;Mannen;55 jaar;2047;571;772;-201
8072;Mannen;55 jaar;2048;567;770;-203
8073;Mannen;55 jaar;2049;569;773;-204
8074;Mannen;55 jaar;2050;567;768;-201
8075;Mannen;55 jaar;2051;570;772;-202
8076;Mannen;55 jaar;2052;571;775;-204
8077;Mannen;55 jaar;2053;577;786;-209
8078;Mannen;55 jaar;2054;580;790;-210
8079;Mannen;55 jaar;2055;585;798;-213
8080;Mannen;55 jaar;2056;587;795;-208
8081;Mannen;55 jaar;2057;584;795;-211
8082;Mannen;55 jaar;2058;584;795;-211
8083;Mannen;55 jaar;2059;578;790;-212
8084;Mannen;56 jaar;2017;568;506;62
8085;Mannen;56 jaar;2018;522;535;-13
8086;Mannen;56 jaar;2019;510;560;-50
8087;Mannen;56 jaar;2020;509;593;-84
8088;Mannen;56 jaar;2021;503;606;-103
8089;Mannen;56 jaar;2022;506;609;-103
8090;Mannen;56 jaar;2023;511;615;-104
8091;Mannen;56 jaar;2024;515;640;-125
8092;Mannen;56 jaar;2025;527;661;-134
8093;Mannen;56 jaar;2026;524;664;-140
8094;Mannen;56 jaar;2027;516;647;-131
8095;Mannen;56 jaar;2028;508;638;-130
8096;Mannen;56 jaar;2029;494;622;-128
8097;Mannen;56 jaar;2030;489;622;-133
8098;Mannen;56 jaar;2031;485;614;-129
8099;Mannen;56 jaar;2032;488;619;-131
8100;Mannen;56 jaar;2033;485;624;-139
8101;Mannen;56 jaar;2034;490;638;-148
8102;Mannen;56 jaar;2035;491;648;-157
8103;Mannen;56 jaar;2036;497;666;-169
8104;Mannen;56 jaar;2037;495;667;-172
8105;Mannen;56 jaar;2038;490;674;-184
8106;Mannen;56 jaar;2039;490;680;-190
8107;Mannen;56 jaar;2040;492;692;-200
8108;Mannen;56 jaar;2041;493;699;-206
8109;Mannen;56 jaar;2042;499;705;-206
8110;Mannen;56 jaar;2043;504;709;-205
8111;Mannen;56 jaar;2044;505;713;-208
8112;Mannen;56 jaar;2045;506;719;-213
8113;Mannen;56 jaar;2046;516;732;-216
8114;Mannen;56 jaar;2047;517;733;-216
8115;Mannen;56 jaar;2048;519;734;-215
8116;Mannen;56 jaar;2049;517;733;-216
8117;Mannen;56 jaar;2050;519;736;-217
8118;Mannen;56 jaar;2051;517;731;-214
8119;Mannen;56 jaar;2052;519;735;-216
8120;Mannen;56 jaar;2053;520;738;-218
8121;Mannen;56 jaar;2054;528;749;-221
8122;Mannen;56 jaar;2055;531;753;-222
8123;Mannen;56 jaar;2056;537;760;-223
8124;Mannen;56 jaar;2057;535;758;-223
8125;Mannen;56 jaar;2058;534;757;-223
8126;Mannen;56 jaar;2059;534;758;-224
8127;Mannen;57 jaar;2017;515;490;25
8128;Mannen;57 jaar;2018;479;489;-10
8129;Mannen;57 jaar;2019;465;517;-52
8130;Mannen;57 jaar;2020;467;542;-75
8131;Mannen;57 jaar;2021;466;576;-110
8132;Mannen;57 jaar;2022;465;589;-124
8133;Mannen;57 jaar;2023;468;591;-123
8134;Mannen;57 jaar;2024;476;594;-118
8135;Mannen;57 jaar;2025;478;616;-138
8136;Mannen;57 jaar;2026;485;634;-149
8137;Mannen;57 jaar;2027;482;638;-156
8138;Mannen;57 jaar;2028;475;622;-147
8139;Mannen;57 jaar;2029;466;615;-149
8140;Mannen;57 jaar;2030;453;600;-147
8141;Mannen;57 jaar;2031;451;601;-150
8142;Mannen;57 jaar;2032;445;594;-149
8143;Mannen;57 jaar;2033;446;598;-152
8144;Mannen;57 jaar;2034;444;606;-162
8145;Mannen;57 jaar;2035;450;620;-170
8146;Mannen;57 jaar;2036;450;630;-180
8147;Mannen;57 jaar;2037;455;648;-193
8148;Mannen;57 jaar;2038;454;651;-197
8149;Mannen;57 jaar;2039;450;657;-207
8150;Mannen;57 jaar;2040;449;663;-214
8151;Mannen;57 jaar;2041;452;675;-223
8152;Mannen;57 jaar;2042;452;682;-230
8153;Mannen;57 jaar;2043;458;690;-232
8154;Mannen;57 jaar;2044;459;694;-235
8155;Mannen;57 jaar;2045;460;700;-240
8156;Mannen;57 jaar;2046;463;706;-243
8157;Mannen;57 jaar;2047;470;720;-250
8158;Mannen;57 jaar;2048;471;723;-252
8159;Mannen;57 jaar;2049;470;725;-255
8160;Mannen;57 jaar;2050;470;724;-254
8161;Mannen;57 jaar;2051;474;727;-253
8162;Mannen;57 jaar;2052;472;723;-251
8163;Mannen;57 jaar;2053;473;727;-254
8164;Mannen;57 jaar;2054;472;733;-261
8165;Mannen;57 jaar;2055;480;743;-263
8166;Mannen;57 jaar;2056;485;748;-263
8167;Mannen;57 jaar;2057;487;757;-270
8168;Mannen;57 jaar;2058;488;755;-267
8169;Mannen;57 jaar;2059;485;754;-269
8170;Mannen;58 jaar;2017;471;429;42
8171;Mannen;58 jaar;2018;433;468;-35
8172;Mannen;58 jaar;2019;424;468;-44
8173;Mannen;58 jaar;2020;419;496;-77
8174;Mannen;58 jaar;2021;422;520;-98
8175;Mannen;58 jaar;2022;429;554;-125
8176;Mannen;58 jaar;2023;428;565;-137
8177;Mannen;58 jaar;2024;432;566;-134
8178;Mannen;58 jaar;2025;436;566;-130
8179;Mannen;58 jaar;2026;435;586;-151
8180;Mannen;58 jaar;2027;443;603;-160
8181;Mannen;58 jaar;2028;439;605;-166
8182;Mannen;58 jaar;2029;432;592;-160
8183;Mannen;58 jaar;2030;423;584;-161
8184;Mannen;58 jaar;2031;411;571;-160
8185;Mannen;58 jaar;2032;408;571;-163
8186;Mannen;58 jaar;2033;402;564;-162
8187;Mannen;58 jaar;2034;402;569;-167
8188;Mannen;58 jaar;2035;401;576;-175
8189;Mannen;58 jaar;2036;407;589;-182
8190;Mannen;58 jaar;2037;407;599;-192
8191;Mannen;58 jaar;2038;412;616;-204
8192;Mannen;58 jaar;2039;411;618;-207
8193;Mannen;58 jaar;2040;407;623;-216
8194;Mannen;58 jaar;2041;404;629;-225
8195;Mannen;58 jaar;2042;409;641;-232
8196;Mannen;58 jaar;2043;410;648;-238
8197;Mannen;58 jaar;2044;414;655;-241
8198;Mannen;58 jaar;2045;416;659;-243
8199;Mannen;58 jaar;2046;416;665;-249
8200;Mannen;58 jaar;2047;419;671;-252
8201;Mannen;58 jaar;2048;428;684;-256
8202;Mannen;58 jaar;2049;428;687;-259
8203;Mannen;58 jaar;2050;427;689;-262
8204;Mannen;58 jaar;2051;429;688;-259
8205;Mannen;58 jaar;2052;432;692;-260
8206;Mannen;58 jaar;2053;430;688;-258
8207;Mannen;58 jaar;2054;431;693;-262
8208;Mannen;58 jaar;2055;432;698;-266
8209;Mannen;58 jaar;2056;437;709;-272
8210;Mannen;58 jaar;2057;439;714;-275
8211;Mannen;58 jaar;2058;444;722;-278
8212;Mannen;58 jaar;2059;444;721;-277
8213;Mannen;59 jaar;2017;428;393;35
8214;Mannen;59 jaar;2018;395;418;-23
8215;Mannen;59 jaar;2019;381;456;-75
8216;Mannen;59 jaar;2020;384;457;-73
8217;Mannen;59 jaar;2021;382;484;-102
8218;Mannen;59 jaar;2022;389;509;-120
8219;Mannen;59 jaar;2023;395;539;-144
8220;Mannen;59 jaar;2024;396;548;-152
8221;Mannen;59 jaar;2025;395;546;-151
8222;Mannen;59 jaar;2026;397;546;-149
8223;Mannen;59 jaar;2027;396;564;-168
8224;Mannen;59 jaar;2028;403;580;-177
8225;Mannen;59 jaar;2029;400;582;-182
8226;Mannen;59 jaar;2030;392;571;-179
8227;Mannen;59 jaar;2031;384;562;-178
8228;Mannen;59 jaar;2032;374;548;-174
8229;Mannen;59 jaar;2033;372;548;-176
8230;Mannen;59 jaar;2034;366;542;-176
8231;Mannen;59 jaar;2035;367;545;-178
8232;Mannen;59 jaar;2036;366;552;-186
8233;Mannen;59 jaar;2037;372;564;-192
8234;Mannen;59 jaar;2038;371;573;-202
8235;Mannen;59 jaar;2039;377;588;-211
8236;Mannen;59 jaar;2040;376;590;-214
8237;Mannen;59 jaar;2041;370;595;-225
8238;Mannen;59 jaar;2042;369;599;-230
8239;Mannen;59 jaar;2043;373;611;-238
8240;Mannen;59 jaar;2044;375;617;-242
8241;Mannen;59 jaar;2045;379;623;-244
8242;Mannen;59 jaar;2046;380;627;-247
8243;Mannen;59 jaar;2047;383;633;-250
8244;Mannen;59 jaar;2048;385;638;-253
8245;Mannen;59 jaar;2049;393;650;-257
8246;Mannen;59 jaar;2050;391;653;-262
8247;Mannen;59 jaar;2051;392;655;-263
8248;Mannen;59 jaar;2052;393;653;-260
8249;Mannen;59 jaar;2053;394;657;-263
8250;Mannen;59 jaar;2054;395;653;-258
8251;Mannen;59 jaar;2055;395;658;-263
8252;Mannen;59 jaar;2056;396;662;-266
8253;Mannen;59 jaar;2057;401;672;-271
8254;Mannen;59 jaar;2058;406;677;-271
8255;Mannen;59 jaar;2059;409;684;-275
8256;Mannen;60 jaar;2017;382;359;23
8257;Mannen;60 jaar;2018;353;379;-26
8258;Mannen;60 jaar;2019;342;405;-63
8259;Mannen;60 jaar;2020;339;442;-103
8260;Mannen;60 jaar;2021;343;444;-101
8261;Mannen;60 jaar;2022;347;470;-123
8262;Mannen;60 jaar;2023;353;493;-140
8263;Mannen;60 jaar;2024;358;521;-163
8264;Mannen;60 jaar;2025;357;527;-170
8265;Mannen;60 jaar;2026;356;524;-168
8266;Mannen;60 jaar;2027;356;523;-167
8267;Mannen;60 jaar;2028;356;540;-184
8268;Mannen;60 jaar;2029;362;555;-193
8269;Mannen;60 jaar;2030;357;558;-201
8270;Mannen;60 jaar;2031;350;548;-198
8271;Mannen;60 jaar;2032;342;539;-197
8272;Mannen;60 jaar;2033;333;527;-194
8273;Mannen;60 jaar;2034;330;527;-197
8274;Mannen;60 jaar;2035;325;520;-195
8275;Mannen;60 jaar;2036;325;525;-200
8276;Mannen;60 jaar;2037;323;531;-208
8277;Mannen;60 jaar;2038;324;543;-219
8278;Mannen;60 jaar;2039;326;552;-226
8279;Mannen;60 jaar;2040;333;566;-233
8280;Mannen;60 jaar;2041;330;568;-238
8281;Mannen;60 jaar;2042;326;573;-247
8282;Mannen;60 jaar;2043;325;577;-252
8283;Mannen;60 jaar;2044;328;589;-261
8284;Mannen;60 jaar;2045;330;595;-265
8285;Mannen;60 jaar;2046;336;602;-266
8286;Mannen;60 jaar;2047;336;606;-270
8287;Mannen;60 jaar;2048;338;610;-272
8288;Mannen;60 jaar;2049;339;616;-277
8289;Mannen;60 jaar;2050;344;628;-284
8290;Mannen;60 jaar;2051;346;631;-285
8291;Mannen;60 jaar;2052;348;633;-285
8292;Mannen;60 jaar;2053;344;632;-288
8293;Mannen;60 jaar;2054;345;636;-291
8294;Mannen;60 jaar;2055;345;633;-288
8295;Mannen;60 jaar;2056;346;637;-291
8296;Mannen;60 jaar;2057;346;642;-296
8297;Mannen;60 jaar;2058;354;652;-298
8298;Mannen;60 jaar;2059;356;657;-301
8299;Mannen;61 jaar;2017;341;343;-2
8300;Mannen;61 jaar;2018;315;347;-32
8301;Mannen;61 jaar;2019;307;367;-60
8302;Mannen;61 jaar;2020;306;393;-87
8303;Mannen;61 jaar;2021;305;427;-122
8304;Mannen;61 jaar;2022;313;431;-118
8305;Mannen;61 jaar;2023;316;454;-138
8306;Mannen;61 jaar;2024;321;475;-154
8307;Mannen;61 jaar;2025;325;499;-174
8308;Mannen;61 jaar;2026;321;503;-182
8309;Mannen;61 jaar;2027;318;499;-181
8310;Mannen;61 jaar;2028;319;498;-179
8311;Mannen;61 jaar;2029;316;514;-198
8312;Mannen;61 jaar;2030;322;530;-208
8313;Mannen;61 jaar;2031;318;531;-213
8314;Mannen;61 jaar;2032;312;521;-209
8315;Mannen;61 jaar;2033;307;512;-205
8316;Mannen;61 jaar;2034;295;500;-205
8317;Mannen;61 jaar;2035;289;500;-211
8318;Mannen;61 jaar;2036;285;493;-208
8319;Mannen;61 jaar;2037;284;497;-213
8320;Mannen;61 jaar;2038;282;503;-221
8321;Mannen;61 jaar;2039;284;514;-230
8322;Mannen;61 jaar;2040;284;522;-238
8323;Mannen;61 jaar;2041;289;536;-247
8324;Mannen;61 jaar;2042;288;537;-249
8325;Mannen;61 jaar;2043;285;542;-257
8326;Mannen;61 jaar;2044;284;547;-263
8327;Mannen;61 jaar;2045;287;558;-271
8328;Mannen;61 jaar;2046;288;563;-275
8329;Mannen;61 jaar;2047;292;570;-278
8330;Mannen;61 jaar;2048;293;574;-281
8331;Mannen;61 jaar;2049;293;579;-286
8332;Mannen;61 jaar;2050;296;585;-289
8333;Mannen;61 jaar;2051;301;596;-295
8334;Mannen;61 jaar;2052;302;599;-297
8335;Mannen;61 jaar;2053;302;602;-300
8336;Mannen;61 jaar;2054;302;600;-298
8337;Mannen;61 jaar;2055;304;605;-301
8338;Mannen;61 jaar;2056;301;602;-301
8339;Mannen;61 jaar;2057;301;606;-305
8340;Mannen;61 jaar;2058;302;610;-308
8341;Mannen;61 jaar;2059;305;620;-315
8342;Mannen;62 jaar;2017;305;305;0
8343;Mannen;62 jaar;2018;283;327;-44
8344;Mannen;62 jaar;2019;273;332;-59
8345;Mannen;62 jaar;2020;273;352;-79
8346;Mannen;62 jaar;2021;275;376;-101
8347;Mannen;62 jaar;2022;277;407;-130
8348;Mannen;62 jaar;2023;286;410;-124
8349;Mannen;62 jaar;2024;289;431;-142
8350;Mannen;62 jaar;2025;294;447;-153
8351;Mannen;62 jaar;2026;297;467;-170
8352;Mannen;62 jaar;2027;292;470;-178
8353;Mannen;62 jaar;2028;290;467;-177
8354;Mannen;62 jaar;2029;291;466;-175
8355;Mannen;62 jaar;2030;289;480;-191
8356;Mannen;62 jaar;2031;296;495;-199
8357;Mannen;62 jaar;2032;291;495;-204
8358;Mannen;62 jaar;2033;284;485;-201
8359;Mannen;62 jaar;2034;277;477;-200
8360;Mannen;62 jaar;2035;265;465;-200
8361;Mannen;62 jaar;2036;261;464;-203
8362;Mannen;62 jaar;2037;257;458;-201
8363;Mannen;62 jaar;2038;256;462;-206
8364;Mannen;62 jaar;2039;254;467;-213
8365;Mannen;62 jaar;2040;256;478;-222
8366;Mannen;62 jaar;2041;255;485;-230
8367;Mannen;62 jaar;2042;259;497;-238
8368;Mannen;62 jaar;2043;259;499;-240
8369;Mannen;62 jaar;2044;256;503;-247
8370;Mannen;62 jaar;2045;256;507;-251
8371;Mannen;62 jaar;2046;258;517;-259
8372;Mannen;62 jaar;2047;260;523;-263
8373;Mannen;62 jaar;2048;263;529;-266
8374;Mannen;62 jaar;2049;266;533;-267
8375;Mannen;62 jaar;2050;265;537;-272
8376;Mannen;62 jaar;2051;268;543;-275
8377;Mannen;62 jaar;2052;274;554;-280
8378;Mannen;62 jaar;2053;273;557;-284
8379;Mannen;62 jaar;2054;275;559;-284
8380;Mannen;62 jaar;2055;275;558;-283
8381;Mannen;62 jaar;2056;276;562;-286
8382;Mannen;62 jaar;2057;272;559;-287
8383;Mannen;62 jaar;2058;273;563;-290
8384;Mannen;62 jaar;2059;272;566;-294
8385;Mannen;63 jaar;2017;284;276;8
8386;Mannen;63 jaar;2018;260;287;-27
8387;Mannen;63 jaar;2019;252;311;-59
8388;Mannen;63 jaar;2020;250;315;-65
8389;Mannen;63 jaar;2021;253;335;-82
8390;Mannen;63 jaar;2022;258;358;-100
8391;Mannen;63 jaar;2023;263;389;-126
8392;Mannen;63 jaar;2024;269;388;-119
8393;Mannen;63 jaar;2025;272;408;-136
8394;Mannen;63 jaar;2026;276;420;-144
8395;Mannen;63 jaar;2027;276;439;-163
8396;Mannen;63 jaar;2028;273;442;-169
8397;Mannen;63 jaar;2029;270;438;-168
8398;Mannen;63 jaar;2030;270;433;-163
8399;Mannen;63 jaar;2031;268;448;-180
8400;Mannen;63 jaar;2032;275;462;-187
8401;Mannen;63 jaar;2033;270;462;-192
8402;Mannen;63 jaar;2034;264;451;-187
8403;Mannen;63 jaar;2035;255;444;-189
8404;Mannen;63 jaar;2036;244;431;-187
8405;Mannen;63 jaar;2037;238;431;-193
8406;Mannen;63 jaar;2038;236;424;-188
8407;Mannen;63 jaar;2039;237;426;-189
8408;Mannen;63 jaar;2040;234;431;-197
8409;Mannen;63 jaar;2041;235;439;-204
8410;Mannen;63 jaar;2042;237;446;-209
8411;Mannen;63 jaar;2043;240;457;-217
8412;Mannen;63 jaar;2044;240;457;-217
8413;Mannen;63 jaar;2045;236;461;-225
8414;Mannen;63 jaar;2046;235;465;-230
8415;Mannen;63 jaar;2047;239;474;-235
8416;Mannen;63 jaar;2048;242;479;-237
8417;Mannen;63 jaar;2049;245;485;-240
8418;Mannen;63 jaar;2050;248;487;-239
8419;Mannen;63 jaar;2051;247;491;-244
8420;Mannen;63 jaar;2052;250;496;-246
8421;Mannen;63 jaar;2053;254;506;-252
8422;Mannen;63 jaar;2054;256;508;-252
8423;Mannen;63 jaar;2055;257;511;-254
8424;Mannen;63 jaar;2056;256;510;-254
8425;Mannen;63 jaar;2057;256;513;-257
8426;Mannen;63 jaar;2058;253;511;-258
8427;Mannen;63 jaar;2059;254;514;-260
8428;Mannen;64 jaar;2017;254;274;-20
8429;Mannen;64 jaar;2018;234;284;-50
8430;Mannen;64 jaar;2019;225;297;-72
8431;Mannen;64 jaar;2020;223;323;-100
8432;Mannen;64 jaar;2021;225;325;-100
8433;Mannen;64 jaar;2022;230;346;-116
8434;Mannen;64 jaar;2023;237;370;-133
8435;Mannen;64 jaar;2024;239;399;-160
8436;Mannen;64 jaar;2025;244;396;-152
8437;Mannen;64 jaar;2026;247;415;-168
8438;Mannen;64 jaar;2027;250;425;-175
8439;Mannen;64 jaar;2028;249;444;-195
8440;Mannen;64 jaar;2029;246;447;-201
8441;Mannen;64 jaar;2030;243;443;-200
8442;Mannen;64 jaar;2031;243;436;-193
8443;Mannen;64 jaar;2032;241;452;-211
8444;Mannen;64 jaar;2033;248;464;-216
8445;Mannen;64 jaar;2034;244;465;-221
8446;Mannen;64 jaar;2035;237;453;-216
8447;Mannen;64 jaar;2036;231;444;-213
8448;Mannen;64 jaar;2037;220;430;-210
8449;Mannen;64 jaar;2038;215;429;-214
8450;Mannen;64 jaar;2039;212;421;-209
8451;Mannen;64 jaar;2040;211;422;-211
8452;Mannen;64 jaar;2041;210;427;-217
8453;Mannen;64 jaar;2042;211;436;-225
8454;Mannen;64 jaar;2043;210;441;-231
8455;Mannen;64 jaar;2044;214;452;-238
8456;Mannen;64 jaar;2045;214;452;-238
8457;Mannen;64 jaar;2046;211;455;-244
8458;Mannen;64 jaar;2047;212;458;-246
8459;Mannen;64 jaar;2048;214;468;-254
8460;Mannen;64 jaar;2049;215;472;-257
8461;Mannen;64 jaar;2050;219;478;-259
8462;Mannen;64 jaar;2051;221;481;-260
8463;Mannen;64 jaar;2052;221;484;-263
8464;Mannen;64 jaar;2053;223;489;-266
8465;Mannen;64 jaar;2054;230;500;-270
8466;Mannen;64 jaar;2055;229;502;-273
8467;Mannen;64 jaar;2056;232;504;-272
8468;Mannen;64 jaar;2057;230;503;-273
8469;Mannen;64 jaar;2058;232;507;-275
8470;Mannen;64 jaar;2059;228;504;-276
8471;Mannen;65 jaar;2017;230;307;-77
8472;Mannen;65 jaar;2018;211;307;-96
8473;Mannen;65 jaar;2019;203;318;-115
8474;Mannen;65 jaar;2020;200;332;-132
8475;Mannen;65 jaar;2021;201;360;-159
8476;Mannen;65 jaar;2022;206;366;-160
8477;Mannen;65 jaar;2023;211;387;-176
8478;Mannen;65 jaar;2024;216;410;-194
8479;Mannen;65 jaar;2025;218;436;-218
8480;Mannen;65 jaar;2026;222;433;-211
8481;Mannen;65 jaar;2027;220;450;-230
8482;Mannen;65 jaar;2028;226;463;-237
8483;Mannen;65 jaar;2029;225;482;-257
8484;Mannen;65 jaar;2030;222;483;-261
8485;Mannen;65 jaar;2031;219;479;-260
8486;Mannen;65 jaar;2032;218;472;-254
8487;Mannen;65 jaar;2033;218;486;-268
8488;Mannen;65 jaar;2034;224;502;-278
8489;Mannen;65 jaar;2035;219;501;-282
8490;Mannen;65 jaar;2036;213;486;-273
8491;Mannen;65 jaar;2037;207;477;-270
8492;Mannen;65 jaar;2038;196;461;-265
8493;Mannen;65 jaar;2039;191;459;-268
8494;Mannen;65 jaar;2040;188;450;-262
8495;Mannen;65 jaar;2041;187;452;-265
8496;Mannen;65 jaar;2042;186;457;-271
8497;Mannen;65 jaar;2043;188;466;-278
8498;Mannen;65 jaar;2044;186;473;-287
8499;Mannen;65 jaar;2045;190;486;-296
8500;Mannen;65 jaar;2046;190;486;-296
8501;Mannen;65 jaar;2047;189;488;-299
8502;Mannen;65 jaar;2048;189;492;-303
8503;Mannen;65 jaar;2049;191;502;-311
8504;Mannen;65 jaar;2050;192;507;-315
8505;Mannen;65 jaar;2051;196;514;-318
8506;Mannen;65 jaar;2052;199;518;-319
8507;Mannen;65 jaar;2053;199;522;-323
8508;Mannen;65 jaar;2054;201;528;-327
8509;Mannen;65 jaar;2055;206;540;-334
8510;Mannen;65 jaar;2056;207;543;-336
8511;Mannen;65 jaar;2057;210;546;-336
8512;Mannen;65 jaar;2058;209;544;-335
8513;Mannen;65 jaar;2059;208;548;-340
8514;Mannen;66 jaar;2017;205;284;-79
8515;Mannen;66 jaar;2018;191;298;-107
8516;Mannen;66 jaar;2019;181;299;-118
8517;Mannen;66 jaar;2020;179;312;-133
8518;Mannen;66 jaar;2021;182;326;-144
8519;Mannen;66 jaar;2022;187;353;-166
8520;Mannen;66 jaar;2023;191;358;-167
8521;Mannen;66 jaar;2024;196;377;-181
8522;Mannen;66 jaar;2025;200;397;-197
8523;Mannen;66 jaar;2026;199;419;-220
8524;Mannen;66 jaar;2027;202;416;-214
8525;Mannen;66 jaar;2028;202;433;-231
8526;Mannen;66 jaar;2029;206;444;-238
8527;Mannen;66 jaar;2030;206;463;-257
8528;Mannen;66 jaar;2031;204;463;-259
8529;Mannen;66 jaar;2032;200;457;-257
8530;Mannen;66 jaar;2033;200;448;-248
8531;Mannen;66 jaar;2034;199;463;-264
8532;Mannen;66 jaar;2035;206;478;-272
8533;Mannen;66 jaar;2036;202;478;-276
8534;Mannen;66 jaar;2037;196;462;-266
8535;Mannen;66 jaar;2038;188;452;-264
8536;Mannen;66 jaar;2039;180;435;-255
8537;Mannen;66 jaar;2040;175;432;-257
8538;Mannen;66 jaar;2041;174;422;-248
8539;Mannen;66 jaar;2042;172;423;-251
8540;Mannen;66 jaar;2043;171;428;-257
8541;Mannen;66 jaar;2044;173;436;-263
8542;Mannen;66 jaar;2045;173;442;-269
8543;Mannen;66 jaar;2046;179;454;-275
8544;Mannen;66 jaar;2047;177;453;-276
8545;Mannen;66 jaar;2048;177;454;-277
8546;Mannen;66 jaar;2049;176;457;-281
8547;Mannen;66 jaar;2050;179;468;-289
8548;Mannen;66 jaar;2051;181;473;-292
8549;Mannen;66 jaar;2052;183;479;-296
8550;Mannen;66 jaar;2053;184;483;-299
8551;Mannen;66 jaar;2054;185;487;-302
8552;Mannen;66 jaar;2055;187;492;-305
8553;Mannen;66 jaar;2056;194;504;-310
8554;Mannen;66 jaar;2057;195;506;-311
8555;Mannen;66 jaar;2058;196;509;-313
8556;Mannen;66 jaar;2059;195;507;-312
8557;Mannen;67 jaar;2017;192;267;-75
8558;Mannen;67 jaar;2018;178;255;-77
8559;Mannen;67 jaar;2019;172;269;-97
8560;Mannen;67 jaar;2020;169;271;-102
8561;Mannen;67 jaar;2021;170;283;-113
8562;Mannen;67 jaar;2022;173;297;-124
8563;Mannen;67 jaar;2023;178;321;-143
8564;Mannen;67 jaar;2024;180;323;-143
8565;Mannen;67 jaar;2025;184;339;-155
8566;Mannen;67 jaar;2026;186;355;-169
8567;Mannen;67 jaar;2027;185;377;-192
8568;Mannen;67 jaar;2028;188;374;-186
8569;Mannen;67 jaar;2029;187;391;-204
8570;Mannen;67 jaar;2030;190;400;-210
8571;Mannen;67 jaar;2031;191;418;-227
8572;Mannen;67 jaar;2032;188;419;-231
8573;Mannen;67 jaar;2033;185;414;-229
8574;Mannen;67 jaar;2034;185;404;-219
8575;Mannen;67 jaar;2035;184;420;-236
8576;Mannen;67 jaar;2036;190;433;-243
8577;Mannen;67 jaar;2037;186;433;-247
8578;Mannen;67 jaar;2038;180;420;-240
8579;Mannen;67 jaar;2039;174;411;-237
8580;Mannen;67 jaar;2040;166;397;-231
8581;Mannen;67 jaar;2041;160;395;-235
8582;Mannen;67 jaar;2042;159;385;-226
8583;Mannen;67 jaar;2043;159;386;-227
8584;Mannen;67 jaar;2044;157;391;-234
8585;Mannen;67 jaar;2045;158;398;-240
8586;Mannen;67 jaar;2046;159;402;-243
8587;Mannen;67 jaar;2047;164;412;-248
8588;Mannen;67 jaar;2048;163;411;-248
8589;Mannen;67 jaar;2049;162;413;-251
8590;Mannen;67 jaar;2050;161;416;-255
8591;Mannen;67 jaar;2051;164;425;-261
8592;Mannen;67 jaar;2052;166;429;-263
8593;Mannen;67 jaar;2053;170;434;-264
8594;Mannen;67 jaar;2054;171;436;-265
8595;Mannen;67 jaar;2055;171;440;-269
8596;Mannen;67 jaar;2056;173;445;-272
8597;Mannen;67 jaar;2057;177;454;-277
8598;Mannen;67 jaar;2058;180;456;-276
8599;Mannen;67 jaar;2059;182;458;-276
8600;Mannen;68 jaar;2017;176;236;-60
8601;Mannen;68 jaar;2018;159;240;-81
8602;Mannen;68 jaar;2019;152;229;-77
8603;Mannen;68 jaar;2020;151;243;-92
8604;Mannen;68 jaar;2021;150;246;-96
8605;Mannen;68 jaar;2022;155;257;-102
8606;Mannen;68 jaar;2023;159;269;-110
8607;Mannen;68 jaar;2024;164;289;-125
8608;Mannen;68 jaar;2025;166;289;-123
8609;Mannen;68 jaar;2026;167;301;-134
8610;Mannen;68 jaar;2027;169;314;-145
8611;Mannen;68 jaar;2028;168;335;-167
8612;Mannen;68 jaar;2029;171;330;-159
8613;Mannen;68 jaar;2030;170;347;-177
8614;Mannen;68 jaar;2031;172;355;-183
8615;Mannen;68 jaar;2032;173;370;-197
8616;Mannen;68 jaar;2033;171;370;-199
8617;Mannen;68 jaar;2034;169;366;-197
8618;Mannen;68 jaar;2035;168;357;-189
8619;Mannen;68 jaar;2036;168;371;-203
8620;Mannen;68 jaar;2037;171;383;-212
8621;Mannen;68 jaar;2038;168;383;-215
8622;Mannen;68 jaar;2039;162;370;-208
8623;Mannen;68 jaar;2040;158;363;-205
8624;Mannen;68 jaar;2041;148;349;-201
8625;Mannen;68 jaar;2042;145;348;-203
8626;Mannen;68 jaar;2043;141;339;-198
8627;Mannen;68 jaar;2044;142;339;-197
8628;Mannen;68 jaar;2045;140;343;-203
8629;Mannen;68 jaar;2046;142;349;-207
8630;Mannen;68 jaar;2047;142;353;-211
8631;Mannen;68 jaar;2048;145;362;-217
8632;Mannen;68 jaar;2049;144;360;-216
8633;Mannen;68 jaar;2050;143;362;-219
8634;Mannen;68 jaar;2051;142;365;-223
8635;Mannen;68 jaar;2052;147;373;-226
8636;Mannen;68 jaar;2053;147;377;-230
8637;Mannen;68 jaar;2054;151;381;-230
8638;Mannen;68 jaar;2055;151;383;-232
8639;Mannen;68 jaar;2056;152;385;-233
8640;Mannen;68 jaar;2057;152;389;-237
8641;Mannen;68 jaar;2058;158;397;-239
8642;Mannen;68 jaar;2059;158;398;-240
8643;Mannen;69 jaar;2017;164;213;-49
8644;Mannen;69 jaar;2018;147;210;-63
8645;Mannen;69 jaar;2019;138;215;-77
8646;Mannen;69 jaar;2020;138;207;-69
8647;Mannen;69 jaar;2021;139;220;-81
8648;Mannen;69 jaar;2022;141;224;-83
8649;Mannen;69 jaar;2023;145;232;-87
8650;Mannen;69 jaar;2024;147;241;-94
8651;Mannen;69 jaar;2025;148;257;-109
8652;Mannen;69 jaar;2026;150;256;-106
8653;Mannen;69 jaar;2027;153;267;-114
8654;Mannen;69 jaar;2028;155;279;-124
8655;Mannen;69 jaar;2029;154;296;-142
8656;Mannen;69 jaar;2030;157;293;-136
8657;Mannen;69 jaar;2031;157;306;-149
8658;Mannen;69 jaar;2032;158;314;-156
8659;Mannen;69 jaar;2033;158;326;-168
8660;Mannen;69 jaar;2034;156;326;-170
8661;Mannen;69 jaar;2035;154;323;-169
8662;Mannen;69 jaar;2036;153;314;-161
8663;Mannen;69 jaar;2037;152;327;-175
8664;Mannen;69 jaar;2038;156;338;-182
8665;Mannen;69 jaar;2039;153;338;-185
8666;Mannen;69 jaar;2040;148;326;-178
8667;Mannen;69 jaar;2041;143;319;-176
8668;Mannen;69 jaar;2042;135;307;-172
8669;Mannen;69 jaar;2043;132;305;-173
8670;Mannen;69 jaar;2044;128;297;-169
8671;Mannen;69 jaar;2045;129;296;-167
8672;Mannen;69 jaar;2046;128;300;-172
8673;Mannen;69 jaar;2047;130;305;-175
8674;Mannen;69 jaar;2048;130;308;-178
8675;Mannen;69 jaar;2049;132;316;-184
8676;Mannen;69 jaar;2050;131;315;-184
8677;Mannen;69 jaar;2051;126;317;-191
8678;Mannen;69 jaar;2052;128;318;-190
8679;Mannen;69 jaar;2053;130;326;-196
8680;Mannen;69 jaar;2054;132;329;-197
8681;Mannen;69 jaar;2055;135;333;-198
8682;Mannen;69 jaar;2056;139;334;-195
8683;Mannen;69 jaar;2057;137;336;-199
8684;Mannen;69 jaar;2058;139;340;-201
8685;Mannen;69 jaar;2059;144;346;-202
8686;Mannen;70 jaar;2017;155;189;-34
8687;Mannen;70 jaar;2018;136;186;-50
8688;Mannen;70 jaar;2019;128;184;-56
8689;Mannen;70 jaar;2020;125;189;-64
8690;Mannen;70 jaar;2021;125;183;-58
8691;Mannen;70 jaar;2022;129;194;-65
8692;Mannen;70 jaar;2023;131;197;-66
8693;Mannen;70 jaar;2024;134;203;-69
8694;Mannen;70 jaar;2025;135;209;-74
8695;Mannen;70 jaar;2026;137;222;-85
8696;Mannen;70 jaar;2027;139;221;-82
8697;Mannen;70 jaar;2028;142;230;-88
8698;Mannen;70 jaar;2029;143;241;-98
8699;Mannen;70 jaar;2030;141;256;-115
8700;Mannen;70 jaar;2031;144;252;-108
8701;Mannen;70 jaar;2032;144;265;-121
8702;Mannen;70 jaar;2033;144;270;-126
8703;Mannen;70 jaar;2034;144;281;-137
8704;Mannen;70 jaar;2035;142;282;-140
8705;Mannen;70 jaar;2036;140;278;-138
8706;Mannen;70 jaar;2037;139;272;-133
8707;Mannen;70 jaar;2038;139;283;-144
8708;Mannen;70 jaar;2039;142;292;-150
8709;Mannen;70 jaar;2040;139;291;-152
8710;Mannen;70 jaar;2041;135;282;-147
8711;Mannen;70 jaar;2042;131;276;-145
8712;Mannen;70 jaar;2043;122;266;-144
8713;Mannen;70 jaar;2044;119;264;-145
8714;Mannen;70 jaar;2045;116;256;-140
8715;Mannen;70 jaar;2046;117;256;-139
8716;Mannen;70 jaar;2047;117;259;-142
8717;Mannen;70 jaar;2048;119;263;-144
8718;Mannen;70 jaar;2049;118;266;-148
8719;Mannen;70 jaar;2050;122;272;-150
8720;Mannen;70 jaar;2051;122;271;-149
8721;Mannen;70 jaar;2052;119;273;-154
8722;Mannen;70 jaar;2053;120;275;-155
8723;Mannen;70 jaar;2054;122;282;-160
8724;Mannen;70 jaar;2055;123;284;-161
8725;Mannen;70 jaar;2056;128;287;-159
8726;Mannen;70 jaar;2057;130;289;-159
8727;Mannen;70 jaar;2058;130;291;-161
8728;Mannen;70 jaar;2059;132;294;-162
8729;Mannen;71 jaar;2017;155;175;-20
8730;Mannen;71 jaar;2018;137;172;-35
8731;Mannen;71 jaar;2019;127;170;-43
8732;Mannen;71 jaar;2020;121;170;-49
8733;Mannen;71 jaar;2021;118;174;-56
8734;Mannen;71 jaar;2022;121;169;-48
8735;Mannen;71 jaar;2023;126;179;-53
8736;Mannen;71 jaar;2024;127;181;-54
8737;Mannen;71 jaar;2025;129;186;-57
8738;Mannen;71 jaar;2026;130;190;-60
8739;Mannen;71 jaar;2027;131;202;-71
8740;Mannen;71 jaar;2028;133;202;-69
8741;Mannen;71 jaar;2029;134;211;-77
8742;Mannen;71 jaar;2030;136;221;-85
8743;Mannen;71 jaar;2031;135;236;-101
8744;Mannen;71 jaar;2032;137;233;-96
8745;Mannen;71 jaar;2033;136;244;-108
8746;Mannen;71 jaar;2034;138;251;-113
8747;Mannen;71 jaar;2035;139;261;-122
8748;Mannen;71 jaar;2036;137;262;-125
8749;Mannen;71 jaar;2037;134;259;-125
8750;Mannen;71 jaar;2038;134;254;-120
8751;Mannen;71 jaar;2039;133;264;-131
8752;Mannen;71 jaar;2040;137;274;-137
8753;Mannen;71 jaar;2041;133;273;-140
8754;Mannen;71 jaar;2042;129;265;-136
8755;Mannen;71 jaar;2043;123;260;-137
8756;Mannen;71 jaar;2044;116;250;-134
8757;Mannen;71 jaar;2045;112;248;-136
8758;Mannen;71 jaar;2046;109;241;-132
8759;Mannen;71 jaar;2047;109;240;-131
8760;Mannen;71 jaar;2048;109;244;-135
8761;Mannen;71 jaar;2049;110;247;-137
8762;Mannen;71 jaar;2050;111;250;-139
8763;Mannen;71 jaar;2051;113;255;-142
8764;Mannen;71 jaar;2052;113;254;-141
8765;Mannen;71 jaar;2053;111;256;-145
8766;Mannen;71 jaar;2054;110;258;-148
8767;Mannen;71 jaar;2055;115;264;-149
8768;Mannen;71 jaar;2056;117;267;-150
8769;Mannen;71 jaar;2057;120;269;-149
8770;Mannen;71 jaar;2058;121;271;-150
8771;Mannen;71 jaar;2059;121;274;-153
8772;Mannen;72 jaar;2017;116;130;-14
8773;Mannen;72 jaar;2018;134;156;-22
8774;Mannen;72 jaar;2019;122;154;-32
8775;Mannen;72 jaar;2020;115;154;-39
8776;Mannen;72 jaar;2021;113;154;-41
8777;Mannen;72 jaar;2022;114;159;-45
8778;Mannen;72 jaar;2023;116;153;-37
8779;Mannen;72 jaar;2024;121;162;-41
8780;Mannen;72 jaar;2025;121;163;-42
8781;Mannen;72 jaar;2026;122;167;-45
8782;Mannen;72 jaar;2027;122;170;-48
8783;Mannen;72 jaar;2028;124;182;-58
8784;Mannen;72 jaar;2029;125;182;-57
8785;Mannen;72 jaar;2030;126;190;-64
8786;Mannen;72 jaar;2031;127;200;-73
8787;Mannen;72 jaar;2032;126;214;-88
8788;Mannen;72 jaar;2033;129;212;-83
8789;Mannen;72 jaar;2034;129;222;-93
8790;Mannen;72 jaar;2035;130;228;-98
8791;Mannen;72 jaar;2036;131;239;-108
8792;Mannen;72 jaar;2037;128;239;-111
8793;Mannen;72 jaar;2038;126;238;-112
8794;Mannen;72 jaar;2039;127;231;-104
8795;Mannen;72 jaar;2040;126;241;-115
8796;Mannen;72 jaar;2041;129;250;-121
8797;Mannen;72 jaar;2042;126;251;-125
8798;Mannen;72 jaar;2043;121;243;-122
8799;Mannen;72 jaar;2044;118;239;-121
8800;Mannen;72 jaar;2045;108;229;-121
8801;Mannen;72 jaar;2046;105;228;-123
8802;Mannen;72 jaar;2047;104;221;-117
8803;Mannen;72 jaar;2048;105;220;-115
8804;Mannen;72 jaar;2049;104;224;-120
8805;Mannen;72 jaar;2050;106;227;-121
8806;Mannen;72 jaar;2051;106;229;-123
8807;Mannen;72 jaar;2052;110;233;-123
8808;Mannen;72 jaar;2053;110;233;-123
8809;Mannen;72 jaar;2054;108;234;-126
8810;Mannen;72 jaar;2055;108;236;-128
8811;Mannen;72 jaar;2056;110;242;-132
8812;Mannen;72 jaar;2057;112;243;-131
8813;Mannen;72 jaar;2058;116;246;-130
8814;Mannen;72 jaar;2059;119;247;-128
8815;Mannen;73 jaar;2017;110;113;-3
8816;Mannen;73 jaar;2018;96;115;-19
8817;Mannen;73 jaar;2019;115;139;-24
8818;Mannen;73 jaar;2020;111;140;-29
8819;Mannen;73 jaar;2021;107;140;-33
8820;Mannen;73 jaar;2022;107;140;-33
8821;Mannen;73 jaar;2023;108;144;-36
8822;Mannen;73 jaar;2024;109;139;-30
8823;Mannen;73 jaar;2025;113;145;-32
8824;Mannen;73 jaar;2026;112;146;-34
8825;Mannen;73 jaar;2027;112;150;-38
8826;Mannen;73 jaar;2028;112;154;-42
8827;Mannen;73 jaar;2029;114;164;-50
8828;Mannen;73 jaar;2030;115;163;-48
8829;Mannen;73 jaar;2031;116;172;-56
8830;Mannen;73 jaar;2032;117;179;-62
8831;Mannen;73 jaar;2033;116;193;-77
8832;Mannen;73 jaar;2034;119;192;-73
8833;Mannen;73 jaar;2035;119;201;-82
8834;Mannen;73 jaar;2036;121;206;-85
8835;Mannen;73 jaar;2037;121;215;-94
8836;Mannen;73 jaar;2038;119;216;-97
8837;Mannen;73 jaar;2039;117;215;-98
8838;Mannen;73 jaar;2040;117;210;-93
8839;Mannen;73 jaar;2041;116;220;-104
8840;Mannen;73 jaar;2042;120;228;-108
8841;Mannen;73 jaar;2043;117;227;-110
8842;Mannen;73 jaar;2044;113;222;-109
8843;Mannen;73 jaar;2045;108;217;-109
8844;Mannen;73 jaar;2046;100;209;-109
8845;Mannen;73 jaar;2047;98;209;-111
8846;Mannen;73 jaar;2048;98;202;-104
8847;Mannen;73 jaar;2049;99;201;-102
8848;Mannen;73 jaar;2050;97;205;-108
8849;Mannen;73 jaar;2051;99;207;-108
8850;Mannen;73 jaar;2052;99;209;-110
8851;Mannen;73 jaar;2053;105;213;-108
8852;Mannen;73 jaar;2054;103;213;-110
8853;Mannen;73 jaar;2055;102;214;-112
8854;Mannen;73 jaar;2056;102;216;-114
8855;Mannen;73 jaar;2057;105;221;-116
8856;Mannen;73 jaar;2058;107;224;-117
8857;Mannen;73 jaar;2059;109;226;-117
8858;Mannen;74 jaar;2017;99;94;5
8859;Mannen;74 jaar;2018;94;99;-5
8860;Mannen;74 jaar;2019;84;101;-17
8861;Mannen;74 jaar;2020;106;122;-16
8862;Mannen;74 jaar;2021;105;124;-19
8863;Mannen;74 jaar;2022;101;125;-24
8864;Mannen;74 jaar;2023;100;125;-25
8865;Mannen;74 jaar;2024;101;128;-27
8866;Mannen;74 jaar;2025;102;122;-20
8867;Mannen;74 jaar;2026;105;128;-23
8868;Mannen;74 jaar;2027;105;129;-24
8869;Mannen;74 jaar;2028;106;133;-27
8870;Mannen;74 jaar;2029;106;135;-29
8871;Mannen;74 jaar;2030;107;145;-38
8872;Mannen;74 jaar;2031;108;145;-37
8873;Mannen;74 jaar;2032;109;153;-44
8874;Mannen;74 jaar;2033;110;160;-50
8875;Mannen;74 jaar;2034;110;172;-62
8876;Mannen;74 jaar;2035;112;171;-59
8877;Mannen;74 jaar;2036;113;180;-67
8878;Mannen;74 jaar;2037;114;184;-70
8879;Mannen;74 jaar;2038;114;193;-79
8880;Mannen;74 jaar;2039;113;194;-81
8881;Mannen;74 jaar;2040;111;193;-82
8882;Mannen;74 jaar;2041;110;189;-79
8883;Mannen;74 jaar;2042;110;198;-88
8884;Mannen;74 jaar;2043;114;205;-91
8885;Mannen;74 jaar;2044;111;206;-95
8886;Mannen;74 jaar;2045;108;201;-93
8887;Mannen;74 jaar;2046;102;197;-95
8888;Mannen;74 jaar;2047;96;191;-95
8889;Mannen;74 jaar;2048;94;191;-97
8890;Mannen;74 jaar;2049;93;185;-92
8891;Mannen;74 jaar;2050;93;185;-92
8892;Mannen;74 jaar;2051;93;187;-94
8893;Mannen;74 jaar;2052;94;190;-96
8894;Mannen;74 jaar;2053;95;192;-97
8895;Mannen;74 jaar;2054;100;195;-95
8896;Mannen;74 jaar;2055;100;195;-95
8897;Mannen;74 jaar;2056;100;197;-97
8898;Mannen;74 jaar;2057;99;198;-99
8899;Mannen;74 jaar;2058;100;203;-103
8900;Mannen;74 jaar;2059;102;205;-103
8901;Mannen;75 jaar;2017;86;88;-2
8902;Mannen;75 jaar;2018;84;88;-4
8903;Mannen;75 jaar;2019;81;93;-12
8904;Mannen;75 jaar;2020;77;96;-19
8905;Mannen;75 jaar;2021;99;115;-16
8906;Mannen;75 jaar;2022;97;115;-18
8907;Mannen;75 jaar;2023;96;116;-20
8908;Mannen;75 jaar;2024;95;115;-20
8909;Mannen;75 jaar;2025;96;118;-22
8910;Mannen;75 jaar;2026;96;112;-16
8911;Mannen;75 jaar;2027;99;117;-18
8912;Mannen;75 jaar;2028;98;118;-20
8913;Mannen;75 jaar;2029;99;122;-23
8914;Mannen;75 jaar;2030;99;125;-26
8915;Mannen;75 jaar;2031;100;134;-34
8916;Mannen;75 jaar;2032;101;134;-33
8917;Mannen;75 jaar;2033;102;142;-40
8918;Mannen;75 jaar;2034;103;148;-45
8919;Mannen;75 jaar;2035;102;161;-59
8920;Mannen;75 jaar;2036;105;160;-55
8921;Mannen;75 jaar;2037;105;168;-63
8922;Mannen;75 jaar;2038;106;173;-67
8923;Mannen;75 jaar;2039;108;182;-74
8924;Mannen;75 jaar;2040;106;184;-78
8925;Mannen;75 jaar;2041;103;183;-80
8926;Mannen;75 jaar;2042;104;178;-74
8927;Mannen;75 jaar;2043;103;187;-84
8928;Mannen;75 jaar;2044;108;194;-86
8929;Mannen;75 jaar;2045;104;195;-91
8930;Mannen;75 jaar;2046;100;191;-91
8931;Mannen;75 jaar;2047;96;187;-91
8932;Mannen;75 jaar;2048;89;182;-93
8933;Mannen;75 jaar;2049;89;182;-93
8934;Mannen;75 jaar;2050;88;177;-89
8935;Mannen;75 jaar;2051;88;176;-88
8936;Mannen;75 jaar;2052;86;179;-93
8937;Mannen;75 jaar;2053;89;181;-92
8938;Mannen;75 jaar;2054;90;184;-94
8939;Mannen;75 jaar;2055;94;186;-92
8940;Mannen;75 jaar;2056;93;186;-93
8941;Mannen;75 jaar;2057;93;188;-95
8942;Mannen;75 jaar;2058;92;189;-97
8943;Mannen;75 jaar;2059;95;194;-99
8944;Mannen;76 jaar;2017;77;76;1
8945;Mannen;76 jaar;2018;72;79;-7
8946;Mannen;76 jaar;2019;74;80;-6
8947;Mannen;76 jaar;2020;75;84;-9
8948;Mannen;76 jaar;2021;71;87;-16
8949;Mannen;76 jaar;2022;93;104;-11
8950;Mannen;76 jaar;2023;91;105;-14
8951;Mannen;76 jaar;2024;91;106;-15
8952;Mannen;76 jaar;2025;89;104;-15
8953;Mannen;76 jaar;2026;88;107;-19
8954;Mannen;76 jaar;2027;88;102;-14
8955;Mannen;76 jaar;2028;91;107;-16
8956;Mannen;76 jaar;2029;90;108;-18
8957;Mannen;76 jaar;2030;91;111;-20
8958;Mannen;76 jaar;2031;91;115;-24
8959;Mannen;76 jaar;2032;93;123;-30
8960;Mannen;76 jaar;2033;93;124;-31
8961;Mannen;76 jaar;2034;94;131;-37
8962;Mannen;76 jaar;2035;96;137;-41
8963;Mannen;76 jaar;2036;94;149;-55
8964;Mannen;76 jaar;2037;97;149;-52
8965;Mannen;76 jaar;2038;97;157;-60
8966;Mannen;76 jaar;2039;99;161;-62
8967;Mannen;76 jaar;2040;99;170;-71
8968;Mannen;76 jaar;2041;98;172;-74
8969;Mannen;76 jaar;2042;96;171;-75
8970;Mannen;76 jaar;2043;96;167;-71
8971;Mannen;76 jaar;2044;96;176;-80
8972;Mannen;76 jaar;2045;100;183;-83
8973;Mannen;76 jaar;2046;96;184;-88
8974;Mannen;76 jaar;2047;94;180;-86
8975;Mannen;76 jaar;2048;89;177;-88
8976;Mannen;76 jaar;2049;84;172;-88
8977;Mannen;76 jaar;2050;82;172;-90
8978;Mannen;76 jaar;2051;82;167;-85
8979;Mannen;76 jaar;2052;82;167;-85
8980;Mannen;76 jaar;2053;81;170;-89
8981;Mannen;76 jaar;2054;83;172;-89
8982;Mannen;76 jaar;2055;84;174;-90
8983;Mannen;76 jaar;2056;89;177;-88
8984;Mannen;76 jaar;2057;88;176;-88
8985;Mannen;76 jaar;2058;88;178;-90
8986;Mannen;76 jaar;2059;87;179;-92
8987;Mannen;77 jaar;2017;68;73;-5
8988;Mannen;77 jaar;2018;62;66;-4
8989;Mannen;77 jaar;2019;61;69;-8
8990;Mannen;77 jaar;2020;65;69;-4
8991;Mannen;77 jaar;2021;67;74;-7
8992;Mannen;77 jaar;2022;66;77;-11
8993;Mannen;77 jaar;2023;87;91;-4
8994;Mannen;77 jaar;2024;86;91;-5
8995;Mannen;77 jaar;2025;83;91;-8
8996;Mannen;77 jaar;2026;82;90;-8
8997;Mannen;77 jaar;2027;81;93;-12
8998;Mannen;77 jaar;2028;82;88;-6
8999;Mannen;77 jaar;2029;84;93;-9
9000;Mannen;77 jaar;2030;85;95;-10
9001;Mannen;77 jaar;2031;85;98;-13
9002;Mannen;77 jaar;2032;85;102;-17
9003;Mannen;77 jaar;2033;84;110;-26
9004;Mannen;77 jaar;2034;85;110;-25
9005;Mannen;77 jaar;2035;86;117;-31
9006;Mannen;77 jaar;2036;88;124;-36
9007;Mannen;77 jaar;2037;87;135;-48
9008;Mannen;77 jaar;2038;90;134;-44
9009;Mannen;77 jaar;2039;90;143;-53
9010;Mannen;77 jaar;2040;91;147;-56
9011;Mannen;77 jaar;2041;92;156;-64
9012;Mannen;77 jaar;2042;90;157;-67
9013;Mannen;77 jaar;2043;88;157;-69
9014;Mannen;77 jaar;2044;88;153;-65
9015;Mannen;77 jaar;2045;87;163;-76
9016;Mannen;77 jaar;2046;92;168;-76
9017;Mannen;77 jaar;2047;89;171;-82
9018;Mannen;77 jaar;2048;87;166;-79
9019;Mannen;77 jaar;2049;82;164;-82
9020;Mannen;77 jaar;2050;78;160;-82
9021;Mannen;77 jaar;2051;78;160;-82
9022;Mannen;77 jaar;2052;76;155;-79
9023;Mannen;77 jaar;2053;76;155;-79
9024;Mannen;77 jaar;2054;76;158;-82
9025;Mannen;77 jaar;2055;77;160;-83
9026;Mannen;77 jaar;2056;81;161;-80
9027;Mannen;77 jaar;2057;85;163;-78
9028;Mannen;77 jaar;2058;85;163;-78
9029;Mannen;77 jaar;2059;83;164;-81
9030;Mannen;78 jaar;2017;58;60;-2
9031;Mannen;78 jaar;2018;56;70;-14
9032;Mannen;78 jaar;2019;53;63;-10
9033;Mannen;78 jaar;2020;53;66;-13
9034;Mannen;78 jaar;2021;57;66;-9
9035;Mannen;78 jaar;2022;60;70;-10
9036;Mannen;78 jaar;2023;59;74;-15
9037;Mannen;78 jaar;2024;80;85;-5
9038;Mannen;78 jaar;2025;78;86;-8
9039;Mannen;78 jaar;2026;74;86;-12
9040;Mannen;78 jaar;2027;71;85;-14
9041;Mannen;78 jaar;2028;72;89;-17
9042;Mannen;78 jaar;2029;72;84;-12
9043;Mannen;78 jaar;2030;74;89;-15
9044;Mannen;78 jaar;2031;73;91;-18
9045;Mannen;78 jaar;2032;73;94;-21
9046;Mannen;78 jaar;2033;75;98;-23
9047;Mannen;78 jaar;2034;76;106;-30
9048;Mannen;78 jaar;2035;76;106;-30
9049;Mannen;78 jaar;2036;77;113;-36
9050;Mannen;78 jaar;2037;78;120;-42
9051;Mannen;78 jaar;2038;78;132;-54
9052;Mannen;78 jaar;2039;80;131;-51
9053;Mannen;78 jaar;2040;80;140;-60
9054;Mannen;78 jaar;2041;80;145;-65
9055;Mannen;78 jaar;2042;82;153;-71
9056;Mannen;78 jaar;2043;80;155;-75
9057;Mannen;78 jaar;2044;79;155;-76
9058;Mannen;78 jaar;2045;78;150;-72
9059;Mannen;78 jaar;2046;78;161;-83
9060;Mannen;78 jaar;2047;83;166;-83
9061;Mannen;78 jaar;2048;80;169;-89
9062;Mannen;78 jaar;2049;78;165;-87
9063;Mannen;78 jaar;2050;74;163;-89
9064;Mannen;78 jaar;2051;70;158;-88
9065;Mannen;78 jaar;2052;70;159;-89
9066;Mannen;78 jaar;2053;69;154;-85
9067;Mannen;78 jaar;2054;69;153;-84
9068;Mannen;78 jaar;2055;70;157;-87
9069;Mannen;78 jaar;2056;70;158;-88
9070;Mannen;78 jaar;2057;74;160;-86
9071;Mannen;78 jaar;2058;78;161;-83
9072;Mannen;78 jaar;2059;78;161;-83
9073;Mannen;79 jaar;2017;53;52;1
9074;Mannen;79 jaar;2018;51;53;-2
9075;Mannen;79 jaar;2019;49;63;-14
9076;Mannen;79 jaar;2020;48;56;-8
9077;Mannen;79 jaar;2021;50;59;-9
9078;Mannen;79 jaar;2022;55;59;-4
9079;Mannen;79 jaar;2023;58;63;-5
9080;Mannen;79 jaar;2024;57;66;-9
9081;Mannen;79 jaar;2025;75;76;-1
9082;Mannen;79 jaar;2026;73;76;-3
9083;Mannen;79 jaar;2027;69;77;-8
9084;Mannen;79 jaar;2028;67;76;-9
9085;Mannen;79 jaar;2029;66;80;-14
9086;Mannen;79 jaar;2030;67;76;-9
9087;Mannen;79 jaar;2031;69;81;-12
9088;Mannen;79 jaar;2032;67;82;-15
9089;Mannen;79 jaar;2033;68;86;-18
9090;Mannen;79 jaar;2034;68;89;-21
9091;Mannen;79 jaar;2035;69;98;-29
9092;Mannen;79 jaar;2036;70;99;-29
9093;Mannen;79 jaar;2037;72;106;-34
9094;Mannen;79 jaar;2038;73;112;-39
9095;Mannen;79 jaar;2039;73;125;-52
9096;Mannen;79 jaar;2040;75;123;-48
9097;Mannen;79 jaar;2041;74;132;-58
9098;Mannen;79 jaar;2042;75;136;-61
9099;Mannen;79 jaar;2043;76;146;-70
9100;Mannen;79 jaar;2044;75;148;-73
9101;Mannen;79 jaar;2045;72;148;-76
9102;Mannen;79 jaar;2046;73;144;-71
9103;Mannen;79 jaar;2047;72;154;-82
9104;Mannen;79 jaar;2048;75;159;-84
9105;Mannen;79 jaar;2049;73;163;-90
9106;Mannen;79 jaar;2050;71;159;-88
9107;Mannen;79 jaar;2051;68;157;-89
9108;Mannen;79 jaar;2052;65;153;-88
9109;Mannen;79 jaar;2053;63;153;-90
9110;Mannen;79 jaar;2054;61;149;-88
9111;Mannen;79 jaar;2055;62;148;-86
9112;Mannen;79 jaar;2056;62;152;-90
9113;Mannen;79 jaar;2057;63;153;-90
9114;Mannen;79 jaar;2058;63;155;-92
9115;Mannen;79 jaar;2059;65;156;-91
9116;Mannen;80 jaar;2017;44;40;4
9117;Mannen;80 jaar;2018;42;45;-3
9118;Mannen;80 jaar;2019;40;46;-6
9119;Mannen;80 jaar;2020;41;55;-14
9120;Mannen;80 jaar;2021;41;49;-8
9121;Mannen;80 jaar;2022;44;52;-8
9122;Mannen;80 jaar;2023;48;52;-4
9123;Mannen;80 jaar;2024;51;54;-3
9124;Mannen;80 jaar;2025;49;57;-8
9125;Mannen;80 jaar;2026;66;65;1
9126;Mannen;80 jaar;2027;63;66;-3
9127;Mannen;80 jaar;2028;61;66;-5
9128;Mannen;80 jaar;2029;59;65;-6
9129;Mannen;80 jaar;2030;58;69;-11
9130;Mannen;80 jaar;2031;58;66;-8
9131;Mannen;80 jaar;2032;60;70;-10
9132;Mannen;80 jaar;2033;59;71;-12
9133;Mannen;80 jaar;2034;60;74;-14
9134;Mannen;80 jaar;2035;60;77;-17
9135;Mannen;80 jaar;2036;62;84;-22
9136;Mannen;80 jaar;2037;62;85;-23
9137;Mannen;80 jaar;2038;64;92;-28
9138;Mannen;80 jaar;2039;65;97;-32
9139;Mannen;80 jaar;2040;65;108;-43
9140;Mannen;80 jaar;2041;66;106;-40
9141;Mannen;80 jaar;2042;66;114;-48
9142;Mannen;80 jaar;2043;67;119;-52
9143;Mannen;80 jaar;2044;68;127;-59
9144;Mannen;80 jaar;2045;65;129;-64
9145;Mannen;80 jaar;2046;64;129;-65
9146;Mannen;80 jaar;2047;65;126;-61
9147;Mannen;80 jaar;2048;65;134;-69
9148;Mannen;80 jaar;2049;67;139;-72
9149;Mannen;80 jaar;2050;66;142;-76
9150;Mannen;80 jaar;2051;63;139;-76
9151;Mannen;80 jaar;2052;62;137;-75
9152;Mannen;80 jaar;2053;58;135;-77
9153;Mannen;80 jaar;2054;56;135;-79
9154;Mannen;80 jaar;2055;54;131;-77
9155;Mannen;80 jaar;2056;54;129;-75
9156;Mannen;80 jaar;2057;54;133;-79
9157;Mannen;80 jaar;2058;56;134;-78
9158;Mannen;80 jaar;2059;56;136;-80
9159;Mannen;81 jaar;2017;39;31;8
9160;Mannen;81 jaar;2018;36;34;2
9161;Mannen;81 jaar;2019;36;38;-2
9162;Mannen;81 jaar;2020;35;39;-4
9163;Mannen;81 jaar;2021;36;46;-10
9164;Mannen;81 jaar;2022;37;42;-5
9165;Mannen;81 jaar;2023;39;44;-5
9166;Mannen;81 jaar;2024;44;44;0
9167;Mannen;81 jaar;2025;46;46;0
9168;Mannen;81 jaar;2026;44;48;-4
9169;Mannen;81 jaar;2027;59;55;4
9170;Mannen;81 jaar;2028;57;56;1
9171;Mannen;81 jaar;2029;55;56;-1
9172;Mannen;81 jaar;2030;52;55;-3
9173;Mannen;81 jaar;2031;51;58;-7
9174;Mannen;81 jaar;2032;52;55;-3
9175;Mannen;81 jaar;2033;53;58;-5
9176;Mannen;81 jaar;2034;53;60;-7
9177;Mannen;81 jaar;2035;53;62;-9
9178;Mannen;81 jaar;2036;55;65;-10
9179;Mannen;81 jaar;2037;55;71;-16
9180;Mannen;81 jaar;2038;56;71;-15
9181;Mannen;81 jaar;2039;57;76;-19
9182;Mannen;81 jaar;2040;58;81;-23
9183;Mannen;81 jaar;2041;57;89;-32
9184;Mannen;81 jaar;2042;59;90;-31
9185;Mannen;81 jaar;2043;59;96;-37
9186;Mannen;81 jaar;2044;61;99;-38
9187;Mannen;81 jaar;2045;60;106;-46
9188;Mannen;81 jaar;2046;60;107;-47
9189;Mannen;81 jaar;2047;59;109;-50
9190;Mannen;81 jaar;2048;59;105;-46
9191;Mannen;81 jaar;2049;59;112;-53
9192;Mannen;81 jaar;2050;61;117;-56
9193;Mannen;81 jaar;2051;60;120;-60
9194;Mannen;81 jaar;2052;58;118;-60
9195;Mannen;81 jaar;2053;55;116;-61
9196;Mannen;81 jaar;2054;51;114;-63
9197;Mannen;81 jaar;2055;51;113;-62
9198;Mannen;81 jaar;2056;49;110;-61
9199;Mannen;81 jaar;2057;49;109;-60
9200;Mannen;81 jaar;2058;48;112;-64
9201;Mannen;81 jaar;2059;48;112;-64
9202;Mannen;82 jaar;2017;33;24;9
9203;Mannen;82 jaar;2018;32;27;5
9204;Mannen;82 jaar;2019;30;30;0
9205;Mannen;82 jaar;2020;32;34;-2
9206;Mannen;82 jaar;2021;32;34;-2
9207;Mannen;82 jaar;2022;34;41;-7
9208;Mannen;82 jaar;2023;35;37;-2
9209;Mannen;82 jaar;2024;37;39;-2
9210;Mannen;82 jaar;2025;40;39;1
9211;Mannen;82 jaar;2026;42;41;1
9212;Mannen;82 jaar;2027;40;42;-2
9213;Mannen;82 jaar;2028;54;48;6
9214;Mannen;82 jaar;2029;52;48;4
9215;Mannen;82 jaar;2030;49;48;1
9216;Mannen;82 jaar;2031;48;47;1
9217;Mannen;82 jaar;2032;47;49;-2
9218;Mannen;82 jaar;2033;47;46;1
9219;Mannen;82 jaar;2034;48;50;-2
9220;Mannen;82 jaar;2035;48;50;-2
9221;Mannen;82 jaar;2036;49;52;-3
9222;Mannen;82 jaar;2037;49;56;-7
9223;Mannen;82 jaar;2038;51;60;-9
9224;Mannen;82 jaar;2039;51;61;-10
9225;Mannen;82 jaar;2040;52;66;-14
9226;Mannen;82 jaar;2041;53;70;-17
9227;Mannen;82 jaar;2042;52;78;-26
9228;Mannen;82 jaar;2043;54;78;-24
9229;Mannen;82 jaar;2044;54;84;-30
9230;Mannen;82 jaar;2045;55;88;-33
9231;Mannen;82 jaar;2046;56;95;-39
9232;Mannen;82 jaar;2047;55;96;-41
9233;Mannen;82 jaar;2048;54;97;-43
9234;Mannen;82 jaar;2049;55;94;-39
9235;Mannen;82 jaar;2050;54;102;-48
9236;Mannen;82 jaar;2051;57;106;-49
9237;Mannen;82 jaar;2052;56;109;-53
9238;Mannen;82 jaar;2053;54;108;-54
9239;Mannen;82 jaar;2054;51;106;-55
9240;Mannen;82 jaar;2055;47;104;-57
9241;Mannen;82 jaar;2056;47;104;-57
9242;Mannen;82 jaar;2057;45;100;-55
9243;Mannen;82 jaar;2058;46;99;-53
9244;Mannen;82 jaar;2059;44;102;-58
9245;Mannen;83 jaar;2017;28;18;10
9246;Mannen;83 jaar;2018;27;19;8
9247;Mannen;83 jaar;2019;25;23;2
9248;Mannen;83 jaar;2020;26;24;2
9249;Mannen;83 jaar;2021;27;28;-1
9250;Mannen;83 jaar;2022;28;28;0
9251;Mannen;83 jaar;2023;29;34;-5
9252;Mannen;83 jaar;2024;30;30;0
9253;Mannen;83 jaar;2025;31;32;-1
9254;Mannen;83 jaar;2026;34;32;2
9255;Mannen;83 jaar;2027;36;34;2
9256;Mannen;83 jaar;2028;34;34;0
9257;Mannen;83 jaar;2029;46;39;7
9258;Mannen;83 jaar;2030;44;39;5
9259;Mannen;83 jaar;2031;43;40;3
9260;Mannen;83 jaar;2032;41;38;3
9261;Mannen;83 jaar;2033;41;41;0
9262;Mannen;83 jaar;2034;41;39;2
9263;Mannen;83 jaar;2035;42;41;1
9264;Mannen;83 jaar;2036;42;42;0
9265;Mannen;83 jaar;2037;41;44;-3
9266;Mannen;83 jaar;2038;42;46;-4
9267;Mannen;83 jaar;2039;43;50;-7
9268;Mannen;83 jaar;2040;43;51;-8
9269;Mannen;83 jaar;2041;45;54;-9
9270;Mannen;83 jaar;2042;46;58;-12
9271;Mannen;83 jaar;2043;46;65;-19
9272;Mannen;83 jaar;2044;47;66;-19
9273;Mannen;83 jaar;2045;47;70;-23
9274;Mannen;83 jaar;2046;48;74;-26
9275;Mannen;83 jaar;2047;50;80;-30
9276;Mannen;83 jaar;2048;49;81;-32
9277;Mannen;83 jaar;2049;49;83;-34
9278;Mannen;83 jaar;2050;49;80;-31
9279;Mannen;83 jaar;2051;49;86;-37
9280;Mannen;83 jaar;2052;51;91;-40
9281;Mannen;83 jaar;2053;50;93;-43
9282;Mannen;83 jaar;2054;47;92;-45
9283;Mannen;83 jaar;2055;45;90;-45
9284;Mannen;83 jaar;2056;42;89;-47
9285;Mannen;83 jaar;2057;40;90;-50
9286;Mannen;83 jaar;2058;39;86;-47
9287;Mannen;83 jaar;2059;39;85;-46
9288;Mannen;84 jaar;2017;22;15;7
9289;Mannen;84 jaar;2018;20;17;3
9290;Mannen;84 jaar;2019;19;18;1
9291;Mannen;84 jaar;2020;19;21;-2
9292;Mannen;84 jaar;2021;20;23;-3
9293;Mannen;84 jaar;2022;22;26;-4
9294;Mannen;84 jaar;2023;23;27;-4
9295;Mannen;84 jaar;2024;24;32;-8
9296;Mannen;84 jaar;2025;24;28;-4
9297;Mannen;84 jaar;2026;26;31;-5
9298;Mannen;84 jaar;2027;29;30;-1
9299;Mannen;84 jaar;2028;31;32;-1
9300;Mannen;84 jaar;2029;29;33;-4
9301;Mannen;84 jaar;2030;40;38;2
9302;Mannen;84 jaar;2031;39;38;1
9303;Mannen;84 jaar;2032;37;38;-1
9304;Mannen;84 jaar;2033;36;37;-1
9305;Mannen;84 jaar;2034;35;40;-5
9306;Mannen;84 jaar;2035;35;38;-3
9307;Mannen;84 jaar;2036;36;41;-5
9308;Mannen;84 jaar;2037;35;41;-6
9309;Mannen;84 jaar;2038;36;43;-7
9310;Mannen;84 jaar;2039;36;46;-10
9311;Mannen;84 jaar;2040;37;50;-13
9312;Mannen;84 jaar;2041;38;51;-13
9313;Mannen;84 jaar;2042;39;54;-15
9314;Mannen;84 jaar;2043;39;58;-19
9315;Mannen;84 jaar;2044;39;64;-25
9316;Mannen;84 jaar;2045;42;66;-24
9317;Mannen;84 jaar;2046;42;70;-28
9318;Mannen;84 jaar;2047;43;74;-31
9319;Mannen;84 jaar;2048;43;80;-37
9320;Mannen;84 jaar;2049;43;81;-38
9321;Mannen;84 jaar;2050;42;83;-41
9322;Mannen;84 jaar;2051;43;81;-38
9323;Mannen;84 jaar;2052;43;87;-44
9324;Mannen;84 jaar;2053;45;90;-45
9325;Mannen;84 jaar;2054;43;93;-50
9326;Mannen;84 jaar;2055;42;93;-51
9327;Mannen;84 jaar;2056;40;91;-51
9328;Mannen;84 jaar;2057;37;90;-53
9329;Mannen;84 jaar;2058;35;91;-56
9330;Mannen;84 jaar;2059;33;87;-54
9331;Mannen;85 jaar;2017;20;14;6
9332;Mannen;85 jaar;2018;18;15;3
9333;Mannen;85 jaar;2019;17;16;1
9334;Mannen;85 jaar;2020;17;18;-1
9335;Mannen;85 jaar;2021;18;21;-3
9336;Mannen;85 jaar;2022;19;22;-3
9337;Mannen;85 jaar;2023;20;26;-6
9338;Mannen;85 jaar;2024;21;26;-5
9339;Mannen;85 jaar;2025;22;30;-8
9340;Mannen;85 jaar;2026;22;27;-5
9341;Mannen;85 jaar;2027;23;29;-6
9342;Mannen;85 jaar;2028;26;30;-4
9343;Mannen;85 jaar;2029;27;31;-4
9344;Mannen;85 jaar;2030;26;32;-6
9345;Mannen;85 jaar;2031;36;37;-1
9346;Mannen;85 jaar;2032;35;37;-2
9347;Mannen;85 jaar;2033;33;38;-5
9348;Mannen;85 jaar;2034;32;37;-5
9349;Mannen;85 jaar;2035;31;39;-8
9350;Mannen;85 jaar;2036;31;38;-7
9351;Mannen;85 jaar;2037;32;40;-8
9352;Mannen;85 jaar;2038;32;41;-9
9353;Mannen;85 jaar;2039;33;44;-11
9354;Mannen;85 jaar;2040;33;46;-13
9355;Mannen;85 jaar;2041;34;51;-17
9356;Mannen;85 jaar;2042;35;51;-16
9357;Mannen;85 jaar;2043;35;55;-20
9358;Mannen;85 jaar;2044;36;59;-23
9359;Mannen;85 jaar;2045;36;66;-30
9360;Mannen;85 jaar;2046;37;67;-30
9361;Mannen;85 jaar;2047;38;71;-33
9362;Mannen;85 jaar;2048;39;75;-36
9363;Mannen;85 jaar;2049;39;81;-42
9364;Mannen;85 jaar;2050;39;83;-44
9365;Mannen;85 jaar;2051;38;84;-46
9366;Mannen;85 jaar;2052;38;83;-45
9367;Mannen;85 jaar;2053;38;89;-51
9368;Mannen;85 jaar;2054;41;93;-52
9369;Mannen;85 jaar;2055;39;96;-57
9370;Mannen;85 jaar;2056;38;96;-58
9371;Mannen;85 jaar;2057;36;94;-58
9372;Mannen;85 jaar;2058;34;93;-59
9373;Mannen;85 jaar;2059;32;94;-62
9374;Mannen;86 jaar;2017;15;10;5
9375;Mannen;86 jaar;2018;15;11;4
9376;Mannen;86 jaar;2019;15;12;3
9377;Mannen;86 jaar;2020;15;14;1
9378;Mannen;86 jaar;2021;15;15;0
9379;Mannen;86 jaar;2022;16;17;-1
9380;Mannen;86 jaar;2023;17;18;-1
9381;Mannen;86 jaar;2024;18;21;-3
9382;Mannen;86 jaar;2025;19;21;-2
9383;Mannen;86 jaar;2026;19;25;-6
9384;Mannen;86 jaar;2027;20;22;-2
9385;Mannen;86 jaar;2028;21;24;-3
9386;Mannen;86 jaar;2029;23;25;-2
9387;Mannen;86 jaar;2030;24;26;-2
9388;Mannen;86 jaar;2031;23;27;-4
9389;Mannen;86 jaar;2032;31;31;0
9390;Mannen;86 jaar;2033;30;31;-1
9391;Mannen;86 jaar;2034;29;32;-3
9392;Mannen;86 jaar;2035;28;31;-3
9393;Mannen;86 jaar;2036;28;34;-6
9394;Mannen;86 jaar;2037;28;33;-5
9395;Mannen;86 jaar;2038;29;35;-6
9396;Mannen;86 jaar;2039;29;36;-7
9397;Mannen;86 jaar;2040;29;38;-9
9398;Mannen;86 jaar;2041;29;40;-11
9399;Mannen;86 jaar;2042;30;44;-14
9400;Mannen;86 jaar;2043;31;45;-14
9401;Mannen;86 jaar;2044;31;48;-17
9402;Mannen;86 jaar;2045;32;52;-20
9403;Mannen;86 jaar;2046;32;58;-26
9404;Mannen;86 jaar;2047;33;58;-25
9405;Mannen;86 jaar;2048;34;62;-28
9406;Mannen;86 jaar;2049;35;66;-31
9407;Mannen;86 jaar;2050;35;71;-36
9408;Mannen;86 jaar;2051;35;72;-37
9409;Mannen;86 jaar;2052;34;74;-40
9410;Mannen;86 jaar;2053;34;73;-39
9411;Mannen;86 jaar;2054;35;78;-43
9412;Mannen;86 jaar;2055;36;82;-46
9413;Mannen;86 jaar;2056;36;84;-48
9414;Mannen;86 jaar;2057;34;84;-50
9415;Mannen;86 jaar;2058;33;83;-50
9416;Mannen;86 jaar;2059;30;82;-52
9417;Mannen;87 jaar;2017;12;9;3
9418;Mannen;87 jaar;2018;13;8;5
9419;Mannen;87 jaar;2019;12;10;2
9420;Mannen;87 jaar;2020;11;11;0
9421;Mannen;87 jaar;2021;11;12;-1
9422;Mannen;87 jaar;2022;12;13;-1
9423;Mannen;87 jaar;2023;14;15;-1
9424;Mannen;87 jaar;2024;14;16;-2
9425;Mannen;87 jaar;2025;16;18;-2
9426;Mannen;87 jaar;2026;17;18;-1
9427;Mannen;87 jaar;2027;17;21;-4
9428;Mannen;87 jaar;2028;17;20;-3
9429;Mannen;87 jaar;2029;18;21;-3
9430;Mannen;87 jaar;2030;20;21;-1
9431;Mannen;87 jaar;2031;21;23;-2
9432;Mannen;87 jaar;2032;20;24;-4
9433;Mannen;87 jaar;2033;27;27;0
9434;Mannen;87 jaar;2034;27;27;0
9435;Mannen;87 jaar;2035;25;28;-3
9436;Mannen;87 jaar;2036;25;27;-2
9437;Mannen;87 jaar;2037;25;30;-5
9438;Mannen;87 jaar;2038;25;30;-5
9439;Mannen;87 jaar;2039;26;31;-5
9440;Mannen;87 jaar;2040;26;32;-6
9441;Mannen;87 jaar;2041;26;34;-8
9442;Mannen;87 jaar;2042;26;36;-10
9443;Mannen;87 jaar;2043;26;40;-14
9444;Mannen;87 jaar;2044;27;41;-14
9445;Mannen;87 jaar;2045;28;44;-16
9446;Mannen;87 jaar;2046;28;47;-19
9447;Mannen;87 jaar;2047;28;53;-25
9448;Mannen;87 jaar;2048;30;53;-23
9449;Mannen;87 jaar;2049;30;57;-27
9450;Mannen;87 jaar;2050;31;61;-30
9451;Mannen;87 jaar;2051;32;65;-33
9452;Mannen;87 jaar;2052;31;67;-36
9453;Mannen;87 jaar;2053;31;68;-37
9454;Mannen;87 jaar;2054;31;67;-36
9455;Mannen;87 jaar;2055;31;73;-42
9456;Mannen;87 jaar;2056;33;76;-43
9457;Mannen;87 jaar;2057;32;79;-47
9458;Mannen;87 jaar;2058;31;79;-48
9459;Mannen;87 jaar;2059;30;78;-48
9460;Mannen;88 jaar;2017;5;7;-2
9461;Mannen;88 jaar;2018;5;8;-3
9462;Mannen;88 jaar;2019;5;8;-3
9463;Mannen;88 jaar;2020;5;9;-4
9464;Mannen;88 jaar;2021;5;10;-5
9465;Mannen;88 jaar;2022;5;11;-6
9466;Mannen;88 jaar;2023;5;11;-6
9467;Mannen;88 jaar;2024;6;13;-7
9468;Mannen;88 jaar;2025;6;14;-8
9469;Mannen;88 jaar;2026;7;16;-9
9470;Mannen;88 jaar;2027;7;16;-9
9471;Mannen;88 jaar;2028;7;18;-11
9472;Mannen;88 jaar;2029;7;17;-10
9473;Mannen;88 jaar;2030;7;18;-11
9474;Mannen;88 jaar;2031;8;19;-11
9475;Mannen;88 jaar;2032;9;20;-11
9476;Mannen;88 jaar;2033;8;21;-13
9477;Mannen;88 jaar;2034;11;24;-13
9478;Mannen;88 jaar;2035;11;24;-13
9479;Mannen;88 jaar;2036;11;25;-14
9480;Mannen;88 jaar;2037;10;24;-14
9481;Mannen;88 jaar;2038;10;27;-17
9482;Mannen;88 jaar;2039;10;27;-17
9483;Mannen;88 jaar;2040;11;28;-17
9484;Mannen;88 jaar;2041;11;29;-18
9485;Mannen;88 jaar;2042;11;31;-20
9486;Mannen;88 jaar;2043;11;33;-22
9487;Mannen;88 jaar;2044;11;36;-25
9488;Mannen;88 jaar;2045;12;37;-25
9489;Mannen;88 jaar;2046;12;40;-28
9490;Mannen;88 jaar;2047;12;43;-31
9491;Mannen;88 jaar;2048;12;48;-36
9492;Mannen;88 jaar;2049;13;49;-36
9493;Mannen;88 jaar;2050;13;52;-39
9494;Mannen;88 jaar;2051;13;55;-42
9495;Mannen;88 jaar;2052;14;60;-46
9496;Mannen;88 jaar;2053;13;62;-49
9497;Mannen;88 jaar;2054;13;63;-50
9498;Mannen;88 jaar;2055;13;61;-48
9499;Mannen;88 jaar;2056;14;67;-53
9500;Mannen;88 jaar;2057;14;70;-56
9501;Mannen;88 jaar;2058;14;72;-58
9502;Mannen;88 jaar;2059;13;72;-59
9503;Mannen;89 jaar;2017;3;5;-2
9504;Mannen;89 jaar;2018;3;5;-2
9505;Mannen;89 jaar;2019;3;6;-3
9506;Mannen;89 jaar;2020;3;6;-3
9507;Mannen;89 jaar;2021;3;7;-4
9508;Mannen;89 jaar;2022;3;8;-5
9509;Mannen;89 jaar;2023;3;9;-6
9510;Mannen;89 jaar;2024;3;10;-7
9511;Mannen;89 jaar;2025;3;11;-8
9512;Mannen;89 jaar;2026;3;12;-9
9513;Mannen;89 jaar;2027;3;13;-10
9514;Mannen;89 jaar;2028;3;14;-11
9515;Mannen;89 jaar;2029;3;15;-12
9516;Mannen;89 jaar;2030;4;15;-11
9517;Mannen;89 jaar;2031;4;15;-11
9518;Mannen;89 jaar;2032;4;16;-12
9519;Mannen;89 jaar;2033;4;17;-13
9520;Mannen;89 jaar;2034;4;18;-14
9521;Mannen;89 jaar;2035;5;21;-16
9522;Mannen;89 jaar;2036;5;21;-16
9523;Mannen;89 jaar;2037;5;21;-16
9524;Mannen;89 jaar;2038;5;21;-16
9525;Mannen;89 jaar;2039;5;24;-19
9526;Mannen;89 jaar;2040;5;23;-18
9527;Mannen;89 jaar;2041;5;25;-20
9528;Mannen;89 jaar;2042;5;25;-20
9529;Mannen;89 jaar;2043;5;28;-23
9530;Mannen;89 jaar;2044;5;29;-24
9531;Mannen;89 jaar;2045;6;32;-26
9532;Mannen;89 jaar;2046;6;33;-27
9533;Mannen;89 jaar;2047;6;36;-30
9534;Mannen;89 jaar;2048;6;38;-32
9535;Mannen;89 jaar;2049;6;44;-38
9536;Mannen;89 jaar;2050;6;44;-38
9537;Mannen;89 jaar;2051;6;47;-41
9538;Mannen;89 jaar;2052;7;50;-43
9539;Mannen;89 jaar;2053;7;55;-48
9540;Mannen;89 jaar;2054;7;57;-50
9541;Mannen;89 jaar;2055;7;57;-50
9542;Mannen;89 jaar;2056;7;56;-49
9543;Mannen;89 jaar;2057;7;61;-54
9544;Mannen;89 jaar;2058;7;64;-57
9545;Mannen;89 jaar;2059;7;66;-59
9546;Mannen;90 jaar;2017;2;4;-2
9547;Mannen;90 jaar;2018;2;5;-3
9548;Mannen;90 jaar;2019;2;5;-3
9549;Mannen;90 jaar;2020;2;6;-4
9550;Mannen;90 jaar;2021;2;6;-4
9551;Mannen;90 jaar;2022;2;7;-5
9552;Mannen;90 jaar;2023;2;7;-5
9553;Mannen;90 jaar;2024;2;8;-6
9554;Mannen;90 jaar;2025;2;8;-6
9555;Mannen;90 jaar;2026;2;9;-7
9556;Mannen;90 jaar;2027;2;10;-8
9557;Mannen;90 jaar;2028;2;11;-9
9558;Mannen;90 jaar;2029;2;11;-9
9559;Mannen;90 jaar;2030;2;12;-10
9560;Mannen;90 jaar;2031;2;12;-10
9561;Mannen;90 jaar;2032;2;13;-11
9562;Mannen;90 jaar;2033;2;14;-12
9563;Mannen;90 jaar;2034;2;15;-13
9564;Mannen;90 jaar;2035;2;15;-13
9565;Mannen;90 jaar;2036;3;18;-15
9566;Mannen;90 jaar;2037;3;19;-16
9567;Mannen;90 jaar;2038;3;19;-16
9568;Mannen;90 jaar;2039;3;19;-16
9569;Mannen;90 jaar;2040;3;21;-18
9570;Mannen;90 jaar;2041;3;21;-18
9571;Mannen;90 jaar;2042;3;22;-19
9572;Mannen;90 jaar;2043;3;23;-20
9573;Mannen;90 jaar;2044;3;24;-21
9574;Mannen;90 jaar;2045;3;26;-23
9575;Mannen;90 jaar;2046;3;28;-25
9576;Mannen;90 jaar;2047;3;29;-26
9577;Mannen;90 jaar;2048;3;31;-28
9578;Mannen;90 jaar;2049;3;33;-30
9579;Mannen;90 jaar;2050;3;36;-33
9580;Mannen;90 jaar;2051;3;37;-34
9581;Mannen;90 jaar;2052;3;39;-36
9582;Mannen;90 jaar;2053;3;41;-38
9583;Mannen;90 jaar;2054;3;44;-41
9584;Mannen;90 jaar;2055;3;46;-43
9585;Mannen;90 jaar;2056;3;46;-43
9586;Mannen;90 jaar;2057;3;47;-44
9587;Mannen;90 jaar;2058;3;49;-46
9588;Mannen;90 jaar;2059;4;51;-47
9589;Mannen;91 jaar;2017;0;0;0
9590;Mannen;91 jaar;2018;0;0;0
9591;Mannen;91 jaar;2019;0;0;0
9592;Mannen;91 jaar;2020;0;0;0
9593;Mannen;91 jaar;2021;0;0;0
9594;Mannen;91 jaar;2022;0;0;0
9595;Mannen;91 jaar;2023;0;0;0
9596;Mannen;91 jaar;2024;0;0;0
9597;Mannen;91 jaar;2025;0;0;0
9598;Mannen;91 jaar;2026;0;0;0
9599;Mannen;91 jaar;2027;0;0;0
9600;Mannen;91 jaar;2028;0;0;0
9601;Mannen;91 jaar;2029;0;0;0
9602;Mannen;91 jaar;2030;0;0;0
9603;Mannen;91 jaar;2031;0;0;0
9604;Mannen;91 jaar;2032;0;0;0
9605;Mannen;91 jaar;2033;0;0;0
9606;Mannen;91 jaar;2034;0;0;0
9607;Mannen;91 jaar;2035;0;0;0
9608;Mannen;91 jaar;2036;0;0;0
9609;Mannen;91 jaar;2037;0;0;0
9610;Mannen;91 jaar;2038;0;0;0
9611;Mannen;91 jaar;2039;0;0;0
9612;Mannen;91 jaar;2040;0;0;0
9613;Mannen;91 jaar;2041;0;0;0
9614;Mannen;91 jaar;2042;0;0;0
9615;Mannen;91 jaar;2043;0;0;0
9616;Mannen;91 jaar;2044;0;0;0
9617;Mannen;91 jaar;2045;0;0;0
9618;Mannen;91 jaar;2046;0;0;0
9619;Mannen;91 jaar;2047;0;0;0
9620;Mannen;91 jaar;2048;0;0;0
9621;Mannen;91 jaar;2049;0;0;0
9622;Mannen;91 jaar;2050;0;0;0
9623;Mannen;91 jaar;2051;0;0;0
9624;Mannen;91 jaar;2052;0;0;0
9625;Mannen;91 jaar;2053;0;0;0
9626;Mannen;91 jaar;2054;0;0;0
9627;Mannen;91 jaar;2055;0;0;0
9628;Mannen;91 jaar;2056;0;0;0
9629;Mannen;91 jaar;2057;0;0;0
9630;Mannen;91 jaar;2058;0;0;0
9631;Mannen;91 jaar;2059;0;0;0
9632;Mannen;92 jaar;2017;0;0;0
9633;Mannen;92 jaar;2018;0;0;0
9634;Mannen;92 jaar;2019;0;0;0
9635;Mannen;92 jaar;2020;0;0;0
9636;Mannen;92 jaar;2021;0;0;0
9637;Mannen;92 jaar;2022;0;0;0
9638;Mannen;92 jaar;2023;0;0;0
9639;Mannen;92 jaar;2024;0;0;0
9640;Mannen;92 jaar;2025;0;0;0
9641;Mannen;92 jaar;2026;0;0;0
9642;Mannen;92 jaar;2027;0;0;0
9643;Mannen;92 jaar;2028;0;0;0
9644;Mannen;92 jaar;2029;0;0;0
9645;Mannen;92 jaar;2030;0;0;0
9646;Mannen;92 jaar;2031;0;0;0
9647;Mannen;92 jaar;2032;0;0;0
9648;Mannen;92 jaar;2033;0;0;0
9649;Mannen;92 jaar;2034;0;0;0
9650;Mannen;92 jaar;2035;0;0;0
9651;Mannen;92 jaar;2036;0;0;0
9652;Mannen;92 jaar;2037;0;0;0
9653;Mannen;92 jaar;2038;0;0;0
9654;Mannen;92 jaar;2039;0;0;0
9655;Mannen;92 jaar;2040;0;0;0
9656;Mannen;92 jaar;2041;0;0;0
9657;Mannen;92 jaar;2042;0;0;0
9658;Mannen;92 jaar;2043;0;0;0
9659;Mannen;92 jaar;2044;0;0;0
9660;Mannen;92 jaar;2045;0;0;0
9661;Mannen;92 jaar;2046;0;0;0
9662;Mannen;92 jaar;2047;0;0;0
9663;Mannen;92 jaar;2048;0;0;0
9664;Mannen;92 jaar;2049;0;0;0
9665;Mannen;92 jaar;2050;0;0;0
9666;Mannen;92 jaar;2051;0;0;0
9667;Mannen;92 jaar;2052;0;0;0
9668;Mannen;92 jaar;2053;0;0;0
9669;Mannen;92 jaar;2054;0;0;0
9670;Mannen;92 jaar;2055;0;0;0
9671;Mannen;92 jaar;2056;0;0;0
9672;Mannen;92 jaar;2057;0;0;0
9673;Mannen;92 jaar;2058;0;0;0
9674;Mannen;92 jaar;2059;0;0;0
9675;Mannen;93 jaar;2017;0;0;0
9676;Mannen;93 jaar;2018;0;0;0
9677;Mannen;93 jaar;2019;0;0;0
9678;Mannen;93 jaar;2020;0;0;0
9679;Mannen;93 jaar;2021;0;0;0
9680;Mannen;93 jaar;2022;0;0;0
9681;Mannen;93 jaar;2023;0;0;0
9682;Mannen;93 jaar;2024;0;0;0
9683;Mannen;93 jaar;2025;0;0;0
9684;Mannen;93 jaar;2026;0;0;0
9685;Mannen;93 jaar;2027;0;0;0
9686;Mannen;93 jaar;2028;0;0;0
9687;Mannen;93 jaar;2029;0;0;0
9688;Mannen;93 jaar;2030;0;0;0
9689;Mannen;93 jaar;2031;0;0;0
9690;Mannen;93 jaar;2032;0;0;0
9691;Mannen;93 jaar;2033;0;0;0
9692;Mannen;93 jaar;2034;0;0;0
9693;Mannen;93 jaar;2035;0;0;0
9694;Mannen;93 jaar;2036;0;0;0
9695;Mannen;93 jaar;2037;0;0;0
9696;Mannen;93 jaar;2038;0;0;0
9697;Mannen;93 jaar;2039;0;0;0
9698;Mannen;93 jaar;2040;0;0;0
9699;Mannen;93 jaar;2041;0;0;0
9700;Mannen;93 jaar;2042;0;0;0
9701;Mannen;93 jaar;2043;0;0;0
9702;Mannen;93 jaar;2044;0;0;0
9703;Mannen;93 jaar;2045;0;0;0
9704;Mannen;93 jaar;2046;0;0;0
9705;Mannen;93 jaar;2047;0;0;0
9706;Mannen;93 jaar;2048;0;0;0
9707;Mannen;93 jaar;2049;0;0;0
9708;Mannen;93 jaar;2050;0;0;0
9709;Mannen;93 jaar;2051;0;0;0
9710;Mannen;93 jaar;2052;0;0;0
9711;Mannen;93 jaar;2053;0;0;0
9712;Mannen;93 jaar;2054;0;0;0
9713;Mannen;93 jaar;2055;0;0;0
9714;Mannen;93 jaar;2056;0;0;0
9715;Mannen;93 jaar;2057;0;0;0
9716;Mannen;93 jaar;2058;0;0;0
9717;Mannen;93 jaar;2059;0;0;0
9718;Mannen;94 jaar;2017;0;0;0
9719;Mannen;94 jaar;2018;0;0;0
9720;Mannen;94 jaar;2019;0;0;0
9721;Mannen;94 jaar;2020;0;0;0
9722;Mannen;94 jaar;2021;0;0;0
9723;Mannen;94 jaar;2022;0;0;0
9724;Mannen;94 jaar;2023;0;0;0
9725;Mannen;94 jaar;2024;0;0;0
9726;Mannen;94 jaar;2025;0;0;0
9727;Mannen;94 jaar;2026;0;0;0
9728;Mannen;94 jaar;2027;0;0;0
9729;Mannen;94 jaar;2028;0;0;0
9730;Mannen;94 jaar;2029;0;0;0
9731;Mannen;94 jaar;2030;0;0;0
9732;Mannen;94 jaar;2031;0;0;0
9733;Mannen;94 jaar;2032;0;0;0
9734;Mannen;94 jaar;2033;0;0;0
9735;Mannen;94 jaar;2034;0;0;0
9736;Mannen;94 jaar;2035;0;0;0
9737;Mannen;94 jaar;2036;0;0;0
9738;Mannen;94 jaar;2037;0;0;0
9739;Mannen;94 jaar;2038;0;0;0
9740;Mannen;94 jaar;2039;0;0;0
9741;Mannen;94 jaar;2040;0;0;0
9742;Mannen;94 jaar;2041;0;0;0
9743;Mannen;94 jaar;2042;0;0;0
9744;Mannen;94 jaar;2043;0;0;0
9745;Mannen;94 jaar;2044;0;0;0
9746;Mannen;94 jaar;2045;0;0;0
9747;Mannen;94 jaar;2046;0;0;0
9748;Mannen;94 jaar;2047;0;0;0
9749;Mannen;94 jaar;2048;0;0;0
9750;Mannen;94 jaar;2049;0;0;0
9751;Mannen;94 jaar;2050;0;0;0
9752;Mannen;94 jaar;2051;0;0;0
9753;Mannen;94 jaar;2052;0;0;0
9754;Mannen;94 jaar;2053;0;0;0
9755;Mannen;94 jaar;2054;0;0;0
9756;Mannen;94 jaar;2055;0;0;0
9757;Mannen;94 jaar;2056;0;0;0
9758;Mannen;94 jaar;2057;0;0;0
9759;Mannen;94 jaar;2058;0;0;0
9760;Mannen;94 jaar;2059;0;0;0
9761;Mannen;95 jaar;2017;0;0;0
9762;Mannen;95 jaar;2018;0;0;0
9763;Mannen;95 jaar;2019;0;0;0
9764;Mannen;95 jaar;2020;0;0;0
9765;Mannen;95 jaar;2021;0;0;0
9766;Mannen;95 jaar;2022;0;0;0
9767;Mannen;95 jaar;2023;0;0;0
9768;Mannen;95 jaar;2024;0;0;0
9769;Mannen;95 jaar;2025;0;0;0
9770;Mannen;95 jaar;2026;0;0;0
9771;Mannen;95 jaar;2027;0;0;0
9772;Mannen;95 jaar;2028;0;0;0
9773;Mannen;95 jaar;2029;0;0;0
9774;Mannen;95 jaar;2030;0;0;0
9775;Mannen;95 jaar;2031;0;0;0
9776;Mannen;95 jaar;2032;0;0;0
9777;Mannen;95 jaar;2033;0;0;0
9778;Mannen;95 jaar;2034;0;0;0
9779;Mannen;95 jaar;2035;0;0;0
9780;Mannen;95 jaar;2036;0;0;0
9781;Mannen;95 jaar;2037;0;0;0
9782;Mannen;95 jaar;2038;0;0;0
9783;Mannen;95 jaar;2039;0;0;0
9784;Mannen;95 jaar;2040;0;0;0
9785;Mannen;95 jaar;2041;0;0;0
9786;Mannen;95 jaar;2042;0;0;0
9787;Mannen;95 jaar;2043;0;0;0
9788;Mannen;95 jaar;2044;0;0;0
9789;Mannen;95 jaar;2045;0;0;0
9790;Mannen;95 jaar;2046;0;0;0
9791;Mannen;95 jaar;2047;0;0;0
9792;Mannen;95 jaar;2048;0;0;0
9793;Mannen;95 jaar;2049;0;0;0
9794;Mannen;95 jaar;2050;0;0;0
9795;Mannen;95 jaar;2051;0;0;0
9796;Mannen;95 jaar;2052;0;0;0
9797;Mannen;95 jaar;2053;0;0;0
9798;Mannen;95 jaar;2054;0;0;0
9799;Mannen;95 jaar;2055;0;0;0
9800;Mannen;95 jaar;2056;0;0;0
9801;Mannen;95 jaar;2057;0;0;0
9802;Mannen;95 jaar;2058;0;0;0
9803;Mannen;95 jaar;2059;0;0;0
9804;Mannen;96 jaar;2017;0;0;0
9805;Mannen;96 jaar;2018;0;0;0
9806;Mannen;96 jaar;2019;0;0;0
9807;Mannen;96 jaar;2020;0;0;0
9808;Mannen;96 jaar;2021;0;0;0
9809;Mannen;96 jaar;2022;0;0;0
9810;Mannen;96 jaar;2023;0;0;0
9811;Mannen;96 jaar;2024;0;0;0
9812;Mannen;96 jaar;2025;0;0;0
9813;Mannen;96 jaar;2026;0;0;0
9814;Mannen;96 jaar;2027;0;0;0
9815;Mannen;96 jaar;2028;0;0;0
9816;Mannen;96 jaar;2029;0;0;0
9817;Mannen;96 jaar;2030;0;0;0
9818;Mannen;96 jaar;2031;0;0;0
9819;Mannen;96 jaar;2032;0;0;0
9820;Mannen;96 jaar;2033;0;0;0
9821;Mannen;96 jaar;2034;0;0;0
9822;Mannen;96 jaar;2035;0;0;0
9823;Mannen;96 jaar;2036;0;0;0
9824;Mannen;96 jaar;2037;0;0;0
9825;Mannen;96 jaar;2038;0;0;0
9826;Mannen;96 jaar;2039;0;0;0
9827;Mannen;96 jaar;2040;0;0;0
9828;Mannen;96 jaar;2041;0;0;0
9829;Mannen;96 jaar;2042;0;0;0
9830;Mannen;96 jaar;2043;0;0;0
9831;Mannen;96 jaar;2044;0;0;0
9832;Mannen;96 jaar;2045;0;0;0
9833;Mannen;96 jaar;2046;0;0;0
9834;Mannen;96 jaar;2047;0;0;0
9835;Mannen;96 jaar;2048;0;0;0
9836;Mannen;96 jaar;2049;0;0;0
9837;Mannen;96 jaar;2050;0;0;0
9838;Mannen;96 jaar;2051;0;0;0
9839;Mannen;96 jaar;2052;0;0;0
9840;Mannen;96 jaar;2053;0;0;0
9841;Mannen;96 jaar;2054;0;0;0
9842;Mannen;96 jaar;2055;0;0;0
9843;Mannen;96 jaar;2056;0;0;0
9844;Mannen;96 jaar;2057;0;0;0
9845;Mannen;96 jaar;2058;0;0;0
9846;Mannen;96 jaar;2059;0;0;0
9847;Mannen;97 jaar;2017;0;0;0
9848;Mannen;97 jaar;2018;0;0;0
9849;Mannen;97 jaar;2019;0;0;0
9850;Mannen;97 jaar;2020;0;0;0
9851;Mannen;97 jaar;2021;0;0;0
9852;Mannen;97 jaar;2022;0;0;0
9853;Mannen;97 jaar;2023;0;0;0
9854;Mannen;97 jaar;2024;0;0;0
9855;Mannen;97 jaar;2025;0;0;0
9856;Mannen;97 jaar;2026;0;0;0
9857;Mannen;97 jaar;2027;0;0;0
9858;Mannen;97 jaar;2028;0;0;0
9859;Mannen;97 jaar;2029;0;0;0
9860;Mannen;97 jaar;2030;0;0;0
9861;Mannen;97 jaar;2031;0;0;0
9862;Mannen;97 jaar;2032;0;0;0
9863;Mannen;97 jaar;2033;0;0;0
9864;Mannen;97 jaar;2034;0;0;0
9865;Mannen;97 jaar;2035;0;0;0
9866;Mannen;97 jaar;2036;0;0;0
9867;Mannen;97 jaar;2037;0;0;0
9868;Mannen;97 jaar;2038;0;0;0
9869;Mannen;97 jaar;2039;0;0;0
9870;Mannen;97 jaar;2040;0;0;0
9871;Mannen;97 jaar;2041;0;0;0
9872;Mannen;97 jaar;2042;0;0;0
9873;Mannen;97 jaar;2043;0;0;0
9874;Mannen;97 jaar;2044;0;0;0
9875;Mannen;97 jaar;2045;0;0;0
9876;Mannen;97 jaar;2046;0;0;0
9877;Mannen;97 jaar;2047;0;0;0
9878;Mannen;97 jaar;2048;0;0;0
9879;Mannen;97 jaar;2049;0;0;0
9880;Mannen;97 jaar;2050;0;0;0
9881;Mannen;97 jaar;2051;0;0;0
9882;Mannen;97 jaar;2052;0;0;0
9883;Mannen;97 jaar;2053;0;0;0
9884;Mannen;97 jaar;2054;0;0;0
9885;Mannen;97 jaar;2055;0;0;0
9886;Mannen;97 jaar;2056;0;0;0
9887;Mannen;97 jaar;2057;0;0;0
9888;Mannen;97 jaar;2058;0;0;0
9889;Mannen;97 jaar;2059;0;0;0
9890;Mannen;98 jaar;2017;0;0;0
9891;Mannen;98 jaar;2018;0;0;0
9892;Mannen;98 jaar;2019;0;0;0
9893;Mannen;98 jaar;2020;0;0;0
9894;Mannen;98 jaar;2021;0;0;0
9895;Mannen;98 jaar;2022;0;0;0
9896;Mannen;98 jaar;2023;0;0;0
9897;Mannen;98 jaar;2024;0;0;0
9898;Mannen;98 jaar;2025;0;0;0
9899;Mannen;98 jaar;2026;0;0;0
9900;Mannen;98 jaar;2027;0;0;0
9901;Mannen;98 jaar;2028;0;0;0
9902;Mannen;98 jaar;2029;0;0;0
9903;Mannen;98 jaar;2030;0;0;0
9904;Mannen;98 jaar;2031;0;0;0
9905;Mannen;98 jaar;2032;0;0;0
9906;Mannen;98 jaar;2033;0;0;0
9907;Mannen;98 jaar;2034;0;0;0
9908;Mannen;98 jaar;2035;0;0;0
9909;Mannen;98 jaar;2036;0;0;0
9910;Mannen;98 jaar;2037;0;0;0
9911;Mannen;98 jaar;2038;0;0;0
9912;Mannen;98 jaar;2039;0;0;0
9913;Mannen;98 jaar;2040;0;0;0
9914;Mannen;98 jaar;2041;0;0;0
9915;Mannen;98 jaar;2042;0;0;0
9916;Mannen;98 jaar;2043;0;0;0
9917;Mannen;98 jaar;2044;0;0;0
9918;Mannen;98 jaar;2045;0;0;0
9919;Mannen;98 jaar;2046;0;0;0
9920;Mannen;98 jaar;2047;0;0;0
9921;Mannen;98 jaar;2048;0;0;0
9922;Mannen;98 jaar;2049;0;0;0
9923;Mannen;98 jaar;2050;0;0;0
9924;Mannen;98 jaar;2051;0;0;0
9925;Mannen;98 jaar;2052;0;0;0
9926;Mannen;98 jaar;2053;0;0;0
9927;Mannen;98 jaar;2054;0;0;0
9928;Mannen;98 jaar;2055;0;0;0
9929;Mannen;98 jaar;2056;0;0;0
9930;Mannen;98 jaar;2057;0;0;0
9931;Mannen;98 jaar;2058;0;0;0
9932;Mannen;98 jaar;2059;0;0;0
9933;Mannen;99 jaar of ouder;2017;0;0;0
9934;Mannen;99 jaar of ouder;2018;0;0;0
9935;Mannen;99 jaar of ouder;2019;0;0;0
9936;Mannen;99 jaar of ouder;2020;0;0;0
9937;Mannen;99 jaar of ouder;2021;0;0;0
9938;Mannen;99 jaar of ouder;2022;0;0;0
9939;Mannen;99 jaar of ouder;2023;0;0;0
9940;Mannen;99 jaar of ouder;2024;0;0;0
9941;Mannen;99 jaar of ouder;2025;0;0;0
9942;Mannen;99 jaar of ouder;2026;0;0;0
9943;Mannen;99 jaar of ouder;2027;0;0;0
9944;Mannen;99 jaar of ouder;2028;0;0;0
9945;Mannen;99 jaar of ouder;2029;0;0;0
9946;Mannen;99 jaar of ouder;2030;0;0;0
9947;Mannen;99 jaar of ouder;2031;0;0;0
9948;Mannen;99 jaar of ouder;2032;0;0;0
9949;Mannen;99 jaar of ouder;2033;0;0;0
9950;Mannen;99 jaar of ouder;2034;0;0;0
9951;Mannen;99 jaar of ouder;2035;0;0;0
9952;Mannen;99 jaar of ouder;2036;0;0;0
9953;Mannen;99 jaar of ouder;2037;0;0;0
9954;Mannen;99 jaar of ouder;2038;0;0;0
9955;Mannen;99 jaar of ouder;2039;0;0;0
9956;Mannen;99 jaar of ouder;2040;0;0;0
9957;Mannen;99 jaar of ouder;2041;0;0;0
9958;Mannen;99 jaar of ouder;2042;0;0;0
9959;Mannen;99 jaar of ouder;2043;0;0;0
9960;Mannen;99 jaar of ouder;2044;0;0;0
9961;Mannen;99 jaar of ouder;2045;0;0;0
9962;Mannen;99 jaar of ouder;2046;0;0;0
9963;Mannen;99 jaar of ouder;2047;0;0;0
9964;Mannen;99 jaar of ouder;2048;0;0;0
9965;Mannen;99 jaar of ouder;2049;0;0;0
9966;Mannen;99 jaar of ouder;2050;0;0;0
9967;Mannen;99 jaar of ouder;2051;0;0;0
9968;Mannen;99 jaar of ouder;2052;0;0;0
9969;Mannen;99 jaar of ouder;2053;0;0;0
9970;Mannen;99 jaar of ouder;2054;0;0;0
9971;Mannen;99 jaar of ouder;2055;0;0;0
9972;Mannen;99 jaar of ouder;2056;0;0;0
9973;Mannen;99 jaar of ouder;2057;0;0;0
9974;Mannen;99 jaar of ouder;2058;0;0;0
9975;Mannen;99 jaar of ouder;2059;0;0;0
9976;Mannen;0 tot 5 jaar;2017;6342;3513;2829
9977;Mannen;0 tot 5 jaar;2018;5821;3590;2231
9978;Mannen;0 tot 5 jaar;2019;5694;3627;2067
9979;Mannen;0 tot 5 jaar;2020;5652;3670;1982
9980;Mannen;0 tot 5 jaar;2021;5658;3736;1922
9981;Mannen;0 tot 5 jaar;2022;5693;3809;1884
9982;Mannen;0 tot 5 jaar;2023;5749;3887;1862
9983;Mannen;0 tot 5 jaar;2024;5818;3957;1861
9984;Mannen;0 tot 5 jaar;2025;5896;4021;1875
9985;Mannen;0 tot 5 jaar;2026;5945;4076;1869
9986;Mannen;0 tot 5 jaar;2027;5984;4124;1860
9987;Mannen;0 tot 5 jaar;2028;6014;4154;1860
9988;Mannen;0 tot 5 jaar;2029;6023;4176;1847
9989;Mannen;0 tot 5 jaar;2030;6044;4192;1852
9990;Mannen;0 tot 5 jaar;2031;6053;4202;1851
9991;Mannen;0 tot 5 jaar;2032;6063;4204;1859
9992;Mannen;0 tot 5 jaar;2033;6061;4203;1858
9993;Mannen;0 tot 5 jaar;2034;6057;4200;1857
9994;Mannen;0 tot 5 jaar;2035;6051;4193;1858
9995;Mannen;0 tot 5 jaar;2036;6046;4185;1861
9996;Mannen;0 tot 5 jaar;2037;6035;4176;1859
9997;Mannen;0 tot 5 jaar;2038;6023;4164;1859
9998;Mannen;0 tot 5 jaar;2039;6016;4151;1865
9999;Mannen;0 tot 5 jaar;2040;6003;4136;1867
