ID;Geslacht;LeeftijdOp31December;Perioden;Immigratie_1;EmigratieInclusiefCorrecties_2;MigratiesaldoInclusiefCorrecties_3
0;Mannen en Vrouwen;Totaal;2020;210629;151812;58817
1;Mannen en Vrouwen;Totaal;2021;243588;173301;70287
2;Mannen en Vrouwen;Totaal;2022;278977;181564;97413
3;Mannen en Vrouwen;Totaal;2023;288194;192871;95323
4;Mannen en Vrouwen;Totaal;2024;290245;203610;86635
5;Mannen en Vrouwen;Totaal;2025;294785;213206;81579
6;Mannen en Vrouwen;Totaal;2026;296415;220022;76393
7;Mannen en Vrouwen;Totaal;2027;297577;225447;72130
8;Mannen en Vrouwen;Totaal;2028;298952;229489;69463
9;Mannen en Vrouwen;Totaal;2029;297867;232498;65369
10;Mannen en Vrouwen;Totaal;2030;296781;234415;62366
11;Mannen en Vrouwen;Totaal;2031;296341;235674;60667
12;Mannen en Vrouwen;Totaal;2032;295627;236608;59019
13;Mannen en Vrouwen;Totaal;2033;294901;237201;57700
14;Mannen en Vrouwen;Totaal;2034;294116;237563;56553
15;Mannen en Vrouwen;Totaal;2035;294056;237950;56106
16;Mannen en Vrouwen;Totaal;2036;293943;238381;55562
17;Mannen en Vrouwen;Totaal;2037;293783;238808;54975
18;Mannen en Vrouwen;Totaal;2038;293616;239148;54468
19;Mannen en Vrouwen;Totaal;2039;293434;239406;54028
20;Mannen en Vrouwen;Totaal;2040;293245;239640;53605
21;Mannen en Vrouwen;Totaal;2041;293030;239820;53210
22;Mannen en Vrouwen;Totaal;2042;293021;240021;53000
23;Mannen en Vrouwen;Totaal;2043;293019;240256;52763
24;Mannen en Vrouwen;Totaal;2044;293026;240524;52502
25;Mannen en Vrouwen;Totaal;2045;293031;240792;52239
26;Mannen en Vrouwen;Totaal;2046;293043;241048;51995
27;Mannen en Vrouwen;Totaal;2047;293046;241291;51755
28;Mannen en Vrouwen;Totaal;2048;293071;241534;51537
29;Mannen en Vrouwen;Totaal;2049;293120;241802;51318
30;Mannen en Vrouwen;Totaal;2050;293201;242043;51158
31;Mannen en Vrouwen;Totaal;2051;293315;242403;50912
32;Mannen en Vrouwen;Totaal;2052;293393;242734;50659
33;Mannen en Vrouwen;Totaal;2053;293475;242984;50491
34;Mannen en Vrouwen;Totaal;2054;293590;243227;50363
35;Mannen en Vrouwen;Totaal;2055;293682;243465;50217
36;Mannen en Vrouwen;Totaal;2056;293780;243675;50105
37;Mannen en Vrouwen;Totaal;2057;293909;243876;50033
38;Mannen en Vrouwen;Totaal;2058;293996;244059;49937
39;Mannen en Vrouwen;Totaal;2059;294077;244234;49843
40;Mannen en Vrouwen;Totaal;2060;294215;244388;49827
41;Mannen en Vrouwen;Totaal;2061;294306;244540;49766
42;Mannen en Vrouwen;Totaal;2062;294422;244682;49740
43;Mannen en Vrouwen;Totaal;2063;294504;244816;49688
44;Mannen en Vrouwen;Totaal;2064;294584;244935;49649
45;Mannen en Vrouwen;Totaal;2065;294666;245051;49615
46;Mannen en Vrouwen;Totaal;2066;294757;245146;49611
47;Mannen en Vrouwen;Totaal;2067;294834;245235;49599
48;Mannen en Vrouwen;Totaal;2068;294897;245314;49583
49;Mannen en Vrouwen;Totaal;2069;294968;245382;49586
50;Mannen en Vrouwen;Totaal;2070;294968;245408;49560
51;Mannen en Vrouwen;0 jaar;2020;1219;334;885
52;Mannen en Vrouwen;0 jaar;2021;1387;403;984
53;Mannen en Vrouwen;0 jaar;2022;1605;421;1184
54;Mannen en Vrouwen;0 jaar;2023;1664;456;1208
55;Mannen en Vrouwen;0 jaar;2024;1682;484;1198
56;Mannen en Vrouwen;0 jaar;2025;1719;511;1208
57;Mannen en Vrouwen;0 jaar;2026;1739;527;1212
58;Mannen en Vrouwen;0 jaar;2027;1757;542;1215
59;Mannen en Vrouwen;0 jaar;2028;1772;556;1216
60;Mannen en Vrouwen;0 jaar;2029;1774;564;1210
61;Mannen en Vrouwen;0 jaar;2030;1768;572;1196
62;Mannen en Vrouwen;0 jaar;2031;1770;576;1194
63;Mannen en Vrouwen;0 jaar;2032;1767;577;1190
64;Mannen en Vrouwen;0 jaar;2033;1767;576;1191
65;Mannen en Vrouwen;0 jaar;2034;1765;574;1191
66;Mannen en Vrouwen;0 jaar;2035;1764;572;1192
67;Mannen en Vrouwen;0 jaar;2036;1762;570;1192
68;Mannen en Vrouwen;0 jaar;2037;1763;568;1195
69;Mannen en Vrouwen;0 jaar;2038;1758;565;1193
70;Mannen en Vrouwen;0 jaar;2039;1756;563;1193
71;Mannen en Vrouwen;0 jaar;2040;1755;560;1195
72;Mannen en Vrouwen;0 jaar;2041;1753;557;1196
73;Mannen en Vrouwen;0 jaar;2042;1752;555;1197
74;Mannen en Vrouwen;0 jaar;2043;1749;553;1196
75;Mannen en Vrouwen;0 jaar;2044;1749;552;1197
76;Mannen en Vrouwen;0 jaar;2045;1746;549;1197
77;Mannen en Vrouwen;0 jaar;2046;1745;547;1198
78;Mannen en Vrouwen;0 jaar;2047;1744;547;1197
79;Mannen en Vrouwen;0 jaar;2048;1744;546;1198
80;Mannen en Vrouwen;0 jaar;2049;1743;545;1198
81;Mannen en Vrouwen;0 jaar;2050;1743;544;1199
82;Mannen en Vrouwen;0 jaar;2051;1743;544;1199
83;Mannen en Vrouwen;0 jaar;2052;1745;545;1200
84;Mannen en Vrouwen;0 jaar;2053;1745;545;1200
85;Mannen en Vrouwen;0 jaar;2054;1745;545;1200
86;Mannen en Vrouwen;0 jaar;2055;1746;547;1199
87;Mannen en Vrouwen;0 jaar;2056;1748;549;1199
88;Mannen en Vrouwen;0 jaar;2057;1750;549;1201
89;Mannen en Vrouwen;0 jaar;2058;1753;551;1202
90;Mannen en Vrouwen;0 jaar;2059;1755;553;1202
91;Mannen en Vrouwen;0 jaar;2060;1757;556;1201
92;Mannen en Vrouwen;0 jaar;2061;1761;556;1205
93;Mannen en Vrouwen;0 jaar;2062;1761;557;1204
94;Mannen en Vrouwen;0 jaar;2063;1765;559;1206
95;Mannen en Vrouwen;0 jaar;2064;1766;559;1207
96;Mannen en Vrouwen;0 jaar;2065;1766;560;1206
97;Mannen en Vrouwen;0 jaar;2066;1766;559;1207
98;Mannen en Vrouwen;0 jaar;2067;1766;559;1207
99;Mannen en Vrouwen;0 jaar;2068;1767;558;1209
100;Mannen en Vrouwen;0 jaar;2069;1766;558;1208
101;Mannen en Vrouwen;0 jaar;2070;1766;557;1209
102;Mannen en Vrouwen;1 jaar;2020;1945;1137;808
103;Mannen en Vrouwen;1 jaar;2021;2197;1301;896
104;Mannen en Vrouwen;1 jaar;2022;2489;1341;1148
105;Mannen en Vrouwen;1 jaar;2023;2568;1449;1119
106;Mannen en Vrouwen;1 jaar;2024;2601;1557;1044
107;Mannen en Vrouwen;1 jaar;2025;2656;1647;1009
108;Mannen en Vrouwen;1 jaar;2026;2686;1715;971
109;Mannen en Vrouwen;1 jaar;2027;2711;1759;952
110;Mannen en Vrouwen;1 jaar;2028;2749;1803;946
111;Mannen en Vrouwen;1 jaar;2029;2754;1837;917
112;Mannen en Vrouwen;1 jaar;2030;2765;1867;898
113;Mannen en Vrouwen;1 jaar;2031;2774;1877;897
114;Mannen en Vrouwen;1 jaar;2032;2776;1883;893
115;Mannen en Vrouwen;1 jaar;2033;2777;1878;899
116;Mannen en Vrouwen;1 jaar;2034;2777;1873;904
117;Mannen en Vrouwen;1 jaar;2035;2775;1867;908
118;Mannen en Vrouwen;1 jaar;2036;2771;1860;911
119;Mannen en Vrouwen;1 jaar;2037;2769;1854;915
120;Mannen en Vrouwen;1 jaar;2038;2767;1846;921
121;Mannen en Vrouwen;1 jaar;2039;2763;1839;924
122;Mannen en Vrouwen;1 jaar;2040;2758;1830;928
123;Mannen en Vrouwen;1 jaar;2041;2755;1822;933
124;Mannen en Vrouwen;1 jaar;2042;2750;1815;935
125;Mannen en Vrouwen;1 jaar;2043;2748;1806;942
126;Mannen en Vrouwen;1 jaar;2044;2744;1799;945
127;Mannen en Vrouwen;1 jaar;2045;2737;1794;943
128;Mannen en Vrouwen;1 jaar;2046;2734;1788;946
129;Mannen en Vrouwen;1 jaar;2047;2730;1782;948
130;Mannen en Vrouwen;1 jaar;2048;2729;1776;953
131;Mannen en Vrouwen;1 jaar;2049;2728;1773;955
132;Mannen en Vrouwen;1 jaar;2050;2728;1770;958
133;Mannen en Vrouwen;1 jaar;2051;2725;1767;958
134;Mannen en Vrouwen;1 jaar;2052;2724;1767;957
135;Mannen en Vrouwen;1 jaar;2053;2726;1768;958
136;Mannen en Vrouwen;1 jaar;2054;2728;1769;959
137;Mannen en Vrouwen;1 jaar;2055;2732;1771;961
138;Mannen en Vrouwen;1 jaar;2056;2732;1775;957
139;Mannen en Vrouwen;1 jaar;2057;2736;1779;957
140;Mannen en Vrouwen;1 jaar;2058;2740;1782;958
141;Mannen en Vrouwen;1 jaar;2059;2743;1787;956
142;Mannen en Vrouwen;1 jaar;2060;2746;1792;954
143;Mannen en Vrouwen;1 jaar;2061;2752;1796;956
144;Mannen en Vrouwen;1 jaar;2062;2755;1800;955
145;Mannen en Vrouwen;1 jaar;2063;2758;1804;954
146;Mannen en Vrouwen;1 jaar;2064;2761;1805;956
147;Mannen en Vrouwen;1 jaar;2065;2760;1807;953
148;Mannen en Vrouwen;1 jaar;2066;2762;1807;955
149;Mannen en Vrouwen;1 jaar;2067;2763;1807;956
150;Mannen en Vrouwen;1 jaar;2068;2763;1806;957
151;Mannen en Vrouwen;1 jaar;2069;2763;1803;960
152;Mannen en Vrouwen;1 jaar;2070;2763;1801;962
153;Mannen en Vrouwen;2 jaar;2020;2133;1302;831
154;Mannen en Vrouwen;2 jaar;2021;2435;1444;991
155;Mannen en Vrouwen;2 jaar;2022;2775;1437;1338
156;Mannen en Vrouwen;2 jaar;2023;2841;1531;1310
157;Mannen en Vrouwen;2 jaar;2024;2859;1643;1216
158;Mannen en Vrouwen;2 jaar;2025;2926;1752;1174
159;Mannen en Vrouwen;2 jaar;2026;2966;1829;1137
160;Mannen en Vrouwen;2 jaar;2027;2995;1892;1103
161;Mannen en Vrouwen;2 jaar;2028;3026;1932;1094
162;Mannen en Vrouwen;2 jaar;2029;3035;1971;1064
163;Mannen en Vrouwen;2 jaar;2030;3040;2003;1037
164;Mannen en Vrouwen;2 jaar;2031;3055;2020;1035
165;Mannen en Vrouwen;2 jaar;2032;3062;2026;1036
166;Mannen en Vrouwen;2 jaar;2033;3065;2027;1038
167;Mannen en Vrouwen;2 jaar;2034;3062;2020;1042
168;Mannen en Vrouwen;2 jaar;2035;3059;2016;1043
169;Mannen en Vrouwen;2 jaar;2036;3060;2007;1053
170;Mannen en Vrouwen;2 jaar;2037;3057;2003;1054
171;Mannen en Vrouwen;2 jaar;2038;3056;1995;1061
172;Mannen en Vrouwen;2 jaar;2039;3052;1987;1065
173;Mannen en Vrouwen;2 jaar;2040;3047;1978;1069
174;Mannen en Vrouwen;2 jaar;2041;3045;1970;1075
175;Mannen en Vrouwen;2 jaar;2042;3038;1961;1077
176;Mannen en Vrouwen;2 jaar;2043;3036;1952;1084
177;Mannen en Vrouwen;2 jaar;2044;3031;1944;1087
178;Mannen en Vrouwen;2 jaar;2045;3025;1937;1088
179;Mannen en Vrouwen;2 jaar;2046;3020;1931;1089
180;Mannen en Vrouwen;2 jaar;2047;3015;1924;1091
181;Mannen en Vrouwen;2 jaar;2048;3015;1918;1097
182;Mannen en Vrouwen;2 jaar;2049;3014;1913;1101
183;Mannen en Vrouwen;2 jaar;2050;3011;1907;1104
184;Mannen en Vrouwen;2 jaar;2051;3011;1905;1106
185;Mannen en Vrouwen;2 jaar;2052;3011;1902;1109
186;Mannen en Vrouwen;2 jaar;2053;3009;1901;1108
187;Mannen en Vrouwen;2 jaar;2054;3010;1901;1109
188;Mannen en Vrouwen;2 jaar;2055;3011;1902;1109
189;Mannen en Vrouwen;2 jaar;2056;3017;1903;1114
190;Mannen en Vrouwen;2 jaar;2057;3021;1906;1115
191;Mannen en Vrouwen;2 jaar;2058;3023;1910;1113
192;Mannen en Vrouwen;2 jaar;2059;3025;1914;1111
193;Mannen en Vrouwen;2 jaar;2060;3028;1918;1110
194;Mannen en Vrouwen;2 jaar;2061;3032;1923;1109
195;Mannen en Vrouwen;2 jaar;2062;3036;1927;1109
196;Mannen en Vrouwen;2 jaar;2063;3041;1931;1110
197;Mannen en Vrouwen;2 jaar;2064;3044;1934;1110
198;Mannen en Vrouwen;2 jaar;2065;3045;1937;1108
199;Mannen en Vrouwen;2 jaar;2066;3046;1937;1109
200;Mannen en Vrouwen;2 jaar;2067;3047;1937;1110
201;Mannen en Vrouwen;2 jaar;2068;3050;1935;1115
202;Mannen en Vrouwen;2 jaar;2069;3051;1933;1118
203;Mannen en Vrouwen;2 jaar;2070;3051;1933;1118
204;Mannen en Vrouwen;3 jaar;2020;2041;1385;656
205;Mannen en Vrouwen;3 jaar;2021;2336;1593;743
206;Mannen en Vrouwen;3 jaar;2022;2692;1567;1125
207;Mannen en Vrouwen;3 jaar;2023;2755;1620;1135
208;Mannen en Vrouwen;3 jaar;2024;2749;1715;1034
209;Mannen en Vrouwen;3 jaar;2025;2803;1824;979
210;Mannen en Vrouwen;3 jaar;2026;2844;1919;925
211;Mannen en Vrouwen;3 jaar;2027;2881;1992;889
212;Mannen en Vrouwen;3 jaar;2028;2913;2048;865
213;Mannen en Vrouwen;3 jaar;2029;2921;2083;838
214;Mannen en Vrouwen;3 jaar;2030;2929;2121;808
215;Mannen en Vrouwen;3 jaar;2031;2940;2140;800
216;Mannen en Vrouwen;3 jaar;2032;2952;2151;801
217;Mannen en Vrouwen;3 jaar;2033;2958;2154;804
218;Mannen en Vrouwen;3 jaar;2034;2959;2153;806
219;Mannen en Vrouwen;3 jaar;2035;2961;2147;814
220;Mannen en Vrouwen;3 jaar;2036;2958;2142;816
221;Mannen en Vrouwen;3 jaar;2037;2956;2135;821
222;Mannen en Vrouwen;3 jaar;2038;2955;2129;826
223;Mannen en Vrouwen;3 jaar;2039;2953;2123;830
224;Mannen en Vrouwen;3 jaar;2040;2949;2114;835
225;Mannen en Vrouwen;3 jaar;2041;2947;2105;842
226;Mannen en Vrouwen;3 jaar;2042;2942;2096;846
227;Mannen en Vrouwen;3 jaar;2043;2938;2087;851
228;Mannen en Vrouwen;3 jaar;2044;2935;2078;857
229;Mannen en Vrouwen;3 jaar;2045;2930;2069;861
230;Mannen en Vrouwen;3 jaar;2046;2927;2061;866
231;Mannen en Vrouwen;3 jaar;2047;2923;2055;868
232;Mannen en Vrouwen;3 jaar;2048;2917;2048;869
233;Mannen en Vrouwen;3 jaar;2049;2918;2041;877
234;Mannen en Vrouwen;3 jaar;2050;2916;2035;881
235;Mannen en Vrouwen;3 jaar;2051;2916;2031;885
236;Mannen en Vrouwen;3 jaar;2052;2918;2028;890
237;Mannen en Vrouwen;3 jaar;2053;2917;2026;891
238;Mannen en Vrouwen;3 jaar;2054;2917;2024;893
239;Mannen en Vrouwen;3 jaar;2055;2917;2022;895
240;Mannen en Vrouwen;3 jaar;2056;2918;2023;895
241;Mannen en Vrouwen;3 jaar;2057;2921;2026;895
242;Mannen en Vrouwen;3 jaar;2058;2924;2028;896
243;Mannen en Vrouwen;3 jaar;2059;2926;2031;895
244;Mannen en Vrouwen;3 jaar;2060;2930;2034;896
245;Mannen en Vrouwen;3 jaar;2061;2931;2039;892
246;Mannen en Vrouwen;3 jaar;2062;2935;2043;892
247;Mannen en Vrouwen;3 jaar;2063;2938;2047;891
248;Mannen en Vrouwen;3 jaar;2064;2942;2051;891
249;Mannen en Vrouwen;3 jaar;2065;2944;2053;891
250;Mannen en Vrouwen;3 jaar;2066;2948;2055;893
251;Mannen en Vrouwen;3 jaar;2067;2951;2055;896
252;Mannen en Vrouwen;3 jaar;2068;2953;2055;898
253;Mannen en Vrouwen;3 jaar;2069;2953;2054;899
254;Mannen en Vrouwen;3 jaar;2070;2953;2054;899
255;Mannen en Vrouwen;4 jaar;2020;1922;1346;576
256;Mannen en Vrouwen;4 jaar;2021;2186;1553;633
257;Mannen en Vrouwen;4 jaar;2022;2510;1576;934
258;Mannen en Vrouwen;4 jaar;2023;2578;1613;965
259;Mannen en Vrouwen;4 jaar;2024;2582;1663;919
260;Mannen en Vrouwen;4 jaar;2025;2606;1742;864
261;Mannen en Vrouwen;4 jaar;2026;2640;1829;811
262;Mannen en Vrouwen;4 jaar;2027;2671;1911;760
263;Mannen en Vrouwen;4 jaar;2028;2711;1973;738
264;Mannen en Vrouwen;4 jaar;2029;2716;2022;694
265;Mannen en Vrouwen;4 jaar;2030;2725;2055;670
266;Mannen en Vrouwen;4 jaar;2031;2738;2076;662
267;Mannen en Vrouwen;4 jaar;2032;2748;2090;658
268;Mannen en Vrouwen;4 jaar;2033;2756;2096;660
269;Mannen en Vrouwen;4 jaar;2034;2765;2098;667
270;Mannen en Vrouwen;4 jaar;2035;2762;2098;664
271;Mannen en Vrouwen;4 jaar;2036;2762;2093;669
272;Mannen en Vrouwen;4 jaar;2037;2765;2089;676
273;Mannen en Vrouwen;4 jaar;2038;2761;2084;677
274;Mannen en Vrouwen;4 jaar;2039;2758;2078;680
275;Mannen en Vrouwen;4 jaar;2040;2757;2071;686
276;Mannen en Vrouwen;4 jaar;2041;2754;2061;693
277;Mannen en Vrouwen;4 jaar;2042;2750;2053;697
278;Mannen en Vrouwen;4 jaar;2043;2748;2044;704
279;Mannen en Vrouwen;4 jaar;2044;2743;2036;707
280;Mannen en Vrouwen;4 jaar;2045;2740;2027;713
281;Mannen en Vrouwen;4 jaar;2046;2737;2019;718
282;Mannen en Vrouwen;4 jaar;2047;2733;2011;722
283;Mannen en Vrouwen;4 jaar;2048;2727;2004;723
284;Mannen en Vrouwen;4 jaar;2049;2725;1997;728
285;Mannen en Vrouwen;4 jaar;2050;2723;1991;732
286;Mannen en Vrouwen;4 jaar;2051;2723;1985;738
287;Mannen en Vrouwen;4 jaar;2052;2722;1982;740
288;Mannen en Vrouwen;4 jaar;2053;2723;1978;745
289;Mannen en Vrouwen;4 jaar;2054;2724;1975;749
290;Mannen en Vrouwen;4 jaar;2055;2723;1972;751
291;Mannen en Vrouwen;4 jaar;2056;2722;1973;749
292;Mannen en Vrouwen;4 jaar;2057;2726;1972;754
293;Mannen en Vrouwen;4 jaar;2058;2726;1974;752
294;Mannen en Vrouwen;4 jaar;2059;2730;1977;753
295;Mannen en Vrouwen;4 jaar;2060;2733;1981;752
296;Mannen en Vrouwen;4 jaar;2061;2737;1984;753
297;Mannen en Vrouwen;4 jaar;2062;2741;1989;752
298;Mannen en Vrouwen;4 jaar;2063;2745;1992;753
299;Mannen en Vrouwen;4 jaar;2064;2747;1997;750
300;Mannen en Vrouwen;4 jaar;2065;2749;1999;750
301;Mannen en Vrouwen;4 jaar;2066;2751;2002;749
302;Mannen en Vrouwen;4 jaar;2067;2754;2005;749
303;Mannen en Vrouwen;4 jaar;2068;2759;2004;755
304;Mannen en Vrouwen;4 jaar;2069;2760;2006;754
305;Mannen en Vrouwen;4 jaar;2070;2760;2007;753
306;Mannen en Vrouwen;5 jaar;2020;1815;1281;534
307;Mannen en Vrouwen;5 jaar;2021;2090;1492;598
308;Mannen en Vrouwen;5 jaar;2022;2387;1508;879
309;Mannen en Vrouwen;5 jaar;2023;2452;1589;863
310;Mannen en Vrouwen;5 jaar;2024;2453;1626;827
311;Mannen en Vrouwen;5 jaar;2025;2491;1664;827
312;Mannen en Vrouwen;5 jaar;2026;2492;1720;772
313;Mannen en Vrouwen;5 jaar;2027;2519;1792;727
314;Mannen en Vrouwen;5 jaar;2028;2559;1864;695
315;Mannen en Vrouwen;5 jaar;2029;2577;1919;658
316;Mannen en Vrouwen;5 jaar;2030;2581;1965;616
317;Mannen en Vrouwen;5 jaar;2031;2592;1981;611
318;Mannen en Vrouwen;5 jaar;2032;2603;1998;605
319;Mannen en Vrouwen;5 jaar;2033;2615;2010;605
320;Mannen en Vrouwen;5 jaar;2034;2616;2016;600
321;Mannen en Vrouwen;5 jaar;2035;2625;2018;607
322;Mannen en Vrouwen;5 jaar;2036;2628;2019;609
323;Mannen en Vrouwen;5 jaar;2037;2627;2016;611
324;Mannen en Vrouwen;5 jaar;2038;2627;2011;616
325;Mannen en Vrouwen;5 jaar;2039;2628;2006;622
326;Mannen en Vrouwen;5 jaar;2040;2623;2000;623
327;Mannen en Vrouwen;5 jaar;2041;2621;1994;627
328;Mannen en Vrouwen;5 jaar;2042;2615;1987;628
329;Mannen en Vrouwen;5 jaar;2043;2612;1978;634
330;Mannen en Vrouwen;5 jaar;2044;2609;1970;639
331;Mannen en Vrouwen;5 jaar;2045;2603;1962;641
332;Mannen en Vrouwen;5 jaar;2046;2601;1955;646
333;Mannen en Vrouwen;5 jaar;2047;2599;1947;652
334;Mannen en Vrouwen;5 jaar;2048;2597;1939;658
335;Mannen en Vrouwen;5 jaar;2049;2595;1933;662
336;Mannen en Vrouwen;5 jaar;2050;2593;1926;667
337;Mannen en Vrouwen;5 jaar;2051;2595;1920;675
338;Mannen en Vrouwen;5 jaar;2052;2590;1916;674
339;Mannen en Vrouwen;5 jaar;2053;2588;1912;676
340;Mannen en Vrouwen;5 jaar;2054;2587;1908;679
341;Mannen en Vrouwen;5 jaar;2055;2587;1905;682
342;Mannen en Vrouwen;5 jaar;2056;2587;1905;682
343;Mannen en Vrouwen;5 jaar;2057;2589;1903;686
344;Mannen en Vrouwen;5 jaar;2058;2590;1904;686
345;Mannen en Vrouwen;5 jaar;2059;2593;1905;688
346;Mannen en Vrouwen;5 jaar;2060;2596;1909;687
347;Mannen en Vrouwen;5 jaar;2061;2600;1912;688
348;Mannen en Vrouwen;5 jaar;2062;2605;1916;689
349;Mannen en Vrouwen;5 jaar;2063;2610;1920;690
350;Mannen en Vrouwen;5 jaar;2064;2612;1924;688
351;Mannen en Vrouwen;5 jaar;2065;2616;1928;688
352;Mannen en Vrouwen;5 jaar;2066;2621;1931;690
353;Mannen en Vrouwen;5 jaar;2067;2622;1933;689
354;Mannen en Vrouwen;5 jaar;2068;2625;1936;689
355;Mannen en Vrouwen;5 jaar;2069;2624;1936;688
356;Mannen en Vrouwen;5 jaar;2070;2624;1940;684
357;Mannen en Vrouwen;6 jaar;2020;1744;1171;573
358;Mannen en Vrouwen;6 jaar;2021;1988;1363;625
359;Mannen en Vrouwen;6 jaar;2022;2282;1388;894
360;Mannen en Vrouwen;6 jaar;2023;2333;1456;877
361;Mannen en Vrouwen;6 jaar;2024;2332;1526;806
362;Mannen en Vrouwen;6 jaar;2025;2369;1555;814
363;Mannen en Vrouwen;6 jaar;2026;2378;1575;803
364;Mannen en Vrouwen;6 jaar;2027;2377;1616;761
365;Mannen en Vrouwen;6 jaar;2028;2412;1676;736
366;Mannen en Vrouwen;6 jaar;2029;2431;1735;696
367;Mannen en Vrouwen;6 jaar;2030;2446;1784;662
368;Mannen en Vrouwen;6 jaar;2031;2455;1811;644
369;Mannen en Vrouwen;6 jaar;2032;2468;1824;644
370;Mannen en Vrouwen;6 jaar;2033;2482;1836;646
371;Mannen en Vrouwen;6 jaar;2034;2486;1845;641
372;Mannen en Vrouwen;6 jaar;2035;2495;1852;643
373;Mannen en Vrouwen;6 jaar;2036;2502;1854;648
374;Mannen en Vrouwen;6 jaar;2037;2504;1857;647
375;Mannen en Vrouwen;6 jaar;2038;2500;1852;648
376;Mannen en Vrouwen;6 jaar;2039;2500;1848;652
377;Mannen en Vrouwen;6 jaar;2040;2498;1844;654
378;Mannen en Vrouwen;6 jaar;2041;2496;1840;656
379;Mannen en Vrouwen;6 jaar;2042;2494;1835;659
380;Mannen en Vrouwen;6 jaar;2043;2488;1827;661
381;Mannen en Vrouwen;6 jaar;2044;2484;1821;663
382;Mannen en Vrouwen;6 jaar;2045;2480;1812;668
383;Mannen en Vrouwen;6 jaar;2046;2477;1807;670
384;Mannen en Vrouwen;6 jaar;2047;2475;1800;675
385;Mannen en Vrouwen;6 jaar;2048;2471;1791;680
386;Mannen en Vrouwen;6 jaar;2049;2469;1785;684
387;Mannen en Vrouwen;6 jaar;2050;2468;1778;690
388;Mannen en Vrouwen;6 jaar;2051;2469;1774;695
389;Mannen en Vrouwen;6 jaar;2052;2467;1770;697
390;Mannen en Vrouwen;6 jaar;2053;2464;1765;699
391;Mannen en Vrouwen;6 jaar;2054;2462;1760;702
392;Mannen en Vrouwen;6 jaar;2055;2463;1757;706
393;Mannen en Vrouwen;6 jaar;2056;2462;1754;708
394;Mannen en Vrouwen;6 jaar;2057;2463;1753;710
395;Mannen en Vrouwen;6 jaar;2058;2468;1753;715
396;Mannen en Vrouwen;6 jaar;2059;2469;1754;715
397;Mannen en Vrouwen;6 jaar;2060;2472;1756;716
398;Mannen en Vrouwen;6 jaar;2061;2475;1758;717
399;Mannen en Vrouwen;6 jaar;2062;2478;1760;718
400;Mannen en Vrouwen;6 jaar;2063;2482;1764;718
401;Mannen en Vrouwen;6 jaar;2064;2483;1767;716
402;Mannen en Vrouwen;6 jaar;2065;2487;1772;715
403;Mannen en Vrouwen;6 jaar;2066;2491;1776;715
404;Mannen en Vrouwen;6 jaar;2067;2496;1779;717
405;Mannen en Vrouwen;6 jaar;2068;2500;1780;720
406;Mannen en Vrouwen;6 jaar;2069;2504;1782;722
407;Mannen en Vrouwen;6 jaar;2070;2504;1786;718
408;Mannen en Vrouwen;7 jaar;2020;1641;1013;628
409;Mannen en Vrouwen;7 jaar;2021;1892;1220;672
410;Mannen en Vrouwen;7 jaar;2022;2146;1236;910
411;Mannen en Vrouwen;7 jaar;2023;2205;1307;898
412;Mannen en Vrouwen;7 jaar;2024;2200;1362;838
413;Mannen en Vrouwen;7 jaar;2025;2228;1418;810
414;Mannen en Vrouwen;7 jaar;2026;2248;1432;816
415;Mannen en Vrouwen;7 jaar;2027;2257;1446;811
416;Mannen en Vrouwen;7 jaar;2028;2264;1475;789
417;Mannen en Vrouwen;7 jaar;2029;2277;1522;755
418;Mannen en Vrouwen;7 jaar;2030;2289;1572;717
419;Mannen en Vrouwen;7 jaar;2031;2309;1602;707
420;Mannen en Vrouwen;7 jaar;2032;2325;1622;703
421;Mannen en Vrouwen;7 jaar;2033;2331;1630;701
422;Mannen en Vrouwen;7 jaar;2034;2341;1640;701
423;Mannen en Vrouwen;7 jaar;2035;2353;1648;705
424;Mannen en Vrouwen;7 jaar;2036;2360;1654;706
425;Mannen en Vrouwen;7 jaar;2037;2362;1658;704
426;Mannen en Vrouwen;7 jaar;2038;2364;1659;705
427;Mannen en Vrouwen;7 jaar;2039;2362;1655;707
428;Mannen en Vrouwen;7 jaar;2040;2358;1652;706
429;Mannen en Vrouwen;7 jaar;2041;2357;1648;709
430;Mannen en Vrouwen;7 jaar;2042;2356;1644;712
431;Mannen en Vrouwen;7 jaar;2043;2356;1640;716
432;Mannen en Vrouwen;7 jaar;2044;2354;1634;720
433;Mannen en Vrouwen;7 jaar;2045;2352;1627;725
434;Mannen en Vrouwen;7 jaar;2046;2348;1622;726
435;Mannen en Vrouwen;7 jaar;2047;2344;1615;729
436;Mannen en Vrouwen;7 jaar;2048;2341;1608;733
437;Mannen en Vrouwen;7 jaar;2049;2338;1603;735
438;Mannen en Vrouwen;7 jaar;2050;2337;1596;741
439;Mannen en Vrouwen;7 jaar;2051;2338;1592;746
440;Mannen en Vrouwen;7 jaar;2052;2338;1586;752
441;Mannen en Vrouwen;7 jaar;2053;2337;1582;755
442;Mannen en Vrouwen;7 jaar;2054;2336;1578;758
443;Mannen en Vrouwen;7 jaar;2055;2333;1574;759
444;Mannen en Vrouwen;7 jaar;2056;2333;1572;761
445;Mannen en Vrouwen;7 jaar;2057;2335;1570;765
446;Mannen en Vrouwen;7 jaar;2058;2335;1568;767
447;Mannen en Vrouwen;7 jaar;2059;2335;1568;767
448;Mannen en Vrouwen;7 jaar;2060;2335;1569;766
449;Mannen en Vrouwen;7 jaar;2061;2338;1570;768
450;Mannen en Vrouwen;7 jaar;2062;2339;1573;766
451;Mannen en Vrouwen;7 jaar;2063;2344;1575;769
452;Mannen en Vrouwen;7 jaar;2064;2348;1579;769
453;Mannen en Vrouwen;7 jaar;2065;2352;1582;770
454;Mannen en Vrouwen;7 jaar;2066;2352;1585;767
455;Mannen en Vrouwen;7 jaar;2067;2356;1588;768
456;Mannen en Vrouwen;7 jaar;2068;2356;1591;765
457;Mannen en Vrouwen;7 jaar;2069;2360;1594;766
458;Mannen en Vrouwen;7 jaar;2070;2360;1598;762
459;Mannen en Vrouwen;8 jaar;2020;1608;922;686
460;Mannen en Vrouwen;8 jaar;2021;1819;1072;747
461;Mannen en Vrouwen;8 jaar;2022;2077;1118;959
462;Mannen en Vrouwen;8 jaar;2023;2122;1177;945
463;Mannen en Vrouwen;8 jaar;2024;2134;1235;899
464;Mannen en Vrouwen;8 jaar;2025;2150;1278;872
465;Mannen en Vrouwen;8 jaar;2026;2164;1315;849
466;Mannen en Vrouwen;8 jaar;2027;2182;1325;857
467;Mannen en Vrouwen;8 jaar;2028;2188;1332;856
468;Mannen en Vrouwen;8 jaar;2029;2181;1352;829
469;Mannen en Vrouwen;8 jaar;2030;2197;1392;805
470;Mannen en Vrouwen;8 jaar;2031;2209;1424;785
471;Mannen en Vrouwen;8 jaar;2032;2225;1449;776
472;Mannen en Vrouwen;8 jaar;2033;2236;1464;772
473;Mannen en Vrouwen;8 jaar;2034;2246;1470;776
474;Mannen en Vrouwen;8 jaar;2035;2258;1480;778
475;Mannen en Vrouwen;8 jaar;2036;2267;1488;779
476;Mannen en Vrouwen;8 jaar;2037;2273;1494;779
477;Mannen en Vrouwen;8 jaar;2038;2276;1496;780
478;Mannen en Vrouwen;8 jaar;2039;2277;1496;781
479;Mannen en Vrouwen;8 jaar;2040;2276;1494;782
480;Mannen en Vrouwen;8 jaar;2041;2273;1490;783
481;Mannen en Vrouwen;8 jaar;2042;2274;1488;786
482;Mannen en Vrouwen;8 jaar;2043;2273;1484;789
483;Mannen en Vrouwen;8 jaar;2044;2271;1480;791
484;Mannen en Vrouwen;8 jaar;2045;2270;1475;795
485;Mannen en Vrouwen;8 jaar;2046;2266;1469;797
486;Mannen en Vrouwen;8 jaar;2047;2262;1463;799
487;Mannen en Vrouwen;8 jaar;2048;2259;1457;802
488;Mannen en Vrouwen;8 jaar;2049;2257;1452;805
489;Mannen en Vrouwen;8 jaar;2050;2255;1446;809
490;Mannen en Vrouwen;8 jaar;2051;2255;1441;814
491;Mannen en Vrouwen;8 jaar;2052;2254;1437;817
492;Mannen en Vrouwen;8 jaar;2053;2253;1432;821
493;Mannen en Vrouwen;8 jaar;2054;2252;1428;824
494;Mannen en Vrouwen;8 jaar;2055;2249;1426;823
495;Mannen en Vrouwen;8 jaar;2056;2247;1422;825
496;Mannen en Vrouwen;8 jaar;2057;2246;1419;827
497;Mannen en Vrouwen;8 jaar;2058;2247;1418;829
498;Mannen en Vrouwen;8 jaar;2059;2248;1416;832
499;Mannen en Vrouwen;8 jaar;2060;2250;1416;834
500;Mannen en Vrouwen;8 jaar;2061;2252;1417;835
501;Mannen en Vrouwen;8 jaar;2062;2252;1418;834
502;Mannen en Vrouwen;8 jaar;2063;2255;1420;835
503;Mannen en Vrouwen;8 jaar;2064;2257;1422;835
504;Mannen en Vrouwen;8 jaar;2065;2260;1426;834
505;Mannen en Vrouwen;8 jaar;2066;2263;1428;835
506;Mannen en Vrouwen;8 jaar;2067;2267;1432;835
507;Mannen en Vrouwen;8 jaar;2068;2269;1435;834
508;Mannen en Vrouwen;8 jaar;2069;2273;1438;835
509;Mannen en Vrouwen;8 jaar;2070;2274;1442;832
510;Mannen en Vrouwen;9 jaar;2020;1567;827;740
511;Mannen en Vrouwen;9 jaar;2021;1778;988;790
512;Mannen en Vrouwen;9 jaar;2022;2006;992;1014
513;Mannen en Vrouwen;9 jaar;2023;2070;1076;994
514;Mannen en Vrouwen;9 jaar;2024;2064;1125;939
515;Mannen en Vrouwen;9 jaar;2025;2099;1173;926
516;Mannen en Vrouwen;9 jaar;2026;2103;1202;901
517;Mannen en Vrouwen;9 jaar;2027;2109;1234;875
518;Mannen en Vrouwen;9 jaar;2028;2136;1238;898
519;Mannen en Vrouwen;9 jaar;2029;2124;1243;881
520;Mannen en Vrouwen;9 jaar;2030;2120;1259;861
521;Mannen en Vrouwen;9 jaar;2031;2137;1284;853
522;Mannen en Vrouwen;9 jaar;2032;2150;1311;839
523;Mannen en Vrouwen;9 jaar;2033;2162;1330;832
524;Mannen en Vrouwen;9 jaar;2034;2175;1342;833
525;Mannen en Vrouwen;9 jaar;2035;2185;1348;837
526;Mannen en Vrouwen;9 jaar;2036;2194;1358;836
527;Mannen en Vrouwen;9 jaar;2037;2200;1364;836
528;Mannen en Vrouwen;9 jaar;2038;2207;1370;837
529;Mannen en Vrouwen;9 jaar;2039;2207;1372;835
530;Mannen en Vrouwen;9 jaar;2040;2213;1373;840
531;Mannen en Vrouwen;9 jaar;2041;2211;1370;841
532;Mannen en Vrouwen;9 jaar;2042;2210;1368;842
533;Mannen en Vrouwen;9 jaar;2043;2208;1366;842
534;Mannen en Vrouwen;9 jaar;2044;2205;1361;844
535;Mannen en Vrouwen;9 jaar;2045;2202;1359;843
536;Mannen en Vrouwen;9 jaar;2046;2201;1355;846
537;Mannen en Vrouwen;9 jaar;2047;2198;1349;849
538;Mannen en Vrouwen;9 jaar;2048;2196;1343;853
539;Mannen en Vrouwen;9 jaar;2049;2194;1338;856
540;Mannen en Vrouwen;9 jaar;2050;2192;1333;859
541;Mannen en Vrouwen;9 jaar;2051;2188;1329;859
542;Mannen en Vrouwen;9 jaar;2052;2188;1325;863
543;Mannen en Vrouwen;9 jaar;2053;2185;1321;864
544;Mannen en Vrouwen;9 jaar;2054;2184;1316;868
545;Mannen en Vrouwen;9 jaar;2055;2183;1313;870
546;Mannen en Vrouwen;9 jaar;2056;2182;1309;873
547;Mannen en Vrouwen;9 jaar;2057;2180;1307;873
548;Mannen en Vrouwen;9 jaar;2058;2178;1304;874
549;Mannen en Vrouwen;9 jaar;2059;2182;1304;878
550;Mannen en Vrouwen;9 jaar;2060;2184;1302;882
551;Mannen en Vrouwen;9 jaar;2061;2185;1302;883
552;Mannen en Vrouwen;9 jaar;2062;2185;1303;882
553;Mannen en Vrouwen;9 jaar;2063;2190;1304;886
554;Mannen en Vrouwen;9 jaar;2064;2192;1306;886
555;Mannen en Vrouwen;9 jaar;2065;2195;1307;888
556;Mannen en Vrouwen;9 jaar;2066;2198;1309;889
557;Mannen en Vrouwen;9 jaar;2067;2202;1313;889
558;Mannen en Vrouwen;9 jaar;2068;2204;1315;889
559;Mannen en Vrouwen;9 jaar;2069;2206;1318;888
560;Mannen en Vrouwen;9 jaar;2070;2206;1324;882
561;Mannen en Vrouwen;10 jaar;2020;1510;770;740
562;Mannen en Vrouwen;10 jaar;2021;1713;900;813
563;Mannen en Vrouwen;10 jaar;2022;1934;922;1012
564;Mannen en Vrouwen;10 jaar;2023;1974;968;1006
565;Mannen en Vrouwen;10 jaar;2024;1976;1042;934
566;Mannen en Vrouwen;10 jaar;2025;2000;1086;914
567;Mannen en Vrouwen;10 jaar;2026;2011;1119;892
568;Mannen en Vrouwen;10 jaar;2027;2019;1142;877
569;Mannen en Vrouwen;10 jaar;2028;2033;1166;867
570;Mannen en Vrouwen;10 jaar;2029;2036;1169;867
571;Mannen en Vrouwen;10 jaar;2030;2025;1172;853
572;Mannen en Vrouwen;10 jaar;2031;2026;1177;849
573;Mannen en Vrouwen;10 jaar;2032;2037;1198;839
574;Mannen en Vrouwen;10 jaar;2033;2050;1220;830
575;Mannen en Vrouwen;10 jaar;2034;2065;1236;829
576;Mannen en Vrouwen;10 jaar;2035;2078;1247;831
577;Mannen en Vrouwen;10 jaar;2036;2085;1252;833
578;Mannen en Vrouwen;10 jaar;2037;2094;1259;835
579;Mannen en Vrouwen;10 jaar;2038;2099;1266;833
580;Mannen en Vrouwen;10 jaar;2039;2101;1270;831
581;Mannen en Vrouwen;10 jaar;2040;2102;1272;830
582;Mannen en Vrouwen;10 jaar;2041;2107;1273;834
583;Mannen en Vrouwen;10 jaar;2042;2104;1271;833
584;Mannen en Vrouwen;10 jaar;2043;2104;1267;837
585;Mannen en Vrouwen;10 jaar;2044;2104;1266;838
586;Mannen en Vrouwen;10 jaar;2045;2102;1263;839
587;Mannen en Vrouwen;10 jaar;2046;2101;1258;843
588;Mannen en Vrouwen;10 jaar;2047;2099;1255;844
589;Mannen en Vrouwen;10 jaar;2048;2097;1251;846
590;Mannen en Vrouwen;10 jaar;2049;2091;1245;846
591;Mannen en Vrouwen;10 jaar;2050;2085;1240;845
592;Mannen en Vrouwen;10 jaar;2051;2084;1236;848
593;Mannen en Vrouwen;10 jaar;2052;2083;1232;851
594;Mannen en Vrouwen;10 jaar;2053;2082;1229;853
595;Mannen en Vrouwen;10 jaar;2054;2084;1224;860
596;Mannen en Vrouwen;10 jaar;2055;2085;1221;864
597;Mannen en Vrouwen;10 jaar;2056;2083;1217;866
598;Mannen en Vrouwen;10 jaar;2057;2078;1215;863
599;Mannen en Vrouwen;10 jaar;2058;2077;1212;865
600;Mannen en Vrouwen;10 jaar;2059;2077;1210;867
601;Mannen en Vrouwen;10 jaar;2060;2080;1209;871
602;Mannen en Vrouwen;10 jaar;2061;2080;1208;872
603;Mannen en Vrouwen;10 jaar;2062;2082;1208;874
604;Mannen en Vrouwen;10 jaar;2063;2082;1209;873
605;Mannen en Vrouwen;10 jaar;2064;2087;1209;878
606;Mannen en Vrouwen;10 jaar;2065;2089;1211;878
607;Mannen en Vrouwen;10 jaar;2066;2093;1212;881
608;Mannen en Vrouwen;10 jaar;2067;2095;1215;880
609;Mannen en Vrouwen;10 jaar;2068;2101;1218;883
610;Mannen en Vrouwen;10 jaar;2069;2103;1219;884
611;Mannen en Vrouwen;10 jaar;2070;2103;1224;879
612;Mannen en Vrouwen;11 jaar;2020;1437;697;740
613;Mannen en Vrouwen;11 jaar;2021;1641;838;803
614;Mannen en Vrouwen;11 jaar;2022;1853;842;1011
615;Mannen en Vrouwen;11 jaar;2023;1888;900;988
616;Mannen en Vrouwen;11 jaar;2024;1868;940;928
617;Mannen en Vrouwen;11 jaar;2025;1901;1002;899
618;Mannen en Vrouwen;11 jaar;2026;1910;1033;877
619;Mannen en Vrouwen;11 jaar;2027;1922;1058;864
620;Mannen en Vrouwen;11 jaar;2028;1929;1075;854
621;Mannen en Vrouwen;11 jaar;2029;1928;1096;832
622;Mannen en Vrouwen;11 jaar;2030;1934;1098;836
623;Mannen en Vrouwen;11 jaar;2031;1932;1092;840
624;Mannen en Vrouwen;11 jaar;2032;1925;1096;829
625;Mannen en Vrouwen;11 jaar;2033;1932;1112;820
626;Mannen en Vrouwen;11 jaar;2034;1949;1130;819
627;Mannen en Vrouwen;11 jaar;2035;1961;1143;818
628;Mannen en Vrouwen;11 jaar;2036;1972;1154;818
629;Mannen en Vrouwen;11 jaar;2037;1981;1157;824
630;Mannen en Vrouwen;11 jaar;2038;1991;1164;827
631;Mannen en Vrouwen;11 jaar;2039;1995;1169;826
632;Mannen en Vrouwen;11 jaar;2040;1999;1173;826
633;Mannen en Vrouwen;11 jaar;2041;2001;1174;827
634;Mannen en Vrouwen;11 jaar;2042;2003;1175;828
635;Mannen en Vrouwen;11 jaar;2043;2001;1173;828
636;Mannen en Vrouwen;11 jaar;2044;2000;1171;829
637;Mannen en Vrouwen;11 jaar;2045;1999;1168;831
638;Mannen en Vrouwen;11 jaar;2046;2000;1166;834
639;Mannen en Vrouwen;11 jaar;2047;1995;1163;832
640;Mannen en Vrouwen;11 jaar;2048;1992;1158;834
641;Mannen en Vrouwen;11 jaar;2049;1990;1154;836
642;Mannen en Vrouwen;11 jaar;2050;1989;1151;838
643;Mannen en Vrouwen;11 jaar;2051;1986;1146;840
644;Mannen en Vrouwen;11 jaar;2052;1983;1142;841
645;Mannen en Vrouwen;11 jaar;2053;1983;1138;845
646;Mannen en Vrouwen;11 jaar;2054;1982;1135;847
647;Mannen en Vrouwen;11 jaar;2055;1980;1131;849
648;Mannen en Vrouwen;11 jaar;2056;1981;1128;853
649;Mannen en Vrouwen;11 jaar;2057;1977;1126;851
650;Mannen en Vrouwen;11 jaar;2058;1978;1123;855
651;Mannen en Vrouwen;11 jaar;2059;1975;1121;854
652;Mannen en Vrouwen;11 jaar;2060;1974;1119;855
653;Mannen en Vrouwen;11 jaar;2061;1975;1117;858
654;Mannen en Vrouwen;11 jaar;2062;1977;1116;861
655;Mannen en Vrouwen;11 jaar;2063;1978;1115;863
656;Mannen en Vrouwen;11 jaar;2064;1979;1115;864
657;Mannen en Vrouwen;11 jaar;2065;1983;1117;866
658;Mannen en Vrouwen;11 jaar;2066;1985;1117;868
659;Mannen en Vrouwen;11 jaar;2067;1986;1119;867
660;Mannen en Vrouwen;11 jaar;2068;1987;1122;865
661;Mannen en Vrouwen;11 jaar;2069;1991;1124;867
662;Mannen en Vrouwen;11 jaar;2070;1991;1128;863
663;Mannen en Vrouwen;12 jaar;2020;1374;657;717
664;Mannen en Vrouwen;12 jaar;2021;1575;775;800
665;Mannen en Vrouwen;12 jaar;2022;1780;799;981
666;Mannen en Vrouwen;12 jaar;2023;1807;836;971
667;Mannen en Vrouwen;12 jaar;2024;1806;889;917
668;Mannen en Vrouwen;12 jaar;2025;1806;922;884
669;Mannen en Vrouwen;12 jaar;2026;1824;973;851
670;Mannen en Vrouwen;12 jaar;2027;1830;998;832
671;Mannen en Vrouwen;12 jaar;2028;1852;1018;834
672;Mannen en Vrouwen;12 jaar;2029;1842;1031;811
673;Mannen en Vrouwen;12 jaar;2030;1842;1050;792
674;Mannen en Vrouwen;12 jaar;2031;1847;1044;803
675;Mannen en Vrouwen;12 jaar;2032;1843;1038;805
676;Mannen en Vrouwen;12 jaar;2033;1836;1040;796
677;Mannen en Vrouwen;12 jaar;2034;1848;1052;796
678;Mannen en Vrouwen;12 jaar;2035;1862;1068;794
679;Mannen en Vrouwen;12 jaar;2036;1874;1082;792
680;Mannen en Vrouwen;12 jaar;2037;1879;1090;789
681;Mannen en Vrouwen;12 jaar;2038;1887;1094;793
682;Mannen en Vrouwen;12 jaar;2039;1899;1100;799
683;Mannen en Vrouwen;12 jaar;2040;1904;1105;799
684;Mannen en Vrouwen;12 jaar;2041;1906;1108;798
685;Mannen en Vrouwen;12 jaar;2042;1907;1110;797
686;Mannen en Vrouwen;12 jaar;2043;1909;1109;800
687;Mannen en Vrouwen;12 jaar;2044;1906;1108;798
688;Mannen en Vrouwen;12 jaar;2045;1905;1107;798
689;Mannen en Vrouwen;12 jaar;2046;1905;1104;801
690;Mannen en Vrouwen;12 jaar;2047;1905;1101;804
691;Mannen en Vrouwen;12 jaar;2048;1904;1099;805
692;Mannen en Vrouwen;12 jaar;2049;1902;1094;808
693;Mannen en Vrouwen;12 jaar;2050;1899;1091;808
694;Mannen en Vrouwen;12 jaar;2051;1896;1087;809
695;Mannen en Vrouwen;12 jaar;2052;1894;1083;811
696;Mannen en Vrouwen;12 jaar;2053;1894;1080;814
697;Mannen en Vrouwen;12 jaar;2054;1892;1075;817
698;Mannen en Vrouwen;12 jaar;2055;1892;1072;820
699;Mannen en Vrouwen;12 jaar;2056;1891;1070;821
700;Mannen en Vrouwen;12 jaar;2057;1890;1066;824
701;Mannen en Vrouwen;12 jaar;2058;1888;1064;824
702;Mannen en Vrouwen;12 jaar;2059;1888;1062;826
703;Mannen en Vrouwen;12 jaar;2060;1887;1059;828
704;Mannen en Vrouwen;12 jaar;2061;1886;1058;828
705;Mannen en Vrouwen;12 jaar;2062;1887;1056;831
706;Mannen en Vrouwen;12 jaar;2063;1889;1056;833
707;Mannen en Vrouwen;12 jaar;2064;1890;1056;834
708;Mannen en Vrouwen;12 jaar;2065;1892;1055;837
709;Mannen en Vrouwen;12 jaar;2066;1895;1057;838
710;Mannen en Vrouwen;12 jaar;2067;1898;1058;840
711;Mannen en Vrouwen;12 jaar;2068;1897;1060;837
712;Mannen en Vrouwen;12 jaar;2069;1899;1060;839
713;Mannen en Vrouwen;12 jaar;2070;1899;1064;835
714;Mannen en Vrouwen;13 jaar;2020;1318;618;700
715;Mannen en Vrouwen;13 jaar;2021;1518;751;767
716;Mannen en Vrouwen;13 jaar;2022;1710;759;951
717;Mannen en Vrouwen;13 jaar;2023;1750;814;936
718;Mannen en Vrouwen;13 jaar;2024;1743;848;895
719;Mannen en Vrouwen;13 jaar;2025;1754;897;857
720;Mannen en Vrouwen;13 jaar;2026;1753;922;831
721;Mannen en Vrouwen;13 jaar;2027;1769;968;801
722;Mannen en Vrouwen;13 jaar;2028;1779;988;791
723;Mannen en Vrouwen;13 jaar;2029;1780;1005;775
724;Mannen en Vrouwen;13 jaar;2030;1774;1017;757
725;Mannen en Vrouwen;13 jaar;2031;1778;1027;751
726;Mannen en Vrouwen;13 jaar;2032;1779;1021;758
727;Mannen en Vrouwen;13 jaar;2033;1775;1013;762
728;Mannen en Vrouwen;13 jaar;2034;1770;1013;757
729;Mannen en Vrouwen;13 jaar;2035;1778;1026;752
730;Mannen en Vrouwen;13 jaar;2036;1794;1041;753
731;Mannen en Vrouwen;13 jaar;2037;1806;1052;754
732;Mannen en Vrouwen;13 jaar;2038;1811;1060;751
733;Mannen en Vrouwen;13 jaar;2039;1817;1063;754
734;Mannen en Vrouwen;13 jaar;2040;1829;1069;760
735;Mannen en Vrouwen;13 jaar;2041;1833;1073;760
736;Mannen en Vrouwen;13 jaar;2042;1835;1076;759
737;Mannen en Vrouwen;13 jaar;2043;1838;1076;762
738;Mannen en Vrouwen;13 jaar;2044;1839;1077;762
739;Mannen en Vrouwen;13 jaar;2045;1836;1076;760
740;Mannen en Vrouwen;13 jaar;2046;1835;1074;761
741;Mannen en Vrouwen;13 jaar;2047;1835;1070;765
742;Mannen en Vrouwen;13 jaar;2048;1833;1069;764
743;Mannen en Vrouwen;13 jaar;2049;1833;1066;767
744;Mannen en Vrouwen;13 jaar;2050;1830;1062;768
745;Mannen en Vrouwen;13 jaar;2051;1828;1058;770
746;Mannen en Vrouwen;13 jaar;2052;1827;1056;771
747;Mannen en Vrouwen;13 jaar;2053;1824;1051;773
748;Mannen en Vrouwen;13 jaar;2054;1823;1048;775
749;Mannen en Vrouwen;13 jaar;2055;1825;1045;780
750;Mannen en Vrouwen;13 jaar;2056;1822;1041;781
751;Mannen en Vrouwen;13 jaar;2057;1821;1039;782
752;Mannen en Vrouwen;13 jaar;2058;1819;1035;784
753;Mannen en Vrouwen;13 jaar;2059;1819;1035;784
754;Mannen en Vrouwen;13 jaar;2060;1818;1031;787
755;Mannen en Vrouwen;13 jaar;2061;1818;1030;788
756;Mannen en Vrouwen;13 jaar;2062;1816;1028;788
757;Mannen en Vrouwen;13 jaar;2063;1818;1027;791
758;Mannen en Vrouwen;13 jaar;2064;1820;1026;794
759;Mannen en Vrouwen;13 jaar;2065;1820;1026;794
760;Mannen en Vrouwen;13 jaar;2066;1820;1026;794
761;Mannen en Vrouwen;13 jaar;2067;1823;1026;797
762;Mannen en Vrouwen;13 jaar;2068;1826;1026;800
763;Mannen en Vrouwen;13 jaar;2069;1826;1028;798
764;Mannen en Vrouwen;13 jaar;2070;1826;1031;795
765;Mannen en Vrouwen;14 jaar;2020;1295;583;712
766;Mannen en Vrouwen;14 jaar;2021;1476;707;769
767;Mannen en Vrouwen;14 jaar;2022;1678;735;943
768;Mannen en Vrouwen;14 jaar;2023;1721;773;948
769;Mannen en Vrouwen;14 jaar;2024;1719;825;894
770;Mannen en Vrouwen;14 jaar;2025;1731;855;876
771;Mannen en Vrouwen;14 jaar;2026;1737;893;844
772;Mannen en Vrouwen;14 jaar;2027;1737;913;824
773;Mannen en Vrouwen;14 jaar;2028;1756;953;803
774;Mannen en Vrouwen;14 jaar;2029;1751;970;781
775;Mannen en Vrouwen;14 jaar;2030;1754;983;771
776;Mannen en Vrouwen;14 jaar;2031;1751;987;764
777;Mannen en Vrouwen;14 jaar;2032;1754;996;758
778;Mannen en Vrouwen;14 jaar;2033;1756;989;767
779;Mannen en Vrouwen;14 jaar;2034;1753;980;773
780;Mannen en Vrouwen;14 jaar;2035;1749;982;767
781;Mannen en Vrouwen;14 jaar;2036;1757;994;763
782;Mannen en Vrouwen;14 jaar;2037;1768;1007;761
783;Mannen en Vrouwen;14 jaar;2038;1781;1017;764
784;Mannen en Vrouwen;14 jaar;2039;1786;1024;762
785;Mannen en Vrouwen;14 jaar;2040;1789;1027;762
786;Mannen en Vrouwen;14 jaar;2041;1799;1031;768
787;Mannen en Vrouwen;14 jaar;2042;1805;1036;769
788;Mannen en Vrouwen;14 jaar;2043;1806;1037;769
789;Mannen en Vrouwen;14 jaar;2044;1809;1038;771
790;Mannen en Vrouwen;14 jaar;2045;1810;1039;771
791;Mannen en Vrouwen;14 jaar;2046;1810;1036;774
792;Mannen en Vrouwen;14 jaar;2047;1809;1035;774
793;Mannen en Vrouwen;14 jaar;2048;1809;1034;775
794;Mannen en Vrouwen;14 jaar;2049;1809;1030;779
795;Mannen en Vrouwen;14 jaar;2050;1807;1027;780
796;Mannen en Vrouwen;14 jaar;2051;1806;1024;782
797;Mannen en Vrouwen;14 jaar;2052;1804;1021;783
798;Mannen en Vrouwen;14 jaar;2053;1802;1019;783
799;Mannen en Vrouwen;14 jaar;2054;1802;1015;787
800;Mannen en Vrouwen;14 jaar;2055;1800;1012;788
801;Mannen en Vrouwen;14 jaar;2056;1800;1009;791
802;Mannen en Vrouwen;14 jaar;2057;1798;1005;793
803;Mannen en Vrouwen;14 jaar;2058;1797;1004;793
804;Mannen en Vrouwen;14 jaar;2059;1795;1000;795
805;Mannen en Vrouwen;14 jaar;2060;1794;999;795
806;Mannen en Vrouwen;14 jaar;2061;1794;996;798
807;Mannen en Vrouwen;14 jaar;2062;1794;994;800
808;Mannen en Vrouwen;14 jaar;2063;1793;992;801
809;Mannen en Vrouwen;14 jaar;2064;1794;991;803
810;Mannen en Vrouwen;14 jaar;2065;1794;991;803
811;Mannen en Vrouwen;14 jaar;2066;1798;991;807
812;Mannen en Vrouwen;14 jaar;2067;1797;990;807
813;Mannen en Vrouwen;14 jaar;2068;1800;991;809
814;Mannen en Vrouwen;14 jaar;2069;1801;991;810
815;Mannen en Vrouwen;14 jaar;2070;1801;995;806
816;Mannen en Vrouwen;15 jaar;2020;1310;555;755
817;Mannen en Vrouwen;15 jaar;2021;1492;673;819
818;Mannen en Vrouwen;15 jaar;2022;1691;696;995
819;Mannen en Vrouwen;15 jaar;2023;1738;754;984
820;Mannen en Vrouwen;15 jaar;2024;1730;787;943
821;Mannen en Vrouwen;15 jaar;2025;1754;835;919
822;Mannen en Vrouwen;15 jaar;2026;1759;856;903
823;Mannen en Vrouwen;15 jaar;2027;1759;888;871
824;Mannen en Vrouwen;15 jaar;2028;1770;903;867
825;Mannen en Vrouwen;15 jaar;2029;1776;937;839
826;Mannen en Vrouwen;15 jaar;2030;1767;952;815
827;Mannen en Vrouwen;15 jaar;2031;1776;957;819
828;Mannen en Vrouwen;15 jaar;2032;1774;958;816
829;Mannen en Vrouwen;15 jaar;2033;1775;964;811
830;Mannen en Vrouwen;15 jaar;2034;1783;958;825
831;Mannen en Vrouwen;15 jaar;2035;1776;951;825
832;Mannen en Vrouwen;15 jaar;2036;1770;951;819
833;Mannen en Vrouwen;15 jaar;2037;1780;963;817
834;Mannen en Vrouwen;15 jaar;2038;1788;975;813
835;Mannen en Vrouwen;15 jaar;2039;1802;984;818
836;Mannen en Vrouwen;15 jaar;2040;1806;990;816
837;Mannen en Vrouwen;15 jaar;2041;1813;993;820
838;Mannen en Vrouwen;15 jaar;2042;1820;998;822
839;Mannen en Vrouwen;15 jaar;2043;1823;1000;823
840;Mannen en Vrouwen;15 jaar;2044;1828;1003;825
841;Mannen en Vrouwen;15 jaar;2045;1829;1003;826
842;Mannen en Vrouwen;15 jaar;2046;1830;1003;827
843;Mannen en Vrouwen;15 jaar;2047;1828;1002;826
844;Mannen en Vrouwen;15 jaar;2048;1827;1001;826
845;Mannen en Vrouwen;15 jaar;2049;1826;998;828
846;Mannen en Vrouwen;15 jaar;2050;1827;995;832
847;Mannen en Vrouwen;15 jaar;2051;1826;993;833
848;Mannen en Vrouwen;15 jaar;2052;1824;991;833
849;Mannen en Vrouwen;15 jaar;2053;1823;987;836
850;Mannen en Vrouwen;15 jaar;2054;1823;984;839
851;Mannen en Vrouwen;15 jaar;2055;1822;981;841
852;Mannen en Vrouwen;15 jaar;2056;1819;978;841
853;Mannen en Vrouwen;15 jaar;2057;1817;976;841
854;Mannen en Vrouwen;15 jaar;2058;1819;972;847
855;Mannen en Vrouwen;15 jaar;2059;1819;970;849
856;Mannen en Vrouwen;15 jaar;2060;1819;967;852
857;Mannen en Vrouwen;15 jaar;2061;1818;966;852
858;Mannen en Vrouwen;15 jaar;2062;1818;964;854
859;Mannen en Vrouwen;15 jaar;2063;1819;962;857
860;Mannen en Vrouwen;15 jaar;2064;1816;961;855
861;Mannen en Vrouwen;15 jaar;2065;1816;959;857
862;Mannen en Vrouwen;15 jaar;2066;1818;958;860
863;Mannen en Vrouwen;15 jaar;2067;1820;958;862
864;Mannen en Vrouwen;15 jaar;2068;1819;959;860
865;Mannen en Vrouwen;15 jaar;2069;1822;958;864
866;Mannen en Vrouwen;15 jaar;2070;1822;961;861
867;Mannen en Vrouwen;16 jaar;2020;1386;527;859
868;Mannen en Vrouwen;16 jaar;2021;1587;646;941
869;Mannen en Vrouwen;16 jaar;2022;1800;667;1133
870;Mannen en Vrouwen;16 jaar;2023;1840;720;1120
871;Mannen en Vrouwen;16 jaar;2024;1841;771;1070
872;Mannen en Vrouwen;16 jaar;2025;1856;804;1052
873;Mannen en Vrouwen;16 jaar;2026;1870;843;1027
874;Mannen en Vrouwen;16 jaar;2027;1874;859;1015
875;Mannen en Vrouwen;16 jaar;2028;1887;889;998
876;Mannen en Vrouwen;16 jaar;2029;1878;901;977
877;Mannen en Vrouwen;16 jaar;2030;1887;933;954
878;Mannen en Vrouwen;16 jaar;2031;1881;938;943
879;Mannen en Vrouwen;16 jaar;2032;1891;941;950
880;Mannen en Vrouwen;16 jaar;2033;1892;941;951
881;Mannen en Vrouwen;16 jaar;2034;1893;946;947
882;Mannen en Vrouwen;16 jaar;2035;1898;940;958
883;Mannen en Vrouwen;16 jaar;2036;1887;932;955
884;Mannen en Vrouwen;16 jaar;2037;1879;934;945
885;Mannen en Vrouwen;16 jaar;2038;1890;944;946
886;Mannen en Vrouwen;16 jaar;2039;1901;955;946
887;Mannen en Vrouwen;16 jaar;2040;1912;964;948
888;Mannen en Vrouwen;16 jaar;2041;1922;970;952
889;Mannen en Vrouwen;16 jaar;2042;1926;972;954
890;Mannen en Vrouwen;16 jaar;2043;1930;977;953
891;Mannen en Vrouwen;16 jaar;2044;1937;979;958
892;Mannen en Vrouwen;16 jaar;2045;1940;982;958
893;Mannen en Vrouwen;16 jaar;2046;1942;982;960
894;Mannen en Vrouwen;16 jaar;2047;1943;981;962
895;Mannen en Vrouwen;16 jaar;2048;1944;980;964
896;Mannen en Vrouwen;16 jaar;2049;1942;978;964
897;Mannen en Vrouwen;16 jaar;2050;1942;975;967
898;Mannen en Vrouwen;16 jaar;2051;1940;973;967
899;Mannen en Vrouwen;16 jaar;2052;1940;972;968
900;Mannen en Vrouwen;16 jaar;2053;1940;968;972
901;Mannen en Vrouwen;16 jaar;2054;1939;966;973
902;Mannen en Vrouwen;16 jaar;2055;1936;964;972
903;Mannen en Vrouwen;16 jaar;2056;1932;961;971
904;Mannen en Vrouwen;16 jaar;2057;1933;959;974
905;Mannen en Vrouwen;16 jaar;2058;1931;956;975
906;Mannen en Vrouwen;16 jaar;2059;1932;953;979
907;Mannen en Vrouwen;16 jaar;2060;1933;950;983
908;Mannen en Vrouwen;16 jaar;2061;1930;948;982
909;Mannen en Vrouwen;16 jaar;2062;1932;946;986
910;Mannen en Vrouwen;16 jaar;2063;1933;944;989
911;Mannen en Vrouwen;16 jaar;2064;1933;943;990
912;Mannen en Vrouwen;16 jaar;2065;1934;941;993
913;Mannen en Vrouwen;16 jaar;2066;1932;941;991
914;Mannen en Vrouwen;16 jaar;2067;1932;940;992
915;Mannen en Vrouwen;16 jaar;2068;1933;939;994
916;Mannen en Vrouwen;16 jaar;2069;1934;939;995
917;Mannen en Vrouwen;16 jaar;2070;1934;941;993
918;Mannen en Vrouwen;17 jaar;2020;1483;519;964
919;Mannen en Vrouwen;17 jaar;2021;1704;626;1078
920;Mannen en Vrouwen;17 jaar;2022;1943;653;1290
921;Mannen en Vrouwen;17 jaar;2023;1993;702;1291
922;Mannen en Vrouwen;17 jaar;2024;1993;753;1240
923;Mannen en Vrouwen;17 jaar;2025;2018;802;1216
924;Mannen en Vrouwen;17 jaar;2026;2029;828;1201
925;Mannen en Vrouwen;17 jaar;2027;2045;862;1183
926;Mannen en Vrouwen;17 jaar;2028;2052;875;1177
927;Mannen en Vrouwen;17 jaar;2029;2051;902;1149
928;Mannen en Vrouwen;17 jaar;2030;2035;912;1123
929;Mannen en Vrouwen;17 jaar;2031;2048;934;1114
930;Mannen en Vrouwen;17 jaar;2032;2046;938;1108
931;Mannen en Vrouwen;17 jaar;2033;2054;938;1116
932;Mannen en Vrouwen;17 jaar;2034;2054;938;1116
933;Mannen en Vrouwen;17 jaar;2035;2059;943;1116
934;Mannen en Vrouwen;17 jaar;2036;2058;937;1121
935;Mannen en Vrouwen;17 jaar;2037;2048;930;1118
936;Mannen en Vrouwen;17 jaar;2038;2043;931;1112
937;Mannen en Vrouwen;17 jaar;2039;2054;941;1113
938;Mannen en Vrouwen;17 jaar;2040;2065;951;1114
939;Mannen en Vrouwen;17 jaar;2041;2072;958;1114
940;Mannen en Vrouwen;17 jaar;2042;2081;964;1117
941;Mannen en Vrouwen;17 jaar;2043;2085;966;1119
942;Mannen en Vrouwen;17 jaar;2044;2092;970;1122
943;Mannen en Vrouwen;17 jaar;2045;2095;972;1123
944;Mannen en Vrouwen;17 jaar;2046;2100;974;1126
945;Mannen en Vrouwen;17 jaar;2047;2102;974;1128
946;Mannen en Vrouwen;17 jaar;2048;2103;973;1130
947;Mannen en Vrouwen;17 jaar;2049;2107;973;1134
948;Mannen en Vrouwen;17 jaar;2050;2105;970;1135
949;Mannen en Vrouwen;17 jaar;2051;2105;968;1137
950;Mannen en Vrouwen;17 jaar;2052;2104;966;1138
951;Mannen en Vrouwen;17 jaar;2053;2101;964;1137
952;Mannen en Vrouwen;17 jaar;2054;2101;961;1140
953;Mannen en Vrouwen;17 jaar;2055;2097;958;1139
954;Mannen en Vrouwen;17 jaar;2056;2098;955;1143
955;Mannen en Vrouwen;17 jaar;2057;2096;952;1144
956;Mannen en Vrouwen;17 jaar;2058;2093;950;1143
957;Mannen en Vrouwen;17 jaar;2059;2091;949;1142
958;Mannen en Vrouwen;17 jaar;2060;2090;945;1145
959;Mannen en Vrouwen;17 jaar;2061;2094;944;1150
960;Mannen en Vrouwen;17 jaar;2062;2095;941;1154
961;Mannen en Vrouwen;17 jaar;2063;2095;939;1156
962;Mannen en Vrouwen;17 jaar;2064;2096;938;1158
963;Mannen en Vrouwen;17 jaar;2065;2094;936;1158
964;Mannen en Vrouwen;17 jaar;2066;2092;934;1158
965;Mannen en Vrouwen;17 jaar;2067;2092;932;1160
966;Mannen en Vrouwen;17 jaar;2068;2095;932;1163
967;Mannen en Vrouwen;17 jaar;2069;2098;931;1167
968;Mannen en Vrouwen;17 jaar;2070;2098;932;1166
969;Mannen en Vrouwen;18 jaar;2020;4996;1096;3900
970;Mannen en Vrouwen;18 jaar;2021;5684;1315;4369
971;Mannen en Vrouwen;18 jaar;2022;6534;1383;5151
972;Mannen en Vrouwen;18 jaar;2023;6740;1500;5240
973;Mannen en Vrouwen;18 jaar;2024;6809;1598;5211
974;Mannen en Vrouwen;18 jaar;2025;6926;1692;5234
975;Mannen en Vrouwen;18 jaar;2026;6981;1775;5206
976;Mannen en Vrouwen;18 jaar;2027;7022;1815;5207
977;Mannen en Vrouwen;18 jaar;2028;7064;1873;5191
978;Mannen en Vrouwen;18 jaar;2029;7029;1892;5137
979;Mannen en Vrouwen;18 jaar;2030;7003;1935;5068
980;Mannen en Vrouwen;18 jaar;2031;6979;1940;5039
981;Mannen en Vrouwen;18 jaar;2032;6980;1971;5009
982;Mannen en Vrouwen;18 jaar;2033;6964;1971;4993
983;Mannen en Vrouwen;18 jaar;2034;6960;1968;4992
984;Mannen en Vrouwen;18 jaar;2035;6954;1965;4989
985;Mannen en Vrouwen;18 jaar;2036;6953;1971;4982
986;Mannen en Vrouwen;18 jaar;2037;6953;1960;4993
987;Mannen en Vrouwen;18 jaar;2038;6942;1951;4991
988;Mannen en Vrouwen;18 jaar;2039;6927;1948;4979
989;Mannen en Vrouwen;18 jaar;2040;6937;1962;4975
990;Mannen en Vrouwen;18 jaar;2041;6956;1976;4980
991;Mannen en Vrouwen;18 jaar;2042;6978;1987;4991
992;Mannen en Vrouwen;18 jaar;2043;6990;1994;4996
993;Mannen en Vrouwen;18 jaar;2044;6999;1997;5002
994;Mannen en Vrouwen;18 jaar;2045;7011;2001;5010
995;Mannen en Vrouwen;18 jaar;2046;7019;2003;5016
996;Mannen en Vrouwen;18 jaar;2047;7022;2004;5018
997;Mannen en Vrouwen;18 jaar;2048;7029;2001;5028
998;Mannen en Vrouwen;18 jaar;2049;7030;1999;5031
999;Mannen en Vrouwen;18 jaar;2050;7033;1992;5041
1000;Mannen en Vrouwen;18 jaar;2051;7031;1989;5042
1001;Mannen en Vrouwen;18 jaar;2052;7033;1985;5048
1002;Mannen en Vrouwen;18 jaar;2053;7035;1978;5057
1003;Mannen en Vrouwen;18 jaar;2054;7035;1973;5062
1004;Mannen en Vrouwen;18 jaar;2055;7033;1966;5067
1005;Mannen en Vrouwen;18 jaar;2056;7032;1959;5073
1006;Mannen en Vrouwen;18 jaar;2057;7032;1953;5079
1007;Mannen en Vrouwen;18 jaar;2058;7030;1945;5085
1008;Mannen en Vrouwen;18 jaar;2059;7027;1939;5088
1009;Mannen en Vrouwen;18 jaar;2060;7025;1933;5092
1010;Mannen en Vrouwen;18 jaar;2061;7026;1928;5098
1011;Mannen en Vrouwen;18 jaar;2062;7025;1922;5103
1012;Mannen en Vrouwen;18 jaar;2063;7025;1917;5108
1013;Mannen en Vrouwen;18 jaar;2064;7023;1912;5111
1014;Mannen en Vrouwen;18 jaar;2065;7022;1907;5115
1015;Mannen en Vrouwen;18 jaar;2066;7024;1904;5120
1016;Mannen en Vrouwen;18 jaar;2067;7022;1900;5122
1017;Mannen en Vrouwen;18 jaar;2068;7022;1897;5125
1018;Mannen en Vrouwen;18 jaar;2069;7025;1895;5130
1019;Mannen en Vrouwen;18 jaar;2070;7027;1894;5133
1020;Mannen en Vrouwen;19 jaar;2020;7157;2122;5035
1021;Mannen en Vrouwen;19 jaar;2021;8155;2333;5822
1022;Mannen en Vrouwen;19 jaar;2022;9352;2523;6829
1023;Mannen en Vrouwen;19 jaar;2023;9676;2731;6945
1024;Mannen en Vrouwen;19 jaar;2024;9774;2903;6871
1025;Mannen en Vrouwen;19 jaar;2025;9947;3043;6904
1026;Mannen en Vrouwen;19 jaar;2026;9996;3149;6847
1027;Mannen en Vrouwen;19 jaar;2027;10051;3245;6806
1028;Mannen en Vrouwen;19 jaar;2028;10091;3283;6808
1029;Mannen en Vrouwen;19 jaar;2029;10055;3336;6719
1030;Mannen en Vrouwen;19 jaar;2030;10004;3336;6668
1031;Mannen en Vrouwen;19 jaar;2031;9979;3357;6622
1032;Mannen en Vrouwen;19 jaar;2032;9929;3350;6579
1033;Mannen en Vrouwen;19 jaar;2033;9910;3376;6534
1034;Mannen en Vrouwen;19 jaar;2034;9867;3362;6505
1035;Mannen en Vrouwen;19 jaar;2035;9875;3351;6524
1036;Mannen en Vrouwen;19 jaar;2036;9868;3341;6527
1037;Mannen en Vrouwen;19 jaar;2037;9861;3342;6519
1038;Mannen en Vrouwen;19 jaar;2038;9858;3320;6538
1039;Mannen en Vrouwen;19 jaar;2039;9847;3302;6545
1040;Mannen en Vrouwen;19 jaar;2040;9825;3293;6532
1041;Mannen en Vrouwen;19 jaar;2041;9832;3304;6528
1042;Mannen en Vrouwen;19 jaar;2042;9856;3318;6538
1043;Mannen en Vrouwen;19 jaar;2043;9875;3329;6546
1044;Mannen en Vrouwen;19 jaar;2044;9893;3335;6558
1045;Mannen en Vrouwen;19 jaar;2045;9895;3334;6561
1046;Mannen en Vrouwen;19 jaar;2046;9913;3334;6579
1047;Mannen en Vrouwen;19 jaar;2047;9922;3334;6588
1048;Mannen en Vrouwen;19 jaar;2048;9929;3331;6598
1049;Mannen en Vrouwen;19 jaar;2049;9937;3326;6611
1050;Mannen en Vrouwen;19 jaar;2050;9945;3318;6627
1051;Mannen en Vrouwen;19 jaar;2051;9945;3309;6636
1052;Mannen en Vrouwen;19 jaar;2052;9944;3300;6644
1053;Mannen en Vrouwen;19 jaar;2053;9945;3289;6656
1054;Mannen en Vrouwen;19 jaar;2054;9945;3279;6666
1055;Mannen en Vrouwen;19 jaar;2055;9948;3268;6680
1056;Mannen en Vrouwen;19 jaar;2056;9948;3256;6692
1057;Mannen en Vrouwen;19 jaar;2057;9945;3245;6700
1058;Mannen en Vrouwen;19 jaar;2058;9944;3233;6711
1059;Mannen en Vrouwen;19 jaar;2059;9943;3222;6721
1060;Mannen en Vrouwen;19 jaar;2060;9940;3211;6729
1061;Mannen en Vrouwen;19 jaar;2061;9937;3200;6737
1062;Mannen en Vrouwen;19 jaar;2062;9936;3190;6746
1063;Mannen en Vrouwen;19 jaar;2063;9933;3180;6753
1064;Mannen en Vrouwen;19 jaar;2064;9932;3171;6761
1065;Mannen en Vrouwen;19 jaar;2065;9932;3164;6768
1066;Mannen en Vrouwen;19 jaar;2066;9933;3155;6778
1067;Mannen en Vrouwen;19 jaar;2067;9932;3147;6785
1068;Mannen en Vrouwen;19 jaar;2068;9933;3141;6792
1069;Mannen en Vrouwen;19 jaar;2069;9939;3135;6804
1070;Mannen en Vrouwen;19 jaar;2070;9939;3131;6808
1071;Mannen en Vrouwen;20 jaar;2020;7700;4092;3608
1072;Mannen en Vrouwen;20 jaar;2021;8797;4116;4681
1073;Mannen en Vrouwen;20 jaar;2022;10105;4289;5816
1074;Mannen en Vrouwen;20 jaar;2023;10494;4714;5780
1075;Mannen en Vrouwen;20 jaar;2024;10621;5024;5597
1076;Mannen en Vrouwen;20 jaar;2025;10811;5273;5538
1077;Mannen en Vrouwen;20 jaar;2026;10876;5424;5452
1078;Mannen en Vrouwen;20 jaar;2027;10930;5545;5385
1079;Mannen en Vrouwen;20 jaar;2028;10985;5643;5342
1080;Mannen en Vrouwen;20 jaar;2029;10945;5668;5277
1081;Mannen en Vrouwen;20 jaar;2030;10902;5703;5199
1082;Mannen en Vrouwen;20 jaar;2031;10871;5670;5201
1083;Mannen en Vrouwen;20 jaar;2032;10830;5680;5150
1084;Mannen en Vrouwen;20 jaar;2033;10780;5652;5128
1085;Mannen en Vrouwen;20 jaar;2034;10763;5670;5093
1086;Mannen en Vrouwen;20 jaar;2035;10750;5647;5103
1087;Mannen en Vrouwen;20 jaar;2036;10761;5628;5133
1088;Mannen en Vrouwen;20 jaar;2037;10750;5607;5143
1089;Mannen en Vrouwen;20 jaar;2038;10747;5601;5146
1090;Mannen en Vrouwen;20 jaar;2039;10744;5564;5180
1091;Mannen en Vrouwen;20 jaar;2040;10729;5536;5193
1092;Mannen en Vrouwen;20 jaar;2041;10712;5516;5196
1093;Mannen en Vrouwen;20 jaar;2042;10729;5524;5205
1094;Mannen en Vrouwen;20 jaar;2043;10747;5535;5212
1095;Mannen en Vrouwen;20 jaar;2044;10766;5544;5222
1096;Mannen en Vrouwen;20 jaar;2045;10781;5547;5234
1097;Mannen en Vrouwen;20 jaar;2046;10789;5538;5251
1098;Mannen en Vrouwen;20 jaar;2047;10799;5534;5265
1099;Mannen en Vrouwen;20 jaar;2048;10808;5526;5282
1100;Mannen en Vrouwen;20 jaar;2049;10817;5519;5298
1101;Mannen en Vrouwen;20 jaar;2050;10824;5505;5319
1102;Mannen en Vrouwen;20 jaar;2051;10828;5494;5334
1103;Mannen en Vrouwen;20 jaar;2052;10829;5478;5351
1104;Mannen en Vrouwen;20 jaar;2053;10829;5461;5368
1105;Mannen en Vrouwen;20 jaar;2054;10833;5443;5390
1106;Mannen en Vrouwen;20 jaar;2055;10832;5425;5407
1107;Mannen en Vrouwen;20 jaar;2056;10834;5408;5426
1108;Mannen en Vrouwen;20 jaar;2057;10832;5388;5444
1109;Mannen en Vrouwen;20 jaar;2058;10835;5369;5466
1110;Mannen en Vrouwen;20 jaar;2059;10835;5351;5484
1111;Mannen en Vrouwen;20 jaar;2060;10835;5333;5502
1112;Mannen en Vrouwen;20 jaar;2061;10835;5316;5519
1113;Mannen en Vrouwen;20 jaar;2062;10833;5298;5535
1114;Mannen en Vrouwen;20 jaar;2063;10831;5282;5549
1115;Mannen en Vrouwen;20 jaar;2064;10835;5267;5568
1116;Mannen en Vrouwen;20 jaar;2065;10835;5252;5583
1117;Mannen en Vrouwen;20 jaar;2066;10838;5238;5600
1118;Mannen en Vrouwen;20 jaar;2067;10837;5225;5612
1119;Mannen en Vrouwen;20 jaar;2068;10838;5212;5626
1120;Mannen en Vrouwen;20 jaar;2069;10839;5201;5638
1121;Mannen en Vrouwen;20 jaar;2070;10840;5190;5650
1122;Mannen en Vrouwen;21 jaar;2020;8106;6191;1915
1123;Mannen en Vrouwen;21 jaar;2021;9352;6864;2488
1124;Mannen en Vrouwen;21 jaar;2022;10785;6839;3946
1125;Mannen en Vrouwen;21 jaar;2023;11225;7305;3920
1126;Mannen en Vrouwen;21 jaar;2024;11380;7879;3501
1127;Mannen en Vrouwen;21 jaar;2025;11607;8277;3330
1128;Mannen en Vrouwen;21 jaar;2026;11683;8534;3149
1129;Mannen en Vrouwen;21 jaar;2027;11751;8702;3049
1130;Mannen en Vrouwen;21 jaar;2028;11807;8825;2982
1131;Mannen en Vrouwen;21 jaar;2029;11774;8917;2857
1132;Mannen en Vrouwen;21 jaar;2030;11736;8911;2825
1133;Mannen en Vrouwen;21 jaar;2031;11715;8928;2787
1134;Mannen en Vrouwen;21 jaar;2032;11672;8871;2801
1135;Mannen en Vrouwen;21 jaar;2033;11638;8859;2779
1136;Mannen en Vrouwen;21 jaar;2034;11594;8806;2788
1137;Mannen en Vrouwen;21 jaar;2035;11604;8822;2782
1138;Mannen en Vrouwen;21 jaar;2036;11593;8788;2805
1139;Mannen en Vrouwen;21 jaar;2037;11602;8764;2838
1140;Mannen en Vrouwen;21 jaar;2038;11588;8731;2857
1141;Mannen en Vrouwen;21 jaar;2039;11586;8712;2874
1142;Mannen en Vrouwen;21 jaar;2040;11586;8666;2920
1143;Mannen en Vrouwen;21 jaar;2041;11568;8627;2941
1144;Mannen en Vrouwen;21 jaar;2042;11557;8593;2964
1145;Mannen en Vrouwen;21 jaar;2043;11575;8600;2975
1146;Mannen en Vrouwen;21 jaar;2044;11592;8609;2983
1147;Mannen en Vrouwen;21 jaar;2045;11616;8618;2998
1148;Mannen en Vrouwen;21 jaar;2046;11630;8616;3014
1149;Mannen en Vrouwen;21 jaar;2047;11639;8601;3038
1150;Mannen en Vrouwen;21 jaar;2048;11655;8594;3061
1151;Mannen en Vrouwen;21 jaar;2049;11663;8582;3081
1152;Mannen en Vrouwen;21 jaar;2050;11673;8566;3107
1153;Mannen en Vrouwen;21 jaar;2051;11678;8550;3128
1154;Mannen en Vrouwen;21 jaar;2052;11683;8531;3152
1155;Mannen en Vrouwen;21 jaar;2053;11683;8506;3177
1156;Mannen en Vrouwen;21 jaar;2054;11687;8481;3206
1157;Mannen en Vrouwen;21 jaar;2055;11687;8456;3231
1158;Mannen en Vrouwen;21 jaar;2056;11688;8431;3257
1159;Mannen en Vrouwen;21 jaar;2057;11689;8404;3285
1160;Mannen en Vrouwen;21 jaar;2058;11693;8378;3315
1161;Mannen en Vrouwen;21 jaar;2059;11692;8350;3342
1162;Mannen en Vrouwen;21 jaar;2060;11692;8324;3368
1163;Mannen en Vrouwen;21 jaar;2061;11691;8298;3393
1164;Mannen en Vrouwen;21 jaar;2062;11691;8274;3417
1165;Mannen en Vrouwen;21 jaar;2063;11693;8249;3444
1166;Mannen en Vrouwen;21 jaar;2064;11691;8226;3465
1167;Mannen en Vrouwen;21 jaar;2065;11690;8204;3486
1168;Mannen en Vrouwen;21 jaar;2066;11689;8183;3506
1169;Mannen en Vrouwen;21 jaar;2067;11690;8163;3527
1170;Mannen en Vrouwen;21 jaar;2068;11693;8143;3550
1171;Mannen en Vrouwen;21 jaar;2069;11695;8126;3569
1172;Mannen en Vrouwen;21 jaar;2070;11696;8109;3587
1173;Mannen en Vrouwen;22 jaar;2020;8899;7349;1550
1174;Mannen en Vrouwen;22 jaar;2021;10295;8239;2056
1175;Mannen en Vrouwen;22 jaar;2022;11905;8876;3029
1176;Mannen en Vrouwen;22 jaar;2023;12386;9160;3226
1177;Mannen en Vrouwen;22 jaar;2024;12546;9644;2902
1178;Mannen en Vrouwen;22 jaar;2025;12799;10179;2620
1179;Mannen en Vrouwen;22 jaar;2026;12887;10482;2405
1180;Mannen en Vrouwen;22 jaar;2027;12949;10688;2261
1181;Mannen en Vrouwen;22 jaar;2028;13003;10814;2189
1182;Mannen en Vrouwen;22 jaar;2029;12947;10894;2053
1183;Mannen en Vrouwen;22 jaar;2030;12917;10938;1979
1184;Mannen en Vrouwen;22 jaar;2031;12892;10915;1977
1185;Mannen en Vrouwen;22 jaar;2032;12857;10913;1944
1186;Mannen en Vrouwen;22 jaar;2033;12811;10836;1975
1187;Mannen en Vrouwen;22 jaar;2034;12763;10803;1960
1188;Mannen en Vrouwen;22 jaar;2035;12746;10743;2003
1189;Mannen en Vrouwen;22 jaar;2036;12756;10761;1995
1190;Mannen en Vrouwen;22 jaar;2037;12736;10721;2015
1191;Mannen en Vrouwen;22 jaar;2038;12739;10693;2046
1192;Mannen en Vrouwen;22 jaar;2039;12725;10654;2071
1193;Mannen en Vrouwen;22 jaar;2040;12719;10633;2086
1194;Mannen en Vrouwen;22 jaar;2041;12715;10589;2126
1195;Mannen en Vrouwen;22 jaar;2042;12708;10549;2159
1196;Mannen en Vrouwen;22 jaar;2043;12692;10506;2186
1197;Mannen en Vrouwen;22 jaar;2044;12706;10514;2192
1198;Mannen en Vrouwen;22 jaar;2045;12735;10531;2204
1199;Mannen en Vrouwen;22 jaar;2046;12757;10548;2209
1200;Mannen en Vrouwen;22 jaar;2047;12774;10549;2225
1201;Mannen en Vrouwen;22 jaar;2048;12785;10538;2247
1202;Mannen en Vrouwen;22 jaar;2049;12795;10533;2262
1203;Mannen en Vrouwen;22 jaar;2050;12808;10525;2283
1204;Mannen en Vrouwen;22 jaar;2051;12819;10517;2302
1205;Mannen en Vrouwen;22 jaar;2052;12821;10500;2321
1206;Mannen en Vrouwen;22 jaar;2053;12829;10481;2348
1207;Mannen en Vrouwen;22 jaar;2054;12829;10454;2375
1208;Mannen en Vrouwen;22 jaar;2055;12831;10429;2402
1209;Mannen en Vrouwen;22 jaar;2056;12830;10401;2429
1210;Mannen en Vrouwen;22 jaar;2057;12830;10377;2453
1211;Mannen en Vrouwen;22 jaar;2058;12831;10347;2484
1212;Mannen en Vrouwen;22 jaar;2059;12832;10319;2513
1213;Mannen en Vrouwen;22 jaar;2060;12833;10290;2543
1214;Mannen en Vrouwen;22 jaar;2061;12831;10264;2567
1215;Mannen en Vrouwen;22 jaar;2062;12830;10236;2594
1216;Mannen en Vrouwen;22 jaar;2063;12830;10210;2620
1217;Mannen en Vrouwen;22 jaar;2064;12825;10183;2642
1218;Mannen en Vrouwen;22 jaar;2065;12825;10158;2667
1219;Mannen en Vrouwen;22 jaar;2066;12823;10133;2690
1220;Mannen en Vrouwen;22 jaar;2067;12822;10111;2711
1221;Mannen en Vrouwen;22 jaar;2068;12824;10090;2734
1222;Mannen en Vrouwen;22 jaar;2069;12824;10070;2754
1223;Mannen en Vrouwen;22 jaar;2070;12825;10050;2775
1224;Mannen en Vrouwen;23 jaar;2020;9270;7745;1525
1225;Mannen en Vrouwen;23 jaar;2021;10737;8558;2179
1226;Mannen en Vrouwen;23 jaar;2022;12389;9234;3155
1227;Mannen en Vrouwen;23 jaar;2023;12886;10004;2882
1228;Mannen en Vrouwen;23 jaar;2024;13042;10270;2772
1229;Mannen en Vrouwen;23 jaar;2025;13291;10659;2632
1230;Mannen en Vrouwen;23 jaar;2026;13381;10999;2382
1231;Mannen en Vrouwen;23 jaar;2027;13442;11197;2245
1232;Mannen en Vrouwen;23 jaar;2028;13480;11310;2170
1233;Mannen en Vrouwen;23 jaar;2029;13415;11374;2041
1234;Mannen en Vrouwen;23 jaar;2030;13358;11381;1977
1235;Mannen en Vrouwen;23 jaar;2031;13342;11406;1936
1236;Mannen en Vrouwen;23 jaar;2032;13300;11373;1927
1237;Mannen en Vrouwen;23 jaar;2033;13261;11351;1910
1238;Mannen en Vrouwen;23 jaar;2034;13206;11266;1940
1239;Mannen en Vrouwen;23 jaar;2035;13185;11229;1956
1240;Mannen en Vrouwen;23 jaar;2036;13163;11172;1991
1241;Mannen en Vrouwen;23 jaar;2037;13171;11189;1982
1242;Mannen en Vrouwen;23 jaar;2038;13148;11142;2006
1243;Mannen en Vrouwen;23 jaar;2039;13148;11114;2034
1244;Mannen en Vrouwen;23 jaar;2040;13134;11076;2058
1245;Mannen en Vrouwen;23 jaar;2041;13121;11053;2068
1246;Mannen en Vrouwen;23 jaar;2042;13128;11020;2108
1247;Mannen en Vrouwen;23 jaar;2043;13121;10986;2135
1248;Mannen en Vrouwen;23 jaar;2044;13099;10935;2164
1249;Mannen en Vrouwen;23 jaar;2045;13119;10951;2168
1250;Mannen en Vrouwen;23 jaar;2046;13147;10980;2167
1251;Mannen en Vrouwen;23 jaar;2047;13173;11007;2166
1252;Mannen en Vrouwen;23 jaar;2048;13186;11018;2168
1253;Mannen en Vrouwen;23 jaar;2049;13198;11014;2184
1254;Mannen en Vrouwen;23 jaar;2050;13212;11016;2196
1255;Mannen en Vrouwen;23 jaar;2051;13224;11021;2203
1256;Mannen en Vrouwen;23 jaar;2052;13235;11018;2217
1257;Mannen en Vrouwen;23 jaar;2053;13241;11005;2236
1258;Mannen en Vrouwen;23 jaar;2054;13245;10991;2254
1259;Mannen en Vrouwen;23 jaar;2055;13248;10968;2280
1260;Mannen en Vrouwen;23 jaar;2056;13247;10945;2302
1261;Mannen en Vrouwen;23 jaar;2057;13246;10922;2324
1262;Mannen en Vrouwen;23 jaar;2058;13245;10898;2347
1263;Mannen en Vrouwen;23 jaar;2059;13243;10874;2369
1264;Mannen en Vrouwen;23 jaar;2060;13242;10847;2395
1265;Mannen en Vrouwen;23 jaar;2061;13240;10820;2420
1266;Mannen en Vrouwen;23 jaar;2062;13238;10794;2444
1267;Mannen en Vrouwen;23 jaar;2063;13235;10768;2467
1268;Mannen en Vrouwen;23 jaar;2064;13233;10743;2490
1269;Mannen en Vrouwen;23 jaar;2065;13225;10718;2507
1270;Mannen en Vrouwen;23 jaar;2066;13226;10696;2530
1271;Mannen en Vrouwen;23 jaar;2067;13225;10672;2553
1272;Mannen en Vrouwen;23 jaar;2068;13224;10652;2572
1273;Mannen en Vrouwen;23 jaar;2069;13221;10632;2589
1274;Mannen en Vrouwen;23 jaar;2070;13223;10612;2611
1275;Mannen en Vrouwen;24 jaar;2020;9207;7945;1262
1276;Mannen en Vrouwen;24 jaar;2021;10658;8611;2047
1277;Mannen en Vrouwen;24 jaar;2022;12295;9169;3126
1278;Mannen en Vrouwen;24 jaar;2023;12759;9920;2839
1279;Mannen en Vrouwen;24 jaar;2024;12935;10567;2368
1280;Mannen en Vrouwen;24 jaar;2025;13168;10787;2381
1281;Mannen en Vrouwen;24 jaar;2026;13248;11006;2242
1282;Mannen en Vrouwen;24 jaar;2027;13311;11232;2079
1283;Mannen en Vrouwen;24 jaar;2028;13340;11332;2008
1284;Mannen en Vrouwen;24 jaar;2029;13264;11372;1892
1285;Mannen en Vrouwen;24 jaar;2030;13199;11373;1826
1286;Mannen en Vrouwen;24 jaar;2031;13163;11354;1809
1287;Mannen en Vrouwen;24 jaar;2032;13133;11369;1764
1288;Mannen en Vrouwen;24 jaar;2033;13094;11331;1763
1289;Mannen en Vrouwen;24 jaar;2034;13050;11301;1749
1290;Mannen en Vrouwen;24 jaar;2035;13025;11223;1802
1291;Mannen en Vrouwen;24 jaar;2036;13003;11186;1817
1292;Mannen en Vrouwen;24 jaar;2037;12980;11130;1850
1293;Mannen en Vrouwen;24 jaar;2038;12987;11148;1839
1294;Mannen en Vrouwen;24 jaar;2039;12962;11095;1867
1295;Mannen en Vrouwen;24 jaar;2040;12965;11070;1895
1296;Mannen en Vrouwen;24 jaar;2041;12947;11030;1917
1297;Mannen en Vrouwen;24 jaar;2042;12943;11010;1933
1298;Mannen en Vrouwen;24 jaar;2043;12948;10988;1960
1299;Mannen en Vrouwen;24 jaar;2044;12941;10960;1981
1300;Mannen en Vrouwen;24 jaar;2045;12919;10902;2017
1301;Mannen en Vrouwen;24 jaar;2046;12938;10924;2014
1302;Mannen en Vrouwen;24 jaar;2047;12967;10961;2006
1303;Mannen en Vrouwen;24 jaar;2048;12992;11000;1992
1304;Mannen en Vrouwen;24 jaar;2049;13009;11018;1991
1305;Mannen en Vrouwen;24 jaar;2050;13023;11019;2004
1306;Mannen en Vrouwen;24 jaar;2051;13038;11035;2003
1307;Mannen en Vrouwen;24 jaar;2052;13048;11044;2004
1308;Mannen en Vrouwen;24 jaar;2053;13057;11044;2013
1309;Mannen en Vrouwen;24 jaar;2054;13065;11037;2028
1310;Mannen en Vrouwen;24 jaar;2055;13071;11029;2042
1311;Mannen en Vrouwen;24 jaar;2056;13071;11008;2063
1312;Mannen en Vrouwen;24 jaar;2057;13071;10990;2081
1313;Mannen en Vrouwen;24 jaar;2058;13072;10970;2102
1314;Mannen en Vrouwen;24 jaar;2059;13072;10949;2123
1315;Mannen en Vrouwen;24 jaar;2060;13071;10927;2144
1316;Mannen en Vrouwen;24 jaar;2061;13069;10901;2168
1317;Mannen en Vrouwen;24 jaar;2062;13064;10877;2187
1318;Mannen en Vrouwen;24 jaar;2063;13065;10852;2213
1319;Mannen en Vrouwen;24 jaar;2064;13060;10827;2233
1320;Mannen en Vrouwen;24 jaar;2065;13059;10804;2255
1321;Mannen en Vrouwen;24 jaar;2066;13055;10780;2275
1322;Mannen en Vrouwen;24 jaar;2067;13048;10758;2290
1323;Mannen en Vrouwen;24 jaar;2068;13044;10738;2306
1324;Mannen en Vrouwen;24 jaar;2069;13040;10718;2322
1325;Mannen en Vrouwen;24 jaar;2070;13040;10699;2341
1326;Mannen en Vrouwen;25 jaar;2020;8963;7519;1444
1327;Mannen en Vrouwen;25 jaar;2021;10389;8395;1994
1328;Mannen en Vrouwen;25 jaar;2022;11959;8754;3205
1329;Mannen en Vrouwen;25 jaar;2023;12440;9388;3052
1330;Mannen en Vrouwen;25 jaar;2024;12586;10000;2586
1331;Mannen en Vrouwen;25 jaar;2025;12830;10507;2323
1332;Mannen en Vrouwen;25 jaar;2026;12894;10593;2301
1333;Mannen en Vrouwen;25 jaar;2027;12948;10727;2221
1334;Mannen en Vrouwen;25 jaar;2028;12996;10852;2144
1335;Mannen en Vrouwen;25 jaar;2029;12917;10878;2039
1336;Mannen en Vrouwen;25 jaar;2030;12837;10846;1991
1337;Mannen en Vrouwen;25 jaar;2031;12799;10828;1971
1338;Mannen en Vrouwen;25 jaar;2032;12745;10791;1954
1339;Mannen en Vrouwen;25 jaar;2033;12718;10798;1920
1340;Mannen en Vrouwen;25 jaar;2034;12670;10757;1913
1341;Mannen en Vrouwen;25 jaar;2035;12662;10733;1929
1342;Mannen en Vrouwen;25 jaar;2036;12639;10667;1972
1343;Mannen en Vrouwen;25 jaar;2037;12615;10631;1984
1344;Mannen en Vrouwen;25 jaar;2038;12588;10575;2013
1345;Mannen en Vrouwen;25 jaar;2039;12595;10594;2001
1346;Mannen en Vrouwen;25 jaar;2040;12570;10543;2027
1347;Mannen en Vrouwen;25 jaar;2041;12567;10523;2044
1348;Mannen en Vrouwen;25 jaar;2042;12559;10486;2073
1349;Mannen en Vrouwen;25 jaar;2043;12558;10471;2087
1350;Mannen en Vrouwen;25 jaar;2044;12560;10458;2102
1351;Mannen en Vrouwen;25 jaar;2045;12552;10434;2118
1352;Mannen en Vrouwen;25 jaar;2046;12528;10371;2157
1353;Mannen en Vrouwen;25 jaar;2047;12548;10397;2151
1354;Mannen en Vrouwen;25 jaar;2048;12576;10441;2135
1355;Mannen en Vrouwen;25 jaar;2049;12606;10488;2118
1356;Mannen en Vrouwen;25 jaar;2050;12624;10511;2113
1357;Mannen en Vrouwen;25 jaar;2051;12638;10523;2115
1358;Mannen en Vrouwen;25 jaar;2052;12650;10543;2107
1359;Mannen en Vrouwen;25 jaar;2053;12663;10555;2108
1360;Mannen en Vrouwen;25 jaar;2054;12676;10563;2113
1361;Mannen en Vrouwen;25 jaar;2055;12685;10561;2124
1362;Mannen en Vrouwen;25 jaar;2056;12687;10555;2132
1363;Mannen en Vrouwen;25 jaar;2057;12687;10539;2148
1364;Mannen en Vrouwen;25 jaar;2058;12686;10523;2163
1365;Mannen en Vrouwen;25 jaar;2059;12686;10506;2180
1366;Mannen en Vrouwen;25 jaar;2060;12687;10490;2197
1367;Mannen en Vrouwen;25 jaar;2061;12686;10469;2217
1368;Mannen en Vrouwen;25 jaar;2062;12683;10448;2235
1369;Mannen en Vrouwen;25 jaar;2063;12680;10425;2255
1370;Mannen en Vrouwen;25 jaar;2064;12676;10403;2273
1371;Mannen en Vrouwen;25 jaar;2065;12671;10381;2290
1372;Mannen en Vrouwen;25 jaar;2066;12668;10359;2309
1373;Mannen en Vrouwen;25 jaar;2067;12664;10338;2326
1374;Mannen en Vrouwen;25 jaar;2068;12661;10318;2343
1375;Mannen en Vrouwen;25 jaar;2069;12658;10300;2358
1376;Mannen en Vrouwen;25 jaar;2070;12658;10282;2376
1377;Mannen en Vrouwen;26 jaar;2020;8607;7080;1527
1378;Mannen en Vrouwen;26 jaar;2021;10004;7710;2294
1379;Mannen en Vrouwen;26 jaar;2022;11503;8156;3347
1380;Mannen en Vrouwen;26 jaar;2023;11953;8609;3344
1381;Mannen en Vrouwen;26 jaar;2024;12101;9132;2969
1382;Mannen en Vrouwen;26 jaar;2025;12309;9594;2715
1383;Mannen en Vrouwen;26 jaar;2026;12405;9901;2504
1384;Mannen en Vrouwen;26 jaar;2027;12441;9933;2508
1385;Mannen en Vrouwen;26 jaar;2028;12478;9994;2484
1386;Mannen en Vrouwen;26 jaar;2029;12422;10052;2370
1387;Mannen en Vrouwen;26 jaar;2030;12346;10018;2328
1388;Mannen en Vrouwen;26 jaar;2031;12287;9971;2316
1389;Mannen en Vrouwen;26 jaar;2032;12238;9943;2295
1390;Mannen en Vrouwen;26 jaar;2033;12181;9897;2284
1391;Mannen en Vrouwen;26 jaar;2034;12151;9898;2253
1392;Mannen en Vrouwen;26 jaar;2035;12147;9869;2278
1393;Mannen en Vrouwen;26 jaar;2036;12136;9853;2283
1394;Mannen en Vrouwen;26 jaar;2037;12112;9796;2316
1395;Mannen en Vrouwen;26 jaar;2038;12089;9760;2329
1396;Mannen en Vrouwen;26 jaar;2039;12057;9707;2350
1397;Mannen en Vrouwen;26 jaar;2040;12067;9726;2341
1398;Mannen en Vrouwen;26 jaar;2041;12037;9677;2360
1399;Mannen en Vrouwen;26 jaar;2042;12047;9663;2384
1400;Mannen en Vrouwen;26 jaar;2043;12039;9631;2408
1401;Mannen en Vrouwen;26 jaar;2044;12036;9617;2419
1402;Mannen en Vrouwen;26 jaar;2045;12041;9610;2431
1403;Mannen en Vrouwen;26 jaar;2046;12031;9588;2443
1404;Mannen en Vrouwen;26 jaar;2047;12008;9527;2481
1405;Mannen en Vrouwen;26 jaar;2048;12024;9554;2470
1406;Mannen en Vrouwen;26 jaar;2049;12051;9599;2452
1407;Mannen en Vrouwen;26 jaar;2050;12084;9647;2437
1408;Mannen en Vrouwen;26 jaar;2051;12103;9677;2426
1409;Mannen en Vrouwen;26 jaar;2052;12119;9690;2429
1410;Mannen en Vrouwen;26 jaar;2053;12130;9711;2419
1411;Mannen en Vrouwen;26 jaar;2054;12143;9726;2417
1412;Mannen en Vrouwen;26 jaar;2055;12153;9735;2418
1413;Mannen en Vrouwen;26 jaar;2056;12160;9734;2426
1414;Mannen en Vrouwen;26 jaar;2057;12165;9733;2432
1415;Mannen en Vrouwen;26 jaar;2058;12167;9720;2447
1416;Mannen en Vrouwen;26 jaar;2059;12165;9708;2457
1417;Mannen en Vrouwen;26 jaar;2060;12164;9693;2471
1418;Mannen en Vrouwen;26 jaar;2061;12161;9680;2481
1419;Mannen en Vrouwen;26 jaar;2062;12157;9663;2494
1420;Mannen en Vrouwen;26 jaar;2063;12157;9645;2512
1421;Mannen en Vrouwen;26 jaar;2064;12153;9624;2529
1422;Mannen en Vrouwen;26 jaar;2065;12149;9604;2545
1423;Mannen en Vrouwen;26 jaar;2066;12145;9585;2560
1424;Mannen en Vrouwen;26 jaar;2067;12141;9565;2576
1425;Mannen en Vrouwen;26 jaar;2068;12137;9547;2590
1426;Mannen en Vrouwen;26 jaar;2069;12133;9529;2604
1427;Mannen en Vrouwen;26 jaar;2070;12132;9511;2621
1428;Mannen en Vrouwen;27 jaar;2020;8084;6490;1594
1429;Mannen en Vrouwen;27 jaar;2021;9464;7173;2291
1430;Mannen en Vrouwen;27 jaar;2022;10869;7406;3463
1431;Mannen en Vrouwen;27 jaar;2023;11277;7881;3396
1432;Mannen en Vrouwen;27 jaar;2024;11388;8277;3111
1433;Mannen en Vrouwen;27 jaar;2025;11605;8687;2918
1434;Mannen en Vrouwen;27 jaar;2026;11682;8967;2715
1435;Mannen en Vrouwen;27 jaar;2027;11743;9183;2560
1436;Mannen en Vrouwen;27 jaar;2028;11776;9165;2611
1437;Mannen en Vrouwen;27 jaar;2029;11713;9185;2528
1438;Mannen en Vrouwen;27 jaar;2030;11661;9189;2472
1439;Mannen en Vrouwen;27 jaar;2031;11608;9147;2461
1440;Mannen en Vrouwen;27 jaar;2032;11542;9092;2450
1441;Mannen en Vrouwen;27 jaar;2033;11490;9057;2433
1442;Mannen en Vrouwen;27 jaar;2034;11439;9008;2431
1443;Mannen en Vrouwen;27 jaar;2035;11445;9014;2431
1444;Mannen en Vrouwen;27 jaar;2036;11438;8994;2444
1445;Mannen en Vrouwen;27 jaar;2037;11428;8984;2444
1446;Mannen en Vrouwen;27 jaar;2038;11402;8933;2469
1447;Mannen en Vrouwen;27 jaar;2039;11382;8899;2483
1448;Mannen en Vrouwen;27 jaar;2040;11349;8850;2499
1449;Mannen en Vrouwen;27 jaar;2041;11360;8868;2492
1450;Mannen en Vrouwen;27 jaar;2042;11338;8821;2517
1451;Mannen en Vrouwen;27 jaar;2043;11349;8811;2538
1452;Mannen en Vrouwen;27 jaar;2044;11341;8782;2559
1453;Mannen en Vrouwen;27 jaar;2045;11339;8772;2567
1454;Mannen en Vrouwen;27 jaar;2046;11341;8765;2576
1455;Mannen en Vrouwen;27 jaar;2047;11334;8744;2590
1456;Mannen en Vrouwen;27 jaar;2048;11308;8687;2621
1457;Mannen en Vrouwen;27 jaar;2049;11323;8712;2611
1458;Mannen en Vrouwen;27 jaar;2050;11350;8755;2595
1459;Mannen en Vrouwen;27 jaar;2051;11383;8806;2577
1460;Mannen en Vrouwen;27 jaar;2052;11400;8834;2566
1461;Mannen en Vrouwen;27 jaar;2053;11414;8845;2569
1462;Mannen en Vrouwen;27 jaar;2054;11427;8865;2562
1463;Mannen en Vrouwen;27 jaar;2055;11441;8882;2559
1464;Mannen en Vrouwen;27 jaar;2056;11448;8891;2557
1465;Mannen en Vrouwen;27 jaar;2057;11457;8893;2564
1466;Mannen en Vrouwen;27 jaar;2058;11464;8893;2571
1467;Mannen en Vrouwen;27 jaar;2059;11463;8882;2581
1468;Mannen en Vrouwen;27 jaar;2060;11463;8870;2593
1469;Mannen en Vrouwen;27 jaar;2061;11460;8860;2600
1470;Mannen en Vrouwen;27 jaar;2062;11459;8847;2612
1471;Mannen en Vrouwen;27 jaar;2063;11454;8833;2621
1472;Mannen en Vrouwen;27 jaar;2064;11454;8815;2639
1473;Mannen en Vrouwen;27 jaar;2065;11453;8798;2655
1474;Mannen en Vrouwen;27 jaar;2066;11445;8780;2665
1475;Mannen en Vrouwen;27 jaar;2067;11442;8762;2680
1476;Mannen en Vrouwen;27 jaar;2068;11438;8746;2692
1477;Mannen en Vrouwen;27 jaar;2069;11433;8729;2704
1478;Mannen en Vrouwen;27 jaar;2070;11432;8712;2720
1479;Mannen en Vrouwen;28 jaar;2020;7523;5932;1591
1480;Mannen en Vrouwen;28 jaar;2021;8822;6609;2213
1481;Mannen en Vrouwen;28 jaar;2022;10188;6884;3304
1482;Mannen en Vrouwen;28 jaar;2023;10552;7199;3353
1483;Mannen en Vrouwen;28 jaar;2024;10637;7603;3034
1484;Mannen en Vrouwen;28 jaar;2025;10813;7919;2894
1485;Mannen en Vrouwen;28 jaar;2026;10906;8180;2726
1486;Mannen en Vrouwen;28 jaar;2027;10949;8377;2572
1487;Mannen en Vrouwen;28 jaar;2028;11014;8520;2494
1488;Mannen en Vrouwen;28 jaar;2029;10954;8480;2474
1489;Mannen en Vrouwen;28 jaar;2030;10897;8461;2436
1490;Mannen en Vrouwen;28 jaar;2031;10866;8453;2413
1491;Mannen en Vrouwen;28 jaar;2032;10806;8402;2404
1492;Mannen en Vrouwen;28 jaar;2033;10744;8343;2401
1493;Mannen en Vrouwen;28 jaar;2034;10697;8305;2392
1494;Mannen en Vrouwen;28 jaar;2035;10679;8263;2416
1495;Mannen en Vrouwen;28 jaar;2036;10684;8276;2408
1496;Mannen en Vrouwen;28 jaar;2037;10680;8261;2419
1497;Mannen en Vrouwen;28 jaar;2038;10669;8253;2416
1498;Mannen en Vrouwen;28 jaar;2039;10642;8205;2437
1499;Mannen en Vrouwen;28 jaar;2040;10617;8174;2443
1500;Mannen en Vrouwen;28 jaar;2041;10593;8127;2466
1501;Mannen en Vrouwen;28 jaar;2042;10608;8146;2462
1502;Mannen en Vrouwen;28 jaar;2043;10588;8104;2484
1503;Mannen en Vrouwen;28 jaar;2044;10602;8096;2506
1504;Mannen en Vrouwen;28 jaar;2045;10593;8069;2524
1505;Mannen en Vrouwen;28 jaar;2046;10589;8058;2531
1506;Mannen en Vrouwen;28 jaar;2047;10590;8053;2537
1507;Mannen en Vrouwen;28 jaar;2048;10583;8033;2550
1508;Mannen en Vrouwen;28 jaar;2049;10560;7979;2581
1509;Mannen en Vrouwen;28 jaar;2050;10576;8004;2572
1510;Mannen en Vrouwen;28 jaar;2051;10606;8048;2558
1511;Mannen en Vrouwen;28 jaar;2052;10634;8097;2537
1512;Mannen en Vrouwen;28 jaar;2053;10648;8121;2527
1513;Mannen en Vrouwen;28 jaar;2054;10659;8133;2526
1514;Mannen en Vrouwen;28 jaar;2055;10677;8154;2523
1515;Mannen en Vrouwen;28 jaar;2056;10688;8170;2518
1516;Mannen en Vrouwen;28 jaar;2057;10701;8179;2522
1517;Mannen en Vrouwen;28 jaar;2058;10711;8183;2528
1518;Mannen en Vrouwen;28 jaar;2059;10712;8184;2528
1519;Mannen en Vrouwen;28 jaar;2060;10713;8174;2539
1520;Mannen en Vrouwen;28 jaar;2061;10713;8164;2549
1521;Mannen en Vrouwen;28 jaar;2062;10710;8155;2555
1522;Mannen en Vrouwen;28 jaar;2063;10710;8144;2566
1523;Mannen en Vrouwen;28 jaar;2064;10704;8130;2574
1524;Mannen en Vrouwen;28 jaar;2065;10701;8116;2585
1525;Mannen en Vrouwen;28 jaar;2066;10697;8100;2597
1526;Mannen en Vrouwen;28 jaar;2067;10695;8084;2611
1527;Mannen en Vrouwen;28 jaar;2068;10687;8068;2619
1528;Mannen en Vrouwen;28 jaar;2069;10683;8052;2631
1529;Mannen en Vrouwen;28 jaar;2070;10682;8035;2647
1530;Mannen en Vrouwen;29 jaar;2020;7032;5455;1577
1531;Mannen en Vrouwen;29 jaar;2021;8270;6125;2145
1532;Mannen en Vrouwen;29 jaar;2022;9541;6395;3146
1533;Mannen en Vrouwen;29 jaar;2023;9906;6741;3165
1534;Mannen en Vrouwen;29 jaar;2024;9967;7023;2944
1535;Mannen en Vrouwen;29 jaar;2025;10124;7343;2781
1536;Mannen en Vrouwen;29 jaar;2026;10191;7539;2652
1537;Mannen en Vrouwen;29 jaar;2027;10250;7734;2516
1538;Mannen en Vrouwen;29 jaar;2028;10297;7865;2432
1539;Mannen en Vrouwen;29 jaar;2029;10274;7965;2309
1540;Mannen en Vrouwen;29 jaar;2030;10221;7898;2323
1541;Mannen en Vrouwen;29 jaar;2031;10189;7877;2312
1542;Mannen en Vrouwen;29 jaar;2032;10150;7860;2290
1543;Mannen en Vrouwen;29 jaar;2033;10091;7805;2286
1544;Mannen en Vrouwen;29 jaar;2034;10035;7745;2290
1545;Mannen en Vrouwen;29 jaar;2035;10019;7714;2305
1546;Mannen en Vrouwen;29 jaar;2036;10004;7679;2325
1547;Mannen en Vrouwen;29 jaar;2037;10007;7697;2310
1548;Mannen en Vrouwen;29 jaar;2038;10001;7683;2318
1549;Mannen en Vrouwen;29 jaar;2039;9991;7676;2315
1550;Mannen en Vrouwen;29 jaar;2040;9964;7633;2331
1551;Mannen en Vrouwen;29 jaar;2041;9942;7602;2340
1552;Mannen en Vrouwen;29 jaar;2042;9925;7559;2366
1553;Mannen en Vrouwen;29 jaar;2043;9940;7577;2363
1554;Mannen en Vrouwen;29 jaar;2044;9925;7539;2386
1555;Mannen en Vrouwen;29 jaar;2045;9934;7531;2403
1556;Mannen en Vrouwen;29 jaar;2046;9925;7505;2420
1557;Mannen en Vrouwen;29 jaar;2047;9921;7495;2426
1558;Mannen en Vrouwen;29 jaar;2048;9921;7492;2429
1559;Mannen en Vrouwen;29 jaar;2049;9916;7472;2444
1560;Mannen en Vrouwen;29 jaar;2050;9891;7421;2470
1561;Mannen en Vrouwen;29 jaar;2051;9908;7448;2460
1562;Mannen en Vrouwen;29 jaar;2052;9938;7491;2447
1563;Mannen en Vrouwen;29 jaar;2053;9963;7535;2428
1564;Mannen en Vrouwen;29 jaar;2054;9981;7559;2422
1565;Mannen en Vrouwen;29 jaar;2055;9993;7569;2424
1566;Mannen en Vrouwen;29 jaar;2056;10007;7591;2416
1567;Mannen en Vrouwen;29 jaar;2057;10021;7605;2416
1568;Mannen en Vrouwen;29 jaar;2058;10029;7616;2413
1569;Mannen en Vrouwen;29 jaar;2059;10042;7621;2421
1570;Mannen en Vrouwen;29 jaar;2060;10045;7623;2422
1571;Mannen en Vrouwen;29 jaar;2061;10042;7613;2429
1572;Mannen en Vrouwen;29 jaar;2062;10044;7605;2439
1573;Mannen en Vrouwen;29 jaar;2063;10043;7597;2446
1574;Mannen en Vrouwen;29 jaar;2064;10041;7586;2455
1575;Mannen en Vrouwen;29 jaar;2065;10035;7574;2461
1576;Mannen en Vrouwen;29 jaar;2066;10030;7561;2469
1577;Mannen en Vrouwen;29 jaar;2067;10028;7547;2481
1578;Mannen en Vrouwen;29 jaar;2068;10023;7532;2491
1579;Mannen en Vrouwen;29 jaar;2069;10019;7518;2501
1580;Mannen en Vrouwen;29 jaar;2070;10018;7502;2516
1581;Mannen en Vrouwen;30 jaar;2020;6550;5093;1457
1582;Mannen en Vrouwen;30 jaar;2021;7713;5678;2035
1583;Mannen en Vrouwen;30 jaar;2022;8895;5956;2939
1584;Mannen en Vrouwen;30 jaar;2023;9226;6283;2943
1585;Mannen en Vrouwen;30 jaar;2024;9291;6598;2693
1586;Mannen en Vrouwen;30 jaar;2025;9425;6825;2600
1587;Mannen en Vrouwen;30 jaar;2026;9478;7028;2450
1588;Mannen en Vrouwen;30 jaar;2027;9514;7170;2344
1589;Mannen en Vrouwen;30 jaar;2028;9577;7309;2268
1590;Mannen en Vrouwen;30 jaar;2029;9544;7400;2144
1591;Mannen en Vrouwen;30 jaar;2030;9521;7456;2065
1592;Mannen en Vrouwen;30 jaar;2031;9493;7390;2103
1593;Mannen en Vrouwen;30 jaar;2032;9452;7363;2089
1594;Mannen en Vrouwen;30 jaar;2033;9418;7342;2076
1595;Mannen en Vrouwen;30 jaar;2034;9364;7289;2075
1596;Mannen en Vrouwen;30 jaar;2035;9333;7237;2096
1597;Mannen en Vrouwen;30 jaar;2036;9316;7214;2102
1598;Mannen en Vrouwen;30 jaar;2037;9304;7186;2118
1599;Mannen en Vrouwen;30 jaar;2038;9311;7203;2108
1600;Mannen en Vrouwen;30 jaar;2039;9301;7190;2111
1601;Mannen en Vrouwen;30 jaar;2040;9290;7185;2105
1602;Mannen en Vrouwen;30 jaar;2041;9267;7146;2121
1603;Mannen en Vrouwen;30 jaar;2042;9249;7120;2129
1604;Mannen en Vrouwen;30 jaar;2043;9238;7082;2156
1605;Mannen en Vrouwen;30 jaar;2044;9249;7100;2149
1606;Mannen en Vrouwen;30 jaar;2045;9234;7064;2170
1607;Mannen en Vrouwen;30 jaar;2046;9242;7056;2186
1608;Mannen en Vrouwen;30 jaar;2047;9228;7030;2198
1609;Mannen en Vrouwen;30 jaar;2048;9229;7021;2208
1610;Mannen en Vrouwen;30 jaar;2049;9233;7019;2214
1611;Mannen en Vrouwen;30 jaar;2050;9226;7000;2226
1612;Mannen en Vrouwen;30 jaar;2051;9206;6957;2249
1613;Mannen en Vrouwen;30 jaar;2052;9220;6979;2241
1614;Mannen en Vrouwen;30 jaar;2053;9247;7018;2229
1615;Mannen en Vrouwen;30 jaar;2054;9270;7056;2214
1616;Mannen en Vrouwen;30 jaar;2055;9288;7079;2209
1617;Mannen en Vrouwen;30 jaar;2056;9300;7090;2210
1618;Mannen en Vrouwen;30 jaar;2057;9313;7108;2205
1619;Mannen en Vrouwen;30 jaar;2058;9326;7123;2203
1620;Mannen en Vrouwen;30 jaar;2059;9335;7133;2202
1621;Mannen en Vrouwen;30 jaar;2060;9342;7136;2206
1622;Mannen en Vrouwen;30 jaar;2061;9349;7138;2211
1623;Mannen en Vrouwen;30 jaar;2062;9350;7131;2219
1624;Mannen en Vrouwen;30 jaar;2063;9351;7124;2227
1625;Mannen en Vrouwen;30 jaar;2064;9350;7116;2234
1626;Mannen en Vrouwen;30 jaar;2065;9347;7107;2240
1627;Mannen en Vrouwen;30 jaar;2066;9341;7096;2245
1628;Mannen en Vrouwen;30 jaar;2067;9338;7085;2253
1629;Mannen en Vrouwen;30 jaar;2068;9336;7073;2263
1630;Mannen en Vrouwen;30 jaar;2069;9335;7060;2275
1631;Mannen en Vrouwen;30 jaar;2070;9333;7045;2288
1632;Mannen en Vrouwen;31 jaar;2020;5984;4671;1313
1633;Mannen en Vrouwen;31 jaar;2021;7093;5284;1809
1634;Mannen en Vrouwen;31 jaar;2022;8183;5515;2668
1635;Mannen en Vrouwen;31 jaar;2023;8478;5847;2631
1636;Mannen en Vrouwen;31 jaar;2024;8526;6139;2387
1637;Mannen en Vrouwen;31 jaar;2025;8662;6399;2263
1638;Mannen en Vrouwen;31 jaar;2026;8695;6533;2162
1639;Mannen en Vrouwen;31 jaar;2027;8720;6680;2040
1640;Mannen en Vrouwen;31 jaar;2028;8761;6775;1986
1641;Mannen en Vrouwen;31 jaar;2029;8744;6878;1866
1642;Mannen en Vrouwen;31 jaar;2030;8716;6930;1786
1643;Mannen en Vrouwen;31 jaar;2031;8719;6971;1748
1644;Mannen en Vrouwen;31 jaar;2032;8681;6906;1775
1645;Mannen en Vrouwen;31 jaar;2033;8644;6878;1766
1646;Mannen en Vrouwen;31 jaar;2034;8606;6856;1750
1647;Mannen en Vrouwen;31 jaar;2035;8585;6810;1775
1648;Mannen en Vrouwen;31 jaar;2036;8555;6769;1786
1649;Mannen en Vrouwen;31 jaar;2037;8538;6750;1788
1650;Mannen en Vrouwen;31 jaar;2038;8517;6726;1791
1651;Mannen en Vrouwen;31 jaar;2039;8526;6741;1785
1652;Mannen en Vrouwen;31 jaar;2040;8517;6731;1786
1653;Mannen en Vrouwen;31 jaar;2041;8508;6726;1782
1654;Mannen en Vrouwen;31 jaar;2042;8494;6693;1801
1655;Mannen en Vrouwen;31 jaar;2043;8479;6671;1808
1656;Mannen en Vrouwen;31 jaar;2044;8464;6638;1826
1657;Mannen en Vrouwen;31 jaar;2045;8480;6653;1827
1658;Mannen en Vrouwen;31 jaar;2046;8460;6621;1839
1659;Mannen en Vrouwen;31 jaar;2047;8468;6613;1855
1660;Mannen en Vrouwen;31 jaar;2048;8460;6589;1871
1661;Mannen en Vrouwen;31 jaar;2049;8462;6581;1881
1662;Mannen en Vrouwen;31 jaar;2050;8463;6578;1885
1663;Mannen en Vrouwen;31 jaar;2051;8457;6564;1893
1664;Mannen en Vrouwen;31 jaar;2052;8434;6525;1909
1665;Mannen en Vrouwen;31 jaar;2053;8448;6544;1904
1666;Mannen en Vrouwen;31 jaar;2054;8472;6578;1894
1667;Mannen en Vrouwen;31 jaar;2055;8497;6615;1882
1668;Mannen en Vrouwen;31 jaar;2056;8517;6635;1882
1669;Mannen en Vrouwen;31 jaar;2057;8526;6643;1883
1670;Mannen en Vrouwen;31 jaar;2058;8539;6662;1877
1671;Mannen en Vrouwen;31 jaar;2059;8554;6676;1878
1672;Mannen en Vrouwen;31 jaar;2060;8561;6684;1877
1673;Mannen en Vrouwen;31 jaar;2061;8565;6687;1878
1674;Mannen en Vrouwen;31 jaar;2062;8572;6691;1881
1675;Mannen en Vrouwen;31 jaar;2063;8570;6685;1885
1676;Mannen en Vrouwen;31 jaar;2064;8568;6678;1890
1677;Mannen en Vrouwen;31 jaar;2065;8570;6670;1900
1678;Mannen en Vrouwen;31 jaar;2066;8568;6663;1905
1679;Mannen en Vrouwen;31 jaar;2067;8565;6654;1911
1680;Mannen en Vrouwen;31 jaar;2068;8564;6643;1921
1681;Mannen en Vrouwen;31 jaar;2069;8561;6632;1929
1682;Mannen en Vrouwen;31 jaar;2070;8561;6620;1941
1683;Mannen en Vrouwen;32 jaar;2020;5510;4247;1263
1684;Mannen en Vrouwen;32 jaar;2021;6498;4834;1664
1685;Mannen en Vrouwen;32 jaar;2022;7535;5113;2422
1686;Mannen en Vrouwen;32 jaar;2023;7806;5393;2413
1687;Mannen en Vrouwen;32 jaar;2024;7853;5687;2166
1688;Mannen en Vrouwen;32 jaar;2025;7963;5922;2041
1689;Mannen en Vrouwen;32 jaar;2026;8004;6091;1913
1690;Mannen en Vrouwen;32 jaar;2027;8013;6177;1836
1691;Mannen en Vrouwen;32 jaar;2028;8042;6280;1762
1692;Mannen en Vrouwen;32 jaar;2029;8015;6346;1669
1693;Mannen en Vrouwen;32 jaar;2030;8001;6411;1590
1694;Mannen en Vrouwen;32 jaar;2031;7992;6448;1544
1695;Mannen en Vrouwen;32 jaar;2032;7987;6478;1509
1696;Mannen en Vrouwen;32 jaar;2033;7955;6417;1538
1697;Mannen en Vrouwen;32 jaar;2034;7918;6388;1530
1698;Mannen en Vrouwen;32 jaar;2035;7907;6371;1536
1699;Mannen en Vrouwen;32 jaar;2036;7884;6334;1550
1700;Mannen en Vrouwen;32 jaar;2037;7851;6300;1551
1701;Mannen en Vrouwen;32 jaar;2038;7840;6284;1556
1702;Mannen en Vrouwen;32 jaar;2039;7822;6263;1559
1703;Mannen en Vrouwen;32 jaar;2040;7826;6278;1548
1704;Mannen en Vrouwen;32 jaar;2041;7816;6269;1547
1705;Mannen en Vrouwen;32 jaar;2042;7816;6267;1549
1706;Mannen en Vrouwen;32 jaar;2043;7800;6238;1562
1707;Mannen en Vrouwen;32 jaar;2044;7790;6221;1569
1708;Mannen en Vrouwen;32 jaar;2045;7775;6191;1584
1709;Mannen en Vrouwen;32 jaar;2046;7785;6205;1580
1710;Mannen en Vrouwen;32 jaar;2047;7771;6175;1596
1711;Mannen en Vrouwen;32 jaar;2048;7781;6169;1612
1712;Mannen en Vrouwen;32 jaar;2049;7774;6147;1627
1713;Mannen en Vrouwen;32 jaar;2050;7774;6140;1634
1714;Mannen en Vrouwen;32 jaar;2051;7774;6141;1633
1715;Mannen en Vrouwen;32 jaar;2052;7767;6127;1640
1716;Mannen en Vrouwen;32 jaar;2053;7748;6091;1657
1717;Mannen en Vrouwen;32 jaar;2054;7763;6109;1654
1718;Mannen en Vrouwen;32 jaar;2055;7788;6140;1648
1719;Mannen en Vrouwen;32 jaar;2056;7807;6172;1635
1720;Mannen en Vrouwen;32 jaar;2057;7823;6193;1630
1721;Mannen en Vrouwen;32 jaar;2058;7833;6201;1632
1722;Mannen en Vrouwen;32 jaar;2059;7844;6218;1626
1723;Mannen en Vrouwen;32 jaar;2060;7859;6232;1627
1724;Mannen en Vrouwen;32 jaar;2061;7869;6240;1629
1725;Mannen en Vrouwen;32 jaar;2062;7871;6245;1626
1726;Mannen en Vrouwen;32 jaar;2063;7876;6247;1629
1727;Mannen en Vrouwen;32 jaar;2064;7876;6241;1635
1728;Mannen en Vrouwen;32 jaar;2065;7874;6236;1638
1729;Mannen en Vrouwen;32 jaar;2066;7874;6231;1643
1730;Mannen en Vrouwen;32 jaar;2067;7876;6224;1652
1731;Mannen en Vrouwen;32 jaar;2068;7871;6216;1655
1732;Mannen en Vrouwen;32 jaar;2069;7870;6207;1663
1733;Mannen en Vrouwen;32 jaar;2070;7870;6196;1674
1734;Mannen en Vrouwen;33 jaar;2020;5092;3750;1342
1735;Mannen en Vrouwen;33 jaar;2021;5994;4388;1606
1736;Mannen en Vrouwen;33 jaar;2022;6932;4642;2290
1737;Mannen en Vrouwen;33 jaar;2023;7207;4958;2249
1738;Mannen en Vrouwen;33 jaar;2024;7252;5197;2055
1739;Mannen en Vrouwen;33 jaar;2025;7352;5436;1916
1740;Mannen en Vrouwen;33 jaar;2026;7386;5582;1804
1741;Mannen en Vrouwen;33 jaar;2027;7409;5705;1704
1742;Mannen en Vrouwen;33 jaar;2028;7421;5751;1670
1743;Mannen en Vrouwen;33 jaar;2029;7388;5820;1568
1744;Mannen en Vrouwen;33 jaar;2030;7360;5857;1503
1745;Mannen en Vrouwen;33 jaar;2031;7365;5908;1457
1746;Mannen en Vrouwen;33 jaar;2032;7348;5933;1415
1747;Mannen en Vrouwen;33 jaar;2033;7341;5956;1385
1748;Mannen en Vrouwen;33 jaar;2034;7313;5899;1414
1749;Mannen en Vrouwen;33 jaar;2035;7301;5876;1425
1750;Mannen en Vrouwen;33 jaar;2036;7287;5863;1424
1751;Mannen en Vrouwen;33 jaar;2037;7264;5834;1430
1752;Mannen en Vrouwen;33 jaar;2038;7237;5803;1434
1753;Mannen en Vrouwen;33 jaar;2039;7226;5792;1434
1754;Mannen en Vrouwen;33 jaar;2040;7210;5773;1437
1755;Mannen en Vrouwen;33 jaar;2041;7214;5786;1428
1756;Mannen en Vrouwen;33 jaar;2042;7209;5779;1430
1757;Mannen en Vrouwen;33 jaar;2043;7211;5781;1430
1758;Mannen en Vrouwen;33 jaar;2044;7199;5757;1442
1759;Mannen en Vrouwen;33 jaar;2045;7187;5741;1446
1760;Mannen en Vrouwen;33 jaar;2046;7168;5715;1453
1761;Mannen en Vrouwen;33 jaar;2047;7179;5727;1452
1762;Mannen en Vrouwen;33 jaar;2048;7168;5702;1466
1763;Mannen en Vrouwen;33 jaar;2049;7173;5695;1478
1764;Mannen en Vrouwen;33 jaar;2050;7168;5677;1491
1765;Mannen en Vrouwen;33 jaar;2051;7168;5675;1493
1766;Mannen en Vrouwen;33 jaar;2052;7172;5675;1497
1767;Mannen en Vrouwen;33 jaar;2053;7165;5661;1504
1768;Mannen en Vrouwen;33 jaar;2054;7145;5630;1515
1769;Mannen en Vrouwen;33 jaar;2055;7155;5646;1509
1770;Mannen en Vrouwen;33 jaar;2056;7180;5675;1505
1771;Mannen en Vrouwen;33 jaar;2057;7200;5705;1495
1772;Mannen en Vrouwen;33 jaar;2058;7217;5723;1494
1773;Mannen en Vrouwen;33 jaar;2059;7226;5733;1493
1774;Mannen en Vrouwen;33 jaar;2060;7240;5748;1492
1775;Mannen en Vrouwen;33 jaar;2061;7247;5760;1487
1776;Mannen en Vrouwen;33 jaar;2062;7254;5768;1486
1777;Mannen en Vrouwen;33 jaar;2063;7264;5773;1491
1778;Mannen en Vrouwen;33 jaar;2064;7268;5775;1493
1779;Mannen en Vrouwen;33 jaar;2065;7268;5771;1497
1780;Mannen en Vrouwen;33 jaar;2066;7267;5767;1500
1781;Mannen en Vrouwen;33 jaar;2067;7267;5763;1504
1782;Mannen en Vrouwen;33 jaar;2068;7265;5758;1507
1783;Mannen en Vrouwen;33 jaar;2069;7262;5752;1510
1784;Mannen en Vrouwen;33 jaar;2070;7262;5742;1520
1785;Mannen en Vrouwen;34 jaar;2020;4670;3438;1232
1786;Mannen en Vrouwen;34 jaar;2021;5509;3925;1584
1787;Mannen en Vrouwen;34 jaar;2022;6368;4224;2144
1788;Mannen en Vrouwen;34 jaar;2023;6602;4515;2087
1789;Mannen en Vrouwen;34 jaar;2024;6665;4792;1873
1790;Mannen en Vrouwen;34 jaar;2025;6757;4988;1769
1791;Mannen en Vrouwen;34 jaar;2026;6791;5146;1645
1792;Mannen en Vrouwen;34 jaar;2027;6803;5250;1553
1793;Mannen en Vrouwen;34 jaar;2028;6832;5335;1497
1794;Mannen en Vrouwen;34 jaar;2029;6787;5358;1429
1795;Mannen en Vrouwen;34 jaar;2030;6760;5397;1363
1796;Mannen en Vrouwen;34 jaar;2031;6750;5422;1328
1797;Mannen en Vrouwen;34 jaar;2032;6743;5463;1280
1798;Mannen en Vrouwen;34 jaar;2033;6735;5483;1252
1799;Mannen en Vrouwen;34 jaar;2034;6726;5500;1226
1800;Mannen en Vrouwen;34 jaar;2035;6714;5451;1263
1801;Mannen en Vrouwen;34 jaar;2036;6704;5436;1268
1802;Mannen en Vrouwen;34 jaar;2037;6697;5426;1271
1803;Mannen en Vrouwen;34 jaar;2038;6671;5400;1271
1804;Mannen en Vrouwen;34 jaar;2039;6647;5374;1273
1805;Mannen en Vrouwen;34 jaar;2040;6641;5365;1276
1806;Mannen en Vrouwen;34 jaar;2041;6623;5348;1275
1807;Mannen en Vrouwen;34 jaar;2042;6632;5362;1270
1808;Mannen en Vrouwen;34 jaar;2043;6629;5359;1270
1809;Mannen en Vrouwen;34 jaar;2044;6631;5359;1272
1810;Mannen en Vrouwen;34 jaar;2045;6620;5340;1280
1811;Mannen en Vrouwen;34 jaar;2046;6606;5327;1279
1812;Mannen en Vrouwen;34 jaar;2047;6590;5302;1288
1813;Mannen en Vrouwen;34 jaar;2048;6599;5315;1284
1814;Mannen en Vrouwen;34 jaar;2049;6589;5292;1297
1815;Mannen en Vrouwen;34 jaar;2050;6597;5287;1310
1816;Mannen en Vrouwen;34 jaar;2051;6589;5271;1318
1817;Mannen en Vrouwen;34 jaar;2052;6589;5270;1319
1818;Mannen en Vrouwen;34 jaar;2053;6591;5270;1321
1819;Mannen en Vrouwen;34 jaar;2054;6588;5257;1331
1820;Mannen en Vrouwen;34 jaar;2055;6571;5229;1342
1821;Mannen en Vrouwen;34 jaar;2056;6584;5245;1339
1822;Mannen en Vrouwen;34 jaar;2057;6602;5272;1330
1823;Mannen en Vrouwen;34 jaar;2058;6618;5299;1319
1824;Mannen en Vrouwen;34 jaar;2059;6630;5316;1314
1825;Mannen en Vrouwen;34 jaar;2060;6642;5326;1316
1826;Mannen en Vrouwen;34 jaar;2061;6651;5340;1311
1827;Mannen en Vrouwen;34 jaar;2062;6661;5353;1308
1828;Mannen en Vrouwen;34 jaar;2063;6674;5360;1314
1829;Mannen en Vrouwen;34 jaar;2064;6678;5365;1313
1830;Mannen en Vrouwen;34 jaar;2065;6684;5367;1317
1831;Mannen en Vrouwen;34 jaar;2066;6682;5364;1318
1832;Mannen en Vrouwen;34 jaar;2067;6682;5361;1321
1833;Mannen en Vrouwen;34 jaar;2068;6682;5358;1324
1834;Mannen en Vrouwen;34 jaar;2069;6680;5354;1326
1835;Mannen en Vrouwen;34 jaar;2070;6680;5346;1334
1836;Mannen en Vrouwen;35 jaar;2020;4292;3200;1092
1837;Mannen en Vrouwen;35 jaar;2021;5068;3665;1403
1838;Mannen en Vrouwen;35 jaar;2022;5866;3843;2023
1839;Mannen en Vrouwen;35 jaar;2023;6074;4178;1896
1840;Mannen en Vrouwen;35 jaar;2024;6113;4437;1676
1841;Mannen en Vrouwen;35 jaar;2025;6224;4676;1548
1842;Mannen en Vrouwen;35 jaar;2026;6258;4806;1452
1843;Mannen en Vrouwen;35 jaar;2027;6265;4930;1335
1844;Mannen en Vrouwen;35 jaar;2028;6286;5001;1285
1845;Mannen en Vrouwen;35 jaar;2029;6265;5067;1198
1846;Mannen en Vrouwen;35 jaar;2030;6224;5067;1157
1847;Mannen en Vrouwen;35 jaar;2031;6213;5094;1119
1848;Mannen en Vrouwen;35 jaar;2032;6199;5113;1086
1849;Mannen en Vrouwen;35 jaar;2033;6192;5147;1045
1850;Mannen en Vrouwen;35 jaar;2034;6185;5163;1022
1851;Mannen en Vrouwen;35 jaar;2035;6199;5182;1017
1852;Mannen en Vrouwen;35 jaar;2036;6184;5141;1043
1853;Mannen en Vrouwen;35 jaar;2037;6173;5130;1043
1854;Mannen en Vrouwen;35 jaar;2038;6166;5121;1045
1855;Mannen en Vrouwen;35 jaar;2039;6148;5098;1050
1856;Mannen en Vrouwen;35 jaar;2040;6126;5075;1051
1857;Mannen en Vrouwen;35 jaar;2041;6110;5068;1042
1858;Mannen en Vrouwen;35 jaar;2042;6103;5053;1050
1859;Mannen en Vrouwen;35 jaar;2043;6112;5068;1044
1860;Mannen en Vrouwen;35 jaar;2044;6108;5067;1041
1861;Mannen en Vrouwen;35 jaar;2045;6106;5070;1036
1862;Mannen en Vrouwen;35 jaar;2046;6094;5050;1044
1863;Mannen en Vrouwen;35 jaar;2047;6085;5038;1047
1864;Mannen en Vrouwen;35 jaar;2048;6073;5015;1058
1865;Mannen en Vrouwen;35 jaar;2049;6082;5027;1055
1866;Mannen en Vrouwen;35 jaar;2050;6068;5005;1063
1867;Mannen en Vrouwen;35 jaar;2051;6076;5004;1072
1868;Mannen en Vrouwen;35 jaar;2052;6071;4988;1083
1869;Mannen en Vrouwen;35 jaar;2053;6069;4986;1083
1870;Mannen en Vrouwen;35 jaar;2054;6072;4986;1086
1871;Mannen en Vrouwen;35 jaar;2055;6065;4975;1090
1872;Mannen en Vrouwen;35 jaar;2056;6054;4948;1106
1873;Mannen en Vrouwen;35 jaar;2057;6066;4964;1102
1874;Mannen en Vrouwen;35 jaar;2058;6082;4990;1092
1875;Mannen en Vrouwen;35 jaar;2059;6102;5016;1086
1876;Mannen en Vrouwen;35 jaar;2060;6113;5033;1080
1877;Mannen en Vrouwen;35 jaar;2061;6120;5042;1078
1878;Mannen en Vrouwen;35 jaar;2062;6131;5057;1074
1879;Mannen en Vrouwen;35 jaar;2063;6139;5069;1070
1880;Mannen en Vrouwen;35 jaar;2064;6146;5076;1070
1881;Mannen en Vrouwen;35 jaar;2065;6153;5082;1071
1882;Mannen en Vrouwen;35 jaar;2066;6159;5084;1075
1883;Mannen en Vrouwen;35 jaar;2067;6159;5082;1077
1884;Mannen en Vrouwen;35 jaar;2068;6156;5079;1077
1885;Mannen en Vrouwen;35 jaar;2069;6155;5076;1079
1886;Mannen en Vrouwen;35 jaar;2070;6155;5071;1084
1887;Mannen en Vrouwen;36 jaar;2020;3957;2990;967
1888;Mannen en Vrouwen;36 jaar;2021;4665;3450;1215
1889;Mannen en Vrouwen;36 jaar;2022;5413;3625;1788
1890;Mannen en Vrouwen;36 jaar;2023;5605;3847;1758
1891;Mannen en Vrouwen;36 jaar;2024;5634;4148;1486
1892;Mannen en Vrouwen;36 jaar;2025;5726;4369;1357
1893;Mannen en Vrouwen;36 jaar;2026;5776;4547;1229
1894;Mannen en Vrouwen;36 jaar;2027;5791;4643;1148
1895;Mannen en Vrouwen;36 jaar;2028;5811;4734;1077
1896;Mannen en Vrouwen;36 jaar;2029;5780;4784;996
1897;Mannen en Vrouwen;36 jaar;2030;5763;4824;939
1898;Mannen en Vrouwen;36 jaar;2031;5739;4814;925
1899;Mannen en Vrouwen;36 jaar;2032;5721;4836;885
1900;Mannen en Vrouwen;36 jaar;2033;5710;4850;860
1901;Mannen en Vrouwen;36 jaar;2034;5707;4881;826
1902;Mannen en Vrouwen;36 jaar;2035;5710;4898;812
1903;Mannen en Vrouwen;36 jaar;2036;5725;4919;806
1904;Mannen en Vrouwen;36 jaar;2037;5709;4886;823
1905;Mannen en Vrouwen;36 jaar;2038;5699;4874;825
1906;Mannen en Vrouwen;36 jaar;2039;5696;4866;830
1907;Mannen en Vrouwen;36 jaar;2040;5673;4845;828
1908;Mannen en Vrouwen;36 jaar;2041;5655;4824;831
1909;Mannen en Vrouwen;36 jaar;2042;5647;4816;831
1910;Mannen en Vrouwen;36 jaar;2043;5634;4805;829
1911;Mannen en Vrouwen;36 jaar;2044;5645;4821;824
1912;Mannen en Vrouwen;36 jaar;2045;5641;4819;822
1913;Mannen en Vrouwen;36 jaar;2046;5642;4822;820
1914;Mannen en Vrouwen;36 jaar;2047;5633;4803;830
1915;Mannen en Vrouwen;36 jaar;2048;5624;4791;833
1916;Mannen en Vrouwen;36 jaar;2049;5604;4770;834
1917;Mannen en Vrouwen;36 jaar;2050;5616;4781;835
1918;Mannen en Vrouwen;36 jaar;2051;5610;4764;846
1919;Mannen en Vrouwen;36 jaar;2052;5615;4763;852
1920;Mannen en Vrouwen;36 jaar;2053;5611;4748;863
1921;Mannen en Vrouwen;36 jaar;2054;5613;4745;868
1922;Mannen en Vrouwen;36 jaar;2055;5613;4747;866
1923;Mannen en Vrouwen;36 jaar;2056;5608;4736;872
1924;Mannen en Vrouwen;36 jaar;2057;5595;4711;884
1925;Mannen en Vrouwen;36 jaar;2058;5602;4728;874
1926;Mannen en Vrouwen;36 jaar;2059;5618;4753;865
1927;Mannen en Vrouwen;36 jaar;2060;5634;4779;855
1928;Mannen en Vrouwen;36 jaar;2061;5650;4796;854
1929;Mannen en Vrouwen;36 jaar;2062;5660;4807;853
1930;Mannen en Vrouwen;36 jaar;2063;5667;4821;846
1931;Mannen en Vrouwen;36 jaar;2064;5677;4833;844
1932;Mannen en Vrouwen;36 jaar;2065;5685;4842;843
1933;Mannen en Vrouwen;36 jaar;2066;5688;4846;842
1934;Mannen en Vrouwen;36 jaar;2067;5694;4851;843
1935;Mannen en Vrouwen;36 jaar;2068;5694;4849;845
1936;Mannen en Vrouwen;36 jaar;2069;5691;4847;844
1937;Mannen en Vrouwen;36 jaar;2070;5691;4844;847
1938;Mannen en Vrouwen;37 jaar;2020;3645;2762;883
1939;Mannen en Vrouwen;37 jaar;2021;4295;3223;1072
1940;Mannen en Vrouwen;37 jaar;2022;4970;3403;1567
1941;Mannen en Vrouwen;37 jaar;2023;5166;3619;1547
1942;Mannen en Vrouwen;37 jaar;2024;5199;3816;1383
1943;Mannen en Vrouwen;37 jaar;2025;5273;4074;1199
1944;Mannen en Vrouwen;37 jaar;2026;5303;4233;1070
1945;Mannen en Vrouwen;37 jaar;2027;5338;4377;961
1946;Mannen en Vrouwen;37 jaar;2028;5367;4445;922
1947;Mannen en Vrouwen;37 jaar;2029;5337;4512;825
1948;Mannen en Vrouwen;37 jaar;2030;5311;4538;773
1949;Mannen en Vrouwen;37 jaar;2031;5304;4567;737
1950;Mannen en Vrouwen;37 jaar;2032;5273;4555;718
1951;Mannen en Vrouwen;37 jaar;2033;5259;4572;687
1952;Mannen en Vrouwen;37 jaar;2034;5246;4581;665
1953;Mannen en Vrouwen;37 jaar;2035;5257;4613;644
1954;Mannen en Vrouwen;37 jaar;2036;5264;4631;633
1955;Mannen en Vrouwen;37 jaar;2037;5278;4654;624
1956;Mannen en Vrouwen;37 jaar;2038;5263;4623;640
1957;Mannen en Vrouwen;37 jaar;2039;5255;4613;642
1958;Mannen en Vrouwen;37 jaar;2040;5249;4608;641
1959;Mannen en Vrouwen;37 jaar;2041;5228;4587;641
1960;Mannen en Vrouwen;37 jaar;2042;5216;4568;648
1961;Mannen en Vrouwen;37 jaar;2043;5205;4562;643
1962;Mannen en Vrouwen;37 jaar;2044;5198;4554;644
1963;Mannen en Vrouwen;37 jaar;2045;5204;4568;636
1964;Mannen en Vrouwen;37 jaar;2046;5204;4567;637
1965;Mannen en Vrouwen;37 jaar;2047;5204;4570;634
1966;Mannen en Vrouwen;37 jaar;2048;5194;4553;641
1967;Mannen en Vrouwen;37 jaar;2049;5185;4541;644
1968;Mannen en Vrouwen;37 jaar;2050;5171;4521;650
1969;Mannen en Vrouwen;37 jaar;2051;5180;4536;644
1970;Mannen en Vrouwen;37 jaar;2052;5175;4520;655
1971;Mannen en Vrouwen;37 jaar;2053;5179;4518;661
1972;Mannen en Vrouwen;37 jaar;2054;5176;4505;671
1973;Mannen en Vrouwen;37 jaar;2055;5177;4503;674
1974;Mannen en Vrouwen;37 jaar;2056;5177;4505;672
1975;Mannen en Vrouwen;37 jaar;2057;5175;4496;679
1976;Mannen en Vrouwen;37 jaar;2058;5158;4474;684
1977;Mannen en Vrouwen;37 jaar;2059;5167;4490;677
1978;Mannen en Vrouwen;37 jaar;2060;5184;4517;667
1979;Mannen en Vrouwen;37 jaar;2061;5201;4543;658
1980;Mannen en Vrouwen;37 jaar;2062;5215;4561;654
1981;Mannen en Vrouwen;37 jaar;2063;5219;4572;647
1982;Mannen en Vrouwen;37 jaar;2064;5230;4586;644
1983;Mannen en Vrouwen;37 jaar;2065;5237;4599;638
1984;Mannen en Vrouwen;37 jaar;2066;5246;4609;637
1985;Mannen en Vrouwen;37 jaar;2067;5250;4614;636
1986;Mannen en Vrouwen;37 jaar;2068;5252;4619;633
1987;Mannen en Vrouwen;37 jaar;2069;5252;4619;633
1988;Mannen en Vrouwen;37 jaar;2070;5252;4616;636
1989;Mannen en Vrouwen;38 jaar;2020;3382;2539;843
1990;Mannen en Vrouwen;38 jaar;2021;3959;2954;1005
1991;Mannen en Vrouwen;38 jaar;2022;4578;3147;1431
1992;Mannen en Vrouwen;38 jaar;2023;4750;3362;1388
1993;Mannen en Vrouwen;38 jaar;2024;4784;3555;1229
1994;Mannen en Vrouwen;38 jaar;2025;4853;3722;1131
1995;Mannen en Vrouwen;38 jaar;2026;4877;3917;960
1996;Mannen en Vrouwen;38 jaar;2027;4895;4045;850
1997;Mannen en Vrouwen;38 jaar;2028;4930;4159;771
1998;Mannen en Vrouwen;38 jaar;2029;4914;4209;705
1999;Mannen en Vrouwen;38 jaar;2030;4887;4254;633
2000;Mannen en Vrouwen;38 jaar;2031;4877;4269;608
2001;Mannen en Vrouwen;38 jaar;2032;4866;4295;571
2002;Mannen en Vrouwen;38 jaar;2033;4838;4282;556
2003;Mannen en Vrouwen;38 jaar;2034;4824;4294;530
2004;Mannen en Vrouwen;38 jaar;2035;4826;4306;520
2005;Mannen en Vrouwen;38 jaar;2036;4837;4338;499
2006;Mannen en Vrouwen;38 jaar;2037;4841;4357;484
2007;Mannen en Vrouwen;38 jaar;2038;4854;4379;475
2008;Mannen en Vrouwen;38 jaar;2039;4841;4350;491
2009;Mannen en Vrouwen;38 jaar;2040;4834;4343;491
2010;Mannen en Vrouwen;38 jaar;2041;4828;4338;490
2011;Mannen en Vrouwen;38 jaar;2042;4809;4320;489
2012;Mannen en Vrouwen;38 jaar;2043;4796;4303;493
2013;Mannen en Vrouwen;38 jaar;2044;4791;4300;491
2014;Mannen en Vrouwen;38 jaar;2045;4780;4291;489
2015;Mannen en Vrouwen;38 jaar;2046;4789;4305;484
2016;Mannen en Vrouwen;38 jaar;2047;4792;4304;488
2017;Mannen en Vrouwen;38 jaar;2048;4789;4308;481
2018;Mannen en Vrouwen;38 jaar;2049;4782;4293;489
2019;Mannen en Vrouwen;38 jaar;2050;4771;4283;488
2020;Mannen en Vrouwen;38 jaar;2051;4760;4266;494
2021;Mannen en Vrouwen;38 jaar;2052;4767;4280;487
2022;Mannen en Vrouwen;38 jaar;2053;4761;4263;498
2023;Mannen en Vrouwen;38 jaar;2054;4767;4263;504
2024;Mannen en Vrouwen;38 jaar;2055;4763;4252;511
2025;Mannen en Vrouwen;38 jaar;2056;4762;4250;512
2026;Mannen en Vrouwen;38 jaar;2057;4764;4254;510
2027;Mannen en Vrouwen;38 jaar;2058;4760;4244;516
2028;Mannen en Vrouwen;38 jaar;2059;4747;4225;522
2029;Mannen en Vrouwen;38 jaar;2060;4756;4242;514
2030;Mannen en Vrouwen;38 jaar;2061;4774;4268;506
2031;Mannen en Vrouwen;38 jaar;2062;4791;4294;497
2032;Mannen en Vrouwen;38 jaar;2063;4801;4311;490
2033;Mannen en Vrouwen;38 jaar;2064;4807;4322;485
2034;Mannen en Vrouwen;38 jaar;2065;4817;4337;480
2035;Mannen en Vrouwen;38 jaar;2066;4827;4349;478
2036;Mannen en Vrouwen;38 jaar;2067;4831;4359;472
2037;Mannen en Vrouwen;38 jaar;2068;4834;4366;468
2038;Mannen en Vrouwen;38 jaar;2069;4834;4370;464
2039;Mannen en Vrouwen;38 jaar;2070;4834;4367;467
2040;Mannen en Vrouwen;39 jaar;2020;3187;2315;872
2041;Mannen en Vrouwen;39 jaar;2021;3705;2733;972
2042;Mannen en Vrouwen;39 jaar;2022;4258;2899;1359
2043;Mannen en Vrouwen;39 jaar;2023;4415;3121;1294
2044;Mannen en Vrouwen;39 jaar;2024;4435;3313;1122
2045;Mannen en Vrouwen;39 jaar;2025;4515;3479;1036
2046;Mannen en Vrouwen;39 jaar;2026;4536;3594;942
2047;Mannen en Vrouwen;39 jaar;2027;4544;3754;790
2048;Mannen en Vrouwen;39 jaar;2028;4567;3852;715
2049;Mannen en Vrouwen;39 jaar;2029;4568;3946;622
2050;Mannen en Vrouwen;39 jaar;2030;4551;3977;574
2051;Mannen en Vrouwen;39 jaar;2031;4536;4011;525
2052;Mannen en Vrouwen;39 jaar;2032;4520;4025;495
2053;Mannen en Vrouwen;39 jaar;2033;4510;4045;465
2054;Mannen en Vrouwen;39 jaar;2034;4482;4030;452
2055;Mannen en Vrouwen;39 jaar;2035;4482;4043;439
2056;Mannen en Vrouwen;39 jaar;2036;4480;4059;421
2057;Mannen en Vrouwen;39 jaar;2037;4494;4090;404
2058;Mannen en Vrouwen;39 jaar;2038;4501;4106;395
2059;Mannen en Vrouwen;39 jaar;2039;4510;4128;382
2060;Mannen en Vrouwen;39 jaar;2040;4500;4103;397
2061;Mannen en Vrouwen;39 jaar;2041;4491;4095;396
2062;Mannen en Vrouwen;39 jaar;2042;4488;4092;396
2063;Mannen en Vrouwen;39 jaar;2043;4473;4077;396
2064;Mannen en Vrouwen;39 jaar;2044;4455;4063;392
2065;Mannen en Vrouwen;39 jaar;2045;4454;4059;395
2066;Mannen en Vrouwen;39 jaar;2046;4441;4051;390
2067;Mannen en Vrouwen;39 jaar;2047;4451;4064;387
2068;Mannen en Vrouwen;39 jaar;2048;4454;4064;390
2069;Mannen en Vrouwen;39 jaar;2049;4451;4067;384
2070;Mannen en Vrouwen;39 jaar;2050;4441;4054;387
2071;Mannen en Vrouwen;39 jaar;2051;4435;4047;388
2072;Mannen en Vrouwen;39 jaar;2052;4423;4030;393
2073;Mannen en Vrouwen;39 jaar;2053;4433;4043;390
2074;Mannen en Vrouwen;39 jaar;2054;4425;4028;397
2075;Mannen en Vrouwen;39 jaar;2055;4433;4030;403
2076;Mannen en Vrouwen;39 jaar;2056;4428;4020;408
2077;Mannen en Vrouwen;39 jaar;2057;4429;4020;409
2078;Mannen en Vrouwen;39 jaar;2058;4432;4024;408
2079;Mannen en Vrouwen;39 jaar;2059;4426;4015;411
2080;Mannen en Vrouwen;39 jaar;2060;4413;3998;415
2081;Mannen en Vrouwen;39 jaar;2061;4421;4014;407
2082;Mannen en Vrouwen;39 jaar;2062;4440;4039;401
2083;Mannen en Vrouwen;39 jaar;2063;4454;4064;390
2084;Mannen en Vrouwen;39 jaar;2064;4465;4081;384
2085;Mannen en Vrouwen;39 jaar;2065;4471;4092;379
2086;Mannen en Vrouwen;39 jaar;2066;4483;4106;377
2087;Mannen en Vrouwen;39 jaar;2067;4490;4119;371
2088;Mannen en Vrouwen;39 jaar;2068;4496;4128;368
2089;Mannen en Vrouwen;39 jaar;2069;4500;4135;365
2090;Mannen en Vrouwen;39 jaar;2070;4500;4139;361
2091;Mannen en Vrouwen;40 jaar;2020;2987;2181;806
2092;Mannen en Vrouwen;40 jaar;2021;3478;2526;952
2093;Mannen en Vrouwen;40 jaar;2022;3974;2701;1273
2094;Mannen en Vrouwen;40 jaar;2023;4103;2894;1209
2095;Mannen en Vrouwen;40 jaar;2024;4130;3094;1036
2096;Mannen en Vrouwen;40 jaar;2025;4191;3260;931
2097;Mannen en Vrouwen;40 jaar;2026;4224;3379;845
2098;Mannen en Vrouwen;40 jaar;2027;4232;3469;763
2099;Mannen en Vrouwen;40 jaar;2028;4243;3596;647
2100;Mannen en Vrouwen;40 jaar;2029;4229;3676;553
2101;Mannen en Vrouwen;40 jaar;2030;4235;3746;489
2102;Mannen en Vrouwen;40 jaar;2031;4228;3771;457
2103;Mannen en Vrouwen;40 jaar;2032;4215;3799;416
2104;Mannen en Vrouwen;40 jaar;2033;4198;3809;389
2105;Mannen en Vrouwen;40 jaar;2034;4186;3827;359
2106;Mannen en Vrouwen;40 jaar;2035;4172;3815;357
2107;Mannen en Vrouwen;40 jaar;2036;4168;3831;337
2108;Mannen en Vrouwen;40 jaar;2037;4171;3844;327
2109;Mannen en Vrouwen;40 jaar;2038;4185;3874;311
2110;Mannen en Vrouwen;40 jaar;2039;4188;3891;297
2111;Mannen en Vrouwen;40 jaar;2040;4199;3911;288
2112;Mannen en Vrouwen;40 jaar;2041;4190;3889;301
2113;Mannen en Vrouwen;40 jaar;2042;4180;3882;298
2114;Mannen en Vrouwen;40 jaar;2043;4177;3881;296
2115;Mannen en Vrouwen;40 jaar;2044;4166;3867;299
2116;Mannen en Vrouwen;40 jaar;2045;4150;3854;296
2117;Mannen en Vrouwen;40 jaar;2046;4147;3852;295
2118;Mannen en Vrouwen;40 jaar;2047;4135;3843;292
2119;Mannen en Vrouwen;40 jaar;2048;4142;3856;286
2120;Mannen en Vrouwen;40 jaar;2049;4142;3857;285
2121;Mannen en Vrouwen;40 jaar;2050;4145;3860;285
2122;Mannen en Vrouwen;40 jaar;2051;4135;3850;285
2123;Mannen en Vrouwen;40 jaar;2052;4130;3843;287
2124;Mannen en Vrouwen;40 jaar;2053;4119;3827;292
2125;Mannen en Vrouwen;40 jaar;2054;4127;3840;287
2126;Mannen en Vrouwen;40 jaar;2055;4118;3827;291
2127;Mannen en Vrouwen;40 jaar;2056;4123;3828;295
2128;Mannen en Vrouwen;40 jaar;2057;4118;3819;299
2129;Mannen en Vrouwen;40 jaar;2058;4120;3821;299
2130;Mannen en Vrouwen;40 jaar;2059;4122;3825;297
2131;Mannen en Vrouwen;40 jaar;2060;4119;3817;302
2132;Mannen en Vrouwen;40 jaar;2061;4106;3802;304
2133;Mannen en Vrouwen;40 jaar;2062;4113;3818;295
2134;Mannen en Vrouwen;40 jaar;2063;4131;3842;289
2135;Mannen en Vrouwen;40 jaar;2064;4146;3866;280
2136;Mannen en Vrouwen;40 jaar;2065;4157;3883;274
2137;Mannen en Vrouwen;40 jaar;2066;4164;3894;270
2138;Mannen en Vrouwen;40 jaar;2067;4171;3908;263
2139;Mannen en Vrouwen;40 jaar;2068;4179;3919;260
2140;Mannen en Vrouwen;40 jaar;2069;4187;3930;257
2141;Mannen en Vrouwen;40 jaar;2070;4186;3935;251
2142;Mannen en Vrouwen;41 jaar;2020;2765;1970;795
2143;Mannen en Vrouwen;41 jaar;2021;3239;2351;888
2144;Mannen en Vrouwen;41 jaar;2022;3704;2456;1248
2145;Mannen en Vrouwen;41 jaar;2023;3797;2644;1153
2146;Mannen en Vrouwen;41 jaar;2024;3816;2813;1003
2147;Mannen en Vrouwen;41 jaar;2025;3872;2987;885
2148;Mannen en Vrouwen;41 jaar;2026;3889;3106;783
2149;Mannen en Vrouwen;41 jaar;2027;3915;3200;715
2150;Mannen en Vrouwen;41 jaar;2028;3926;3264;662
2151;Mannen en Vrouwen;41 jaar;2029;3905;3367;538
2152;Mannen en Vrouwen;41 jaar;2030;3896;3424;472
2153;Mannen en Vrouwen;41 jaar;2031;3906;3486;420
2154;Mannen en Vrouwen;41 jaar;2032;3895;3508;387
2155;Mannen en Vrouwen;41 jaar;2033;3880;3532;348
2156;Mannen en Vrouwen;41 jaar;2034;3861;3537;324
2157;Mannen en Vrouwen;41 jaar;2035;3866;3557;309
2158;Mannen en Vrouwen;41 jaar;2036;3853;3546;307
2159;Mannen en Vrouwen;41 jaar;2037;3847;3561;286
2160;Mannen en Vrouwen;41 jaar;2038;3849;3575;274
2161;Mannen en Vrouwen;41 jaar;2039;3860;3603;257
2162;Mannen en Vrouwen;41 jaar;2040;3866;3617;249
2163;Mannen en Vrouwen;41 jaar;2041;3873;3637;236
2164;Mannen en Vrouwen;41 jaar;2042;3866;3618;248
2165;Mannen en Vrouwen;41 jaar;2043;3861;3615;246
2166;Mannen en Vrouwen;41 jaar;2044;3856;3614;242
2167;Mannen en Vrouwen;41 jaar;2045;3845;3602;243
2168;Mannen en Vrouwen;41 jaar;2046;3833;3589;244
2169;Mannen en Vrouwen;41 jaar;2047;3828;3587;241
2170;Mannen en Vrouwen;41 jaar;2048;3819;3580;239
2171;Mannen en Vrouwen;41 jaar;2049;3828;3593;235
2172;Mannen en Vrouwen;41 jaar;2050;3825;3593;232
2173;Mannen en Vrouwen;41 jaar;2051;3825;3599;226
2174;Mannen en Vrouwen;41 jaar;2052;3814;3588;226
2175;Mannen en Vrouwen;41 jaar;2053;3810;3583;227
2176;Mannen en Vrouwen;41 jaar;2054;3797;3568;229
2177;Mannen en Vrouwen;41 jaar;2055;3807;3581;226
2178;Mannen en Vrouwen;41 jaar;2056;3798;3569;229
2179;Mannen en Vrouwen;41 jaar;2057;3807;3571;236
2180;Mannen en Vrouwen;41 jaar;2058;3799;3564;235
2181;Mannen en Vrouwen;41 jaar;2059;3797;3565;232
2182;Mannen en Vrouwen;41 jaar;2060;3802;3570;232
2183;Mannen en Vrouwen;41 jaar;2061;3800;3563;237
2184;Mannen en Vrouwen;41 jaar;2062;3788;3550;238
2185;Mannen en Vrouwen;41 jaar;2063;3792;3564;228
2186;Mannen en Vrouwen;41 jaar;2064;3806;3588;218
2187;Mannen en Vrouwen;41 jaar;2065;3822;3611;211
2188;Mannen en Vrouwen;41 jaar;2066;3834;3627;207
2189;Mannen en Vrouwen;41 jaar;2067;3842;3637;205
2190;Mannen en Vrouwen;41 jaar;2068;3851;3651;200
2191;Mannen en Vrouwen;41 jaar;2069;3857;3664;193
2192;Mannen en Vrouwen;41 jaar;2070;3857;3673;184
2193;Mannen en Vrouwen;42 jaar;2020;2589;1859;730
2194;Mannen en Vrouwen;42 jaar;2021;3010;2213;797
2195;Mannen en Vrouwen;42 jaar;2022;3452;2360;1092
2196;Mannen en Vrouwen;42 jaar;2023;3548;2485;1063
2197;Mannen en Vrouwen;42 jaar;2024;3551;2665;886
2198;Mannen en Vrouwen;42 jaar;2025;3589;2819;770
2199;Mannen en Vrouwen;42 jaar;2026;3609;2952;657
2200;Mannen en Vrouwen;42 jaar;2027;3619;3049;570
2201;Mannen en Vrouwen;42 jaar;2028;3643;3124;519
2202;Mannen en Vrouwen;42 jaar;2029;3629;3174;455
2203;Mannen en Vrouwen;42 jaar;2030;3610;3256;354
2204;Mannen en Vrouwen;42 jaar;2031;3606;3308;298
2205;Mannen en Vrouwen;42 jaar;2032;3619;3363;256
2206;Mannen en Vrouwen;42 jaar;2033;3605;3382;223
2207;Mannen en Vrouwen;42 jaar;2034;3589;3402;187
2208;Mannen en Vrouwen;42 jaar;2035;3585;3410;175
2209;Mannen en Vrouwen;42 jaar;2036;3587;3431;156
2210;Mannen en Vrouwen;42 jaar;2037;3576;3422;154
2211;Mannen en Vrouwen;42 jaar;2038;3564;3438;126
2212;Mannen en Vrouwen;42 jaar;2039;3575;3450;125
2213;Mannen en Vrouwen;42 jaar;2040;3585;3478;107
2214;Mannen en Vrouwen;42 jaar;2041;3587;3493;94
2215;Mannen en Vrouwen;42 jaar;2042;3601;3513;88
2216;Mannen en Vrouwen;42 jaar;2043;3596;3496;100
2217;Mannen en Vrouwen;42 jaar;2044;3588;3495;93
2218;Mannen en Vrouwen;42 jaar;2045;3587;3494;93
2219;Mannen en Vrouwen;42 jaar;2046;3577;3483;94
2220;Mannen en Vrouwen;42 jaar;2047;3559;3471;88
2221;Mannen en Vrouwen;42 jaar;2048;3554;3469;85
2222;Mannen en Vrouwen;42 jaar;2049;3548;3463;85
2223;Mannen en Vrouwen;42 jaar;2050;3555;3475;80
2224;Mannen en Vrouwen;42 jaar;2051;3553;3478;75
2225;Mannen en Vrouwen;42 jaar;2052;3553;3483;70
2226;Mannen en Vrouwen;42 jaar;2053;3545;3473;72
2227;Mannen en Vrouwen;42 jaar;2054;3537;3468;69
2228;Mannen en Vrouwen;42 jaar;2055;3524;3453;71
2229;Mannen en Vrouwen;42 jaar;2056;3537;3466;71
2230;Mannen en Vrouwen;42 jaar;2057;3527;3456;71
2231;Mannen en Vrouwen;42 jaar;2058;3532;3460;72
2232;Mannen en Vrouwen;42 jaar;2059;3526;3453;73
2233;Mannen en Vrouwen;42 jaar;2060;3525;3456;69
2234;Mannen en Vrouwen;42 jaar;2061;3530;3460;70
2235;Mannen en Vrouwen;42 jaar;2062;3530;3454;76
2236;Mannen en Vrouwen;42 jaar;2063;3516;3442;74
2237;Mannen en Vrouwen;42 jaar;2064;3522;3457;65
2238;Mannen en Vrouwen;42 jaar;2065;3537;3481;56
2239;Mannen en Vrouwen;42 jaar;2066;3552;3503;49
2240;Mannen en Vrouwen;42 jaar;2067;3562;3519;43
2241;Mannen en Vrouwen;42 jaar;2068;3570;3529;41
2242;Mannen en Vrouwen;42 jaar;2069;3578;3543;35
2243;Mannen en Vrouwen;42 jaar;2070;3578;3554;24
2244;Mannen en Vrouwen;43 jaar;2020;2436;1748;688
2245;Mannen en Vrouwen;43 jaar;2021;2835;2102;733
2246;Mannen en Vrouwen;43 jaar;2022;3228;2222;1006
2247;Mannen en Vrouwen;43 jaar;2023;3342;2391;951
2248;Mannen en Vrouwen;43 jaar;2024;3345;2509;836
2249;Mannen en Vrouwen;43 jaar;2025;3375;2674;701
2250;Mannen en Vrouwen;43 jaar;2026;3375;2788;587
2251;Mannen en Vrouwen;43 jaar;2027;3391;2901;490
2252;Mannen en Vrouwen;43 jaar;2028;3403;2979;424
2253;Mannen en Vrouwen;43 jaar;2029;3401;3038;363
2254;Mannen en Vrouwen;43 jaar;2030;3388;3072;316
2255;Mannen en Vrouwen;43 jaar;2031;3378;3146;232
2256;Mannen en Vrouwen;43 jaar;2032;3372;3192;180
2257;Mannen en Vrouwen;43 jaar;2033;3384;3243;141
2258;Mannen en Vrouwen;43 jaar;2034;3374;3259;115
2259;Mannen en Vrouwen;43 jaar;2035;3367;3281;86
2260;Mannen en Vrouwen;43 jaar;2036;3362;3291;71
2261;Mannen en Vrouwen;43 jaar;2037;3365;3311;54
2262;Mannen en Vrouwen;43 jaar;2038;3353;3302;51
2263;Mannen en Vrouwen;43 jaar;2039;3348;3317;31
2264;Mannen en Vrouwen;43 jaar;2040;3353;3330;23
2265;Mannen en Vrouwen;43 jaar;2041;3364;3359;5
2266;Mannen en Vrouwen;43 jaar;2042;3367;3374;-7
2267;Mannen en Vrouwen;43 jaar;2043;3383;3396;-13
2268;Mannen en Vrouwen;43 jaar;2044;3376;3381;-5
2269;Mannen en Vrouwen;43 jaar;2045;3372;3378;-6
2270;Mannen en Vrouwen;43 jaar;2046;3370;3379;-9
2271;Mannen en Vrouwen;43 jaar;2047;3356;3367;-11
2272;Mannen en Vrouwen;43 jaar;2048;3345;3357;-12
2273;Mannen en Vrouwen;43 jaar;2049;3337;3355;-18
2274;Mannen en Vrouwen;43 jaar;2050;3337;3349;-12
2275;Mannen en Vrouwen;43 jaar;2051;3339;3364;-25
2276;Mannen en Vrouwen;43 jaar;2052;3337;3365;-28
2277;Mannen en Vrouwen;43 jaar;2053;3338;3371;-33
2278;Mannen en Vrouwen;43 jaar;2054;3329;3362;-33
2279;Mannen en Vrouwen;43 jaar;2055;3322;3356;-34
2280;Mannen en Vrouwen;43 jaar;2056;3311;3343;-32
2281;Mannen en Vrouwen;43 jaar;2057;3321;3356;-35
2282;Mannen en Vrouwen;43 jaar;2058;3312;3347;-35
2283;Mannen en Vrouwen;43 jaar;2059;3317;3351;-34
2284;Mannen en Vrouwen;43 jaar;2060;3314;3345;-31
2285;Mannen en Vrouwen;43 jaar;2061;3312;3347;-35
2286;Mannen en Vrouwen;43 jaar;2062;3315;3353;-38
2287;Mannen en Vrouwen;43 jaar;2063;3312;3347;-35
2288;Mannen en Vrouwen;43 jaar;2064;3299;3336;-37
2289;Mannen en Vrouwen;43 jaar;2065;3308;3351;-43
2290;Mannen en Vrouwen;43 jaar;2066;3321;3373;-52
2291;Mannen en Vrouwen;43 jaar;2067;3336;3396;-60
2292;Mannen en Vrouwen;43 jaar;2068;3347;3412;-65
2293;Mannen en Vrouwen;43 jaar;2069;3359;3423;-64
2294;Mannen en Vrouwen;43 jaar;2070;3359;3437;-78
2295;Mannen en Vrouwen;44 jaar;2020;2295;1628;667
2296;Mannen en Vrouwen;44 jaar;2021;2654;1945;709
2297;Mannen en Vrouwen;44 jaar;2022;3029;2067;962
2298;Mannen en Vrouwen;44 jaar;2023;3118;2208;910
2299;Mannen en Vrouwen;44 jaar;2024;3144;2368;776
2300;Mannen en Vrouwen;44 jaar;2025;3175;2472;703
2301;Mannen en Vrouwen;44 jaar;2026;3168;2600;568
2302;Mannen en Vrouwen;44 jaar;2027;3170;2696;474
2303;Mannen en Vrouwen;44 jaar;2028;3183;2788;395
2304;Mannen en Vrouwen;44 jaar;2029;3176;2853;323
2305;Mannen en Vrouwen;44 jaar;2030;3168;2896;272
2306;Mannen en Vrouwen;44 jaar;2031;3163;2926;237
2307;Mannen en Vrouwen;44 jaar;2032;3151;2994;157
2308;Mannen en Vrouwen;44 jaar;2033;3140;3035;105
2309;Mannen en Vrouwen;44 jaar;2034;3151;3082;69
2310;Mannen en Vrouwen;44 jaar;2035;3150;3099;51
2311;Mannen en Vrouwen;44 jaar;2036;3147;3121;26
2312;Mannen en Vrouwen;44 jaar;2037;3138;3132;6
2313;Mannen en Vrouwen;44 jaar;2038;3146;3152;-6
2314;Mannen en Vrouwen;44 jaar;2039;3131;3142;-11
2315;Mannen en Vrouwen;44 jaar;2040;3130;3158;-28
2316;Mannen en Vrouwen;44 jaar;2041;3129;3171;-42
2317;Mannen en Vrouwen;44 jaar;2042;3146;3199;-53
2318;Mannen en Vrouwen;44 jaar;2043;3150;3214;-64
2319;Mannen en Vrouwen;44 jaar;2044;3164;3235;-71
2320;Mannen en Vrouwen;44 jaar;2045;3159;3222;-63
2321;Mannen en Vrouwen;44 jaar;2046;3154;3220;-66
2322;Mannen en Vrouwen;44 jaar;2047;3153;3219;-66
2323;Mannen en Vrouwen;44 jaar;2048;3141;3210;-69
2324;Mannen en Vrouwen;44 jaar;2049;3130;3201;-71
2325;Mannen en Vrouwen;44 jaar;2050;3125;3199;-74
2326;Mannen en Vrouwen;44 jaar;2051;3117;3196;-79
2327;Mannen en Vrouwen;44 jaar;2052;3128;3211;-83
2328;Mannen en Vrouwen;44 jaar;2053;3124;3212;-88
2329;Mannen en Vrouwen;44 jaar;2054;3124;3216;-92
2330;Mannen en Vrouwen;44 jaar;2055;3114;3210;-96
2331;Mannen en Vrouwen;44 jaar;2056;3107;3204;-97
2332;Mannen en Vrouwen;44 jaar;2057;3098;3194;-96
2333;Mannen en Vrouwen;44 jaar;2058;3107;3205;-98
2334;Mannen en Vrouwen;44 jaar;2059;3101;3197;-96
2335;Mannen en Vrouwen;44 jaar;2060;3105;3202;-97
2336;Mannen en Vrouwen;44 jaar;2061;3101;3197;-96
2337;Mannen en Vrouwen;44 jaar;2062;3100;3201;-101
2338;Mannen en Vrouwen;44 jaar;2063;3103;3208;-105
2339;Mannen en Vrouwen;44 jaar;2064;3101;3201;-100
2340;Mannen en Vrouwen;44 jaar;2065;3089;3191;-102
2341;Mannen en Vrouwen;44 jaar;2066;3096;3206;-110
2342;Mannen en Vrouwen;44 jaar;2067;3110;3229;-119
2343;Mannen en Vrouwen;44 jaar;2068;3122;3251;-129
2344;Mannen en Vrouwen;44 jaar;2069;3133;3265;-132
2345;Mannen en Vrouwen;44 jaar;2070;3133;3274;-141
2346;Mannen en Vrouwen;45 jaar;2020;2154;1511;643
2347;Mannen en Vrouwen;45 jaar;2021;2496;1797;699
2348;Mannen en Vrouwen;45 jaar;2022;2826;1893;933
2349;Mannen en Vrouwen;45 jaar;2023;2914;2033;881
2350;Mannen en Vrouwen;45 jaar;2024;2932;2165;767
2351;Mannen en Vrouwen;45 jaar;2025;2978;2310;668
2352;Mannen en Vrouwen;45 jaar;2026;2978;2383;595
2353;Mannen en Vrouwen;45 jaar;2027;2971;2489;482
2354;Mannen en Vrouwen;45 jaar;2028;2973;2563;410
2355;Mannen en Vrouwen;45 jaar;2029;2968;2641;327
2356;Mannen en Vrouwen;45 jaar;2030;2955;2688;267
2357;Mannen en Vrouwen;45 jaar;2031;2957;2730;227
2358;Mannen en Vrouwen;45 jaar;2032;2951;2757;194
2359;Mannen en Vrouwen;45 jaar;2033;2939;2816;123
2360;Mannen en Vrouwen;45 jaar;2034;2928;2854;74
2361;Mannen en Vrouwen;45 jaar;2035;2949;2897;52
2362;Mannen en Vrouwen;45 jaar;2036;2950;2915;35
2363;Mannen en Vrouwen;45 jaar;2037;2944;2937;7
2364;Mannen en Vrouwen;45 jaar;2038;2939;2947;-8
2365;Mannen en Vrouwen;45 jaar;2039;2941;2966;-25
2366;Mannen en Vrouwen;45 jaar;2040;2933;2960;-27
2367;Mannen en Vrouwen;45 jaar;2041;2928;2973;-45
2368;Mannen en Vrouwen;45 jaar;2042;2931;2988;-57
2369;Mannen en Vrouwen;45 jaar;2043;2949;3013;-64
2370;Mannen en Vrouwen;45 jaar;2044;2951;3028;-77
2371;Mannen en Vrouwen;45 jaar;2045;2964;3047;-83
2372;Mannen en Vrouwen;45 jaar;2046;2961;3036;-75
2373;Mannen en Vrouwen;45 jaar;2047;2955;3035;-80
2374;Mannen en Vrouwen;45 jaar;2048;2955;3034;-79
2375;Mannen en Vrouwen;45 jaar;2049;2941;3027;-86
2376;Mannen en Vrouwen;45 jaar;2050;2930;3019;-89
2377;Mannen en Vrouwen;45 jaar;2051;2928;3019;-91
2378;Mannen en Vrouwen;45 jaar;2052;2922;3017;-95
2379;Mannen en Vrouwen;45 jaar;2053;2929;3030;-101
2380;Mannen en Vrouwen;45 jaar;2054;2926;3032;-106
2381;Mannen en Vrouwen;45 jaar;2055;2929;3037;-108
2382;Mannen en Vrouwen;45 jaar;2056;2922;3031;-109
2383;Mannen en Vrouwen;45 jaar;2057;2910;3027;-117
2384;Mannen en Vrouwen;45 jaar;2058;2906;3018;-112
2385;Mannen en Vrouwen;45 jaar;2059;2907;3030;-123
2386;Mannen en Vrouwen;45 jaar;2060;2907;3023;-116
2387;Mannen en Vrouwen;45 jaar;2061;2908;3028;-120
2388;Mannen en Vrouwen;45 jaar;2062;2909;3024;-115
2389;Mannen en Vrouwen;45 jaar;2063;2905;3028;-123
2390;Mannen en Vrouwen;45 jaar;2064;2909;3035;-126
2391;Mannen en Vrouwen;45 jaar;2065;2905;3029;-124
2392;Mannen en Vrouwen;45 jaar;2066;2893;3021;-128
2393;Mannen en Vrouwen;45 jaar;2067;2902;3036;-134
2394;Mannen en Vrouwen;45 jaar;2068;2912;3057;-145
2395;Mannen en Vrouwen;45 jaar;2069;2924;3077;-153
2396;Mannen en Vrouwen;45 jaar;2070;2924;3091;-167
2397;Mannen en Vrouwen;46 jaar;2020;2024;1461;563
2398;Mannen en Vrouwen;46 jaar;2021;2318;1709;609
2399;Mannen en Vrouwen;46 jaar;2022;2640;1790;850
2400;Mannen en Vrouwen;46 jaar;2023;2707;1902;805
2401;Mannen en Vrouwen;46 jaar;2024;2725;2036;689
2402;Mannen en Vrouwen;46 jaar;2025;2759;2156;603
2403;Mannen en Vrouwen;46 jaar;2026;2777;2269;508
2404;Mannen en Vrouwen;46 jaar;2027;2775;2327;448
2405;Mannen en Vrouwen;46 jaar;2028;2771;2413;358
2406;Mannen en Vrouwen;46 jaar;2029;2757;2475;282
2407;Mannen en Vrouwen;46 jaar;2030;2748;2537;211
2408;Mannen en Vrouwen;46 jaar;2031;2748;2583;165
2409;Mannen en Vrouwen;46 jaar;2032;2747;2622;125
2410;Mannen en Vrouwen;46 jaar;2033;2743;2646;97
2411;Mannen en Vrouwen;46 jaar;2034;2730;2700;30
2412;Mannen en Vrouwen;46 jaar;2035;2736;2737;-1
2413;Mannen en Vrouwen;46 jaar;2036;2749;2781;-32
2414;Mannen en Vrouwen;46 jaar;2037;2748;2801;-53
2415;Mannen en Vrouwen;46 jaar;2038;2743;2823;-80
2416;Mannen en Vrouwen;46 jaar;2039;2742;2831;-89
2417;Mannen en Vrouwen;46 jaar;2040;2745;2851;-106
2418;Mannen en Vrouwen;46 jaar;2041;2734;2844;-110
2419;Mannen en Vrouwen;46 jaar;2042;2733;2858;-125
2420;Mannen en Vrouwen;46 jaar;2043;2740;2873;-133
2421;Mannen en Vrouwen;46 jaar;2044;2755;2899;-144
2422;Mannen en Vrouwen;46 jaar;2045;2756;2915;-159
2423;Mannen en Vrouwen;46 jaar;2046;2765;2934;-169
2424;Mannen en Vrouwen;46 jaar;2047;2763;2923;-160
2425;Mannen en Vrouwen;46 jaar;2048;2757;2921;-164
2426;Mannen en Vrouwen;46 jaar;2049;2754;2923;-169
2427;Mannen en Vrouwen;46 jaar;2050;2746;2915;-169
2428;Mannen en Vrouwen;46 jaar;2051;2738;2909;-171
2429;Mannen en Vrouwen;46 jaar;2052;2731;2908;-177
2430;Mannen en Vrouwen;46 jaar;2053;2728;2905;-177
2431;Mannen en Vrouwen;46 jaar;2054;2734;2918;-184
2432;Mannen en Vrouwen;46 jaar;2055;2732;2920;-188
2433;Mannen en Vrouwen;46 jaar;2056;2730;2926;-196
2434;Mannen en Vrouwen;46 jaar;2057;2724;2920;-196
2435;Mannen en Vrouwen;46 jaar;2058;2718;2916;-198
2436;Mannen en Vrouwen;46 jaar;2059;2709;2907;-198
2437;Mannen en Vrouwen;46 jaar;2060;2713;2920;-207
2438;Mannen en Vrouwen;46 jaar;2061;2710;2914;-204
2439;Mannen en Vrouwen;46 jaar;2062;2716;2920;-204
2440;Mannen en Vrouwen;46 jaar;2063;2709;2916;-207
2441;Mannen en Vrouwen;46 jaar;2064;2711;2921;-210
2442;Mannen en Vrouwen;46 jaar;2065;2715;2926;-211
2443;Mannen en Vrouwen;46 jaar;2066;2708;2922;-214
2444;Mannen en Vrouwen;46 jaar;2067;2700;2915;-215
2445;Mannen en Vrouwen;46 jaar;2068;2706;2930;-224
2446;Mannen en Vrouwen;46 jaar;2069;2719;2952;-233
2447;Mannen en Vrouwen;46 jaar;2070;2719;2974;-255
2448;Mannen en Vrouwen;47 jaar;2020;1921;1382;539
2449;Mannen en Vrouwen;47 jaar;2021;2196;1665;531
2450;Mannen en Vrouwen;47 jaar;2022;2479;1708;771
2451;Mannen en Vrouwen;47 jaar;2023;2547;1799;748
2452;Mannen en Vrouwen;47 jaar;2024;2557;1904;653
2453;Mannen en Vrouwen;47 jaar;2025;2591;2024;567
2454;Mannen en Vrouwen;47 jaar;2026;2595;2111;484
2455;Mannen en Vrouwen;47 jaar;2027;2610;2209;401
2456;Mannen en Vrouwen;47 jaar;2028;2619;2250;369
2457;Mannen en Vrouwen;47 jaar;2029;2593;2320;273
2458;Mannen en Vrouwen;47 jaar;2030;2579;2368;211
2459;Mannen en Vrouwen;47 jaar;2031;2577;2427;150
2460;Mannen en Vrouwen;47 jaar;2032;2571;2468;103
2461;Mannen en Vrouwen;47 jaar;2033;2576;2506;70
2462;Mannen en Vrouwen;47 jaar;2034;2567;2528;39
2463;Mannen en Vrouwen;47 jaar;2035;2569;2576;-7
2464;Mannen en Vrouwen;47 jaar;2036;2569;2613;-44
2465;Mannen en Vrouwen;47 jaar;2037;2588;2657;-69
2466;Mannen en Vrouwen;47 jaar;2038;2586;2675;-89
2467;Mannen en Vrouwen;47 jaar;2039;2580;2694;-114
2468;Mannen en Vrouwen;47 jaar;2040;2578;2701;-123
2469;Mannen en Vrouwen;47 jaar;2041;2583;2721;-138
2470;Mannen en Vrouwen;47 jaar;2042;2574;2715;-141
2471;Mannen en Vrouwen;47 jaar;2043;2574;2729;-155
2472;Mannen en Vrouwen;47 jaar;2044;2579;2742;-163
2473;Mannen en Vrouwen;47 jaar;2045;2594;2768;-174
2474;Mannen en Vrouwen;47 jaar;2046;2594;2783;-189
2475;Mannen en Vrouwen;47 jaar;2047;2606;2801;-195
2476;Mannen en Vrouwen;47 jaar;2048;2603;2790;-187
2477;Mannen en Vrouwen;47 jaar;2049;2598;2789;-191
2478;Mannen en Vrouwen;47 jaar;2050;2593;2789;-196
2479;Mannen en Vrouwen;47 jaar;2051;2586;2782;-196
2480;Mannen en Vrouwen;47 jaar;2052;2578;2775;-197
2481;Mannen en Vrouwen;47 jaar;2053;2574;2774;-200
2482;Mannen en Vrouwen;47 jaar;2054;2570;2770;-200
2483;Mannen en Vrouwen;47 jaar;2055;2577;2783;-206
2484;Mannen en Vrouwen;47 jaar;2056;2570;2785;-215
2485;Mannen en Vrouwen;47 jaar;2057;2573;2790;-217
2486;Mannen en Vrouwen;47 jaar;2058;2564;2784;-220
2487;Mannen en Vrouwen;47 jaar;2059;2555;2781;-226
2488;Mannen en Vrouwen;47 jaar;2060;2550;2772;-222
2489;Mannen en Vrouwen;47 jaar;2061;2557;2785;-228
2490;Mannen en Vrouwen;47 jaar;2062;2552;2779;-227
2491;Mannen en Vrouwen;47 jaar;2063;2553;2786;-233
2492;Mannen en Vrouwen;47 jaar;2064;2554;2782;-228
2493;Mannen en Vrouwen;47 jaar;2065;2554;2785;-231
2494;Mannen en Vrouwen;47 jaar;2066;2556;2792;-236
2495;Mannen en Vrouwen;47 jaar;2067;2550;2789;-239
2496;Mannen en Vrouwen;47 jaar;2068;2545;2780;-235
2497;Mannen en Vrouwen;47 jaar;2069;2546;2795;-249
2498;Mannen en Vrouwen;47 jaar;2070;2546;2814;-268
2499;Mannen en Vrouwen;48 jaar;2020;1834;1344;490
2500;Mannen en Vrouwen;48 jaar;2021;2070;1573;497
2501;Mannen en Vrouwen;48 jaar;2022;2328;1648;680
2502;Mannen en Vrouwen;48 jaar;2023;2380;1704;676
2503;Mannen en Vrouwen;48 jaar;2024;2389;1789;600
2504;Mannen en Vrouwen;48 jaar;2025;2419;1886;533
2505;Mannen en Vrouwen;48 jaar;2026;2428;1977;451
2506;Mannen en Vrouwen;48 jaar;2027;2431;2050;381
2507;Mannen en Vrouwen;48 jaar;2028;2440;2130;310
2508;Mannen en Vrouwen;48 jaar;2029;2427;2160;267
2509;Mannen en Vrouwen;48 jaar;2030;2405;2214;191
2510;Mannen en Vrouwen;48 jaar;2031;2394;2260;134
2511;Mannen en Vrouwen;48 jaar;2032;2391;2314;77
2512;Mannen en Vrouwen;48 jaar;2033;2384;2352;32
2513;Mannen en Vrouwen;48 jaar;2034;2386;2385;1
2514;Mannen en Vrouwen;48 jaar;2035;2392;2406;-14
2515;Mannen en Vrouwen;48 jaar;2036;2391;2453;-62
2516;Mannen en Vrouwen;48 jaar;2037;2394;2488;-94
2517;Mannen en Vrouwen;48 jaar;2038;2405;2529;-124
2518;Mannen en Vrouwen;48 jaar;2039;2403;2545;-142
2519;Mannen en Vrouwen;48 jaar;2040;2401;2564;-163
2520;Mannen en Vrouwen;48 jaar;2041;2398;2572;-174
2521;Mannen en Vrouwen;48 jaar;2042;2403;2589;-186
2522;Mannen en Vrouwen;48 jaar;2043;2395;2584;-189
2523;Mannen en Vrouwen;48 jaar;2044;2395;2598;-203
2524;Mannen en Vrouwen;48 jaar;2045;2398;2611;-213
2525;Mannen en Vrouwen;48 jaar;2046;2413;2636;-223
2526;Mannen en Vrouwen;48 jaar;2047;2419;2649;-230
2527;Mannen en Vrouwen;48 jaar;2048;2426;2667;-241
2528;Mannen en Vrouwen;48 jaar;2049;2418;2658;-240
2529;Mannen en Vrouwen;48 jaar;2050;2416;2655;-239
2530;Mannen en Vrouwen;48 jaar;2051;2414;2658;-244
2531;Mannen en Vrouwen;48 jaar;2052;2403;2650;-247
2532;Mannen en Vrouwen;48 jaar;2053;2395;2642;-247
2533;Mannen en Vrouwen;48 jaar;2054;2396;2642;-246
2534;Mannen en Vrouwen;48 jaar;2055;2386;2639;-253
2535;Mannen en Vrouwen;48 jaar;2056;2392;2651;-259
2536;Mannen en Vrouwen;48 jaar;2057;2393;2653;-260
2537;Mannen en Vrouwen;48 jaar;2058;2392;2658;-266
2538;Mannen en Vrouwen;48 jaar;2059;2389;2653;-264
2539;Mannen en Vrouwen;48 jaar;2060;2383;2649;-266
2540;Mannen en Vrouwen;48 jaar;2061;2372;2640;-268
2541;Mannen en Vrouwen;48 jaar;2062;2379;2654;-275
2542;Mannen en Vrouwen;48 jaar;2063;2375;2646;-271
2543;Mannen en Vrouwen;48 jaar;2064;2380;2654;-274
2544;Mannen en Vrouwen;48 jaar;2065;2378;2652;-274
2545;Mannen en Vrouwen;48 jaar;2066;2376;2654;-278
2546;Mannen en Vrouwen;48 jaar;2067;2379;2660;-281
2547;Mannen en Vrouwen;48 jaar;2068;2372;2659;-287
2548;Mannen en Vrouwen;48 jaar;2069;2361;2648;-287
2549;Mannen en Vrouwen;48 jaar;2070;2361;2660;-299
2550;Mannen en Vrouwen;49 jaar;2020;1733;1286;447
2551;Mannen en Vrouwen;49 jaar;2021;1960;1528;432
2552;Mannen en Vrouwen;49 jaar;2022;2183;1553;630
2553;Mannen en Vrouwen;49 jaar;2023;2229;1636;593
2554;Mannen en Vrouwen;49 jaar;2024;2222;1690;532
2555;Mannen en Vrouwen;49 jaar;2025;2249;1768;481
2556;Mannen en Vrouwen;49 jaar;2026;2251;1838;413
2557;Mannen en Vrouwen;49 jaar;2027;2257;1914;343
2558;Mannen en Vrouwen;49 jaar;2028;2263;1970;293
2559;Mannen en Vrouwen;49 jaar;2029;2260;2040;220
2560;Mannen en Vrouwen;49 jaar;2030;2246;2059;187
2561;Mannen en Vrouwen;49 jaar;2031;2230;2108;122
2562;Mannen en Vrouwen;49 jaar;2032;2216;2150;66
2563;Mannen en Vrouwen;49 jaar;2033;2213;2200;13
2564;Mannen en Vrouwen;49 jaar;2034;2207;2234;-27
2565;Mannen en Vrouwen;49 jaar;2035;2221;2267;-46
2566;Mannen en Vrouwen;49 jaar;2036;2224;2288;-64
2567;Mannen en Vrouwen;49 jaar;2037;2222;2330;-108
2568;Mannen en Vrouwen;49 jaar;2038;2226;2363;-137
2569;Mannen en Vrouwen;49 jaar;2039;2240;2401;-161
2570;Mannen en Vrouwen;49 jaar;2040;2240;2417;-177
2571;Mannen en Vrouwen;49 jaar;2041;2235;2434;-199
2572;Mannen en Vrouwen;49 jaar;2042;2234;2442;-208
2573;Mannen en Vrouwen;49 jaar;2043;2238;2459;-221
2574;Mannen en Vrouwen;49 jaar;2044;2231;2456;-225
2575;Mannen en Vrouwen;49 jaar;2045;2235;2469;-234
2576;Mannen en Vrouwen;49 jaar;2046;2239;2480;-241
2577;Mannen en Vrouwen;49 jaar;2047;2251;2503;-252
2578;Mannen en Vrouwen;49 jaar;2048;2255;2516;-261
2579;Mannen en Vrouwen;49 jaar;2049;2263;2534;-271
2580;Mannen en Vrouwen;49 jaar;2050;2259;2525;-266
2581;Mannen en Vrouwen;49 jaar;2051;2258;2526;-268
2582;Mannen en Vrouwen;49 jaar;2052;2254;2527;-273
2583;Mannen en Vrouwen;49 jaar;2053;2243;2519;-276
2584;Mannen en Vrouwen;49 jaar;2054;2233;2513;-280
2585;Mannen en Vrouwen;49 jaar;2055;2234;2512;-278
2586;Mannen en Vrouwen;49 jaar;2056;2226;2510;-284
2587;Mannen en Vrouwen;49 jaar;2057;2236;2522;-286
2588;Mannen en Vrouwen;49 jaar;2058;2233;2525;-292
2589;Mannen en Vrouwen;49 jaar;2059;2232;2530;-298
2590;Mannen en Vrouwen;49 jaar;2060;2227;2524;-297
2591;Mannen en Vrouwen;49 jaar;2061;2224;2523;-299
2592;Mannen en Vrouwen;49 jaar;2062;2213;2515;-302
2593;Mannen en Vrouwen;49 jaar;2063;2218;2528;-310
2594;Mannen en Vrouwen;49 jaar;2064;2217;2522;-305
2595;Mannen en Vrouwen;49 jaar;2065;2218;2529;-311
2596;Mannen en Vrouwen;49 jaar;2066;2217;2527;-310
2597;Mannen en Vrouwen;49 jaar;2067;2215;2529;-314
2598;Mannen en Vrouwen;49 jaar;2068;2219;2536;-317
2599;Mannen en Vrouwen;49 jaar;2069;2214;2534;-320
2600;Mannen en Vrouwen;49 jaar;2070;2214;2519;-305
2601;Mannen en Vrouwen;50 jaar;2020;1593;1220;373
2602;Mannen en Vrouwen;50 jaar;2021;1798;1446;352
2603;Mannen en Vrouwen;50 jaar;2022;2004;1486;518
2604;Mannen en Vrouwen;50 jaar;2023;2028;1520;508
2605;Mannen en Vrouwen;50 jaar;2024;2026;1600;426
2606;Mannen en Vrouwen;50 jaar;2025;2041;1648;393
2607;Mannen en Vrouwen;50 jaar;2026;2043;1700;343
2608;Mannen en Vrouwen;50 jaar;2027;2040;1757;283
2609;Mannen en Vrouwen;50 jaar;2028;2049;1819;230
2610;Mannen en Vrouwen;50 jaar;2029;2041;1863;178
2611;Mannen en Vrouwen;50 jaar;2030;2039;1920;119
2612;Mannen en Vrouwen;50 jaar;2031;2034;1939;95
2613;Mannen en Vrouwen;50 jaar;2032;2018;1984;34
2614;Mannen en Vrouwen;50 jaar;2033;2006;2019;-13
2615;Mannen en Vrouwen;50 jaar;2034;2006;2064;-58
2616;Mannen en Vrouwen;50 jaar;2035;2006;2096;-90
2617;Mannen en Vrouwen;50 jaar;2036;2018;2129;-111
2618;Mannen en Vrouwen;50 jaar;2037;2021;2149;-128
2619;Mannen en Vrouwen;50 jaar;2038;2021;2191;-170
2620;Mannen en Vrouwen;50 jaar;2039;2022;2220;-198
2621;Mannen en Vrouwen;50 jaar;2040;2036;2257;-221
2622;Mannen en Vrouwen;50 jaar;2041;2036;2272;-236
2623;Mannen en Vrouwen;50 jaar;2042;2035;2288;-253
2624;Mannen en Vrouwen;50 jaar;2043;2035;2297;-262
2625;Mannen en Vrouwen;50 jaar;2044;2039;2313;-274
2626;Mannen en Vrouwen;50 jaar;2045;2034;2311;-277
2627;Mannen en Vrouwen;50 jaar;2046;2034;2323;-289
2628;Mannen en Vrouwen;50 jaar;2047;2036;2335;-299
2629;Mannen en Vrouwen;50 jaar;2048;2050;2359;-309
2630;Mannen en Vrouwen;50 jaar;2049;2055;2370;-315
2631;Mannen en Vrouwen;50 jaar;2050;2062;2387;-325
2632;Mannen en Vrouwen;50 jaar;2051;2055;2381;-326
2633;Mannen en Vrouwen;50 jaar;2052;2057;2382;-325
2634;Mannen en Vrouwen;50 jaar;2053;2052;2383;-331
2635;Mannen en Vrouwen;50 jaar;2054;2043;2377;-334
2636;Mannen en Vrouwen;50 jaar;2055;2036;2370;-334
2637;Mannen en Vrouwen;50 jaar;2056;2037;2370;-333
2638;Mannen en Vrouwen;50 jaar;2057;2028;2368;-340
2639;Mannen en Vrouwen;50 jaar;2058;2036;2381;-345
2640;Mannen en Vrouwen;50 jaar;2059;2032;2385;-353
2641;Mannen en Vrouwen;50 jaar;2060;2037;2390;-353
2642;Mannen en Vrouwen;50 jaar;2061;2031;2386;-355
2643;Mannen en Vrouwen;50 jaar;2062;2024;2383;-359
2644;Mannen en Vrouwen;50 jaar;2063;2018;2378;-360
2645;Mannen en Vrouwen;50 jaar;2064;2023;2390;-367
2646;Mannen en Vrouwen;50 jaar;2065;2019;2386;-367
2647;Mannen en Vrouwen;50 jaar;2066;2022;2392;-370
2648;Mannen en Vrouwen;50 jaar;2067;2021;2392;-371
2649;Mannen en Vrouwen;50 jaar;2068;2019;2395;-376
2650;Mannen en Vrouwen;50 jaar;2069;2021;2402;-381
2651;Mannen en Vrouwen;50 jaar;2070;2021;2404;-383
2652;Mannen en Vrouwen;51 jaar;2020;1475;1140;335
2653;Mannen en Vrouwen;51 jaar;2021;1666;1371;295
2654;Mannen en Vrouwen;51 jaar;2022;1854;1400;454
2655;Mannen en Vrouwen;51 jaar;2023;1880;1450;430
2656;Mannen en Vrouwen;51 jaar;2024;1863;1484;379
2657;Mannen en Vrouwen;51 jaar;2025;1877;1558;319
2658;Mannen en Vrouwen;51 jaar;2026;1867;1583;284
2659;Mannen en Vrouwen;51 jaar;2027;1869;1626;243
2660;Mannen en Vrouwen;51 jaar;2028;1871;1671;200
2661;Mannen en Vrouwen;51 jaar;2029;1868;1722;146
2662;Mannen en Vrouwen;51 jaar;2030;1858;1756;102
2663;Mannen en Vrouwen;51 jaar;2031;1864;1812;52
2664;Mannen en Vrouwen;51 jaar;2032;1858;1829;29
2665;Mannen en Vrouwen;51 jaar;2033;1841;1869;-28
2666;Mannen en Vrouwen;51 jaar;2034;1832;1901;-69
2667;Mannen en Vrouwen;51 jaar;2035;1838;1944;-106
2668;Mannen en Vrouwen;51 jaar;2036;1840;1976;-136
2669;Mannen en Vrouwen;51 jaar;2037;1853;2006;-153
2670;Mannen en Vrouwen;51 jaar;2038;1856;2025;-169
2671;Mannen en Vrouwen;51 jaar;2039;1855;2064;-209
2672;Mannen en Vrouwen;51 jaar;2040;1859;2092;-233
2673;Mannen en Vrouwen;51 jaar;2041;1867;2125;-258
2674;Mannen en Vrouwen;51 jaar;2042;1870;2140;-270
2675;Mannen en Vrouwen;51 jaar;2043;1873;2156;-283
2676;Mannen en Vrouwen;51 jaar;2044;1872;2165;-293
2677;Mannen en Vrouwen;51 jaar;2045;1876;2182;-306
2678;Mannen en Vrouwen;51 jaar;2046;1869;2178;-309
2679;Mannen en Vrouwen;51 jaar;2047;1869;2190;-321
2680;Mannen en Vrouwen;51 jaar;2048;1872;2203;-331
2681;Mannen en Vrouwen;51 jaar;2049;1887;2224;-337
2682;Mannen en Vrouwen;51 jaar;2050;1891;2235;-344
2683;Mannen en Vrouwen;51 jaar;2051;1898;2253;-355
2684;Mannen en Vrouwen;51 jaar;2052;1891;2246;-355
2685;Mannen en Vrouwen;51 jaar;2053;1888;2247;-359
2686;Mannen en Vrouwen;51 jaar;2054;1887;2249;-362
2687;Mannen en Vrouwen;51 jaar;2055;1878;2243;-365
2688;Mannen en Vrouwen;51 jaar;2056;1872;2239;-367
2689;Mannen en Vrouwen;51 jaar;2057;1872;2239;-367
2690;Mannen en Vrouwen;51 jaar;2058;1869;2239;-370
2691;Mannen en Vrouwen;51 jaar;2059;1872;2251;-379
2692;Mannen en Vrouwen;51 jaar;2060;1873;2254;-381
2693;Mannen en Vrouwen;51 jaar;2061;1875;2260;-385
2694;Mannen en Vrouwen;51 jaar;2062;1868;2257;-389
2695;Mannen en Vrouwen;51 jaar;2063;1863;2255;-392
2696;Mannen en Vrouwen;51 jaar;2064;1858;2250;-392
2697;Mannen en Vrouwen;51 jaar;2065;1861;2263;-402
2698;Mannen en Vrouwen;51 jaar;2066;1858;2261;-403
2699;Mannen en Vrouwen;51 jaar;2067;1864;2267;-403
2700;Mannen en Vrouwen;51 jaar;2068;1860;2265;-405
2701;Mannen en Vrouwen;51 jaar;2069;1859;2271;-412
2702;Mannen en Vrouwen;51 jaar;2070;1859;2275;-416
2703;Mannen en Vrouwen;52 jaar;2020;1349;1064;285
2704;Mannen en Vrouwen;52 jaar;2021;1547;1296;251
2705;Mannen en Vrouwen;52 jaar;2022;1723;1348;375
2706;Mannen en Vrouwen;52 jaar;2023;1747;1382;365
2707;Mannen en Vrouwen;52 jaar;2024;1734;1432;302
2708;Mannen en Vrouwen;52 jaar;2025;1732;1461;271
2709;Mannen en Vrouwen;52 jaar;2026;1729;1513;216
2710;Mannen en Vrouwen;52 jaar;2027;1718;1530;188
2711;Mannen en Vrouwen;52 jaar;2028;1723;1560;163
2712;Mannen en Vrouwen;52 jaar;2029;1711;1599;112
2713;Mannen en Vrouwen;52 jaar;2030;1707;1642;65
2714;Mannen en Vrouwen;52 jaar;2031;1705;1676;29
2715;Mannen en Vrouwen;52 jaar;2032;1710;1730;-20
2716;Mannen en Vrouwen;52 jaar;2033;1703;1744;-41
2717;Mannen en Vrouwen;52 jaar;2034;1688;1780;-92
2718;Mannen en Vrouwen;52 jaar;2035;1685;1812;-127
2719;Mannen en Vrouwen;52 jaar;2036;1692;1854;-162
2720;Mannen en Vrouwen;52 jaar;2037;1694;1885;-191
2721;Mannen en Vrouwen;52 jaar;2038;1703;1913;-210
2722;Mannen en Vrouwen;52 jaar;2039;1707;1934;-227
2723;Mannen en Vrouwen;52 jaar;2040;1705;1971;-266
2724;Mannen en Vrouwen;52 jaar;2041;1707;1997;-290
2725;Mannen en Vrouwen;52 jaar;2042;1722;2030;-308
2726;Mannen en Vrouwen;52 jaar;2043;1723;2046;-323
2727;Mannen en Vrouwen;52 jaar;2044;1725;2062;-337
2728;Mannen en Vrouwen;52 jaar;2045;1724;2071;-347
2729;Mannen en Vrouwen;52 jaar;2046;1728;2086;-358
2730;Mannen en Vrouwen;52 jaar;2047;1722;2084;-362
2731;Mannen en Vrouwen;52 jaar;2048;1723;2096;-373
2732;Mannen en Vrouwen;52 jaar;2049;1727;2107;-380
2733;Mannen en Vrouwen;52 jaar;2050;1742;2129;-387
2734;Mannen en Vrouwen;52 jaar;2051;1746;2141;-395
2735;Mannen en Vrouwen;52 jaar;2052;1752;2158;-406
2736;Mannen en Vrouwen;52 jaar;2053;1744;2152;-408
2737;Mannen en Vrouwen;52 jaar;2054;1745;2153;-408
2738;Mannen en Vrouwen;52 jaar;2055;1741;2154;-413
2739;Mannen en Vrouwen;52 jaar;2056;1736;2150;-414
2740;Mannen en Vrouwen;52 jaar;2057;1729;2144;-415
2741;Mannen en Vrouwen;52 jaar;2058;1727;2145;-418
2742;Mannen en Vrouwen;52 jaar;2059;1720;2145;-425
2743;Mannen en Vrouwen;52 jaar;2060;1726;2156;-430
2744;Mannen en Vrouwen;52 jaar;2061;1725;2160;-435
2745;Mannen en Vrouwen;52 jaar;2062;1731;2167;-436
2746;Mannen en Vrouwen;52 jaar;2063;1722;2164;-442
2747;Mannen en Vrouwen;52 jaar;2064;1715;2163;-448
2748;Mannen en Vrouwen;52 jaar;2065;1710;2156;-446
2749;Mannen en Vrouwen;52 jaar;2066;1716;2170;-454
2750;Mannen en Vrouwen;52 jaar;2067;1711;2167;-456
2751;Mannen en Vrouwen;52 jaar;2068;1716;2174;-458
2752;Mannen en Vrouwen;52 jaar;2069;1715;2173;-458
2753;Mannen en Vrouwen;52 jaar;2070;1715;2173;-458
2754;Mannen en Vrouwen;53 jaar;2020;1225;1013;212
2755;Mannen en Vrouwen;53 jaar;2021;1382;1251;131
2756;Mannen en Vrouwen;53 jaar;2022;1563;1321;242
2757;Mannen en Vrouwen;53 jaar;2023;1586;1379;207
2758;Mannen en Vrouwen;53 jaar;2024;1572;1411;161
2759;Mannen en Vrouwen;53 jaar;2025;1575;1456;119
2760;Mannen en Vrouwen;53 jaar;2026;1556;1464;92
2761;Mannen en Vrouwen;53 jaar;2027;1548;1505;43
2762;Mannen en Vrouwen;53 jaar;2028;1544;1512;32
2763;Mannen en Vrouwen;53 jaar;2029;1535;1537;-2
2764;Mannen en Vrouwen;53 jaar;2030;1524;1567;-43
2765;Mannen en Vrouwen;53 jaar;2031;1525;1609;-84
2766;Mannen en Vrouwen;53 jaar;2032;1524;1638;-114
2767;Mannen en Vrouwen;53 jaar;2033;1530;1690;-160
2768;Mannen en Vrouwen;53 jaar;2034;1524;1703;-179
2769;Mannen en Vrouwen;53 jaar;2035;1517;1737;-220
2770;Mannen en Vrouwen;53 jaar;2036;1516;1768;-252
2771;Mannen en Vrouwen;53 jaar;2037;1520;1810;-290
2772;Mannen en Vrouwen;53 jaar;2038;1526;1840;-314
2773;Mannen en Vrouwen;53 jaar;2039;1534;1869;-335
2774;Mannen en Vrouwen;53 jaar;2040;1537;1887;-350
2775;Mannen en Vrouwen;53 jaar;2041;1536;1922;-386
2776;Mannen en Vrouwen;53 jaar;2042;1543;1949;-406
2777;Mannen en Vrouwen;53 jaar;2043;1557;1983;-426
2778;Mannen en Vrouwen;53 jaar;2044;1559;1998;-439
2779;Mannen en Vrouwen;53 jaar;2045;1559;2013;-454
2780;Mannen en Vrouwen;53 jaar;2046;1561;2022;-461
2781;Mannen en Vrouwen;53 jaar;2047;1561;2038;-477
2782;Mannen en Vrouwen;53 jaar;2048;1557;2035;-478
2783;Mannen en Vrouwen;53 jaar;2049;1559;2045;-486
2784;Mannen en Vrouwen;53 jaar;2050;1567;2057;-490
2785;Mannen en Vrouwen;53 jaar;2051;1580;2079;-499
2786;Mannen en Vrouwen;53 jaar;2052;1580;2091;-511
2787;Mannen en Vrouwen;53 jaar;2053;1589;2107;-518
2788;Mannen en Vrouwen;53 jaar;2054;1588;2102;-514
2789;Mannen en Vrouwen;53 jaar;2055;1583;2101;-518
2790;Mannen en Vrouwen;53 jaar;2056;1584;2103;-519
2791;Mannen en Vrouwen;53 jaar;2057;1575;2099;-524
2792;Mannen en Vrouwen;53 jaar;2058;1568;2093;-525
2793;Mannen en Vrouwen;53 jaar;2059;1562;2095;-533
2794;Mannen en Vrouwen;53 jaar;2060;1561;2093;-532
2795;Mannen en Vrouwen;53 jaar;2061;1567;2105;-538
2796;Mannen en Vrouwen;53 jaar;2062;1565;2110;-545
2797;Mannen en Vrouwen;53 jaar;2063;1563;2116;-553
2798;Mannen en Vrouwen;53 jaar;2064;1559;2112;-553
2799;Mannen en Vrouwen;53 jaar;2065;1553;2111;-558
2800;Mannen en Vrouwen;53 jaar;2066;1549;2106;-557
2801;Mannen en Vrouwen;53 jaar;2067;1552;2119;-567
2802;Mannen en Vrouwen;53 jaar;2068;1548;2115;-567
2803;Mannen en Vrouwen;53 jaar;2069;1552;2123;-571
2804;Mannen en Vrouwen;53 jaar;2070;1552;2120;-568
2805;Mannen en Vrouwen;54 jaar;2020;1122;975;147
2806;Mannen en Vrouwen;54 jaar;2021;1266;1193;73
2807;Mannen en Vrouwen;54 jaar;2022;1410;1271;139
2808;Mannen en Vrouwen;54 jaar;2023;1451;1346;105
2809;Mannen en Vrouwen;54 jaar;2024;1445;1404;41
2810;Mannen en Vrouwen;54 jaar;2025;1449;1435;14
2811;Mannen en Vrouwen;54 jaar;2026;1434;1462;-28
2812;Mannen en Vrouwen;54 jaar;2027;1415;1462;-47
2813;Mannen en Vrouwen;54 jaar;2028;1412;1493;-81
2814;Mannen en Vrouwen;54 jaar;2029;1396;1494;-98
2815;Mannen en Vrouwen;54 jaar;2030;1388;1510;-122
2816;Mannen en Vrouwen;54 jaar;2031;1383;1539;-156
2817;Mannen en Vrouwen;54 jaar;2032;1386;1577;-191
2818;Mannen en Vrouwen;54 jaar;2033;1385;1605;-220
2819;Mannen en Vrouwen;54 jaar;2034;1392;1653;-261
2820;Mannen en Vrouwen;54 jaar;2035;1390;1665;-275
2821;Mannen en Vrouwen;54 jaar;2036;1382;1697;-315
2822;Mannen en Vrouwen;54 jaar;2037;1383;1728;-345
2823;Mannen en Vrouwen;54 jaar;2038;1386;1768;-382
2824;Mannen en Vrouwen;54 jaar;2039;1389;1797;-408
2825;Mannen en Vrouwen;54 jaar;2040;1397;1827;-430
2826;Mannen en Vrouwen;54 jaar;2041;1402;1845;-443
2827;Mannen en Vrouwen;54 jaar;2042;1402;1876;-474
2828;Mannen en Vrouwen;54 jaar;2043;1407;1902;-495
2829;Mannen en Vrouwen;54 jaar;2044;1422;1937;-515
2830;Mannen en Vrouwen;54 jaar;2045;1425;1951;-526
2831;Mannen en Vrouwen;54 jaar;2046;1426;1965;-539
2832;Mannen en Vrouwen;54 jaar;2047;1427;1973;-546
2833;Mannen en Vrouwen;54 jaar;2048;1430;1988;-558
2834;Mannen en Vrouwen;54 jaar;2049;1423;1986;-563
2835;Mannen en Vrouwen;54 jaar;2050;1425;1996;-571
2836;Mannen en Vrouwen;54 jaar;2051;1430;2009;-579
2837;Mannen en Vrouwen;54 jaar;2052;1444;2031;-587
2838;Mannen en Vrouwen;54 jaar;2053;1444;2043;-599
2839;Mannen en Vrouwen;54 jaar;2054;1453;2058;-605
2840;Mannen en Vrouwen;54 jaar;2055;1447;2053;-606
2841;Mannen en Vrouwen;54 jaar;2056;1445;2054;-609
2842;Mannen en Vrouwen;54 jaar;2057;1447;2055;-608
2843;Mannen en Vrouwen;54 jaar;2058;1436;2051;-615
2844;Mannen en Vrouwen;54 jaar;2059;1431;2046;-615
2845;Mannen en Vrouwen;54 jaar;2060;1428;2048;-620
2846;Mannen en Vrouwen;54 jaar;2061;1429;2046;-617
2847;Mannen en Vrouwen;54 jaar;2062;1433;2059;-626
2848;Mannen en Vrouwen;54 jaar;2063;1430;2063;-633
2849;Mannen en Vrouwen;54 jaar;2064;1430;2069;-639
2850;Mannen en Vrouwen;54 jaar;2065;1429;2066;-637
2851;Mannen en Vrouwen;54 jaar;2066;1421;2065;-644
2852;Mannen en Vrouwen;54 jaar;2067;1415;2060;-645
2853;Mannen en Vrouwen;54 jaar;2068;1419;2074;-655
2854;Mannen en Vrouwen;54 jaar;2069;1416;2071;-655
2855;Mannen en Vrouwen;54 jaar;2070;1416;2075;-659
2856;Mannen en Vrouwen;55 jaar;2020;1025;939;86
2857;Mannen en Vrouwen;55 jaar;2021;1151;1117;34
2858;Mannen en Vrouwen;55 jaar;2022;1284;1174;110
2859;Mannen en Vrouwen;55 jaar;2023;1308;1252;56
2860;Mannen en Vrouwen;55 jaar;2024;1322;1326;-4
2861;Mannen en Vrouwen;55 jaar;2025;1324;1384;-60
2862;Mannen en Vrouwen;55 jaar;2026;1318;1398;-80
2863;Mannen en Vrouwen;55 jaar;2027;1306;1420;-114
2864;Mannen en Vrouwen;55 jaar;2028;1290;1414;-124
2865;Mannen en Vrouwen;55 jaar;2029;1276;1439;-163
2866;Mannen en Vrouwen;55 jaar;2030;1264;1432;-168
2867;Mannen en Vrouwen;55 jaar;2031;1259;1449;-190
2868;Mannen en Vrouwen;55 jaar;2032;1256;1477;-221
2869;Mannen en Vrouwen;55 jaar;2033;1257;1514;-257
2870;Mannen en Vrouwen;55 jaar;2034;1256;1539;-283
2871;Mannen en Vrouwen;55 jaar;2035;1269;1587;-318
2872;Mannen en Vrouwen;55 jaar;2036;1268;1600;-332
2873;Mannen en Vrouwen;55 jaar;2037;1259;1629;-370
2874;Mannen en Vrouwen;55 jaar;2038;1257;1659;-402
2875;Mannen en Vrouwen;55 jaar;2039;1263;1697;-434
2876;Mannen en Vrouwen;55 jaar;2040;1267;1725;-458
2877;Mannen en Vrouwen;55 jaar;2041;1275;1753;-478
2878;Mannen en Vrouwen;55 jaar;2042;1282;1771;-489
2879;Mannen en Vrouwen;55 jaar;2043;1282;1802;-520
2880;Mannen en Vrouwen;55 jaar;2044;1285;1829;-544
2881;Mannen en Vrouwen;55 jaar;2045;1299;1863;-564
2882;Mannen en Vrouwen;55 jaar;2046;1302;1878;-576
2883;Mannen en Vrouwen;55 jaar;2047;1300;1892;-592
2884;Mannen en Vrouwen;55 jaar;2048;1298;1900;-602
2885;Mannen en Vrouwen;55 jaar;2049;1304;1915;-611
2886;Mannen en Vrouwen;55 jaar;2050;1299;1913;-614
2887;Mannen en Vrouwen;55 jaar;2051;1298;1924;-626
2888;Mannen en Vrouwen;55 jaar;2052;1303;1938;-635
2889;Mannen en Vrouwen;55 jaar;2053;1318;1959;-641
2890;Mannen en Vrouwen;55 jaar;2054;1322;1971;-649
2891;Mannen en Vrouwen;55 jaar;2055;1329;1990;-661
2892;Mannen en Vrouwen;55 jaar;2056;1323;1984;-661
2893;Mannen en Vrouwen;55 jaar;2057;1323;1984;-661
2894;Mannen en Vrouwen;55 jaar;2058;1320;1987;-667
2895;Mannen en Vrouwen;55 jaar;2059;1313;1982;-669
2896;Mannen en Vrouwen;55 jaar;2060;1308;1979;-671
2897;Mannen en Vrouwen;55 jaar;2061;1306;1981;-675
2898;Mannen en Vrouwen;55 jaar;2062;1301;1980;-679
2899;Mannen en Vrouwen;55 jaar;2063;1307;1992;-685
2900;Mannen en Vrouwen;55 jaar;2064;1303;1996;-693
2901;Mannen en Vrouwen;55 jaar;2065;1307;2004;-697
2902;Mannen en Vrouwen;55 jaar;2066;1304;2001;-697
2903;Mannen en Vrouwen;55 jaar;2067;1295;2001;-706
2904;Mannen en Vrouwen;55 jaar;2068;1289;1996;-707
2905;Mannen en Vrouwen;55 jaar;2069;1297;2008;-711
2906;Mannen en Vrouwen;55 jaar;2070;1297;2004;-707
2907;Mannen en Vrouwen;56 jaar;2020;933;906;27
2908;Mannen en Vrouwen;56 jaar;2021;1040;1069;-29
2909;Mannen en Vrouwen;56 jaar;2022;1148;1097;51
2910;Mannen en Vrouwen;56 jaar;2023;1167;1150;17
2911;Mannen en Vrouwen;56 jaar;2024;1164;1232;-68
2912;Mannen en Vrouwen;56 jaar;2025;1192;1303;-111
2913;Mannen en Vrouwen;56 jaar;2026;1186;1346;-160
2914;Mannen en Vrouwen;56 jaar;2027;1176;1355;-179
2915;Mannen en Vrouwen;56 jaar;2028;1168;1368;-200
2916;Mannen en Vrouwen;56 jaar;2029;1141;1358;-217
2917;Mannen en Vrouwen;56 jaar;2030;1128;1375;-247
2918;Mannen en Vrouwen;56 jaar;2031;1118;1369;-251
2919;Mannen en Vrouwen;56 jaar;2032;1116;1382;-266
2920;Mannen en Vrouwen;56 jaar;2033;1113;1410;-297
2921;Mannen en Vrouwen;56 jaar;2034;1114;1442;-328
2922;Mannen en Vrouwen;56 jaar;2035;1115;1466;-351
2923;Mannen en Vrouwen;56 jaar;2036;1125;1511;-386
2924;Mannen en Vrouwen;56 jaar;2037;1126;1523;-397
2925;Mannen en Vrouwen;56 jaar;2038;1119;1551;-432
2926;Mannen en Vrouwen;56 jaar;2039;1117;1580;-463
2927;Mannen en Vrouwen;56 jaar;2040;1120;1616;-496
2928;Mannen en Vrouwen;56 jaar;2041;1123;1644;-521
2929;Mannen en Vrouwen;56 jaar;2042;1132;1669;-537
2930;Mannen en Vrouwen;56 jaar;2043;1137;1687;-550
2931;Mannen en Vrouwen;56 jaar;2044;1137;1717;-580
2932;Mannen en Vrouwen;56 jaar;2045;1146;1742;-596
2933;Mannen en Vrouwen;56 jaar;2046;1156;1773;-617
2934;Mannen en Vrouwen;56 jaar;2047;1158;1786;-628
2935;Mannen en Vrouwen;56 jaar;2048;1154;1800;-646
2936;Mannen en Vrouwen;56 jaar;2049;1158;1809;-651
2937;Mannen en Vrouwen;56 jaar;2050;1160;1823;-663
2938;Mannen en Vrouwen;56 jaar;2051;1160;1822;-662
2939;Mannen en Vrouwen;56 jaar;2052;1159;1834;-675
2940;Mannen en Vrouwen;56 jaar;2053;1161;1845;-684
2941;Mannen en Vrouwen;56 jaar;2054;1173;1866;-693
2942;Mannen en Vrouwen;56 jaar;2055;1178;1878;-700
2943;Mannen en Vrouwen;56 jaar;2056;1188;1893;-705
2944;Mannen en Vrouwen;56 jaar;2057;1183;1890;-707
2945;Mannen en Vrouwen;56 jaar;2058;1179;1891;-712
2946;Mannen en Vrouwen;56 jaar;2059;1177;1894;-717
2947;Mannen en Vrouwen;56 jaar;2060;1170;1890;-720
2948;Mannen en Vrouwen;56 jaar;2061;1162;1886;-724
2949;Mannen en Vrouwen;56 jaar;2062;1163;1888;-725
2950;Mannen en Vrouwen;56 jaar;2063;1157;1889;-732
2951;Mannen en Vrouwen;56 jaar;2064;1165;1900;-735
2952;Mannen en Vrouwen;56 jaar;2065;1163;1904;-741
2953;Mannen en Vrouwen;56 jaar;2066;1164;1911;-747
2954;Mannen en Vrouwen;56 jaar;2067;1161;1910;-749
2955;Mannen en Vrouwen;56 jaar;2068;1154;1909;-755
2956;Mannen en Vrouwen;56 jaar;2069;1145;1906;-761
2957;Mannen en Vrouwen;56 jaar;2070;1145;1916;-771
2958;Mannen en Vrouwen;57 jaar;2020;853;805;48
2959;Mannen en Vrouwen;57 jaar;2021;961;1002;-41
2960;Mannen en Vrouwen;57 jaar;2022;1055;1024;31
2961;Mannen en Vrouwen;57 jaar;2023;1064;1051;13
2962;Mannen en Vrouwen;57 jaar;2024;1066;1097;-31
2963;Mannen en Vrouwen;57 jaar;2025;1079;1173;-94
2964;Mannen en Vrouwen;57 jaar;2026;1091;1230;-139
2965;Mannen en Vrouwen;57 jaar;2027;1084;1265;-181
2966;Mannen en Vrouwen;57 jaar;2028;1077;1265;-188
2967;Mannen en Vrouwen;57 jaar;2029;1058;1271;-213
2968;Mannen en Vrouwen;57 jaar;2030;1033;1255;-222
2969;Mannen en Vrouwen;57 jaar;2031;1025;1269;-244
2970;Mannen en Vrouwen;57 jaar;2032;1015;1259;-244
2971;Mannen en Vrouwen;57 jaar;2033;1015;1268;-253
2972;Mannen en Vrouwen;57 jaar;2034;1011;1293;-282
2973;Mannen en Vrouwen;57 jaar;2035;1014;1323;-309
2974;Mannen en Vrouwen;57 jaar;2036;1018;1344;-326
2975;Mannen en Vrouwen;57 jaar;2037;1024;1386;-362
2976;Mannen en Vrouwen;57 jaar;2038;1029;1396;-367
2977;Mannen en Vrouwen;57 jaar;2039;1018;1419;-401
2978;Mannen en Vrouwen;57 jaar;2040;1016;1446;-430
2979;Mannen en Vrouwen;57 jaar;2041;1021;1480;-459
2980;Mannen en Vrouwen;57 jaar;2042;1025;1505;-480
2981;Mannen en Vrouwen;57 jaar;2043;1034;1529;-495
2982;Mannen en Vrouwen;57 jaar;2044;1042;1545;-503
2983;Mannen en Vrouwen;57 jaar;2045;1043;1572;-529
2984;Mannen en Vrouwen;57 jaar;2046;1049;1595;-546
2985;Mannen en Vrouwen;57 jaar;2047;1059;1624;-565
2986;Mannen en Vrouwen;57 jaar;2048;1062;1635;-573
2987;Mannen en Vrouwen;57 jaar;2049;1058;1648;-590
2988;Mannen en Vrouwen;57 jaar;2050;1059;1656;-597
2989;Mannen en Vrouwen;57 jaar;2051;1064;1670;-606
2990;Mannen en Vrouwen;57 jaar;2052;1061;1669;-608
2991;Mannen en Vrouwen;57 jaar;2053;1060;1679;-619
2992;Mannen en Vrouwen;57 jaar;2054;1063;1691;-628
2993;Mannen en Vrouwen;57 jaar;2055;1077;1710;-633
2994;Mannen en Vrouwen;57 jaar;2056;1080;1720;-640
2995;Mannen en Vrouwen;57 jaar;2057;1088;1737;-649
2996;Mannen en Vrouwen;57 jaar;2058;1084;1733;-649
2997;Mannen en Vrouwen;57 jaar;2059;1082;1734;-652
2998;Mannen en Vrouwen;57 jaar;2060;1081;1737;-656
2999;Mannen en Vrouwen;57 jaar;2061;1072;1733;-661
3000;Mannen en Vrouwen;57 jaar;2062;1067;1730;-663
3001;Mannen en Vrouwen;57 jaar;2063;1064;1732;-668
3002;Mannen en Vrouwen;57 jaar;2064;1060;1732;-672
3003;Mannen en Vrouwen;57 jaar;2065;1067;1743;-676
3004;Mannen en Vrouwen;57 jaar;2066;1065;1748;-683
3005;Mannen en Vrouwen;57 jaar;2067;1066;1755;-689
3006;Mannen en Vrouwen;57 jaar;2068;1064;1753;-689
3007;Mannen en Vrouwen;57 jaar;2069;1056;1751;-695
3008;Mannen en Vrouwen;57 jaar;2070;1056;1748;-692
3009;Mannen en Vrouwen;58 jaar;2020;774;723;51
3010;Mannen en Vrouwen;58 jaar;2021;866;880;-14
3011;Mannen en Vrouwen;58 jaar;2022;961;947;14
3012;Mannen en Vrouwen;58 jaar;2023;971;971;0
3013;Mannen en Vrouwen;58 jaar;2024;966;999;-33
3014;Mannen en Vrouwen;58 jaar;2025;973;1037;-64
3015;Mannen en Vrouwen;58 jaar;2026;975;1103;-128
3016;Mannen en Vrouwen;58 jaar;2027;988;1151;-163
3017;Mannen en Vrouwen;58 jaar;2028;986;1180;-194
3018;Mannen en Vrouwen;58 jaar;2029;971;1176;-205
3019;Mannen en Vrouwen;58 jaar;2030;950;1177;-227
3020;Mannen en Vrouwen;58 jaar;2031;931;1161;-230
3021;Mannen en Vrouwen;58 jaar;2032;923;1174;-251
3022;Mannen en Vrouwen;58 jaar;2033;913;1163;-250
3023;Mannen en Vrouwen;58 jaar;2034;912;1171;-259
3024;Mannen en Vrouwen;58 jaar;2035;912;1194;-282
3025;Mannen en Vrouwen;58 jaar;2036;916;1224;-308
3026;Mannen en Vrouwen;58 jaar;2037;916;1244;-328
3027;Mannen en Vrouwen;58 jaar;2038;925;1282;-357
3028;Mannen en Vrouwen;58 jaar;2039;925;1291;-366
3029;Mannen en Vrouwen;58 jaar;2040;917;1314;-397
3030;Mannen en Vrouwen;58 jaar;2041;916;1338;-422
3031;Mannen en Vrouwen;58 jaar;2042;924;1372;-448
3032;Mannen en Vrouwen;58 jaar;2043;926;1394;-468
3033;Mannen en Vrouwen;58 jaar;2044;934;1418;-484
3034;Mannen en Vrouwen;58 jaar;2045;936;1431;-495
3035;Mannen en Vrouwen;58 jaar;2046;937;1458;-521
3036;Mannen en Vrouwen;58 jaar;2047;944;1479;-535
3037;Mannen en Vrouwen;58 jaar;2048;955;1506;-551
3038;Mannen en Vrouwen;58 jaar;2049;956;1517;-561
3039;Mannen en Vrouwen;58 jaar;2050;955;1530;-575
3040;Mannen en Vrouwen;58 jaar;2051;955;1537;-582
3041;Mannen en Vrouwen;58 jaar;2052;959;1551;-592
3042;Mannen en Vrouwen;58 jaar;2053;960;1549;-589
3043;Mannen en Vrouwen;58 jaar;2054;955;1559;-604
3044;Mannen en Vrouwen;58 jaar;2055;959;1570;-611
3045;Mannen en Vrouwen;58 jaar;2056;967;1589;-622
3046;Mannen en Vrouwen;58 jaar;2057;977;1600;-623
3047;Mannen en Vrouwen;58 jaar;2058;982;1615;-633
3048;Mannen en Vrouwen;58 jaar;2059;980;1612;-632
3049;Mannen en Vrouwen;58 jaar;2060;977;1614;-637
3050;Mannen en Vrouwen;58 jaar;2061;975;1617;-642
3051;Mannen en Vrouwen;58 jaar;2062;969;1613;-644
3052;Mannen en Vrouwen;58 jaar;2063;961;1611;-650
3053;Mannen en Vrouwen;58 jaar;2064;959;1613;-654
3054;Mannen en Vrouwen;58 jaar;2065;956;1614;-658
3055;Mannen en Vrouwen;58 jaar;2066;961;1625;-664
3056;Mannen en Vrouwen;58 jaar;2067;962;1629;-667
3057;Mannen en Vrouwen;58 jaar;2068;962;1634;-672
3058;Mannen en Vrouwen;58 jaar;2069;958;1634;-676
3059;Mannen en Vrouwen;58 jaar;2070;958;1632;-674
3060;Mannen en Vrouwen;59 jaar;2020;686;655;31
3061;Mannen en Vrouwen;59 jaar;2021;764;808;-44
3062;Mannen en Vrouwen;59 jaar;2022;846;851;-5
3063;Mannen en Vrouwen;59 jaar;2023;858;916;-58
3064;Mannen en Vrouwen;59 jaar;2024;854;939;-85
3065;Mannen en Vrouwen;59 jaar;2025;858;967;-109
3066;Mannen en Vrouwen;59 jaar;2026;859;988;-129
3067;Mannen en Vrouwen;59 jaar;2027;860;1048;-188
3068;Mannen en Vrouwen;59 jaar;2028;873;1088;-215
3069;Mannen en Vrouwen;59 jaar;2029;863;1115;-252
3070;Mannen en Vrouwen;59 jaar;2030;849;1105;-256
3071;Mannen en Vrouwen;59 jaar;2031;835;1103;-268
3072;Mannen en Vrouwen;59 jaar;2032;817;1087;-270
3073;Mannen en Vrouwen;59 jaar;2033;809;1096;-287
3074;Mannen en Vrouwen;59 jaar;2034;800;1082;-282
3075;Mannen en Vrouwen;59 jaar;2035;802;1089;-287
3076;Mannen en Vrouwen;59 jaar;2036;800;1111;-311
3077;Mannen en Vrouwen;59 jaar;2037;804;1138;-334
3078;Mannen en Vrouwen;59 jaar;2038;805;1156;-351
3079;Mannen en Vrouwen;59 jaar;2039;816;1192;-376
3080;Mannen en Vrouwen;59 jaar;2040;812;1200;-388
3081;Mannen en Vrouwen;59 jaar;2041;807;1220;-413
3082;Mannen en Vrouwen;59 jaar;2042;806;1241;-435
3083;Mannen en Vrouwen;59 jaar;2043;814;1274;-460
3084;Mannen en Vrouwen;59 jaar;2044;816;1293;-477
3085;Mannen en Vrouwen;59 jaar;2045;821;1314;-493
3086;Mannen en Vrouwen;59 jaar;2046;827;1327;-500
3087;Mannen en Vrouwen;59 jaar;2047;829;1352;-523
3088;Mannen en Vrouwen;59 jaar;2048;832;1370;-538
3089;Mannen en Vrouwen;59 jaar;2049;844;1395;-551
3090;Mannen en Vrouwen;59 jaar;2050;847;1406;-559
3091;Mannen en Vrouwen;59 jaar;2051;846;1417;-571
3092;Mannen en Vrouwen;59 jaar;2052;845;1424;-579
3093;Mannen en Vrouwen;59 jaar;2053;847;1437;-590
3094;Mannen en Vrouwen;59 jaar;2054;843;1435;-592
3095;Mannen en Vrouwen;59 jaar;2055;842;1445;-603
3096;Mannen en Vrouwen;59 jaar;2056;846;1456;-610
3097;Mannen en Vrouwen;59 jaar;2057;854;1474;-620
3098;Mannen en Vrouwen;59 jaar;2058;859;1484;-625
3099;Mannen en Vrouwen;59 jaar;2059;866;1500;-634
3100;Mannen en Vrouwen;59 jaar;2060;865;1497;-632
3101;Mannen en Vrouwen;59 jaar;2061;861;1497;-636
3102;Mannen en Vrouwen;59 jaar;2062;862;1500;-638
3103;Mannen en Vrouwen;59 jaar;2063;855;1497;-642
3104;Mannen en Vrouwen;59 jaar;2064;848;1494;-646
3105;Mannen en Vrouwen;59 jaar;2065;845;1497;-652
3106;Mannen en Vrouwen;59 jaar;2066;843;1496;-653
3107;Mannen en Vrouwen;59 jaar;2067;846;1507;-661
3108;Mannen en Vrouwen;59 jaar;2068;848;1512;-664
3109;Mannen en Vrouwen;59 jaar;2069;851;1518;-667
3110;Mannen en Vrouwen;59 jaar;2070;850;1515;-665
3111;Mannen en Vrouwen;60 jaar;2020;610;637;-27
3112;Mannen en Vrouwen;60 jaar;2021;686;756;-70
3113;Mannen en Vrouwen;60 jaar;2022;755;802;-47
3114;Mannen en Vrouwen;60 jaar;2023;766;843;-77
3115;Mannen en Vrouwen;60 jaar;2024;767;907;-140
3116;Mannen en Vrouwen;60 jaar;2025;770;931;-161
3117;Mannen en Vrouwen;60 jaar;2026;765;946;-181
3118;Mannen en Vrouwen;60 jaar;2027;769;965;-196
3119;Mannen en Vrouwen;60 jaar;2028;770;1016;-246
3120;Mannen en Vrouwen;60 jaar;2029;773;1055;-282
3121;Mannen en Vrouwen;60 jaar;2030;764;1076;-312
3122;Mannen en Vrouwen;60 jaar;2031;754;1062;-308
3123;Mannen en Vrouwen;60 jaar;2032;742;1058;-316
3124;Mannen en Vrouwen;60 jaar;2033;724;1041;-317
3125;Mannen en Vrouwen;60 jaar;2034;716;1048;-332
3126;Mannen en Vrouwen;60 jaar;2035;708;1035;-327
3127;Mannen en Vrouwen;60 jaar;2036;713;1041;-328
3128;Mannen en Vrouwen;60 jaar;2037;710;1063;-353
3129;Mannen en Vrouwen;60 jaar;2038;715;1087;-372
3130;Mannen en Vrouwen;60 jaar;2039;713;1104;-391
3131;Mannen en Vrouwen;60 jaar;2040;722;1138;-416
3132;Mannen en Vrouwen;60 jaar;2041;724;1146;-422
3133;Mannen en Vrouwen;60 jaar;2042;714;1164;-450
3134;Mannen en Vrouwen;60 jaar;2043;714;1185;-471
3135;Mannen en Vrouwen;60 jaar;2044;721;1216;-495
3136;Mannen en Vrouwen;60 jaar;2045;727;1237;-510
3137;Mannen en Vrouwen;60 jaar;2046;732;1257;-525
3138;Mannen en Vrouwen;60 jaar;2047;738;1269;-531
3139;Mannen en Vrouwen;60 jaar;2048;737;1290;-553
3140;Mannen en Vrouwen;60 jaar;2049;743;1310;-567
3141;Mannen en Vrouwen;60 jaar;2050;754;1334;-580
3142;Mannen en Vrouwen;60 jaar;2051;757;1344;-587
3143;Mannen en Vrouwen;60 jaar;2052;758;1354;-596
3144;Mannen en Vrouwen;60 jaar;2053;755;1360;-605
3145;Mannen en Vrouwen;60 jaar;2054;755;1372;-617
3146;Mannen en Vrouwen;60 jaar;2055;753;1371;-618
3147;Mannen en Vrouwen;60 jaar;2056;750;1379;-629
3148;Mannen en Vrouwen;60 jaar;2057;754;1389;-635
3149;Mannen en Vrouwen;60 jaar;2058;765;1407;-642
3150;Mannen en Vrouwen;60 jaar;2059;768;1417;-649
3151;Mannen en Vrouwen;60 jaar;2060;774;1431;-657
3152;Mannen en Vrouwen;60 jaar;2061;771;1428;-657
3153;Mannen en Vrouwen;60 jaar;2062;771;1429;-658
3154;Mannen en Vrouwen;60 jaar;2063;771;1434;-663
3155;Mannen en Vrouwen;60 jaar;2064;764;1429;-665
3156;Mannen en Vrouwen;60 jaar;2065;758;1426;-668
3157;Mannen en Vrouwen;60 jaar;2066;755;1428;-673
3158;Mannen en Vrouwen;60 jaar;2067;754;1429;-675
3159;Mannen en Vrouwen;60 jaar;2068;755;1439;-684
3160;Mannen en Vrouwen;60 jaar;2069;755;1443;-688
3161;Mannen en Vrouwen;60 jaar;2070;755;1447;-692
3162;Mannen en Vrouwen;61 jaar;2020;538;556;-18
3163;Mannen en Vrouwen;61 jaar;2021;593;706;-113
3164;Mannen en Vrouwen;61 jaar;2022;662;725;-63
3165;Mannen en Vrouwen;61 jaar;2023;665;765;-100
3166;Mannen en Vrouwen;61 jaar;2024;669;808;-139
3167;Mannen en Vrouwen;61 jaar;2025;678;868;-190
3168;Mannen en Vrouwen;61 jaar;2026;674;885;-211
3169;Mannen en Vrouwen;61 jaar;2027;669;896;-227
3170;Mannen en Vrouwen;61 jaar;2028;672;909;-237
3171;Mannen en Vrouwen;61 jaar;2029;667;956;-289
3172;Mannen en Vrouwen;61 jaar;2030;673;988;-315
3173;Mannen en Vrouwen;61 jaar;2031;665;1006;-341
3174;Mannen en Vrouwen;61 jaar;2032;658;993;-335
3175;Mannen en Vrouwen;61 jaar;2033;647;990;-343
3176;Mannen en Vrouwen;61 jaar;2034;629;970;-341
3177;Mannen en Vrouwen;61 jaar;2035;622;979;-357
3178;Mannen en Vrouwen;61 jaar;2036;615;967;-352
3179;Mannen en Vrouwen;61 jaar;2037;616;973;-357
3180;Mannen en Vrouwen;61 jaar;2038;618;993;-375
3181;Mannen en Vrouwen;61 jaar;2039;621;1018;-397
3182;Mannen en Vrouwen;61 jaar;2040;623;1033;-410
3183;Mannen en Vrouwen;61 jaar;2041;629;1066;-437
3184;Mannen en Vrouwen;61 jaar;2042;628;1075;-447
3185;Mannen en Vrouwen;61 jaar;2043;624;1091;-467
3186;Mannen en Vrouwen;61 jaar;2044;624;1111;-487
3187;Mannen en Vrouwen;61 jaar;2045;629;1141;-512
3188;Mannen en Vrouwen;61 jaar;2046;631;1160;-529
3189;Mannen en Vrouwen;61 jaar;2047;638;1179;-541
3190;Mannen en Vrouwen;61 jaar;2048;643;1191;-548
3191;Mannen en Vrouwen;61 jaar;2049;642;1212;-570
3192;Mannen en Vrouwen;61 jaar;2050;648;1229;-581
3193;Mannen en Vrouwen;61 jaar;2051;657;1252;-595
3194;Mannen en Vrouwen;61 jaar;2052;658;1262;-604
3195;Mannen en Vrouwen;61 jaar;2053;657;1272;-615
3196;Mannen en Vrouwen;61 jaar;2054;657;1278;-621
3197;Mannen en Vrouwen;61 jaar;2055;657;1289;-632
3198;Mannen en Vrouwen;61 jaar;2056;653;1287;-634
3199;Mannen en Vrouwen;61 jaar;2057;655;1295;-640
3200;Mannen en Vrouwen;61 jaar;2058;658;1306;-648
3201;Mannen en Vrouwen;61 jaar;2059;666;1322;-656
3202;Mannen en Vrouwen;61 jaar;2060;670;1330;-660
3203;Mannen en Vrouwen;61 jaar;2061;676;1344;-668
3204;Mannen en Vrouwen;61 jaar;2062;673;1341;-668
3205;Mannen en Vrouwen;61 jaar;2063;670;1343;-673
3206;Mannen en Vrouwen;61 jaar;2064;669;1345;-676
3207;Mannen en Vrouwen;61 jaar;2065;664;1341;-677
3208;Mannen en Vrouwen;61 jaar;2066;662;1339;-677
3209;Mannen en Vrouwen;61 jaar;2067;658;1340;-682
3210;Mannen en Vrouwen;61 jaar;2068;661;1342;-681
3211;Mannen en Vrouwen;61 jaar;2069;664;1350;-686
3212;Mannen en Vrouwen;61 jaar;2070;664;1353;-689
3213;Mannen en Vrouwen;62 jaar;2020;477;504;-27
3214;Mannen en Vrouwen;62 jaar;2021;534;636;-102
3215;Mannen en Vrouwen;62 jaar;2022;577;692;-115
3216;Mannen en Vrouwen;62 jaar;2023;595;705;-110
3217;Mannen en Vrouwen;62 jaar;2024;592;750;-158
3218;Mannen en Vrouwen;62 jaar;2025;602;792;-190
3219;Mannen en Vrouwen;62 jaar;2026;604;843;-239
3220;Mannen en Vrouwen;62 jaar;2027;599;857;-258
3221;Mannen en Vrouwen;62 jaar;2028;598;864;-266
3222;Mannen en Vrouwen;62 jaar;2029;596;872;-276
3223;Mannen en Vrouwen;62 jaar;2030;591;916;-325
3224;Mannen en Vrouwen;62 jaar;2031;599;944;-345
3225;Mannen en Vrouwen;62 jaar;2032;593;960;-367
3226;Mannen en Vrouwen;62 jaar;2033;583;947;-364
3227;Mannen en Vrouwen;62 jaar;2034;572;943;-371
3228;Mannen en Vrouwen;62 jaar;2035;558;926;-368
3229;Mannen en Vrouwen;62 jaar;2036;555;934;-379
3230;Mannen en Vrouwen;62 jaar;2037;546;922;-376
3231;Mannen en Vrouwen;62 jaar;2038;545;928;-383
3232;Mannen en Vrouwen;62 jaar;2039;546;947;-401
3233;Mannen en Vrouwen;62 jaar;2040;552;970;-418
3234;Mannen en Vrouwen;62 jaar;2041;552;984;-432
3235;Mannen en Vrouwen;62 jaar;2042;560;1014;-454
3236;Mannen en Vrouwen;62 jaar;2043;557;1024;-467
3237;Mannen en Vrouwen;62 jaar;2044;556;1039;-483
3238;Mannen en Vrouwen;62 jaar;2045;554;1056;-502
3239;Mannen en Vrouwen;62 jaar;2046;558;1086;-528
3240;Mannen en Vrouwen;62 jaar;2047;561;1104;-543
3241;Mannen en Vrouwen;62 jaar;2048;567;1121;-554
3242;Mannen en Vrouwen;62 jaar;2049;571;1133;-562
3243;Mannen en Vrouwen;62 jaar;2050;570;1152;-582
3244;Mannen en Vrouwen;62 jaar;2051;576;1169;-593
3245;Mannen en Vrouwen;62 jaar;2052;583;1192;-609
3246;Mannen en Vrouwen;62 jaar;2053;583;1200;-617
3247;Mannen en Vrouwen;62 jaar;2054;585;1210;-625
3248;Mannen en Vrouwen;62 jaar;2055;582;1216;-634
3249;Mannen en Vrouwen;62 jaar;2056;586;1226;-640
3250;Mannen en Vrouwen;62 jaar;2057;584;1226;-642
3251;Mannen en Vrouwen;62 jaar;2058;585;1233;-648
3252;Mannen en Vrouwen;62 jaar;2059;587;1243;-656
3253;Mannen en Vrouwen;62 jaar;2060;594;1259;-665
3254;Mannen en Vrouwen;62 jaar;2061;597;1267;-670
3255;Mannen en Vrouwen;62 jaar;2062;601;1281;-680
3256;Mannen en Vrouwen;62 jaar;2063;601;1279;-678
3257;Mannen en Vrouwen;62 jaar;2064;598;1280;-682
3258;Mannen en Vrouwen;62 jaar;2065;597;1283;-686
3259;Mannen en Vrouwen;62 jaar;2066;592;1280;-688
3260;Mannen en Vrouwen;62 jaar;2067;590;1277;-687
3261;Mannen en Vrouwen;62 jaar;2068;585;1280;-695
3262;Mannen en Vrouwen;62 jaar;2069;584;1281;-697
3263;Mannen en Vrouwen;62 jaar;2070;584;1290;-706
3264;Mannen en Vrouwen;63 jaar;2020;424;463;-39
3265;Mannen en Vrouwen;63 jaar;2021;476;582;-106
3266;Mannen en Vrouwen;63 jaar;2022;520;621;-101
3267;Mannen en Vrouwen;63 jaar;2023;520;675;-155
3268;Mannen en Vrouwen;63 jaar;2024;529;689;-160
3269;Mannen en Vrouwen;63 jaar;2025;534;735;-201
3270;Mannen en Vrouwen;63 jaar;2026;538;769;-231
3271;Mannen en Vrouwen;63 jaar;2027;538;817;-279
3272;Mannen en Vrouwen;63 jaar;2028;535;826;-291
3273;Mannen en Vrouwen;63 jaar;2029;530;832;-302
3274;Mannen en Vrouwen;63 jaar;2030;528;835;-307
3275;Mannen en Vrouwen;63 jaar;2031;527;874;-347
3276;Mannen en Vrouwen;63 jaar;2032;534;902;-368
3277;Mannen en Vrouwen;63 jaar;2033;528;917;-389
3278;Mannen en Vrouwen;63 jaar;2034;519;904;-385
3279;Mannen en Vrouwen;63 jaar;2035;511;901;-390
3280;Mannen en Vrouwen;63 jaar;2036;496;884;-388
3281;Mannen en Vrouwen;63 jaar;2037;491;891;-400
3282;Mannen en Vrouwen;63 jaar;2038;484;880;-396
3283;Mannen en Vrouwen;63 jaar;2039;486;885;-399
3284;Mannen en Vrouwen;63 jaar;2040;486;904;-418
3285;Mannen en Vrouwen;63 jaar;2041;491;924;-433
3286;Mannen en Vrouwen;63 jaar;2042;491;939;-448
3287;Mannen en Vrouwen;63 jaar;2043;500;967;-467
3288;Mannen en Vrouwen;63 jaar;2044;500;976;-476
3289;Mannen en Vrouwen;63 jaar;2045;495;991;-496
3290;Mannen en Vrouwen;63 jaar;2046;494;1009;-515
3291;Mannen en Vrouwen;63 jaar;2047;498;1036;-538
3292;Mannen en Vrouwen;63 jaar;2048;503;1054;-551
3293;Mannen en Vrouwen;63 jaar;2049;509;1072;-563
3294;Mannen en Vrouwen;63 jaar;2050;514;1083;-569
3295;Mannen en Vrouwen;63 jaar;2051;513;1101;-588
3296;Mannen en Vrouwen;63 jaar;2052;515;1119;-604
3297;Mannen en Vrouwen;63 jaar;2053;527;1139;-612
3298;Mannen en Vrouwen;63 jaar;2054;527;1148;-621
3299;Mannen en Vrouwen;63 jaar;2055;529;1157;-628
3300;Mannen en Vrouwen;63 jaar;2056;528;1163;-635
3301;Mannen en Vrouwen;63 jaar;2057;531;1175;-644
3302;Mannen en Vrouwen;63 jaar;2058;526;1173;-647
3303;Mannen en Vrouwen;63 jaar;2059;528;1181;-653
3304;Mannen en Vrouwen;63 jaar;2060;531;1190;-659
3305;Mannen en Vrouwen;63 jaar;2061;539;1206;-667
3306;Mannen en Vrouwen;63 jaar;2062;542;1215;-673
3307;Mannen en Vrouwen;63 jaar;2063;546;1228;-682
3308;Mannen en Vrouwen;63 jaar;2064;546;1225;-679
3309;Mannen en Vrouwen;63 jaar;2065;544;1226;-682
3310;Mannen en Vrouwen;63 jaar;2066;539;1230;-691
3311;Mannen en Vrouwen;63 jaar;2067;538;1227;-689
3312;Mannen en Vrouwen;63 jaar;2068;535;1225;-690
3313;Mannen en Vrouwen;63 jaar;2069;532;1227;-695
3314;Mannen en Vrouwen;63 jaar;2070;532;1227;-695
3315;Mannen en Vrouwen;64 jaar;2020;399;442;-43
3316;Mannen en Vrouwen;64 jaar;2021;439;536;-97
3317;Mannen en Vrouwen;64 jaar;2022;474;569;-95
3318;Mannen en Vrouwen;64 jaar;2023;486;606;-120
3319;Mannen en Vrouwen;64 jaar;2024;481;661;-180
3320;Mannen en Vrouwen;64 jaar;2025;494;676;-182
3321;Mannen en Vrouwen;64 jaar;2026;492;716;-224
3322;Mannen en Vrouwen;64 jaar;2027;496;746;-250
3323;Mannen en Vrouwen;64 jaar;2028;499;789;-290
3324;Mannen en Vrouwen;64 jaar;2029;494;795;-301
3325;Mannen en Vrouwen;64 jaar;2030;487;801;-314
3326;Mannen en Vrouwen;64 jaar;2031;486;800;-314
3327;Mannen en Vrouwen;64 jaar;2032;485;836;-351
3328;Mannen en Vrouwen;64 jaar;2033;492;862;-370
3329;Mannen en Vrouwen;64 jaar;2034;485;877;-392
3330;Mannen en Vrouwen;64 jaar;2035;478;868;-390
3331;Mannen en Vrouwen;64 jaar;2036;468;863;-395
3332;Mannen en Vrouwen;64 jaar;2037;454;848;-394
3333;Mannen en Vrouwen;64 jaar;2038;451;855;-404
3334;Mannen en Vrouwen;64 jaar;2039;445;844;-399
3335;Mannen en Vrouwen;64 jaar;2040;444;850;-406
3336;Mannen en Vrouwen;64 jaar;2041;445;869;-424
3337;Mannen en Vrouwen;64 jaar;2042;450;889;-439
3338;Mannen en Vrouwen;64 jaar;2043;451;903;-452
3339;Mannen en Vrouwen;64 jaar;2044;457;930;-473
3340;Mannen en Vrouwen;64 jaar;2045;456;939;-483
3341;Mannen en Vrouwen;64 jaar;2046;455;953;-498
3342;Mannen en Vrouwen;64 jaar;2047;453;970;-517
3343;Mannen en Vrouwen;64 jaar;2048;456;997;-541
3344;Mannen en Vrouwen;64 jaar;2049;457;1015;-558
3345;Mannen en Vrouwen;64 jaar;2050;463;1032;-569
3346;Mannen en Vrouwen;64 jaar;2051;469;1044;-575
3347;Mannen en Vrouwen;64 jaar;2052;469;1061;-592
3348;Mannen en Vrouwen;64 jaar;2053;474;1078;-604
3349;Mannen en Vrouwen;64 jaar;2054;481;1099;-618
3350;Mannen en Vrouwen;64 jaar;2055;482;1108;-626
3351;Mannen en Vrouwen;64 jaar;2056;484;1116;-632
3352;Mannen en Vrouwen;64 jaar;2057;483;1122;-639
3353;Mannen en Vrouwen;64 jaar;2058;486;1134;-648
3354;Mannen en Vrouwen;64 jaar;2059;486;1132;-646
3355;Mannen en Vrouwen;64 jaar;2060;487;1141;-654
3356;Mannen en Vrouwen;64 jaar;2061;486;1150;-664
3357;Mannen en Vrouwen;64 jaar;2062;494;1165;-671
3358;Mannen en Vrouwen;64 jaar;2063;494;1174;-680
3359;Mannen en Vrouwen;64 jaar;2064;499;1186;-687
3360;Mannen en Vrouwen;64 jaar;2065;498;1186;-688
3361;Mannen en Vrouwen;64 jaar;2066;499;1186;-687
3362;Mannen en Vrouwen;64 jaar;2067;497;1190;-693
3363;Mannen en Vrouwen;64 jaar;2068;490;1187;-697
3364;Mannen en Vrouwen;64 jaar;2069;490;1187;-697
3365;Mannen en Vrouwen;64 jaar;2070;490;1189;-699
3366;Mannen en Vrouwen;65 jaar;2020;360;423;-63
3367;Mannen en Vrouwen;65 jaar;2021;402;540;-138
3368;Mannen en Vrouwen;65 jaar;2022;435;552;-117
3369;Mannen en Vrouwen;65 jaar;2023;440;583;-143
3370;Mannen en Vrouwen;65 jaar;2024;443;627;-184
3371;Mannen en Vrouwen;65 jaar;2025;446;689;-243
3372;Mannen en Vrouwen;65 jaar;2026;452;697;-245
3373;Mannen en Vrouwen;65 jaar;2027;447;737;-290
3374;Mannen en Vrouwen;65 jaar;2028;454;764;-310
3375;Mannen en Vrouwen;65 jaar;2029;452;807;-355
3376;Mannen en Vrouwen;65 jaar;2030;446;815;-369
3377;Mannen en Vrouwen;65 jaar;2031;443;814;-371
3378;Mannen en Vrouwen;65 jaar;2032;443;811;-368
3379;Mannen en Vrouwen;65 jaar;2033;442;848;-406
3380;Mannen en Vrouwen;65 jaar;2034;448;875;-427
3381;Mannen en Vrouwen;65 jaar;2035;441;891;-450
3382;Mannen en Vrouwen;65 jaar;2036;435;880;-445
3383;Mannen en Vrouwen;65 jaar;2037;425;876;-451
3384;Mannen en Vrouwen;65 jaar;2038;412;860;-448
3385;Mannen en Vrouwen;65 jaar;2039;407;865;-458
3386;Mannen en Vrouwen;65 jaar;2040;403;851;-448
3387;Mannen en Vrouwen;65 jaar;2041;403;856;-453
3388;Mannen en Vrouwen;65 jaar;2042;404;875;-471
3389;Mannen en Vrouwen;65 jaar;2043;408;895;-487
3390;Mannen en Vrouwen;65 jaar;2044;407;910;-503
3391;Mannen en Vrouwen;65 jaar;2045;412;939;-527
3392;Mannen en Vrouwen;65 jaar;2046;413;946;-533
3393;Mannen en Vrouwen;65 jaar;2047;409;961;-552
3394;Mannen en Vrouwen;65 jaar;2048;409;978;-569
3395;Mannen en Vrouwen;65 jaar;2049;412;1007;-595
3396;Mannen en Vrouwen;65 jaar;2050;416;1024;-608
3397;Mannen en Vrouwen;65 jaar;2051;423;1041;-618
3398;Mannen en Vrouwen;65 jaar;2052;426;1052;-626
3399;Mannen en Vrouwen;65 jaar;2053;427;1071;-644
3400;Mannen en Vrouwen;65 jaar;2054;431;1088;-657
3401;Mannen en Vrouwen;65 jaar;2055;437;1110;-673
3402;Mannen en Vrouwen;65 jaar;2056;439;1117;-678
3403;Mannen en Vrouwen;65 jaar;2057;440;1127;-687
3404;Mannen en Vrouwen;65 jaar;2058;438;1132;-694
3405;Mannen en Vrouwen;65 jaar;2059;443;1144;-701
3406;Mannen en Vrouwen;65 jaar;2060;438;1143;-705
3407;Mannen en Vrouwen;65 jaar;2061;439;1151;-712
3408;Mannen en Vrouwen;65 jaar;2062;443;1162;-719
3409;Mannen en Vrouwen;65 jaar;2063;450;1176;-726
3410;Mannen en Vrouwen;65 jaar;2064;449;1185;-736
3411;Mannen en Vrouwen;65 jaar;2065;457;1199;-742
3412;Mannen en Vrouwen;65 jaar;2066;454;1197;-743
3413;Mannen en Vrouwen;65 jaar;2067;454;1198;-744
3414;Mannen en Vrouwen;65 jaar;2068;452;1202;-750
3415;Mannen en Vrouwen;65 jaar;2069;446;1200;-754
3416;Mannen en Vrouwen;65 jaar;2070;446;1197;-751
3417;Mannen en Vrouwen;66 jaar;2020;335;414;-79
3418;Mannen en Vrouwen;66 jaar;2021;373;521;-148
3419;Mannen en Vrouwen;66 jaar;2022;403;560;-157
3420;Mannen en Vrouwen;66 jaar;2023;406;569;-163
3421;Mannen en Vrouwen;66 jaar;2024;405;605;-200
3422;Mannen en Vrouwen;66 jaar;2025;410;652;-242
3423;Mannen en Vrouwen;66 jaar;2026;411;711;-300
3424;Mannen en Vrouwen;66 jaar;2027;419;718;-299
3425;Mannen en Vrouwen;66 jaar;2028;423;757;-334
3426;Mannen en Vrouwen;66 jaar;2029;422;783;-361
3427;Mannen en Vrouwen;66 jaar;2030;420;826;-406
3428;Mannen en Vrouwen;66 jaar;2031;418;829;-411
3429;Mannen en Vrouwen;66 jaar;2032;415;828;-413
3430;Mannen en Vrouwen;66 jaar;2033;414;818;-404
3431;Mannen en Vrouwen;66 jaar;2034;412;860;-448
3432;Mannen en Vrouwen;66 jaar;2035;419;889;-470
3433;Mannen en Vrouwen;66 jaar;2036;414;901;-487
3434;Mannen en Vrouwen;66 jaar;2037;406;891;-485
3435;Mannen en Vrouwen;66 jaar;2038;397;884;-487
3436;Mannen en Vrouwen;66 jaar;2039;384;865;-481
3437;Mannen en Vrouwen;66 jaar;2040;380;870;-490
3438;Mannen en Vrouwen;66 jaar;2041;374;852;-478
3439;Mannen en Vrouwen;66 jaar;2042;375;855;-480
3440;Mannen en Vrouwen;66 jaar;2043;372;874;-502
3441;Mannen en Vrouwen;66 jaar;2044;374;894;-520
3442;Mannen en Vrouwen;66 jaar;2045;379;907;-528
3443;Mannen en Vrouwen;66 jaar;2046;382;935;-553
3444;Mannen en Vrouwen;66 jaar;2047;379;941;-562
3445;Mannen en Vrouwen;66 jaar;2048;377;955;-578
3446;Mannen en Vrouwen;66 jaar;2049;376;970;-594
3447;Mannen en Vrouwen;66 jaar;2050;381;1000;-619
3448;Mannen en Vrouwen;66 jaar;2051;384;1018;-634
3449;Mannen en Vrouwen;66 jaar;2052;388;1035;-647
3450;Mannen en Vrouwen;66 jaar;2053;393;1045;-652
3451;Mannen en Vrouwen;66 jaar;2054;395;1063;-668
3452;Mannen en Vrouwen;66 jaar;2055;396;1080;-684
3453;Mannen en Vrouwen;66 jaar;2056;407;1102;-695
3454;Mannen en Vrouwen;66 jaar;2057;408;1109;-701
3455;Mannen en Vrouwen;66 jaar;2058;405;1118;-713
3456;Mannen en Vrouwen;66 jaar;2059;405;1124;-719
3457;Mannen en Vrouwen;66 jaar;2060;406;1136;-730
3458;Mannen en Vrouwen;66 jaar;2061;400;1133;-733
3459;Mannen en Vrouwen;66 jaar;2062;400;1143;-743
3460;Mannen en Vrouwen;66 jaar;2063;403;1151;-748
3461;Mannen en Vrouwen;66 jaar;2064;409;1169;-760
3462;Mannen en Vrouwen;66 jaar;2065;417;1176;-759
3463;Mannen en Vrouwen;66 jaar;2066;417;1190;-773
3464;Mannen en Vrouwen;66 jaar;2067;418;1188;-770
3465;Mannen en Vrouwen;66 jaar;2068;415;1190;-775
3466;Mannen en Vrouwen;66 jaar;2069;413;1192;-779
3467;Mannen en Vrouwen;66 jaar;2070;413;1188;-775
3468;Mannen en Vrouwen;67 jaar;2020;317;385;-68
3469;Mannen en Vrouwen;67 jaar;2021;343;485;-142
3470;Mannen en Vrouwen;67 jaar;2022;366;509;-143
3471;Mannen en Vrouwen;67 jaar;2023;369;544;-175
3472;Mannen en Vrouwen;67 jaar;2024;371;555;-184
3473;Mannen en Vrouwen;67 jaar;2025;378;592;-214
3474;Mannen en Vrouwen;67 jaar;2026;383;633;-250
3475;Mannen en Vrouwen;67 jaar;2027;380;688;-308
3476;Mannen en Vrouwen;67 jaar;2028;387;691;-304
3477;Mannen en Vrouwen;67 jaar;2029;386;730;-344
3478;Mannen en Vrouwen;67 jaar;2030;386;754;-368
3479;Mannen en Vrouwen;67 jaar;2031;388;790;-402
3480;Mannen en Vrouwen;67 jaar;2032;383;794;-411
3481;Mannen en Vrouwen;67 jaar;2033;380;793;-413
3482;Mannen en Vrouwen;67 jaar;2034;380;783;-403
3483;Mannen en Vrouwen;67 jaar;2035;379;822;-443
3484;Mannen en Vrouwen;67 jaar;2036;386;850;-464
3485;Mannen en Vrouwen;67 jaar;2037;380;863;-483
3486;Mannen en Vrouwen;67 jaar;2038;374;853;-479
3487;Mannen en Vrouwen;67 jaar;2039;364;844;-480
3488;Mannen en Vrouwen;67 jaar;2040;351;827;-476
3489;Mannen en Vrouwen;67 jaar;2041;347;829;-482
3490;Mannen en Vrouwen;67 jaar;2042;343;812;-469
3491;Mannen en Vrouwen;67 jaar;2043;341;815;-474
3492;Mannen en Vrouwen;67 jaar;2044;340;834;-494
3493;Mannen en Vrouwen;67 jaar;2045;341;852;-511
3494;Mannen en Vrouwen;67 jaar;2046;345;865;-520
3495;Mannen en Vrouwen;67 jaar;2047;350;891;-541
3496;Mannen en Vrouwen;67 jaar;2048;347;896;-549
3497;Mannen en Vrouwen;67 jaar;2049;344;909;-565
3498;Mannen en Vrouwen;67 jaar;2050;344;924;-580
3499;Mannen en Vrouwen;67 jaar;2051;349;952;-603
3500;Mannen en Vrouwen;67 jaar;2052;352;968;-616
3501;Mannen en Vrouwen;67 jaar;2053;356;986;-630
3502;Mannen en Vrouwen;67 jaar;2054;361;995;-634
3503;Mannen en Vrouwen;67 jaar;2055;362;1012;-650
3504;Mannen en Vrouwen;67 jaar;2056;364;1027;-663
3505;Mannen en Vrouwen;67 jaar;2057;374;1048;-674
3506;Mannen en Vrouwen;67 jaar;2058;373;1056;-683
3507;Mannen en Vrouwen;67 jaar;2059;374;1065;-691
3508;Mannen en Vrouwen;67 jaar;2060;374;1071;-697
3509;Mannen en Vrouwen;67 jaar;2061;374;1081;-707
3510;Mannen en Vrouwen;67 jaar;2062;369;1080;-711
3511;Mannen en Vrouwen;67 jaar;2063;369;1087;-718
3512;Mannen en Vrouwen;67 jaar;2064;371;1097;-726
3513;Mannen en Vrouwen;67 jaar;2065;376;1112;-736
3514;Mannen en Vrouwen;67 jaar;2066;382;1121;-739
3515;Mannen en Vrouwen;67 jaar;2067;386;1134;-748
3516;Mannen en Vrouwen;67 jaar;2068;384;1131;-747
3517;Mannen en Vrouwen;67 jaar;2069;382;1133;-751
3518;Mannen en Vrouwen;67 jaar;2070;382;1136;-754
3519;Mannen en Vrouwen;68 jaar;2020;292;347;-55
3520;Mannen en Vrouwen;68 jaar;2021;319;430;-111
3521;Mannen en Vrouwen;68 jaar;2022;343;450;-107
3522;Mannen en Vrouwen;68 jaar;2023;342;469;-127
3523;Mannen en Vrouwen;68 jaar;2024;343;507;-164
3524;Mannen en Vrouwen;68 jaar;2025;347;519;-172
3525;Mannen en Vrouwen;68 jaar;2026;350;551;-201
3526;Mannen en Vrouwen;68 jaar;2027;353;588;-235
3527;Mannen en Vrouwen;68 jaar;2028;355;639;-284
3528;Mannen en Vrouwen;68 jaar;2029;358;639;-281
3529;Mannen en Vrouwen;68 jaar;2030;355;676;-321
3530;Mannen en Vrouwen;68 jaar;2031;358;694;-336
3531;Mannen en Vrouwen;68 jaar;2032;360;728;-368
3532;Mannen en Vrouwen;68 jaar;2033;357;730;-373
3533;Mannen en Vrouwen;68 jaar;2034;353;729;-376
3534;Mannen en Vrouwen;68 jaar;2035;353;719;-366
3535;Mannen en Vrouwen;68 jaar;2036;353;755;-402
3536;Mannen en Vrouwen;68 jaar;2037;359;782;-423
3537;Mannen en Vrouwen;68 jaar;2038;353;794;-441
3538;Mannen en Vrouwen;68 jaar;2039;347;786;-439
3539;Mannen en Vrouwen;68 jaar;2040;337;779;-442
3540;Mannen en Vrouwen;68 jaar;2041;324;762;-438
3541;Mannen en Vrouwen;68 jaar;2042;320;765;-445
3542;Mannen en Vrouwen;68 jaar;2043;316;748;-432
3543;Mannen en Vrouwen;68 jaar;2044;314;750;-436
3544;Mannen en Vrouwen;68 jaar;2045;313;767;-454
3545;Mannen en Vrouwen;68 jaar;2046;315;783;-468
3546;Mannen en Vrouwen;68 jaar;2047;318;795;-477
3547;Mannen en Vrouwen;68 jaar;2048;325;818;-493
3548;Mannen en Vrouwen;68 jaar;2049;323;822;-499
3549;Mannen en Vrouwen;68 jaar;2050;319;833;-514
3550;Mannen en Vrouwen;68 jaar;2051;318;849;-531
3551;Mannen en Vrouwen;68 jaar;2052;321;875;-554
3552;Mannen en Vrouwen;68 jaar;2053;322;890;-568
3553;Mannen en Vrouwen;68 jaar;2054;328;905;-577
3554;Mannen en Vrouwen;68 jaar;2055;328;913;-585
3555;Mannen en Vrouwen;68 jaar;2056;329;930;-601
3556;Mannen en Vrouwen;68 jaar;2057;332;944;-612
3557;Mannen en Vrouwen;68 jaar;2058;339;962;-623
3558;Mannen en Vrouwen;68 jaar;2059;341;969;-628
3559;Mannen en Vrouwen;68 jaar;2060;342;977;-635
3560;Mannen en Vrouwen;68 jaar;2061;341;982;-641
3561;Mannen en Vrouwen;68 jaar;2062;342;992;-650
3562;Mannen en Vrouwen;68 jaar;2063;336;991;-655
3563;Mannen en Vrouwen;68 jaar;2064;337;998;-661
3564;Mannen en Vrouwen;68 jaar;2065;337;1007;-670
3565;Mannen en Vrouwen;68 jaar;2066;343;1020;-677
3566;Mannen en Vrouwen;68 jaar;2067;345;1028;-683
3567;Mannen en Vrouwen;68 jaar;2068;348;1040;-692
3568;Mannen en Vrouwen;68 jaar;2069;347;1038;-691
3569;Mannen en Vrouwen;68 jaar;2070;347;1039;-692
3570;Mannen en Vrouwen;69 jaar;2020;266;287;-21
3571;Mannen en Vrouwen;69 jaar;2021;291;374;-83
3572;Mannen en Vrouwen;69 jaar;2022;310;386;-76
3573;Mannen en Vrouwen;69 jaar;2023;309;403;-94
3574;Mannen en Vrouwen;69 jaar;2024;309;426;-117
3575;Mannen en Vrouwen;69 jaar;2025;314;464;-150
3576;Mannen en Vrouwen;69 jaar;2026;313;469;-156
3577;Mannen en Vrouwen;69 jaar;2027;317;498;-181
3578;Mannen en Vrouwen;69 jaar;2028;324;531;-207
3579;Mannen en Vrouwen;69 jaar;2029;321;578;-257
3580;Mannen en Vrouwen;69 jaar;2030;324;578;-254
3581;Mannen en Vrouwen;69 jaar;2031;323;609;-286
3582;Mannen en Vrouwen;69 jaar;2032;325;624;-299
3583;Mannen en Vrouwen;69 jaar;2033;327;656;-329
3584;Mannen en Vrouwen;69 jaar;2034;325;659;-334
3585;Mannen en Vrouwen;69 jaar;2035;322;659;-337
3586;Mannen en Vrouwen;69 jaar;2036;320;647;-327
3587;Mannen en Vrouwen;69 jaar;2037;319;684;-365
3588;Mannen en Vrouwen;69 jaar;2038;327;709;-382
3589;Mannen en Vrouwen;69 jaar;2039;321;722;-401
3590;Mannen en Vrouwen;69 jaar;2040;316;714;-398
3591;Mannen en Vrouwen;69 jaar;2041;307;708;-401
3592;Mannen en Vrouwen;69 jaar;2042;294;695;-401
3593;Mannen en Vrouwen;69 jaar;2043;289;698;-409
3594;Mannen en Vrouwen;69 jaar;2044;288;683;-395
3595;Mannen en Vrouwen;69 jaar;2045;286;684;-398
3596;Mannen en Vrouwen;69 jaar;2046;285;702;-417
3597;Mannen en Vrouwen;69 jaar;2047;288;716;-428
3598;Mannen en Vrouwen;69 jaar;2048;290;725;-435
3599;Mannen en Vrouwen;69 jaar;2049;296;746;-450
3600;Mannen en Vrouwen;69 jaar;2050;294;751;-457
3601;Mannen en Vrouwen;69 jaar;2051;291;762;-471
3602;Mannen en Vrouwen;69 jaar;2052;290;775;-485
3603;Mannen en Vrouwen;69 jaar;2053;293;799;-506
3604;Mannen en Vrouwen;69 jaar;2054;294;812;-518
3605;Mannen en Vrouwen;69 jaar;2055;301;826;-525
3606;Mannen en Vrouwen;69 jaar;2056;302;834;-532
3607;Mannen en Vrouwen;69 jaar;2057;302;849;-547
3608;Mannen en Vrouwen;69 jaar;2058;304;863;-559
3609;Mannen en Vrouwen;69 jaar;2059;314;877;-563
3610;Mannen en Vrouwen;69 jaar;2060;315;884;-569
3611;Mannen en Vrouwen;69 jaar;2061;317;892;-575
3612;Mannen en Vrouwen;69 jaar;2062;316;897;-581
3613;Mannen en Vrouwen;69 jaar;2063;315;906;-591
3614;Mannen en Vrouwen;69 jaar;2064;311;906;-595
3615;Mannen en Vrouwen;69 jaar;2065;311;913;-602
3616;Mannen en Vrouwen;69 jaar;2066;313;920;-607
3617;Mannen en Vrouwen;69 jaar;2067;316;932;-616
3618;Mannen en Vrouwen;69 jaar;2068;319;940;-621
3619;Mannen en Vrouwen;69 jaar;2069;325;950;-625
3620;Mannen en Vrouwen;69 jaar;2070;325;948;-623
3621;Mannen en Vrouwen;70 jaar;2020;246;267;-21
3622;Mannen en Vrouwen;70 jaar;2021;266;307;-41
3623;Mannen en Vrouwen;70 jaar;2022;288;332;-44
3624;Mannen en Vrouwen;70 jaar;2023;285;343;-58
3625;Mannen en Vrouwen;70 jaar;2024;284;362;-78
3626;Mannen en Vrouwen;70 jaar;2025;289;385;-96
3627;Mannen en Vrouwen;70 jaar;2026;289;414;-125
3628;Mannen en Vrouwen;70 jaar;2027;293;421;-128
3629;Mannen en Vrouwen;70 jaar;2028;297;446;-149
3630;Mannen en Vrouwen;70 jaar;2029;299;474;-175
3631;Mannen en Vrouwen;70 jaar;2030;296;518;-222
3632;Mannen en Vrouwen;70 jaar;2031;302;510;-208
3633;Mannen en Vrouwen;70 jaar;2032;300;539;-239
3634;Mannen en Vrouwen;70 jaar;2033;304;554;-250
3635;Mannen en Vrouwen;70 jaar;2034;306;584;-278
3636;Mannen en Vrouwen;70 jaar;2035;303;588;-285
3637;Mannen en Vrouwen;70 jaar;2036;299;588;-289
3638;Mannen en Vrouwen;70 jaar;2037;299;578;-279
3639;Mannen en Vrouwen;70 jaar;2038;299;611;-312
3640;Mannen en Vrouwen;70 jaar;2039;306;633;-327
3641;Mannen en Vrouwen;70 jaar;2040;301;647;-346
3642;Mannen en Vrouwen;70 jaar;2041;296;639;-343
3643;Mannen en Vrouwen;70 jaar;2042;286;635;-349
3644;Mannen en Vrouwen;70 jaar;2043;273;624;-351
3645;Mannen en Vrouwen;70 jaar;2044;270;628;-358
3646;Mannen en Vrouwen;70 jaar;2045;267;613;-346
3647;Mannen en Vrouwen;70 jaar;2046;268;614;-346
3648;Mannen en Vrouwen;70 jaar;2047;264;630;-366
3649;Mannen en Vrouwen;70 jaar;2048;267;641;-374
3650;Mannen en Vrouwen;70 jaar;2049;271;652;-381
3651;Mannen en Vrouwen;70 jaar;2050;276;670;-394
3652;Mannen en Vrouwen;70 jaar;2051;274;675;-401
3653;Mannen en Vrouwen;70 jaar;2052;270;687;-417
3654;Mannen en Vrouwen;70 jaar;2053;270;698;-428
3655;Mannen en Vrouwen;70 jaar;2054;275;722;-447
3656;Mannen en Vrouwen;70 jaar;2055;275;733;-458
3657;Mannen en Vrouwen;70 jaar;2056;282;745;-463
3658;Mannen en Vrouwen;70 jaar;2057;284;751;-467
3659;Mannen en Vrouwen;70 jaar;2058;286;765;-479
3660;Mannen en Vrouwen;70 jaar;2059;287;777;-490
3661;Mannen en Vrouwen;70 jaar;2060;296;791;-495
3662;Mannen en Vrouwen;70 jaar;2061;299;797;-498
3663;Mannen en Vrouwen;70 jaar;2062;296;804;-508
3664;Mannen en Vrouwen;70 jaar;2063;297;808;-511
3665;Mannen en Vrouwen;70 jaar;2064;296;816;-520
3666;Mannen en Vrouwen;70 jaar;2065;292;816;-524
3667;Mannen en Vrouwen;70 jaar;2066;294;823;-529
3668;Mannen en Vrouwen;70 jaar;2067;295;830;-535
3669;Mannen en Vrouwen;70 jaar;2068;301;839;-538
3670;Mannen en Vrouwen;70 jaar;2069;304;846;-542
3671;Mannen en Vrouwen;70 jaar;2070;304;854;-550
3672;Mannen en Vrouwen;71 jaar;2020;232;220;12
3673;Mannen en Vrouwen;71 jaar;2021;250;274;-24
3674;Mannen en Vrouwen;71 jaar;2022;262;265;-3
3675;Mannen en Vrouwen;71 jaar;2023;262;287;-25
3676;Mannen en Vrouwen;71 jaar;2024;259;297;-38
3677;Mannen en Vrouwen;71 jaar;2025;264;314;-50
3678;Mannen en Vrouwen;71 jaar;2026;264;333;-69
3679;Mannen en Vrouwen;71 jaar;2027;265;356;-91
3680;Mannen en Vrouwen;71 jaar;2028;269;361;-92
3681;Mannen en Vrouwen;71 jaar;2029;272;381;-109
3682;Mannen en Vrouwen;71 jaar;2030;273;405;-132
3683;Mannen en Vrouwen;71 jaar;2031;273;440;-167
3684;Mannen en Vrouwen;71 jaar;2032;277;433;-156
3685;Mannen en Vrouwen;71 jaar;2033;277;458;-181
3686;Mannen en Vrouwen;71 jaar;2034;279;470;-191
3687;Mannen en Vrouwen;71 jaar;2035;281;495;-214
3688;Mannen en Vrouwen;71 jaar;2036;279;498;-219
3689;Mannen en Vrouwen;71 jaar;2037;275;498;-223
3690;Mannen en Vrouwen;71 jaar;2038;275;490;-215
3691;Mannen en Vrouwen;71 jaar;2039;275;519;-244
3692;Mannen en Vrouwen;71 jaar;2040;281;537;-256
3693;Mannen en Vrouwen;71 jaar;2041;275;550;-275
3694;Mannen en Vrouwen;71 jaar;2042;270;542;-272
3695;Mannen en Vrouwen;71 jaar;2043;262;539;-277
3696;Mannen en Vrouwen;71 jaar;2044;250;530;-280
3697;Mannen en Vrouwen;71 jaar;2045;246;534;-288
3698;Mannen en Vrouwen;71 jaar;2046;242;521;-279
3699;Mannen en Vrouwen;71 jaar;2047;242;521;-279
3700;Mannen en Vrouwen;71 jaar;2048;239;534;-295
3701;Mannen en Vrouwen;71 jaar;2049;244;546;-302
3702;Mannen en Vrouwen;71 jaar;2050;245;552;-307
3703;Mannen en Vrouwen;71 jaar;2051;253;570;-317
3704;Mannen en Vrouwen;71 jaar;2052;250;574;-324
3705;Mannen en Vrouwen;71 jaar;2053;247;583;-336
3706;Mannen en Vrouwen;71 jaar;2054;247;593;-346
3707;Mannen en Vrouwen;71 jaar;2055;251;613;-362
3708;Mannen en Vrouwen;71 jaar;2056;253;623;-370
3709;Mannen en Vrouwen;71 jaar;2057;256;634;-378
3710;Mannen en Vrouwen;71 jaar;2058;258;638;-380
3711;Mannen en Vrouwen;71 jaar;2059;260;651;-391
3712;Mannen en Vrouwen;71 jaar;2060;263;660;-397
3713;Mannen en Vrouwen;71 jaar;2061;271;672;-401
3714;Mannen en Vrouwen;71 jaar;2062;274;676;-402
3715;Mannen en Vrouwen;71 jaar;2063;271;683;-412
3716;Mannen en Vrouwen;71 jaar;2064;271;687;-416
3717;Mannen en Vrouwen;71 jaar;2065;271;695;-424
3718;Mannen en Vrouwen;71 jaar;2066;269;693;-424
3719;Mannen en Vrouwen;71 jaar;2067;270;699;-429
3720;Mannen en Vrouwen;71 jaar;2068;271;704;-433
3721;Mannen en Vrouwen;71 jaar;2069;277;715;-438
3722;Mannen en Vrouwen;71 jaar;2070;277;720;-443
3723;Mannen en Vrouwen;72 jaar;2020;224;198;26
3724;Mannen en Vrouwen;72 jaar;2021;234;240;-6
3725;Mannen en Vrouwen;72 jaar;2022;240;252;-12
3726;Mannen en Vrouwen;72 jaar;2023;243;243;0
3727;Mannen en Vrouwen;72 jaar;2024;244;267;-23
3728;Mannen en Vrouwen;72 jaar;2025;243;279;-36
3729;Mannen en Vrouwen;72 jaar;2026;245;294;-49
3730;Mannen en Vrouwen;72 jaar;2027;246;309;-63
3731;Mannen en Vrouwen;72 jaar;2028;249;331;-82
3732;Mannen en Vrouwen;72 jaar;2029;252;335;-83
3733;Mannen en Vrouwen;72 jaar;2030;253;354;-101
3734;Mannen en Vrouwen;72 jaar;2031;256;372;-116
3735;Mannen en Vrouwen;72 jaar;2032;255;404;-149
3736;Mannen en Vrouwen;72 jaar;2033;260;397;-137
3737;Mannen en Vrouwen;72 jaar;2034;259;422;-163
3738;Mannen en Vrouwen;72 jaar;2035;263;433;-170
3739;Mannen en Vrouwen;72 jaar;2036;263;455;-192
3740;Mannen en Vrouwen;72 jaar;2037;260;459;-199
3741;Mannen en Vrouwen;72 jaar;2038;256;460;-204
3742;Mannen en Vrouwen;72 jaar;2039;256;452;-196
3743;Mannen en Vrouwen;72 jaar;2040;256;481;-225
3744;Mannen en Vrouwen;72 jaar;2041;261;497;-236
3745;Mannen en Vrouwen;72 jaar;2042;257;510;-253
3746;Mannen en Vrouwen;72 jaar;2043;250;502;-252
3747;Mannen en Vrouwen;72 jaar;2044;243;502;-259
3748;Mannen en Vrouwen;72 jaar;2045;233;493;-260
3749;Mannen en Vrouwen;72 jaar;2046;229;498;-269
3750;Mannen en Vrouwen;72 jaar;2047;224;487;-263
3751;Mannen en Vrouwen;72 jaar;2048;224;486;-262
3752;Mannen en Vrouwen;72 jaar;2049;220;499;-279
3753;Mannen en Vrouwen;72 jaar;2050;223;509;-286
3754;Mannen en Vrouwen;72 jaar;2051;224;518;-294
3755;Mannen en Vrouwen;72 jaar;2052;229;533;-304
3756;Mannen en Vrouwen;72 jaar;2053;229;536;-307
3757;Mannen en Vrouwen;72 jaar;2054;225;548;-323
3758;Mannen en Vrouwen;72 jaar;2055;225;557;-332
3759;Mannen en Vrouwen;72 jaar;2056;226;576;-350
3760;Mannen en Vrouwen;72 jaar;2057;230;586;-356
3761;Mannen en Vrouwen;72 jaar;2058;233;595;-362
3762;Mannen en Vrouwen;72 jaar;2059;235;599;-364
3763;Mannen en Vrouwen;72 jaar;2060;236;610;-374
3764;Mannen en Vrouwen;72 jaar;2061;237;620;-383
3765;Mannen en Vrouwen;72 jaar;2062;245;632;-387
3766;Mannen en Vrouwen;72 jaar;2063;246;637;-391
3767;Mannen en Vrouwen;72 jaar;2064;246;644;-398
3768;Mannen en Vrouwen;72 jaar;2065;246;646;-400
3769;Mannen en Vrouwen;72 jaar;2066;245;653;-408
3770;Mannen en Vrouwen;72 jaar;2067;242;652;-410
3771;Mannen en Vrouwen;72 jaar;2068;242;658;-416
3772;Mannen en Vrouwen;72 jaar;2069;243;663;-420
3773;Mannen en Vrouwen;72 jaar;2070;243;671;-428
3774;Mannen en Vrouwen;73 jaar;2020;217;182;35
3775;Mannen en Vrouwen;73 jaar;2021;225;224;1
3776;Mannen en Vrouwen;73 jaar;2022;230;224;6
3777;Mannen en Vrouwen;73 jaar;2023;223;237;-14
3778;Mannen en Vrouwen;73 jaar;2024;220;229;-9
3779;Mannen en Vrouwen;73 jaar;2025;225;253;-28
3780;Mannen en Vrouwen;73 jaar;2026;224;261;-37
3781;Mannen en Vrouwen;73 jaar;2027;227;276;-49
3782;Mannen en Vrouwen;73 jaar;2028;229;290;-61
3783;Mannen en Vrouwen;73 jaar;2029;230;310;-80
3784;Mannen en Vrouwen;73 jaar;2030;231;314;-83
3785;Mannen en Vrouwen;73 jaar;2031;234;330;-96
3786;Mannen en Vrouwen;73 jaar;2032;237;348;-111
3787;Mannen en Vrouwen;73 jaar;2033;236;377;-141
3788;Mannen en Vrouwen;73 jaar;2034;241;370;-129
3789;Mannen en Vrouwen;73 jaar;2035;241;395;-154
3790;Mannen en Vrouwen;73 jaar;2036;243;406;-163
3791;Mannen en Vrouwen;73 jaar;2037;244;427;-183
3792;Mannen en Vrouwen;73 jaar;2038;239;432;-193
3793;Mannen en Vrouwen;73 jaar;2039;238;434;-196
3794;Mannen en Vrouwen;73 jaar;2040;237;425;-188
3795;Mannen en Vrouwen;73 jaar;2041;236;453;-217
3796;Mannen en Vrouwen;73 jaar;2042;244;469;-225
3797;Mannen en Vrouwen;73 jaar;2043;239;482;-243
3798;Mannen en Vrouwen;73 jaar;2044;233;476;-243
3799;Mannen en Vrouwen;73 jaar;2045;225;477;-252
3800;Mannen en Vrouwen;73 jaar;2046;214;468;-254
3801;Mannen en Vrouwen;73 jaar;2047;210;474;-264
3802;Mannen en Vrouwen;73 jaar;2048;206;463;-257
3803;Mannen en Vrouwen;73 jaar;2049;205;462;-257
3804;Mannen en Vrouwen;73 jaar;2050;203;475;-272
3805;Mannen en Vrouwen;73 jaar;2051;207;486;-279
3806;Mannen en Vrouwen;73 jaar;2052;207;493;-286
3807;Mannen en Vrouwen;73 jaar;2053;215;507;-292
3808;Mannen en Vrouwen;73 jaar;2054;213;510;-297
3809;Mannen en Vrouwen;73 jaar;2055;210;520;-310
3810;Mannen en Vrouwen;73 jaar;2056;208;530;-322
3811;Mannen en Vrouwen;73 jaar;2057;212;549;-337
3812;Mannen en Vrouwen;73 jaar;2058;214;558;-344
3813;Mannen en Vrouwen;73 jaar;2059;219;567;-348
3814;Mannen en Vrouwen;73 jaar;2060;220;571;-351
3815;Mannen en Vrouwen;73 jaar;2061;222;583;-361
3816;Mannen en Vrouwen;73 jaar;2062;224;591;-367
3817;Mannen en Vrouwen;73 jaar;2063;229;602;-373
3818;Mannen en Vrouwen;73 jaar;2064;231;607;-376
3819;Mannen en Vrouwen;73 jaar;2065;232;612;-380
3820;Mannen en Vrouwen;73 jaar;2066;231;616;-385
3821;Mannen en Vrouwen;73 jaar;2067;231;623;-392
3822;Mannen en Vrouwen;73 jaar;2068;227;623;-396
3823;Mannen en Vrouwen;73 jaar;2069;227;628;-401
3824;Mannen en Vrouwen;73 jaar;2070;227;633;-406
3825;Mannen en Vrouwen;74 jaar;2020;214;165;49
3826;Mannen en Vrouwen;74 jaar;2021;218;208;10
3827;Mannen en Vrouwen;74 jaar;2022;219;209;10
3828;Mannen en Vrouwen;74 jaar;2023;207;213;-6
3829;Mannen en Vrouwen;74 jaar;2024;203;228;-25
3830;Mannen en Vrouwen;74 jaar;2025;204;220;-16
3831;Mannen en Vrouwen;74 jaar;2026;208;241;-33
3832;Mannen en Vrouwen;74 jaar;2027;207;250;-43
3833;Mannen en Vrouwen;74 jaar;2028;210;264;-54
3834;Mannen en Vrouwen;74 jaar;2029;211;276;-65
3835;Mannen en Vrouwen;74 jaar;2030;211;295;-84
3836;Mannen en Vrouwen;74 jaar;2031;212;297;-85
3837;Mannen en Vrouwen;74 jaar;2032;215;312;-97
3838;Mannen en Vrouwen;74 jaar;2033;217;328;-111
3839;Mannen en Vrouwen;74 jaar;2034;217;358;-141
3840;Mannen en Vrouwen;74 jaar;2035;221;352;-131
3841;Mannen en Vrouwen;74 jaar;2036;222;375;-153
3842;Mannen en Vrouwen;74 jaar;2037;223;385;-162
3843;Mannen en Vrouwen;74 jaar;2038;224;408;-184
3844;Mannen en Vrouwen;74 jaar;2039;220;411;-191
3845;Mannen en Vrouwen;74 jaar;2040;218;413;-195
3846;Mannen en Vrouwen;74 jaar;2041;218;406;-188
3847;Mannen en Vrouwen;74 jaar;2042;218;435;-217
3848;Mannen en Vrouwen;74 jaar;2043;225;450;-225
3849;Mannen en Vrouwen;74 jaar;2044;220;463;-243
3850;Mannen en Vrouwen;74 jaar;2045;217;459;-242
3851;Mannen en Vrouwen;74 jaar;2046;207;458;-251
3852;Mannen en Vrouwen;74 jaar;2047;196;451;-255
3853;Mannen en Vrouwen;74 jaar;2048;192;457;-265
3854;Mannen en Vrouwen;74 jaar;2049;190;446;-256
3855;Mannen en Vrouwen;74 jaar;2050;189;445;-256
3856;Mannen en Vrouwen;74 jaar;2051;186;458;-272
3857;Mannen en Vrouwen;74 jaar;2052;190;468;-278
3858;Mannen en Vrouwen;74 jaar;2053;192;475;-283
3859;Mannen en Vrouwen;74 jaar;2054;199;488;-289
3860;Mannen en Vrouwen;74 jaar;2055;196;492;-296
3861;Mannen en Vrouwen;74 jaar;2056;194;502;-308
3862;Mannen en Vrouwen;74 jaar;2057;192;512;-320
3863;Mannen en Vrouwen;74 jaar;2058;196;530;-334
3864;Mannen en Vrouwen;74 jaar;2059;199;539;-340
3865;Mannen en Vrouwen;74 jaar;2060;204;548;-344
3866;Mannen en Vrouwen;74 jaar;2061;205;551;-346
3867;Mannen en Vrouwen;74 jaar;2062;207;562;-355
3868;Mannen en Vrouwen;74 jaar;2063;210;570;-360
3869;Mannen en Vrouwen;74 jaar;2064;216;581;-365
3870;Mannen en Vrouwen;74 jaar;2065;217;585;-368
3871;Mannen en Vrouwen;74 jaar;2066;217;591;-374
3872;Mannen en Vrouwen;74 jaar;2067;216;595;-379
3873;Mannen en Vrouwen;74 jaar;2068;216;601;-385
3874;Mannen en Vrouwen;74 jaar;2069;212;602;-390
3875;Mannen en Vrouwen;74 jaar;2070;212;607;-395
3876;Mannen en Vrouwen;75 jaar;2020;158;124;34
3877;Mannen en Vrouwen;75 jaar;2021;212;179;33
3878;Mannen en Vrouwen;75 jaar;2022;214;184;30
3879;Mannen en Vrouwen;75 jaar;2023;199;189;10
3880;Mannen en Vrouwen;75 jaar;2024;196;193;3
3881;Mannen en Vrouwen;75 jaar;2025;191;208;-17
3882;Mannen en Vrouwen;75 jaar;2026;191;201;-10
3883;Mannen en Vrouwen;75 jaar;2027;194;219;-25
3884;Mannen en Vrouwen;75 jaar;2028;194;227;-33
3885;Mannen en Vrouwen;75 jaar;2029;195;240;-45
3886;Mannen en Vrouwen;75 jaar;2030;195;252;-57
3887;Mannen en Vrouwen;75 jaar;2031;198;269;-71
3888;Mannen en Vrouwen;75 jaar;2032;200;271;-71
3889;Mannen en Vrouwen;75 jaar;2033;203;285;-82
3890;Mannen en Vrouwen;75 jaar;2034;205;300;-95
3891;Mannen en Vrouwen;75 jaar;2035;205;329;-124
3892;Mannen en Vrouwen;75 jaar;2036;209;322;-113
3893;Mannen en Vrouwen;75 jaar;2037;210;345;-135
3894;Mannen en Vrouwen;75 jaar;2038;212;354;-142
3895;Mannen en Vrouwen;75 jaar;2039;213;376;-163
3896;Mannen en Vrouwen;75 jaar;2040;209;380;-171
3897;Mannen en Vrouwen;75 jaar;2041;207;384;-177
3898;Mannen en Vrouwen;75 jaar;2042;207;377;-170
3899;Mannen en Vrouwen;75 jaar;2043;206;403;-197
3900;Mannen en Vrouwen;75 jaar;2044;212;418;-206
3901;Mannen en Vrouwen;75 jaar;2045;208;432;-224
3902;Mannen en Vrouwen;75 jaar;2046;202;426;-224
3903;Mannen en Vrouwen;75 jaar;2047;196;428;-232
3904;Mannen en Vrouwen;75 jaar;2048;185;422;-237
3905;Mannen en Vrouwen;75 jaar;2049;180;428;-248
3906;Mannen en Vrouwen;75 jaar;2050;176;419;-243
3907;Mannen en Vrouwen;75 jaar;2051;177;418;-241
3908;Mannen en Vrouwen;75 jaar;2052;176;431;-255
3909;Mannen en Vrouwen;75 jaar;2053;177;440;-263
3910;Mannen en Vrouwen;75 jaar;2054;178;447;-269
3911;Mannen en Vrouwen;75 jaar;2055;186;460;-274
3912;Mannen en Vrouwen;75 jaar;2056;183;463;-280
3913;Mannen en Vrouwen;75 jaar;2057;183;474;-291
3914;Mannen en Vrouwen;75 jaar;2058;182;484;-302
3915;Mannen en Vrouwen;75 jaar;2059;185;500;-315
3916;Mannen en Vrouwen;75 jaar;2060;188;509;-321
3917;Mannen en Vrouwen;75 jaar;2061;190;515;-325
3918;Mannen en Vrouwen;75 jaar;2062;193;519;-326
3919;Mannen en Vrouwen;75 jaar;2063;194;529;-335
3920;Mannen en Vrouwen;75 jaar;2064;197;536;-339
3921;Mannen en Vrouwen;75 jaar;2065;202;546;-344
3922;Mannen en Vrouwen;75 jaar;2066;202;550;-348
3923;Mannen en Vrouwen;75 jaar;2067;202;557;-355
3924;Mannen en Vrouwen;75 jaar;2068;203;560;-357
3925;Mannen en Vrouwen;75 jaar;2069;205;565;-360
3926;Mannen en Vrouwen;75 jaar;2070;205;567;-362
3927;Mannen en Vrouwen;76 jaar;2020;151;104;47
3928;Mannen en Vrouwen;76 jaar;2021;159;136;23
3929;Mannen en Vrouwen;76 jaar;2022;204;158;46
3930;Mannen en Vrouwen;76 jaar;2023;192;166;26
3931;Mannen en Vrouwen;76 jaar;2024;183;173;10
3932;Mannen en Vrouwen;76 jaar;2025;180;179;1
3933;Mannen en Vrouwen;76 jaar;2026;178;193;-15
3934;Mannen en Vrouwen;76 jaar;2027;178;185;-7
3935;Mannen en Vrouwen;76 jaar;2028;183;203;-20
3936;Mannen en Vrouwen;76 jaar;2029;182;210;-28
3937;Mannen en Vrouwen;76 jaar;2030;182;223;-41
3938;Mannen en Vrouwen;76 jaar;2031;184;233;-49
3939;Mannen en Vrouwen;76 jaar;2032;187;249;-62
3940;Mannen en Vrouwen;76 jaar;2033;189;250;-61
3941;Mannen en Vrouwen;76 jaar;2034;192;265;-73
3942;Mannen en Vrouwen;76 jaar;2035;194;278;-84
3943;Mannen en Vrouwen;76 jaar;2036;193;306;-113
3944;Mannen en Vrouwen;76 jaar;2037;198;299;-101
3945;Mannen en Vrouwen;76 jaar;2038;198;323;-125
3946;Mannen en Vrouwen;76 jaar;2039;200;331;-131
3947;Mannen en Vrouwen;76 jaar;2040;201;353;-152
3948;Mannen en Vrouwen;76 jaar;2041;198;357;-159
3949;Mannen en Vrouwen;76 jaar;2042;197;360;-163
3950;Mannen en Vrouwen;76 jaar;2043;197;355;-158
3951;Mannen en Vrouwen;76 jaar;2044;196;381;-185
3952;Mannen en Vrouwen;76 jaar;2045;201;394;-193
3953;Mannen en Vrouwen;76 jaar;2046;197;409;-212
3954;Mannen en Vrouwen;76 jaar;2047;192;404;-212
3955;Mannen en Vrouwen;76 jaar;2048;185;409;-224
3956;Mannen en Vrouwen;76 jaar;2049;174;403;-229
3957;Mannen en Vrouwen;76 jaar;2050;171;412;-241
3958;Mannen en Vrouwen;76 jaar;2051;168;402;-234
3959;Mannen en Vrouwen;76 jaar;2052;169;400;-231
3960;Mannen en Vrouwen;76 jaar;2053;169;414;-245
3961;Mannen en Vrouwen;76 jaar;2054;169;422;-253
3962;Mannen en Vrouwen;76 jaar;2055;172;428;-256
3963;Mannen en Vrouwen;76 jaar;2056;178;442;-264
3964;Mannen en Vrouwen;76 jaar;2057;179;444;-265
3965;Mannen en Vrouwen;76 jaar;2058;174;456;-282
3966;Mannen en Vrouwen;76 jaar;2059;174;466;-292
3967;Mannen en Vrouwen;76 jaar;2060;177;482;-305
3968;Mannen en Vrouwen;76 jaar;2061;178;490;-312
3969;Mannen en Vrouwen;76 jaar;2062;184;496;-312
3970;Mannen en Vrouwen;76 jaar;2063;186;500;-314
3971;Mannen en Vrouwen;76 jaar;2064;187;510;-323
3972;Mannen en Vrouwen;76 jaar;2065;187;518;-331
3973;Mannen en Vrouwen;76 jaar;2066;192;525;-333
3974;Mannen en Vrouwen;76 jaar;2067;196;529;-333
3975;Mannen en Vrouwen;76 jaar;2068;197;536;-339
3976;Mannen en Vrouwen;76 jaar;2069;199;539;-340
3977;Mannen en Vrouwen;76 jaar;2070;199;544;-345
3978;Mannen en Vrouwen;77 jaar;2020;135;95;40
3979;Mannen en Vrouwen;77 jaar;2021;152;123;29
3980;Mannen en Vrouwen;77 jaar;2022;153;130;23
3981;Mannen en Vrouwen;77 jaar;2023;183;153;30
3982;Mannen en Vrouwen;77 jaar;2024;176;161;15
3983;Mannen en Vrouwen;77 jaar;2025;167;171;-4
3984;Mannen en Vrouwen;77 jaar;2026;164;175;-11
3985;Mannen en Vrouwen;77 jaar;2027;162;189;-27
3986;Mannen en Vrouwen;77 jaar;2028;163;179;-16
3987;Mannen en Vrouwen;77 jaar;2029;166;198;-32
3988;Mannen en Vrouwen;77 jaar;2030;164;204;-40
3989;Mannen en Vrouwen;77 jaar;2031;165;216;-51
3990;Mannen en Vrouwen;77 jaar;2032;166;225;-59
3991;Mannen en Vrouwen;77 jaar;2033;170;240;-70
3992;Mannen en Vrouwen;77 jaar;2034;172;242;-70
3993;Mannen en Vrouwen;77 jaar;2035;173;256;-83
3994;Mannen en Vrouwen;77 jaar;2036;176;271;-95
3995;Mannen en Vrouwen;77 jaar;2037;175;299;-124
3996;Mannen en Vrouwen;77 jaar;2038;179;291;-112
3997;Mannen en Vrouwen;77 jaar;2039;180;315;-135
3998;Mannen en Vrouwen;77 jaar;2040;182;325;-143
3999;Mannen en Vrouwen;77 jaar;2041;183;346;-163
4000;Mannen en Vrouwen;77 jaar;2042;181;351;-170
4001;Mannen en Vrouwen;77 jaar;2043;178;355;-177
4002;Mannen en Vrouwen;77 jaar;2044;178;348;-170
4003;Mannen en Vrouwen;77 jaar;2045;178;375;-197
4004;Mannen en Vrouwen;77 jaar;2046;184;388;-204
4005;Mannen en Vrouwen;77 jaar;2047;181;404;-223
4006;Mannen en Vrouwen;77 jaar;2048;176;398;-222
4007;Mannen en Vrouwen;77 jaar;2049;169;402;-233
4008;Mannen en Vrouwen;77 jaar;2050;157;397;-240
4009;Mannen en Vrouwen;77 jaar;2051;155;404;-249
4010;Mannen en Vrouwen;77 jaar;2052;154;395;-241
4011;Mannen en Vrouwen;77 jaar;2053;153;393;-240
4012;Mannen en Vrouwen;77 jaar;2054;152;406;-254
4013;Mannen en Vrouwen;77 jaar;2055;155;415;-260
4014;Mannen en Vrouwen;77 jaar;2056;157;422;-265
4015;Mannen en Vrouwen;77 jaar;2057;164;435;-271
4016;Mannen en Vrouwen;77 jaar;2058;161;437;-276
4017;Mannen en Vrouwen;77 jaar;2059;160;450;-290
4018;Mannen en Vrouwen;77 jaar;2060;161;460;-299
4019;Mannen en Vrouwen;77 jaar;2061;163;476;-313
4020;Mannen en Vrouwen;77 jaar;2062;165;484;-319
4021;Mannen en Vrouwen;77 jaar;2063;169;490;-321
4022;Mannen en Vrouwen;77 jaar;2064;170;493;-323
4023;Mannen en Vrouwen;77 jaar;2065;170;504;-334
4024;Mannen en Vrouwen;77 jaar;2066;173;512;-339
4025;Mannen en Vrouwen;77 jaar;2067;180;519;-339
4026;Mannen en Vrouwen;77 jaar;2068;180;523;-343
4027;Mannen en Vrouwen;77 jaar;2069;182;530;-348
4028;Mannen en Vrouwen;77 jaar;2070;182;533;-351
4029;Mannen en Vrouwen;78 jaar;2020;112;91;21
4030;Mannen en Vrouwen;78 jaar;2021;131;110;21
4031;Mannen en Vrouwen;78 jaar;2022;141;115;26
4032;Mannen en Vrouwen;78 jaar;2023;130;126;4
4033;Mannen en Vrouwen;78 jaar;2024;162;147;15
4034;Mannen en Vrouwen;78 jaar;2025;157;155;2
4035;Mannen en Vrouwen;78 jaar;2026;150;164;-14
4036;Mannen en Vrouwen;78 jaar;2027;146;167;-21
4037;Mannen en Vrouwen;78 jaar;2028;149;181;-32
4038;Mannen en Vrouwen;78 jaar;2029;148;172;-24
4039;Mannen en Vrouwen;78 jaar;2030;149;190;-41
4040;Mannen en Vrouwen;78 jaar;2031;149;195;-46
4041;Mannen en Vrouwen;78 jaar;2032;151;206;-55
4042;Mannen en Vrouwen;78 jaar;2033;152;215;-63
4043;Mannen en Vrouwen;78 jaar;2034;154;229;-75
4044;Mannen en Vrouwen;78 jaar;2035;156;232;-76
4045;Mannen en Vrouwen;78 jaar;2036;158;246;-88
4046;Mannen en Vrouwen;78 jaar;2037;161;260;-99
4047;Mannen en Vrouwen;78 jaar;2038;158;288;-130
4048;Mannen en Vrouwen;78 jaar;2039;163;282;-119
4049;Mannen en Vrouwen;78 jaar;2040;164;304;-140
4050;Mannen en Vrouwen;78 jaar;2041;165;314;-149
4051;Mannen en Vrouwen;78 jaar;2042;167;334;-167
4052;Mannen en Vrouwen;78 jaar;2043;165;340;-175
4053;Mannen en Vrouwen;78 jaar;2044;162;345;-183
4054;Mannen en Vrouwen;78 jaar;2045;163;338;-175
4055;Mannen en Vrouwen;78 jaar;2046;163;365;-202
4056;Mannen en Vrouwen;78 jaar;2047;168;378;-210
4057;Mannen en Vrouwen;78 jaar;2048;164;392;-228
4058;Mannen en Vrouwen;78 jaar;2049;161;388;-227
4059;Mannen en Vrouwen;78 jaar;2050;155;392;-237
4060;Mannen en Vrouwen;78 jaar;2051;146;389;-243
4061;Mannen en Vrouwen;78 jaar;2052;144;396;-252
4062;Mannen en Vrouwen;78 jaar;2053;142;387;-245
4063;Mannen en Vrouwen;78 jaar;2054;142;386;-244
4064;Mannen en Vrouwen;78 jaar;2055;140;399;-259
4065;Mannen en Vrouwen;78 jaar;2056;144;407;-263
4066;Mannen en Vrouwen;78 jaar;2057;145;414;-269
4067;Mannen en Vrouwen;78 jaar;2058;149;427;-278
4068;Mannen en Vrouwen;78 jaar;2059;150;429;-279
4069;Mannen en Vrouwen;78 jaar;2060;147;442;-295
4070;Mannen en Vrouwen;78 jaar;2061;145;453;-308
4071;Mannen en Vrouwen;78 jaar;2062;149;469;-320
4072;Mannen en Vrouwen;78 jaar;2063;151;477;-326
4073;Mannen en Vrouwen;78 jaar;2064;154;483;-329
4074;Mannen en Vrouwen;78 jaar;2065;157;486;-329
4075;Mannen en Vrouwen;78 jaar;2066;161;496;-335
4076;Mannen en Vrouwen;78 jaar;2067;159;505;-346
4077;Mannen en Vrouwen;78 jaar;2068;166;511;-345
4078;Mannen en Vrouwen;78 jaar;2069;167;516;-349
4079;Mannen en Vrouwen;78 jaar;2070;167;522;-355
4080;Mannen en Vrouwen;79 jaar;2020;101;79;22
4081;Mannen en Vrouwen;79 jaar;2021;112;105;7
4082;Mannen en Vrouwen;79 jaar;2022;129;102;27
4083;Mannen en Vrouwen;79 jaar;2023;129;112;17
4084;Mannen en Vrouwen;79 jaar;2024;124;122;2
4085;Mannen en Vrouwen;79 jaar;2025;153;141;12
4086;Mannen en Vrouwen;79 jaar;2026;150;149;1
4087;Mannen en Vrouwen;79 jaar;2027;144;158;-14
4088;Mannen en Vrouwen;79 jaar;2028;142;161;-19
4089;Mannen en Vrouwen;79 jaar;2029;139;176;-37
4090;Mannen en Vrouwen;79 jaar;2030;138;167;-29
4091;Mannen en Vrouwen;79 jaar;2031;141;185;-44
4092;Mannen en Vrouwen;79 jaar;2032;141;190;-49
4093;Mannen en Vrouwen;79 jaar;2033;142;201;-59
4094;Mannen en Vrouwen;79 jaar;2034;144;211;-67
4095;Mannen en Vrouwen;79 jaar;2035;146;225;-79
4096;Mannen en Vrouwen;79 jaar;2036;147;227;-80
4097;Mannen en Vrouwen;79 jaar;2037;150;242;-92
4098;Mannen en Vrouwen;79 jaar;2038;153;255;-102
4099;Mannen en Vrouwen;79 jaar;2039;153;284;-131
4100;Mannen en Vrouwen;79 jaar;2040;156;277;-121
4101;Mannen en Vrouwen;79 jaar;2041;156;301;-145
4102;Mannen en Vrouwen;79 jaar;2042;159;311;-152
4103;Mannen en Vrouwen;79 jaar;2043;159;332;-173
4104;Mannen en Vrouwen;79 jaar;2044;156;338;-182
4105;Mannen en Vrouwen;79 jaar;2045;155;343;-188
4106;Mannen en Vrouwen;79 jaar;2046;155;337;-182
4107;Mannen en Vrouwen;79 jaar;2047;155;363;-208
4108;Mannen en Vrouwen;79 jaar;2048;158;376;-218
4109;Mannen en Vrouwen;79 jaar;2049;156;392;-236
4110;Mannen en Vrouwen;79 jaar;2050;151;387;-236
4111;Mannen en Vrouwen;79 jaar;2051;147;393;-246
4112;Mannen en Vrouwen;79 jaar;2052;140;390;-250
4113;Mannen en Vrouwen;79 jaar;2053;136;398;-262
4114;Mannen en Vrouwen;79 jaar;2054;134;389;-255
4115;Mannen en Vrouwen;79 jaar;2055;133;387;-254
4116;Mannen en Vrouwen;79 jaar;2056;132;400;-268
4117;Mannen en Vrouwen;79 jaar;2057;133;409;-276
4118;Mannen en Vrouwen;79 jaar;2058;133;416;-283
4119;Mannen en Vrouwen;79 jaar;2059;135;428;-293
4120;Mannen en Vrouwen;79 jaar;2060;134;431;-297
4121;Mannen en Vrouwen;79 jaar;2061;130;445;-315
4122;Mannen en Vrouwen;79 jaar;2062;132;457;-325
4123;Mannen en Vrouwen;79 jaar;2063;134;473;-339
4124;Mannen en Vrouwen;79 jaar;2064;136;481;-345
4125;Mannen en Vrouwen;79 jaar;2065;139;488;-349
4126;Mannen en Vrouwen;79 jaar;2066;143;491;-348
4127;Mannen en Vrouwen;79 jaar;2067;145;502;-357
4128;Mannen en Vrouwen;79 jaar;2068;146;511;-365
4129;Mannen en Vrouwen;79 jaar;2069;152;518;-366
4130;Mannen en Vrouwen;79 jaar;2070;152;522;-370
4131;Mannen en Vrouwen;80 jaar;2020;93;74;19
4132;Mannen en Vrouwen;80 jaar;2021;98;83;15
4133;Mannen en Vrouwen;80 jaar;2022;108;87;21
4134;Mannen en Vrouwen;80 jaar;2023;111;89;22
4135;Mannen en Vrouwen;80 jaar;2024;112;98;14
4136;Mannen en Vrouwen;80 jaar;2025;108;107;1
4137;Mannen en Vrouwen;80 jaar;2026;137;122;15
4138;Mannen en Vrouwen;80 jaar;2027;133;128;5
4139;Mannen en Vrouwen;80 jaar;2028;129;136;-7
4140;Mannen en Vrouwen;80 jaar;2029;125;139;-14
4141;Mannen en Vrouwen;80 jaar;2030;122;154;-32
4142;Mannen en Vrouwen;80 jaar;2031;123;142;-19
4143;Mannen en Vrouwen;80 jaar;2032;126;158;-32
4144;Mannen en Vrouwen;80 jaar;2033;126;162;-36
4145;Mannen en Vrouwen;80 jaar;2034;126;172;-46
4146;Mannen en Vrouwen;80 jaar;2035;129;179;-50
4147;Mannen en Vrouwen;80 jaar;2036;131;191;-60
4148;Mannen en Vrouwen;80 jaar;2037;132;195;-63
4149;Mannen en Vrouwen;80 jaar;2038;134;209;-75
4150;Mannen en Vrouwen;80 jaar;2039;136;220;-84
4151;Mannen en Vrouwen;80 jaar;2040;136;247;-111
4152;Mannen en Vrouwen;80 jaar;2041;140;241;-101
4153;Mannen en Vrouwen;80 jaar;2042;140;262;-122
4154;Mannen en Vrouwen;80 jaar;2043;142;271;-129
4155;Mannen en Vrouwen;80 jaar;2044;143;289;-146
4156;Mannen en Vrouwen;80 jaar;2045;140;295;-155
4157;Mannen en Vrouwen;80 jaar;2046;140;300;-160
4158;Mannen en Vrouwen;80 jaar;2047;140;293;-153
4159;Mannen en Vrouwen;80 jaar;2048;139;318;-179
4160;Mannen en Vrouwen;80 jaar;2049;143;329;-186
4161;Mannen en Vrouwen;80 jaar;2050;140;343;-203
4162;Mannen en Vrouwen;80 jaar;2051;136;340;-204
4163;Mannen en Vrouwen;80 jaar;2052;132;344;-212
4164;Mannen en Vrouwen;80 jaar;2053;124;341;-217
4165;Mannen en Vrouwen;80 jaar;2054;121;348;-227
4166;Mannen en Vrouwen;80 jaar;2055;117;339;-222
4167;Mannen en Vrouwen;80 jaar;2056;117;339;-222
4168;Mannen en Vrouwen;80 jaar;2057;115;350;-235
4169;Mannen en Vrouwen;80 jaar;2058;118;358;-240
4170;Mannen en Vrouwen;80 jaar;2059;116;364;-248
4171;Mannen en Vrouwen;80 jaar;2060;120;375;-255
4172;Mannen en Vrouwen;80 jaar;2061;120;378;-258
4173;Mannen en Vrouwen;80 jaar;2062;117;390;-273
4174;Mannen en Vrouwen;80 jaar;2063;117;401;-284
4175;Mannen en Vrouwen;80 jaar;2064;118;415;-297
4176;Mannen en Vrouwen;80 jaar;2065;119;421;-302
4177;Mannen en Vrouwen;80 jaar;2066;124;427;-303
4178;Mannen en Vrouwen;80 jaar;2067;124;429;-305
4179;Mannen en Vrouwen;80 jaar;2068;125;440;-315
4180;Mannen en Vrouwen;80 jaar;2069;125;447;-322
4181;Mannen en Vrouwen;80 jaar;2070;125;453;-328
4182;Mannen en Vrouwen;81 jaar;2020;81;59;22
4183;Mannen en Vrouwen;81 jaar;2021;90;88;2
4184;Mannen en Vrouwen;81 jaar;2022;93;75;18
4185;Mannen en Vrouwen;81 jaar;2023;94;84;10
4186;Mannen en Vrouwen;81 jaar;2024;99;84;15
4187;Mannen en Vrouwen;81 jaar;2025;100;93;7
4188;Mannen en Vrouwen;81 jaar;2026;97;102;-5
4189;Mannen en Vrouwen;81 jaar;2027;122;115;7
4190;Mannen en Vrouwen;81 jaar;2028;119;122;-3
4191;Mannen en Vrouwen;81 jaar;2029;114;130;-16
4192;Mannen en Vrouwen;81 jaar;2030;111;133;-22
4193;Mannen en Vrouwen;81 jaar;2031;110;146;-36
4194;Mannen en Vrouwen;81 jaar;2032;110;135;-25
4195;Mannen en Vrouwen;81 jaar;2033;112;151;-39
4196;Mannen en Vrouwen;81 jaar;2034;112;155;-43
4197;Mannen en Vrouwen;81 jaar;2035;114;166;-52
4198;Mannen en Vrouwen;81 jaar;2036;115;173;-58
4199;Mannen en Vrouwen;81 jaar;2037;117;184;-67
4200;Mannen en Vrouwen;81 jaar;2038;119;187;-68
4201;Mannen en Vrouwen;81 jaar;2039;120;200;-80
4202;Mannen en Vrouwen;81 jaar;2040;122;211;-89
4203;Mannen en Vrouwen;81 jaar;2041;122;238;-116
4204;Mannen en Vrouwen;81 jaar;2042;126;232;-106
4205;Mannen en Vrouwen;81 jaar;2043;126;253;-127
4206;Mannen en Vrouwen;81 jaar;2044;128;262;-134
4207;Mannen en Vrouwen;81 jaar;2045;128;280;-152
4208;Mannen en Vrouwen;81 jaar;2046;127;285;-158
4209;Mannen en Vrouwen;81 jaar;2047;126;290;-164
4210;Mannen en Vrouwen;81 jaar;2048;126;283;-157
4211;Mannen en Vrouwen;81 jaar;2049;126;307;-181
4212;Mannen en Vrouwen;81 jaar;2050;129;319;-190
4213;Mannen en Vrouwen;81 jaar;2051;128;334;-206
4214;Mannen en Vrouwen;81 jaar;2052;124;329;-205
4215;Mannen en Vrouwen;81 jaar;2053;120;334;-214
4216;Mannen en Vrouwen;81 jaar;2054;113;331;-218
4217;Mannen en Vrouwen;81 jaar;2055;109;338;-229
4218;Mannen en Vrouwen;81 jaar;2056;106;329;-223
4219;Mannen en Vrouwen;81 jaar;2057;106;328;-222
4220;Mannen en Vrouwen;81 jaar;2058;105;339;-234
4221;Mannen en Vrouwen;81 jaar;2059;105;347;-242
4222;Mannen en Vrouwen;81 jaar;2060;106;353;-247
4223;Mannen en Vrouwen;81 jaar;2061;111;364;-253
4224;Mannen en Vrouwen;81 jaar;2062;108;366;-258
4225;Mannen en Vrouwen;81 jaar;2063;106;379;-273
4226;Mannen en Vrouwen;81 jaar;2064;106;389;-283
4227;Mannen en Vrouwen;81 jaar;2065;108;403;-295
4228;Mannen en Vrouwen;81 jaar;2066;111;410;-299
4229;Mannen en Vrouwen;81 jaar;2067;112;415;-303
4230;Mannen en Vrouwen;81 jaar;2068;114;419;-305
4231;Mannen en Vrouwen;81 jaar;2069;112;427;-315
4232;Mannen en Vrouwen;81 jaar;2070;112;435;-323
4233;Mannen en Vrouwen;82 jaar;2020;71;52;19
4234;Mannen en Vrouwen;82 jaar;2021;79;67;12
4235;Mannen en Vrouwen;82 jaar;2022;83;76;7
4236;Mannen en Vrouwen;82 jaar;2023;78;69;9
4237;Mannen en Vrouwen;82 jaar;2024;80;79;1
4238;Mannen en Vrouwen;82 jaar;2025;84;80;4
4239;Mannen en Vrouwen;82 jaar;2026;87;87;0
4240;Mannen en Vrouwen;82 jaar;2027;85;95;-10
4241;Mannen en Vrouwen;82 jaar;2028;107;106;1
4242;Mannen en Vrouwen;82 jaar;2029;103;112;-9
4243;Mannen en Vrouwen;82 jaar;2030;98;120;-22
4244;Mannen en Vrouwen;82 jaar;2031;97;121;-24
4245;Mannen en Vrouwen;82 jaar;2032;95;134;-39
4246;Mannen en Vrouwen;82 jaar;2033;95;125;-30
4247;Mannen en Vrouwen;82 jaar;2034;98;139;-41
4248;Mannen en Vrouwen;82 jaar;2035;98;143;-45
4249;Mannen en Vrouwen;82 jaar;2036;99;154;-55
4250;Mannen en Vrouwen;82 jaar;2037;100;161;-61
4251;Mannen en Vrouwen;82 jaar;2038;103;173;-70
4252;Mannen en Vrouwen;82 jaar;2039;104;176;-72
4253;Mannen en Vrouwen;82 jaar;2040;105;189;-84
4254;Mannen en Vrouwen;82 jaar;2041;107;199;-92
4255;Mannen en Vrouwen;82 jaar;2042;105;226;-121
4256;Mannen en Vrouwen;82 jaar;2043;110;219;-109
4257;Mannen en Vrouwen;82 jaar;2044;110;240;-130
4258;Mannen en Vrouwen;82 jaar;2045;112;248;-136
4259;Mannen en Vrouwen;82 jaar;2046;112;267;-155
4260;Mannen en Vrouwen;82 jaar;2047;112;270;-158
4261;Mannen en Vrouwen;82 jaar;2048;110;276;-166
4262;Mannen en Vrouwen;82 jaar;2049;110;269;-159
4263;Mannen en Vrouwen;82 jaar;2050;110;292;-182
4264;Mannen en Vrouwen;82 jaar;2051;114;303;-189
4265;Mannen en Vrouwen;82 jaar;2052;112;318;-206
4266;Mannen en Vrouwen;82 jaar;2053;109;314;-205
4267;Mannen en Vrouwen;82 jaar;2054;104;319;-215
4268;Mannen en Vrouwen;82 jaar;2055;97;316;-219
4269;Mannen en Vrouwen;82 jaar;2056;95;324;-229
4270;Mannen en Vrouwen;82 jaar;2057;93;316;-223
4271;Mannen en Vrouwen;82 jaar;2058;93;313;-220
4272;Mannen en Vrouwen;82 jaar;2059;92;325;-233
4273;Mannen en Vrouwen;82 jaar;2060;93;333;-240
4274;Mannen en Vrouwen;82 jaar;2061;93;338;-245
4275;Mannen en Vrouwen;82 jaar;2062;97;348;-251
4276;Mannen en Vrouwen;82 jaar;2063;96;352;-256
4277;Mannen en Vrouwen;82 jaar;2064;94;363;-269
4278;Mannen en Vrouwen;82 jaar;2065;94;373;-279
4279;Mannen en Vrouwen;82 jaar;2066;95;388;-293
4280;Mannen en Vrouwen;82 jaar;2067;97;394;-297
4281;Mannen en Vrouwen;82 jaar;2068;100;398;-298
4282;Mannen en Vrouwen;82 jaar;2069;101;402;-301
4283;Mannen en Vrouwen;82 jaar;2070;101;411;-310
4284;Mannen en Vrouwen;83 jaar;2020;57;42;15
4285;Mannen en Vrouwen;83 jaar;2021;66;58;8
4286;Mannen en Vrouwen;83 jaar;2022;70;57;13
4287;Mannen en Vrouwen;83 jaar;2023;71;68;3
4288;Mannen en Vrouwen;83 jaar;2024;72;63;9
4289;Mannen en Vrouwen;83 jaar;2025;73;71;2
4290;Mannen en Vrouwen;83 jaar;2026;77;71;6
4291;Mannen en Vrouwen;83 jaar;2027;80;78;2
4292;Mannen en Vrouwen;83 jaar;2028;78;83;-5
4293;Mannen en Vrouwen;83 jaar;2029;96;94;2
4294;Mannen en Vrouwen;83 jaar;2030;92;98;-6
4295;Mannen en Vrouwen;83 jaar;2031;90;104;-14
4296;Mannen en Vrouwen;83 jaar;2032;88;106;-18
4297;Mannen en Vrouwen;83 jaar;2033;87;117;-30
4298;Mannen en Vrouwen;83 jaar;2034;88;108;-20
4299;Mannen en Vrouwen;83 jaar;2035;90;121;-31
4300;Mannen en Vrouwen;83 jaar;2036;90;124;-34
4301;Mannen en Vrouwen;83 jaar;2037;89;134;-45
4302;Mannen en Vrouwen;83 jaar;2038;91;141;-50
4303;Mannen en Vrouwen;83 jaar;2039;92;150;-58
4304;Mannen en Vrouwen;83 jaar;2040;93;153;-60
4305;Mannen en Vrouwen;83 jaar;2041;94;164;-70
4306;Mannen en Vrouwen;83 jaar;2042;96;174;-78
4307;Mannen en Vrouwen;83 jaar;2043;96;199;-103
4308;Mannen en Vrouwen;83 jaar;2044;99;192;-93
4309;Mannen en Vrouwen;83 jaar;2045;99;211;-112
4310;Mannen en Vrouwen;83 jaar;2046;100;219;-119
4311;Mannen en Vrouwen;83 jaar;2047;101;237;-136
4312;Mannen en Vrouwen;83 jaar;2048;100;239;-139
4313;Mannen en Vrouwen;83 jaar;2049;100;245;-145
4314;Mannen en Vrouwen;83 jaar;2050;100;239;-139
4315;Mannen en Vrouwen;83 jaar;2051;100;261;-161
4316;Mannen en Vrouwen;83 jaar;2052;104;270;-166
4317;Mannen en Vrouwen;83 jaar;2053;101;284;-183
4318;Mannen en Vrouwen;83 jaar;2054;98;281;-183
4319;Mannen en Vrouwen;83 jaar;2055;94;286;-192
4320;Mannen en Vrouwen;83 jaar;2056;89;285;-196
4321;Mannen en Vrouwen;83 jaar;2057;87;291;-204
4322;Mannen en Vrouwen;83 jaar;2058;85;283;-198
4323;Mannen en Vrouwen;83 jaar;2059;85;282;-197
4324;Mannen en Vrouwen;83 jaar;2060;84;292;-208
4325;Mannen en Vrouwen;83 jaar;2061;84;300;-216
4326;Mannen en Vrouwen;83 jaar;2062;85;305;-220
4327;Mannen en Vrouwen;83 jaar;2063;87;314;-227
4328;Mannen en Vrouwen;83 jaar;2064;86;317;-231
4329;Mannen en Vrouwen;83 jaar;2065;84;328;-244
4330;Mannen en Vrouwen;83 jaar;2066;85;337;-252
4331;Mannen en Vrouwen;83 jaar;2067;88;351;-263
4332;Mannen en Vrouwen;83 jaar;2068;89;357;-268
4333;Mannen en Vrouwen;83 jaar;2069;91;360;-269
4334;Mannen en Vrouwen;83 jaar;2070;91;363;-272
4335;Mannen en Vrouwen;84 jaar;2020;50;33;17
4336;Mannen en Vrouwen;84 jaar;2021;55;45;10
4337;Mannen en Vrouwen;84 jaar;2022;62;47;15
4338;Mannen en Vrouwen;84 jaar;2023;61;50;11
4339;Mannen en Vrouwen;84 jaar;2024;62;60;2
4340;Mannen en Vrouwen;84 jaar;2025;60;56;4
4341;Mannen en Vrouwen;84 jaar;2026;63;62;1
4342;Mannen en Vrouwen;84 jaar;2027;66;62;4
4343;Mannen en Vrouwen;84 jaar;2028;69;67;2
4344;Mannen en Vrouwen;84 jaar;2029;65;73;-8
4345;Mannen en Vrouwen;84 jaar;2030;83;81;2
4346;Mannen en Vrouwen;84 jaar;2031;81;85;-4
4347;Mannen en Vrouwen;84 jaar;2032;78;90;-12
4348;Mannen en Vrouwen;84 jaar;2033;77;90;-13
4349;Mannen en Vrouwen;84 jaar;2034;76;100;-24
4350;Mannen en Vrouwen;84 jaar;2035;75;94;-19
4351;Mannen en Vrouwen;84 jaar;2036;77;104;-27
4352;Mannen en Vrouwen;84 jaar;2037;77;108;-31
4353;Mannen en Vrouwen;84 jaar;2038;78;115;-37
4354;Mannen en Vrouwen;84 jaar;2039;79;122;-43
4355;Mannen en Vrouwen;84 jaar;2040;81;130;-49
4356;Mannen en Vrouwen;84 jaar;2041;82;132;-50
4357;Mannen en Vrouwen;84 jaar;2042;83;141;-58
4358;Mannen en Vrouwen;84 jaar;2043;85;150;-65
4359;Mannen en Vrouwen;84 jaar;2044;85;171;-86
4360;Mannen en Vrouwen;84 jaar;2045;88;167;-79
4361;Mannen en Vrouwen;84 jaar;2046;88;184;-96
4362;Mannen en Vrouwen;84 jaar;2047;90;191;-101
4363;Mannen en Vrouwen;84 jaar;2048;90;205;-115
4364;Mannen en Vrouwen;84 jaar;2049;89;209;-120
4365;Mannen en Vrouwen;84 jaar;2050;88;214;-126
4366;Mannen en Vrouwen;84 jaar;2051;88;209;-121
4367;Mannen en Vrouwen;84 jaar;2052;88;228;-140
4368;Mannen en Vrouwen;84 jaar;2053;92;237;-145
4369;Mannen en Vrouwen;84 jaar;2054;90;249;-159
4370;Mannen en Vrouwen;84 jaar;2055;88;248;-160
4371;Mannen en Vrouwen;84 jaar;2056;85;251;-166
4372;Mannen en Vrouwen;84 jaar;2057;80;251;-171
4373;Mannen en Vrouwen;84 jaar;2058;78;256;-178
4374;Mannen en Vrouwen;84 jaar;2059;75;248;-173
4375;Mannen en Vrouwen;84 jaar;2060;75;248;-173
4376;Mannen en Vrouwen;84 jaar;2061;74;258;-184
4377;Mannen en Vrouwen;84 jaar;2062;76;266;-190
4378;Mannen en Vrouwen;84 jaar;2063;76;271;-195
4379;Mannen en Vrouwen;84 jaar;2064;77;278;-201
4380;Mannen en Vrouwen;84 jaar;2065;76;283;-207
4381;Mannen en Vrouwen;84 jaar;2066;75;292;-217
4382;Mannen en Vrouwen;84 jaar;2067;75;300;-225
4383;Mannen en Vrouwen;84 jaar;2068;76;314;-238
4384;Mannen en Vrouwen;84 jaar;2069;78;318;-240
4385;Mannen en Vrouwen;84 jaar;2070;78;322;-244
4386;Mannen en Vrouwen;85 jaar;2020;42;26;16
4387;Mannen en Vrouwen;85 jaar;2021;46;37;9
4388;Mannen en Vrouwen;85 jaar;2022;53;39;14
4389;Mannen en Vrouwen;85 jaar;2023;53;43;10
4390;Mannen en Vrouwen;85 jaar;2024;55;46;9
4391;Mannen en Vrouwen;85 jaar;2025;55;56;-1
4392;Mannen en Vrouwen;85 jaar;2026;53;50;3
4393;Mannen en Vrouwen;85 jaar;2027;56;57;-1
4394;Mannen en Vrouwen;85 jaar;2028;59;57;2
4395;Mannen en Vrouwen;85 jaar;2029;61;61;0
4396;Mannen en Vrouwen;85 jaar;2030;59;67;-8
4397;Mannen en Vrouwen;85 jaar;2031;75;74;1
4398;Mannen en Vrouwen;85 jaar;2032;73;76;-3
4399;Mannen en Vrouwen;85 jaar;2033;71;81;-10
4400;Mannen en Vrouwen;85 jaar;2034;69;82;-13
4401;Mannen en Vrouwen;85 jaar;2035;68;91;-23
4402;Mannen en Vrouwen;85 jaar;2036;68;84;-16
4403;Mannen en Vrouwen;85 jaar;2037;70;94;-24
4404;Mannen en Vrouwen;85 jaar;2038;70;96;-26
4405;Mannen en Vrouwen;85 jaar;2039;71;103;-32
4406;Mannen en Vrouwen;85 jaar;2040;72;109;-37
4407;Mannen en Vrouwen;85 jaar;2041;73;116;-43
4408;Mannen en Vrouwen;85 jaar;2042;74;118;-44
4409;Mannen en Vrouwen;85 jaar;2043;75;126;-51
4410;Mannen en Vrouwen;85 jaar;2044;77;135;-58
4411;Mannen en Vrouwen;85 jaar;2045;77;154;-77
4412;Mannen en Vrouwen;85 jaar;2046;80;151;-71
4413;Mannen en Vrouwen;85 jaar;2047;81;165;-84
4414;Mannen en Vrouwen;85 jaar;2048;81;173;-92
4415;Mannen en Vrouwen;85 jaar;2049;82;186;-104
4416;Mannen en Vrouwen;85 jaar;2050;81;190;-109
4417;Mannen en Vrouwen;85 jaar;2051;81;194;-113
4418;Mannen en Vrouwen;85 jaar;2052;81;189;-108
4419;Mannen en Vrouwen;85 jaar;2053;81;208;-127
4420;Mannen en Vrouwen;85 jaar;2054;84;216;-132
4421;Mannen en Vrouwen;85 jaar;2055;82;227;-145
4422;Mannen en Vrouwen;85 jaar;2056;81;227;-146
4423;Mannen en Vrouwen;85 jaar;2057;78;229;-151
4424;Mannen en Vrouwen;85 jaar;2058;72;230;-158
4425;Mannen en Vrouwen;85 jaar;2059;69;232;-163
4426;Mannen en Vrouwen;85 jaar;2060;67;226;-159
4427;Mannen en Vrouwen;85 jaar;2061;68;225;-157
4428;Mannen en Vrouwen;85 jaar;2062;66;233;-167
4429;Mannen en Vrouwen;85 jaar;2063;69;241;-172
4430;Mannen en Vrouwen;85 jaar;2064;69;245;-176
4431;Mannen en Vrouwen;85 jaar;2065;70;252;-182
4432;Mannen en Vrouwen;85 jaar;2066;70;257;-187
4433;Mannen en Vrouwen;85 jaar;2067;67;264;-197
4434;Mannen en Vrouwen;85 jaar;2068;67;272;-205
4435;Mannen en Vrouwen;85 jaar;2069;69;284;-215
4436;Mannen en Vrouwen;85 jaar;2070;69;288;-219
4437;Mannen en Vrouwen;86 jaar;2020;34;20;14
4438;Mannen en Vrouwen;86 jaar;2021;35;27;8
4439;Mannen en Vrouwen;86 jaar;2022;42;28;14
4440;Mannen en Vrouwen;86 jaar;2023;38;33;5
4441;Mannen en Vrouwen;86 jaar;2024;40;36;4
4442;Mannen en Vrouwen;86 jaar;2025;40;37;3
4443;Mannen en Vrouwen;86 jaar;2026;41;46;-5
4444;Mannen en Vrouwen;86 jaar;2027;41;42;-1
4445;Mannen en Vrouwen;86 jaar;2028;42;46;-4
4446;Mannen en Vrouwen;86 jaar;2029;45;46;-1
4447;Mannen en Vrouwen;86 jaar;2030;47;49;-2
4448;Mannen en Vrouwen;86 jaar;2031;45;53;-8
4449;Mannen en Vrouwen;86 jaar;2032;59;59;0
4450;Mannen en Vrouwen;86 jaar;2033;58;61;-3
4451;Mannen en Vrouwen;86 jaar;2034;55;63;-8
4452;Mannen en Vrouwen;86 jaar;2035;53;64;-11
4453;Mannen en Vrouwen;86 jaar;2036;53;71;-18
4454;Mannen en Vrouwen;86 jaar;2037;53;65;-12
4455;Mannen en Vrouwen;86 jaar;2038;55;73;-18
4456;Mannen en Vrouwen;86 jaar;2039;55;75;-20
4457;Mannen en Vrouwen;86 jaar;2040;56;80;-24
4458;Mannen en Vrouwen;86 jaar;2041;57;84;-27
4459;Mannen en Vrouwen;86 jaar;2042;57;89;-32
4460;Mannen en Vrouwen;86 jaar;2043;58;90;-32
4461;Mannen en Vrouwen;86 jaar;2044;60;97;-37
4462;Mannen en Vrouwen;86 jaar;2045;60;103;-43
4463;Mannen en Vrouwen;86 jaar;2046;60;118;-58
4464;Mannen en Vrouwen;86 jaar;2047;63;116;-53
4465;Mannen en Vrouwen;86 jaar;2048;64;127;-63
4466;Mannen en Vrouwen;86 jaar;2049;66;133;-67
4467;Mannen en Vrouwen;86 jaar;2050;66;143;-77
4468;Mannen en Vrouwen;86 jaar;2051;66;146;-80
4469;Mannen en Vrouwen;86 jaar;2052;65;150;-85
4470;Mannen en Vrouwen;86 jaar;2053;66;145;-79
4471;Mannen en Vrouwen;86 jaar;2054;66;159;-93
4472;Mannen en Vrouwen;86 jaar;2055;68;167;-99
4473;Mannen en Vrouwen;86 jaar;2056;67;175;-108
4474;Mannen en Vrouwen;86 jaar;2057;64;176;-112
4475;Mannen en Vrouwen;86 jaar;2058;62;176;-114
4476;Mannen en Vrouwen;86 jaar;2059;57;179;-122
4477;Mannen en Vrouwen;86 jaar;2060;55;181;-126
4478;Mannen en Vrouwen;86 jaar;2061;54;175;-121
4479;Mannen en Vrouwen;86 jaar;2062;53;174;-121
4480;Mannen en Vrouwen;86 jaar;2063;53;181;-128
4481;Mannen en Vrouwen;86 jaar;2064;55;185;-130
4482;Mannen en Vrouwen;86 jaar;2065;54;188;-134
4483;Mannen en Vrouwen;86 jaar;2066;57;193;-136
4484;Mannen en Vrouwen;86 jaar;2067;55;197;-142
4485;Mannen en Vrouwen;86 jaar;2068;54;202;-148
4486;Mannen en Vrouwen;86 jaar;2069;55;206;-151
4487;Mannen en Vrouwen;86 jaar;2070;55;216;-161
4488;Mannen en Vrouwen;87 jaar;2020;29;16;13
4489;Mannen en Vrouwen;87 jaar;2021;32;21;11
4490;Mannen en Vrouwen;87 jaar;2022;32;21;11
4491;Mannen en Vrouwen;87 jaar;2023;31;25;6
4492;Mannen en Vrouwen;87 jaar;2024;32;28;4
4493;Mannen en Vrouwen;87 jaar;2025;34;31;3
4494;Mannen en Vrouwen;87 jaar;2026;35;33;2
4495;Mannen en Vrouwen;87 jaar;2027;36;39;-3
4496;Mannen en Vrouwen;87 jaar;2028;36;35;1
4497;Mannen en Vrouwen;87 jaar;2029;37;40;-3
4498;Mannen en Vrouwen;87 jaar;2030;39;40;-1
4499;Mannen en Vrouwen;87 jaar;2031;41;43;-2
4500;Mannen en Vrouwen;87 jaar;2032;39;46;-7
4501;Mannen en Vrouwen;87 jaar;2033;51;50;1
4502;Mannen en Vrouwen;87 jaar;2034;49;52;-3
4503;Mannen en Vrouwen;87 jaar;2035;47;54;-7
4504;Mannen en Vrouwen;87 jaar;2036;47;54;-7
4505;Mannen en Vrouwen;87 jaar;2037;47;60;-13
4506;Mannen en Vrouwen;87 jaar;2038;47;55;-8
4507;Mannen en Vrouwen;87 jaar;2039;47;62;-15
4508;Mannen en Vrouwen;87 jaar;2040;47;64;-17
4509;Mannen en Vrouwen;87 jaar;2041;48;69;-21
4510;Mannen en Vrouwen;87 jaar;2042;48;72;-24
4511;Mannen en Vrouwen;87 jaar;2043;49;76;-27
4512;Mannen en Vrouwen;87 jaar;2044;51;78;-27
4513;Mannen en Vrouwen;87 jaar;2045;51;84;-33
4514;Mannen en Vrouwen;87 jaar;2046;53;90;-37
4515;Mannen en Vrouwen;87 jaar;2047;53;102;-49
4516;Mannen en Vrouwen;87 jaar;2048;55;100;-45
4517;Mannen en Vrouwen;87 jaar;2049;55;110;-55
4518;Mannen en Vrouwen;87 jaar;2050;56;116;-60
4519;Mannen en Vrouwen;87 jaar;2051;57;124;-67
4520;Mannen en Vrouwen;87 jaar;2052;58;126;-68
4521;Mannen en Vrouwen;87 jaar;2053;56;130;-74
4522;Mannen en Vrouwen;87 jaar;2054;58;126;-68
4523;Mannen en Vrouwen;87 jaar;2055;58;139;-81
4524;Mannen en Vrouwen;87 jaar;2056;60;145;-85
4525;Mannen en Vrouwen;87 jaar;2057;58;152;-94
4526;Mannen en Vrouwen;87 jaar;2058;57;153;-96
4527;Mannen en Vrouwen;87 jaar;2059;53;153;-100
4528;Mannen en Vrouwen;87 jaar;2060;51;154;-103
4529;Mannen en Vrouwen;87 jaar;2061;49;156;-107
4530;Mannen en Vrouwen;87 jaar;2062;47;150;-103
4531;Mannen en Vrouwen;87 jaar;2063;47;150;-103
4532;Mannen en Vrouwen;87 jaar;2064;47;155;-108
4533;Mannen en Vrouwen;87 jaar;2065;48;160;-112
4534;Mannen en Vrouwen;87 jaar;2066;48;162;-114
4535;Mannen en Vrouwen;87 jaar;2067;49;165;-116
4536;Mannen en Vrouwen;87 jaar;2068;49;168;-119
4537;Mannen en Vrouwen;87 jaar;2069;50;173;-123
4538;Mannen en Vrouwen;87 jaar;2070;50;177;-127
4539;Mannen en Vrouwen;88 jaar;2020;15;13;2
4540;Mannen en Vrouwen;88 jaar;2021;17;17;0
4541;Mannen en Vrouwen;88 jaar;2022;17;18;-1
4542;Mannen en Vrouwen;88 jaar;2023;18;20;-2
4543;Mannen en Vrouwen;88 jaar;2024;19;23;-4
4544;Mannen en Vrouwen;88 jaar;2025;19;26;-7
4545;Mannen en Vrouwen;88 jaar;2026;20;29;-9
4546;Mannen en Vrouwen;88 jaar;2027;20;30;-10
4547;Mannen en Vrouwen;88 jaar;2028;20;36;-16
4548;Mannen en Vrouwen;88 jaar;2029;20;33;-13
4549;Mannen en Vrouwen;88 jaar;2030;21;36;-15
4550;Mannen en Vrouwen;88 jaar;2031;22;36;-14
4551;Mannen en Vrouwen;88 jaar;2032;23;39;-16
4552;Mannen en Vrouwen;88 jaar;2033;22;42;-20
4553;Mannen en Vrouwen;88 jaar;2034;27;45;-18
4554;Mannen en Vrouwen;88 jaar;2035;27;46;-19
4555;Mannen en Vrouwen;88 jaar;2036;25;49;-24
4556;Mannen en Vrouwen;88 jaar;2037;25;49;-24
4557;Mannen en Vrouwen;88 jaar;2038;25;54;-29
4558;Mannen en Vrouwen;88 jaar;2039;25;50;-25
4559;Mannen en Vrouwen;88 jaar;2040;27;55;-28
4560;Mannen en Vrouwen;88 jaar;2041;27;56;-29
4561;Mannen en Vrouwen;88 jaar;2042;27;61;-34
4562;Mannen en Vrouwen;88 jaar;2043;27;64;-37
4563;Mannen en Vrouwen;88 jaar;2044;27;68;-41
4564;Mannen en Vrouwen;88 jaar;2045;28;68;-40
4565;Mannen en Vrouwen;88 jaar;2046;29;74;-45
4566;Mannen en Vrouwen;88 jaar;2047;29;80;-51
4567;Mannen en Vrouwen;88 jaar;2048;29;92;-63
4568;Mannen en Vrouwen;88 jaar;2049;30;89;-59
4569;Mannen en Vrouwen;88 jaar;2050;30;99;-69
4570;Mannen en Vrouwen;88 jaar;2051;30;104;-74
4571;Mannen en Vrouwen;88 jaar;2052;30;113;-83
4572;Mannen en Vrouwen;88 jaar;2053;30;115;-85
4573;Mannen en Vrouwen;88 jaar;2054;30;118;-88
4574;Mannen en Vrouwen;88 jaar;2055;30;113;-83
4575;Mannen en Vrouwen;88 jaar;2056;30;124;-94
4576;Mannen en Vrouwen;88 jaar;2057;32;131;-99
4577;Mannen en Vrouwen;88 jaar;2058;32;138;-106
4578;Mannen en Vrouwen;88 jaar;2059;30;138;-108
4579;Mannen en Vrouwen;88 jaar;2060;30;138;-108
4580;Mannen en Vrouwen;88 jaar;2061;28;138;-110
4581;Mannen en Vrouwen;88 jaar;2062;28;139;-111
4582;Mannen en Vrouwen;88 jaar;2063;27;134;-107
4583;Mannen en Vrouwen;88 jaar;2064;27;132;-105
4584;Mannen en Vrouwen;88 jaar;2065;26;137;-111
4585;Mannen en Vrouwen;88 jaar;2066;27;140;-113
4586;Mannen en Vrouwen;88 jaar;2067;27;141;-114
4587;Mannen en Vrouwen;88 jaar;2068;27;143;-116
4588;Mannen en Vrouwen;88 jaar;2069;27;146;-119
4589;Mannen en Vrouwen;88 jaar;2070;27;148;-121
4590;Mannen en Vrouwen;89 jaar;2020;9;9;0
4591;Mannen en Vrouwen;89 jaar;2021;10;12;-2
4592;Mannen en Vrouwen;89 jaar;2022;12;13;-1
4593;Mannen en Vrouwen;89 jaar;2023;12;14;-2
4594;Mannen en Vrouwen;89 jaar;2024;12;15;-3
4595;Mannen en Vrouwen;89 jaar;2025;12;18;-6
4596;Mannen en Vrouwen;89 jaar;2026;12;20;-8
4597;Mannen en Vrouwen;89 jaar;2027;12;22;-10
4598;Mannen en Vrouwen;89 jaar;2028;12;23;-11
4599;Mannen en Vrouwen;89 jaar;2029;11;27;-16
4600;Mannen en Vrouwen;89 jaar;2030;11;24;-13
4601;Mannen en Vrouwen;89 jaar;2031;11;28;-17
4602;Mannen en Vrouwen;89 jaar;2032;12;28;-16
4603;Mannen en Vrouwen;89 jaar;2033;12;30;-18
4604;Mannen en Vrouwen;89 jaar;2034;12;31;-19
4605;Mannen en Vrouwen;89 jaar;2035;14;34;-20
4606;Mannen en Vrouwen;89 jaar;2036;14;35;-21
4607;Mannen en Vrouwen;89 jaar;2037;14;37;-23
4608;Mannen en Vrouwen;89 jaar;2038;14;36;-22
4609;Mannen en Vrouwen;89 jaar;2039;14;40;-26
4610;Mannen en Vrouwen;89 jaar;2040;14;37;-23
4611;Mannen en Vrouwen;89 jaar;2041;14;40;-26
4612;Mannen en Vrouwen;89 jaar;2042;14;40;-26
4613;Mannen en Vrouwen;89 jaar;2043;14;43;-29
4614;Mannen en Vrouwen;89 jaar;2044;14;45;-31
4615;Mannen en Vrouwen;89 jaar;2045;14;48;-34
4616;Mannen en Vrouwen;89 jaar;2046;14;48;-34
4617;Mannen en Vrouwen;89 jaar;2047;14;53;-39
4618;Mannen en Vrouwen;89 jaar;2048;15;57;-42
4619;Mannen en Vrouwen;89 jaar;2049;15;66;-51
4620;Mannen en Vrouwen;89 jaar;2050;16;64;-48
4621;Mannen en Vrouwen;89 jaar;2051;16;70;-54
4622;Mannen en Vrouwen;89 jaar;2052;16;73;-57
4623;Mannen en Vrouwen;89 jaar;2053;16;80;-64
4624;Mannen en Vrouwen;89 jaar;2054;16;82;-66
4625;Mannen en Vrouwen;89 jaar;2055;16;84;-68
4626;Mannen en Vrouwen;89 jaar;2056;16;80;-64
4627;Mannen en Vrouwen;89 jaar;2057;16;88;-72
4628;Mannen en Vrouwen;89 jaar;2058;16;93;-77
4629;Mannen en Vrouwen;89 jaar;2059;16;98;-82
4630;Mannen en Vrouwen;89 jaar;2060;16;100;-84
4631;Mannen en Vrouwen;89 jaar;2061;16;99;-83
4632;Mannen en Vrouwen;89 jaar;2062;14;100;-86
4633;Mannen en Vrouwen;89 jaar;2063;14;101;-87
4634;Mannen en Vrouwen;89 jaar;2064;14;96;-82
4635;Mannen en Vrouwen;89 jaar;2065;14;96;-82
4636;Mannen en Vrouwen;89 jaar;2066;14;99;-85
4637;Mannen en Vrouwen;89 jaar;2067;14;101;-87
4638;Mannen en Vrouwen;89 jaar;2068;14;102;-88
4639;Mannen en Vrouwen;89 jaar;2069;14;103;-89
4640;Mannen en Vrouwen;89 jaar;2070;14;105;-91
4641;Mannen en Vrouwen;90 jaar;2020;6;8;-2
4642;Mannen en Vrouwen;90 jaar;2021;8;8;0
4643;Mannen en Vrouwen;90 jaar;2022;8;9;-1
4644;Mannen en Vrouwen;90 jaar;2023;9;10;-1
4645;Mannen en Vrouwen;90 jaar;2024;9;11;-2
4646;Mannen en Vrouwen;90 jaar;2025;9;12;-3
4647;Mannen en Vrouwen;90 jaar;2026;9;13;-4
4648;Mannen en Vrouwen;90 jaar;2027;9;15;-6
4649;Mannen en Vrouwen;90 jaar;2028;9;16;-7
4650;Mannen en Vrouwen;90 jaar;2029;9;17;-8
4651;Mannen en Vrouwen;90 jaar;2030;9;21;-12
4652;Mannen en Vrouwen;90 jaar;2031;9;18;-9
4653;Mannen en Vrouwen;90 jaar;2032;9;21;-12
4654;Mannen en Vrouwen;90 jaar;2033;9;21;-12
4655;Mannen en Vrouwen;90 jaar;2034;9;23;-14
4656;Mannen en Vrouwen;90 jaar;2035;9;24;-15
4657;Mannen en Vrouwen;90 jaar;2036;10;27;-17
4658;Mannen en Vrouwen;90 jaar;2037;10;26;-16
4659;Mannen en Vrouwen;90 jaar;2038;10;27;-17
4660;Mannen en Vrouwen;90 jaar;2039;10;26;-16
4661;Mannen en Vrouwen;90 jaar;2040;9;28;-19
4662;Mannen en Vrouwen;90 jaar;2041;9;26;-17
4663;Mannen en Vrouwen;90 jaar;2042;9;29;-20
4664;Mannen en Vrouwen;90 jaar;2043;9;30;-21
4665;Mannen en Vrouwen;90 jaar;2044;9;31;-22
4666;Mannen en Vrouwen;90 jaar;2045;9;33;-24
4667;Mannen en Vrouwen;90 jaar;2046;10;34;-24
4668;Mannen en Vrouwen;90 jaar;2047;10;35;-25
4669;Mannen en Vrouwen;90 jaar;2048;10;38;-28
4670;Mannen en Vrouwen;90 jaar;2049;10;41;-31
4671;Mannen en Vrouwen;90 jaar;2050;10;46;-36
4672;Mannen en Vrouwen;90 jaar;2051;10;45;-35
4673;Mannen en Vrouwen;90 jaar;2052;10;49;-39
4674;Mannen en Vrouwen;90 jaar;2053;10;52;-42
4675;Mannen en Vrouwen;90 jaar;2054;10;56;-46
4676;Mannen en Vrouwen;90 jaar;2055;10;57;-47
4677;Mannen en Vrouwen;90 jaar;2056;10;59;-49
4678;Mannen en Vrouwen;90 jaar;2057;10;58;-48
4679;Mannen en Vrouwen;90 jaar;2058;10;62;-52
4680;Mannen en Vrouwen;90 jaar;2059;10;66;-56
4681;Mannen en Vrouwen;90 jaar;2060;10;68;-58
4682;Mannen en Vrouwen;90 jaar;2061;10;69;-59
4683;Mannen en Vrouwen;90 jaar;2062;10;69;-59
4684;Mannen en Vrouwen;90 jaar;2063;10;69;-59
4685;Mannen en Vrouwen;90 jaar;2064;10;70;-60
4686;Mannen en Vrouwen;90 jaar;2065;9;68;-59
4687;Mannen en Vrouwen;90 jaar;2066;9;68;-59
4688;Mannen en Vrouwen;90 jaar;2067;9;71;-62
4689;Mannen en Vrouwen;90 jaar;2068;9;72;-63
4690;Mannen en Vrouwen;90 jaar;2069;9;74;-65
4691;Mannen en Vrouwen;90 jaar;2070;9;74;-65
4692;Mannen en Vrouwen;91 jaar;2020;0;0;0
4693;Mannen en Vrouwen;91 jaar;2021;0;0;0
4694;Mannen en Vrouwen;91 jaar;2022;0;0;0
4695;Mannen en Vrouwen;91 jaar;2023;0;0;0
4696;Mannen en Vrouwen;91 jaar;2024;0;0;0
4697;Mannen en Vrouwen;91 jaar;2025;0;0;0
4698;Mannen en Vrouwen;91 jaar;2026;0;0;0
4699;Mannen en Vrouwen;91 jaar;2027;0;0;0
4700;Mannen en Vrouwen;91 jaar;2028;0;0;0
4701;Mannen en Vrouwen;91 jaar;2029;0;0;0
4702;Mannen en Vrouwen;91 jaar;2030;0;0;0
4703;Mannen en Vrouwen;91 jaar;2031;0;0;0
4704;Mannen en Vrouwen;91 jaar;2032;0;0;0
4705;Mannen en Vrouwen;91 jaar;2033;0;0;0
4706;Mannen en Vrouwen;91 jaar;2034;0;0;0
4707;Mannen en Vrouwen;91 jaar;2035;0;0;0
4708;Mannen en Vrouwen;91 jaar;2036;0;0;0
4709;Mannen en Vrouwen;91 jaar;2037;0;0;0
4710;Mannen en Vrouwen;91 jaar;2038;0;0;0
4711;Mannen en Vrouwen;91 jaar;2039;0;0;0
4712;Mannen en Vrouwen;91 jaar;2040;0;0;0
4713;Mannen en Vrouwen;91 jaar;2041;0;0;0
4714;Mannen en Vrouwen;91 jaar;2042;0;0;0
4715;Mannen en Vrouwen;91 jaar;2043;0;0;0
4716;Mannen en Vrouwen;91 jaar;2044;0;0;0
4717;Mannen en Vrouwen;91 jaar;2045;0;0;0
4718;Mannen en Vrouwen;91 jaar;2046;0;0;0
4719;Mannen en Vrouwen;91 jaar;2047;0;0;0
4720;Mannen en Vrouwen;91 jaar;2048;0;0;0
4721;Mannen en Vrouwen;91 jaar;2049;0;0;0
4722;Mannen en Vrouwen;91 jaar;2050;0;0;0
4723;Mannen en Vrouwen;91 jaar;2051;0;0;0
4724;Mannen en Vrouwen;91 jaar;2052;0;0;0
4725;Mannen en Vrouwen;91 jaar;2053;0;0;0
4726;Mannen en Vrouwen;91 jaar;2054;0;0;0
4727;Mannen en Vrouwen;91 jaar;2055;0;0;0
4728;Mannen en Vrouwen;91 jaar;2056;0;0;0
4729;Mannen en Vrouwen;91 jaar;2057;0;0;0
4730;Mannen en Vrouwen;91 jaar;2058;0;0;0
4731;Mannen en Vrouwen;91 jaar;2059;0;0;0
4732;Mannen en Vrouwen;91 jaar;2060;0;0;0
4733;Mannen en Vrouwen;91 jaar;2061;0;0;0
4734;Mannen en Vrouwen;91 jaar;2062;0;0;0
4735;Mannen en Vrouwen;91 jaar;2063;0;0;0
4736;Mannen en Vrouwen;91 jaar;2064;0;0;0
4737;Mannen en Vrouwen;91 jaar;2065;0;0;0
4738;Mannen en Vrouwen;91 jaar;2066;0;0;0
4739;Mannen en Vrouwen;91 jaar;2067;0;0;0
4740;Mannen en Vrouwen;91 jaar;2068;0;0;0
4741;Mannen en Vrouwen;91 jaar;2069;0;0;0
4742;Mannen en Vrouwen;91 jaar;2070;0;0;0
4743;Mannen en Vrouwen;92 jaar;2020;0;0;0
4744;Mannen en Vrouwen;92 jaar;2021;0;0;0
4745;Mannen en Vrouwen;92 jaar;2022;0;0;0
4746;Mannen en Vrouwen;92 jaar;2023;0;0;0
4747;Mannen en Vrouwen;92 jaar;2024;0;0;0
4748;Mannen en Vrouwen;92 jaar;2025;0;0;0
4749;Mannen en Vrouwen;92 jaar;2026;0;0;0
4750;Mannen en Vrouwen;92 jaar;2027;0;0;0
4751;Mannen en Vrouwen;92 jaar;2028;0;0;0
4752;Mannen en Vrouwen;92 jaar;2029;0;0;0
4753;Mannen en Vrouwen;92 jaar;2030;0;0;0
4754;Mannen en Vrouwen;92 jaar;2031;0;0;0
4755;Mannen en Vrouwen;92 jaar;2032;0;0;0
4756;Mannen en Vrouwen;92 jaar;2033;0;0;0
4757;Mannen en Vrouwen;92 jaar;2034;0;0;0
4758;Mannen en Vrouwen;92 jaar;2035;0;0;0
4759;Mannen en Vrouwen;92 jaar;2036;0;0;0
4760;Mannen en Vrouwen;92 jaar;2037;0;0;0
4761;Mannen en Vrouwen;92 jaar;2038;0;0;0
4762;Mannen en Vrouwen;92 jaar;2039;0;0;0
4763;Mannen en Vrouwen;92 jaar;2040;0;0;0
4764;Mannen en Vrouwen;92 jaar;2041;0;0;0
4765;Mannen en Vrouwen;92 jaar;2042;0;0;0
4766;Mannen en Vrouwen;92 jaar;2043;0;0;0
4767;Mannen en Vrouwen;92 jaar;2044;0;0;0
4768;Mannen en Vrouwen;92 jaar;2045;0;0;0
4769;Mannen en Vrouwen;92 jaar;2046;0;0;0
4770;Mannen en Vrouwen;92 jaar;2047;0;0;0
4771;Mannen en Vrouwen;92 jaar;2048;0;0;0
4772;Mannen en Vrouwen;92 jaar;2049;0;0;0
4773;Mannen en Vrouwen;92 jaar;2050;0;0;0
4774;Mannen en Vrouwen;92 jaar;2051;0;0;0
4775;Mannen en Vrouwen;92 jaar;2052;0;0;0
4776;Mannen en Vrouwen;92 jaar;2053;0;0;0
4777;Mannen en Vrouwen;92 jaar;2054;0;0;0
4778;Mannen en Vrouwen;92 jaar;2055;0;0;0
4779;Mannen en Vrouwen;92 jaar;2056;0;0;0
4780;Mannen en Vrouwen;92 jaar;2057;0;0;0
4781;Mannen en Vrouwen;92 jaar;2058;0;0;0
4782;Mannen en Vrouwen;92 jaar;2059;0;0;0
4783;Mannen en Vrouwen;92 jaar;2060;0;0;0
4784;Mannen en Vrouwen;92 jaar;2061;0;0;0
4785;Mannen en Vrouwen;92 jaar;2062;0;0;0
4786;Mannen en Vrouwen;92 jaar;2063;0;0;0
4787;Mannen en Vrouwen;92 jaar;2064;0;0;0
4788;Mannen en Vrouwen;92 jaar;2065;0;0;0
4789;Mannen en Vrouwen;92 jaar;2066;0;0;0
4790;Mannen en Vrouwen;92 jaar;2067;0;0;0
4791;Mannen en Vrouwen;92 jaar;2068;0;0;0
4792;Mannen en Vrouwen;92 jaar;2069;0;0;0
4793;Mannen en Vrouwen;92 jaar;2070;0;0;0
4794;Mannen en Vrouwen;93 jaar;2020;0;0;0
4795;Mannen en Vrouwen;93 jaar;2021;0;0;0
4796;Mannen en Vrouwen;93 jaar;2022;0;0;0
4797;Mannen en Vrouwen;93 jaar;2023;0;0;0
4798;Mannen en Vrouwen;93 jaar;2024;0;0;0
4799;Mannen en Vrouwen;93 jaar;2025;0;0;0
4800;Mannen en Vrouwen;93 jaar;2026;0;0;0
4801;Mannen en Vrouwen;93 jaar;2027;0;0;0
4802;Mannen en Vrouwen;93 jaar;2028;0;0;0
4803;Mannen en Vrouwen;93 jaar;2029;0;0;0
4804;Mannen en Vrouwen;93 jaar;2030;0;0;0
4805;Mannen en Vrouwen;93 jaar;2031;0;0;0
4806;Mannen en Vrouwen;93 jaar;2032;0;0;0
4807;Mannen en Vrouwen;93 jaar;2033;0;0;0
4808;Mannen en Vrouwen;93 jaar;2034;0;0;0
4809;Mannen en Vrouwen;93 jaar;2035;0;0;0
4810;Mannen en Vrouwen;93 jaar;2036;0;0;0
4811;Mannen en Vrouwen;93 jaar;2037;0;0;0
4812;Mannen en Vrouwen;93 jaar;2038;0;0;0
4813;Mannen en Vrouwen;93 jaar;2039;0;0;0
4814;Mannen en Vrouwen;93 jaar;2040;0;0;0
4815;Mannen en Vrouwen;93 jaar;2041;0;0;0
4816;Mannen en Vrouwen;93 jaar;2042;0;0;0
4817;Mannen en Vrouwen;93 jaar;2043;0;0;0
4818;Mannen en Vrouwen;93 jaar;2044;0;0;0
4819;Mannen en Vrouwen;93 jaar;2045;0;0;0
4820;Mannen en Vrouwen;93 jaar;2046;0;0;0
4821;Mannen en Vrouwen;93 jaar;2047;0;0;0
4822;Mannen en Vrouwen;93 jaar;2048;0;0;0
4823;Mannen en Vrouwen;93 jaar;2049;0;0;0
4824;Mannen en Vrouwen;93 jaar;2050;0;0;0
4825;Mannen en Vrouwen;93 jaar;2051;0;0;0
4826;Mannen en Vrouwen;93 jaar;2052;0;0;0
4827;Mannen en Vrouwen;93 jaar;2053;0;0;0
4828;Mannen en Vrouwen;93 jaar;2054;0;0;0
4829;Mannen en Vrouwen;93 jaar;2055;0;0;0
4830;Mannen en Vrouwen;93 jaar;2056;0;0;0
4831;Mannen en Vrouwen;93 jaar;2057;0;0;0
4832;Mannen en Vrouwen;93 jaar;2058;0;0;0
4833;Mannen en Vrouwen;93 jaar;2059;0;0;0
4834;Mannen en Vrouwen;93 jaar;2060;0;0;0
4835;Mannen en Vrouwen;93 jaar;2061;0;0;0
4836;Mannen en Vrouwen;93 jaar;2062;0;0;0
4837;Mannen en Vrouwen;93 jaar;2063;0;0;0
4838;Mannen en Vrouwen;93 jaar;2064;0;0;0
4839;Mannen en Vrouwen;93 jaar;2065;0;0;0
4840;Mannen en Vrouwen;93 jaar;2066;0;0;0
4841;Mannen en Vrouwen;93 jaar;2067;0;0;0
4842;Mannen en Vrouwen;93 jaar;2068;0;0;0
4843;Mannen en Vrouwen;93 jaar;2069;0;0;0
4844;Mannen en Vrouwen;93 jaar;2070;0;0;0
4845;Mannen en Vrouwen;94 jaar;2020;0;0;0
4846;Mannen en Vrouwen;94 jaar;2021;0;0;0
4847;Mannen en Vrouwen;94 jaar;2022;0;0;0
4848;Mannen en Vrouwen;94 jaar;2023;0;0;0
4849;Mannen en Vrouwen;94 jaar;2024;0;0;0
4850;Mannen en Vrouwen;94 jaar;2025;0;0;0
4851;Mannen en Vrouwen;94 jaar;2026;0;0;0
4852;Mannen en Vrouwen;94 jaar;2027;0;0;0
4853;Mannen en Vrouwen;94 jaar;2028;0;0;0
4854;Mannen en Vrouwen;94 jaar;2029;0;0;0
4855;Mannen en Vrouwen;94 jaar;2030;0;0;0
4856;Mannen en Vrouwen;94 jaar;2031;0;0;0
4857;Mannen en Vrouwen;94 jaar;2032;0;0;0
4858;Mannen en Vrouwen;94 jaar;2033;0;0;0
4859;Mannen en Vrouwen;94 jaar;2034;0;0;0
4860;Mannen en Vrouwen;94 jaar;2035;0;0;0
4861;Mannen en Vrouwen;94 jaar;2036;0;0;0
4862;Mannen en Vrouwen;94 jaar;2037;0;0;0
4863;Mannen en Vrouwen;94 jaar;2038;0;0;0
4864;Mannen en Vrouwen;94 jaar;2039;0;0;0
4865;Mannen en Vrouwen;94 jaar;2040;0;0;0
4866;Mannen en Vrouwen;94 jaar;2041;0;0;0
4867;Mannen en Vrouwen;94 jaar;2042;0;0;0
4868;Mannen en Vrouwen;94 jaar;2043;0;0;0
4869;Mannen en Vrouwen;94 jaar;2044;0;0;0
4870;Mannen en Vrouwen;94 jaar;2045;0;0;0
4871;Mannen en Vrouwen;94 jaar;2046;0;0;0
4872;Mannen en Vrouwen;94 jaar;2047;0;0;0
4873;Mannen en Vrouwen;94 jaar;2048;0;0;0
4874;Mannen en Vrouwen;94 jaar;2049;0;0;0
4875;Mannen en Vrouwen;94 jaar;2050;0;0;0
4876;Mannen en Vrouwen;94 jaar;2051;0;0;0
4877;Mannen en Vrouwen;94 jaar;2052;0;0;0
4878;Mannen en Vrouwen;94 jaar;2053;0;0;0
4879;Mannen en Vrouwen;94 jaar;2054;0;0;0
4880;Mannen en Vrouwen;94 jaar;2055;0;0;0
4881;Mannen en Vrouwen;94 jaar;2056;0;0;0
4882;Mannen en Vrouwen;94 jaar;2057;0;0;0
4883;Mannen en Vrouwen;94 jaar;2058;0;0;0
4884;Mannen en Vrouwen;94 jaar;2059;0;0;0
4885;Mannen en Vrouwen;94 jaar;2060;0;0;0
4886;Mannen en Vrouwen;94 jaar;2061;0;0;0
4887;Mannen en Vrouwen;94 jaar;2062;0;0;0
4888;Mannen en Vrouwen;94 jaar;2063;0;0;0
4889;Mannen en Vrouwen;94 jaar;2064;0;0;0
4890;Mannen en Vrouwen;94 jaar;2065;0;0;0
4891;Mannen en Vrouwen;94 jaar;2066;0;0;0
4892;Mannen en Vrouwen;94 jaar;2067;0;0;0
4893;Mannen en Vrouwen;94 jaar;2068;0;0;0
4894;Mannen en Vrouwen;94 jaar;2069;0;0;0
4895;Mannen en Vrouwen;94 jaar;2070;0;0;0
4896;Mannen en Vrouwen;95 jaar;2020;0;0;0
4897;Mannen en Vrouwen;95 jaar;2021;0;0;0
4898;Mannen en Vrouwen;95 jaar;2022;0;0;0
4899;Mannen en Vrouwen;95 jaar;2023;0;0;0
4900;Mannen en Vrouwen;95 jaar;2024;0;0;0
4901;Mannen en Vrouwen;95 jaar;2025;0;0;0
4902;Mannen en Vrouwen;95 jaar;2026;0;0;0
4903;Mannen en Vrouwen;95 jaar;2027;0;0;0
4904;Mannen en Vrouwen;95 jaar;2028;0;0;0
4905;Mannen en Vrouwen;95 jaar;2029;0;0;0
4906;Mannen en Vrouwen;95 jaar;2030;0;0;0
4907;Mannen en Vrouwen;95 jaar;2031;0;0;0
4908;Mannen en Vrouwen;95 jaar;2032;0;0;0
4909;Mannen en Vrouwen;95 jaar;2033;0;0;0
4910;Mannen en Vrouwen;95 jaar;2034;0;0;0
4911;Mannen en Vrouwen;95 jaar;2035;0;0;0
4912;Mannen en Vrouwen;95 jaar;2036;0;0;0
4913;Mannen en Vrouwen;95 jaar;2037;0;0;0
4914;Mannen en Vrouwen;95 jaar;2038;0;0;0
4915;Mannen en Vrouwen;95 jaar;2039;0;0;0
4916;Mannen en Vrouwen;95 jaar;2040;0;0;0
4917;Mannen en Vrouwen;95 jaar;2041;0;0;0
4918;Mannen en Vrouwen;95 jaar;2042;0;0;0
4919;Mannen en Vrouwen;95 jaar;2043;0;0;0
4920;Mannen en Vrouwen;95 jaar;2044;0;0;0
4921;Mannen en Vrouwen;95 jaar;2045;0;0;0
4922;Mannen en Vrouwen;95 jaar;2046;0;0;0
4923;Mannen en Vrouwen;95 jaar;2047;0;0;0
4924;Mannen en Vrouwen;95 jaar;2048;0;0;0
4925;Mannen en Vrouwen;95 jaar;2049;0;0;0
4926;Mannen en Vrouwen;95 jaar;2050;0;0;0
4927;Mannen en Vrouwen;95 jaar;2051;0;0;0
4928;Mannen en Vrouwen;95 jaar;2052;0;0;0
4929;Mannen en Vrouwen;95 jaar;2053;0;0;0
4930;Mannen en Vrouwen;95 jaar;2054;0;0;0
4931;Mannen en Vrouwen;95 jaar;2055;0;0;0
4932;Mannen en Vrouwen;95 jaar;2056;0;0;0
4933;Mannen en Vrouwen;95 jaar;2057;0;0;0
4934;Mannen en Vrouwen;95 jaar;2058;0;0;0
4935;Mannen en Vrouwen;95 jaar;2059;0;0;0
4936;Mannen en Vrouwen;95 jaar;2060;0;0;0
4937;Mannen en Vrouwen;95 jaar;2061;0;0;0
4938;Mannen en Vrouwen;95 jaar;2062;0;0;0
4939;Mannen en Vrouwen;95 jaar;2063;0;0;0
4940;Mannen en Vrouwen;95 jaar;2064;0;0;0
4941;Mannen en Vrouwen;95 jaar;2065;0;0;0
4942;Mannen en Vrouwen;95 jaar;2066;0;0;0
4943;Mannen en Vrouwen;95 jaar;2067;0;0;0
4944;Mannen en Vrouwen;95 jaar;2068;0;0;0
4945;Mannen en Vrouwen;95 jaar;2069;0;0;0
4946;Mannen en Vrouwen;95 jaar;2070;0;0;0
4947;Mannen en Vrouwen;96 jaar;2020;0;0;0
4948;Mannen en Vrouwen;96 jaar;2021;0;0;0
4949;Mannen en Vrouwen;96 jaar;2022;0;0;0
4950;Mannen en Vrouwen;96 jaar;2023;0;0;0
4951;Mannen en Vrouwen;96 jaar;2024;0;0;0
4952;Mannen en Vrouwen;96 jaar;2025;0;0;0
4953;Mannen en Vrouwen;96 jaar;2026;0;0;0
4954;Mannen en Vrouwen;96 jaar;2027;0;0;0
4955;Mannen en Vrouwen;96 jaar;2028;0;0;0
4956;Mannen en Vrouwen;96 jaar;2029;0;0;0
4957;Mannen en Vrouwen;96 jaar;2030;0;0;0
4958;Mannen en Vrouwen;96 jaar;2031;0;0;0
4959;Mannen en Vrouwen;96 jaar;2032;0;0;0
4960;Mannen en Vrouwen;96 jaar;2033;0;0;0
4961;Mannen en Vrouwen;96 jaar;2034;0;0;0
4962;Mannen en Vrouwen;96 jaar;2035;0;0;0
4963;Mannen en Vrouwen;96 jaar;2036;0;0;0
4964;Mannen en Vrouwen;96 jaar;2037;0;0;0
4965;Mannen en Vrouwen;96 jaar;2038;0;0;0
4966;Mannen en Vrouwen;96 jaar;2039;0;0;0
4967;Mannen en Vrouwen;96 jaar;2040;0;0;0
4968;Mannen en Vrouwen;96 jaar;2041;0;0;0
4969;Mannen en Vrouwen;96 jaar;2042;0;0;0
4970;Mannen en Vrouwen;96 jaar;2043;0;0;0
4971;Mannen en Vrouwen;96 jaar;2044;0;0;0
4972;Mannen en Vrouwen;96 jaar;2045;0;0;0
4973;Mannen en Vrouwen;96 jaar;2046;0;0;0
4974;Mannen en Vrouwen;96 jaar;2047;0;0;0
4975;Mannen en Vrouwen;96 jaar;2048;0;0;0
4976;Mannen en Vrouwen;96 jaar;2049;0;0;0
4977;Mannen en Vrouwen;96 jaar;2050;0;0;0
4978;Mannen en Vrouwen;96 jaar;2051;0;0;0
4979;Mannen en Vrouwen;96 jaar;2052;0;0;0
4980;Mannen en Vrouwen;96 jaar;2053;0;0;0
4981;Mannen en Vrouwen;96 jaar;2054;0;0;0
4982;Mannen en Vrouwen;96 jaar;2055;0;0;0
4983;Mannen en Vrouwen;96 jaar;2056;0;0;0
4984;Mannen en Vrouwen;96 jaar;2057;0;0;0
4985;Mannen en Vrouwen;96 jaar;2058;0;0;0
4986;Mannen en Vrouwen;96 jaar;2059;0;0;0
4987;Mannen en Vrouwen;96 jaar;2060;0;0;0
4988;Mannen en Vrouwen;96 jaar;2061;0;0;0
4989;Mannen en Vrouwen;96 jaar;2062;0;0;0
4990;Mannen en Vrouwen;96 jaar;2063;0;0;0
4991;Mannen en Vrouwen;96 jaar;2064;0;0;0
4992;Mannen en Vrouwen;96 jaar;2065;0;0;0
4993;Mannen en Vrouwen;96 jaar;2066;0;0;0
4994;Mannen en Vrouwen;96 jaar;2067;0;0;0
4995;Mannen en Vrouwen;96 jaar;2068;0;0;0
4996;Mannen en Vrouwen;96 jaar;2069;0;0;0
4997;Mannen en Vrouwen;96 jaar;2070;0;0;0
4998;Mannen en Vrouwen;97 jaar;2020;0;0;0
4999;Mannen en Vrouwen;97 jaar;2021;0;0;0
5000;Mannen en Vrouwen;97 jaar;2022;0;0;0
5001;Mannen en Vrouwen;97 jaar;2023;0;0;0
5002;Mannen en Vrouwen;97 jaar;2024;0;0;0
5003;Mannen en Vrouwen;97 jaar;2025;0;0;0
5004;Mannen en Vrouwen;97 jaar;2026;0;0;0
5005;Mannen en Vrouwen;97 jaar;2027;0;0;0
5006;Mannen en Vrouwen;97 jaar;2028;0;0;0
5007;Mannen en Vrouwen;97 jaar;2029;0;0;0
5008;Mannen en Vrouwen;97 jaar;2030;0;0;0
5009;Mannen en Vrouwen;97 jaar;2031;0;0;0
5010;Mannen en Vrouwen;97 jaar;2032;0;0;0
5011;Mannen en Vrouwen;97 jaar;2033;0;0;0
5012;Mannen en Vrouwen;97 jaar;2034;0;0;0
5013;Mannen en Vrouwen;97 jaar;2035;0;0;0
5014;Mannen en Vrouwen;97 jaar;2036;0;0;0
5015;Mannen en Vrouwen;97 jaar;2037;0;0;0
5016;Mannen en Vrouwen;97 jaar;2038;0;0;0
5017;Mannen en Vrouwen;97 jaar;2039;0;0;0
5018;Mannen en Vrouwen;97 jaar;2040;0;0;0
5019;Mannen en Vrouwen;97 jaar;2041;0;0;0
5020;Mannen en Vrouwen;97 jaar;2042;0;0;0
5021;Mannen en Vrouwen;97 jaar;2043;0;0;0
5022;Mannen en Vrouwen;97 jaar;2044;0;0;0
5023;Mannen en Vrouwen;97 jaar;2045;0;0;0
5024;Mannen en Vrouwen;97 jaar;2046;0;0;0
5025;Mannen en Vrouwen;97 jaar;2047;0;0;0
5026;Mannen en Vrouwen;97 jaar;2048;0;0;0
5027;Mannen en Vrouwen;97 jaar;2049;0;0;0
5028;Mannen en Vrouwen;97 jaar;2050;0;0;0
5029;Mannen en Vrouwen;97 jaar;2051;0;0;0
5030;Mannen en Vrouwen;97 jaar;2052;0;0;0
5031;Mannen en Vrouwen;97 jaar;2053;0;0;0
5032;Mannen en Vrouwen;97 jaar;2054;0;0;0
5033;Mannen en Vrouwen;97 jaar;2055;0;0;0
5034;Mannen en Vrouwen;97 jaar;2056;0;0;0
5035;Mannen en Vrouwen;97 jaar;2057;0;0;0
5036;Mannen en Vrouwen;97 jaar;2058;0;0;0
5037;Mannen en Vrouwen;97 jaar;2059;0;0;0
5038;Mannen en Vrouwen;97 jaar;2060;0;0;0
5039;Mannen en Vrouwen;97 jaar;2061;0;0;0
5040;Mannen en Vrouwen;97 jaar;2062;0;0;0
5041;Mannen en Vrouwen;97 jaar;2063;0;0;0
5042;Mannen en Vrouwen;97 jaar;2064;0;0;0
5043;Mannen en Vrouwen;97 jaar;2065;0;0;0
5044;Mannen en Vrouwen;97 jaar;2066;0;0;0
5045;Mannen en Vrouwen;97 jaar;2067;0;0;0
5046;Mannen en Vrouwen;97 jaar;2068;0;0;0
5047;Mannen en Vrouwen;97 jaar;2069;0;0;0
5048;Mannen en Vrouwen;97 jaar;2070;0;0;0
5049;Mannen en Vrouwen;98 jaar;2020;0;0;0
5050;Mannen en Vrouwen;98 jaar;2021;0;0;0
5051;Mannen en Vrouwen;98 jaar;2022;0;0;0
5052;Mannen en Vrouwen;98 jaar;2023;0;0;0
5053;Mannen en Vrouwen;98 jaar;2024;0;0;0
5054;Mannen en Vrouwen;98 jaar;2025;0;0;0
5055;Mannen en Vrouwen;98 jaar;2026;0;0;0
5056;Mannen en Vrouwen;98 jaar;2027;0;0;0
5057;Mannen en Vrouwen;98 jaar;2028;0;0;0
5058;Mannen en Vrouwen;98 jaar;2029;0;0;0
5059;Mannen en Vrouwen;98 jaar;2030;0;0;0
5060;Mannen en Vrouwen;98 jaar;2031;0;0;0
5061;Mannen en Vrouwen;98 jaar;2032;0;0;0
5062;Mannen en Vrouwen;98 jaar;2033;0;0;0
5063;Mannen en Vrouwen;98 jaar;2034;0;0;0
5064;Mannen en Vrouwen;98 jaar;2035;0;0;0
5065;Mannen en Vrouwen;98 jaar;2036;0;0;0
5066;Mannen en Vrouwen;98 jaar;2037;0;0;0
5067;Mannen en Vrouwen;98 jaar;2038;0;0;0
5068;Mannen en Vrouwen;98 jaar;2039;0;0;0
5069;Mannen en Vrouwen;98 jaar;2040;0;0;0
5070;Mannen en Vrouwen;98 jaar;2041;0;0;0
5071;Mannen en Vrouwen;98 jaar;2042;0;0;0
5072;Mannen en Vrouwen;98 jaar;2043;0;0;0
5073;Mannen en Vrouwen;98 jaar;2044;0;0;0
5074;Mannen en Vrouwen;98 jaar;2045;0;0;0
5075;Mannen en Vrouwen;98 jaar;2046;0;0;0
5076;Mannen en Vrouwen;98 jaar;2047;0;0;0
5077;Mannen en Vrouwen;98 jaar;2048;0;0;0
5078;Mannen en Vrouwen;98 jaar;2049;0;0;0
5079;Mannen en Vrouwen;98 jaar;2050;0;0;0
5080;Mannen en Vrouwen;98 jaar;2051;0;0;0
5081;Mannen en Vrouwen;98 jaar;2052;0;0;0
5082;Mannen en Vrouwen;98 jaar;2053;0;0;0
5083;Mannen en Vrouwen;98 jaar;2054;0;0;0
5084;Mannen en Vrouwen;98 jaar;2055;0;0;0
5085;Mannen en Vrouwen;98 jaar;2056;0;0;0
5086;Mannen en Vrouwen;98 jaar;2057;0;0;0
5087;Mannen en Vrouwen;98 jaar;2058;0;0;0
5088;Mannen en Vrouwen;98 jaar;2059;0;0;0
5089;Mannen en Vrouwen;98 jaar;2060;0;0;0
5090;Mannen en Vrouwen;98 jaar;2061;0;0;0
5091;Mannen en Vrouwen;98 jaar;2062;0;0;0
5092;Mannen en Vrouwen;98 jaar;2063;0;0;0
5093;Mannen en Vrouwen;98 jaar;2064;0;0;0
5094;Mannen en Vrouwen;98 jaar;2065;0;0;0
5095;Mannen en Vrouwen;98 jaar;2066;0;0;0
5096;Mannen en Vrouwen;98 jaar;2067;0;0;0
5097;Mannen en Vrouwen;98 jaar;2068;0;0;0
5098;Mannen en Vrouwen;98 jaar;2069;0;0;0
5099;Mannen en Vrouwen;98 jaar;2070;0;0;0
5100;Mannen en Vrouwen;99 jaar of ouder;2020;0;0;0
5101;Mannen en Vrouwen;99 jaar of ouder;2021;0;0;0
5102;Mannen en Vrouwen;99 jaar of ouder;2022;0;0;0
5103;Mannen en Vrouwen;99 jaar of ouder;2023;0;0;0
5104;Mannen en Vrouwen;99 jaar of ouder;2024;0;0;0
5105;Mannen en Vrouwen;99 jaar of ouder;2025;0;0;0
5106;Mannen en Vrouwen;99 jaar of ouder;2026;0;0;0
5107;Mannen en Vrouwen;99 jaar of ouder;2027;0;0;0
5108;Mannen en Vrouwen;99 jaar of ouder;2028;0;0;0
5109;Mannen en Vrouwen;99 jaar of ouder;2029;0;0;0
5110;Mannen en Vrouwen;99 jaar of ouder;2030;0;0;0
5111;Mannen en Vrouwen;99 jaar of ouder;2031;0;0;0
5112;Mannen en Vrouwen;99 jaar of ouder;2032;0;0;0
5113;Mannen en Vrouwen;99 jaar of ouder;2033;0;0;0
5114;Mannen en Vrouwen;99 jaar of ouder;2034;0;0;0
5115;Mannen en Vrouwen;99 jaar of ouder;2035;0;0;0
5116;Mannen en Vrouwen;99 jaar of ouder;2036;0;0;0
5117;Mannen en Vrouwen;99 jaar of ouder;2037;0;0;0
5118;Mannen en Vrouwen;99 jaar of ouder;2038;0;0;0
5119;Mannen en Vrouwen;99 jaar of ouder;2039;0;0;0
5120;Mannen en Vrouwen;99 jaar of ouder;2040;0;0;0
5121;Mannen en Vrouwen;99 jaar of ouder;2041;0;0;0
5122;Mannen en Vrouwen;99 jaar of ouder;2042;0;0;0
5123;Mannen en Vrouwen;99 jaar of ouder;2043;0;0;0
5124;Mannen en Vrouwen;99 jaar of ouder;2044;0;0;0
5125;Mannen en Vrouwen;99 jaar of ouder;2045;0;0;0
5126;Mannen en Vrouwen;99 jaar of ouder;2046;0;0;0
5127;Mannen en Vrouwen;99 jaar of ouder;2047;0;0;0
5128;Mannen en Vrouwen;99 jaar of ouder;2048;0;0;0
5129;Mannen en Vrouwen;99 jaar of ouder;2049;0;0;0
5130;Mannen en Vrouwen;99 jaar of ouder;2050;0;0;0
5131;Mannen en Vrouwen;99 jaar of ouder;2051;0;0;0
5132;Mannen en Vrouwen;99 jaar of ouder;2052;0;0;0
5133;Mannen en Vrouwen;99 jaar of ouder;2053;0;0;0
5134;Mannen en Vrouwen;99 jaar of ouder;2054;0;0;0
5135;Mannen en Vrouwen;99 jaar of ouder;2055;0;0;0
5136;Mannen en Vrouwen;99 jaar of ouder;2056;0;0;0
5137;Mannen en Vrouwen;99 jaar of ouder;2057;0;0;0
5138;Mannen en Vrouwen;99 jaar of ouder;2058;0;0;0
5139;Mannen en Vrouwen;99 jaar of ouder;2059;0;0;0
5140;Mannen en Vrouwen;99 jaar of ouder;2060;0;0;0
5141;Mannen en Vrouwen;99 jaar of ouder;2061;0;0;0
5142;Mannen en Vrouwen;99 jaar of ouder;2062;0;0;0
5143;Mannen en Vrouwen;99 jaar of ouder;2063;0;0;0
5144;Mannen en Vrouwen;99 jaar of ouder;2064;0;0;0
5145;Mannen en Vrouwen;99 jaar of ouder;2065;0;0;0
5146;Mannen en Vrouwen;99 jaar of ouder;2066;0;0;0
5147;Mannen en Vrouwen;99 jaar of ouder;2067;0;0;0
5148;Mannen en Vrouwen;99 jaar of ouder;2068;0;0;0
5149;Mannen en Vrouwen;99 jaar of ouder;2069;0;0;0
5150;Mannen en Vrouwen;99 jaar of ouder;2070;0;0;0
5151;Mannen en Vrouwen;0 tot 5 jaar;2020;9260;5504;3756
5152;Mannen en Vrouwen;0 tot 5 jaar;2021;10541;6294;4247
5153;Mannen en Vrouwen;0 tot 5 jaar;2022;12071;6342;5729
5154;Mannen en Vrouwen;0 tot 5 jaar;2023;12406;6669;5737
5155;Mannen en Vrouwen;0 tot 5 jaar;2024;12473;7062;5411
5156;Mannen en Vrouwen;0 tot 5 jaar;2025;12710;7476;5234
5157;Mannen en Vrouwen;0 tot 5 jaar;2026;12875;7819;5056
5158;Mannen en Vrouwen;0 tot 5 jaar;2027;13015;8096;4919
5159;Mannen en Vrouwen;0 tot 5 jaar;2028;13171;8312;4859
5160;Mannen en Vrouwen;0 tot 5 jaar;2029;13200;8477;4723
5161;Mannen en Vrouwen;0 tot 5 jaar;2030;13227;8618;4609
5162;Mannen en Vrouwen;0 tot 5 jaar;2031;13277;8689;4588
5163;Mannen en Vrouwen;0 tot 5 jaar;2032;13305;8727;4578
5164;Mannen en Vrouwen;0 tot 5 jaar;2033;13323;8731;4592
5165;Mannen en Vrouwen;0 tot 5 jaar;2034;13328;8718;4610
5166;Mannen en Vrouwen;0 tot 5 jaar;2035;13321;8700;4621
5167;Mannen en Vrouwen;0 tot 5 jaar;2036;13313;8672;4641
5168;Mannen en Vrouwen;0 tot 5 jaar;2037;13310;8649;4661
5169;Mannen en Vrouwen;0 tot 5 jaar;2038;13297;8619;4678
5170;Mannen en Vrouwen;0 tot 5 jaar;2039;13282;8590;4692
5171;Mannen en Vrouwen;0 tot 5 jaar;2040;13266;8553;4713
5172;Mannen en Vrouwen;0 tot 5 jaar;2041;13254;8515;4739
5173;Mannen en Vrouwen;0 tot 5 jaar;2042;13232;8480;4752
5174;Mannen en Vrouwen;0 tot 5 jaar;2043;13219;8442;4777
5175;Mannen en Vrouwen;0 tot 5 jaar;2044;13202;8409;4793
5176;Mannen en Vrouwen;0 tot 5 jaar;2045;13178;8376;4802
5177;Mannen en Vrouwen;0 tot 5 jaar;2046;13163;8346;4817
5178;Mannen en Vrouwen;0 tot 5 jaar;2047;13145;8319;4826
5179;Mannen en Vrouwen;0 tot 5 jaar;2048;13132;8292;4840
5180;Mannen en Vrouwen;0 tot 5 jaar;2049;13128;8269;4859
5181;Mannen en Vrouwen;0 tot 5 jaar;2050;13121;8247;4874
5182;Mannen en Vrouwen;0 tot 5 jaar;2051;13118;8232;4886
5183;Mannen en Vrouwen;0 tot 5 jaar;2052;13120;8224;4896
5184;Mannen en Vrouwen;0 tot 5 jaar;2053;13120;8218;4902
5185;Mannen en Vrouwen;0 tot 5 jaar;2054;13124;8214;4910
5186;Mannen en Vrouwen;0 tot 5 jaar;2055;13129;8214;4915
5187;Mannen en Vrouwen;0 tot 5 jaar;2056;13137;8223;4914
5188;Mannen en Vrouwen;0 tot 5 jaar;2057;13154;8232;4922
5189;Mannen en Vrouwen;0 tot 5 jaar;2058;13166;8245;4921
5190;Mannen en Vrouwen;0 tot 5 jaar;2059;13179;8262;4917
5191;Mannen en Vrouwen;0 tot 5 jaar;2060;13194;8281;4913
5192;Mannen en Vrouwen;0 tot 5 jaar;2061;13213;8298;4915
5193;Mannen en Vrouwen;0 tot 5 jaar;2062;13228;8316;4912
5194;Mannen en Vrouwen;0 tot 5 jaar;2063;13247;8333;4914
5195;Mannen en Vrouwen;0 tot 5 jaar;2064;13260;8346;4914
5196;Mannen en Vrouwen;0 tot 5 jaar;2065;13264;8356;4908
5197;Mannen en Vrouwen;0 tot 5 jaar;2066;13273;8360;4913
5198;Mannen en Vrouwen;0 tot 5 jaar;2067;13281;8363;4918
5199;Mannen en Vrouwen;0 tot 5 jaar;2068;13292;8358;4934
5200;Mannen en Vrouwen;0 tot 5 jaar;2069;13293;8354;4939
5201;Mannen en Vrouwen;0 tot 5 jaar;2070;13293;8352;4941
5202;Mannen en Vrouwen;5 tot 10 jaar;2020;8375;5214;3161
5203;Mannen en Vrouwen;5 tot 10 jaar;2021;9567;6135;3432
5204;Mannen en Vrouwen;5 tot 10 jaar;2022;10898;6242;4656
5205;Mannen en Vrouwen;5 tot 10 jaar;2023;11182;6605;4577
5206;Mannen en Vrouwen;5 tot 10 jaar;2024;11183;6874;4309
5207;Mannen en Vrouwen;5 tot 10 jaar;2025;11337;7088;4249
5208;Mannen en Vrouwen;5 tot 10 jaar;2026;11385;7244;4141
5209;Mannen en Vrouwen;5 tot 10 jaar;2027;11444;7413;4031
5210;Mannen en Vrouwen;5 tot 10 jaar;2028;11559;7585;3974
5211;Mannen en Vrouwen;5 tot 10 jaar;2029;11590;7771;3819
5212;Mannen en Vrouwen;5 tot 10 jaar;2030;11633;7972;3661
5213;Mannen en Vrouwen;5 tot 10 jaar;2031;11702;8102;3600
5214;Mannen en Vrouwen;5 tot 10 jaar;2032;11771;8204;3567
5215;Mannen en Vrouwen;5 tot 10 jaar;2033;11826;8270;3556
5216;Mannen en Vrouwen;5 tot 10 jaar;2034;11864;8313;3551
5217;Mannen en Vrouwen;5 tot 10 jaar;2035;11916;8346;3570
5218;Mannen en Vrouwen;5 tot 10 jaar;2036;11951;8373;3578
5219;Mannen en Vrouwen;5 tot 10 jaar;2037;11966;8389;3577
5220;Mannen en Vrouwen;5 tot 10 jaar;2038;11974;8388;3586
5221;Mannen en Vrouwen;5 tot 10 jaar;2039;11974;8377;3597
5222;Mannen en Vrouwen;5 tot 10 jaar;2040;11968;8363;3605
5223;Mannen en Vrouwen;5 tot 10 jaar;2041;11958;8342;3616
5224;Mannen en Vrouwen;5 tot 10 jaar;2042;11949;8322;3627
5225;Mannen en Vrouwen;5 tot 10 jaar;2043;11937;8295;3642
5226;Mannen en Vrouwen;5 tot 10 jaar;2044;11923;8266;3657
5227;Mannen en Vrouwen;5 tot 10 jaar;2045;11907;8235;3672
5228;Mannen en Vrouwen;5 tot 10 jaar;2046;11893;8208;3685
5229;Mannen en Vrouwen;5 tot 10 jaar;2047;11878;8174;3704
5230;Mannen en Vrouwen;5 tot 10 jaar;2048;11864;8138;3726
5231;Mannen en Vrouwen;5 tot 10 jaar;2049;11853;8111;3742
5232;Mannen en Vrouwen;5 tot 10 jaar;2050;11845;8079;3766
5233;Mannen en Vrouwen;5 tot 10 jaar;2051;11845;8056;3789
5234;Mannen en Vrouwen;5 tot 10 jaar;2052;11837;8034;3803
5235;Mannen en Vrouwen;5 tot 10 jaar;2053;11827;8012;3815
5236;Mannen en Vrouwen;5 tot 10 jaar;2054;11821;7990;3831
5237;Mannen en Vrouwen;5 tot 10 jaar;2055;11815;7975;3840
5238;Mannen en Vrouwen;5 tot 10 jaar;2056;11811;7962;3849
5239;Mannen en Vrouwen;5 tot 10 jaar;2057;11813;7952;3861
5240;Mannen en Vrouwen;5 tot 10 jaar;2058;11818;7947;3871
5241;Mannen en Vrouwen;5 tot 10 jaar;2059;11827;7947;3880
5242;Mannen en Vrouwen;5 tot 10 jaar;2060;11837;7952;3885
5243;Mannen en Vrouwen;5 tot 10 jaar;2061;11850;7959;3891
5244;Mannen en Vrouwen;5 tot 10 jaar;2062;11859;7970;3889
5245;Mannen en Vrouwen;5 tot 10 jaar;2063;11881;7983;3898
5246;Mannen en Vrouwen;5 tot 10 jaar;2064;11892;7998;3894
5247;Mannen en Vrouwen;5 tot 10 jaar;2065;11910;8015;3895
5248;Mannen en Vrouwen;5 tot 10 jaar;2066;11925;8029;3896
5249;Mannen en Vrouwen;5 tot 10 jaar;2067;11943;8045;3898
5250;Mannen en Vrouwen;5 tot 10 jaar;2068;11954;8057;3897
5251;Mannen en Vrouwen;5 tot 10 jaar;2069;11967;8068;3899
5252;Mannen en Vrouwen;5 tot 10 jaar;2070;11968;8090;3878
5253;Mannen en Vrouwen;10 tot 15 jaar;2020;6934;3325;3609
5254;Mannen en Vrouwen;10 tot 15 jaar;2021;7923;3971;3952
5255;Mannen en Vrouwen;10 tot 15 jaar;2022;8955;4057;4898
5256;Mannen en Vrouwen;10 tot 15 jaar;2023;9140;4291;4849
5257;Mannen en Vrouwen;10 tot 15 jaar;2024;9112;4544;4568
5258;Mannen en Vrouwen;10 tot 15 jaar;2025;9192;4762;4430
5259;Mannen en Vrouwen;10 tot 15 jaar;2026;9235;4940;4295
5260;Mannen en Vrouwen;10 tot 15 jaar;2027;9277;5079;4198
5261;Mannen en Vrouwen;10 tot 15 jaar;2028;9349;5200;4149
5262;Mannen en Vrouwen;10 tot 15 jaar;2029;9337;5271;4066
5263;Mannen en Vrouwen;10 tot 15 jaar;2030;9329;5320;4009
5264;Mannen en Vrouwen;10 tot 15 jaar;2031;9334;5327;4007
5265;Mannen en Vrouwen;10 tot 15 jaar;2032;9338;5349;3989
5266;Mannen en Vrouwen;10 tot 15 jaar;2033;9349;5374;3975
5267;Mannen en Vrouwen;10 tot 15 jaar;2034;9385;5411;3974
5268;Mannen en Vrouwen;10 tot 15 jaar;2035;9428;5466;3962
5269;Mannen en Vrouwen;10 tot 15 jaar;2036;9482;5523;3959
5270;Mannen en Vrouwen;10 tot 15 jaar;2037;9528;5565;3963
5271;Mannen en Vrouwen;10 tot 15 jaar;2038;9569;5601;3968
5272;Mannen en Vrouwen;10 tot 15 jaar;2039;9598;5626;3972
5273;Mannen en Vrouwen;10 tot 15 jaar;2040;9623;5646;3977
5274;Mannen en Vrouwen;10 tot 15 jaar;2041;9646;5659;3987
5275;Mannen en Vrouwen;10 tot 15 jaar;2042;9654;5668;3986
5276;Mannen en Vrouwen;10 tot 15 jaar;2043;9658;5662;3996
5277;Mannen en Vrouwen;10 tot 15 jaar;2044;9658;5660;3998
5278;Mannen en Vrouwen;10 tot 15 jaar;2045;9652;5653;3999
5279;Mannen en Vrouwen;10 tot 15 jaar;2046;9651;5638;4013
5280;Mannen en Vrouwen;10 tot 15 jaar;2047;9643;5624;4019
5281;Mannen en Vrouwen;10 tot 15 jaar;2048;9635;5611;4024
5282;Mannen en Vrouwen;10 tot 15 jaar;2049;9625;5589;4036
5283;Mannen en Vrouwen;10 tot 15 jaar;2050;9610;5571;4039
5284;Mannen en Vrouwen;10 tot 15 jaar;2051;9600;5551;4049
5285;Mannen en Vrouwen;10 tot 15 jaar;2052;9591;5534;4057
5286;Mannen en Vrouwen;10 tot 15 jaar;2053;9585;5517;4068
5287;Mannen en Vrouwen;10 tot 15 jaar;2054;9583;5497;4086
5288;Mannen en Vrouwen;10 tot 15 jaar;2055;9582;5481;4101
5289;Mannen en Vrouwen;10 tot 15 jaar;2056;9577;5465;4112
5290;Mannen en Vrouwen;10 tot 15 jaar;2057;9564;5451;4113
5291;Mannen en Vrouwen;10 tot 15 jaar;2058;9559;5438;4121
5292;Mannen en Vrouwen;10 tot 15 jaar;2059;9554;5428;4126
5293;Mannen en Vrouwen;10 tot 15 jaar;2060;9553;5417;4136
5294;Mannen en Vrouwen;10 tot 15 jaar;2061;9553;5409;4144
5295;Mannen en Vrouwen;10 tot 15 jaar;2062;9556;5402;4154
5296;Mannen en Vrouwen;10 tot 15 jaar;2063;9560;5399;4161
5297;Mannen en Vrouwen;10 tot 15 jaar;2064;9570;5397;4173
5298;Mannen en Vrouwen;10 tot 15 jaar;2065;9578;5400;4178
5299;Mannen en Vrouwen;10 tot 15 jaar;2066;9591;5403;4188
5300;Mannen en Vrouwen;10 tot 15 jaar;2067;9599;5408;4191
5301;Mannen en Vrouwen;10 tot 15 jaar;2068;9611;5417;4194
5302;Mannen en Vrouwen;10 tot 15 jaar;2069;9620;5422;4198
5303;Mannen en Vrouwen;10 tot 15 jaar;2070;9620;5442;4178
5304;Mannen en Vrouwen;15 tot 20 jaar;2020;16332;4819;11513
5305;Mannen en Vrouwen;15 tot 20 jaar;2021;18622;5593;13029
5306;Mannen en Vrouwen;15 tot 20 jaar;2022;21320;5922;15398
5307;Mannen en Vrouwen;15 tot 20 jaar;2023;21987;6407;15580
5308;Mannen en Vrouwen;15 tot 20 jaar;2024;22147;6812;15335
5309;Mannen en Vrouwen;15 tot 20 jaar;2025;22501;7176;15325
5310;Mannen en Vrouwen;15 tot 20 jaar;2026;22635;7451;15184
5311;Mannen en Vrouwen;15 tot 20 jaar;2027;22751;7669;15082
5312;Mannen en Vrouwen;15 tot 20 jaar;2028;22864;7823;15041
5313;Mannen en Vrouwen;15 tot 20 jaar;2029;22789;7968;14821
5314;Mannen en Vrouwen;15 tot 20 jaar;2030;22696;8068;14628
5315;Mannen en Vrouwen;15 tot 20 jaar;2031;22663;8126;14537
5316;Mannen en Vrouwen;15 tot 20 jaar;2032;22620;8158;14462
5317;Mannen en Vrouwen;15 tot 20 jaar;2033;22595;8190;14405
5318;Mannen en Vrouwen;15 tot 20 jaar;2034;22557;8172;14385
5319;Mannen en Vrouwen;15 tot 20 jaar;2035;22562;8150;14412
5320;Mannen en Vrouwen;15 tot 20 jaar;2036;22536;8132;14404
5321;Mannen en Vrouwen;15 tot 20 jaar;2037;22521;8129;14392
5322;Mannen en Vrouwen;15 tot 20 jaar;2038;22521;8121;14400
5323;Mannen en Vrouwen;15 tot 20 jaar;2039;22531;8130;14401
5324;Mannen en Vrouwen;15 tot 20 jaar;2040;22545;8160;14385
5325;Mannen en Vrouwen;15 tot 20 jaar;2041;22595;8201;14394
5326;Mannen en Vrouwen;15 tot 20 jaar;2042;22661;8239;14422
5327;Mannen en Vrouwen;15 tot 20 jaar;2043;22703;8266;14437
5328;Mannen en Vrouwen;15 tot 20 jaar;2044;22749;8284;14465
5329;Mannen en Vrouwen;15 tot 20 jaar;2045;22770;8292;14478
5330;Mannen en Vrouwen;15 tot 20 jaar;2046;22804;8296;14508
5331;Mannen en Vrouwen;15 tot 20 jaar;2047;22817;8295;14522
5332;Mannen en Vrouwen;15 tot 20 jaar;2048;22832;8286;14546
5333;Mannen en Vrouwen;15 tot 20 jaar;2049;22842;8274;14568
5334;Mannen en Vrouwen;15 tot 20 jaar;2050;22852;8250;14602
5335;Mannen en Vrouwen;15 tot 20 jaar;2051;22847;8232;14615
5336;Mannen en Vrouwen;15 tot 20 jaar;2052;22845;8214;14631
5337;Mannen en Vrouwen;15 tot 20 jaar;2053;22844;8186;14658
5338;Mannen en Vrouwen;15 tot 20 jaar;2054;22843;8163;14680
5339;Mannen en Vrouwen;15 tot 20 jaar;2055;22836;8137;14699
5340;Mannen en Vrouwen;15 tot 20 jaar;2056;22829;8109;14720
5341;Mannen en Vrouwen;15 tot 20 jaar;2057;22823;8085;14738
5342;Mannen en Vrouwen;15 tot 20 jaar;2058;22817;8056;14761
5343;Mannen en Vrouwen;15 tot 20 jaar;2059;22812;8033;14779
5344;Mannen en Vrouwen;15 tot 20 jaar;2060;22807;8006;14801
5345;Mannen en Vrouwen;15 tot 20 jaar;2061;22805;7986;14819
5346;Mannen en Vrouwen;15 tot 20 jaar;2062;22806;7963;14843
5347;Mannen en Vrouwen;15 tot 20 jaar;2063;22805;7942;14863
5348;Mannen en Vrouwen;15 tot 20 jaar;2064;22800;7925;14875
5349;Mannen en Vrouwen;15 tot 20 jaar;2065;22798;7907;14891
5350;Mannen en Vrouwen;15 tot 20 jaar;2066;22799;7892;14907
5351;Mannen en Vrouwen;15 tot 20 jaar;2067;22798;7877;14921
5352;Mannen en Vrouwen;15 tot 20 jaar;2068;22802;7868;14934
5353;Mannen en Vrouwen;15 tot 20 jaar;2069;22818;7858;14960
5354;Mannen en Vrouwen;15 tot 20 jaar;2070;22820;7859;14961
5355;Mannen en Vrouwen;20 tot 25 jaar;2020;43182;33322;9860
5356;Mannen en Vrouwen;20 tot 25 jaar;2021;49839;36388;13451
5357;Mannen en Vrouwen;20 tot 25 jaar;2022;57479;38407;19072
5358;Mannen en Vrouwen;20 tot 25 jaar;2023;59750;41103;18647
5359;Mannen en Vrouwen;20 tot 25 jaar;2024;60524;43384;17140
5360;Mannen en Vrouwen;20 tot 25 jaar;2025;61676;45175;16501
5361;Mannen en Vrouwen;20 tot 25 jaar;2026;62075;46445;15630
5362;Mannen en Vrouwen;20 tot 25 jaar;2027;62383;47364;15019
5363;Mannen en Vrouwen;20 tot 25 jaar;2028;62615;47924;14691
5364;Mannen en Vrouwen;20 tot 25 jaar;2029;62345;48225;14120
5365;Mannen en Vrouwen;20 tot 25 jaar;2030;62112;48306;13806
5366;Mannen en Vrouwen;20 tot 25 jaar;2031;61983;48273;13710
5367;Mannen en Vrouwen;20 tot 25 jaar;2032;61792;48206;13586
5368;Mannen en Vrouwen;20 tot 25 jaar;2033;61584;48029;13555
5369;Mannen en Vrouwen;20 tot 25 jaar;2034;61376;47846;13530
5370;Mannen en Vrouwen;20 tot 25 jaar;2035;61310;47664;13646
5371;Mannen en Vrouwen;20 tot 25 jaar;2036;61276;47535;13741
5372;Mannen en Vrouwen;20 tot 25 jaar;2037;61239;47411;13828
5373;Mannen en Vrouwen;20 tot 25 jaar;2038;61209;47315;13894
5374;Mannen en Vrouwen;20 tot 25 jaar;2039;61165;47139;14026
5375;Mannen en Vrouwen;20 tot 25 jaar;2040;61133;46981;14152
5376;Mannen en Vrouwen;20 tot 25 jaar;2041;61063;46815;14248
5377;Mannen en Vrouwen;20 tot 25 jaar;2042;61065;46696;14369
5378;Mannen en Vrouwen;20 tot 25 jaar;2043;61083;46615;14468
5379;Mannen en Vrouwen;20 tot 25 jaar;2044;61104;46562;14542
5380;Mannen en Vrouwen;20 tot 25 jaar;2045;61170;46549;14621
5381;Mannen en Vrouwen;20 tot 25 jaar;2046;61261;46606;14655
5382;Mannen en Vrouwen;20 tot 25 jaar;2047;61352;46652;14700
5383;Mannen en Vrouwen;20 tot 25 jaar;2048;61426;46676;14750
5384;Mannen en Vrouwen;20 tot 25 jaar;2049;61482;46666;14816
5385;Mannen en Vrouwen;20 tot 25 jaar;2050;61540;46631;14909
5386;Mannen en Vrouwen;20 tot 25 jaar;2051;61587;46617;14970
5387;Mannen en Vrouwen;20 tot 25 jaar;2052;61616;46571;15045
5388;Mannen en Vrouwen;20 tot 25 jaar;2053;61639;46497;15142
5389;Mannen en Vrouwen;20 tot 25 jaar;2054;61659;46406;15253
5390;Mannen en Vrouwen;20 tot 25 jaar;2055;61669;46307;15362
5391;Mannen en Vrouwen;20 tot 25 jaar;2056;61670;46193;15477
5392;Mannen en Vrouwen;20 tot 25 jaar;2057;61668;46081;15587
5393;Mannen en Vrouwen;20 tot 25 jaar;2058;61676;45962;15714
5394;Mannen en Vrouwen;20 tot 25 jaar;2059;61674;45843;15831
5395;Mannen en Vrouwen;20 tot 25 jaar;2060;61673;45721;15952
5396;Mannen en Vrouwen;20 tot 25 jaar;2061;61666;45599;16067
5397;Mannen en Vrouwen;20 tot 25 jaar;2062;61656;45479;16177
5398;Mannen en Vrouwen;20 tot 25 jaar;2063;61654;45361;16293
5399;Mannen en Vrouwen;20 tot 25 jaar;2064;61644;45246;16398
5400;Mannen en Vrouwen;20 tot 25 jaar;2065;61634;45136;16498
5401;Mannen en Vrouwen;20 tot 25 jaar;2066;61631;45030;16601
5402;Mannen en Vrouwen;20 tot 25 jaar;2067;61622;44929;16693
5403;Mannen en Vrouwen;20 tot 25 jaar;2068;61623;44835;16788
5404;Mannen en Vrouwen;20 tot 25 jaar;2069;61619;44747;16872
5405;Mannen en Vrouwen;20 tot 25 jaar;2070;61624;44660;16964
5406;Mannen en Vrouwen;25 tot 30 jaar;2020;40209;32476;7733
5407;Mannen en Vrouwen;25 tot 30 jaar;2021;46949;36012;10937
5408;Mannen en Vrouwen;25 tot 30 jaar;2022;54060;37595;16465
5409;Mannen en Vrouwen;25 tot 30 jaar;2023;56128;39818;16310
5410;Mannen en Vrouwen;25 tot 30 jaar;2024;56679;42035;14644
5411;Mannen en Vrouwen;25 tot 30 jaar;2025;57681;44050;13631
5412;Mannen en Vrouwen;25 tot 30 jaar;2026;58078;45180;12898
5413;Mannen en Vrouwen;25 tot 30 jaar;2027;58331;45954;12377
5414;Mannen en Vrouwen;25 tot 30 jaar;2028;58561;46396;12165
5415;Mannen en Vrouwen;25 tot 30 jaar;2029;58280;46560;11720
5416;Mannen en Vrouwen;25 tot 30 jaar;2030;57962;46412;11550
5417;Mannen en Vrouwen;25 tot 30 jaar;2031;57749;46276;11473
5418;Mannen en Vrouwen;25 tot 30 jaar;2032;57481;46088;11393
5419;Mannen en Vrouwen;25 tot 30 jaar;2033;57224;45900;11324
5420;Mannen en Vrouwen;25 tot 30 jaar;2034;56992;45713;11279
5421;Mannen en Vrouwen;25 tot 30 jaar;2035;56952;45593;11359
5422;Mannen en Vrouwen;25 tot 30 jaar;2036;56901;45469;11432
5423;Mannen en Vrouwen;25 tot 30 jaar;2037;56842;45369;11473
5424;Mannen en Vrouwen;25 tot 30 jaar;2038;56749;45204;11545
5425;Mannen en Vrouwen;25 tot 30 jaar;2039;56667;45081;11586
5426;Mannen en Vrouwen;25 tot 30 jaar;2040;56567;44926;11641
5427;Mannen en Vrouwen;25 tot 30 jaar;2041;56499;44797;11702
5428;Mannen en Vrouwen;25 tot 30 jaar;2042;56477;44675;11802
5429;Mannen en Vrouwen;25 tot 30 jaar;2043;56474;44594;11880
5430;Mannen en Vrouwen;25 tot 30 jaar;2044;56464;44492;11972
5431;Mannen en Vrouwen;25 tot 30 jaar;2045;56459;44416;12043
5432;Mannen en Vrouwen;25 tot 30 jaar;2046;56414;44287;12127
5433;Mannen en Vrouwen;25 tot 30 jaar;2047;56401;44216;12185
5434;Mannen en Vrouwen;25 tot 30 jaar;2048;56412;44207;12205
5435;Mannen en Vrouwen;25 tot 30 jaar;2049;56456;44250;12206
5436;Mannen en Vrouwen;25 tot 30 jaar;2050;56525;44338;12187
5437;Mannen en Vrouwen;25 tot 30 jaar;2051;56638;44502;12136
5438;Mannen en Vrouwen;25 tot 30 jaar;2052;56741;44655;12086
5439;Mannen en Vrouwen;25 tot 30 jaar;2053;56818;44767;12051
5440;Mannen en Vrouwen;25 tot 30 jaar;2054;56886;44846;12040
5441;Mannen en Vrouwen;25 tot 30 jaar;2055;56949;44901;12048
5442;Mannen en Vrouwen;25 tot 30 jaar;2056;56990;44941;12049
5443;Mannen en Vrouwen;25 tot 30 jaar;2057;57031;44949;12082
5444;Mannen en Vrouwen;25 tot 30 jaar;2058;57057;44935;12122
5445;Mannen en Vrouwen;25 tot 30 jaar;2059;57068;44901;12167
5446;Mannen en Vrouwen;25 tot 30 jaar;2060;57072;44850;12222
5447;Mannen en Vrouwen;25 tot 30 jaar;2061;57062;44786;12276
5448;Mannen en Vrouwen;25 tot 30 jaar;2062;57053;44718;12335
5449;Mannen en Vrouwen;25 tot 30 jaar;2063;57044;44644;12400
5450;Mannen en Vrouwen;25 tot 30 jaar;2064;57028;44558;12470
5451;Mannen en Vrouwen;25 tot 30 jaar;2065;57009;44473;12536
5452;Mannen en Vrouwen;25 tot 30 jaar;2066;56985;44385;12600
5453;Mannen en Vrouwen;25 tot 30 jaar;2067;56970;44296;12674
5454;Mannen en Vrouwen;25 tot 30 jaar;2068;56946;44211;12735
5455;Mannen en Vrouwen;25 tot 30 jaar;2069;56926;44128;12798
5456;Mannen en Vrouwen;25 tot 30 jaar;2070;56922;44042;12880
5457;Mannen en Vrouwen;30 tot 35 jaar;2020;27806;21199;6607
5458;Mannen en Vrouwen;30 tot 35 jaar;2021;32807;24109;8698
5459;Mannen en Vrouwen;30 tot 35 jaar;2022;37913;25450;12463
5460;Mannen en Vrouwen;30 tot 35 jaar;2023;39319;26996;12323
5461;Mannen en Vrouwen;30 tot 35 jaar;2024;39587;28413;11174
5462;Mannen en Vrouwen;30 tot 35 jaar;2025;40159;29570;10589
5463;Mannen en Vrouwen;30 tot 35 jaar;2026;40354;30380;9974
5464;Mannen en Vrouwen;30 tot 35 jaar;2027;40459;30982;9477
5465;Mannen en Vrouwen;30 tot 35 jaar;2028;40633;31450;9183
5466;Mannen en Vrouwen;30 tot 35 jaar;2029;40478;31802;8676
5467;Mannen en Vrouwen;30 tot 35 jaar;2030;40358;32051;8307
5468;Mannen en Vrouwen;30 tot 35 jaar;2031;40319;32139;8180
5469;Mannen en Vrouwen;30 tot 35 jaar;2032;40211;32143;8068
5470;Mannen en Vrouwen;30 tot 35 jaar;2033;40093;32076;8017
5471;Mannen en Vrouwen;30 tot 35 jaar;2034;39927;31932;7995
5472;Mannen en Vrouwen;30 tot 35 jaar;2035;39840;31745;8095
5473;Mannen en Vrouwen;30 tot 35 jaar;2036;39746;31616;8130
5474;Mannen en Vrouwen;30 tot 35 jaar;2037;39654;31496;8158
5475;Mannen en Vrouwen;30 tot 35 jaar;2038;39576;31416;8160
5476;Mannen en Vrouwen;30 tot 35 jaar;2039;39522;31360;8162
5477;Mannen en Vrouwen;30 tot 35 jaar;2040;39484;31332;8152
5478;Mannen en Vrouwen;30 tot 35 jaar;2041;39428;31275;8153
5479;Mannen en Vrouwen;30 tot 35 jaar;2042;39400;31221;8179
5480;Mannen en Vrouwen;30 tot 35 jaar;2043;39357;31131;8226
5481;Mannen en Vrouwen;30 tot 35 jaar;2044;39333;31075;8258
5482;Mannen en Vrouwen;30 tot 35 jaar;2045;39296;30989;8307
5483;Mannen en Vrouwen;30 tot 35 jaar;2046;39261;30924;8337
5484;Mannen en Vrouwen;30 tot 35 jaar;2047;39236;30847;8389
5485;Mannen en Vrouwen;30 tot 35 jaar;2048;39237;30796;8441
5486;Mannen en Vrouwen;30 tot 35 jaar;2049;39231;30734;8497
5487;Mannen en Vrouwen;30 tot 35 jaar;2050;39228;30682;8546
5488;Mannen en Vrouwen;30 tot 35 jaar;2051;39194;30608;8586
5489;Mannen en Vrouwen;30 tot 35 jaar;2052;39182;30576;8606
5490;Mannen en Vrouwen;30 tot 35 jaar;2053;39199;30584;8615
5491;Mannen en Vrouwen;30 tot 35 jaar;2054;39238;30630;8608
5492;Mannen en Vrouwen;30 tot 35 jaar;2055;39299;30709;8590
5493;Mannen en Vrouwen;30 tot 35 jaar;2056;39388;30817;8571
5494;Mannen en Vrouwen;30 tot 35 jaar;2057;39464;30921;8543
5495;Mannen en Vrouwen;30 tot 35 jaar;2058;39533;31008;8525
5496;Mannen en Vrouwen;30 tot 35 jaar;2059;39589;31076;8513
5497;Mannen en Vrouwen;30 tot 35 jaar;2060;39644;31126;8518
5498;Mannen en Vrouwen;30 tot 35 jaar;2061;39681;31165;8516
5499;Mannen en Vrouwen;30 tot 35 jaar;2062;39708;31188;8520
5500;Mannen en Vrouwen;30 tot 35 jaar;2063;39735;31189;8546
5501;Mannen en Vrouwen;30 tot 35 jaar;2064;39740;31175;8565
5502;Mannen en Vrouwen;30 tot 35 jaar;2065;39743;31151;8592
5503;Mannen en Vrouwen;30 tot 35 jaar;2066;39732;31121;8611
5504;Mannen en Vrouwen;30 tot 35 jaar;2067;39728;31087;8641
5505;Mannen en Vrouwen;30 tot 35 jaar;2068;39718;31048;8670
5506;Mannen en Vrouwen;30 tot 35 jaar;2069;39708;31005;8703
5507;Mannen en Vrouwen;30 tot 35 jaar;2070;39706;30949;8757
5508;Mannen en Vrouwen;35 tot 40 jaar;2020;18463;13806;4657
5509;Mannen en Vrouwen;35 tot 40 jaar;2021;21692;16025;5667
5510;Mannen en Vrouwen;35 tot 40 jaar;2022;25085;16917;8168
5511;Mannen en Vrouwen;35 tot 40 jaar;2023;26010;18127;7883
5512;Mannen en Vrouwen;35 tot 40 jaar;2024;26165;19269;6896
5513;Mannen en Vrouwen;35 tot 40 jaar;2025;26591;20320;6271
5514;Mannen en Vrouwen;35 tot 40 jaar;2026;26750;21097;5653
5515;Mannen en Vrouwen;35 tot 40 jaar;2027;26833;21749;5084
5516;Mannen en Vrouwen;35 tot 40 jaar;2028;26961;22191;4770
5517;Mannen en Vrouwen;35 tot 40 jaar;2029;26864;22518;4346
5518;Mannen en Vrouwen;35 tot 40 jaar;2030;26736;22660;4076
5519;Mannen en Vrouwen;35 tot 40 jaar;2031;26669;22755;3914
5520;Mannen en Vrouwen;35 tot 40 jaar;2032;26579;22824;3755
5521;Mannen en Vrouwen;35 tot 40 jaar;2033;26509;22896;3613
5522;Mannen en Vrouwen;35 tot 40 jaar;2034;26444;22949;3495
5523;Mannen en Vrouwen;35 tot 40 jaar;2035;26474;23042;3432
5524;Mannen en Vrouwen;35 tot 40 jaar;2036;26490;23088;3402
5525;Mannen en Vrouwen;35 tot 40 jaar;2037;26495;23117;3378
5526;Mannen en Vrouwen;35 tot 40 jaar;2038;26483;23103;3380
5527;Mannen en Vrouwen;35 tot 40 jaar;2039;26450;23055;3395
5528;Mannen en Vrouwen;35 tot 40 jaar;2040;26382;22974;3408
5529;Mannen en Vrouwen;35 tot 40 jaar;2041;26312;22912;3400
5530;Mannen en Vrouwen;35 tot 40 jaar;2042;26263;22849;3414
5531;Mannen en Vrouwen;35 tot 40 jaar;2043;26220;22815;3405
5532;Mannen en Vrouwen;35 tot 40 jaar;2044;26197;22805;3392
5533;Mannen en Vrouwen;35 tot 40 jaar;2045;26185;22807;3378
5534;Mannen en Vrouwen;35 tot 40 jaar;2046;26170;22795;3375
5535;Mannen en Vrouwen;35 tot 40 jaar;2047;26165;22779;3386
5536;Mannen en Vrouwen;35 tot 40 jaar;2048;26134;22731;3403
5537;Mannen en Vrouwen;35 tot 40 jaar;2049;26104;22698;3406
5538;Mannen en Vrouwen;35 tot 40 jaar;2050;26067;22644;3423
5539;Mannen en Vrouwen;35 tot 40 jaar;2051;26061;22617;3444
5540;Mannen en Vrouwen;35 tot 40 jaar;2052;26051;22581;3470
5541;Mannen en Vrouwen;35 tot 40 jaar;2053;26053;22558;3495
5542;Mannen en Vrouwen;35 tot 40 jaar;2054;26053;22527;3526
5543;Mannen en Vrouwen;35 tot 40 jaar;2055;26051;22507;3544
5544;Mannen en Vrouwen;35 tot 40 jaar;2056;26029;22459;3570
5545;Mannen en Vrouwen;35 tot 40 jaar;2057;26029;22445;3584
5546;Mannen en Vrouwen;35 tot 40 jaar;2058;26034;22460;3574
5547;Mannen en Vrouwen;35 tot 40 jaar;2059;26060;22499;3561
5548;Mannen en Vrouwen;35 tot 40 jaar;2060;26100;22569;3531
5549;Mannen en Vrouwen;35 tot 40 jaar;2061;26166;22663;3503
5550;Mannen en Vrouwen;35 tot 40 jaar;2062;26237;22758;3479
5551;Mannen en Vrouwen;35 tot 40 jaar;2063;26280;22837;3443
5552;Mannen en Vrouwen;35 tot 40 jaar;2064;26325;22898;3427
5553;Mannen en Vrouwen;35 tot 40 jaar;2065;26363;22952;3411
5554;Mannen en Vrouwen;35 tot 40 jaar;2066;26403;22994;3409
5555;Mannen en Vrouwen;35 tot 40 jaar;2067;26424;23025;3399
5556;Mannen en Vrouwen;35 tot 40 jaar;2068;26432;23041;3391
5557;Mannen en Vrouwen;35 tot 40 jaar;2069;26432;23047;3385
5558;Mannen en Vrouwen;35 tot 40 jaar;2070;26432;23037;3395
5559;Mannen en Vrouwen;40 tot 45 jaar;2020;13072;9386;3686
5560;Mannen en Vrouwen;40 tot 45 jaar;2021;15216;11137;4079
5561;Mannen en Vrouwen;40 tot 45 jaar;2022;17387;11806;5581
5562;Mannen en Vrouwen;40 tot 45 jaar;2023;17908;12622;5286
5563;Mannen en Vrouwen;40 tot 45 jaar;2024;17986;13449;4537
5564;Mannen en Vrouwen;40 tot 45 jaar;2025;18202;14212;3990
5565;Mannen en Vrouwen;40 tot 45 jaar;2026;18265;14825;3440
5566;Mannen en Vrouwen;40 tot 45 jaar;2027;18327;15315;3012
5567;Mannen en Vrouwen;40 tot 45 jaar;2028;18398;15751;2647
5568;Mannen en Vrouwen;40 tot 45 jaar;2029;18340;16108;2232
5569;Mannen en Vrouwen;40 tot 45 jaar;2030;18297;16394;1903
5570;Mannen en Vrouwen;40 tot 45 jaar;2031;18281;16637;1644
5571;Mannen en Vrouwen;40 tot 45 jaar;2032;18252;16856;1396
5572;Mannen en Vrouwen;40 tot 45 jaar;2033;18207;17001;1206
5573;Mannen en Vrouwen;40 tot 45 jaar;2034;18161;17107;1054
5574;Mannen en Vrouwen;40 tot 45 jaar;2035;18140;17162;978
5575;Mannen en Vrouwen;40 tot 45 jaar;2036;18117;17220;897
5576;Mannen en Vrouwen;40 tot 45 jaar;2037;18097;17270;827
5577;Mannen en Vrouwen;40 tot 45 jaar;2038;18097;17341;756
5578;Mannen en Vrouwen;40 tot 45 jaar;2039;18102;17403;699
5579;Mannen en Vrouwen;40 tot 45 jaar;2040;18133;17494;639
5580;Mannen en Vrouwen;40 tot 45 jaar;2041;18143;17549;594
5581;Mannen en Vrouwen;40 tot 45 jaar;2042;18160;17586;574
5582;Mannen en Vrouwen;40 tot 45 jaar;2043;18167;17602;565
5583;Mannen en Vrouwen;40 tot 45 jaar;2044;18150;17592;558
5584;Mannen en Vrouwen;40 tot 45 jaar;2045;18113;17550;563
5585;Mannen en Vrouwen;40 tot 45 jaar;2046;18081;17523;558
5586;Mannen en Vrouwen;40 tot 45 jaar;2047;18031;17487;544
5587;Mannen en Vrouwen;40 tot 45 jaar;2048;18001;17472;529
5588;Mannen en Vrouwen;40 tot 45 jaar;2049;17985;17469;516
5589;Mannen en Vrouwen;40 tot 45 jaar;2050;17987;17476;511
5590;Mannen en Vrouwen;40 tot 45 jaar;2051;17969;17487;482
5591;Mannen en Vrouwen;40 tot 45 jaar;2052;17962;17490;472
5592;Mannen en Vrouwen;40 tot 45 jaar;2053;17936;17466;470
5593;Mannen en Vrouwen;40 tot 45 jaar;2054;17914;17454;460
5594;Mannen en Vrouwen;40 tot 45 jaar;2055;17885;17427;458
5595;Mannen en Vrouwen;40 tot 45 jaar;2056;17876;17410;466
5596;Mannen en Vrouwen;40 tot 45 jaar;2057;17871;17396;475
5597;Mannen en Vrouwen;40 tot 45 jaar;2058;17870;17397;473
5598;Mannen en Vrouwen;40 tot 45 jaar;2059;17863;17391;472
5599;Mannen en Vrouwen;40 tot 45 jaar;2060;17865;17390;475
5600;Mannen en Vrouwen;40 tot 45 jaar;2061;17849;17369;480
5601;Mannen en Vrouwen;40 tot 45 jaar;2062;17846;17376;470
5602;Mannen en Vrouwen;40 tot 45 jaar;2063;17854;17403;451
5603;Mannen en Vrouwen;40 tot 45 jaar;2064;17874;17448;426
5604;Mannen en Vrouwen;40 tot 45 jaar;2065;17913;17517;396
5605;Mannen en Vrouwen;40 tot 45 jaar;2066;17967;17603;364
5606;Mannen en Vrouwen;40 tot 45 jaar;2067;18021;17689;332
5607;Mannen en Vrouwen;40 tot 45 jaar;2068;18069;17762;307
5608;Mannen en Vrouwen;40 tot 45 jaar;2069;18114;17825;289
5609;Mannen en Vrouwen;40 tot 45 jaar;2070;18113;17873;240
5610;Mannen en Vrouwen;45 tot 50 jaar;2020;9666;6984;2682
5611;Mannen en Vrouwen;45 tot 50 jaar;2021;11040;8272;2768
5612;Mannen en Vrouwen;45 tot 50 jaar;2022;12456;8592;3864
5613;Mannen en Vrouwen;45 tot 50 jaar;2023;12777;9074;3703
5614;Mannen en Vrouwen;45 tot 50 jaar;2024;12825;9584;3241
5615;Mannen en Vrouwen;45 tot 50 jaar;2025;12996;10144;2852
5616;Mannen en Vrouwen;45 tot 50 jaar;2026;13029;10578;2451
5617;Mannen en Vrouwen;45 tot 50 jaar;2027;13044;10989;2055
5618;Mannen en Vrouwen;45 tot 50 jaar;2028;13066;11326;1740
5619;Mannen en Vrouwen;45 tot 50 jaar;2029;13005;11636;1369
5620;Mannen en Vrouwen;45 tot 50 jaar;2030;12933;11866;1067
5621;Mannen en Vrouwen;45 tot 50 jaar;2031;12906;12108;798
5622;Mannen en Vrouwen;45 tot 50 jaar;2032;12876;12311;565
5623;Mannen en Vrouwen;45 tot 50 jaar;2033;12855;12520;335
5624;Mannen en Vrouwen;45 tot 50 jaar;2034;12818;12701;117
5625;Mannen en Vrouwen;45 tot 50 jaar;2035;12867;12883;-16
5626;Mannen en Vrouwen;45 tot 50 jaar;2036;12883;13050;-167
5627;Mannen en Vrouwen;45 tot 50 jaar;2037;12896;13213;-317
5628;Mannen en Vrouwen;45 tot 50 jaar;2038;12899;13337;-438
5629;Mannen en Vrouwen;45 tot 50 jaar;2039;12906;13437;-531
5630;Mannen en Vrouwen;45 tot 50 jaar;2040;12897;13493;-596
5631;Mannen en Vrouwen;45 tot 50 jaar;2041;12878;13544;-666
5632;Mannen en Vrouwen;45 tot 50 jaar;2042;12875;13592;-717
5633;Mannen en Vrouwen;45 tot 50 jaar;2043;12896;13658;-762
5634;Mannen en Vrouwen;45 tot 50 jaar;2044;12911;13723;-812
5635;Mannen en Vrouwen;45 tot 50 jaar;2045;12947;13810;-863
5636;Mannen en Vrouwen;45 tot 50 jaar;2046;12972;13869;-897
5637;Mannen en Vrouwen;45 tot 50 jaar;2047;12994;13911;-917
5638;Mannen en Vrouwen;45 tot 50 jaar;2048;12996;13928;-932
5639;Mannen en Vrouwen;45 tot 50 jaar;2049;12974;13931;-957
5640;Mannen en Vrouwen;45 tot 50 jaar;2050;12944;13903;-959
5641;Mannen en Vrouwen;45 tot 50 jaar;2051;12924;13894;-970
5642;Mannen en Vrouwen;45 tot 50 jaar;2052;12888;13877;-989
5643;Mannen en Vrouwen;45 tot 50 jaar;2053;12869;13870;-1001
5644;Mannen en Vrouwen;45 tot 50 jaar;2054;12859;13875;-1016
5645;Mannen en Vrouwen;45 tot 50 jaar;2055;12858;13891;-1033
5646;Mannen en Vrouwen;45 tot 50 jaar;2056;12840;13903;-1063
5647;Mannen en Vrouwen;45 tot 50 jaar;2057;12836;13912;-1076
5648;Mannen en Vrouwen;45 tot 50 jaar;2058;12813;13901;-1088
5649;Mannen en Vrouwen;45 tot 50 jaar;2059;12792;13901;-1109
5650;Mannen en Vrouwen;45 tot 50 jaar;2060;12780;13888;-1108
5651;Mannen en Vrouwen;45 tot 50 jaar;2061;12771;13890;-1119
5652;Mannen en Vrouwen;45 tot 50 jaar;2062;12769;13892;-1123
5653;Mannen en Vrouwen;45 tot 50 jaar;2063;12760;13904;-1144
5654;Mannen en Vrouwen;45 tot 50 jaar;2064;12771;13914;-1143
5655;Mannen en Vrouwen;45 tot 50 jaar;2065;12770;13921;-1151
5656;Mannen en Vrouwen;45 tot 50 jaar;2066;12750;13916;-1166
5657;Mannen en Vrouwen;45 tot 50 jaar;2067;12746;13929;-1183
5658;Mannen en Vrouwen;45 tot 50 jaar;2068;12754;13962;-1208
5659;Mannen en Vrouwen;45 tot 50 jaar;2069;12764;14006;-1242
5660;Mannen en Vrouwen;45 tot 50 jaar;2070;12764;14058;-1294
5661;Mannen en Vrouwen;50 tot 55 jaar;2020;6764;5412;1352
5662;Mannen en Vrouwen;50 tot 55 jaar;2021;7659;6557;1102
5663;Mannen en Vrouwen;50 tot 55 jaar;2022;8554;6826;1728
5664;Mannen en Vrouwen;50 tot 55 jaar;2023;8692;7077;1615
5665;Mannen en Vrouwen;50 tot 55 jaar;2024;8640;7331;1309
5666;Mannen en Vrouwen;50 tot 55 jaar;2025;8674;7558;1116
5667;Mannen en Vrouwen;50 tot 55 jaar;2026;8629;7722;907
5668;Mannen en Vrouwen;50 tot 55 jaar;2027;8590;7880;710
5669;Mannen en Vrouwen;50 tot 55 jaar;2028;8599;8055;544
5670;Mannen en Vrouwen;50 tot 55 jaar;2029;8551;8215;336
5671;Mannen en Vrouwen;50 tot 55 jaar;2030;8516;8395;121
5672;Mannen en Vrouwen;50 tot 55 jaar;2031;8511;8575;-64
5673;Mannen en Vrouwen;50 tot 55 jaar;2032;8496;8758;-262
5674;Mannen en Vrouwen;50 tot 55 jaar;2033;8465;8927;-462
5675;Mannen en Vrouwen;50 tot 55 jaar;2034;8442;9101;-659
5676;Mannen en Vrouwen;50 tot 55 jaar;2035;8436;9254;-818
5677;Mannen en Vrouwen;50 tot 55 jaar;2036;8448;9424;-976
5678;Mannen en Vrouwen;50 tot 55 jaar;2037;8471;9578;-1107
5679;Mannen en Vrouwen;50 tot 55 jaar;2038;8492;9737;-1245
5680;Mannen en Vrouwen;50 tot 55 jaar;2039;8507;9884;-1377
5681;Mannen en Vrouwen;50 tot 55 jaar;2040;8534;10034;-1500
5682;Mannen en Vrouwen;50 tot 55 jaar;2041;8548;10161;-1613
5683;Mannen en Vrouwen;50 tot 55 jaar;2042;8572;10283;-1711
5684;Mannen en Vrouwen;50 tot 55 jaar;2043;8595;10384;-1789
5685;Mannen en Vrouwen;50 tot 55 jaar;2044;8617;10475;-1858
5686;Mannen en Vrouwen;50 tot 55 jaar;2045;8618;10528;-1910
5687;Mannen en Vrouwen;50 tot 55 jaar;2046;8618;10574;-1956
5688;Mannen en Vrouwen;50 tot 55 jaar;2047;8615;10620;-2005
5689;Mannen en Vrouwen;50 tot 55 jaar;2048;8632;10681;-2049
5690;Mannen en Vrouwen;50 tot 55 jaar;2049;8651;10732;-2081
5691;Mannen en Vrouwen;50 tot 55 jaar;2050;8687;10804;-2117
5692;Mannen en Vrouwen;50 tot 55 jaar;2051;8709;10863;-2154
5693;Mannen en Vrouwen;50 tot 55 jaar;2052;8724;10908;-2184
5694;Mannen en Vrouwen;50 tot 55 jaar;2053;8717;10932;-2215
5695;Mannen en Vrouwen;50 tot 55 jaar;2054;8716;10939;-2223
5696;Mannen en Vrouwen;50 tot 55 jaar;2055;8685;10921;-2236
5697;Mannen en Vrouwen;50 tot 55 jaar;2056;8674;10916;-2242
5698;Mannen en Vrouwen;50 tot 55 jaar;2057;8651;10905;-2254
5699;Mannen en Vrouwen;50 tot 55 jaar;2058;8636;10909;-2273
5700;Mannen en Vrouwen;50 tot 55 jaar;2059;8617;10922;-2305
5701;Mannen en Vrouwen;50 tot 55 jaar;2060;8625;10941;-2316
5702;Mannen en Vrouwen;50 tot 55 jaar;2061;8627;10957;-2330
5703;Mannen en Vrouwen;50 tot 55 jaar;2062;8621;10976;-2355
5704;Mannen en Vrouwen;50 tot 55 jaar;2063;8596;10976;-2380
5705;Mannen en Vrouwen;50 tot 55 jaar;2064;8585;10984;-2399
5706;Mannen en Vrouwen;50 tot 55 jaar;2065;8572;10982;-2410
5707;Mannen en Vrouwen;50 tot 55 jaar;2066;8566;10994;-2428
5708;Mannen en Vrouwen;50 tot 55 jaar;2067;8563;11005;-2442
5709;Mannen en Vrouwen;50 tot 55 jaar;2068;8562;11023;-2461
5710;Mannen en Vrouwen;50 tot 55 jaar;2069;8563;11040;-2477
5711;Mannen en Vrouwen;50 tot 55 jaar;2070;8563;11047;-2484
5712;Mannen en Vrouwen;55 tot 60 jaar;2020;4271;4028;243
5713;Mannen en Vrouwen;55 tot 60 jaar;2021;4782;4876;-94
5714;Mannen en Vrouwen;55 tot 60 jaar;2022;5294;5093;201
5715;Mannen en Vrouwen;55 tot 60 jaar;2023;5368;5340;28
5716;Mannen en Vrouwen;55 tot 60 jaar;2024;5372;5593;-221
5717;Mannen en Vrouwen;55 tot 60 jaar;2025;5426;5864;-438
5718;Mannen en Vrouwen;55 tot 60 jaar;2026;5429;6065;-636
5719;Mannen en Vrouwen;55 tot 60 jaar;2027;5414;6239;-825
5720;Mannen en Vrouwen;55 tot 60 jaar;2028;5394;6315;-921
5721;Mannen en Vrouwen;55 tot 60 jaar;2029;5309;6359;-1050
5722;Mannen en Vrouwen;55 tot 60 jaar;2030;5224;6344;-1120
5723;Mannen en Vrouwen;55 tot 60 jaar;2031;5168;6351;-1183
5724;Mannen en Vrouwen;55 tot 60 jaar;2032;5127;6379;-1252
5725;Mannen en Vrouwen;55 tot 60 jaar;2033;5107;6451;-1344
5726;Mannen en Vrouwen;55 tot 60 jaar;2034;5093;6527;-1434
5727;Mannen en Vrouwen;55 tot 60 jaar;2035;5112;6659;-1547
5728;Mannen en Vrouwen;55 tot 60 jaar;2036;5127;6790;-1663
5729;Mannen en Vrouwen;55 tot 60 jaar;2037;5129;6920;-1791
5730;Mannen en Vrouwen;55 tot 60 jaar;2038;5135;7044;-1909
5731;Mannen en Vrouwen;55 tot 60 jaar;2039;5139;7179;-2040
5732;Mannen en Vrouwen;55 tot 60 jaar;2040;5132;7301;-2169
5733;Mannen en Vrouwen;55 tot 60 jaar;2041;5142;7435;-2293
5734;Mannen en Vrouwen;55 tot 60 jaar;2042;5169;7558;-2389
5735;Mannen en Vrouwen;55 tot 60 jaar;2043;5193;7686;-2493
5736;Mannen en Vrouwen;55 tot 60 jaar;2044;5214;7802;-2588
5737;Mannen en Vrouwen;55 tot 60 jaar;2045;5245;7922;-2677
5738;Mannen en Vrouwen;55 tot 60 jaar;2046;5271;8031;-2760
5739;Mannen en Vrouwen;55 tot 60 jaar;2047;5290;8133;-2843
5740;Mannen en Vrouwen;55 tot 60 jaar;2048;5301;8211;-2910
5741;Mannen en Vrouwen;55 tot 60 jaar;2049;5320;8284;-2964
5742;Mannen en Vrouwen;55 tot 60 jaar;2050;5320;8328;-3008
5743;Mannen en Vrouwen;55 tot 60 jaar;2051;5323;8370;-3047
5744;Mannen en Vrouwen;55 tot 60 jaar;2052;5327;8416;-3089
5745;Mannen en Vrouwen;55 tot 60 jaar;2053;5346;8469;-3123
5746;Mannen en Vrouwen;55 tot 60 jaar;2054;5356;8522;-3166
5747;Mannen en Vrouwen;55 tot 60 jaar;2055;5385;8593;-3208
5748;Mannen en Vrouwen;55 tot 60 jaar;2056;5404;8642;-3238
5749;Mannen en Vrouwen;55 tot 60 jaar;2057;5425;8685;-3260
5750;Mannen en Vrouwen;55 tot 60 jaar;2058;5424;8710;-3286
5751;Mannen en Vrouwen;55 tot 60 jaar;2059;5418;8722;-3304
5752;Mannen en Vrouwen;55 tot 60 jaar;2060;5401;8717;-3316
5753;Mannen en Vrouwen;55 tot 60 jaar;2061;5376;8714;-3338
5754;Mannen en Vrouwen;55 tot 60 jaar;2062;5362;8711;-3349
5755;Mannen en Vrouwen;55 tot 60 jaar;2063;5344;8721;-3377
5756;Mannen en Vrouwen;55 tot 60 jaar;2064;5335;8735;-3400
5757;Mannen en Vrouwen;55 tot 60 jaar;2065;5338;8762;-3424
5758;Mannen en Vrouwen;55 tot 60 jaar;2066;5337;8781;-3444
5759;Mannen en Vrouwen;55 tot 60 jaar;2067;5330;8802;-3472
5760;Mannen en Vrouwen;55 tot 60 jaar;2068;5317;8804;-3487
5761;Mannen en Vrouwen;55 tot 60 jaar;2069;5307;8817;-3510
5762;Mannen en Vrouwen;55 tot 60 jaar;2070;5306;8815;-3509
5763;Mannen en Vrouwen;60 tot 65 jaar;2020;2448;2602;-154
5764;Mannen en Vrouwen;60 tot 65 jaar;2021;2728;3216;-488
5765;Mannen en Vrouwen;60 tot 65 jaar;2022;2988;3409;-421
5766;Mannen en Vrouwen;60 tot 65 jaar;2023;3032;3594;-562
5767;Mannen en Vrouwen;60 tot 65 jaar;2024;3038;3815;-777
5768;Mannen en Vrouwen;60 tot 65 jaar;2025;3078;4002;-924
5769;Mannen en Vrouwen;60 tot 65 jaar;2026;3073;4159;-1086
5770;Mannen en Vrouwen;60 tot 65 jaar;2027;3071;4281;-1210
5771;Mannen en Vrouwen;60 tot 65 jaar;2028;3074;4404;-1330
5772;Mannen en Vrouwen;60 tot 65 jaar;2029;3060;4510;-1450
5773;Mannen en Vrouwen;60 tot 65 jaar;2030;3043;4616;-1573
5774;Mannen en Vrouwen;60 tot 65 jaar;2031;3031;4686;-1655
5775;Mannen en Vrouwen;60 tot 65 jaar;2032;3012;4749;-1737
5776;Mannen en Vrouwen;60 tot 65 jaar;2033;2974;4757;-1783
5777;Mannen en Vrouwen;60 tot 65 jaar;2034;2921;4742;-1821
5778;Mannen en Vrouwen;60 tot 65 jaar;2035;2877;4709;-1832
5779;Mannen en Vrouwen;60 tot 65 jaar;2036;2847;4689;-1842
5780;Mannen en Vrouwen;60 tot 65 jaar;2037;2817;4697;-1880
5781;Mannen en Vrouwen;60 tot 65 jaar;2038;2813;4743;-1930
5782;Mannen en Vrouwen;60 tot 65 jaar;2039;2811;4798;-1987
5783;Mannen en Vrouwen;60 tot 65 jaar;2040;2827;4895;-2068
5784;Mannen en Vrouwen;60 tot 65 jaar;2041;2841;4989;-2148
5785;Mannen en Vrouwen;60 tot 65 jaar;2042;2843;5081;-2238
5786;Mannen en Vrouwen;60 tot 65 jaar;2043;2846;5170;-2324
5787;Mannen en Vrouwen;60 tot 65 jaar;2044;2858;5272;-2414
5788;Mannen en Vrouwen;60 tot 65 jaar;2045;2861;5364;-2503
5789;Mannen en Vrouwen;60 tot 65 jaar;2046;2870;5465;-2595
5790;Mannen en Vrouwen;60 tot 65 jaar;2047;2888;5558;-2670
5791;Mannen en Vrouwen;60 tot 65 jaar;2048;2906;5653;-2747
5792;Mannen en Vrouwen;60 tot 65 jaar;2049;2922;5742;-2820
5793;Mannen en Vrouwen;60 tot 65 jaar;2050;2949;5830;-2881
5794;Mannen en Vrouwen;60 tot 65 jaar;2051;2972;5910;-2938
5795;Mannen en Vrouwen;60 tot 65 jaar;2052;2983;5988;-3005
5796;Mannen en Vrouwen;60 tot 65 jaar;2053;2996;6049;-3053
5797;Mannen en Vrouwen;60 tot 65 jaar;2054;3005;6107;-3102
5798;Mannen en Vrouwen;60 tot 65 jaar;2055;3003;6141;-3138
5799;Mannen en Vrouwen;60 tot 65 jaar;2056;3001;6171;-3170
5800;Mannen en Vrouwen;60 tot 65 jaar;2057;3007;6207;-3200
5801;Mannen en Vrouwen;60 tot 65 jaar;2058;3020;6253;-3233
5802;Mannen en Vrouwen;60 tot 65 jaar;2059;3035;6295;-3260
5803;Mannen en Vrouwen;60 tot 65 jaar;2060;3056;6351;-3295
5804;Mannen en Vrouwen;60 tot 65 jaar;2061;3069;6395;-3326
5805;Mannen en Vrouwen;60 tot 65 jaar;2062;3081;6431;-3350
5806;Mannen en Vrouwen;60 tot 65 jaar;2063;3082;6458;-3376
5807;Mannen en Vrouwen;60 tot 65 jaar;2064;3076;6465;-3389
5808;Mannen en Vrouwen;60 tot 65 jaar;2065;3061;6462;-3401
5809;Mannen en Vrouwen;60 tot 65 jaar;2066;3047;6463;-3416
5810;Mannen en Vrouwen;60 tot 65 jaar;2067;3037;6463;-3426
5811;Mannen en Vrouwen;60 tot 65 jaar;2068;3026;6473;-3447
5812;Mannen en Vrouwen;60 tot 65 jaar;2069;3025;6488;-3463
5813;Mannen en Vrouwen;60 tot 65 jaar;2070;3025;6506;-3481
5814;Mannen en Vrouwen;65 tot 70 jaar;2020;1570;1856;-286
5815;Mannen en Vrouwen;65 tot 70 jaar;2021;1728;2350;-622
5816;Mannen en Vrouwen;65 tot 70 jaar;2022;1857;2457;-600
5817;Mannen en Vrouwen;65 tot 70 jaar;2023;1866;2568;-702
5818;Mannen en Vrouwen;65 tot 70 jaar;2024;1871;2720;-849
5819;Mannen en Vrouwen;65 tot 70 jaar;2025;1895;2916;-1021
5820;Mannen en Vrouwen;65 tot 70 jaar;2026;1909;3061;-1152
5821;Mannen en Vrouwen;65 tot 70 jaar;2027;1916;3229;-1313
5822;Mannen en Vrouwen;65 tot 70 jaar;2028;1943;3382;-1439
5823;Mannen en Vrouwen;65 tot 70 jaar;2029;1939;3537;-1598
5824;Mannen en Vrouwen;65 tot 70 jaar;2030;1931;3649;-1718
5825;Mannen en Vrouwen;65 tot 70 jaar;2031;1930;3736;-1806
5826;Mannen en Vrouwen;65 tot 70 jaar;2032;1926;3785;-1859
5827;Mannen en Vrouwen;65 tot 70 jaar;2033;1920;3845;-1925
5828;Mannen en Vrouwen;65 tot 70 jaar;2034;1918;3906;-1988
5829;Mannen en Vrouwen;65 tot 70 jaar;2035;1914;3980;-2066
5830;Mannen en Vrouwen;65 tot 70 jaar;2036;1908;4033;-2125
5831;Mannen en Vrouwen;65 tot 70 jaar;2037;1889;4096;-2207
5832;Mannen en Vrouwen;65 tot 70 jaar;2038;1863;4100;-2237
5833;Mannen en Vrouwen;65 tot 70 jaar;2039;1823;4082;-2259
5834;Mannen en Vrouwen;65 tot 70 jaar;2040;1787;4041;-2254
5835;Mannen en Vrouwen;65 tot 70 jaar;2041;1755;4007;-2252
5836;Mannen en Vrouwen;65 tot 70 jaar;2042;1736;4002;-2266
5837;Mannen en Vrouwen;65 tot 70 jaar;2043;1726;4030;-2304
5838;Mannen en Vrouwen;65 tot 70 jaar;2044;1723;4071;-2348
5839;Mannen en Vrouwen;65 tot 70 jaar;2045;1731;4149;-2418
5840;Mannen en Vrouwen;65 tot 70 jaar;2046;1740;4231;-2491
5841;Mannen en Vrouwen;65 tot 70 jaar;2047;1744;4304;-2560
5842;Mannen en Vrouwen;65 tot 70 jaar;2048;1748;4372;-2624
5843;Mannen en Vrouwen;65 tot 70 jaar;2049;1751;4454;-2703
5844;Mannen en Vrouwen;65 tot 70 jaar;2050;1754;4532;-2778
5845;Mannen en Vrouwen;65 tot 70 jaar;2051;1765;4622;-2857
5846;Mannen en Vrouwen;65 tot 70 jaar;2052;1777;4705;-2928
5847;Mannen en Vrouwen;65 tot 70 jaar;2053;1791;4791;-3000
5848;Mannen en Vrouwen;65 tot 70 jaar;2054;1809;4863;-3054
5849;Mannen en Vrouwen;65 tot 70 jaar;2055;1824;4941;-3117
5850;Mannen en Vrouwen;65 tot 70 jaar;2056;1841;5010;-3169
5851;Mannen en Vrouwen;65 tot 70 jaar;2057;1856;5077;-3221
5852;Mannen en Vrouwen;65 tot 70 jaar;2058;1859;5131;-3272
5853;Mannen en Vrouwen;65 tot 70 jaar;2059;1877;5179;-3302
5854;Mannen en Vrouwen;65 tot 70 jaar;2060;1875;5211;-3336
5855;Mannen en Vrouwen;65 tot 70 jaar;2061;1871;5239;-3368
5856;Mannen en Vrouwen;65 tot 70 jaar;2062;1870;5274;-3404
5857;Mannen en Vrouwen;65 tot 70 jaar;2063;1873;5311;-3438
5858;Mannen en Vrouwen;65 tot 70 jaar;2064;1877;5355;-3478
5859;Mannen en Vrouwen;65 tot 70 jaar;2065;1898;5407;-3509
5860;Mannen en Vrouwen;65 tot 70 jaar;2066;1909;5448;-3539
5861;Mannen en Vrouwen;65 tot 70 jaar;2067;1919;5480;-3561
5862;Mannen en Vrouwen;65 tot 70 jaar;2068;1918;5503;-3585
5863;Mannen en Vrouwen;65 tot 70 jaar;2069;1913;5513;-3600
5864;Mannen en Vrouwen;65 tot 70 jaar;2070;1913;5508;-3595
5865;Mannen en Vrouwen;70 tot 75 jaar;2020;1133;1032;101
5866;Mannen en Vrouwen;70 tot 75 jaar;2021;1193;1253;-60
5867;Mannen en Vrouwen;70 tot 75 jaar;2022;1239;1282;-43
5868;Mannen en Vrouwen;70 tot 75 jaar;2023;1220;1323;-103
5869;Mannen en Vrouwen;70 tot 75 jaar;2024;1210;1383;-173
5870;Mannen en Vrouwen;70 tot 75 jaar;2025;1225;1451;-226
5871;Mannen en Vrouwen;70 tot 75 jaar;2026;1230;1543;-313
5872;Mannen en Vrouwen;70 tot 75 jaar;2027;1238;1612;-374
5873;Mannen en Vrouwen;70 tot 75 jaar;2028;1254;1692;-438
5874;Mannen en Vrouwen;70 tot 75 jaar;2029;1264;1776;-512
5875;Mannen en Vrouwen;70 tot 75 jaar;2030;1264;1886;-622
5876;Mannen en Vrouwen;70 tot 75 jaar;2031;1277;1949;-672
5877;Mannen en Vrouwen;70 tot 75 jaar;2032;1284;2036;-752
5878;Mannen en Vrouwen;70 tot 75 jaar;2033;1294;2114;-820
5879;Mannen en Vrouwen;70 tot 75 jaar;2034;1302;2204;-902
5880;Mannen en Vrouwen;70 tot 75 jaar;2035;1309;2263;-954
5881;Mannen en Vrouwen;70 tot 75 jaar;2036;1306;2322;-1016
5882;Mannen en Vrouwen;70 tot 75 jaar;2037;1301;2347;-1046
5883;Mannen en Vrouwen;70 tot 75 jaar;2038;1293;2401;-1108
5884;Mannen en Vrouwen;70 tot 75 jaar;2039;1295;2449;-1154
5885;Mannen en Vrouwen;70 tot 75 jaar;2040;1293;2503;-1210
5886;Mannen en Vrouwen;70 tot 75 jaar;2041;1286;2545;-1259
5887;Mannen en Vrouwen;70 tot 75 jaar;2042;1275;2591;-1316
5888;Mannen en Vrouwen;70 tot 75 jaar;2043;1249;2597;-1348
5889;Mannen en Vrouwen;70 tot 75 jaar;2044;1216;2599;-1383
5890;Mannen en Vrouwen;70 tot 75 jaar;2045;1188;2576;-1388
5891;Mannen en Vrouwen;70 tot 75 jaar;2046;1160;2559;-1399
5892;Mannen en Vrouwen;70 tot 75 jaar;2047;1136;2563;-1427
5893;Mannen en Vrouwen;70 tot 75 jaar;2048;1128;2581;-1453
5894;Mannen en Vrouwen;70 tot 75 jaar;2049;1130;2605;-1475
5895;Mannen en Vrouwen;70 tot 75 jaar;2050;1136;2651;-1515
5896;Mannen en Vrouwen;70 tot 75 jaar;2051;1144;2707;-1563
5897;Mannen en Vrouwen;70 tot 75 jaar;2052;1146;2755;-1609
5898;Mannen en Vrouwen;70 tot 75 jaar;2053;1153;2799;-1646
5899;Mannen en Vrouwen;70 tot 75 jaar;2054;1159;2861;-1702
5900;Mannen en Vrouwen;70 tot 75 jaar;2055;1157;2915;-1758
5901;Mannen en Vrouwen;70 tot 75 jaar;2056;1163;2976;-1813
5902;Mannen en Vrouwen;70 tot 75 jaar;2057;1174;3032;-1858
5903;Mannen en Vrouwen;70 tot 75 jaar;2058;1187;3086;-1899
5904;Mannen en Vrouwen;70 tot 75 jaar;2059;1200;3133;-1933
5905;Mannen en Vrouwen;70 tot 75 jaar;2060;1219;3180;-1961
5906;Mannen en Vrouwen;70 tot 75 jaar;2061;1234;3223;-1989
5907;Mannen en Vrouwen;70 tot 75 jaar;2062;1246;3265;-2019
5908;Mannen en Vrouwen;70 tot 75 jaar;2063;1253;3300;-2047
5909;Mannen en Vrouwen;70 tot 75 jaar;2064;1260;3335;-2075
5910;Mannen en Vrouwen;70 tot 75 jaar;2065;1258;3354;-2096
5911;Mannen en Vrouwen;70 tot 75 jaar;2066;1256;3376;-2120
5912;Mannen en Vrouwen;70 tot 75 jaar;2067;1254;3399;-2145
5913;Mannen en Vrouwen;70 tot 75 jaar;2068;1257;3425;-2168
5914;Mannen en Vrouwen;70 tot 75 jaar;2069;1263;3454;-2191
5915;Mannen en Vrouwen;70 tot 75 jaar;2070;1263;3485;-2222
5916;Mannen en Vrouwen;75 tot 80 jaar;2020;657;493;164
5917;Mannen en Vrouwen;75 tot 80 jaar;2021;766;653;113
5918;Mannen en Vrouwen;75 tot 80 jaar;2022;841;689;152
5919;Mannen en Vrouwen;75 tot 80 jaar;2023;833;746;87
5920;Mannen en Vrouwen;75 tot 80 jaar;2024;841;796;45
5921;Mannen en Vrouwen;75 tot 80 jaar;2025;848;854;-6
5922;Mannen en Vrouwen;75 tot 80 jaar;2026;833;882;-49
5923;Mannen en Vrouwen;75 tot 80 jaar;2027;824;918;-94
5924;Mannen en Vrouwen;75 tot 80 jaar;2028;831;951;-120
5925;Mannen en Vrouwen;75 tot 80 jaar;2029;830;996;-166
5926;Mannen en Vrouwen;75 tot 80 jaar;2030;828;1036;-208
5927;Mannen en Vrouwen;75 tot 80 jaar;2031;837;1098;-261
5928;Mannen en Vrouwen;75 tot 80 jaar;2032;845;1141;-296
5929;Mannen en Vrouwen;75 tot 80 jaar;2033;856;1191;-335
5930;Mannen en Vrouwen;75 tot 80 jaar;2034;867;1247;-380
5931;Mannen en Vrouwen;75 tot 80 jaar;2035;874;1320;-446
5932;Mannen en Vrouwen;75 tot 80 jaar;2036;883;1372;-489
5933;Mannen en Vrouwen;75 tot 80 jaar;2037;894;1445;-551
5934;Mannen en Vrouwen;75 tot 80 jaar;2038;900;1511;-611
5935;Mannen en Vrouwen;75 tot 80 jaar;2039;909;1588;-679
5936;Mannen en Vrouwen;75 tot 80 jaar;2040;912;1639;-727
5937;Mannen en Vrouwen;75 tot 80 jaar;2041;909;1702;-793
5938;Mannen en Vrouwen;75 tot 80 jaar;2042;911;1733;-822
5939;Mannen en Vrouwen;75 tot 80 jaar;2043;905;1785;-880
5940;Mannen en Vrouwen;75 tot 80 jaar;2044;904;1830;-926
5941;Mannen en Vrouwen;75 tot 80 jaar;2045;905;1882;-977
5942;Mannen en Vrouwen;75 tot 80 jaar;2046;901;1925;-1024
5943;Mannen en Vrouwen;75 tot 80 jaar;2047;892;1977;-1085
5944;Mannen en Vrouwen;75 tot 80 jaar;2048;868;1997;-1129
5945;Mannen en Vrouwen;75 tot 80 jaar;2049;840;2013;-1173
5946;Mannen en Vrouwen;75 tot 80 jaar;2050;810;2007;-1197
5947;Mannen en Vrouwen;75 tot 80 jaar;2051;793;2006;-1213
5948;Mannen en Vrouwen;75 tot 80 jaar;2052;783;2012;-1229
5949;Mannen en Vrouwen;75 tot 80 jaar;2053;777;2032;-1255
5950;Mannen en Vrouwen;75 tot 80 jaar;2054;775;2050;-1275
5951;Mannen en Vrouwen;75 tot 80 jaar;2055;786;2089;-1303
5952;Mannen en Vrouwen;75 tot 80 jaar;2056;794;2134;-1340
5953;Mannen en Vrouwen;75 tot 80 jaar;2057;804;2176;-1372
5954;Mannen en Vrouwen;75 tot 80 jaar;2058;799;2220;-1421
5955;Mannen en Vrouwen;75 tot 80 jaar;2059;804;2273;-1469
5956;Mannen en Vrouwen;75 tot 80 jaar;2060;807;2324;-1517
5957;Mannen en Vrouwen;75 tot 80 jaar;2061;806;2379;-1573
5958;Mannen en Vrouwen;75 tot 80 jaar;2062;823;2425;-1602
5959;Mannen en Vrouwen;75 tot 80 jaar;2063;834;2469;-1635
5960;Mannen en Vrouwen;75 tot 80 jaar;2064;844;2503;-1659
5961;Mannen en Vrouwen;75 tot 80 jaar;2065;855;2542;-1687
5962;Mannen en Vrouwen;75 tot 80 jaar;2066;871;2574;-1703
5963;Mannen en Vrouwen;75 tot 80 jaar;2067;882;2612;-1730
5964;Mannen en Vrouwen;75 tot 80 jaar;2068;892;2641;-1749
5965;Mannen en Vrouwen;75 tot 80 jaar;2069;905;2668;-1763
5966;Mannen en Vrouwen;75 tot 80 jaar;2070;905;2688;-1783
5967;Mannen en Vrouwen;80 tot 85 jaar;2020;352;260;92
5968;Mannen en Vrouwen;80 tot 85 jaar;2021;388;341;47
5969;Mannen en Vrouwen;80 tot 85 jaar;2022;416;342;74
5970;Mannen en Vrouwen;80 tot 85 jaar;2023;415;360;55
5971;Mannen en Vrouwen;80 tot 85 jaar;2024;425;384;41
5972;Mannen en Vrouwen;80 tot 85 jaar;2025;425;407;18
5973;Mannen en Vrouwen;80 tot 85 jaar;2026;461;444;17
5974;Mannen en Vrouwen;80 tot 85 jaar;2027;486;478;8
5975;Mannen en Vrouwen;80 tot 85 jaar;2028;502;514;-12
5976;Mannen en Vrouwen;80 tot 85 jaar;2029;503;548;-45
5977;Mannen en Vrouwen;80 tot 85 jaar;2030;506;586;-80
5978;Mannen en Vrouwen;80 tot 85 jaar;2031;501;598;-97
5979;Mannen en Vrouwen;80 tot 85 jaar;2032;497;623;-126
5980;Mannen en Vrouwen;80 tot 85 jaar;2033;497;645;-148
5981;Mannen en Vrouwen;80 tot 85 jaar;2034;500;674;-174
5982;Mannen en Vrouwen;80 tot 85 jaar;2035;506;703;-197
5983;Mannen en Vrouwen;80 tot 85 jaar;2036;512;746;-234
5984;Mannen en Vrouwen;80 tot 85 jaar;2037;515;782;-267
5985;Mannen en Vrouwen;80 tot 85 jaar;2038;525;825;-300
5986;Mannen en Vrouwen;80 tot 85 jaar;2039;531;868;-337
5987;Mannen en Vrouwen;80 tot 85 jaar;2040;537;930;-393
5988;Mannen en Vrouwen;80 tot 85 jaar;2041;545;974;-429
5989;Mannen en Vrouwen;80 tot 85 jaar;2042;550;1035;-485
5990;Mannen en Vrouwen;80 tot 85 jaar;2043;559;1092;-533
5991;Mannen en Vrouwen;80 tot 85 jaar;2044;565;1154;-589
5992;Mannen en Vrouwen;80 tot 85 jaar;2045;567;1201;-634
5993;Mannen en Vrouwen;80 tot 85 jaar;2046;567;1255;-688
5994;Mannen en Vrouwen;80 tot 85 jaar;2047;569;1281;-712
5995;Mannen en Vrouwen;80 tot 85 jaar;2048;565;1321;-756
5996;Mannen en Vrouwen;80 tot 85 jaar;2049;568;1359;-791
5997;Mannen en Vrouwen;80 tot 85 jaar;2050;567;1407;-840
5998;Mannen en Vrouwen;80 tot 85 jaar;2051;566;1447;-881
5999;Mannen en Vrouwen;80 tot 85 jaar;2052;560;1489;-929
6000;Mannen en Vrouwen;80 tot 85 jaar;2053;546;1510;-964
6001;Mannen en Vrouwen;80 tot 85 jaar;2054;526;1528;-1002
6002;Mannen en Vrouwen;80 tot 85 jaar;2055;505;1527;-1022
6003;Mannen en Vrouwen;80 tot 85 jaar;2056;492;1528;-1036
6004;Mannen en Vrouwen;80 tot 85 jaar;2057;481;1536;-1055
6005;Mannen en Vrouwen;80 tot 85 jaar;2058;479;1549;-1070
6006;Mannen en Vrouwen;80 tot 85 jaar;2059;473;1566;-1093
6007;Mannen en Vrouwen;80 tot 85 jaar;2060;478;1601;-1123
6008;Mannen en Vrouwen;80 tot 85 jaar;2061;482;1638;-1156
6009;Mannen en Vrouwen;80 tot 85 jaar;2062;483;1675;-1192
6010;Mannen en Vrouwen;80 tot 85 jaar;2063;482;1717;-1235
6011;Mannen en Vrouwen;80 tot 85 jaar;2064;481;1762;-1281
6012;Mannen en Vrouwen;80 tot 85 jaar;2065;481;1808;-1327
6013;Mannen en Vrouwen;80 tot 85 jaar;2066;490;1854;-1364
6014;Mannen en Vrouwen;80 tot 85 jaar;2067;496;1889;-1393
6015;Mannen en Vrouwen;80 tot 85 jaar;2068;504;1928;-1424
6016;Mannen en Vrouwen;80 tot 85 jaar;2069;507;1954;-1447
6017;Mannen en Vrouwen;80 tot 85 jaar;2070;507;1984;-1477
6018;Mannen en Vrouwen;85 tot 90 jaar;2020;129;84;45
6019;Mannen en Vrouwen;85 tot 90 jaar;2021;140;114;26
6020;Mannen en Vrouwen;85 tot 90 jaar;2022;156;119;37
6021;Mannen en Vrouwen;85 tot 90 jaar;2023;152;135;17
6022;Mannen en Vrouwen;85 tot 90 jaar;2024;158;148;10
6023;Mannen en Vrouwen;85 tot 90 jaar;2025;160;168;-8
6024;Mannen en Vrouwen;85 tot 90 jaar;2026;161;178;-17
6025;Mannen en Vrouwen;85 tot 90 jaar;2027;165;190;-25
6026;Mannen en Vrouwen;85 tot 90 jaar;2028;169;197;-28
6027;Mannen en Vrouwen;85 tot 90 jaar;2029;174;207;-33
6028;Mannen en Vrouwen;85 tot 90 jaar;2030;177;216;-39
6029;Mannen en Vrouwen;85 tot 90 jaar;2031;194;234;-40
6030;Mannen en Vrouwen;85 tot 90 jaar;2032;206;248;-42
6031;Mannen en Vrouwen;85 tot 90 jaar;2033;214;264;-50
6032;Mannen en Vrouwen;85 tot 90 jaar;2034;212;273;-61
6033;Mannen en Vrouwen;85 tot 90 jaar;2035;209;289;-80
6034;Mannen en Vrouwen;85 tot 90 jaar;2036;207;293;-86
6035;Mannen en Vrouwen;85 tot 90 jaar;2037;209;305;-96
6036;Mannen en Vrouwen;85 tot 90 jaar;2038;211;314;-103
6037;Mannen en Vrouwen;85 tot 90 jaar;2039;212;330;-118
6038;Mannen en Vrouwen;85 tot 90 jaar;2040;216;345;-129
6039;Mannen en Vrouwen;85 tot 90 jaar;2041;219;365;-146
6040;Mannen en Vrouwen;85 tot 90 jaar;2042;220;380;-160
6041;Mannen en Vrouwen;85 tot 90 jaar;2043;223;399;-176
6042;Mannen en Vrouwen;85 tot 90 jaar;2044;229;423;-194
6043;Mannen en Vrouwen;85 tot 90 jaar;2045;230;457;-227
6044;Mannen en Vrouwen;85 tot 90 jaar;2046;236;481;-245
6045;Mannen en Vrouwen;85 tot 90 jaar;2047;240;516;-276
6046;Mannen en Vrouwen;85 tot 90 jaar;2048;244;549;-305
6047;Mannen en Vrouwen;85 tot 90 jaar;2049;248;584;-336
6048;Mannen en Vrouwen;85 tot 90 jaar;2050;249;612;-363
6049;Mannen en Vrouwen;85 tot 90 jaar;2051;250;638;-388
6050;Mannen en Vrouwen;85 tot 90 jaar;2052;250;651;-401
6051;Mannen en Vrouwen;85 tot 90 jaar;2053;249;678;-429
6052;Mannen en Vrouwen;85 tot 90 jaar;2054;254;701;-447
6053;Mannen en Vrouwen;85 tot 90 jaar;2055;254;730;-476
6054;Mannen en Vrouwen;85 tot 90 jaar;2056;254;751;-497
6055;Mannen en Vrouwen;85 tot 90 jaar;2057;248;776;-528
6056;Mannen en Vrouwen;85 tot 90 jaar;2058;239;790;-551
6057;Mannen en Vrouwen;85 tot 90 jaar;2059;225;800;-575
6058;Mannen en Vrouwen;85 tot 90 jaar;2060;219;799;-580
6059;Mannen en Vrouwen;85 tot 90 jaar;2061;215;793;-578
6060;Mannen en Vrouwen;85 tot 90 jaar;2062;208;796;-588
6061;Mannen en Vrouwen;85 tot 90 jaar;2063;210;807;-597
6062;Mannen en Vrouwen;85 tot 90 jaar;2064;212;813;-601
6063;Mannen en Vrouwen;85 tot 90 jaar;2065;212;833;-621
6064;Mannen en Vrouwen;85 tot 90 jaar;2066;216;851;-635
6065;Mannen en Vrouwen;85 tot 90 jaar;2067;212;868;-656
6066;Mannen en Vrouwen;85 tot 90 jaar;2068;211;887;-676
6067;Mannen en Vrouwen;85 tot 90 jaar;2069;215;912;-697
6068;Mannen en Vrouwen;85 tot 90 jaar;2070;215;934;-719
6069;Mannen en Vrouwen;90 tot 95 jaar;2020;6;8;-2
6070;Mannen en Vrouwen;90 tot 95 jaar;2021;8;8;0
6071;Mannen en Vrouwen;90 tot 95 jaar;2022;8;9;-1
6072;Mannen en Vrouwen;90 tot 95 jaar;2023;9;10;-1
6073;Mannen en Vrouwen;90 tot 95 jaar;2024;9;11;-2
6074;Mannen en Vrouwen;90 tot 95 jaar;2025;9;12;-3
6075;Mannen en Vrouwen;90 tot 95 jaar;2026;9;13;-4
6076;Mannen en Vrouwen;90 tot 95 jaar;2027;9;15;-6
6077;Mannen en Vrouwen;90 tot 95 jaar;2028;9;16;-7
6078;Mannen en Vrouwen;90 tot 95 jaar;2029;9;17;-8
6079;Mannen en Vrouwen;90 tot 95 jaar;2030;9;21;-12
6080;Mannen en Vrouwen;90 tot 95 jaar;2031;9;18;-9
6081;Mannen en Vrouwen;90 tot 95 jaar;2032;9;21;-12
6082;Mannen en Vrouwen;90 tot 95 jaar;2033;9;21;-12
6083;Mannen en Vrouwen;90 tot 95 jaar;2034;9;23;-14
6084;Mannen en Vrouwen;90 tot 95 jaar;2035;9;24;-15
6085;Mannen en Vrouwen;90 tot 95 jaar;2036;10;27;-17
6086;Mannen en Vrouwen;90 tot 95 jaar;2037;10;26;-16
6087;Mannen en Vrouwen;90 tot 95 jaar;2038;10;27;-17
6088;Mannen en Vrouwen;90 tot 95 jaar;2039;10;26;-16
6089;Mannen en Vrouwen;90 tot 95 jaar;2040;9;28;-19
6090;Mannen en Vrouwen;90 tot 95 jaar;2041;9;26;-17
6091;Mannen en Vrouwen;90 tot 95 jaar;2042;9;29;-20
6092;Mannen en Vrouwen;90 tot 95 jaar;2043;9;30;-21
6093;Mannen en Vrouwen;90 tot 95 jaar;2044;9;31;-22
6094;Mannen en Vrouwen;90 tot 95 jaar;2045;9;33;-24
6095;Mannen en Vrouwen;90 tot 95 jaar;2046;10;34;-24
6096;Mannen en Vrouwen;90 tot 95 jaar;2047;10;35;-25
6097;Mannen en Vrouwen;90 tot 95 jaar;2048;10;38;-28
6098;Mannen en Vrouwen;90 tot 95 jaar;2049;10;41;-31
6099;Mannen en Vrouwen;90 tot 95 jaar;2050;10;46;-36
6100;Mannen en Vrouwen;90 tot 95 jaar;2051;10;45;-35
6101;Mannen en Vrouwen;90 tot 95 jaar;2052;10;49;-39
6102;Mannen en Vrouwen;90 tot 95 jaar;2053;10;52;-42
6103;Mannen en Vrouwen;90 tot 95 jaar;2054;10;56;-46
6104;Mannen en Vrouwen;90 tot 95 jaar;2055;10;57;-47
6105;Mannen en Vrouwen;90 tot 95 jaar;2056;10;59;-49
6106;Mannen en Vrouwen;90 tot 95 jaar;2057;10;58;-48
6107;Mannen en Vrouwen;90 tot 95 jaar;2058;10;62;-52
6108;Mannen en Vrouwen;90 tot 95 jaar;2059;10;66;-56
6109;Mannen en Vrouwen;90 tot 95 jaar;2060;10;68;-58
6110;Mannen en Vrouwen;90 tot 95 jaar;2061;10;69;-59
6111;Mannen en Vrouwen;90 tot 95 jaar;2062;10;69;-59
6112;Mannen en Vrouwen;90 tot 95 jaar;2063;10;69;-59
6113;Mannen en Vrouwen;90 tot 95 jaar;2064;10;70;-60
6114;Mannen en Vrouwen;90 tot 95 jaar;2065;9;68;-59
6115;Mannen en Vrouwen;90 tot 95 jaar;2066;9;68;-59
6116;Mannen en Vrouwen;90 tot 95 jaar;2067;9;71;-62
6117;Mannen en Vrouwen;90 tot 95 jaar;2068;9;72;-63
6118;Mannen en Vrouwen;90 tot 95 jaar;2069;9;74;-65
6119;Mannen en Vrouwen;90 tot 95 jaar;2070;9;74;-65
6120;Mannen en Vrouwen;95 jaar of ouder;2020;0;0;0
6121;Mannen en Vrouwen;95 jaar of ouder;2021;0;0;0
6122;Mannen en Vrouwen;95 jaar of ouder;2022;0;0;0
6123;Mannen en Vrouwen;95 jaar of ouder;2023;0;0;0
6124;Mannen en Vrouwen;95 jaar of ouder;2024;0;0;0
6125;Mannen en Vrouwen;95 jaar of ouder;2025;0;0;0
6126;Mannen en Vrouwen;95 jaar of ouder;2026;0;0;0
6127;Mannen en Vrouwen;95 jaar of ouder;2027;0;0;0
6128;Mannen en Vrouwen;95 jaar of ouder;2028;0;0;0
6129;Mannen en Vrouwen;95 jaar of ouder;2029;0;0;0
6130;Mannen en Vrouwen;95 jaar of ouder;2030;0;0;0
6131;Mannen en Vrouwen;95 jaar of ouder;2031;0;0;0
6132;Mannen en Vrouwen;95 jaar of ouder;2032;0;0;0
6133;Mannen en Vrouwen;95 jaar of ouder;2033;0;0;0
6134;Mannen en Vrouwen;95 jaar of ouder;2034;0;0;0
6135;Mannen en Vrouwen;95 jaar of ouder;2035;0;0;0
6136;Mannen en Vrouwen;95 jaar of ouder;2036;0;0;0
6137;Mannen en Vrouwen;95 jaar of ouder;2037;0;0;0
6138;Mannen en Vrouwen;95 jaar of ouder;2038;0;0;0
6139;Mannen en Vrouwen;95 jaar of ouder;2039;0;0;0
6140;Mannen en Vrouwen;95 jaar of ouder;2040;0;0;0
6141;Mannen en Vrouwen;95 jaar of ouder;2041;0;0;0
6142;Mannen en Vrouwen;95 jaar of ouder;2042;0;0;0
6143;Mannen en Vrouwen;95 jaar of ouder;2043;0;0;0
6144;Mannen en Vrouwen;95 jaar of ouder;2044;0;0;0
6145;Mannen en Vrouwen;95 jaar of ouder;2045;0;0;0
6146;Mannen en Vrouwen;95 jaar of ouder;2046;0;0;0
6147;Mannen en Vrouwen;95 jaar of ouder;2047;0;0;0
6148;Mannen en Vrouwen;95 jaar of ouder;2048;0;0;0
6149;Mannen en Vrouwen;95 jaar of ouder;2049;0;0;0
6150;Mannen en Vrouwen;95 jaar of ouder;2050;0;0;0
6151;Mannen en Vrouwen;95 jaar of ouder;2051;0;0;0
6152;Mannen en Vrouwen;95 jaar of ouder;2052;0;0;0
6153;Mannen en Vrouwen;95 jaar of ouder;2053;0;0;0
6154;Mannen en Vrouwen;95 jaar of ouder;2054;0;0;0
6155;Mannen en Vrouwen;95 jaar of ouder;2055;0;0;0
6156;Mannen en Vrouwen;95 jaar of ouder;2056;0;0;0
6157;Mannen en Vrouwen;95 jaar of ouder;2057;0;0;0
6158;Mannen en Vrouwen;95 jaar of ouder;2058;0;0;0
6159;Mannen en Vrouwen;95 jaar of ouder;2059;0;0;0
6160;Mannen en Vrouwen;95 jaar of ouder;2060;0;0;0
6161;Mannen en Vrouwen;95 jaar of ouder;2061;0;0;0
6162;Mannen en Vrouwen;95 jaar of ouder;2062;0;0;0
6163;Mannen en Vrouwen;95 jaar of ouder;2063;0;0;0
6164;Mannen en Vrouwen;95 jaar of ouder;2064;0;0;0
6165;Mannen en Vrouwen;95 jaar of ouder;2065;0;0;0
6166;Mannen en Vrouwen;95 jaar of ouder;2066;0;0;0
6167;Mannen en Vrouwen;95 jaar of ouder;2067;0;0;0
6168;Mannen en Vrouwen;95 jaar of ouder;2068;0;0;0
6169;Mannen en Vrouwen;95 jaar of ouder;2069;0;0;0
6170;Mannen en Vrouwen;95 jaar of ouder;2070;0;0;0
6171;Mannen en Vrouwen;0 tot 10 jaar;2020;17635;10718;6917
6172;Mannen en Vrouwen;0 tot 10 jaar;2021;20108;12429;7679
6173;Mannen en Vrouwen;0 tot 10 jaar;2022;22969;12584;10385
6174;Mannen en Vrouwen;0 tot 10 jaar;2023;23588;13274;10314
6175;Mannen en Vrouwen;0 tot 10 jaar;2024;23656;13936;9720
6176;Mannen en Vrouwen;0 tot 10 jaar;2025;24047;14564;9483
6177;Mannen en Vrouwen;0 tot 10 jaar;2026;24260;15063;9197
6178;Mannen en Vrouwen;0 tot 10 jaar;2027;24459;15509;8950
6179;Mannen en Vrouwen;0 tot 10 jaar;2028;24730;15897;8833
6180;Mannen en Vrouwen;0 tot 10 jaar;2029;24790;16248;8542
6181;Mannen en Vrouwen;0 tot 10 jaar;2030;24860;16590;8270
6182;Mannen en Vrouwen;0 tot 10 jaar;2031;24979;16791;8188
6183;Mannen en Vrouwen;0 tot 10 jaar;2032;25076;16931;8145
6184;Mannen en Vrouwen;0 tot 10 jaar;2033;25149;17001;8148
6185;Mannen en Vrouwen;0 tot 10 jaar;2034;25192;17031;8161
6186;Mannen en Vrouwen;0 tot 10 jaar;2035;25237;17046;8191
6187;Mannen en Vrouwen;0 tot 10 jaar;2036;25264;17045;8219
6188;Mannen en Vrouwen;0 tot 10 jaar;2037;25276;17038;8238
6189;Mannen en Vrouwen;0 tot 10 jaar;2038;25271;17007;8264
6190;Mannen en Vrouwen;0 tot 10 jaar;2039;25256;16967;8289
6191;Mannen en Vrouwen;0 tot 10 jaar;2040;25234;16916;8318
6192;Mannen en Vrouwen;0 tot 10 jaar;2041;25212;16857;8355
6193;Mannen en Vrouwen;0 tot 10 jaar;2042;25181;16802;8379
6194;Mannen en Vrouwen;0 tot 10 jaar;2043;25156;16737;8419
6195;Mannen en Vrouwen;0 tot 10 jaar;2044;25125;16675;8450
6196;Mannen en Vrouwen;0 tot 10 jaar;2045;25085;16611;8474
6197;Mannen en Vrouwen;0 tot 10 jaar;2046;25056;16554;8502
6198;Mannen en Vrouwen;0 tot 10 jaar;2047;25023;16493;8530
6199;Mannen en Vrouwen;0 tot 10 jaar;2048;24996;16430;8566
6200;Mannen en Vrouwen;0 tot 10 jaar;2049;24981;16380;8601
6201;Mannen en Vrouwen;0 tot 10 jaar;2050;24966;16326;8640
6202;Mannen en Vrouwen;0 tot 10 jaar;2051;24963;16288;8675
6203;Mannen en Vrouwen;0 tot 10 jaar;2052;24957;16258;8699
6204;Mannen en Vrouwen;0 tot 10 jaar;2053;24947;16230;8717
6205;Mannen en Vrouwen;0 tot 10 jaar;2054;24945;16204;8741
6206;Mannen en Vrouwen;0 tot 10 jaar;2055;24944;16189;8755
6207;Mannen en Vrouwen;0 tot 10 jaar;2056;24948;16185;8763
6208;Mannen en Vrouwen;0 tot 10 jaar;2057;24967;16184;8783
6209;Mannen en Vrouwen;0 tot 10 jaar;2058;24984;16192;8792
6210;Mannen en Vrouwen;0 tot 10 jaar;2059;25006;16209;8797
6211;Mannen en Vrouwen;0 tot 10 jaar;2060;25031;16233;8798
6212;Mannen en Vrouwen;0 tot 10 jaar;2061;25063;16257;8806
6213;Mannen en Vrouwen;0 tot 10 jaar;2062;25087;16286;8801
6214;Mannen en Vrouwen;0 tot 10 jaar;2063;25128;16316;8812
6215;Mannen en Vrouwen;0 tot 10 jaar;2064;25152;16344;8808
6216;Mannen en Vrouwen;0 tot 10 jaar;2065;25174;16371;8803
6217;Mannen en Vrouwen;0 tot 10 jaar;2066;25198;16389;8809
6218;Mannen en Vrouwen;0 tot 10 jaar;2067;25224;16408;8816
6219;Mannen en Vrouwen;0 tot 10 jaar;2068;25246;16415;8831
6220;Mannen en Vrouwen;0 tot 10 jaar;2069;25260;16422;8838
6221;Mannen en Vrouwen;0 tot 10 jaar;2070;25261;16442;8819
6222;Mannen en Vrouwen;10 tot 20 jaar;2020;23266;8144;15122
6223;Mannen en Vrouwen;10 tot 20 jaar;2021;26545;9564;16981
6224;Mannen en Vrouwen;10 tot 20 jaar;2022;30275;9979;20296
6225;Mannen en Vrouwen;10 tot 20 jaar;2023;31127;10698;20429
6226;Mannen en Vrouwen;10 tot 20 jaar;2024;31259;11356;19903
6227;Mannen en Vrouwen;10 tot 20 jaar;2025;31693;11938;19755
6228;Mannen en Vrouwen;10 tot 20 jaar;2026;31870;12391;19479
6229;Mannen en Vrouwen;10 tot 20 jaar;2027;32028;12748;19280
6230;Mannen en Vrouwen;10 tot 20 jaar;2028;32213;13023;19190
6231;Mannen en Vrouwen;10 tot 20 jaar;2029;32126;13239;18887
6232;Mannen en Vrouwen;10 tot 20 jaar;2030;32025;13388;18637
6233;Mannen en Vrouwen;10 tot 20 jaar;2031;31997;13453;18544
6234;Mannen en Vrouwen;10 tot 20 jaar;2032;31958;13507;18451
6235;Mannen en Vrouwen;10 tot 20 jaar;2033;31944;13564;18380
6236;Mannen en Vrouwen;10 tot 20 jaar;2034;31942;13583;18359
6237;Mannen en Vrouwen;10 tot 20 jaar;2035;31990;13616;18374
6238;Mannen en Vrouwen;10 tot 20 jaar;2036;32018;13655;18363
6239;Mannen en Vrouwen;10 tot 20 jaar;2037;32049;13694;18355
6240;Mannen en Vrouwen;10 tot 20 jaar;2038;32090;13722;18368
6241;Mannen en Vrouwen;10 tot 20 jaar;2039;32129;13756;18373
6242;Mannen en Vrouwen;10 tot 20 jaar;2040;32168;13806;18362
6243;Mannen en Vrouwen;10 tot 20 jaar;2041;32241;13860;18381
6244;Mannen en Vrouwen;10 tot 20 jaar;2042;32315;13907;18408
6245;Mannen en Vrouwen;10 tot 20 jaar;2043;32361;13928;18433
6246;Mannen en Vrouwen;10 tot 20 jaar;2044;32407;13944;18463
6247;Mannen en Vrouwen;10 tot 20 jaar;2045;32422;13945;18477
6248;Mannen en Vrouwen;10 tot 20 jaar;2046;32455;13934;18521
6249;Mannen en Vrouwen;10 tot 20 jaar;2047;32460;13919;18541
6250;Mannen en Vrouwen;10 tot 20 jaar;2048;32467;13897;18570
6251;Mannen en Vrouwen;10 tot 20 jaar;2049;32467;13863;18604
6252;Mannen en Vrouwen;10 tot 20 jaar;2050;32462;13821;18641
6253;Mannen en Vrouwen;10 tot 20 jaar;2051;32447;13783;18664
6254;Mannen en Vrouwen;10 tot 20 jaar;2052;32436;13748;18688
6255;Mannen en Vrouwen;10 tot 20 jaar;2053;32429;13703;18726
6256;Mannen en Vrouwen;10 tot 20 jaar;2054;32426;13660;18766
6257;Mannen en Vrouwen;10 tot 20 jaar;2055;32418;13618;18800
6258;Mannen en Vrouwen;10 tot 20 jaar;2056;32406;13574;18832
6259;Mannen en Vrouwen;10 tot 20 jaar;2057;32387;13536;18851
6260;Mannen en Vrouwen;10 tot 20 jaar;2058;32376;13494;18882
6261;Mannen en Vrouwen;10 tot 20 jaar;2059;32366;13461;18905
6262;Mannen en Vrouwen;10 tot 20 jaar;2060;32360;13423;18937
6263;Mannen en Vrouwen;10 tot 20 jaar;2061;32358;13395;18963
6264;Mannen en Vrouwen;10 tot 20 jaar;2062;32362;13365;18997
6265;Mannen en Vrouwen;10 tot 20 jaar;2063;32365;13341;19024
6266;Mannen en Vrouwen;10 tot 20 jaar;2064;32370;13322;19048
6267;Mannen en Vrouwen;10 tot 20 jaar;2065;32376;13307;19069
6268;Mannen en Vrouwen;10 tot 20 jaar;2066;32390;13295;19095
6269;Mannen en Vrouwen;10 tot 20 jaar;2067;32397;13285;19112
6270;Mannen en Vrouwen;10 tot 20 jaar;2068;32413;13285;19128
6271;Mannen en Vrouwen;10 tot 20 jaar;2069;32438;13280;19158
6272;Mannen en Vrouwen;10 tot 20 jaar;2070;32440;13301;19139
6273;Mannen en Vrouwen;20 tot 30 jaar;2020;83391;65798;17593
6274;Mannen en Vrouwen;20 tot 30 jaar;2021;96788;72400;24388
6275;Mannen en Vrouwen;20 tot 30 jaar;2022;111539;76002;35537
6276;Mannen en Vrouwen;20 tot 30 jaar;2023;115878;80921;34957
6277;Mannen en Vrouwen;20 tot 30 jaar;2024;117203;85419;31784
6278;Mannen en Vrouwen;20 tot 30 jaar;2025;119357;89225;30132
6279;Mannen en Vrouwen;20 tot 30 jaar;2026;120153;91625;28528
6280;Mannen en Vrouwen;20 tot 30 jaar;2027;120714;93318;27396
6281;Mannen en Vrouwen;20 tot 30 jaar;2028;121176;94320;26856
6282;Mannen en Vrouwen;20 tot 30 jaar;2029;120625;94785;25840
6283;Mannen en Vrouwen;20 tot 30 jaar;2030;120074;94718;25356
6284;Mannen en Vrouwen;20 tot 30 jaar;2031;119732;94549;25183
6285;Mannen en Vrouwen;20 tot 30 jaar;2032;119273;94294;24979
6286;Mannen en Vrouwen;20 tot 30 jaar;2033;118808;93929;24879
6287;Mannen en Vrouwen;20 tot 30 jaar;2034;118368;93559;24809
6288;Mannen en Vrouwen;20 tot 30 jaar;2035;118262;93257;25005
6289;Mannen en Vrouwen;20 tot 30 jaar;2036;118177;93004;25173
6290;Mannen en Vrouwen;20 tot 30 jaar;2037;118081;92780;25301
6291;Mannen en Vrouwen;20 tot 30 jaar;2038;117958;92519;25439
6292;Mannen en Vrouwen;20 tot 30 jaar;2039;117832;92220;25612
6293;Mannen en Vrouwen;20 tot 30 jaar;2040;117700;91907;25793
6294;Mannen en Vrouwen;20 tot 30 jaar;2041;117562;91612;25950
6295;Mannen en Vrouwen;20 tot 30 jaar;2042;117542;91371;26171
6296;Mannen en Vrouwen;20 tot 30 jaar;2043;117557;91209;26348
6297;Mannen en Vrouwen;20 tot 30 jaar;2044;117568;91054;26514
6298;Mannen en Vrouwen;20 tot 30 jaar;2045;117629;90965;26664
6299;Mannen en Vrouwen;20 tot 30 jaar;2046;117675;90893;26782
6300;Mannen en Vrouwen;20 tot 30 jaar;2047;117753;90868;26885
6301;Mannen en Vrouwen;20 tot 30 jaar;2048;117838;90883;26955
6302;Mannen en Vrouwen;20 tot 30 jaar;2049;117938;90916;27022
6303;Mannen en Vrouwen;20 tot 30 jaar;2050;118065;90969;27096
6304;Mannen en Vrouwen;20 tot 30 jaar;2051;118225;91119;27106
6305;Mannen en Vrouwen;20 tot 30 jaar;2052;118357;91226;27131
6306;Mannen en Vrouwen;20 tot 30 jaar;2053;118457;91264;27193
6307;Mannen en Vrouwen;20 tot 30 jaar;2054;118545;91252;27293
6308;Mannen en Vrouwen;20 tot 30 jaar;2055;118618;91208;27410
6309;Mannen en Vrouwen;20 tot 30 jaar;2056;118660;91134;27526
6310;Mannen en Vrouwen;20 tot 30 jaar;2057;118699;91030;27669
6311;Mannen en Vrouwen;20 tot 30 jaar;2058;118733;90897;27836
6312;Mannen en Vrouwen;20 tot 30 jaar;2059;118742;90744;27998
6313;Mannen en Vrouwen;20 tot 30 jaar;2060;118745;90571;28174
6314;Mannen en Vrouwen;20 tot 30 jaar;2061;118728;90385;28343
6315;Mannen en Vrouwen;20 tot 30 jaar;2062;118709;90197;28512
6316;Mannen en Vrouwen;20 tot 30 jaar;2063;118698;90005;28693
6317;Mannen en Vrouwen;20 tot 30 jaar;2064;118672;89804;28868
6318;Mannen en Vrouwen;20 tot 30 jaar;2065;118643;89609;29034
6319;Mannen en Vrouwen;20 tot 30 jaar;2066;118616;89415;29201
6320;Mannen en Vrouwen;20 tot 30 jaar;2067;118592;89225;29367
6321;Mannen en Vrouwen;20 tot 30 jaar;2068;118569;89046;29523
6322;Mannen en Vrouwen;20 tot 30 jaar;2069;118545;88875;29670
6323;Mannen en Vrouwen;20 tot 30 jaar;2070;118546;88702;29844
6324;Mannen en Vrouwen;30 tot 40 jaar;2020;46269;35005;11264
6325;Mannen en Vrouwen;30 tot 40 jaar;2021;54499;40134;14365
6326;Mannen en Vrouwen;30 tot 40 jaar;2022;62998;42367;20631
6327;Mannen en Vrouwen;30 tot 40 jaar;2023;65329;45123;20206
6328;Mannen en Vrouwen;30 tot 40 jaar;2024;65752;47682;18070
6329;Mannen en Vrouwen;30 tot 40 jaar;2025;66750;49890;16860
6330;Mannen en Vrouwen;30 tot 40 jaar;2026;67104;51477;15627
6331;Mannen en Vrouwen;30 tot 40 jaar;2027;67292;52731;14561
6332;Mannen en Vrouwen;30 tot 40 jaar;2028;67594;53641;13953
6333;Mannen en Vrouwen;30 tot 40 jaar;2029;67342;54320;13022
6334;Mannen en Vrouwen;30 tot 40 jaar;2030;67094;54711;12383
6335;Mannen en Vrouwen;30 tot 40 jaar;2031;66988;54894;12094
6336;Mannen en Vrouwen;30 tot 40 jaar;2032;66790;54967;11823
6337;Mannen en Vrouwen;30 tot 40 jaar;2033;66602;54972;11630
6338;Mannen en Vrouwen;30 tot 40 jaar;2034;66371;54881;11490
6339;Mannen en Vrouwen;30 tot 40 jaar;2035;66314;54787;11527
6340;Mannen en Vrouwen;30 tot 40 jaar;2036;66236;54704;11532
6341;Mannen en Vrouwen;30 tot 40 jaar;2037;66149;54613;11536
6342;Mannen en Vrouwen;30 tot 40 jaar;2038;66059;54519;11540
6343;Mannen en Vrouwen;30 tot 40 jaar;2039;65972;54415;11557
6344;Mannen en Vrouwen;30 tot 40 jaar;2040;65866;54306;11560
6345;Mannen en Vrouwen;30 tot 40 jaar;2041;65740;54187;11553
6346;Mannen en Vrouwen;30 tot 40 jaar;2042;65663;54070;11593
6347;Mannen en Vrouwen;30 tot 40 jaar;2043;65577;53946;11631
6348;Mannen en Vrouwen;30 tot 40 jaar;2044;65530;53880;11650
6349;Mannen en Vrouwen;30 tot 40 jaar;2045;65481;53796;11685
6350;Mannen en Vrouwen;30 tot 40 jaar;2046;65431;53719;11712
6351;Mannen en Vrouwen;30 tot 40 jaar;2047;65401;53626;11775
6352;Mannen en Vrouwen;30 tot 40 jaar;2048;65371;53527;11844
6353;Mannen en Vrouwen;30 tot 40 jaar;2049;65335;53432;11903
6354;Mannen en Vrouwen;30 tot 40 jaar;2050;65295;53326;11969
6355;Mannen en Vrouwen;30 tot 40 jaar;2051;65255;53225;12030
6356;Mannen en Vrouwen;30 tot 40 jaar;2052;65233;53157;12076
6357;Mannen en Vrouwen;30 tot 40 jaar;2053;65252;53142;12110
6358;Mannen en Vrouwen;30 tot 40 jaar;2054;65291;53157;12134
6359;Mannen en Vrouwen;30 tot 40 jaar;2055;65350;53216;12134
6360;Mannen en Vrouwen;30 tot 40 jaar;2056;65417;53276;12141
6361;Mannen en Vrouwen;30 tot 40 jaar;2057;65493;53366;12127
6362;Mannen en Vrouwen;30 tot 40 jaar;2058;65567;53468;12099
6363;Mannen en Vrouwen;30 tot 40 jaar;2059;65649;53575;12074
6364;Mannen en Vrouwen;30 tot 40 jaar;2060;65744;53695;12049
6365;Mannen en Vrouwen;30 tot 40 jaar;2061;65847;53828;12019
6366;Mannen en Vrouwen;30 tot 40 jaar;2062;65945;53946;11999
6367;Mannen en Vrouwen;30 tot 40 jaar;2063;66015;54026;11989
6368;Mannen en Vrouwen;30 tot 40 jaar;2064;66065;54073;11992
6369;Mannen en Vrouwen;30 tot 40 jaar;2065;66106;54103;12003
6370;Mannen en Vrouwen;30 tot 40 jaar;2066;66135;54115;12020
6371;Mannen en Vrouwen;30 tot 40 jaar;2067;66152;54112;12040
6372;Mannen en Vrouwen;30 tot 40 jaar;2068;66150;54089;12061
6373;Mannen en Vrouwen;30 tot 40 jaar;2069;66140;54052;12088
6374;Mannen en Vrouwen;30 tot 40 jaar;2070;66138;53986;12152
6375;Mannen en Vrouwen;40 tot 50 jaar;2020;22738;16370;6368
6376;Mannen en Vrouwen;40 tot 50 jaar;2021;26256;19409;6847
6377;Mannen en Vrouwen;40 tot 50 jaar;2022;29843;20398;9445
6378;Mannen en Vrouwen;40 tot 50 jaar;2023;30685;21696;8989
6379;Mannen en Vrouwen;40 tot 50 jaar;2024;30811;23033;7778
6380;Mannen en Vrouwen;40 tot 50 jaar;2025;31198;24356;6842
6381;Mannen en Vrouwen;40 tot 50 jaar;2026;31294;25403;5891
6382;Mannen en Vrouwen;40 tot 50 jaar;2027;31371;26304;5067
6383;Mannen en Vrouwen;40 tot 50 jaar;2028;31464;27077;4387
6384;Mannen en Vrouwen;40 tot 50 jaar;2029;31345;27744;3601
6385;Mannen en Vrouwen;40 tot 50 jaar;2030;31230;28260;2970
6386;Mannen en Vrouwen;40 tot 50 jaar;2031;31187;28745;2442
6387;Mannen en Vrouwen;40 tot 50 jaar;2032;31128;29167;1961
6388;Mannen en Vrouwen;40 tot 50 jaar;2033;31062;29521;1541
6389;Mannen en Vrouwen;40 tot 50 jaar;2034;30979;29808;1171
6390;Mannen en Vrouwen;40 tot 50 jaar;2035;31007;30045;962
6391;Mannen en Vrouwen;40 tot 50 jaar;2036;31000;30270;730
6392;Mannen en Vrouwen;40 tot 50 jaar;2037;30993;30483;510
6393;Mannen en Vrouwen;40 tot 50 jaar;2038;30996;30678;318
6394;Mannen en Vrouwen;40 tot 50 jaar;2039;31008;30840;168
6395;Mannen en Vrouwen;40 tot 50 jaar;2040;31030;30987;43
6396;Mannen en Vrouwen;40 tot 50 jaar;2041;31021;31093;-72
6397;Mannen en Vrouwen;40 tot 50 jaar;2042;31035;31178;-143
6398;Mannen en Vrouwen;40 tot 50 jaar;2043;31063;31260;-197
6399;Mannen en Vrouwen;40 tot 50 jaar;2044;31061;31315;-254
6400;Mannen en Vrouwen;40 tot 50 jaar;2045;31060;31360;-300
6401;Mannen en Vrouwen;40 tot 50 jaar;2046;31053;31392;-339
6402;Mannen en Vrouwen;40 tot 50 jaar;2047;31025;31398;-373
6403;Mannen en Vrouwen;40 tot 50 jaar;2048;30997;31400;-403
6404;Mannen en Vrouwen;40 tot 50 jaar;2049;30959;31400;-441
6405;Mannen en Vrouwen;40 tot 50 jaar;2050;30931;31379;-448
6406;Mannen en Vrouwen;40 tot 50 jaar;2051;30893;31381;-488
6407;Mannen en Vrouwen;40 tot 50 jaar;2052;30850;31367;-517
6408;Mannen en Vrouwen;40 tot 50 jaar;2053;30805;31336;-531
6409;Mannen en Vrouwen;40 tot 50 jaar;2054;30773;31329;-556
6410;Mannen en Vrouwen;40 tot 50 jaar;2055;30743;31318;-575
6411;Mannen en Vrouwen;40 tot 50 jaar;2056;30716;31313;-597
6412;Mannen en Vrouwen;40 tot 50 jaar;2057;30707;31308;-601
6413;Mannen en Vrouwen;40 tot 50 jaar;2058;30683;31298;-615
6414;Mannen en Vrouwen;40 tot 50 jaar;2059;30655;31292;-637
6415;Mannen en Vrouwen;40 tot 50 jaar;2060;30645;31278;-633
6416;Mannen en Vrouwen;40 tot 50 jaar;2061;30620;31259;-639
6417;Mannen en Vrouwen;40 tot 50 jaar;2062;30615;31268;-653
6418;Mannen en Vrouwen;40 tot 50 jaar;2063;30614;31307;-693
6419;Mannen en Vrouwen;40 tot 50 jaar;2064;30645;31362;-717
6420;Mannen en Vrouwen;40 tot 50 jaar;2065;30683;31438;-755
6421;Mannen en Vrouwen;40 tot 50 jaar;2066;30717;31519;-802
6422;Mannen en Vrouwen;40 tot 50 jaar;2067;30767;31618;-851
6423;Mannen en Vrouwen;40 tot 50 jaar;2068;30823;31724;-901
6424;Mannen en Vrouwen;40 tot 50 jaar;2069;30878;31831;-953
6425;Mannen en Vrouwen;40 tot 50 jaar;2070;30877;31931;-1054
6426;Mannen en Vrouwen;50 tot 60 jaar;2020;11035;9440;1595
6427;Mannen en Vrouwen;50 tot 60 jaar;2021;12441;11433;1008
6428;Mannen en Vrouwen;50 tot 60 jaar;2022;13848;11919;1929
6429;Mannen en Vrouwen;50 tot 60 jaar;2023;14060;12417;1643
6430;Mannen en Vrouwen;50 tot 60 jaar;2024;14012;12924;1088
6431;Mannen en Vrouwen;50 tot 60 jaar;2025;14100;13422;678
6432;Mannen en Vrouwen;50 tot 60 jaar;2026;14058;13787;271
6433;Mannen en Vrouwen;50 tot 60 jaar;2027;14004;14119;-115
6434;Mannen en Vrouwen;50 tot 60 jaar;2028;13993;14370;-377
6435;Mannen en Vrouwen;50 tot 60 jaar;2029;13860;14574;-714
6436;Mannen en Vrouwen;50 tot 60 jaar;2030;13740;14739;-999
6437;Mannen en Vrouwen;50 tot 60 jaar;2031;13679;14926;-1247
6438;Mannen en Vrouwen;50 tot 60 jaar;2032;13623;15137;-1514
6439;Mannen en Vrouwen;50 tot 60 jaar;2033;13572;15378;-1806
6440;Mannen en Vrouwen;50 tot 60 jaar;2034;13535;15628;-2093
6441;Mannen en Vrouwen;50 tot 60 jaar;2035;13548;15913;-2365
6442;Mannen en Vrouwen;50 tot 60 jaar;2036;13575;16214;-2639
6443;Mannen en Vrouwen;50 tot 60 jaar;2037;13600;16498;-2898
6444;Mannen en Vrouwen;50 tot 60 jaar;2038;13627;16781;-3154
6445;Mannen en Vrouwen;50 tot 60 jaar;2039;13646;17063;-3417
6446;Mannen en Vrouwen;50 tot 60 jaar;2040;13666;17335;-3669
6447;Mannen en Vrouwen;50 tot 60 jaar;2041;13690;17596;-3906
6448;Mannen en Vrouwen;50 tot 60 jaar;2042;13741;17841;-4100
6449;Mannen en Vrouwen;50 tot 60 jaar;2043;13788;18070;-4282
6450;Mannen en Vrouwen;50 tot 60 jaar;2044;13831;18277;-4446
6451;Mannen en Vrouwen;50 tot 60 jaar;2045;13863;18450;-4587
6452;Mannen en Vrouwen;50 tot 60 jaar;2046;13889;18605;-4716
6453;Mannen en Vrouwen;50 tot 60 jaar;2047;13905;18753;-4848
6454;Mannen en Vrouwen;50 tot 60 jaar;2048;13933;18892;-4959
6455;Mannen en Vrouwen;50 tot 60 jaar;2049;13971;19016;-5045
6456;Mannen en Vrouwen;50 tot 60 jaar;2050;14007;19132;-5125
6457;Mannen en Vrouwen;50 tot 60 jaar;2051;14032;19233;-5201
6458;Mannen en Vrouwen;50 tot 60 jaar;2052;14051;19324;-5273
6459;Mannen en Vrouwen;50 tot 60 jaar;2053;14063;19401;-5338
6460;Mannen en Vrouwen;50 tot 60 jaar;2054;14072;19461;-5389
6461;Mannen en Vrouwen;50 tot 60 jaar;2055;14070;19514;-5444
6462;Mannen en Vrouwen;50 tot 60 jaar;2056;14078;19558;-5480
6463;Mannen en Vrouwen;50 tot 60 jaar;2057;14076;19590;-5514
6464;Mannen en Vrouwen;50 tot 60 jaar;2058;14060;19619;-5559
6465;Mannen en Vrouwen;50 tot 60 jaar;2059;14035;19644;-5609
6466;Mannen en Vrouwen;50 tot 60 jaar;2060;14026;19658;-5632
6467;Mannen en Vrouwen;50 tot 60 jaar;2061;14003;19671;-5668
6468;Mannen en Vrouwen;50 tot 60 jaar;2062;13983;19687;-5704
6469;Mannen en Vrouwen;50 tot 60 jaar;2063;13940;19697;-5757
6470;Mannen en Vrouwen;50 tot 60 jaar;2064;13920;19719;-5799
6471;Mannen en Vrouwen;50 tot 60 jaar;2065;13910;19744;-5834
6472;Mannen en Vrouwen;50 tot 60 jaar;2066;13903;19775;-5872
6473;Mannen en Vrouwen;50 tot 60 jaar;2067;13893;19807;-5914
6474;Mannen en Vrouwen;50 tot 60 jaar;2068;13879;19827;-5948
6475;Mannen en Vrouwen;50 tot 60 jaar;2069;13870;19857;-5987
6476;Mannen en Vrouwen;50 tot 60 jaar;2070;13869;19862;-5993
6477;Mannen en Vrouwen;60 tot 70 jaar;2020;4018;4458;-440
6478;Mannen en Vrouwen;60 tot 70 jaar;2021;4456;5566;-1110
6479;Mannen en Vrouwen;60 tot 70 jaar;2022;4845;5866;-1021
6480;Mannen en Vrouwen;60 tot 70 jaar;2023;4898;6162;-1264
6481;Mannen en Vrouwen;60 tot 70 jaar;2024;4909;6535;-1626
6482;Mannen en Vrouwen;60 tot 70 jaar;2025;4973;6918;-1945
6483;Mannen en Vrouwen;60 tot 70 jaar;2026;4982;7220;-2238
6484;Mannen en Vrouwen;60 tot 70 jaar;2027;4987;7510;-2523
6485;Mannen en Vrouwen;60 tot 70 jaar;2028;5017;7786;-2769
6486;Mannen en Vrouwen;60 tot 70 jaar;2029;4999;8047;-3048
6487;Mannen en Vrouwen;60 tot 70 jaar;2030;4974;8265;-3291
6488;Mannen en Vrouwen;60 tot 70 jaar;2031;4961;8422;-3461
6489;Mannen en Vrouwen;60 tot 70 jaar;2032;4938;8534;-3596
6490;Mannen en Vrouwen;60 tot 70 jaar;2033;4894;8602;-3708
6491;Mannen en Vrouwen;60 tot 70 jaar;2034;4839;8648;-3809
6492;Mannen en Vrouwen;60 tot 70 jaar;2035;4791;8689;-3898
6493;Mannen en Vrouwen;60 tot 70 jaar;2036;4755;8722;-3967
6494;Mannen en Vrouwen;60 tot 70 jaar;2037;4706;8793;-4087
6495;Mannen en Vrouwen;60 tot 70 jaar;2038;4676;8843;-4167
6496;Mannen en Vrouwen;60 tot 70 jaar;2039;4634;8880;-4246
6497;Mannen en Vrouwen;60 tot 70 jaar;2040;4614;8936;-4322
6498;Mannen en Vrouwen;60 tot 70 jaar;2041;4596;8996;-4400
6499;Mannen en Vrouwen;60 tot 70 jaar;2042;4579;9083;-4504
6500;Mannen en Vrouwen;60 tot 70 jaar;2043;4572;9200;-4628
6501;Mannen en Vrouwen;60 tot 70 jaar;2044;4581;9343;-4762
6502;Mannen en Vrouwen;60 tot 70 jaar;2045;4592;9513;-4921
6503;Mannen en Vrouwen;60 tot 70 jaar;2046;4610;9696;-5086
6504;Mannen en Vrouwen;60 tot 70 jaar;2047;4632;9862;-5230
6505;Mannen en Vrouwen;60 tot 70 jaar;2048;4654;10025;-5371
6506;Mannen en Vrouwen;60 tot 70 jaar;2049;4673;10196;-5523
6507;Mannen en Vrouwen;60 tot 70 jaar;2050;4703;10362;-5659
6508;Mannen en Vrouwen;60 tot 70 jaar;2051;4737;10532;-5795
6509;Mannen en Vrouwen;60 tot 70 jaar;2052;4760;10693;-5933
6510;Mannen en Vrouwen;60 tot 70 jaar;2053;4787;10840;-6053
6511;Mannen en Vrouwen;60 tot 70 jaar;2054;4814;10970;-6156
6512;Mannen en Vrouwen;60 tot 70 jaar;2055;4827;11082;-6255
6513;Mannen en Vrouwen;60 tot 70 jaar;2056;4842;11181;-6339
6514;Mannen en Vrouwen;60 tot 70 jaar;2057;4863;11284;-6421
6515;Mannen en Vrouwen;60 tot 70 jaar;2058;4879;11384;-6505
6516;Mannen en Vrouwen;60 tot 70 jaar;2059;4912;11474;-6562
6517;Mannen en Vrouwen;60 tot 70 jaar;2060;4931;11562;-6631
6518;Mannen en Vrouwen;60 tot 70 jaar;2061;4940;11634;-6694
6519;Mannen en Vrouwen;60 tot 70 jaar;2062;4951;11705;-6754
6520;Mannen en Vrouwen;60 tot 70 jaar;2063;4955;11769;-6814
6521;Mannen en Vrouwen;60 tot 70 jaar;2064;4953;11820;-6867
6522;Mannen en Vrouwen;60 tot 70 jaar;2065;4959;11869;-6910
6523;Mannen en Vrouwen;60 tot 70 jaar;2066;4956;11911;-6955
6524;Mannen en Vrouwen;60 tot 70 jaar;2067;4956;11943;-6987
6525;Mannen en Vrouwen;60 tot 70 jaar;2068;4944;11976;-7032
6526;Mannen en Vrouwen;60 tot 70 jaar;2069;4938;12001;-7063
6527;Mannen en Vrouwen;60 tot 70 jaar;2070;4938;12014;-7076
6528;Mannen en Vrouwen;70 tot 80 jaar;2020;1790;1525;265
6529;Mannen en Vrouwen;70 tot 80 jaar;2021;1959;1906;53
6530;Mannen en Vrouwen;70 tot 80 jaar;2022;2080;1971;109
6531;Mannen en Vrouwen;70 tot 80 jaar;2023;2053;2069;-16
6532;Mannen en Vrouwen;70 tot 80 jaar;2024;2051;2179;-128
6533;Mannen en Vrouwen;70 tot 80 jaar;2025;2073;2305;-232
6534;Mannen en Vrouwen;70 tot 80 jaar;2026;2063;2425;-362
6535;Mannen en Vrouwen;70 tot 80 jaar;2027;2062;2530;-468
6536;Mannen en Vrouwen;70 tot 80 jaar;2028;2085;2643;-558
6537;Mannen en Vrouwen;70 tot 80 jaar;2029;2094;2772;-678
6538;Mannen en Vrouwen;70 tot 80 jaar;2030;2092;2922;-830
6539;Mannen en Vrouwen;70 tot 80 jaar;2031;2114;3047;-933
6540;Mannen en Vrouwen;70 tot 80 jaar;2032;2129;3177;-1048
6541;Mannen en Vrouwen;70 tot 80 jaar;2033;2150;3305;-1155
6542;Mannen en Vrouwen;70 tot 80 jaar;2034;2169;3451;-1282
6543;Mannen en Vrouwen;70 tot 80 jaar;2035;2183;3583;-1400
6544;Mannen en Vrouwen;70 tot 80 jaar;2036;2189;3694;-1505
6545;Mannen en Vrouwen;70 tot 80 jaar;2037;2195;3792;-1597
6546;Mannen en Vrouwen;70 tot 80 jaar;2038;2193;3912;-1719
6547;Mannen en Vrouwen;70 tot 80 jaar;2039;2204;4037;-1833
6548;Mannen en Vrouwen;70 tot 80 jaar;2040;2205;4142;-1937
6549;Mannen en Vrouwen;70 tot 80 jaar;2041;2195;4247;-2052
6550;Mannen en Vrouwen;70 tot 80 jaar;2042;2186;4324;-2138
6551;Mannen en Vrouwen;70 tot 80 jaar;2043;2154;4382;-2228
6552;Mannen en Vrouwen;70 tot 80 jaar;2044;2120;4429;-2309
6553;Mannen en Vrouwen;70 tot 80 jaar;2045;2093;4458;-2365
6554;Mannen en Vrouwen;70 tot 80 jaar;2046;2061;4484;-2423
6555;Mannen en Vrouwen;70 tot 80 jaar;2047;2028;4540;-2512
6556;Mannen en Vrouwen;70 tot 80 jaar;2048;1996;4578;-2582
6557;Mannen en Vrouwen;70 tot 80 jaar;2049;1970;4618;-2648
6558;Mannen en Vrouwen;70 tot 80 jaar;2050;1946;4658;-2712
6559;Mannen en Vrouwen;70 tot 80 jaar;2051;1937;4713;-2776
6560;Mannen en Vrouwen;70 tot 80 jaar;2052;1929;4767;-2838
6561;Mannen en Vrouwen;70 tot 80 jaar;2053;1930;4831;-2901
6562;Mannen en Vrouwen;70 tot 80 jaar;2054;1934;4911;-2977
6563;Mannen en Vrouwen;70 tot 80 jaar;2055;1943;5004;-3061
6564;Mannen en Vrouwen;70 tot 80 jaar;2056;1957;5110;-3153
6565;Mannen en Vrouwen;70 tot 80 jaar;2057;1978;5208;-3230
6566;Mannen en Vrouwen;70 tot 80 jaar;2058;1986;5306;-3320
6567;Mannen en Vrouwen;70 tot 80 jaar;2059;2004;5406;-3402
6568;Mannen en Vrouwen;70 tot 80 jaar;2060;2026;5504;-3478
6569;Mannen en Vrouwen;70 tot 80 jaar;2061;2040;5602;-3562
6570;Mannen en Vrouwen;70 tot 80 jaar;2062;2069;5690;-3621
6571;Mannen en Vrouwen;70 tot 80 jaar;2063;2087;5769;-3682
6572;Mannen en Vrouwen;70 tot 80 jaar;2064;2104;5838;-3734
6573;Mannen en Vrouwen;70 tot 80 jaar;2065;2113;5896;-3783
6574;Mannen en Vrouwen;70 tot 80 jaar;2066;2127;5950;-3823
6575;Mannen en Vrouwen;70 tot 80 jaar;2067;2136;6011;-3875
6576;Mannen en Vrouwen;70 tot 80 jaar;2068;2149;6066;-3917
6577;Mannen en Vrouwen;70 tot 80 jaar;2069;2168;6122;-3954
6578;Mannen en Vrouwen;70 tot 80 jaar;2070;2168;6173;-4005
6579;Mannen en Vrouwen;80 tot 90 jaar;2020;481;344;137
6580;Mannen en Vrouwen;80 tot 90 jaar;2021;528;455;73
6581;Mannen en Vrouwen;80 tot 90 jaar;2022;572;461;111
6582;Mannen en Vrouwen;80 tot 90 jaar;2023;567;495;72
6583;Mannen en Vrouwen;80 tot 90 jaar;2024;583;532;51
6584;Mannen en Vrouwen;80 tot 90 jaar;2025;585;575;10
6585;Mannen en Vrouwen;80 tot 90 jaar;2026;622;622;0
6586;Mannen en Vrouwen;80 tot 90 jaar;2027;651;668;-17
6587;Mannen en Vrouwen;80 tot 90 jaar;2028;671;711;-40
6588;Mannen en Vrouwen;80 tot 90 jaar;2029;677;755;-78
6589;Mannen en Vrouwen;80 tot 90 jaar;2030;683;802;-119
6590;Mannen en Vrouwen;80 tot 90 jaar;2031;695;832;-137
6591;Mannen en Vrouwen;80 tot 90 jaar;2032;703;871;-168
6592;Mannen en Vrouwen;80 tot 90 jaar;2033;711;909;-198
6593;Mannen en Vrouwen;80 tot 90 jaar;2034;712;947;-235
6594;Mannen en Vrouwen;80 tot 90 jaar;2035;715;992;-277
6595;Mannen en Vrouwen;80 tot 90 jaar;2036;719;1039;-320
6596;Mannen en Vrouwen;80 tot 90 jaar;2037;724;1087;-363
6597;Mannen en Vrouwen;80 tot 90 jaar;2038;736;1139;-403
6598;Mannen en Vrouwen;80 tot 90 jaar;2039;743;1198;-455
6599;Mannen en Vrouwen;80 tot 90 jaar;2040;753;1275;-522
6600;Mannen en Vrouwen;80 tot 90 jaar;2041;764;1339;-575
6601;Mannen en Vrouwen;80 tot 90 jaar;2042;770;1415;-645
6602;Mannen en Vrouwen;80 tot 90 jaar;2043;782;1491;-709
6603;Mannen en Vrouwen;80 tot 90 jaar;2044;794;1577;-783
6604;Mannen en Vrouwen;80 tot 90 jaar;2045;797;1658;-861
6605;Mannen en Vrouwen;80 tot 90 jaar;2046;803;1736;-933
6606;Mannen en Vrouwen;80 tot 90 jaar;2047;809;1797;-988
6607;Mannen en Vrouwen;80 tot 90 jaar;2048;809;1870;-1061
6608;Mannen en Vrouwen;80 tot 90 jaar;2049;816;1943;-1127
6609;Mannen en Vrouwen;80 tot 90 jaar;2050;816;2019;-1203
6610;Mannen en Vrouwen;80 tot 90 jaar;2051;816;2085;-1269
6611;Mannen en Vrouwen;80 tot 90 jaar;2052;810;2140;-1330
6612;Mannen en Vrouwen;80 tot 90 jaar;2053;795;2188;-1393
6613;Mannen en Vrouwen;80 tot 90 jaar;2054;780;2229;-1449
6614;Mannen en Vrouwen;80 tot 90 jaar;2055;759;2257;-1498
6615;Mannen en Vrouwen;80 tot 90 jaar;2056;746;2279;-1533
6616;Mannen en Vrouwen;80 tot 90 jaar;2057;729;2312;-1583
6617;Mannen en Vrouwen;80 tot 90 jaar;2058;718;2339;-1621
6618;Mannen en Vrouwen;80 tot 90 jaar;2059;698;2366;-1668
6619;Mannen en Vrouwen;80 tot 90 jaar;2060;697;2400;-1703
6620;Mannen en Vrouwen;80 tot 90 jaar;2061;697;2431;-1734
6621;Mannen en Vrouwen;80 tot 90 jaar;2062;691;2471;-1780
6622;Mannen en Vrouwen;80 tot 90 jaar;2063;692;2524;-1832
6623;Mannen en Vrouwen;80 tot 90 jaar;2064;693;2575;-1882
6624;Mannen en Vrouwen;80 tot 90 jaar;2065;693;2641;-1948
6625;Mannen en Vrouwen;80 tot 90 jaar;2066;706;2705;-1999
6626;Mannen en Vrouwen;80 tot 90 jaar;2067;708;2757;-2049
6627;Mannen en Vrouwen;80 tot 90 jaar;2068;715;2815;-2100
6628;Mannen en Vrouwen;80 tot 90 jaar;2069;722;2866;-2144
6629;Mannen en Vrouwen;80 tot 90 jaar;2070;722;2918;-2196
6630;Mannen en Vrouwen;90 jaar of ouder;2020;6;8;-2
6631;Mannen en Vrouwen;90 jaar of ouder;2021;8;8;0
6632;Mannen en Vrouwen;90 jaar of ouder;2022;8;9;-1
6633;Mannen en Vrouwen;90 jaar of ouder;2023;9;10;-1
6634;Mannen en Vrouwen;90 jaar of ouder;2024;9;11;-2
6635;Mannen en Vrouwen;90 jaar of ouder;2025;9;12;-3
6636;Mannen en Vrouwen;90 jaar of ouder;2026;9;13;-4
6637;Mannen en Vrouwen;90 jaar of ouder;2027;9;15;-6
6638;Mannen en Vrouwen;90 jaar of ouder;2028;9;16;-7
6639;Mannen en Vrouwen;90 jaar of ouder;2029;9;17;-8
6640;Mannen en Vrouwen;90 jaar of ouder;2030;9;21;-12
6641;Mannen en Vrouwen;90 jaar of ouder;2031;9;18;-9
6642;Mannen en Vrouwen;90 jaar of ouder;2032;9;21;-12
6643;Mannen en Vrouwen;90 jaar of ouder;2033;9;21;-12
6644;Mannen en Vrouwen;90 jaar of ouder;2034;9;23;-14
6645;Mannen en Vrouwen;90 jaar of ouder;2035;9;24;-15
6646;Mannen en Vrouwen;90 jaar of ouder;2036;10;27;-17
6647;Mannen en Vrouwen;90 jaar of ouder;2037;10;26;-16
6648;Mannen en Vrouwen;90 jaar of ouder;2038;10;27;-17
6649;Mannen en Vrouwen;90 jaar of ouder;2039;10;26;-16
6650;Mannen en Vrouwen;90 jaar of ouder;2040;9;28;-19
6651;Mannen en Vrouwen;90 jaar of ouder;2041;9;26;-17
6652;Mannen en Vrouwen;90 jaar of ouder;2042;9;29;-20
6653;Mannen en Vrouwen;90 jaar of ouder;2043;9;30;-21
6654;Mannen en Vrouwen;90 jaar of ouder;2044;9;31;-22
6655;Mannen en Vrouwen;90 jaar of ouder;2045;9;33;-24
6656;Mannen en Vrouwen;90 jaar of ouder;2046;10;34;-24
6657;Mannen en Vrouwen;90 jaar of ouder;2047;10;35;-25
6658;Mannen en Vrouwen;90 jaar of ouder;2048;10;38;-28
6659;Mannen en Vrouwen;90 jaar of ouder;2049;10;41;-31
6660;Mannen en Vrouwen;90 jaar of ouder;2050;10;46;-36
6661;Mannen en Vrouwen;90 jaar of ouder;2051;10;45;-35
6662;Mannen en Vrouwen;90 jaar of ouder;2052;10;49;-39
6663;Mannen en Vrouwen;90 jaar of ouder;2053;10;52;-42
6664;Mannen en Vrouwen;90 jaar of ouder;2054;10;56;-46
6665;Mannen en Vrouwen;90 jaar of ouder;2055;10;57;-47
6666;Mannen en Vrouwen;90 jaar of ouder;2056;10;59;-49
6667;Mannen en Vrouwen;90 jaar of ouder;2057;10;58;-48
6668;Mannen en Vrouwen;90 jaar of ouder;2058;10;62;-52
6669;Mannen en Vrouwen;90 jaar of ouder;2059;10;66;-56
6670;Mannen en Vrouwen;90 jaar of ouder;2060;10;68;-58
6671;Mannen en Vrouwen;90 jaar of ouder;2061;10;69;-59
6672;Mannen en Vrouwen;90 jaar of ouder;2062;10;69;-59
6673;Mannen en Vrouwen;90 jaar of ouder;2063;10;69;-59
6674;Mannen en Vrouwen;90 jaar of ouder;2064;10;70;-60
6675;Mannen en Vrouwen;90 jaar of ouder;2065;9;68;-59
6676;Mannen en Vrouwen;90 jaar of ouder;2066;9;68;-59
6677;Mannen en Vrouwen;90 jaar of ouder;2067;9;71;-62
6678;Mannen en Vrouwen;90 jaar of ouder;2068;9;72;-63
6679;Mannen en Vrouwen;90 jaar of ouder;2069;9;74;-65
6680;Mannen en Vrouwen;90 jaar of ouder;2070;9;74;-65
6681;Mannen;Totaal;2020;109145;80730;28415
6682;Mannen;Totaal;2021;126041;92784;33257
6683;Mannen;Totaal;2022;144109;96850;47259
6684;Mannen;Totaal;2023;148806;102380;46426
6685;Mannen;Totaal;2024;149905;107734;42171
6686;Mannen;Totaal;2025;152276;112548;39728
6687;Mannen;Totaal;2026;153176;115876;37300
6688;Mannen;Totaal;2027;153734;118474;35260
6689;Mannen;Totaal;2028;154412;120271;34141
6690;Mannen;Totaal;2029;153843;121526;32317
6691;Mannen;Totaal;2030;153292;122094;31198
6692;Mannen;Totaal;2031;153013;122696;30317
6693;Mannen;Totaal;2032;152608;123167;29441
6694;Mannen;Totaal;2033;152178;123510;28668
6695;Mannen;Totaal;2034;151721;123719;28002
6696;Mannen;Totaal;2035;151682;123969;27713
6697;Mannen;Totaal;2036;151620;124236;27384
6698;Mannen;Totaal;2037;151528;124505;27023
6699;Mannen;Totaal;2038;151441;124719;26722
6700;Mannen;Totaal;2039;151353;124871;26482
6701;Mannen;Totaal;2040;151240;125021;26219
6702;Mannen;Totaal;2041;151129;125136;25993
6703;Mannen;Totaal;2042;151116;125260;25856
6704;Mannen;Totaal;2043;151129;125413;25716
6705;Mannen;Totaal;2044;151133;125577;25556
6706;Mannen;Totaal;2045;151143;125731;25412
6707;Mannen;Totaal;2046;151155;125868;25287
6708;Mannen;Totaal;2047;151145;125989;25156
6709;Mannen;Totaal;2048;151147;126104;25043
6710;Mannen;Totaal;2049;151183;126232;24951
6711;Mannen;Totaal;2050;151223;126339;24884
6712;Mannen;Totaal;2051;151263;126515;24748
6713;Mannen;Totaal;2052;151299;126679;24620
6714;Mannen;Totaal;2053;151347;126802;24545
6715;Mannen;Totaal;2054;151409;126925;24484
6716;Mannen;Totaal;2055;151459;127044;24415
6717;Mannen;Totaal;2056;151512;127156;24356
6718;Mannen;Totaal;2057;151603;127265;24338
6719;Mannen;Totaal;2058;151642;127366;24276
6720;Mannen;Totaal;2059;151703;127460;24243
6721;Mannen;Totaal;2060;151774;127548;24226
6722;Mannen;Totaal;2061;151820;127637;24183
6723;Mannen;Totaal;2062;151889;127717;24172
6724;Mannen;Totaal;2063;151931;127804;24127
6725;Mannen;Totaal;2064;151969;127877;24092
6726;Mannen;Totaal;2065;152027;127954;24073
6727;Mannen;Totaal;2066;152084;128021;24063
6728;Mannen;Totaal;2067;152127;128085;24042
6729;Mannen;Totaal;2068;152162;128145;24017
6730;Mannen;Totaal;2069;152201;128192;24009
6731;Mannen;Totaal;2070;152203;128215;23988
6732;Mannen;0 jaar;2020;623;174;449
6733;Mannen;0 jaar;2021;705;210;495
6734;Mannen;0 jaar;2022;811;219;592
6735;Mannen;0 jaar;2023;843;237;606
6736;Mannen;0 jaar;2024;852;251;601
6737;Mannen;0 jaar;2025;873;265;608
6738;Mannen;0 jaar;2026;884;273;611
6739;Mannen;0 jaar;2027;893;281;612
6740;Mannen;0 jaar;2028;901;288;613
6741;Mannen;0 jaar;2029;902;292;610
6742;Mannen;0 jaar;2030;900;296;604
6743;Mannen;0 jaar;2031;901;298;603
6744;Mannen;0 jaar;2032;900;299;601
6745;Mannen;0 jaar;2033;899;298;601
6746;Mannen;0 jaar;2034;898;297;601
6747;Mannen;0 jaar;2035;897;296;601
6748;Mannen;0 jaar;2036;897;295;602
6749;Mannen;0 jaar;2037;897;294;603
6750;Mannen;0 jaar;2038;894;293;601
6751;Mannen;0 jaar;2039;894;291;603
6752;Mannen;0 jaar;2040;893;290;603
6753;Mannen;0 jaar;2041;891;288;603
6754;Mannen;0 jaar;2042;890;287;603
6755;Mannen;0 jaar;2043;888;286;602
6756;Mannen;0 jaar;2044;888;285;603
6757;Mannen;0 jaar;2045;887;284;603
6758;Mannen;0 jaar;2046;886;283;603
6759;Mannen;0 jaar;2047;886;283;603
6760;Mannen;0 jaar;2048;885;282;603
6761;Mannen;0 jaar;2049;885;282;603
6762;Mannen;0 jaar;2050;885;281;604
6763;Mannen;0 jaar;2051;885;282;603
6764;Mannen;0 jaar;2052;886;282;604
6765;Mannen;0 jaar;2053;886;282;604
6766;Mannen;0 jaar;2054;887;282;605
6767;Mannen;0 jaar;2055;887;283;604
6768;Mannen;0 jaar;2056;888;284;604
6769;Mannen;0 jaar;2057;889;284;605
6770;Mannen;0 jaar;2058;890;285;605
6771;Mannen;0 jaar;2059;891;286;605
6772;Mannen;0 jaar;2060;893;288;605
6773;Mannen;0 jaar;2061;896;288;608
6774;Mannen;0 jaar;2062;896;288;608
6775;Mannen;0 jaar;2063;899;289;610
6776;Mannen;0 jaar;2064;899;289;610
6777;Mannen;0 jaar;2065;899;290;609
6778;Mannen;0 jaar;2066;899;290;609
6779;Mannen;0 jaar;2067;899;290;609
6780;Mannen;0 jaar;2068;899;289;610
6781;Mannen;0 jaar;2069;899;289;610
6782;Mannen;0 jaar;2070;899;288;611
6783;Mannen;1 jaar;2020;976;591;385
6784;Mannen;1 jaar;2021;1098;677;421
6785;Mannen;1 jaar;2022;1246;696;550
6786;Mannen;1 jaar;2023;1286;750;536
6787;Mannen;1 jaar;2024;1304;805;499
6788;Mannen;1 jaar;2025;1332;852;480
6789;Mannen;1 jaar;2026;1349;886;463
6790;Mannen;1 jaar;2027;1363;908;455
6791;Mannen;1 jaar;2028;1386;930;456
6792;Mannen;1 jaar;2029;1386;947;439
6793;Mannen;1 jaar;2030;1395;962;433
6794;Mannen;1 jaar;2031;1399;967;432
6795;Mannen;1 jaar;2032;1399;969;430
6796;Mannen;1 jaar;2033;1398;967;431
6797;Mannen;1 jaar;2034;1398;964;434
6798;Mannen;1 jaar;2035;1398;961;437
6799;Mannen;1 jaar;2036;1396;957;439
6800;Mannen;1 jaar;2037;1397;954;443
6801;Mannen;1 jaar;2038;1395;950;445
6802;Mannen;1 jaar;2039;1393;946;447
6803;Mannen;1 jaar;2040;1390;941;449
6804;Mannen;1 jaar;2041;1387;937;450
6805;Mannen;1 jaar;2042;1386;933;453
6806;Mannen;1 jaar;2043;1384;928;456
6807;Mannen;1 jaar;2044;1382;925;457
6808;Mannen;1 jaar;2045;1377;922;455
6809;Mannen;1 jaar;2046;1376;919;457
6810;Mannen;1 jaar;2047;1374;916;458
6811;Mannen;1 jaar;2048;1373;912;461
6812;Mannen;1 jaar;2049;1372;911;461
6813;Mannen;1 jaar;2050;1372;909;463
6814;Mannen;1 jaar;2051;1370;907;463
6815;Mannen;1 jaar;2052;1370;908;462
6816;Mannen;1 jaar;2053;1371;908;463
6817;Mannen;1 jaar;2054;1373;909;464
6818;Mannen;1 jaar;2055;1375;910;465
6819;Mannen;1 jaar;2056;1374;912;462
6820;Mannen;1 jaar;2057;1375;914;461
6821;Mannen;1 jaar;2058;1378;916;462
6822;Mannen;1 jaar;2059;1381;919;462
6823;Mannen;1 jaar;2060;1381;921;460
6824;Mannen;1 jaar;2061;1386;924;462
6825;Mannen;1 jaar;2062;1388;926;462
6826;Mannen;1 jaar;2063;1390;928;462
6827;Mannen;1 jaar;2064;1391;929;462
6828;Mannen;1 jaar;2065;1389;929;460
6829;Mannen;1 jaar;2066;1390;930;460
6830;Mannen;1 jaar;2067;1390;930;460
6831;Mannen;1 jaar;2068;1390;929;461
6832;Mannen;1 jaar;2069;1390;928;462
6833;Mannen;1 jaar;2070;1390;927;463
6834;Mannen;2 jaar;2020;1085;682;403
6835;Mannen;2 jaar;2021;1238;750;488
6836;Mannen;2 jaar;2022;1412;746;666
6837;Mannen;2 jaar;2023;1447;792;655
6838;Mannen;2 jaar;2024;1454;848;606
6839;Mannen;2 jaar;2025;1491;903;588
6840;Mannen;2 jaar;2026;1512;942;570
6841;Mannen;2 jaar;2027;1526;974;552
6842;Mannen;2 jaar;2028;1545;994;551
6843;Mannen;2 jaar;2029;1550;1013;537
6844;Mannen;2 jaar;2030;1553;1028;525
6845;Mannen;2 jaar;2031;1562;1036;526
6846;Mannen;2 jaar;2032;1565;1039;526
6847;Mannen;2 jaar;2033;1565;1039;526
6848;Mannen;2 jaar;2034;1564;1035;529
6849;Mannen;2 jaar;2035;1564;1033;531
6850;Mannen;2 jaar;2036;1563;1028;535
6851;Mannen;2 jaar;2037;1560;1026;534
6852;Mannen;2 jaar;2038;1561;1022;539
6853;Mannen;2 jaar;2039;1558;1017;541
6854;Mannen;2 jaar;2040;1554;1012;542
6855;Mannen;2 jaar;2041;1553;1008;545
6856;Mannen;2 jaar;2042;1550;1003;547
6857;Mannen;2 jaar;2043;1549;998;551
6858;Mannen;2 jaar;2044;1547;994;553
6859;Mannen;2 jaar;2045;1545;990;555
6860;Mannen;2 jaar;2046;1542;987;555
6861;Mannen;2 jaar;2047;1538;983;555
6862;Mannen;2 jaar;2048;1539;980;559
6863;Mannen;2 jaar;2049;1539;977;562
6864;Mannen;2 jaar;2050;1537;974;563
6865;Mannen;2 jaar;2051;1536;973;563
6866;Mannen;2 jaar;2052;1536;971;565
6867;Mannen;2 jaar;2053;1536;971;565
6868;Mannen;2 jaar;2054;1535;971;564
6869;Mannen;2 jaar;2055;1535;972;563
6870;Mannen;2 jaar;2056;1539;972;567
6871;Mannen;2 jaar;2057;1540;974;566
6872;Mannen;2 jaar;2058;1543;976;567
6873;Mannen;2 jaar;2059;1545;978;567
6874;Mannen;2 jaar;2060;1546;980;566
6875;Mannen;2 jaar;2061;1549;983;566
6876;Mannen;2 jaar;2062;1550;985;565
6877;Mannen;2 jaar;2063;1552;988;564
6878;Mannen;2 jaar;2064;1554;989;565
6879;Mannen;2 jaar;2065;1554;991;563
6880;Mannen;2 jaar;2066;1555;991;564
6881;Mannen;2 jaar;2067;1556;991;565
6882;Mannen;2 jaar;2068;1558;990;568
6883;Mannen;2 jaar;2069;1558;989;569
6884;Mannen;2 jaar;2070;1558;989;569
6885;Mannen;3 jaar;2020;1038;727;311
6886;Mannen;3 jaar;2021;1188;831;357
6887;Mannen;3 jaar;2022;1368;812;556
6888;Mannen;3 jaar;2023;1401;838;563
6889;Mannen;3 jaar;2024;1400;885;515
6890;Mannen;3 jaar;2025;1432;939;493
6891;Mannen;3 jaar;2026;1452;987;465
6892;Mannen;3 jaar;2027;1470;1024;446
6893;Mannen;3 jaar;2028;1486;1051;435
6894;Mannen;3 jaar;2029;1492;1068;424
6895;Mannen;3 jaar;2030;1496;1086;410
6896;Mannen;3 jaar;2031;1501;1095;406
6897;Mannen;3 jaar;2032;1508;1100;408
6898;Mannen;3 jaar;2033;1512;1101;411
6899;Mannen;3 jaar;2034;1509;1100;409
6900;Mannen;3 jaar;2035;1511;1097;414
6901;Mannen;3 jaar;2036;1510;1094;416
6902;Mannen;3 jaar;2037;1508;1090;418
6903;Mannen;3 jaar;2038;1507;1087;420
6904;Mannen;3 jaar;2039;1506;1083;423
6905;Mannen;3 jaar;2040;1505;1079;426
6906;Mannen;3 jaar;2041;1504;1074;430
6907;Mannen;3 jaar;2042;1503;1069;434
6908;Mannen;3 jaar;2043;1500;1064;436
6909;Mannen;3 jaar;2044;1498;1059;439
6910;Mannen;3 jaar;2045;1495;1054;441
6911;Mannen;3 jaar;2046;1495;1050;445
6912;Mannen;3 jaar;2047;1493;1047;446
6913;Mannen;3 jaar;2048;1489;1043;446
6914;Mannen;3 jaar;2049;1489;1039;450
6915;Mannen;3 jaar;2050;1488;1036;452
6916;Mannen;3 jaar;2051;1488;1034;454
6917;Mannen;3 jaar;2052;1488;1032;456
6918;Mannen;3 jaar;2053;1489;1031;458
6919;Mannen;3 jaar;2054;1489;1030;459
6920;Mannen;3 jaar;2055;1489;1029;460
6921;Mannen;3 jaar;2056;1489;1030;459
6922;Mannen;3 jaar;2057;1490;1031;459
6923;Mannen;3 jaar;2058;1493;1033;460
6924;Mannen;3 jaar;2059;1493;1034;459
6925;Mannen;3 jaar;2060;1495;1036;459
6926;Mannen;3 jaar;2061;1495;1039;456
6927;Mannen;3 jaar;2062;1498;1040;458
6928;Mannen;3 jaar;2063;1499;1042;457
6929;Mannen;3 jaar;2064;1500;1045;455
6930;Mannen;3 jaar;2065;1501;1046;455
6931;Mannen;3 jaar;2066;1504;1047;457
6932;Mannen;3 jaar;2067;1505;1047;458
6933;Mannen;3 jaar;2068;1507;1047;460
6934;Mannen;3 jaar;2069;1507;1047;460
6935;Mannen;3 jaar;2070;1507;1047;460
6936;Mannen;4 jaar;2020;992;689;303
6937;Mannen;4 jaar;2021;1129;805;324
6938;Mannen;4 jaar;2022;1296;813;483
6939;Mannen;4 jaar;2023;1334;825;509
6940;Mannen;4 jaar;2024;1339;850;489
6941;Mannen;4 jaar;2025;1349;888;461
6942;Mannen;4 jaar;2026;1369;931;438
6943;Mannen;4 jaar;2027;1386;971;415
6944;Mannen;4 jaar;2028;1407;1001;406
6945;Mannen;4 jaar;2029;1408;1024;384
6946;Mannen;4 jaar;2030;1415;1039;376
6947;Mannen;4 jaar;2031;1421;1049;372
6948;Mannen;4 jaar;2032;1426;1055;371
6949;Mannen;4 jaar;2033;1429;1058;371
6950;Mannen;4 jaar;2034;1435;1059;376
6951;Mannen;4 jaar;2035;1434;1058;376
6952;Mannen;4 jaar;2036;1433;1055;378
6953;Mannen;4 jaar;2037;1434;1053;381
6954;Mannen;4 jaar;2038;1432;1050;382
6955;Mannen;4 jaar;2039;1431;1047;384
6956;Mannen;4 jaar;2040;1431;1043;388
6957;Mannen;4 jaar;2041;1429;1037;392
6958;Mannen;4 jaar;2042;1426;1033;393
6959;Mannen;4 jaar;2043;1424;1028;396
6960;Mannen;4 jaar;2044;1421;1024;397
6961;Mannen;4 jaar;2045;1420;1019;401
6962;Mannen;4 jaar;2046;1418;1015;403
6963;Mannen;4 jaar;2047;1415;1010;405
6964;Mannen;4 jaar;2048;1413;1007;406
6965;Mannen;4 jaar;2049;1412;1003;409
6966;Mannen;4 jaar;2050;1411;1000;411
6967;Mannen;4 jaar;2051;1410;997;413
6968;Mannen;4 jaar;2052;1409;995;414
6969;Mannen;4 jaar;2053;1410;993;417
6970;Mannen;4 jaar;2054;1410;991;419
6971;Mannen;4 jaar;2055;1410;990;420
6972;Mannen;4 jaar;2056;1410;990;420
6973;Mannen;4 jaar;2057;1413;990;423
6974;Mannen;4 jaar;2058;1413;991;422
6975;Mannen;4 jaar;2059;1415;993;422
6976;Mannen;4 jaar;2060;1417;995;422
6977;Mannen;4 jaar;2061;1419;996;423
6978;Mannen;4 jaar;2062;1421;999;422
6979;Mannen;4 jaar;2063;1424;1001;423
6980;Mannen;4 jaar;2064;1425;1003;422
6981;Mannen;4 jaar;2065;1426;1004;422
6982;Mannen;4 jaar;2066;1427;1006;421
6983;Mannen;4 jaar;2067;1428;1008;420
6984;Mannen;4 jaar;2068;1430;1007;423
6985;Mannen;4 jaar;2069;1430;1008;422
6986;Mannen;4 jaar;2070;1430;1009;421
6987;Mannen;5 jaar;2020;937;665;272
6988;Mannen;5 jaar;2021;1076;762;314
6989;Mannen;5 jaar;2022;1230;779;451
6990;Mannen;5 jaar;2023;1267;816;451
6991;Mannen;5 jaar;2024;1269;830;439
6992;Mannen;5 jaar;2025;1290;849;441
6993;Mannen;5 jaar;2026;1291;877;414
6994;Mannen;5 jaar;2027;1306;912;394
6995;Mannen;5 jaar;2028;1324;947;377
6996;Mannen;5 jaar;2029;1334;973;361
6997;Mannen;5 jaar;2030;1335;994;341
6998;Mannen;5 jaar;2031;1341;1001;340
6999;Mannen;5 jaar;2032;1345;1009;336
7000;Mannen;5 jaar;2033;1353;1015;338
7001;Mannen;5 jaar;2034;1353;1017;336
7002;Mannen;5 jaar;2035;1357;1018;339
7003;Mannen;5 jaar;2036;1358;1018;340
7004;Mannen;5 jaar;2037;1358;1016;342
7005;Mannen;5 jaar;2038;1358;1014;344
7006;Mannen;5 jaar;2039;1358;1010;348
7007;Mannen;5 jaar;2040;1355;1007;348
7008;Mannen;5 jaar;2041;1355;1004;351
7009;Mannen;5 jaar;2042;1351;1000;351
7010;Mannen;5 jaar;2043;1350;996;354
7011;Mannen;5 jaar;2044;1348;991;357
7012;Mannen;5 jaar;2045;1346;987;359
7013;Mannen;5 jaar;2046;1345;983;362
7014;Mannen;5 jaar;2047;1344;979;365
7015;Mannen;5 jaar;2048;1341;975;366
7016;Mannen;5 jaar;2049;1340;972;368
7017;Mannen;5 jaar;2050;1339;968;371
7018;Mannen;5 jaar;2051;1341;965;376
7019;Mannen;5 jaar;2052;1339;963;376
7020;Mannen;5 jaar;2053;1338;961;377
7021;Mannen;5 jaar;2054;1337;959;378
7022;Mannen;5 jaar;2055;1337;957;380
7023;Mannen;5 jaar;2056;1337;957;380
7024;Mannen;5 jaar;2057;1337;956;381
7025;Mannen;5 jaar;2058;1338;957;381
7026;Mannen;5 jaar;2059;1339;957;382
7027;Mannen;5 jaar;2060;1340;959;381
7028;Mannen;5 jaar;2061;1341;961;380
7029;Mannen;5 jaar;2062;1345;963;382
7030;Mannen;5 jaar;2063;1348;965;383
7031;Mannen;5 jaar;2064;1349;967;382
7032;Mannen;5 jaar;2065;1351;969;382
7033;Mannen;5 jaar;2066;1353;970;383
7034;Mannen;5 jaar;2067;1353;971;382
7035;Mannen;5 jaar;2068;1355;973;382
7036;Mannen;5 jaar;2069;1354;973;381
7037;Mannen;5 jaar;2070;1354;975;379
7038;Mannen;6 jaar;2020;889;602;287
7039;Mannen;6 jaar;2021;1017;704;313
7040;Mannen;6 jaar;2022;1170;707;463
7041;Mannen;6 jaar;2023;1196;748;448
7042;Mannen;6 jaar;2024;1198;780;418
7043;Mannen;6 jaar;2025;1218;791;427
7044;Mannen;6 jaar;2026;1224;800;424
7045;Mannen;6 jaar;2027;1224;820;404
7046;Mannen;6 jaar;2028;1240;848;392
7047;Mannen;6 jaar;2029;1252;877;375
7048;Mannen;6 jaar;2030;1259;899;360
7049;Mannen;6 jaar;2031;1265;912;353
7050;Mannen;6 jaar;2032;1271;919;352
7051;Mannen;6 jaar;2033;1278;925;353
7052;Mannen;6 jaar;2034;1280;929;351
7053;Mannen;6 jaar;2035;1284;932;352
7054;Mannen;6 jaar;2036;1287;933;354
7055;Mannen;6 jaar;2037;1286;934;352
7056;Mannen;6 jaar;2038;1284;932;352
7057;Mannen;6 jaar;2039;1285;929;356
7058;Mannen;6 jaar;2040;1284;927;357
7059;Mannen;6 jaar;2041;1283;925;358
7060;Mannen;6 jaar;2042;1282;922;360
7061;Mannen;6 jaar;2043;1281;918;363
7062;Mannen;6 jaar;2044;1279;915;364
7063;Mannen;6 jaar;2045;1275;910;365
7064;Mannen;6 jaar;2046;1274;907;367
7065;Mannen;6 jaar;2047;1273;904;369
7066;Mannen;6 jaar;2048;1271;899;372
7067;Mannen;6 jaar;2049;1270;896;374
7068;Mannen;6 jaar;2050;1270;892;378
7069;Mannen;6 jaar;2051;1270;890;380
7070;Mannen;6 jaar;2052;1269;888;381
7071;Mannen;6 jaar;2053;1269;886;383
7072;Mannen;6 jaar;2054;1268;883;385
7073;Mannen;6 jaar;2055;1269;881;388
7074;Mannen;6 jaar;2056;1268;880;388
7075;Mannen;6 jaar;2057;1269;879;390
7076;Mannen;6 jaar;2058;1270;880;390
7077;Mannen;6 jaar;2059;1271;880;391
7078;Mannen;6 jaar;2060;1273;881;392
7079;Mannen;6 jaar;2061;1273;882;391
7080;Mannen;6 jaar;2062;1274;883;391
7081;Mannen;6 jaar;2063;1276;885;391
7082;Mannen;6 jaar;2064;1276;886;390
7083;Mannen;6 jaar;2065;1278;889;389
7084;Mannen;6 jaar;2066;1281;891;390
7085;Mannen;6 jaar;2067;1284;893;391
7086;Mannen;6 jaar;2068;1286;893;393
7087;Mannen;6 jaar;2069;1288;894;394
7088;Mannen;6 jaar;2070;1288;896;392
7089;Mannen;7 jaar;2020;850;527;323
7090;Mannen;7 jaar;2021;979;634;345
7091;Mannen;7 jaar;2022;1116;644;472
7092;Mannen;7 jaar;2023;1147;672;475
7093;Mannen;7 jaar;2024;1145;706;439
7094;Mannen;7 jaar;2025;1159;731;428
7095;Mannen;7 jaar;2026;1170;735;435
7096;Mannen;7 jaar;2027;1177;742;435
7097;Mannen;7 jaar;2028;1183;754;429
7098;Mannen;7 jaar;2029;1189;777;412
7099;Mannen;7 jaar;2030;1193;801;392
7100;Mannen;7 jaar;2031;1204;815;389
7101;Mannen;7 jaar;2032;1215;825;390
7102;Mannen;7 jaar;2033;1218;829;389
7103;Mannen;7 jaar;2034;1220;834;386
7104;Mannen;7 jaar;2035;1227;838;389
7105;Mannen;7 jaar;2036;1232;841;391
7106;Mannen;7 jaar;2037;1232;843;389
7107;Mannen;7 jaar;2038;1232;843;389
7108;Mannen;7 jaar;2039;1231;841;390
7109;Mannen;7 jaar;2040;1230;839;391
7110;Mannen;7 jaar;2041;1229;837;392
7111;Mannen;7 jaar;2042;1229;834;395
7112;Mannen;7 jaar;2043;1229;832;397
7113;Mannen;7 jaar;2044;1228;829;399
7114;Mannen;7 jaar;2045;1228;825;403
7115;Mannen;7 jaar;2046;1226;823;403
7116;Mannen;7 jaar;2047;1224;819;405
7117;Mannen;7 jaar;2048;1223;815;408
7118;Mannen;7 jaar;2049;1221;812;409
7119;Mannen;7 jaar;2050;1221;808;413
7120;Mannen;7 jaar;2051;1220;806;414
7121;Mannen;7 jaar;2052;1219;803;416
7122;Mannen;7 jaar;2053;1219;801;418
7123;Mannen;7 jaar;2054;1220;799;421
7124;Mannen;7 jaar;2055;1218;797;421
7125;Mannen;7 jaar;2056;1218;796;422
7126;Mannen;7 jaar;2057;1220;795;425
7127;Mannen;7 jaar;2058;1220;794;426
7128;Mannen;7 jaar;2059;1220;794;426
7129;Mannen;7 jaar;2060;1218;794;424
7130;Mannen;7 jaar;2061;1221;795;426
7131;Mannen;7 jaar;2062;1221;796;425
7132;Mannen;7 jaar;2063;1223;798;425
7133;Mannen;7 jaar;2064;1224;799;425
7134;Mannen;7 jaar;2065;1227;801;426
7135;Mannen;7 jaar;2066;1227;803;424
7136;Mannen;7 jaar;2067;1229;805;424
7137;Mannen;7 jaar;2068;1230;806;424
7138;Mannen;7 jaar;2069;1231;808;423
7139;Mannen;7 jaar;2070;1231;810;421
7140;Mannen;8 jaar;2020;829;484;345
7141;Mannen;8 jaar;2021;940;560;380
7142;Mannen;8 jaar;2022;1074;582;492
7143;Mannen;8 jaar;2023;1099;614;485
7144;Mannen;8 jaar;2024;1108;637;471
7145;Mannen;8 jaar;2025;1117;663;454
7146;Mannen;8 jaar;2026;1122;679;443
7147;Mannen;8 jaar;2027;1134;682;452
7148;Mannen;8 jaar;2028;1140;684;456
7149;Mannen;8 jaar;2029;1135;693;442
7150;Mannen;8 jaar;2030;1143;711;432
7151;Mannen;8 jaar;2031;1148;727;421
7152;Mannen;8 jaar;2032;1156;740;416
7153;Mannen;8 jaar;2033;1164;748;416
7154;Mannen;8 jaar;2034;1167;751;416
7155;Mannen;8 jaar;2035;1172;756;416
7156;Mannen;8 jaar;2036;1179;760;419
7157;Mannen;8 jaar;2037;1181;763;418
7158;Mannen;8 jaar;2038;1183;764;419
7159;Mannen;8 jaar;2039;1183;764;419
7160;Mannen;8 jaar;2040;1183;762;421
7161;Mannen;8 jaar;2041;1180;760;420
7162;Mannen;8 jaar;2042;1181;759;422
7163;Mannen;8 jaar;2043;1181;757;424
7164;Mannen;8 jaar;2044;1180;755;425
7165;Mannen;8 jaar;2045;1180;752;428
7166;Mannen;8 jaar;2046;1178;749;429
7167;Mannen;8 jaar;2047;1177;746;431
7168;Mannen;8 jaar;2048;1175;743;432
7169;Mannen;8 jaar;2049;1174;740;434
7170;Mannen;8 jaar;2050;1173;737;436
7171;Mannen;8 jaar;2051;1174;734;440
7172;Mannen;8 jaar;2052;1172;732;440
7173;Mannen;8 jaar;2053;1172;729;443
7174;Mannen;8 jaar;2054;1172;727;445
7175;Mannen;8 jaar;2055;1171;726;445
7176;Mannen;8 jaar;2056;1170;724;446
7177;Mannen;8 jaar;2057;1170;722;448
7178;Mannen;8 jaar;2058;1169;722;447
7179;Mannen;8 jaar;2059;1170;721;449
7180;Mannen;8 jaar;2060;1170;721;449
7181;Mannen;8 jaar;2061;1172;722;450
7182;Mannen;8 jaar;2062;1172;722;450
7183;Mannen;8 jaar;2063;1173;723;450
7184;Mannen;8 jaar;2064;1173;724;449
7185;Mannen;8 jaar;2065;1174;726;448
7186;Mannen;8 jaar;2066;1176;728;448
7187;Mannen;8 jaar;2067;1178;730;448
7188;Mannen;8 jaar;2068;1179;731;448
7189;Mannen;8 jaar;2069;1180;733;447
7190;Mannen;8 jaar;2070;1181;735;446
7191;Mannen;9 jaar;2020;815;434;381
7192;Mannen;9 jaar;2021;926;512;414
7193;Mannen;9 jaar;2022;1046;513;533
7194;Mannen;9 jaar;2023;1079;554;525
7195;Mannen;9 jaar;2024;1078;582;496
7196;Mannen;9 jaar;2025;1096;600;496
7197;Mannen;9 jaar;2026;1101;618;483
7198;Mannen;9 jaar;2027;1103;632;471
7199;Mannen;9 jaar;2028;1116;632;484
7200;Mannen;9 jaar;2029;1112;633;479
7201;Mannen;9 jaar;2030;1109;640;469
7202;Mannen;9 jaar;2031;1117;652;465
7203;Mannen;9 jaar;2032;1125;665;460
7204;Mannen;9 jaar;2033;1131;675;456
7205;Mannen;9 jaar;2034;1140;681;459
7206;Mannen;9 jaar;2035;1143;684;459
7207;Mannen;9 jaar;2036;1147;690;457
7208;Mannen;9 jaar;2037;1151;692;459
7209;Mannen;9 jaar;2038;1156;695;461
7210;Mannen;9 jaar;2039;1157;696;461
7211;Mannen;9 jaar;2040;1158;696;462
7212;Mannen;9 jaar;2041;1157;695;462
7213;Mannen;9 jaar;2042;1156;693;463
7214;Mannen;9 jaar;2043;1155;693;462
7215;Mannen;9 jaar;2044;1154;690;464
7216;Mannen;9 jaar;2045;1152;689;463
7217;Mannen;9 jaar;2046;1152;687;465
7218;Mannen;9 jaar;2047;1151;684;467
7219;Mannen;9 jaar;2048;1151;680;471
7220;Mannen;9 jaar;2049;1149;678;471
7221;Mannen;9 jaar;2050;1149;675;474
7222;Mannen;9 jaar;2051;1146;673;473
7223;Mannen;9 jaar;2052;1146;671;475
7224;Mannen;9 jaar;2053;1143;669;474
7225;Mannen;9 jaar;2054;1143;666;477
7226;Mannen;9 jaar;2055;1142;665;477
7227;Mannen;9 jaar;2056;1143;662;481
7228;Mannen;9 jaar;2057;1141;662;479
7229;Mannen;9 jaar;2058;1141;660;481
7230;Mannen;9 jaar;2059;1142;660;482
7231;Mannen;9 jaar;2060;1143;659;484
7232;Mannen;9 jaar;2061;1143;659;484
7233;Mannen;9 jaar;2062;1142;659;483
7234;Mannen;9 jaar;2063;1146;660;486
7235;Mannen;9 jaar;2064;1146;661;485
7236;Mannen;9 jaar;2065;1147;661;486
7237;Mannen;9 jaar;2066;1148;662;486
7238;Mannen;9 jaar;2067;1151;665;486
7239;Mannen;9 jaar;2068;1152;666;486
7240;Mannen;9 jaar;2069;1152;667;485
7241;Mannen;9 jaar;2070;1152;670;482
7242;Mannen;10 jaar;2020;778;401;377
7243;Mannen;10 jaar;2021;885;469;416
7244;Mannen;10 jaar;2022;1000;478;522
7245;Mannen;10 jaar;2023;1026;500;526
7246;Mannen;10 jaar;2024;1025;536;489
7247;Mannen;10 jaar;2025;1039;560;479
7248;Mannen;10 jaar;2026;1046;571;475
7249;Mannen;10 jaar;2027;1052;585;467
7250;Mannen;10 jaar;2028;1057;595;462
7251;Mannen;10 jaar;2029;1061;595;466
7252;Mannen;10 jaar;2030;1054;595;459
7253;Mannen;10 jaar;2031;1057;597;460
7254;Mannen;10 jaar;2032;1062;607;455
7255;Mannen;10 jaar;2033;1068;618;450
7256;Mannen;10 jaar;2034;1076;626;450
7257;Mannen;10 jaar;2035;1080;632;448
7258;Mannen;10 jaar;2036;1085;634;451
7259;Mannen;10 jaar;2037;1089;638;451
7260;Mannen;10 jaar;2038;1092;641;451
7261;Mannen;10 jaar;2039;1092;643;449
7262;Mannen;10 jaar;2040;1093;644;449
7263;Mannen;10 jaar;2041;1096;644;452
7264;Mannen;10 jaar;2042;1094;643;451
7265;Mannen;10 jaar;2043;1096;641;455
7266;Mannen;10 jaar;2044;1095;640;455
7267;Mannen;10 jaar;2045;1094;639;455
7268;Mannen;10 jaar;2046;1093;636;457
7269;Mannen;10 jaar;2047;1092;634;458
7270;Mannen;10 jaar;2048;1091;632;459
7271;Mannen;10 jaar;2049;1089;629;460
7272;Mannen;10 jaar;2050;1085;626;459
7273;Mannen;10 jaar;2051;1085;624;461
7274;Mannen;10 jaar;2052;1085;622;463
7275;Mannen;10 jaar;2053;1084;620;464
7276;Mannen;10 jaar;2054;1083;618;465
7277;Mannen;10 jaar;2055;1085;616;469
7278;Mannen;10 jaar;2056;1084;614;470
7279;Mannen;10 jaar;2057;1082;613;469
7280;Mannen;10 jaar;2058;1081;611;470
7281;Mannen;10 jaar;2059;1082;610;472
7282;Mannen;10 jaar;2060;1082;610;472
7283;Mannen;10 jaar;2061;1081;609;472
7284;Mannen;10 jaar;2062;1083;609;474
7285;Mannen;10 jaar;2063;1084;610;474
7286;Mannen;10 jaar;2064;1086;609;477
7287;Mannen;10 jaar;2065;1086;610;476
7288;Mannen;10 jaar;2066;1089;611;478
7289;Mannen;10 jaar;2067;1090;612;478
7290;Mannen;10 jaar;2068;1094;614;480
7291;Mannen;10 jaar;2069;1095;615;480
7292;Mannen;10 jaar;2070;1095;617;478
7293;Mannen;11 jaar;2020;730;362;368
7294;Mannen;11 jaar;2021;839;431;408
7295;Mannen;11 jaar;2022;947;435;512
7296;Mannen;11 jaar;2023;969;462;507
7297;Mannen;11 jaar;2024;960;481;479
7298;Mannen;11 jaar;2025;978;510;468
7299;Mannen;11 jaar;2026;986;527;459
7300;Mannen;11 jaar;2027;990;535;455
7301;Mannen;11 jaar;2028;995;545;450
7302;Mannen;11 jaar;2029;994;554;440
7303;Mannen;11 jaar;2030;997;552;445
7304;Mannen;11 jaar;2031;997;549;448
7305;Mannen;11 jaar;2032;994;550;444
7306;Mannen;11 jaar;2033;997;558;439
7307;Mannen;11 jaar;2034;1004;567;437
7308;Mannen;11 jaar;2035;1011;574;437
7309;Mannen;11 jaar;2036;1017;579;438
7310;Mannen;11 jaar;2037;1021;581;440
7311;Mannen;11 jaar;2038;1025;584;441
7312;Mannen;11 jaar;2039;1029;586;443
7313;Mannen;11 jaar;2040;1029;589;440
7314;Mannen;11 jaar;2041;1031;589;442
7315;Mannen;11 jaar;2042;1033;589;444
7316;Mannen;11 jaar;2043;1031;588;443
7317;Mannen;11 jaar;2044;1031;587;444
7318;Mannen;11 jaar;2045;1031;585;446
7319;Mannen;11 jaar;2046;1031;584;447
7320;Mannen;11 jaar;2047;1027;582;445
7321;Mannen;11 jaar;2048;1026;580;446
7322;Mannen;11 jaar;2049;1026;578;448
7323;Mannen;11 jaar;2050;1025;576;449
7324;Mannen;11 jaar;2051;1024;573;451
7325;Mannen;11 jaar;2052;1022;571;451
7326;Mannen;11 jaar;2053;1022;569;453
7327;Mannen;11 jaar;2054;1022;568;454
7328;Mannen;11 jaar;2055;1021;566;455
7329;Mannen;11 jaar;2056;1020;564;456
7330;Mannen;11 jaar;2057;1018;563;455
7331;Mannen;11 jaar;2058;1019;561;458
7332;Mannen;11 jaar;2059;1018;560;458
7333;Mannen;11 jaar;2060;1018;559;459
7334;Mannen;11 jaar;2061;1018;558;460
7335;Mannen;11 jaar;2062;1018;557;461
7336;Mannen;11 jaar;2063;1019;557;462
7337;Mannen;11 jaar;2064;1019;557;462
7338;Mannen;11 jaar;2065;1021;557;464
7339;Mannen;11 jaar;2066;1022;558;464
7340;Mannen;11 jaar;2067;1022;559;463
7341;Mannen;11 jaar;2068;1023;560;463
7342;Mannen;11 jaar;2069;1024;562;462
7343;Mannen;11 jaar;2070;1024;564;460
7344;Mannen;12 jaar;2020;699;334;365
7345;Mannen;12 jaar;2021;803;393;410
7346;Mannen;12 jaar;2022;908;404;504
7347;Mannen;12 jaar;2023;927;423;504
7348;Mannen;12 jaar;2024;926;447;479
7349;Mannen;12 jaar;2025;925;463;462
7350;Mannen;12 jaar;2026;937;486;451
7351;Mannen;12 jaar;2027;941;499;442
7352;Mannen;12 jaar;2028;952;505;447
7353;Mannen;12 jaar;2029;947;513;434
7354;Mannen;12 jaar;2030;947;520;427
7355;Mannen;12 jaar;2031;949;516;433
7356;Mannen;12 jaar;2032;949;512;437
7357;Mannen;12 jaar;2033;945;513;432
7358;Mannen;12 jaar;2034;950;519;431
7359;Mannen;12 jaar;2035;958;527;431
7360;Mannen;12 jaar;2036;963;534;429
7361;Mannen;12 jaar;2037;966;538;428
7362;Mannen;12 jaar;2038;970;540;430
7363;Mannen;12 jaar;2039;975;543;432
7364;Mannen;12 jaar;2040;978;545;433
7365;Mannen;12 jaar;2041;979;547;432
7366;Mannen;12 jaar;2042;979;548;431
7367;Mannen;12 jaar;2043;981;547;434
7368;Mannen;12 jaar;2044;979;547;432
7369;Mannen;12 jaar;2045;979;546;433
7370;Mannen;12 jaar;2046;979;544;435
7371;Mannen;12 jaar;2047;979;543;436
7372;Mannen;12 jaar;2048;978;542;436
7373;Mannen;12 jaar;2049;976;539;437
7374;Mannen;12 jaar;2050;974;538;436
7375;Mannen;12 jaar;2051;973;536;437
7376;Mannen;12 jaar;2052;971;534;437
7377;Mannen;12 jaar;2053;972;532;440
7378;Mannen;12 jaar;2054;971;530;441
7379;Mannen;12 jaar;2055;971;528;443
7380;Mannen;12 jaar;2056;971;527;444
7381;Mannen;12 jaar;2057;971;525;446
7382;Mannen;12 jaar;2058;970;524;446
7383;Mannen;12 jaar;2059;971;523;448
7384;Mannen;12 jaar;2060;970;521;449
7385;Mannen;12 jaar;2061;969;521;448
7386;Mannen;12 jaar;2062;970;520;450
7387;Mannen;12 jaar;2063;972;520;452
7388;Mannen;12 jaar;2064;972;520;452
7389;Mannen;12 jaar;2065;973;519;454
7390;Mannen;12 jaar;2066;975;521;454
7391;Mannen;12 jaar;2067;976;521;455
7392;Mannen;12 jaar;2068;975;522;453
7393;Mannen;12 jaar;2069;976;522;454
7394;Mannen;12 jaar;2070;976;524;452
7395;Mannen;13 jaar;2020;667;312;355
7396;Mannen;13 jaar;2021;772;380;392
7397;Mannen;13 jaar;2022;874;385;489
7398;Mannen;13 jaar;2023;893;411;482
7399;Mannen;13 jaar;2024;894;428;466
7400;Mannen;13 jaar;2025;899;450;449
7401;Mannen;13 jaar;2026;899;462;437
7402;Mannen;13 jaar;2027;909;482;427
7403;Mannen;13 jaar;2028;915;493;422
7404;Mannen;13 jaar;2029;913;497;416
7405;Mannen;13 jaar;2030;911;504;407
7406;Mannen;13 jaar;2031;913;508;405
7407;Mannen;13 jaar;2032;913;503;410
7408;Mannen;13 jaar;2033;912;499;413
7409;Mannen;13 jaar;2034;909;499;410
7410;Mannen;13 jaar;2035;913;506;407
7411;Mannen;13 jaar;2036;919;514;405
7412;Mannen;13 jaar;2037;926;519;407
7413;Mannen;13 jaar;2038;928;523;405
7414;Mannen;13 jaar;2039;932;525;407
7415;Mannen;13 jaar;2040;938;528;410
7416;Mannen;13 jaar;2041;940;529;411
7417;Mannen;13 jaar;2042;941;531;410
7418;Mannen;13 jaar;2043;942;531;411
7419;Mannen;13 jaar;2044;943;531;412
7420;Mannen;13 jaar;2045;941;531;410
7421;Mannen;13 jaar;2046;941;530;411
7422;Mannen;13 jaar;2047;942;528;414
7423;Mannen;13 jaar;2048;941;527;414
7424;Mannen;13 jaar;2049;940;526;414
7425;Mannen;13 jaar;2050;939;523;416
7426;Mannen;13 jaar;2051;938;522;416
7427;Mannen;13 jaar;2052;938;521;417
7428;Mannen;13 jaar;2053;936;518;418
7429;Mannen;13 jaar;2054;936;517;419
7430;Mannen;13 jaar;2055;935;515;420
7431;Mannen;13 jaar;2056;934;513;421
7432;Mannen;13 jaar;2057;935;512;423
7433;Mannen;13 jaar;2058;933;510;423
7434;Mannen;13 jaar;2059;933;510;423
7435;Mannen;13 jaar;2060;932;508;424
7436;Mannen;13 jaar;2061;932;508;424
7437;Mannen;13 jaar;2062;930;507;423
7438;Mannen;13 jaar;2063;931;506;425
7439;Mannen;13 jaar;2064;932;506;426
7440;Mannen;13 jaar;2065;933;505;428
7441;Mannen;13 jaar;2066;934;506;428
7442;Mannen;13 jaar;2067;935;506;429
7443;Mannen;13 jaar;2068;937;506;431
7444;Mannen;13 jaar;2069;936;507;429
7445;Mannen;13 jaar;2070;936;508;428
7446;Mannen;14 jaar;2020;660;292;368
7447;Mannen;14 jaar;2021;756;352;404
7448;Mannen;14 jaar;2022;862;367;495
7449;Mannen;14 jaar;2023;887;386;501
7450;Mannen;14 jaar;2024;884;410;474
7451;Mannen;14 jaar;2025;892;425;467
7452;Mannen;14 jaar;2026;896;441;455
7453;Mannen;14 jaar;2027;896;450;446
7454;Mannen;14 jaar;2028;907;467;440
7455;Mannen;14 jaar;2029;904;476;428
7456;Mannen;14 jaar;2030;906;478;428
7457;Mannen;14 jaar;2031;904;481;423
7458;Mannen;14 jaar;2032;904;485;419
7459;Mannen;14 jaar;2033;906;481;425
7460;Mannen;14 jaar;2034;904;477;427
7461;Mannen;14 jaar;2035;902;478;424
7462;Mannen;14 jaar;2036;905;483;422
7463;Mannen;14 jaar;2037;910;490;420
7464;Mannen;14 jaar;2038;917;495;422
7465;Mannen;14 jaar;2039;921;499;422
7466;Mannen;14 jaar;2040;921;500;421
7467;Mannen;14 jaar;2041;928;502;426
7468;Mannen;14 jaar;2042;930;505;425
7469;Mannen;14 jaar;2043;931;505;426
7470;Mannen;14 jaar;2044;932;506;426
7471;Mannen;14 jaar;2045;933;506;427
7472;Mannen;14 jaar;2046;932;505;427
7473;Mannen;14 jaar;2047;932;505;427
7474;Mannen;14 jaar;2048;933;504;429
7475;Mannen;14 jaar;2049;932;502;430
7476;Mannen;14 jaar;2050;931;501;430
7477;Mannen;14 jaar;2051;930;499;431
7478;Mannen;14 jaar;2052;929;498;431
7479;Mannen;14 jaar;2053;929;497;432
7480;Mannen;14 jaar;2054;928;494;434
7481;Mannen;14 jaar;2055;927;493;434
7482;Mannen;14 jaar;2056;927;492;435
7483;Mannen;14 jaar;2057;926;490;436
7484;Mannen;14 jaar;2058;926;489;437
7485;Mannen;14 jaar;2059;925;487;438
7486;Mannen;14 jaar;2060;924;487;437
7487;Mannen;14 jaar;2061;924;485;439
7488;Mannen;14 jaar;2062;924;484;440
7489;Mannen;14 jaar;2063;922;483;439
7490;Mannen;14 jaar;2064;923;483;440
7491;Mannen;14 jaar;2065;923;483;440
7492;Mannen;14 jaar;2066;925;483;442
7493;Mannen;14 jaar;2067;925;482;443
7494;Mannen;14 jaar;2068;927;483;444
7495;Mannen;14 jaar;2069;928;483;445
7496;Mannen;14 jaar;2070;928;485;443
7497;Mannen;15 jaar;2020;679;275;404
7498;Mannen;15 jaar;2021;776;335;441
7499;Mannen;15 jaar;2022;883;345;538
7500;Mannen;15 jaar;2023;909;374;535
7501;Mannen;15 jaar;2024;905;390;515
7502;Mannen;15 jaar;2025;918;412;506
7503;Mannen;15 jaar;2026;922;422;500
7504;Mannen;15 jaar;2027;922;435;487
7505;Mannen;15 jaar;2028;927;442;485
7506;Mannen;15 jaar;2029;929;456;473
7507;Mannen;15 jaar;2030;928;463;465
7508;Mannen;15 jaar;2031;932;463;469
7509;Mannen;15 jaar;2032;931;465;466
7510;Mannen;15 jaar;2033;931;467;464
7511;Mannen;15 jaar;2034;936;463;473
7512;Mannen;15 jaar;2035;930;460;470
7513;Mannen;15 jaar;2036;927;460;467
7514;Mannen;15 jaar;2037;933;466;467
7515;Mannen;15 jaar;2038;937;472;465
7516;Mannen;15 jaar;2039;944;477;467
7517;Mannen;15 jaar;2040;947;481;466
7518;Mannen;15 jaar;2041;951;482;469
7519;Mannen;15 jaar;2042;953;485;468
7520;Mannen;15 jaar;2043;955;486;469
7521;Mannen;15 jaar;2044;956;488;468
7522;Mannen;15 jaar;2045;957;488;469
7523;Mannen;15 jaar;2046;958;488;470
7524;Mannen;15 jaar;2047;958;488;470
7525;Mannen;15 jaar;2048;957;487;470
7526;Mannen;15 jaar;2049;957;485;472
7527;Mannen;15 jaar;2050;958;484;474
7528;Mannen;15 jaar;2051;957;483;474
7529;Mannen;15 jaar;2052;955;482;473
7530;Mannen;15 jaar;2053;955;480;475
7531;Mannen;15 jaar;2054;955;479;476
7532;Mannen;15 jaar;2055;955;477;478
7533;Mannen;15 jaar;2056;952;476;476
7534;Mannen;15 jaar;2057;951;475;476
7535;Mannen;15 jaar;2058;952;473;479
7536;Mannen;15 jaar;2059;952;472;480
7537;Mannen;15 jaar;2060;952;470;482
7538;Mannen;15 jaar;2061;952;470;482
7539;Mannen;15 jaar;2062;952;469;483
7540;Mannen;15 jaar;2063;953;468;485
7541;Mannen;15 jaar;2064;951;468;483
7542;Mannen;15 jaar;2065;951;467;484
7543;Mannen;15 jaar;2066;951;466;485
7544;Mannen;15 jaar;2067;953;466;487
7545;Mannen;15 jaar;2068;953;467;486
7546;Mannen;15 jaar;2069;954;466;488
7547;Mannen;15 jaar;2070;954;468;486
7548;Mannen;16 jaar;2020;724;262;462
7549;Mannen;16 jaar;2021;837;317;520
7550;Mannen;16 jaar;2022;954;328;626
7551;Mannen;16 jaar;2023;975;352;623
7552;Mannen;16 jaar;2024;977;377;600
7553;Mannen;16 jaar;2025;987;394;593
7554;Mannen;16 jaar;2026;992;411;581
7555;Mannen;16 jaar;2027;998;418;580
7556;Mannen;16 jaar;2028;1003;430;573
7557;Mannen;16 jaar;2029;1001;435;566
7558;Mannen;16 jaar;2030;1004;447;557
7559;Mannen;16 jaar;2031;1002;450;552
7560;Mannen;16 jaar;2032;1006;449;557
7561;Mannen;16 jaar;2033;1007;451;556
7562;Mannen;16 jaar;2034;1006;453;553
7563;Mannen;16 jaar;2035;1010;450;560
7564;Mannen;16 jaar;2036;1003;446;557
7565;Mannen;16 jaar;2037;1000;447;553
7566;Mannen;16 jaar;2038;1006;452;554
7567;Mannen;16 jaar;2039;1012;458;554
7568;Mannen;16 jaar;2040;1016;463;553
7569;Mannen;16 jaar;2041;1021;466;555
7570;Mannen;16 jaar;2042;1024;468;556
7571;Mannen;16 jaar;2043;1025;470;555
7572;Mannen;16 jaar;2044;1030;472;558
7573;Mannen;16 jaar;2045;1031;473;558
7574;Mannen;16 jaar;2046;1031;473;558
7575;Mannen;16 jaar;2047;1032;473;559
7576;Mannen;16 jaar;2048;1033;472;561
7577;Mannen;16 jaar;2049;1032;472;560
7578;Mannen;16 jaar;2050;1032;470;562
7579;Mannen;16 jaar;2051;1031;469;562
7580;Mannen;16 jaar;2052;1032;469;563
7581;Mannen;16 jaar;2053;1032;467;565
7582;Mannen;16 jaar;2054;1032;466;566
7583;Mannen;16 jaar;2055;1030;465;565
7584;Mannen;16 jaar;2056;1028;463;565
7585;Mannen;16 jaar;2057;1028;462;566
7586;Mannen;16 jaar;2058;1026;461;565
7587;Mannen;16 jaar;2059;1028;459;569
7588;Mannen;16 jaar;2060;1028;458;570
7589;Mannen;16 jaar;2061;1026;457;569
7590;Mannen;16 jaar;2062;1027;456;571
7591;Mannen;16 jaar;2063;1028;455;573
7592;Mannen;16 jaar;2064;1028;455;573
7593;Mannen;16 jaar;2065;1028;454;574
7594;Mannen;16 jaar;2066;1026;454;572
7595;Mannen;16 jaar;2067;1027;454;573
7596;Mannen;16 jaar;2068;1027;453;574
7597;Mannen;16 jaar;2069;1027;453;574
7598;Mannen;16 jaar;2070;1027;454;573
7599;Mannen;17 jaar;2020;779;251;528
7600;Mannen;17 jaar;2021;904;299;605
7601;Mannen;17 jaar;2022;1034;308;726
7602;Mannen;17 jaar;2023;1063;332;731
7603;Mannen;17 jaar;2024;1065;354;711
7604;Mannen;17 jaar;2025;1078;377;701
7605;Mannen;17 jaar;2026;1084;389;695
7606;Mannen;17 jaar;2027;1090;403;687
7607;Mannen;17 jaar;2028;1095;408;687
7608;Mannen;17 jaar;2029;1094;418;676
7609;Mannen;17 jaar;2030;1088;421;667
7610;Mannen;17 jaar;2031;1093;429;664
7611;Mannen;17 jaar;2032;1094;432;662
7612;Mannen;17 jaar;2033;1096;430;666
7613;Mannen;17 jaar;2034;1097;432;665
7614;Mannen;17 jaar;2035;1099;434;665
7615;Mannen;17 jaar;2036;1099;431;668
7616;Mannen;17 jaar;2037;1093;427;666
7617;Mannen;17 jaar;2038;1091;428;663
7618;Mannen;17 jaar;2039;1097;433;664
7619;Mannen;17 jaar;2040;1101;438;663
7620;Mannen;17 jaar;2041;1106;442;664
7621;Mannen;17 jaar;2042;1109;445;664
7622;Mannen;17 jaar;2043;1111;447;664
7623;Mannen;17 jaar;2044;1116;449;667
7624;Mannen;17 jaar;2045;1118;450;668
7625;Mannen;17 jaar;2046;1121;451;670
7626;Mannen;17 jaar;2047;1123;451;672
7627;Mannen;17 jaar;2048;1123;451;672
7628;Mannen;17 jaar;2049;1125;451;674
7629;Mannen;17 jaar;2050;1123;450;673
7630;Mannen;17 jaar;2051;1123;449;674
7631;Mannen;17 jaar;2052;1123;448;675
7632;Mannen;17 jaar;2053;1121;447;674
7633;Mannen;17 jaar;2054;1120;446;674
7634;Mannen;17 jaar;2055;1118;444;674
7635;Mannen;17 jaar;2056;1119;443;676
7636;Mannen;17 jaar;2057;1118;441;677
7637;Mannen;17 jaar;2058;1116;441;675
7638;Mannen;17 jaar;2059;1116;440;676
7639;Mannen;17 jaar;2060;1116;438;678
7640;Mannen;17 jaar;2061;1117;438;679
7641;Mannen;17 jaar;2062;1118;436;682
7642;Mannen;17 jaar;2063;1118;436;682
7643;Mannen;17 jaar;2064;1118;435;683
7644;Mannen;17 jaar;2065;1117;434;683
7645;Mannen;17 jaar;2066;1116;433;683
7646;Mannen;17 jaar;2067;1116;432;684
7647;Mannen;17 jaar;2068;1117;432;685
7648;Mannen;17 jaar;2069;1119;432;687
7649;Mannen;17 jaar;2070;1119;433;686
7650;Mannen;18 jaar;2020;2275;510;1765
7651;Mannen;18 jaar;2021;2600;620;1980
7652;Mannen;18 jaar;2022;2991;646;2345
7653;Mannen;18 jaar;2023;3088;693;2395
7654;Mannen;18 jaar;2024;3119;740;2379
7655;Mannen;18 jaar;2025;3171;783;2388
7656;Mannen;18 jaar;2026;3197;820;2377
7657;Mannen;18 jaar;2027;3218;839;2379
7658;Mannen;18 jaar;2028;3233;863;2370
7659;Mannen;18 jaar;2029;3220;870;2350
7660;Mannen;18 jaar;2030;3208;884;2324
7661;Mannen;18 jaar;2031;3197;886;2311
7662;Mannen;18 jaar;2032;3197;898;2299
7663;Mannen;18 jaar;2033;3191;901;2290
7664;Mannen;18 jaar;2034;3189;895;2294
7665;Mannen;18 jaar;2035;3187;897;2290
7666;Mannen;18 jaar;2036;3183;899;2284
7667;Mannen;18 jaar;2037;3184;893;2291
7668;Mannen;18 jaar;2038;3182;888;2294
7669;Mannen;18 jaar;2039;3174;887;2287
7670;Mannen;18 jaar;2040;3180;894;2286
7671;Mannen;18 jaar;2041;3189;901;2288
7672;Mannen;18 jaar;2042;3197;907;2290
7673;Mannen;18 jaar;2043;3203;911;2292
7674;Mannen;18 jaar;2044;3207;913;2294
7675;Mannen;18 jaar;2045;3216;915;2301
7676;Mannen;18 jaar;2046;3218;917;2301
7677;Mannen;18 jaar;2047;3219;917;2302
7678;Mannen;18 jaar;2048;3223;916;2307
7679;Mannen;18 jaar;2049;3223;915;2308
7680;Mannen;18 jaar;2050;3226;912;2314
7681;Mannen;18 jaar;2051;3224;910;2314
7682;Mannen;18 jaar;2052;3224;909;2315
7683;Mannen;18 jaar;2053;3225;906;2319
7684;Mannen;18 jaar;2054;3226;904;2322
7685;Mannen;18 jaar;2055;3224;900;2324
7686;Mannen;18 jaar;2056;3224;897;2327
7687;Mannen;18 jaar;2057;3224;895;2329
7688;Mannen;18 jaar;2058;3223;891;2332
7689;Mannen;18 jaar;2059;3222;888;2334
7690;Mannen;18 jaar;2060;3220;886;2334
7691;Mannen;18 jaar;2061;3221;883;2338
7692;Mannen;18 jaar;2062;3221;881;2340
7693;Mannen;18 jaar;2063;3220;879;2341
7694;Mannen;18 jaar;2064;3219;876;2343
7695;Mannen;18 jaar;2065;3219;874;2345
7696;Mannen;18 jaar;2066;3220;873;2347
7697;Mannen;18 jaar;2067;3219;871;2348
7698;Mannen;18 jaar;2068;3218;870;2348
7699;Mannen;18 jaar;2069;3220;869;2351
7700;Mannen;18 jaar;2070;3221;869;2352
7701;Mannen;19 jaar;2020;3134;982;2152
7702;Mannen;19 jaar;2021;3579;1077;2502
7703;Mannen;19 jaar;2022;4102;1166;2936
7704;Mannen;19 jaar;2023;4245;1251;2994
7705;Mannen;19 jaar;2024;4288;1319;2969
7706;Mannen;19 jaar;2025;4360;1384;2976
7707;Mannen;19 jaar;2026;4386;1429;2957
7708;Mannen;19 jaar;2027;4406;1470;2936
7709;Mannen;19 jaar;2028;4423;1484;2939
7710;Mannen;19 jaar;2029;4406;1502;2904
7711;Mannen;19 jaar;2030;4382;1495;2887
7712;Mannen;19 jaar;2031;4370;1498;2872
7713;Mannen;19 jaar;2032;4349;1494;2855
7714;Mannen;19 jaar;2033;4338;1503;2835
7715;Mannen;19 jaar;2034;4319;1500;2819
7716;Mannen;19 jaar;2035;4321;1489;2832
7717;Mannen;19 jaar;2036;4321;1489;2832
7718;Mannen;19 jaar;2037;4313;1488;2825
7719;Mannen;19 jaar;2038;4314;1477;2837
7720;Mannen;19 jaar;2039;4310;1467;2843
7721;Mannen;19 jaar;2040;4298;1464;2834
7722;Mannen;19 jaar;2041;4303;1470;2833
7723;Mannen;19 jaar;2042;4315;1477;2838
7724;Mannen;19 jaar;2043;4323;1484;2839
7725;Mannen;19 jaar;2044;4332;1488;2844
7726;Mannen;19 jaar;2045;4334;1488;2846
7727;Mannen;19 jaar;2046;4342;1488;2854
7728;Mannen;19 jaar;2047;4345;1489;2856
7729;Mannen;19 jaar;2048;4349;1487;2862
7730;Mannen;19 jaar;2049;4354;1485;2869
7731;Mannen;19 jaar;2050;4359;1482;2877
7732;Mannen;19 jaar;2051;4357;1477;2880
7733;Mannen;19 jaar;2052;4357;1473;2884
7734;Mannen;19 jaar;2053;4357;1468;2889
7735;Mannen;19 jaar;2054;4357;1464;2893
7736;Mannen;19 jaar;2055;4358;1459;2899
7737;Mannen;19 jaar;2056;4358;1454;2904
7738;Mannen;19 jaar;2057;4356;1448;2908
7739;Mannen;19 jaar;2058;4356;1443;2913
7740;Mannen;19 jaar;2059;4356;1438;2918
7741;Mannen;19 jaar;2060;4354;1433;2921
7742;Mannen;19 jaar;2061;4351;1428;2923
7743;Mannen;19 jaar;2062;4350;1424;2926
7744;Mannen;19 jaar;2063;4349;1419;2930
7745;Mannen;19 jaar;2064;4348;1415;2933
7746;Mannen;19 jaar;2065;4347;1412;2935
7747;Mannen;19 jaar;2066;4350;1408;2942
7748;Mannen;19 jaar;2067;4350;1405;2945
7749;Mannen;19 jaar;2068;4348;1402;2946
7750;Mannen;19 jaar;2069;4351;1400;2951
7751;Mannen;19 jaar;2070;4351;1398;2953
7752;Mannen;20 jaar;2020;3261;1815;1446
7753;Mannen;20 jaar;2021;3723;1824;1899
7754;Mannen;20 jaar;2022;4264;1877;2387
7755;Mannen;20 jaar;2023;4426;2058;2368
7756;Mannen;20 jaar;2024;4474;2181;2293
7757;Mannen;20 jaar;2025;4557;2276;2281
7758;Mannen;20 jaar;2026;4585;2338;2247
7759;Mannen;20 jaar;2027;4602;2385;2217
7760;Mannen;20 jaar;2028;4624;2417;2207
7761;Mannen;20 jaar;2029;4605;2419;2186
7762;Mannen;20 jaar;2030;4584;2420;2164
7763;Mannen;20 jaar;2031;4571;2401;2170
7764;Mannen;20 jaar;2032;4553;2399;2154
7765;Mannen;20 jaar;2033;4529;2385;2144
7766;Mannen;20 jaar;2034;4519;2388;2131
7767;Mannen;20 jaar;2035;4515;2382;2133
7768;Mannen;20 jaar;2036;4521;2366;2155
7769;Mannen;20 jaar;2037;4515;2363;2152
7770;Mannen;20 jaar;2038;4512;2358;2154
7771;Mannen;20 jaar;2039;4511;2339;2172
7772;Mannen;20 jaar;2040;4505;2325;2180
7773;Mannen;20 jaar;2041;4496;2316;2180
7774;Mannen;20 jaar;2042;4504;2321;2183
7775;Mannen;20 jaar;2043;4511;2328;2183
7776;Mannen;20 jaar;2044;4522;2333;2189
7777;Mannen;20 jaar;2045;4529;2336;2193
7778;Mannen;20 jaar;2046;4532;2333;2199
7779;Mannen;20 jaar;2047;4536;2331;2205
7780;Mannen;20 jaar;2048;4541;2328;2213
7781;Mannen;20 jaar;2049;4546;2325;2221
7782;Mannen;20 jaar;2050;4547;2319;2228
7783;Mannen;20 jaar;2051;4550;2314;2236
7784;Mannen;20 jaar;2052;4550;2306;2244
7785;Mannen;20 jaar;2053;4550;2299;2251
7786;Mannen;20 jaar;2054;4552;2291;2261
7787;Mannen;20 jaar;2055;4551;2283;2268
7788;Mannen;20 jaar;2056;4551;2275;2276
7789;Mannen;20 jaar;2057;4551;2267;2284
7790;Mannen;20 jaar;2058;4551;2258;2293
7791;Mannen;20 jaar;2059;4551;2250;2301
7792;Mannen;20 jaar;2060;4550;2242;2308
7793;Mannen;20 jaar;2061;4550;2234;2316
7794;Mannen;20 jaar;2062;4549;2226;2323
7795;Mannen;20 jaar;2063;4549;2219;2330
7796;Mannen;20 jaar;2064;4549;2212;2337
7797;Mannen;20 jaar;2065;4548;2206;2342
7798;Mannen;20 jaar;2066;4550;2200;2350
7799;Mannen;20 jaar;2067;4547;2194;2353
7800;Mannen;20 jaar;2068;4547;2189;2358
7801;Mannen;20 jaar;2069;4548;2184;2364
7802;Mannen;20 jaar;2070;4548;2179;2369
7803;Mannen;21 jaar;2020;3429;2587;842
7804;Mannen;21 jaar;2021;3936;2902;1034
7805;Mannen;21 jaar;2022;4527;2845;1682
7806;Mannen;21 jaar;2023;4705;2995;1710
7807;Mannen;21 jaar;2024;4773;3226;1547
7808;Mannen;21 jaar;2025;4865;3376;1489
7809;Mannen;21 jaar;2026;4897;3464;1433
7810;Mannen;21 jaar;2027;4924;3526;1398
7811;Mannen;21 jaar;2028;4944;3564;1380
7812;Mannen;21 jaar;2029;4929;3585;1344
7813;Mannen;21 jaar;2030;4913;3564;1349
7814;Mannen;21 jaar;2031;4901;3566;1335
7815;Mannen;21 jaar;2032;4883;3537;1346
7816;Mannen;21 jaar;2033;4865;3525;1340
7817;Mannen;21 jaar;2034;4845;3501;1344
7818;Mannen;21 jaar;2035;4848;3502;1346
7819;Mannen;21 jaar;2036;4845;3491;1354
7820;Mannen;21 jaar;2037;4848;3472;1376
7821;Mannen;21 jaar;2038;4840;3464;1376
7822;Mannen;21 jaar;2039;4839;3452;1387
7823;Mannen;21 jaar;2040;4841;3430;1411
7824;Mannen;21 jaar;2041;4829;3411;1418
7825;Mannen;21 jaar;2042;4826;3397;1429
7826;Mannen;21 jaar;2043;4835;3401;1434
7827;Mannen;21 jaar;2044;4843;3407;1436
7828;Mannen;21 jaar;2045;4854;3411;1443
7829;Mannen;21 jaar;2046;4860;3412;1448
7830;Mannen;21 jaar;2047;4864;3405;1459
7831;Mannen;21 jaar;2048;4870;3402;1468
7832;Mannen;21 jaar;2049;4873;3397;1476
7833;Mannen;21 jaar;2050;4877;3390;1487
7834;Mannen;21 jaar;2051;4879;3383;1496
7835;Mannen;21 jaar;2052;4882;3374;1508
7836;Mannen;21 jaar;2053;4881;3363;1518
7837;Mannen;21 jaar;2054;4883;3352;1531
7838;Mannen;21 jaar;2055;4883;3341;1542
7839;Mannen;21 jaar;2056;4884;3330;1554
7840;Mannen;21 jaar;2057;4884;3318;1566
7841;Mannen;21 jaar;2058;4886;3307;1579
7842;Mannen;21 jaar;2059;4884;3295;1589
7843;Mannen;21 jaar;2060;4883;3284;1599
7844;Mannen;21 jaar;2061;4882;3272;1610
7845;Mannen;21 jaar;2062;4882;3262;1620
7846;Mannen;21 jaar;2063;4884;3251;1633
7847;Mannen;21 jaar;2064;4882;3241;1641
7848;Mannen;21 jaar;2065;4882;3232;1650
7849;Mannen;21 jaar;2066;4880;3223;1657
7850;Mannen;21 jaar;2067;4881;3214;1667
7851;Mannen;21 jaar;2068;4880;3206;1674
7852;Mannen;21 jaar;2069;4882;3199;1683
7853;Mannen;21 jaar;2070;4882;3192;1690
7854;Mannen;22 jaar;2020;3904;3145;759
7855;Mannen;22 jaar;2021;4500;3500;1000
7856;Mannen;22 jaar;2022;5193;3742;1451
7857;Mannen;22 jaar;2023;5399;3804;1595
7858;Mannen;22 jaar;2024;5476;3968;1508
7859;Mannen;22 jaar;2025;5586;4188;1398
7860;Mannen;22 jaar;2026;5625;4300;1325
7861;Mannen;22 jaar;2027;5648;4370;1278
7862;Mannen;22 jaar;2028;5672;4411;1261
7863;Mannen;22 jaar;2029;5646;4428;1218
7864;Mannen;22 jaar;2030;5635;4426;1209
7865;Mannen;22 jaar;2031;5620;4415;1205
7866;Mannen;22 jaar;2032;5604;4410;1194
7867;Mannen;22 jaar;2033;5582;4374;1208
7868;Mannen;22 jaar;2034;5558;4354;1204
7869;Mannen;22 jaar;2035;5552;4328;1224
7870;Mannen;22 jaar;2036;5556;4329;1227
7871;Mannen;22 jaar;2037;5545;4315;1230
7872;Mannen;22 jaar;2038;5546;4293;1253
7873;Mannen;22 jaar;2039;5541;4281;1260
7874;Mannen;22 jaar;2040;5539;4268;1271
7875;Mannen;22 jaar;2041;5536;4245;1291
7876;Mannen;22 jaar;2042;5532;4225;1307
7877;Mannen;22 jaar;2043;5526;4207;1319
7878;Mannen;22 jaar;2044;5534;4211;1323
7879;Mannen;22 jaar;2045;5545;4219;1326
7880;Mannen;22 jaar;2046;5556;4226;1330
7881;Mannen;22 jaar;2047;5565;4226;1339
7882;Mannen;22 jaar;2048;5570;4221;1349
7883;Mannen;22 jaar;2049;5575;4217;1358
7884;Mannen;22 jaar;2050;5579;4213;1366
7885;Mannen;22 jaar;2051;5585;4208;1377
7886;Mannen;22 jaar;2052;5586;4200;1386
7887;Mannen;22 jaar;2053;5587;4191;1396
7888;Mannen;22 jaar;2054;5588;4178;1410
7889;Mannen;22 jaar;2055;5588;4166;1422
7890;Mannen;22 jaar;2056;5587;4153;1434
7891;Mannen;22 jaar;2057;5588;4142;1446
7892;Mannen;22 jaar;2058;5587;4128;1459
7893;Mannen;22 jaar;2059;5588;4115;1473
7894;Mannen;22 jaar;2060;5589;4102;1487
7895;Mannen;22 jaar;2061;5589;4090;1499
7896;Mannen;22 jaar;2062;5588;4077;1511
7897;Mannen;22 jaar;2063;5588;4065;1523
7898;Mannen;22 jaar;2064;5585;4053;1532
7899;Mannen;22 jaar;2065;5585;4042;1543
7900;Mannen;22 jaar;2066;5582;4030;1552
7901;Mannen;22 jaar;2067;5582;4020;1562
7902;Mannen;22 jaar;2068;5583;4011;1572
7903;Mannen;22 jaar;2069;5582;4002;1580
7904;Mannen;22 jaar;2070;5582;3993;1589
7905;Mannen;23 jaar;2020;4253;3421;832
7906;Mannen;23 jaar;2021;4914;3845;1069
7907;Mannen;23 jaar;2022;5668;4075;1593
7908;Mannen;23 jaar;2023;5899;4381;1518
7909;Mannen;23 jaar;2024;5976;4464;1512
7910;Mannen;23 jaar;2025;6095;4608;1487
7911;Mannen;23 jaar;2026;6140;4754;1386
7912;Mannen;23 jaar;2027;6165;4828;1337
7913;Mannen;23 jaar;2028;6182;4864;1318
7914;Mannen;23 jaar;2029;6150;4880;1270
7915;Mannen;23 jaar;2030;6124;4864;1260
7916;Mannen;23 jaar;2031;6117;4878;1239
7917;Mannen;23 jaar;2032;6097;4863;1234
7918;Mannen;23 jaar;2033;6075;4851;1224
7919;Mannen;23 jaar;2034;6050;4811;1239
7920;Mannen;23 jaar;2035;6040;4791;1249
7921;Mannen;23 jaar;2036;6030;4767;1263
7922;Mannen;23 jaar;2037;6033;4768;1265
7923;Mannen;23 jaar;2038;6023;4750;1273
7924;Mannen;23 jaar;2039;6021;4728;1293
7925;Mannen;23 jaar;2040;6014;4714;1300
7926;Mannen;23 jaar;2041;6010;4700;1310
7927;Mannen;23 jaar;2042;6013;4681;1332
7928;Mannen;23 jaar;2043;6010;4663;1347
7929;Mannen;23 jaar;2044;6001;4640;1361
7930;Mannen;23 jaar;2045;6011;4647;1364
7931;Mannen;23 jaar;2046;6023;4659;1364
7932;Mannen;23 jaar;2047;6035;4669;1366
7933;Mannen;23 jaar;2048;6043;4673;1370
7934;Mannen;23 jaar;2049;6049;4670;1379
7935;Mannen;23 jaar;2050;6054;4668;1386
7936;Mannen;23 jaar;2051;6059;4669;1390
7937;Mannen;23 jaar;2052;6064;4666;1398
7938;Mannen;23 jaar;2053;6066;4658;1408
7939;Mannen;23 jaar;2054;6069;4650;1419
7940;Mannen;23 jaar;2055;6068;4638;1430
7941;Mannen;23 jaar;2056;6068;4626;1442
7942;Mannen;23 jaar;2057;6068;4614;1454
7943;Mannen;23 jaar;2058;6068;4602;1466
7944;Mannen;23 jaar;2059;6068;4590;1478
7945;Mannen;23 jaar;2060;6067;4576;1491
7946;Mannen;23 jaar;2061;6067;4562;1505
7947;Mannen;23 jaar;2062;6065;4549;1516
7948;Mannen;23 jaar;2063;6063;4536;1527
7949;Mannen;23 jaar;2064;6062;4524;1538
7950;Mannen;23 jaar;2065;6059;4512;1547
7951;Mannen;23 jaar;2066;6059;4501;1558
7952;Mannen;23 jaar;2067;6058;4489;1569
7953;Mannen;23 jaar;2068;6059;4479;1580
7954;Mannen;23 jaar;2069;6057;4469;1588
7955;Mannen;23 jaar;2070;6058;4459;1599
7956;Mannen;24 jaar;2020;4383;3722;661
7957;Mannen;24 jaar;2021;5065;4014;1051
7958;Mannen;24 jaar;2022;5844;4275;1569
7959;Mannen;24 jaar;2023;6071;4565;1506
7960;Mannen;24 jaar;2024;6157;4846;1311
7961;Mannen;24 jaar;2025;6270;4926;1344
7962;Mannen;24 jaar;2026;6314;5005;1309
7963;Mannen;24 jaar;2027;6344;5105;1239
7964;Mannen;24 jaar;2028;6354;5138;1216
7965;Mannen;24 jaar;2029;6317;5145;1172
7966;Mannen;24 jaar;2030;6288;5133;1155
7967;Mannen;24 jaar;2031;6267;5125;1142
7968;Mannen;24 jaar;2032;6253;5136;1117
7969;Mannen;24 jaar;2033;6232;5120;1112
7970;Mannen;24 jaar;2034;6209;5104;1105
7971;Mannen;24 jaar;2035;6198;5068;1130
7972;Mannen;24 jaar;2036;6186;5048;1138
7973;Mannen;24 jaar;2037;6176;5026;1150
7974;Mannen;24 jaar;2038;6179;5026;1153
7975;Mannen;24 jaar;2039;6169;5004;1165
7976;Mannen;24 jaar;2040;6167;4985;1182
7977;Mannen;24 jaar;2041;6159;4967;1192
7978;Mannen;24 jaar;2042;6156;4954;1202
7979;Mannen;24 jaar;2043;6159;4940;1219
7980;Mannen;24 jaar;2044;6155;4925;1230
7981;Mannen;24 jaar;2045;6145;4897;1248
7982;Mannen;24 jaar;2046;6154;4906;1248
7983;Mannen;24 jaar;2047;6168;4922;1246
7984;Mannen;24 jaar;2048;6181;4938;1243
7985;Mannen;24 jaar;2049;6189;4944;1245
7986;Mannen;24 jaar;2050;6197;4943;1254
7987;Mannen;24 jaar;2051;6202;4948;1254
7988;Mannen;24 jaar;2052;6207;4950;1257
7989;Mannen;24 jaar;2053;6211;4948;1263
7990;Mannen;24 jaar;2054;6214;4943;1271
7991;Mannen;24 jaar;2055;6217;4937;1280
7992;Mannen;24 jaar;2056;6218;4925;1293
7993;Mannen;24 jaar;2057;6218;4915;1303
7994;Mannen;24 jaar;2058;6218;4904;1314
7995;Mannen;24 jaar;2059;6216;4892;1324
7996;Mannen;24 jaar;2060;6217;4880;1337
7997;Mannen;24 jaar;2061;6217;4866;1351
7998;Mannen;24 jaar;2062;6214;4853;1361
7999;Mannen;24 jaar;2063;6214;4840;1374
8000;Mannen;24 jaar;2064;6212;4827;1385
8001;Mannen;24 jaar;2065;6211;4815;1396
8002;Mannen;24 jaar;2066;6209;4802;1407
8003;Mannen;24 jaar;2067;6207;4791;1416
8004;Mannen;24 jaar;2068;6204;4780;1424
8005;Mannen;24 jaar;2069;6203;4770;1433
8006;Mannen;24 jaar;2070;6203;4760;1443
8007;Mannen;25 jaar;2020;4408;3662;746
8008;Mannen;25 jaar;2021;5093;4091;1002
8009;Mannen;25 jaar;2022;5850;4223;1627
8010;Mannen;25 jaar;2023;6086;4520;1566
8011;Mannen;25 jaar;2024;6164;4774;1390
8012;Mannen;25 jaar;2025;6283;5001;1282
8013;Mannen;25 jaar;2026;6318;5024;1294
8014;Mannen;25 jaar;2027;6343;5068;1275
8015;Mannen;25 jaar;2028;6364;5118;1246
8016;Mannen;25 jaar;2029;6323;5115;1208
8017;Mannen;25 jaar;2030;6285;5085;1200
8018;Mannen;25 jaar;2031;6262;5083;1179
8019;Mannen;25 jaar;2032;6233;5063;1170
8020;Mannen;25 jaar;2033;6218;5071;1147
8021;Mannen;25 jaar;2034;6191;5053;1138
8022;Mannen;25 jaar;2035;6185;5038;1147
8023;Mannen;25 jaar;2036;6176;5008;1168
8024;Mannen;25 jaar;2037;6162;4987;1175
8025;Mannen;25 jaar;2038;6152;4964;1188
8026;Mannen;25 jaar;2039;6152;4965;1187
8027;Mannen;25 jaar;2040;6140;4943;1197
8028;Mannen;25 jaar;2041;6137;4927;1210
8029;Mannen;25 jaar;2042;6134;4909;1225
8030;Mannen;25 jaar;2043;6132;4898;1234
8031;Mannen;25 jaar;2044;6133;4889;1244
8032;Mannen;25 jaar;2045;6128;4876;1252
8033;Mannen;25 jaar;2046;6117;4844;1273
8034;Mannen;25 jaar;2047;6127;4854;1273
8035;Mannen;25 jaar;2048;6140;4874;1266
8036;Mannen;25 jaar;2049;6156;4895;1261
8037;Mannen;25 jaar;2050;6165;4904;1261
8038;Mannen;25 jaar;2051;6172;4908;1264
8039;Mannen;25 jaar;2052;6178;4916;1262
8040;Mannen;25 jaar;2053;6184;4920;1264
8041;Mannen;25 jaar;2054;6192;4922;1270
8042;Mannen;25 jaar;2055;6194;4919;1275
8043;Mannen;25 jaar;2056;6196;4914;1282
8044;Mannen;25 jaar;2057;6197;4905;1292
8045;Mannen;25 jaar;2058;6196;4895;1301
8046;Mannen;25 jaar;2059;6197;4885;1312
8047;Mannen;25 jaar;2060;6197;4876;1321
8048;Mannen;25 jaar;2061;6195;4864;1331
8049;Mannen;25 jaar;2062;6193;4852;1341
8050;Mannen;25 jaar;2063;6192;4839;1353
8051;Mannen;25 jaar;2064;6189;4827;1362
8052;Mannen;25 jaar;2065;6186;4815;1371
8053;Mannen;25 jaar;2066;6184;4803;1381
8054;Mannen;25 jaar;2067;6182;4791;1391
8055;Mannen;25 jaar;2068;6181;4780;1401
8056;Mannen;25 jaar;2069;6180;4771;1409
8057;Mannen;25 jaar;2070;6180;4761;1419
8058;Mannen;26 jaar;2020;4346;3556;790
8059;Mannen;26 jaar;2021;5023;3887;1136
8060;Mannen;26 jaar;2022;5764;4093;1671
8061;Mannen;26 jaar;2023;5980;4275;1705
8062;Mannen;26 jaar;2024;6060;4531;1529
8063;Mannen;26 jaar;2025;6166;4729;1437
8064;Mannen;26 jaar;2026;6215;4863;1352
8065;Mannen;26 jaar;2027;6229;4861;1368
8066;Mannen;26 jaar;2028;6243;4869;1374
8067;Mannen;26 jaar;2029;6217;4886;1331
8068;Mannen;26 jaar;2030;6175;4849;1326
8069;Mannen;26 jaar;2031;6146;4831;1315
8070;Mannen;26 jaar;2032;6116;4821;1295
8071;Mannen;26 jaar;2033;6084;4797;1287
8072;Mannen;26 jaar;2034;6065;4801;1264
8073;Mannen;26 jaar;2035;6063;4787;1276
8074;Mannen;26 jaar;2036;6056;4777;1279
8075;Mannen;26 jaar;2037;6045;4750;1295
8076;Mannen;26 jaar;2038;6030;4729;1301
8077;Mannen;26 jaar;2039;6017;4706;1311
8078;Mannen;26 jaar;2040;6018;4708;1310
8079;Mannen;26 jaar;2041;6005;4686;1319
8080;Mannen;26 jaar;2042;6007;4674;1333
8081;Mannen;26 jaar;2043;6006;4658;1348
8082;Mannen;26 jaar;2044;6001;4647;1354
8083;Mannen;26 jaar;2045;6003;4641;1362
8084;Mannen;26 jaar;2046;5999;4629;1370
8085;Mannen;26 jaar;2047;5987;4597;1390
8086;Mannen;26 jaar;2048;5996;4609;1387
8087;Mannen;26 jaar;2049;6011;4629;1382
8088;Mannen;26 jaar;2050;6026;4651;1375
8089;Mannen;26 jaar;2051;6036;4664;1372
8090;Mannen;26 jaar;2052;6044;4669;1375
8091;Mannen;26 jaar;2053;6050;4677;1373
8092;Mannen;26 jaar;2054;6058;4683;1375
8093;Mannen;26 jaar;2055;6062;4685;1377
8094;Mannen;26 jaar;2056;6064;4683;1381
8095;Mannen;26 jaar;2057;6066;4681;1385
8096;Mannen;26 jaar;2058;6067;4673;1394
8097;Mannen;26 jaar;2059;6066;4665;1401
8098;Mannen;26 jaar;2060;6067;4656;1411
8099;Mannen;26 jaar;2061;6066;4648;1418
8100;Mannen;26 jaar;2062;6064;4638;1426
8101;Mannen;26 jaar;2063;6061;4628;1433
8102;Mannen;26 jaar;2064;6061;4616;1445
8103;Mannen;26 jaar;2065;6059;4605;1454
8104;Mannen;26 jaar;2066;6057;4594;1463
8105;Mannen;26 jaar;2067;6056;4583;1473
8106;Mannen;26 jaar;2068;6053;4573;1480
8107;Mannen;26 jaar;2069;6051;4563;1488
8108;Mannen;26 jaar;2070;6051;4553;1498
8109;Mannen;27 jaar;2020;4168;3373;795
8110;Mannen;27 jaar;2021;4854;3715;1139
8111;Mannen;27 jaar;2022;5562;3821;1741
8112;Mannen;27 jaar;2023;5768;4040;1728
8113;Mannen;27 jaar;2024;5825;4214;1611
8114;Mannen;27 jaar;2025;5939;4420;1519
8115;Mannen;27 jaar;2026;5979;4536;1443
8116;Mannen;27 jaar;2027;6006;4626;1380
8117;Mannen;27 jaar;2028;6019;4600;1419
8118;Mannen;27 jaar;2029;5988;4588;1400
8119;Mannen;27 jaar;2030;5959;4576;1383
8120;Mannen;27 jaar;2031;5927;4555;1372
8121;Mannen;27 jaar;2032;5891;4532;1359
8122;Mannen;27 jaar;2033;5861;4519;1342
8123;Mannen;27 jaar;2034;5832;4491;1341
8124;Mannen;27 jaar;2035;5836;4498;1338
8125;Mannen;27 jaar;2036;5830;4489;1341
8126;Mannen;27 jaar;2037;5824;4482;1342
8127;Mannen;27 jaar;2038;5810;4458;1352
8128;Mannen;27 jaar;2039;5798;4438;1360
8129;Mannen;27 jaar;2040;5785;4418;1367
8130;Mannen;27 jaar;2041;5787;4419;1368
8131;Mannen;27 jaar;2042;5777;4399;1378
8132;Mannen;27 jaar;2043;5781;4390;1391
8133;Mannen;27 jaar;2044;5778;4375;1403
8134;Mannen;27 jaar;2045;5776;4367;1409
8135;Mannen;27 jaar;2046;5777;4361;1416
8136;Mannen;27 jaar;2047;5773;4350;1423
8137;Mannen;27 jaar;2048;5760;4320;1440
8138;Mannen;27 jaar;2049;5768;4331;1437
8139;Mannen;27 jaar;2050;5782;4350;1432
8140;Mannen;27 jaar;2051;5799;4373;1426
8141;Mannen;27 jaar;2052;5809;4385;1424
8142;Mannen;27 jaar;2053;5814;4389;1425
8143;Mannen;27 jaar;2054;5821;4397;1424
8144;Mannen;27 jaar;2055;5828;4404;1424
8145;Mannen;27 jaar;2056;5833;4406;1427
8146;Mannen;27 jaar;2057;5837;4406;1431
8147;Mannen;27 jaar;2058;5841;4404;1437
8148;Mannen;27 jaar;2059;5840;4397;1443
8149;Mannen;27 jaar;2060;5841;4390;1451
8150;Mannen;27 jaar;2061;5839;4384;1455
8151;Mannen;27 jaar;2062;5838;4376;1462
8152;Mannen;27 jaar;2063;5834;4368;1466
8153;Mannen;27 jaar;2064;5835;4357;1478
8154;Mannen;27 jaar;2065;5834;4348;1486
8155;Mannen;27 jaar;2066;5831;4338;1493
8156;Mannen;27 jaar;2067;5830;4328;1502
8157;Mannen;27 jaar;2068;5828;4319;1509
8158;Mannen;27 jaar;2069;5825;4309;1516
8159;Mannen;27 jaar;2070;5825;4300;1525
8160;Mannen;28 jaar;2020;3971;3144;827
8161;Mannen;28 jaar;2021;4633;3506;1127
8162;Mannen;28 jaar;2022;5337;3623;1714
8163;Mannen;28 jaar;2023;5525;3765;1760
8164;Mannen;28 jaar;2024;5578;3959;1619
8165;Mannen;28 jaar;2025;5667;4101;1566
8166;Mannen;28 jaar;2026;5717;4230;1487
8167;Mannen;28 jaar;2027;5738;4310;1428
8168;Mannen;28 jaar;2028;5766;4363;1403
8169;Mannen;28 jaar;2029;5734;4325;1409
8170;Mannen;28 jaar;2030;5703;4292;1411
8171;Mannen;28 jaar;2031;5685;4290;1395
8172;Mannen;28 jaar;2032;5647;4264;1383
8173;Mannen;28 jaar;2033;5615;4239;1376
8174;Mannen;28 jaar;2034;5587;4223;1364
8175;Mannen;28 jaar;2035;5575;4199;1376
8176;Mannen;28 jaar;2036;5581;4210;1371
8177;Mannen;28 jaar;2037;5578;4204;1374
8178;Mannen;28 jaar;2038;5568;4197;1371
8179;Mannen;28 jaar;2039;5557;4175;1382
8180;Mannen;28 jaar;2040;5546;4157;1389
8181;Mannen;28 jaar;2041;5533;4137;1396
8182;Mannen;28 jaar;2042;5539;4140;1399
8183;Mannen;28 jaar;2043;5528;4122;1406
8184;Mannen;28 jaar;2044;5534;4115;1419
8185;Mannen;28 jaar;2045;5532;4101;1431
8186;Mannen;28 jaar;2046;5529;4092;1437
8187;Mannen;28 jaar;2047;5528;4087;1441
8188;Mannen;28 jaar;2048;5525;4077;1448
8189;Mannen;28 jaar;2049;5513;4049;1464
8190;Mannen;28 jaar;2050;5522;4060;1462
8191;Mannen;28 jaar;2051;5538;4081;1457
8192;Mannen;28 jaar;2052;5552;4104;1448
8193;Mannen;28 jaar;2053;5561;4115;1446
8194;Mannen;28 jaar;2054;5566;4120;1446
8195;Mannen;28 jaar;2055;5575;4129;1446
8196;Mannen;28 jaar;2056;5581;4136;1445
8197;Mannen;28 jaar;2057;5588;4139;1449
8198;Mannen;28 jaar;2058;5593;4140;1453
8199;Mannen;28 jaar;2059;5594;4139;1455
8200;Mannen;28 jaar;2060;5594;4133;1461
8201;Mannen;28 jaar;2061;5594;4127;1467
8202;Mannen;28 jaar;2062;5593;4121;1472
8203;Mannen;28 jaar;2063;5594;4115;1479
8204;Mannen;28 jaar;2064;5590;4107;1483
8205;Mannen;28 jaar;2065;5588;4098;1490
8206;Mannen;28 jaar;2066;5586;4090;1496
8207;Mannen;28 jaar;2067;5586;4081;1505
8208;Mannen;28 jaar;2068;5581;4072;1509
8209;Mannen;28 jaar;2069;5579;4063;1516
8210;Mannen;28 jaar;2070;5579;4054;1525
8211;Mannen;29 jaar;2020;3767;2933;834
8212;Mannen;29 jaar;2021;4411;3307;1104
8213;Mannen;29 jaar;2022;5076;3440;1636
8214;Mannen;29 jaar;2023;5267;3593;1674
8215;Mannen;29 jaar;2024;5304;3725;1579
8216;Mannen;29 jaar;2025;5390;3881;1509
8217;Mannen;29 jaar;2026;5419;3963;1456
8218;Mannen;29 jaar;2027;5449;4058;1391
8219;Mannen;29 jaar;2028;5473;4103;1370
8220;Mannen;29 jaar;2029;5458;4135;1323
8221;Mannen;29 jaar;2030;5430;4080;1350
8222;Mannen;29 jaar;2031;5409;4062;1347
8223;Mannen;29 jaar;2032;5386;4055;1331
8224;Mannen;29 jaar;2033;5352;4027;1325
8225;Mannen;29 jaar;2034;5319;3999;1320
8226;Mannen;29 jaar;2035;5310;3986;1324
8227;Mannen;29 jaar;2036;5301;3965;1336
8228;Mannen;29 jaar;2037;5305;3979;1326
8229;Mannen;29 jaar;2038;5302;3973;1329
8230;Mannen;29 jaar;2039;5293;3966;1327
8231;Mannen;29 jaar;2040;5280;3946;1334
8232;Mannen;29 jaar;2041;5268;3927;1341
8233;Mannen;29 jaar;2042;5261;3909;1352
8234;Mannen;29 jaar;2043;5267;3912;1355
8235;Mannen;29 jaar;2044;5259;3896;1363
8236;Mannen;29 jaar;2045;5263;3889;1374
8237;Mannen;29 jaar;2046;5259;3876;1383
8238;Mannen;29 jaar;2047;5258;3867;1391
8239;Mannen;29 jaar;2048;5258;3864;1394
8240;Mannen;29 jaar;2049;5255;3854;1401
8241;Mannen;29 jaar;2050;5242;3826;1416
8242;Mannen;29 jaar;2051;5251;3839;1412
8243;Mannen;29 jaar;2052;5267;3861;1406
8244;Mannen;29 jaar;2053;5280;3883;1397
8245;Mannen;29 jaar;2054;5291;3895;1396
8246;Mannen;29 jaar;2055;5294;3899;1395
8247;Mannen;29 jaar;2056;5303;3909;1394
8248;Mannen;29 jaar;2057;5312;3916;1396
8249;Mannen;29 jaar;2058;5317;3921;1396
8250;Mannen;29 jaar;2059;5321;3923;1398
8251;Mannen;29 jaar;2060;5323;3923;1400
8252;Mannen;29 jaar;2061;5321;3917;1404
8253;Mannen;29 jaar;2062;5322;3912;1410
8254;Mannen;29 jaar;2063;5321;3907;1414
8255;Mannen;29 jaar;2064;5320;3901;1419
8256;Mannen;29 jaar;2065;5319;3894;1425
8257;Mannen;29 jaar;2066;5316;3886;1430
8258;Mannen;29 jaar;2067;5314;3878;1436
8259;Mannen;29 jaar;2068;5313;3870;1443
8260;Mannen;29 jaar;2069;5311;3862;1449
8261;Mannen;29 jaar;2070;5311;3853;1458
8262;Mannen;30 jaar;2020;3545;2796;749
8263;Mannen;30 jaar;2021;4154;3129;1025
8264;Mannen;30 jaar;2022;4783;3279;1504
8265;Mannen;30 jaar;2023;4956;3433;1523
8266;Mannen;30 jaar;2024;4994;3582;1412
8267;Mannen;30 jaar;2025;5067;3688;1379
8268;Mannen;30 jaar;2026;5096;3784;1312
8269;Mannen;30 jaar;2027;5109;3839;1270
8270;Mannen;30 jaar;2028;5141;3903;1238
8271;Mannen;30 jaar;2029;5123;3929;1194
8272;Mannen;30 jaar;2030;5109;3936;1173
8273;Mannen;30 jaar;2031;5092;3897;1195
8274;Mannen;30 jaar;2032;5068;3877;1191
8275;Mannen;30 jaar;2033;5045;3869;1176
8276;Mannen;30 jaar;2034;5014;3840;1174
8277;Mannen;30 jaar;2035;4997;3817;1180
8278;Mannen;30 jaar;2036;4987;3807;1180
8279;Mannen;30 jaar;2037;4979;3790;1189
8280;Mannen;30 jaar;2038;4983;3803;1180
8281;Mannen;30 jaar;2039;4978;3797;1181
8282;Mannen;30 jaar;2040;4968;3792;1176
8283;Mannen;30 jaar;2041;4958;3773;1185
8284;Mannen;30 jaar;2042;4949;3757;1192
8285;Mannen;30 jaar;2043;4945;3741;1204
8286;Mannen;30 jaar;2044;4950;3745;1205
8287;Mannen;30 jaar;2045;4940;3729;1211
8288;Mannen;30 jaar;2046;4947;3722;1225
8289;Mannen;30 jaar;2047;4941;3708;1233
8290;Mannen;30 jaar;2048;4941;3700;1241
8291;Mannen;30 jaar;2049;4943;3698;1245
8292;Mannen;30 jaar;2050;4939;3688;1251
8293;Mannen;30 jaar;2051;4928;3664;1264
8294;Mannen;30 jaar;2052;4935;3675;1260
8295;Mannen;30 jaar;2053;4950;3695;1255
8296;Mannen;30 jaar;2054;4961;3715;1246
8297;Mannen;30 jaar;2055;4972;3727;1245
8298;Mannen;30 jaar;2056;4977;3732;1245
8299;Mannen;30 jaar;2057;4985;3741;1244
8300;Mannen;30 jaar;2058;4991;3748;1243
8301;Mannen;30 jaar;2059;4995;3753;1242
8302;Mannen;30 jaar;2060;4998;3754;1244
8303;Mannen;30 jaar;2061;5002;3754;1248
8304;Mannen;30 jaar;2062;5003;3750;1253
8305;Mannen;30 jaar;2063;5004;3745;1259
8306;Mannen;30 jaar;2064;5005;3741;1264
8307;Mannen;30 jaar;2065;5002;3735;1267
8308;Mannen;30 jaar;2066;4999;3729;1270
8309;Mannen;30 jaar;2067;4997;3722;1275
8310;Mannen;30 jaar;2068;4996;3716;1280
8311;Mannen;30 jaar;2069;4994;3708;1286
8312;Mannen;30 jaar;2070;4993;3700;1293
8313;Mannen;31 jaar;2020;3303;2574;729
8314;Mannen;31 jaar;2021;3905;2954;951
8315;Mannen;31 jaar;2022;4495;3079;1416
8316;Mannen;31 jaar;2023;4657;3249;1408
8317;Mannen;31 jaar;2024;4684;3389;1295
8318;Mannen;31 jaar;2025;4758;3514;1244
8319;Mannen;31 jaar;2026;4778;3569;1209
8320;Mannen;31 jaar;2027;4791;3636;1155
8321;Mannen;31 jaar;2028;4806;3666;1140
8322;Mannen;31 jaar;2029;4795;3711;1084
8323;Mannen;31 jaar;2030;4780;3715;1065
8324;Mannen;31 jaar;2031;4778;3729;1049
8325;Mannen;31 jaar;2032;4756;3692;1064
8326;Mannen;31 jaar;2033;4733;3673;1060
8327;Mannen;31 jaar;2034;4710;3663;1047
8328;Mannen;31 jaar;2035;4694;3639;1055
8329;Mannen;31 jaar;2036;4679;3621;1058
8330;Mannen;31 jaar;2037;4670;3613;1057
8331;Mannen;31 jaar;2038;4659;3598;1061
8332;Mannen;31 jaar;2039;4664;3609;1055
8333;Mannen;31 jaar;2040;4657;3605;1052
8334;Mannen;31 jaar;2041;4650;3600;1050
8335;Mannen;31 jaar;2042;4645;3585;1060
8336;Mannen;31 jaar;2043;4636;3571;1065
8337;Mannen;31 jaar;2044;4630;3557;1073
8338;Mannen;31 jaar;2045;4635;3560;1075
8339;Mannen;31 jaar;2046;4628;3545;1083
8340;Mannen;31 jaar;2047;4633;3538;1095
8341;Mannen;31 jaar;2048;4628;3525;1103
8342;Mannen;31 jaar;2049;4629;3518;1111
8343;Mannen;31 jaar;2050;4627;3516;1111
8344;Mannen;31 jaar;2051;4625;3509;1116
8345;Mannen;31 jaar;2052;4612;3487;1125
8346;Mannen;31 jaar;2053;4620;3497;1123
8347;Mannen;31 jaar;2054;4635;3515;1120
8348;Mannen;31 jaar;2055;4646;3534;1112
8349;Mannen;31 jaar;2056;4655;3544;1111
8350;Mannen;31 jaar;2057;4661;3548;1113
8351;Mannen;31 jaar;2058;4667;3558;1109
8352;Mannen;31 jaar;2059;4677;3565;1112
8353;Mannen;31 jaar;2060;4680;3569;1111
8354;Mannen;31 jaar;2061;4682;3570;1112
8355;Mannen;31 jaar;2062;4686;3571;1115
8356;Mannen;31 jaar;2063;4684;3568;1116
8357;Mannen;31 jaar;2064;4682;3563;1119
8358;Mannen;31 jaar;2065;4685;3559;1126
8359;Mannen;31 jaar;2066;4686;3555;1131
8360;Mannen;31 jaar;2067;4682;3549;1133
8361;Mannen;31 jaar;2068;4680;3543;1137
8362;Mannen;31 jaar;2069;4679;3536;1143
8363;Mannen;31 jaar;2070;4679;3529;1150
8364;Mannen;32 jaar;2020;3101;2403;698
8365;Mannen;32 jaar;2021;3650;2723;927
8366;Mannen;32 jaar;2022;4225;2901;1324
8367;Mannen;32 jaar;2023;4375;3045;1330
8368;Mannen;32 jaar;2024;4408;3202;1206
8369;Mannen;32 jaar;2025;4469;3317;1152
8370;Mannen;32 jaar;2026;4491;3393;1098
8371;Mannen;32 jaar;2027;4492;3423;1069
8372;Mannen;32 jaar;2028;4509;3466;1043
8373;Mannen;32 jaar;2029;4488;3483;1005
8374;Mannen;32 jaar;2030;4478;3505;973
8375;Mannen;32 jaar;2031;4475;3517;958
8376;Mannen;32 jaar;2032;4467;3528;939
8377;Mannen;32 jaar;2033;4445;3494;951
8378;Mannen;32 jaar;2034;4421;3475;946
8379;Mannen;32 jaar;2035;4415;3468;947
8380;Mannen;32 jaar;2036;4400;3449;951
8381;Mannen;32 jaar;2037;4384;3434;950
8382;Mannen;32 jaar;2038;4376;3428;948
8383;Mannen;32 jaar;2039;4366;3414;952
8384;Mannen;32 jaar;2040;4370;3425;945
8385;Mannen;32 jaar;2041;4362;3422;940
8386;Mannen;32 jaar;2042;4362;3419;943
8387;Mannen;32 jaar;2043;4355;3406;949
8388;Mannen;32 jaar;2044;4348;3395;953
8389;Mannen;32 jaar;2045;4341;3382;959
8390;Mannen;32 jaar;2046;4347;3385;962
8391;Mannen;32 jaar;2047;4338;3371;967
8392;Mannen;32 jaar;2048;4345;3365;980
8393;Mannen;32 jaar;2049;4341;3353;988
8394;Mannen;32 jaar;2050;4341;3347;994
8395;Mannen;32 jaar;2051;4339;3347;992
8396;Mannen;32 jaar;2052;4336;3340;996
8397;Mannen;32 jaar;2053;4326;3320;1006
8398;Mannen;32 jaar;2054;4334;3329;1005
8399;Mannen;32 jaar;2055;4348;3345;1003
8400;Mannen;32 jaar;2056;4358;3362;996
8401;Mannen;32 jaar;2057;4367;3373;994
8402;Mannen;32 jaar;2058;4371;3377;994
8403;Mannen;32 jaar;2059;4377;3386;991
8404;Mannen;32 jaar;2060;4385;3393;992
8405;Mannen;32 jaar;2061;4391;3397;994
8406;Mannen;32 jaar;2062;4393;3399;994
8407;Mannen;32 jaar;2063;4395;3400;995
8408;Mannen;32 jaar;2064;4393;3396;997
8409;Mannen;32 jaar;2065;4393;3393;1000
8410;Mannen;32 jaar;2066;4394;3390;1004
8411;Mannen;32 jaar;2067;4395;3386;1009
8412;Mannen;32 jaar;2068;4392;3381;1011
8413;Mannen;32 jaar;2069;4391;3376;1015
8414;Mannen;32 jaar;2070;4391;3369;1022
8415;Mannen;33 jaar;2020;2889;2166;723
8416;Mannen;33 jaar;2021;3394;2546;848
8417;Mannen;33 jaar;2022;3917;2673;1244
8418;Mannen;33 jaar;2023;4074;2868;1206
8419;Mannen;33 jaar;2024;4103;2997;1106
8420;Mannen;33 jaar;2025;4162;3129;1033
8421;Mannen;33 jaar;2026;4180;3197;983
8422;Mannen;33 jaar;2027;4188;3250;938
8423;Mannen;33 jaar;2028;4191;3257;934
8424;Mannen;33 jaar;2029;4173;3283;890
8425;Mannen;33 jaar;2030;4156;3284;872
8426;Mannen;33 jaar;2031;4155;3313;842
8427;Mannen;33 jaar;2032;4145;3321;824
8428;Mannen;33 jaar;2033;4139;3331;808
8429;Mannen;33 jaar;2034;4117;3298;819
8430;Mannen;33 jaar;2035;4111;3283;828
8431;Mannen;33 jaar;2036;4102;3278;824
8432;Mannen;33 jaar;2037;4089;3263;826
8433;Mannen;33 jaar;2038;4074;3249;825
8434;Mannen;33 jaar;2039;4067;3245;822
8435;Mannen;33 jaar;2040;4056;3232;824
8436;Mannen;33 jaar;2041;4061;3243;818
8437;Mannen;33 jaar;2042;4056;3240;816
8438;Mannen;33 jaar;2043;4057;3240;817
8439;Mannen;33 jaar;2044;4051;3229;822
8440;Mannen;33 jaar;2045;4045;3219;826
8441;Mannen;33 jaar;2046;4037;3208;829
8442;Mannen;33 jaar;2047;4041;3210;831
8443;Mannen;33 jaar;2048;4034;3198;836
8444;Mannen;33 jaar;2049;4038;3192;846
8445;Mannen;33 jaar;2050;4037;3182;855
8446;Mannen;33 jaar;2051;4036;3179;857
8447;Mannen;33 jaar;2052;4037;3178;859
8448;Mannen;33 jaar;2053;4034;3171;863
8449;Mannen;33 jaar;2054;4023;3154;869
8450;Mannen;33 jaar;2055;4027;3162;865
8451;Mannen;33 jaar;2056;4042;3177;865
8452;Mannen;33 jaar;2057;4054;3193;861
8453;Mannen;33 jaar;2058;4061;3203;858
8454;Mannen;33 jaar;2059;4067;3208;859
8455;Mannen;33 jaar;2060;4073;3216;857
8456;Mannen;33 jaar;2061;4077;3222;855
8457;Mannen;33 jaar;2062;4082;3226;856
8458;Mannen;33 jaar;2063;4088;3228;860
8459;Mannen;33 jaar;2064;4090;3229;861
8460;Mannen;33 jaar;2065;4090;3226;864
8461;Mannen;33 jaar;2066;4089;3224;865
8462;Mannen;33 jaar;2067;4089;3221;868
8463;Mannen;33 jaar;2068;4087;3218;869
8464;Mannen;33 jaar;2069;4086;3214;872
8465;Mannen;33 jaar;2070;4086;3208;878
8466;Mannen;34 jaar;2020;2674;2018;656
8467;Mannen;34 jaar;2021;3151;2320;831
8468;Mannen;34 jaar;2022;3635;2498;1137
8469;Mannen;34 jaar;2023;3767;2649;1118
8470;Mannen;34 jaar;2024;3807;2825;982
8471;Mannen;34 jaar;2025;3859;2931;928
8472;Mannen;34 jaar;2026;3878;3016;862
8473;Mannen;34 jaar;2027;3884;3062;822
8474;Mannen;34 jaar;2028;3895;3094;801
8475;Mannen;34 jaar;2029;3868;3090;778
8476;Mannen;34 jaar;2030;3855;3098;757
8477;Mannen;34 jaar;2031;3843;3105;738
8478;Mannen;34 jaar;2032;3838;3131;707
8479;Mannen;34 jaar;2033;3832;3139;693
8480;Mannen;34 jaar;2034;3826;3147;679
8481;Mannen;34 jaar;2035;3818;3118;700
8482;Mannen;34 jaar;2036;3809;3108;701
8483;Mannen;34 jaar;2037;3804;3105;699
8484;Mannen;34 jaar;2038;3791;3090;701
8485;Mannen;34 jaar;2039;3777;3078;699
8486;Mannen;34 jaar;2040;3771;3075;696
8487;Mannen;34 jaar;2041;3761;3064;697
8488;Mannen;34 jaar;2042;3767;3075;692
8489;Mannen;34 jaar;2043;3765;3075;690
8490;Mannen;34 jaar;2044;3764;3074;690
8491;Mannen;34 jaar;2045;3761;3065;696
8492;Mannen;34 jaar;2046;3750;3056;694
8493;Mannen;34 jaar;2047;3744;3045;699
8494;Mannen;34 jaar;2048;3748;3048;700
8495;Mannen;34 jaar;2049;3743;3037;706
8496;Mannen;34 jaar;2050;3747;3032;715
8497;Mannen;34 jaar;2051;3742;3023;719
8498;Mannen;34 jaar;2052;3743;3021;722
8499;Mannen;34 jaar;2053;3745;3020;725
8500;Mannen;34 jaar;2054;3742;3013;729
8501;Mannen;34 jaar;2055;3733;2996;737
8502;Mannen;34 jaar;2056;3741;3005;736
8503;Mannen;34 jaar;2057;3749;3020;729
8504;Mannen;34 jaar;2058;3759;3035;724
8505;Mannen;34 jaar;2059;3768;3044;724
8506;Mannen;34 jaar;2060;3773;3049;724
8507;Mannen;34 jaar;2061;3778;3057;721
8508;Mannen;34 jaar;2062;3783;3064;719
8509;Mannen;34 jaar;2063;3789;3068;721
8510;Mannen;34 jaar;2064;3791;3070;721
8511;Mannen;34 jaar;2065;3796;3071;725
8512;Mannen;34 jaar;2066;3796;3069;727
8513;Mannen;34 jaar;2067;3795;3067;728
8514;Mannen;34 jaar;2068;3795;3065;730
8515;Mannen;34 jaar;2069;3794;3062;732
8516;Mannen;34 jaar;2070;3794;3057;737
8517;Mannen;35 jaar;2020;2467;1920;547
8518;Mannen;35 jaar;2021;2908;2202;706
8519;Mannen;35 jaar;2022;3360;2316;1044
8520;Mannen;35 jaar;2023;3479;2515;964
8521;Mannen;35 jaar;2024;3503;2653;850
8522;Mannen;35 jaar;2025;3568;2806;762
8523;Mannen;35 jaar;2026;3587;2873;714
8524;Mannen;35 jaar;2027;3590;2939;651
8525;Mannen;35 jaar;2028;3601;2964;637
8526;Mannen;35 jaar;2029;3587;2988;599
8527;Mannen;35 jaar;2030;3561;2968;593
8528;Mannen;35 jaar;2031;3555;2980;575
8529;Mannen;35 jaar;2032;3542;2986;556
8530;Mannen;35 jaar;2033;3536;3009;527
8531;Mannen;35 jaar;2034;3530;3016;514
8532;Mannen;35 jaar;2035;3539;3025;514
8533;Mannen;35 jaar;2036;3530;3001;529
8534;Mannen;35 jaar;2037;3522;2993;529
8535;Mannen;35 jaar;2038;3519;2990;529
8536;Mannen;35 jaar;2039;3506;2977;529
8537;Mannen;35 jaar;2040;3495;2967;528
8538;Mannen;35 jaar;2041;3484;2965;519
8539;Mannen;35 jaar;2042;3479;2955;524
8540;Mannen;35 jaar;2043;3485;2967;518
8541;Mannen;35 jaar;2044;3484;2968;516
8542;Mannen;35 jaar;2045;3483;2969;514
8543;Mannen;35 jaar;2046;3478;2959;519
8544;Mannen;35 jaar;2047;3470;2950;520
8545;Mannen;35 jaar;2048;3464;2940;524
8546;Mannen;35 jaar;2049;3468;2943;525
8547;Mannen;35 jaar;2050;3463;2932;531
8548;Mannen;35 jaar;2051;3465;2929;536
8549;Mannen;35 jaar;2052;3464;2920;544
8550;Mannen;35 jaar;2053;3462;2917;545
8551;Mannen;35 jaar;2054;3464;2917;547
8552;Mannen;35 jaar;2055;3461;2911;550
8553;Mannen;35 jaar;2056;3453;2895;558
8554;Mannen;35 jaar;2057;3460;2903;557
8555;Mannen;35 jaar;2058;3467;2918;549
8556;Mannen;35 jaar;2059;3478;2933;545
8557;Mannen;35 jaar;2060;3485;2942;543
8558;Mannen;35 jaar;2061;3490;2947;543
8559;Mannen;35 jaar;2062;3496;2955;541
8560;Mannen;35 jaar;2063;3501;2962;539
8561;Mannen;35 jaar;2064;3505;2966;539
8562;Mannen;35 jaar;2065;3509;2969;540
8563;Mannen;35 jaar;2066;3514;2970;544
8564;Mannen;35 jaar;2067;3512;2968;544
8565;Mannen;35 jaar;2068;3511;2966;545
8566;Mannen;35 jaar;2069;3510;2964;546
8567;Mannen;35 jaar;2070;3510;2961;549
8568;Mannen;36 jaar;2020;2267;1832;435
8569;Mannen;36 jaar;2021;2670;2117;553
8570;Mannen;36 jaar;2022;3091;2220;871
8571;Mannen;36 jaar;2023;3204;2363;841
8572;Mannen;36 jaar;2024;3219;2546;673
8573;Mannen;36 jaar;2025;3270;2664;606
8574;Mannen;36 jaar;2026;3301;2778;523
8575;Mannen;36 jaar;2027;3308;2825;483
8576;Mannen;36 jaar;2028;3319;2871;448
8577;Mannen;36 jaar;2029;3302;2885;417
8578;Mannen;36 jaar;2030;3293;2892;401
8579;Mannen;36 jaar;2031;3276;2876;400
8580;Mannen;36 jaar;2032;3264;2888;376
8581;Mannen;36 jaar;2033;3255;2893;362
8582;Mannen;36 jaar;2034;3254;2913;341
8583;Mannen;36 jaar;2035;3254;2922;332
8584;Mannen;36 jaar;2036;3262;2933;329
8585;Mannen;36 jaar;2037;3254;2914;340
8586;Mannen;36 jaar;2038;3246;2906;340
8587;Mannen;36 jaar;2039;3245;2903;342
8588;Mannen;36 jaar;2040;3231;2892;339
8589;Mannen;36 jaar;2041;3222;2883;339
8590;Mannen;36 jaar;2042;3216;2880;336
8591;Mannen;36 jaar;2043;3209;2873;336
8592;Mannen;36 jaar;2044;3216;2885;331
8593;Mannen;36 jaar;2045;3214;2885;329
8594;Mannen;36 jaar;2046;3214;2886;328
8595;Mannen;36 jaar;2047;3208;2877;331
8596;Mannen;36 jaar;2048;3203;2869;334
8597;Mannen;36 jaar;2049;3193;2859;334
8598;Mannen;36 jaar;2050;3200;2862;338
8599;Mannen;36 jaar;2051;3197;2854;343
8600;Mannen;36 jaar;2052;3198;2851;347
8601;Mannen;36 jaar;2053;3196;2842;354
8602;Mannen;36 jaar;2054;3196;2839;357
8603;Mannen;36 jaar;2055;3198;2840;358
8604;Mannen;36 jaar;2056;3195;2834;361
8605;Mannen;36 jaar;2057;3187;2820;367
8606;Mannen;36 jaar;2058;3191;2829;362
8607;Mannen;36 jaar;2059;3199;2843;356
8608;Mannen;36 jaar;2060;3209;2858;351
8609;Mannen;36 jaar;2061;3216;2867;349
8610;Mannen;36 jaar;2062;3223;2873;350
8611;Mannen;36 jaar;2063;3227;2881;346
8612;Mannen;36 jaar;2064;3231;2887;344
8613;Mannen;36 jaar;2065;3237;2892;345
8614;Mannen;36 jaar;2066;3239;2894;345
8615;Mannen;36 jaar;2067;3244;2897;347
8616;Mannen;36 jaar;2068;3244;2895;349
8617;Mannen;36 jaar;2069;3242;2894;348
8618;Mannen;36 jaar;2070;3242;2892;350
8619;Mannen;37 jaar;2020;2106;1722;384
8620;Mannen;37 jaar;2021;2480;2014;466
8621;Mannen;37 jaar;2022;2862;2125;737
8622;Mannen;37 jaar;2023;2974;2256;718
8623;Mannen;37 jaar;2024;2995;2385;610
8624;Mannen;37 jaar;2025;3040;2542;498
8625;Mannen;37 jaar;2026;3059;2625;434
8626;Mannen;37 jaar;2027;3078;2716;362
8627;Mannen;37 jaar;2028;3095;2745;350
8628;Mannen;37 jaar;2029;3079;2777;302
8629;Mannen;37 jaar;2030;3061;2775;286
8630;Mannen;37 jaar;2031;3056;2785;271
8631;Mannen;37 jaar;2032;3036;2771;265
8632;Mannen;37 jaar;2033;3025;2782;243
8633;Mannen;37 jaar;2034;3016;2784;232
8634;Mannen;37 jaar;2035;3023;2807;216
8635;Mannen;37 jaar;2036;3027;2817;210
8636;Mannen;37 jaar;2037;3037;2829;208
8637;Mannen;37 jaar;2038;3028;2812;216
8638;Mannen;37 jaar;2039;3020;2805;215
8639;Mannen;37 jaar;2040;3018;2804;214
8640;Mannen;37 jaar;2041;3005;2792;213
8641;Mannen;37 jaar;2042;2997;2784;213
8642;Mannen;37 jaar;2043;2992;2782;210
8643;Mannen;37 jaar;2044;2987;2777;210
8644;Mannen;37 jaar;2045;2993;2788;205
8645;Mannen;37 jaar;2046;2993;2788;205
8646;Mannen;37 jaar;2047;2991;2789;202
8647;Mannen;37 jaar;2048;2984;2781;203
8648;Mannen;37 jaar;2049;2981;2773;208
8649;Mannen;37 jaar;2050;2972;2763;209
8650;Mannen;37 jaar;2051;2975;2769;206
8651;Mannen;37 jaar;2052;2974;2762;212
8652;Mannen;37 jaar;2053;2977;2759;218
8653;Mannen;37 jaar;2054;2974;2751;223
8654;Mannen;37 jaar;2055;2975;2749;226
8655;Mannen;37 jaar;2056;2976;2750;226
8656;Mannen;37 jaar;2057;2975;2745;230
8657;Mannen;37 jaar;2058;2965;2732;233
8658;Mannen;37 jaar;2059;2969;2741;228
8659;Mannen;37 jaar;2060;2980;2757;223
8660;Mannen;37 jaar;2061;2988;2772;216
8661;Mannen;37 jaar;2062;2997;2782;215
8662;Mannen;37 jaar;2063;3000;2788;212
8663;Mannen;37 jaar;2064;3006;2796;210
8664;Mannen;37 jaar;2065;3012;2804;208
8665;Mannen;37 jaar;2066;3015;2809;206
8666;Mannen;37 jaar;2067;3017;2812;205
8667;Mannen;37 jaar;2068;3017;2814;203
8668;Mannen;37 jaar;2069;3019;2814;205
8669;Mannen;37 jaar;2070;3019;2812;207
8670;Mannen;38 jaar;2020;1960;1594;366
8671;Mannen;38 jaar;2021;2291;1857;434
8672;Mannen;38 jaar;2022;2646;1978;668
8673;Mannen;38 jaar;2023;2745;2111;634
8674;Mannen;38 jaar;2024;2767;2228;539
8675;Mannen;38 jaar;2025;2809;2336;473
8676;Mannen;38 jaar;2026;2824;2452;372
8677;Mannen;38 jaar;2027;2832;2516;316
8678;Mannen;38 jaar;2028;2851;2587;264
8679;Mannen;38 jaar;2029;2842;2606;236
8680;Mannen;38 jaar;2030;2828;2621;207
8681;Mannen;38 jaar;2031;2819;2623;196
8682;Mannen;38 jaar;2032;2810;2633;177
8683;Mannen;38 jaar;2033;2794;2621;173
8684;Mannen;38 jaar;2034;2783;2629;154
8685;Mannen;38 jaar;2035;2783;2635;148
8686;Mannen;38 jaar;2036;2790;2658;132
8687;Mannen;38 jaar;2037;2792;2669;123
8688;Mannen;38 jaar;2038;2800;2682;118
8689;Mannen;38 jaar;2039;2795;2665;130
8690;Mannen;38 jaar;2040;2789;2660;129
8691;Mannen;38 jaar;2041;2784;2659;125
8692;Mannen;38 jaar;2042;2772;2649;123
8693;Mannen;38 jaar;2043;2765;2642;123
8694;Mannen;38 jaar;2044;2763;2642;121
8695;Mannen;38 jaar;2045;2757;2636;121
8696;Mannen;38 jaar;2046;2763;2647;116
8697;Mannen;38 jaar;2047;2764;2647;117
8698;Mannen;38 jaar;2048;2760;2648;112
8699;Mannen;38 jaar;2049;2755;2642;113
8700;Mannen;38 jaar;2050;2751;2634;117
8701;Mannen;38 jaar;2051;2745;2627;118
8702;Mannen;38 jaar;2052;2748;2632;116
8703;Mannen;38 jaar;2053;2744;2624;120
8704;Mannen;38 jaar;2054;2748;2623;125
8705;Mannen;38 jaar;2055;2746;2616;130
8706;Mannen;38 jaar;2056;2744;2614;130
8707;Mannen;38 jaar;2057;2748;2617;131
8708;Mannen;38 jaar;2058;2745;2611;134
8709;Mannen;38 jaar;2059;2738;2600;138
8710;Mannen;38 jaar;2060;2741;2610;131
8711;Mannen;38 jaar;2061;2752;2625;127
8712;Mannen;38 jaar;2062;2762;2640;122
8713;Mannen;38 jaar;2063;2768;2650;118
8714;Mannen;38 jaar;2064;2771;2656;115
8715;Mannen;38 jaar;2065;2776;2665;111
8716;Mannen;38 jaar;2066;2782;2672;110
8717;Mannen;38 jaar;2067;2785;2678;107
8718;Mannen;38 jaar;2068;2786;2682;104
8719;Mannen;38 jaar;2069;2788;2684;104
8720;Mannen;38 jaar;2070;2788;2682;106
8721;Mannen;39 jaar;2020;1833;1450;383
8722;Mannen;39 jaar;2021;2131;1724;407
8723;Mannen;39 jaar;2022;2445;1825;620
8724;Mannen;39 jaar;2023;2537;1965;572
8725;Mannen;39 jaar;2024;2547;2083;464
8726;Mannen;39 jaar;2025;2595;2180;415
8727;Mannen;39 jaar;2026;2608;2254;354
8728;Mannen;39 jaar;2027;2614;2347;267
8729;Mannen;39 jaar;2028;2625;2393;232
8730;Mannen;39 jaar;2029;2627;2452;175
8731;Mannen;39 jaar;2030;2617;2457;160
8732;Mannen;39 jaar;2031;2608;2475;133
8733;Mannen;39 jaar;2032;2596;2478;118
8734;Mannen;39 jaar;2033;2589;2488;101
8735;Mannen;39 jaar;2034;2572;2475;97
8736;Mannen;39 jaar;2035;2572;2484;88
8737;Mannen;39 jaar;2036;2570;2493;77
8738;Mannen;39 jaar;2037;2577;2516;61
8739;Mannen;39 jaar;2038;2583;2525;58
8740;Mannen;39 jaar;2039;2587;2538;49
8741;Mannen;39 jaar;2040;2583;2524;59
8742;Mannen;39 jaar;2041;2577;2518;59
8743;Mannen;39 jaar;2042;2573;2519;54
8744;Mannen;39 jaar;2043;2565;2511;54
8745;Mannen;39 jaar;2044;2557;2505;52
8746;Mannen;39 jaar;2045;2557;2505;52
8747;Mannen;39 jaar;2046;2548;2499;49
8748;Mannen;39 jaar;2047;2555;2509;46
8749;Mannen;39 jaar;2048;2554;2510;44
8750;Mannen;39 jaar;2049;2551;2512;39
8751;Mannen;39 jaar;2050;2547;2505;42
8752;Mannen;39 jaar;2051;2544;2500;44
8753;Mannen;39 jaar;2052;2536;2493;43
8754;Mannen;39 jaar;2053;2542;2498;44
8755;Mannen;39 jaar;2054;2537;2491;46
8756;Mannen;39 jaar;2055;2542;2491;51
8757;Mannen;39 jaar;2056;2539;2485;54
8758;Mannen;39 jaar;2057;2538;2484;54
8759;Mannen;39 jaar;2058;2542;2487;55
8760;Mannen;39 jaar;2059;2538;2482;56
8761;Mannen;39 jaar;2060;2531;2472;59
8762;Mannen;39 jaar;2061;2534;2481;53
8763;Mannen;39 jaar;2062;2545;2496;49
8764;Mannen;39 jaar;2063;2554;2511;43
8765;Mannen;39 jaar;2064;2561;2521;40
8766;Mannen;39 jaar;2065;2564;2528;36
8767;Mannen;39 jaar;2066;2570;2536;34
8768;Mannen;39 jaar;2067;2574;2544;30
8769;Mannen;39 jaar;2068;2578;2550;28
8770;Mannen;39 jaar;2069;2580;2554;26
8771;Mannen;39 jaar;2070;2580;2556;24
8772;Mannen;40 jaar;2020;1706;1347;359
8773;Mannen;40 jaar;2021;1984;1581;403
8774;Mannen;40 jaar;2022;2264;1693;571
8775;Mannen;40 jaar;2023;2338;1810;528
8776;Mannen;40 jaar;2024;2354;1935;419
8777;Mannen;40 jaar;2025;2392;2035;357
8778;Mannen;40 jaar;2026;2411;2102;309
8779;Mannen;40 jaar;2027;2418;2158;260
8780;Mannen;40 jaar;2028;2422;2229;193
8781;Mannen;40 jaar;2029;2416;2265;151
8782;Mannen;40 jaar;2030;2419;2306;113
8783;Mannen;40 jaar;2031;2414;2316;98
8784;Mannen;40 jaar;2032;2408;2332;76
8785;Mannen;40 jaar;2033;2395;2334;61
8786;Mannen;40 jaar;2034;2387;2343;44
8787;Mannen;40 jaar;2035;2380;2333;47
8788;Mannen;40 jaar;2036;2378;2345;33
8789;Mannen;40 jaar;2037;2378;2352;26
8790;Mannen;40 jaar;2038;2386;2374;12
8791;Mannen;40 jaar;2039;2389;2384;5
8792;Mannen;40 jaar;2040;2396;2397;-1
8793;Mannen;40 jaar;2041;2390;2385;5
8794;Mannen;40 jaar;2042;2384;2380;4
8795;Mannen;40 jaar;2043;2383;2382;1
8796;Mannen;40 jaar;2044;2376;2374;2
8797;Mannen;40 jaar;2045;2366;2369;-3
8798;Mannen;40 jaar;2046;2365;2369;-4
8799;Mannen;40 jaar;2047;2358;2363;-5
8800;Mannen;40 jaar;2048;2363;2374;-11
8801;Mannen;40 jaar;2049;2364;2375;-11
8802;Mannen;40 jaar;2050;2364;2377;-13
8803;Mannen;40 jaar;2051;2358;2372;-14
8804;Mannen;40 jaar;2052;2355;2367;-12
8805;Mannen;40 jaar;2053;2348;2360;-12
8806;Mannen;40 jaar;2054;2353;2366;-13
8807;Mannen;40 jaar;2055;2349;2360;-11
8808;Mannen;40 jaar;2056;2352;2360;-8
8809;Mannen;40 jaar;2057;2349;2355;-6
8810;Mannen;40 jaar;2058;2349;2355;-6
8811;Mannen;40 jaar;2059;2351;2358;-7
8812;Mannen;40 jaar;2060;2350;2353;-3
8813;Mannen;40 jaar;2061;2342;2344;-2
8814;Mannen;40 jaar;2062;2346;2354;-8
8815;Mannen;40 jaar;2063;2356;2369;-13
8816;Mannen;40 jaar;2064;2365;2384;-19
8817;Mannen;40 jaar;2065;2372;2394;-22
8818;Mannen;40 jaar;2066;2375;2401;-26
8819;Mannen;40 jaar;2067;2380;2410;-30
8820;Mannen;40 jaar;2068;2384;2417;-33
8821;Mannen;40 jaar;2069;2389;2423;-34
8822;Mannen;40 jaar;2070;2389;2426;-37
8823;Mannen;41 jaar;2020;1566;1217;349
8824;Mannen;41 jaar;2021;1836;1456;380
8825;Mannen;41 jaar;2022;2096;1530;566
8826;Mannen;41 jaar;2023;2151;1650;501
8827;Mannen;41 jaar;2024;2164;1751;413
8828;Mannen;41 jaar;2025;2196;1858;338
8829;Mannen;41 jaar;2026;2208;1928;280
8830;Mannen;41 jaar;2027;2219;1980;239
8831;Mannen;41 jaar;2028;2232;2019;213
8832;Mannen;41 jaar;2029;2219;2076;143
8833;Mannen;41 jaar;2030;2213;2097;116
8834;Mannen;41 jaar;2031;2218;2139;79
8835;Mannen;41 jaar;2032;2211;2149;62
8836;Mannen;41 jaar;2033;2206;2164;42
8837;Mannen;41 jaar;2034;2192;2165;27
8838;Mannen;41 jaar;2035;2193;2176;17
8839;Mannen;41 jaar;2036;2187;2167;20
8840;Mannen;41 jaar;2037;2185;2179;6
8841;Mannen;41 jaar;2038;2182;2187;-5
8842;Mannen;41 jaar;2039;2190;2208;-18
8843;Mannen;41 jaar;2040;2196;2217;-21
8844;Mannen;41 jaar;2041;2199;2229;-30
8845;Mannen;41 jaar;2042;2196;2219;-23
8846;Mannen;41 jaar;2043;2193;2217;-24
8847;Mannen;41 jaar;2044;2190;2219;-29
8848;Mannen;41 jaar;2045;2184;2213;-29
8849;Mannen;41 jaar;2046;2175;2207;-32
8850;Mannen;41 jaar;2047;2175;2207;-32
8851;Mannen;41 jaar;2048;2166;2202;-36
8852;Mannen;41 jaar;2049;2174;2212;-38
8853;Mannen;41 jaar;2050;2173;2214;-41
8854;Mannen;41 jaar;2051;2171;2217;-46
8855;Mannen;41 jaar;2052;2166;2212;-46
8856;Mannen;41 jaar;2053;2164;2208;-44
8857;Mannen;41 jaar;2054;2156;2201;-45
8858;Mannen;41 jaar;2055;2162;2207;-45
8859;Mannen;41 jaar;2056;2158;2202;-44
8860;Mannen;41 jaar;2057;2164;2203;-39
8861;Mannen;41 jaar;2058;2159;2199;-40
8862;Mannen;41 jaar;2059;2158;2199;-41
8863;Mannen;41 jaar;2060;2161;2203;-42
8864;Mannen;41 jaar;2061;2157;2199;-42
8865;Mannen;41 jaar;2062;2152;2191;-39
8866;Mannen;41 jaar;2063;2155;2200;-45
8867;Mannen;41 jaar;2064;2164;2215;-51
8868;Mannen;41 jaar;2065;2174;2230;-56
8869;Mannen;41 jaar;2066;2182;2240;-58
8870;Mannen;41 jaar;2067;2184;2246;-62
8871;Mannen;41 jaar;2068;2190;2255;-65
8872;Mannen;41 jaar;2069;2193;2263;-70
8873;Mannen;41 jaar;2070;2193;2269;-76
8874;Mannen;42 jaar;2020;1484;1152;332
8875;Mannen;42 jaar;2021;1722;1392;330
8876;Mannen;42 jaar;2022;1973;1480;493
8877;Mannen;42 jaar;2023;2027;1566;461
8878;Mannen;42 jaar;2024;2032;1682;350
8879;Mannen;42 jaar;2025;2056;1774;282
8880;Mannen;42 jaar;2026;2069;1856;213
8881;Mannen;42 jaar;2027;2076;1913;163
8882;Mannen;42 jaar;2028;2089;1952;137
8883;Mannen;42 jaar;2029;2083;1982;101
8884;Mannen;42 jaar;2030;2072;2025;47
8885;Mannen;42 jaar;2031;2067;2049;18
8886;Mannen;42 jaar;2032;2075;2089;-14
8887;Mannen;42 jaar;2033;2068;2099;-31
8888;Mannen;42 jaar;2034;2060;2112;-52
8889;Mannen;42 jaar;2035;2054;2115;-61
8890;Mannen;42 jaar;2036;2057;2128;-71
8891;Mannen;42 jaar;2037;2050;2120;-70
8892;Mannen;42 jaar;2038;2046;2133;-87
8893;Mannen;42 jaar;2039;2048;2140;-92
8894;Mannen;42 jaar;2040;2054;2161;-107
8895;Mannen;42 jaar;2041;2057;2171;-114
8896;Mannen;42 jaar;2042;2066;2184;-118
8897;Mannen;42 jaar;2043;2064;2175;-111
8898;Mannen;42 jaar;2044;2058;2174;-116
8899;Mannen;42 jaar;2045;2059;2176;-117
8900;Mannen;42 jaar;2046;2053;2170;-117
8901;Mannen;42 jaar;2047;2041;2165;-124
8902;Mannen;42 jaar;2048;2039;2165;-126
8903;Mannen;42 jaar;2049;2034;2161;-127
8904;Mannen;42 jaar;2050;2040;2171;-131
8905;Mannen;42 jaar;2051;2038;2174;-136
8906;Mannen;42 jaar;2052;2038;2177;-139
8907;Mannen;42 jaar;2053;2033;2173;-140
8908;Mannen;42 jaar;2054;2027;2169;-142
8909;Mannen;42 jaar;2055;2021;2162;-141
8910;Mannen;42 jaar;2056;2029;2168;-139
8911;Mannen;42 jaar;2057;2025;2164;-139
8912;Mannen;42 jaar;2058;2027;2166;-139
8913;Mannen;42 jaar;2059;2023;2163;-140
8914;Mannen;42 jaar;2060;2024;2164;-140
8915;Mannen;42 jaar;2061;2028;2168;-140
8916;Mannen;42 jaar;2062;2025;2164;-139
8917;Mannen;42 jaar;2063;2018;2157;-139
8918;Mannen;42 jaar;2064;2022;2167;-145
8919;Mannen;42 jaar;2065;2032;2182;-150
8920;Mannen;42 jaar;2066;2041;2196;-155
8921;Mannen;42 jaar;2067;2046;2207;-161
8922;Mannen;42 jaar;2068;2050;2213;-163
8923;Mannen;42 jaar;2069;2055;2223;-168
8924;Mannen;42 jaar;2070;2055;2230;-175
8925;Mannen;43 jaar;2020;1421;1095;326
8926;Mannen;43 jaar;2021;1651;1327;324
8927;Mannen;43 jaar;2022;1878;1411;467
8928;Mannen;43 jaar;2023;1944;1518;426
8929;Mannen;43 jaar;2024;1947;1600;347
8930;Mannen;43 jaar;2025;1967;1709;258
8931;Mannen;43 jaar;2026;1968;1776;192
8932;Mannen;43 jaar;2027;1979;1846;133
8933;Mannen;43 jaar;2028;1986;1890;96
8934;Mannen;43 jaar;2029;1984;1921;63
8935;Mannen;43 jaar;2030;1978;1939;39
8936;Mannen;43 jaar;2031;1971;1984;-13
8937;Mannen;43 jaar;2032;1966;2006;-40
8938;Mannen;43 jaar;2033;1973;2045;-72
8939;Mannen;43 jaar;2034;1968;2054;-86
8940;Mannen;43 jaar;2035;1966;2069;-103
8941;Mannen;43 jaar;2036;1962;2074;-112
8942;Mannen;43 jaar;2037;1962;2087;-125
8943;Mannen;43 jaar;2038;1956;2080;-124
8944;Mannen;43 jaar;2039;1956;2091;-135
8945;Mannen;43 jaar;2040;1953;2100;-147
8946;Mannen;43 jaar;2041;1961;2122;-161
8947;Mannen;43 jaar;2042;1963;2132;-169
8948;Mannen;43 jaar;2043;1974;2147;-173
8949;Mannen;43 jaar;2044;1971;2139;-168
8950;Mannen;43 jaar;2045;1968;2137;-169
8951;Mannen;43 jaar;2046;1968;2140;-172
8952;Mannen;43 jaar;2047;1958;2133;-175
8953;Mannen;43 jaar;2048;1951;2129;-178
8954;Mannen;43 jaar;2049;1948;2129;-181
8955;Mannen;43 jaar;2050;1947;2125;-178
8956;Mannen;43 jaar;2051;1949;2137;-188
8957;Mannen;43 jaar;2052;1948;2139;-191
8958;Mannen;43 jaar;2053;1947;2143;-196
8959;Mannen;43 jaar;2054;1942;2139;-197
8960;Mannen;43 jaar;2055;1939;2135;-196
8961;Mannen;43 jaar;2056;1933;2129;-196
8962;Mannen;43 jaar;2057;1938;2136;-198
8963;Mannen;43 jaar;2058;1934;2132;-198
8964;Mannen;43 jaar;2059;1937;2134;-197
8965;Mannen;43 jaar;2060;1935;2131;-196
8966;Mannen;43 jaar;2061;1933;2132;-199
8967;Mannen;43 jaar;2062;1936;2137;-201
8968;Mannen;43 jaar;2063;1932;2133;-201
8969;Mannen;43 jaar;2064;1925;2126;-201
8970;Mannen;43 jaar;2065;1933;2136;-203
8971;Mannen;43 jaar;2066;1940;2151;-211
8972;Mannen;43 jaar;2067;1949;2166;-217
8973;Mannen;43 jaar;2068;1956;2177;-221
8974;Mannen;43 jaar;2069;1962;2184;-222
8975;Mannen;43 jaar;2070;1962;2193;-231
8976;Mannen;44 jaar;2020;1333;1018;315
8977;Mannen;44 jaar;2021;1539;1218;321
8978;Mannen;44 jaar;2022;1755;1297;458
8979;Mannen;44 jaar;2023;1805;1395;410
8980;Mannen;44 jaar;2024;1823;1496;327
8981;Mannen;44 jaar;2025;1841;1568;273
8982;Mannen;44 jaar;2026;1841;1652;189
8983;Mannen;44 jaar;2027;1842;1707;135
8984;Mannen;44 jaar;2028;1850;1763;87
8985;Mannen;44 jaar;2029;1847;1799;48
8986;Mannen;44 jaar;2030;1844;1818;26
8987;Mannen;44 jaar;2031;1842;1837;5
8988;Mannen;44 jaar;2032;1835;1879;-44
8989;Mannen;44 jaar;2033;1826;1900;-74
8990;Mannen;44 jaar;2034;1832;1936;-104
8991;Mannen;44 jaar;2035;1833;1946;-113
8992;Mannen;44 jaar;2036;1834;1962;-128
8993;Mannen;44 jaar;2037;1828;1968;-140
8994;Mannen;44 jaar;2038;1830;1980;-150
8995;Mannen;44 jaar;2039;1823;1973;-150
8996;Mannen;44 jaar;2040;1823;1985;-162
8997;Mannen;44 jaar;2041;1821;1994;-173
8998;Mannen;44 jaar;2042;1829;2015;-186
8999;Mannen;44 jaar;2043;1834;2025;-191
9000;Mannen;44 jaar;2044;1842;2040;-198
9001;Mannen;44 jaar;2045;1839;2033;-194
9002;Mannen;44 jaar;2046;1836;2032;-196
9003;Mannen;44 jaar;2047;1836;2033;-197
9004;Mannen;44 jaar;2048;1828;2028;-200
9005;Mannen;44 jaar;2049;1820;2025;-205
9006;Mannen;44 jaar;2050;1820;2025;-205
9007;Mannen;44 jaar;2051;1812;2024;-212
9008;Mannen;44 jaar;2052;1820;2035;-215
9009;Mannen;44 jaar;2053;1818;2037;-219
9010;Mannen;44 jaar;2054;1817;2040;-223
9011;Mannen;44 jaar;2055;1812;2038;-226
9012;Mannen;44 jaar;2056;1811;2034;-223
9013;Mannen;44 jaar;2057;1804;2029;-225
9014;Mannen;44 jaar;2058;1810;2035;-225
9015;Mannen;44 jaar;2059;1805;2032;-227
9016;Mannen;44 jaar;2060;1810;2035;-225
9017;Mannen;44 jaar;2061;1805;2033;-228
9018;Mannen;44 jaar;2062;1805;2035;-230
9019;Mannen;44 jaar;2063;1806;2040;-234
9020;Mannen;44 jaar;2064;1805;2036;-231
9021;Mannen;44 jaar;2065;1799;2030;-231
9022;Mannen;44 jaar;2066;1803;2040;-237
9023;Mannen;44 jaar;2067;1813;2055;-242
9024;Mannen;44 jaar;2068;1819;2069;-250
9025;Mannen;44 jaar;2069;1827;2079;-252
9026;Mannen;44 jaar;2070;1827;2085;-258
9027;Mannen;45 jaar;2020;1231;929;302
9028;Mannen;45 jaar;2021;1424;1121;303
9029;Mannen;45 jaar;2022;1611;1176;435
9030;Mannen;45 jaar;2023;1660;1267;393
9031;Mannen;45 jaar;2024;1672;1356;316
9032;Mannen;45 jaar;2025;1699;1446;253
9033;Mannen;45 jaar;2026;1701;1497;204
9034;Mannen;45 jaar;2027;1699;1565;134
9035;Mannen;45 jaar;2028;1700;1605;95
9036;Mannen;45 jaar;2029;1699;1651;48
9037;Mannen;45 jaar;2030;1694;1674;20
9038;Mannen;45 jaar;2031;1695;1696;-1
9039;Mannen;45 jaar;2032;1692;1715;-23
9040;Mannen;45 jaar;2033;1685;1751;-66
9041;Mannen;45 jaar;2034;1678;1771;-93
9042;Mannen;45 jaar;2035;1692;1805;-113
9043;Mannen;45 jaar;2036;1692;1816;-124
9044;Mannen;45 jaar;2037;1689;1831;-142
9045;Mannen;45 jaar;2038;1687;1837;-150
9046;Mannen;45 jaar;2039;1687;1849;-162
9047;Mannen;45 jaar;2040;1682;1844;-162
9048;Mannen;45 jaar;2041;1681;1855;-174
9049;Mannen;45 jaar;2042;1681;1864;-183
9050;Mannen;45 jaar;2043;1690;1884;-194
9051;Mannen;45 jaar;2044;1692;1894;-202
9052;Mannen;45 jaar;2045;1700;1907;-207
9053;Mannen;45 jaar;2046;1700;1902;-202
9054;Mannen;45 jaar;2047;1696;1901;-205
9055;Mannen;45 jaar;2048;1695;1902;-207
9056;Mannen;45 jaar;2049;1688;1899;-211
9057;Mannen;45 jaar;2050;1681;1896;-215
9058;Mannen;45 jaar;2051;1680;1898;-218
9059;Mannen;45 jaar;2052;1673;1897;-224
9060;Mannen;45 jaar;2053;1679;1907;-228
9061;Mannen;45 jaar;2054;1678;1909;-231
9062;Mannen;45 jaar;2055;1679;1913;-234
9063;Mannen;45 jaar;2056;1675;1911;-236
9064;Mannen;45 jaar;2057;1670;1908;-238
9065;Mannen;45 jaar;2058;1667;1904;-237
9066;Mannen;45 jaar;2059;1667;1911;-244
9067;Mannen;45 jaar;2060;1666;1908;-242
9068;Mannen;45 jaar;2061;1668;1911;-243
9069;Mannen;45 jaar;2062;1669;1909;-240
9070;Mannen;45 jaar;2063;1666;1912;-246
9071;Mannen;45 jaar;2064;1668;1917;-249
9072;Mannen;45 jaar;2065;1665;1913;-248
9073;Mannen;45 jaar;2066;1659;1909;-250
9074;Mannen;45 jaar;2067;1665;1919;-254
9075;Mannen;45 jaar;2068;1672;1933;-261
9076;Mannen;45 jaar;2069;1679;1946;-267
9077;Mannen;45 jaar;2070;1679;1955;-276
9078;Mannen;46 jaar;2020;1152;891;261
9079;Mannen;46 jaar;2021;1317;1055;262
9080;Mannen;46 jaar;2022;1500;1113;387
9081;Mannen;46 jaar;2023;1535;1178;357
9082;Mannen;46 jaar;2024;1548;1263;285
9083;Mannen;46 jaar;2025;1568;1343;225
9084;Mannen;46 jaar;2026;1580;1411;169
9085;Mannen;46 jaar;2027;1580;1451;129
9086;Mannen;46 jaar;2028;1580;1504;76
9087;Mannen;46 jaar;2029;1572;1536;36
9088;Mannen;46 jaar;2030;1569;1571;-2
9089;Mannen;46 jaar;2031;1569;1597;-28
9090;Mannen;46 jaar;2032;1567;1618;-51
9091;Mannen;46 jaar;2033;1567;1636;-69
9092;Mannen;46 jaar;2034;1558;1669;-111
9093;Mannen;46 jaar;2035;1562;1689;-127
9094;Mannen;46 jaar;2036;1569;1723;-154
9095;Mannen;46 jaar;2037;1569;1735;-166
9096;Mannen;46 jaar;2038;1568;1750;-182
9097;Mannen;46 jaar;2039;1566;1755;-189
9098;Mannen;46 jaar;2040;1567;1768;-201
9099;Mannen;46 jaar;2041;1561;1763;-202
9100;Mannen;46 jaar;2042;1562;1774;-212
9101;Mannen;46 jaar;2043;1563;1784;-221
9102;Mannen;46 jaar;2044;1571;1804;-233
9103;Mannen;46 jaar;2045;1573;1815;-242
9104;Mannen;46 jaar;2046;1578;1828;-250
9105;Mannen;46 jaar;2047;1577;1823;-246
9106;Mannen;46 jaar;2048;1574;1822;-248
9107;Mannen;46 jaar;2049;1570;1825;-255
9108;Mannen;46 jaar;2050;1566;1821;-255
9109;Mannen;46 jaar;2051;1561;1819;-258
9110;Mannen;46 jaar;2052;1557;1820;-263
9111;Mannen;46 jaar;2053;1555;1818;-263
9112;Mannen;46 jaar;2054;1559;1828;-269
9113;Mannen;46 jaar;2055;1559;1831;-272
9114;Mannen;46 jaar;2056;1556;1835;-279
9115;Mannen;46 jaar;2057;1555;1833;-278
9116;Mannen;46 jaar;2058;1551;1830;-279
9117;Mannen;46 jaar;2059;1548;1826;-278
9118;Mannen;46 jaar;2060;1549;1834;-285
9119;Mannen;46 jaar;2061;1547;1832;-285
9120;Mannen;46 jaar;2062;1551;1836;-285
9121;Mannen;46 jaar;2063;1545;1834;-289
9122;Mannen;46 jaar;2064;1547;1837;-290
9123;Mannen;46 jaar;2065;1550;1841;-291
9124;Mannen;46 jaar;2066;1544;1839;-295
9125;Mannen;46 jaar;2067;1539;1835;-296
9126;Mannen;46 jaar;2068;1545;1845;-300
9127;Mannen;46 jaar;2069;1554;1860;-306
9128;Mannen;46 jaar;2070;1554;1875;-321
9129;Mannen;47 jaar;2020;1092;829;263
9130;Mannen;47 jaar;2021;1246;998;248
9131;Mannen;47 jaar;2022;1408;1027;381
9132;Mannen;47 jaar;2023;1443;1089;354
9133;Mannen;47 jaar;2024;1452;1148;304
9134;Mannen;47 jaar;2025;1473;1221;252
9135;Mannen;47 jaar;2026;1476;1278;198
9136;Mannen;47 jaar;2027;1486;1335;151
9137;Mannen;47 jaar;2028;1490;1363;127
9138;Mannen;47 jaar;2029;1478;1405;73
9139;Mannen;47 jaar;2030;1471;1426;45
9140;Mannen;47 jaar;2031;1470;1462;8
9141;Mannen;47 jaar;2032;1467;1485;-18
9142;Mannen;47 jaar;2033;1468;1506;-38
9143;Mannen;47 jaar;2034;1463;1523;-60
9144;Mannen;47 jaar;2035;1465;1552;-87
9145;Mannen;47 jaar;2036;1465;1572;-107
9146;Mannen;47 jaar;2037;1476;1605;-129
9147;Mannen;47 jaar;2038;1475;1616;-141
9148;Mannen;47 jaar;2039;1473;1629;-156
9149;Mannen;47 jaar;2040;1473;1633;-160
9150;Mannen;47 jaar;2041;1472;1646;-174
9151;Mannen;47 jaar;2042;1469;1642;-173
9152;Mannen;47 jaar;2043;1469;1653;-184
9153;Mannen;47 jaar;2044;1472;1661;-189
9154;Mannen;47 jaar;2045;1478;1681;-203
9155;Mannen;47 jaar;2046;1479;1691;-212
9156;Mannen;47 jaar;2047;1485;1703;-218
9157;Mannen;47 jaar;2048;1483;1698;-215
9158;Mannen;47 jaar;2049;1480;1698;-218
9159;Mannen;47 jaar;2050;1476;1699;-223
9160;Mannen;47 jaar;2051;1471;1696;-225
9161;Mannen;47 jaar;2052;1467;1694;-227
9162;Mannen;47 jaar;2053;1466;1694;-228
9163;Mannen;47 jaar;2054;1462;1692;-230
9164;Mannen;47 jaar;2055;1466;1702;-236
9165;Mannen;47 jaar;2056;1464;1705;-241
9166;Mannen;47 jaar;2057;1466;1708;-242
9167;Mannen;47 jaar;2058;1460;1706;-246
9168;Mannen;47 jaar;2059;1457;1704;-247
9169;Mannen;47 jaar;2060;1454;1700;-246
9170;Mannen;47 jaar;2061;1458;1708;-250
9171;Mannen;47 jaar;2062;1454;1705;-251
9172;Mannen;47 jaar;2063;1456;1710;-254
9173;Mannen;47 jaar;2064;1456;1708;-252
9174;Mannen;47 jaar;2065;1455;1710;-255
9175;Mannen;47 jaar;2066;1456;1715;-259
9176;Mannen;47 jaar;2067;1452;1713;-261
9177;Mannen;47 jaar;2068;1449;1708;-259
9178;Mannen;47 jaar;2069;1450;1718;-268
9179;Mannen;47 jaar;2070;1450;1731;-281
9180;Mannen;48 jaar;2020;1041;806;235
9181;Mannen;48 jaar;2021;1173;948;225
9182;Mannen;48 jaar;2022;1317;984;333
9183;Mannen;48 jaar;2023;1344;1020;324
9184;Mannen;48 jaar;2024;1351;1077;274
9185;Mannen;48 jaar;2025;1370;1130;240
9186;Mannen;48 jaar;2026;1378;1185;193
9187;Mannen;48 jaar;2027;1380;1231;149
9188;Mannen;48 jaar;2028;1387;1276;111
9189;Mannen;48 jaar;2029;1379;1296;83
9190;Mannen;48 jaar;2030;1366;1326;40
9191;Mannen;48 jaar;2031;1360;1349;11
9192;Mannen;48 jaar;2032;1359;1382;-23
9193;Mannen;48 jaar;2033;1355;1404;-49
9194;Mannen;48 jaar;2034;1357;1423;-66
9195;Mannen;48 jaar;2035;1362;1439;-77
9196;Mannen;48 jaar;2036;1361;1467;-106
9197;Mannen;48 jaar;2037;1363;1486;-123
9198;Mannen;48 jaar;2038;1371;1517;-146
9199;Mannen;48 jaar;2039;1370;1526;-156
9200;Mannen;48 jaar;2040;1368;1539;-171
9201;Mannen;48 jaar;2041;1368;1544;-176
9202;Mannen;48 jaar;2042;1369;1555;-186
9203;Mannen;48 jaar;2043;1364;1552;-188
9204;Mannen;48 jaar;2044;1365;1563;-198
9205;Mannen;48 jaar;2045;1366;1571;-205
9206;Mannen;48 jaar;2046;1374;1589;-215
9207;Mannen;48 jaar;2047;1377;1598;-221
9208;Mannen;48 jaar;2048;1382;1610;-228
9209;Mannen;48 jaar;2049;1377;1606;-229
9210;Mannen;48 jaar;2050;1376;1604;-228
9211;Mannen;48 jaar;2051;1375;1608;-233
9212;Mannen;48 jaar;2052;1367;1603;-236
9213;Mannen;48 jaar;2053;1361;1601;-240
9214;Mannen;48 jaar;2054;1362;1602;-240
9215;Mannen;48 jaar;2055;1355;1600;-245
9216;Mannen;48 jaar;2056;1360;1610;-250
9217;Mannen;48 jaar;2057;1362;1612;-250
9218;Mannen;48 jaar;2058;1359;1615;-256
9219;Mannen;48 jaar;2059;1359;1614;-255
9220;Mannen;48 jaar;2060;1356;1611;-255
9221;Mannen;48 jaar;2061;1349;1607;-258
9222;Mannen;48 jaar;2062;1352;1615;-263
9223;Mannen;48 jaar;2063;1351;1612;-261
9224;Mannen;48 jaar;2064;1353;1617;-264
9225;Mannen;48 jaar;2065;1351;1616;-265
9226;Mannen;48 jaar;2066;1350;1617;-267
9227;Mannen;48 jaar;2067;1350;1622;-272
9228;Mannen;48 jaar;2068;1349;1621;-272
9229;Mannen;48 jaar;2069;1343;1615;-272
9230;Mannen;48 jaar;2070;1343;1623;-280
9231;Mannen;49 jaar;2020;990;780;210
9232;Mannen;49 jaar;2021;1115;925;190
9233;Mannen;49 jaar;2022;1239;937;302
9234;Mannen;49 jaar;2023;1264;978;286
9235;Mannen;49 jaar;2024;1262;1012;250
9236;Mannen;49 jaar;2025;1279;1064;215
9237;Mannen;49 jaar;2026;1283;1100;183
9238;Mannen;49 jaar;2027;1287;1146;141
9239;Mannen;49 jaar;2028;1291;1180;111
9240;Mannen;49 jaar;2029;1289;1220;69
9241;Mannen;49 jaar;2030;1281;1231;50
9242;Mannen;49 jaar;2031;1272;1260;12
9243;Mannen;49 jaar;2032;1264;1281;-17
9244;Mannen;49 jaar;2033;1263;1312;-49
9245;Mannen;49 jaar;2034;1260;1332;-72
9246;Mannen;49 jaar;2035;1269;1352;-83
9247;Mannen;49 jaar;2036;1270;1368;-98
9248;Mannen;49 jaar;2037;1270;1393;-123
9249;Mannen;49 jaar;2038;1273;1411;-138
9250;Mannen;49 jaar;2039;1281;1439;-158
9251;Mannen;49 jaar;2040;1280;1449;-169
9252;Mannen;49 jaar;2041;1279;1460;-181
9253;Mannen;49 jaar;2042;1279;1465;-186
9254;Mannen;49 jaar;2043;1280;1477;-197
9255;Mannen;49 jaar;2044;1276;1474;-198
9256;Mannen;49 jaar;2045;1280;1485;-205
9257;Mannen;49 jaar;2046;1280;1492;-212
9258;Mannen;49 jaar;2047;1286;1508;-222
9259;Mannen;49 jaar;2048;1290;1517;-227
9260;Mannen;49 jaar;2049;1294;1529;-235
9261;Mannen;49 jaar;2050;1291;1525;-234
9262;Mannen;49 jaar;2051;1289;1526;-237
9263;Mannen;49 jaar;2052;1287;1528;-241
9264;Mannen;49 jaar;2053;1280;1524;-244
9265;Mannen;49 jaar;2054;1274;1522;-248
9266;Mannen;49 jaar;2055;1274;1523;-249
9267;Mannen;49 jaar;2056;1268;1521;-253
9268;Mannen;49 jaar;2057;1275;1531;-256
9269;Mannen;49 jaar;2058;1275;1534;-259
9270;Mannen;49 jaar;2059;1273;1537;-264
9271;Mannen;49 jaar;2060;1270;1535;-265
9272;Mannen;49 jaar;2061;1270;1534;-264
9273;Mannen;49 jaar;2062;1262;1531;-269
9274;Mannen;49 jaar;2063;1265;1538;-273
9275;Mannen;49 jaar;2064;1264;1536;-272
9276;Mannen;49 jaar;2065;1266;1541;-275
9277;Mannen;49 jaar;2066;1264;1540;-276
9278;Mannen;49 jaar;2067;1264;1541;-277
9279;Mannen;49 jaar;2068;1265;1546;-281
9280;Mannen;49 jaar;2069;1262;1545;-283
9281;Mannen;49 jaar;2070;1262;1536;-274
9282;Mannen;50 jaar;2020;919;728;191
9283;Mannen;50 jaar;2021;1035;870;165
9284;Mannen;50 jaar;2022;1149;884;265
9285;Mannen;50 jaar;2023;1160;903;257
9286;Mannen;50 jaar;2024;1159;943;216
9287;Mannen;50 jaar;2025;1168;973;195
9288;Mannen;50 jaar;2026;1173;1008;165
9289;Mannen;50 jaar;2027;1171;1037;134
9290;Mannen;50 jaar;2028;1176;1073;103
9291;Mannen;50 jaar;2029;1171;1100;71
9292;Mannen;50 jaar;2030;1171;1130;41
9293;Mannen;50 jaar;2031;1168;1144;24
9294;Mannen;50 jaar;2032;1159;1171;-12
9295;Mannen;50 jaar;2033;1152;1189;-37
9296;Mannen;50 jaar;2034;1154;1217;-63
9297;Mannen;50 jaar;2035;1153;1236;-83
9298;Mannen;50 jaar;2036;1160;1255;-95
9299;Mannen;50 jaar;2037;1161;1270;-109
9300;Mannen;50 jaar;2038;1163;1295;-132
9301;Mannen;50 jaar;2039;1163;1311;-148
9302;Mannen;50 jaar;2040;1172;1338;-166
9303;Mannen;50 jaar;2041;1172;1347;-175
9304;Mannen;50 jaar;2042;1172;1358;-186
9305;Mannen;50 jaar;2043;1173;1364;-191
9306;Mannen;50 jaar;2044;1175;1375;-200
9307;Mannen;50 jaar;2045;1171;1373;-202
9308;Mannen;50 jaar;2046;1172;1383;-211
9309;Mannen;50 jaar;2047;1173;1390;-217
9310;Mannen;50 jaar;2048;1179;1407;-228
9311;Mannen;50 jaar;2049;1184;1415;-231
9312;Mannen;50 jaar;2050;1187;1426;-239
9313;Mannen;50 jaar;2051;1184;1424;-240
9314;Mannen;50 jaar;2052;1183;1425;-242
9315;Mannen;50 jaar;2053;1179;1427;-248
9316;Mannen;50 jaar;2054;1175;1424;-249
9317;Mannen;50 jaar;2055;1171;1421;-250
9318;Mannen;50 jaar;2056;1171;1423;-252
9319;Mannen;50 jaar;2057;1163;1422;-259
9320;Mannen;50 jaar;2058;1169;1432;-263
9321;Mannen;50 jaar;2059;1170;1435;-265
9322;Mannen;50 jaar;2060;1171;1439;-268
9323;Mannen;50 jaar;2061;1167;1438;-271
9324;Mannen;50 jaar;2062;1163;1436;-273
9325;Mannen;50 jaar;2063;1158;1434;-276
9326;Mannen;50 jaar;2064;1161;1441;-280
9327;Mannen;50 jaar;2065;1158;1441;-283
9328;Mannen;50 jaar;2066;1161;1445;-284
9329;Mannen;50 jaar;2067;1159;1445;-286
9330;Mannen;50 jaar;2068;1157;1447;-290
9331;Mannen;50 jaar;2069;1159;1452;-293
9332;Mannen;50 jaar;2070;1159;1453;-294
9333;Mannen;51 jaar;2020;862;674;188
9334;Mannen;51 jaar;2021;970;808;162
9335;Mannen;51 jaar;2022;1076;821;255
9336;Mannen;51 jaar;2023;1088;846;242
9337;Mannen;51 jaar;2024;1078;865;213
9338;Mannen;51 jaar;2025;1088;901;187
9339;Mannen;51 jaar;2026;1084;918;166
9340;Mannen;51 jaar;2027;1085;947;138
9341;Mannen;51 jaar;2028;1087;969;118
9342;Mannen;51 jaar;2029;1085;999;86
9343;Mannen;51 jaar;2030;1080;1019;61
9344;Mannen;51 jaar;2031;1086;1051;35
9345;Mannen;51 jaar;2032;1081;1064;17
9346;Mannen;51 jaar;2033;1071;1089;-18
9347;Mannen;51 jaar;2034;1065;1106;-41
9348;Mannen;51 jaar;2035;1070;1132;-62
9349;Mannen;51 jaar;2036;1071;1151;-80
9350;Mannen;51 jaar;2037;1079;1168;-89
9351;Mannen;51 jaar;2038;1081;1182;-101
9352;Mannen;51 jaar;2039;1080;1205;-125
9353;Mannen;51 jaar;2040;1084;1220;-136
9354;Mannen;51 jaar;2041;1090;1244;-154
9355;Mannen;51 jaar;2042;1092;1254;-162
9356;Mannen;51 jaar;2043;1095;1265;-170
9357;Mannen;51 jaar;2044;1094;1271;-177
9358;Mannen;51 jaar;2045;1096;1281;-185
9359;Mannen;51 jaar;2046;1091;1279;-188
9360;Mannen;51 jaar;2047;1092;1288;-196
9361;Mannen;51 jaar;2048;1093;1296;-203
9362;Mannen;51 jaar;2049;1102;1311;-209
9363;Mannen;51 jaar;2050;1103;1318;-215
9364;Mannen;51 jaar;2051;1109;1329;-220
9365;Mannen;51 jaar;2052;1104;1327;-223
9366;Mannen;51 jaar;2053;1102;1328;-226
9367;Mannen;51 jaar;2054;1102;1330;-228
9368;Mannen;51 jaar;2055;1095;1328;-233
9369;Mannen;51 jaar;2056;1091;1327;-236
9370;Mannen;51 jaar;2057;1089;1329;-240
9371;Mannen;51 jaar;2058;1090;1329;-239
9372;Mannen;51 jaar;2059;1091;1338;-247
9373;Mannen;51 jaar;2060;1093;1341;-248
9374;Mannen;51 jaar;2061;1092;1345;-253
9375;Mannen;51 jaar;2062;1089;1345;-256
9376;Mannen;51 jaar;2063;1086;1344;-258
9377;Mannen;51 jaar;2064;1083;1342;-259
9378;Mannen;51 jaar;2065;1084;1350;-266
9379;Mannen;51 jaar;2066;1082;1350;-268
9380;Mannen;51 jaar;2067;1086;1354;-268
9381;Mannen;51 jaar;2068;1081;1353;-272
9382;Mannen;51 jaar;2069;1081;1357;-276
9383;Mannen;51 jaar;2070;1081;1360;-279
9384;Mannen;52 jaar;2020;787;628;159
9385;Mannen;52 jaar;2021;899;769;130
9386;Mannen;52 jaar;2022;1001;792;209
9387;Mannen;52 jaar;2023;1012;809;203
9388;Mannen;52 jaar;2024;1002;833;169
9389;Mannen;52 jaar;2025;1004;848;156
9390;Mannen;52 jaar;2026;1002;871;131
9391;Mannen;52 jaar;2027;995;883;112
9392;Mannen;52 jaar;2028;1001;903;98
9393;Mannen;52 jaar;2029;992;921;71
9394;Mannen;52 jaar;2030;991;946;45
9395;Mannen;52 jaar;2031;990;967;23
9396;Mannen;52 jaar;2032;994;998;-4
9397;Mannen;52 jaar;2033;989;1009;-20
9398;Mannen;52 jaar;2034;981;1032;-51
9399;Mannen;52 jaar;2035;979;1048;-69
9400;Mannen;52 jaar;2036;984;1074;-90
9401;Mannen;52 jaar;2037;985;1092;-107
9402;Mannen;52 jaar;2038;990;1108;-118
9403;Mannen;52 jaar;2039;992;1123;-131
9404;Mannen;52 jaar;2040;990;1144;-154
9405;Mannen;52 jaar;2041;992;1159;-167
9406;Mannen;52 jaar;2042;1004;1182;-178
9407;Mannen;52 jaar;2043;1005;1192;-187
9408;Mannen;52 jaar;2044;1006;1203;-197
9409;Mannen;52 jaar;2045;1004;1208;-204
9410;Mannen;52 jaar;2046;1007;1218;-211
9411;Mannen;52 jaar;2047;1003;1216;-213
9412;Mannen;52 jaar;2048;1005;1225;-220
9413;Mannen;52 jaar;2049;1008;1232;-224
9414;Mannen;52 jaar;2050;1015;1247;-232
9415;Mannen;52 jaar;2051;1018;1255;-237
9416;Mannen;52 jaar;2052;1022;1266;-244
9417;Mannen;52 jaar;2053;1018;1264;-246
9418;Mannen;52 jaar;2054;1017;1265;-248
9419;Mannen;52 jaar;2055;1015;1267;-252
9420;Mannen;52 jaar;2056;1012;1265;-253
9421;Mannen;52 jaar;2057;1007;1263;-256
9422;Mannen;52 jaar;2058;1004;1265;-261
9423;Mannen;52 jaar;2059;1001;1265;-264
9424;Mannen;52 jaar;2060;1003;1274;-271
9425;Mannen;52 jaar;2061;1005;1277;-272
9426;Mannen;52 jaar;2062;1007;1282;-275
9427;Mannen;52 jaar;2063;1003;1281;-278
9428;Mannen;52 jaar;2064;999;1281;-282
9429;Mannen;52 jaar;2065;996;1278;-282
9430;Mannen;52 jaar;2066;998;1286;-288
9431;Mannen;52 jaar;2067;994;1285;-291
9432;Mannen;52 jaar;2068;997;1290;-293
9433;Mannen;52 jaar;2069;996;1290;-294
9434;Mannen;52 jaar;2070;996;1290;-294
9435;Mannen;53 jaar;2020;711;611;100
9436;Mannen;53 jaar;2021;800;755;45
9437;Mannen;53 jaar;2022;903;797;106
9438;Mannen;53 jaar;2023;914;824;90
9439;Mannen;53 jaar;2024;906;839;67
9440;Mannen;53 jaar;2025;908;860;48
9441;Mannen;53 jaar;2026;898;862;36
9442;Mannen;53 jaar;2027;892;879;13
9443;Mannen;53 jaar;2028;893;884;9
9444;Mannen;53 jaar;2029;889;901;-12
9445;Mannen;53 jaar;2030;880;914;-34
9446;Mannen;53 jaar;2031;881;939;-58
9447;Mannen;53 jaar;2032;881;958;-77
9448;Mannen;53 jaar;2033;886;988;-102
9449;Mannen;53 jaar;2034;882;998;-116
9450;Mannen;53 jaar;2035;877;1020;-143
9451;Mannen;53 jaar;2036;877;1036;-159
9452;Mannen;53 jaar;2037;880;1062;-182
9453;Mannen;53 jaar;2038;882;1079;-197
9454;Mannen;53 jaar;2039;886;1096;-210
9455;Mannen;53 jaar;2040;889;1109;-220
9456;Mannen;53 jaar;2041;889;1129;-240
9457;Mannen;53 jaar;2042;894;1144;-250
9458;Mannen;53 jaar;2043;903;1168;-265
9459;Mannen;53 jaar;2044;903;1178;-275
9460;Mannen;53 jaar;2045;906;1188;-282
9461;Mannen;53 jaar;2046;907;1193;-286
9462;Mannen;53 jaar;2047;904;1203;-299
9463;Mannen;53 jaar;2048;903;1200;-297
9464;Mannen;53 jaar;2049;905;1208;-303
9465;Mannen;53 jaar;2050;910;1215;-305
9466;Mannen;53 jaar;2051;916;1230;-314
9467;Mannen;53 jaar;2052;917;1239;-322
9468;Mannen;53 jaar;2053;922;1249;-327
9469;Mannen;53 jaar;2054;920;1247;-327
9470;Mannen;53 jaar;2055;917;1247;-330
9471;Mannen;53 jaar;2056;917;1249;-332
9472;Mannen;53 jaar;2057;910;1247;-337
9473;Mannen;53 jaar;2058;907;1245;-338
9474;Mannen;53 jaar;2059;903;1247;-344
9475;Mannen;53 jaar;2060;905;1246;-341
9476;Mannen;53 jaar;2061;906;1255;-349
9477;Mannen;53 jaar;2062;906;1259;-353
9478;Mannen;53 jaar;2063;905;1263;-358
9479;Mannen;53 jaar;2064;904;1262;-358
9480;Mannen;53 jaar;2065;899;1261;-362
9481;Mannen;53 jaar;2066;898;1259;-361
9482;Mannen;53 jaar;2067;900;1267;-367
9483;Mannen;53 jaar;2068;896;1266;-370
9484;Mannen;53 jaar;2069;899;1271;-372
9485;Mannen;53 jaar;2070;899;1269;-370
9486;Mannen;54 jaar;2020;650;590;60
9487;Mannen;54 jaar;2021;735;724;11
9488;Mannen;54 jaar;2022;815;763;52
9489;Mannen;54 jaar;2023;838;808;30
9490;Mannen;54 jaar;2024;833;835;-2
9491;Mannen;54 jaar;2025;835;849;-14
9492;Mannen;54 jaar;2026;828;858;-30
9493;Mannen;54 jaar;2027;818;855;-37
9494;Mannen;54 jaar;2028;816;866;-50
9495;Mannen;54 jaar;2029;807;867;-60
9496;Mannen;54 jaar;2030;804;877;-73
9497;Mannen;54 jaar;2031;799;890;-91
9498;Mannen;54 jaar;2032;801;913;-112
9499;Mannen;54 jaar;2033;801;931;-130
9500;Mannen;54 jaar;2034;807;958;-151
9501;Mannen;54 jaar;2035;804;967;-163
9502;Mannen;54 jaar;2036;800;986;-186
9503;Mannen;54 jaar;2037;801;1002;-201
9504;Mannen;54 jaar;2038;804;1027;-223
9505;Mannen;54 jaar;2039;805;1043;-238
9506;Mannen;54 jaar;2040;809;1060;-251
9507;Mannen;54 jaar;2041;812;1073;-261
9508;Mannen;54 jaar;2042;811;1090;-279
9509;Mannen;54 jaar;2043;816;1104;-288
9510;Mannen;54 jaar;2044;825;1128;-303
9511;Mannen;54 jaar;2045;826;1137;-311
9512;Mannen;54 jaar;2046;829;1146;-317
9513;Mannen;54 jaar;2047;831;1151;-320
9514;Mannen;54 jaar;2048;830;1160;-330
9515;Mannen;54 jaar;2049;826;1158;-332
9516;Mannen;54 jaar;2050;830;1166;-336
9517;Mannen;54 jaar;2051;833;1173;-340
9518;Mannen;54 jaar;2052;839;1189;-350
9519;Mannen;54 jaar;2053;839;1197;-358
9520;Mannen;54 jaar;2054;845;1206;-361
9521;Mannen;54 jaar;2055;843;1204;-361
9522;Mannen;54 jaar;2056;840;1205;-365
9523;Mannen;54 jaar;2057;841;1207;-366
9524;Mannen;54 jaar;2058;834;1204;-370
9525;Mannen;54 jaar;2059;831;1203;-372
9526;Mannen;54 jaar;2060;827;1205;-378
9527;Mannen;54 jaar;2061;830;1204;-374
9528;Mannen;54 jaar;2062;831;1214;-383
9529;Mannen;54 jaar;2063;831;1217;-386
9530;Mannen;54 jaar;2064;830;1221;-391
9531;Mannen;54 jaar;2065;830;1220;-390
9532;Mannen;54 jaar;2066;826;1219;-393
9533;Mannen;54 jaar;2067;822;1218;-396
9534;Mannen;54 jaar;2068;823;1226;-403
9535;Mannen;54 jaar;2069;820;1225;-405
9536;Mannen;54 jaar;2070;820;1228;-408
9537;Mannen;55 jaar;2020;602;574;28
9538;Mannen;55 jaar;2021;674;683;-9
9539;Mannen;55 jaar;2022;751;711;40
9540;Mannen;55 jaar;2023;764;753;11
9541;Mannen;55 jaar;2024;774;799;-25
9542;Mannen;55 jaar;2025;774;826;-52
9543;Mannen;55 jaar;2026;772;830;-58
9544;Mannen;55 jaar;2027;764;837;-73
9545;Mannen;55 jaar;2028;756;831;-75
9546;Mannen;55 jaar;2029;747;838;-91
9547;Mannen;55 jaar;2030;742;834;-92
9548;Mannen;55 jaar;2031;739;847;-108
9549;Mannen;55 jaar;2032;736;860;-124
9550;Mannen;55 jaar;2033;737;883;-146
9551;Mannen;55 jaar;2034;736;899;-163
9552;Mannen;55 jaar;2035;746;927;-181
9553;Mannen;55 jaar;2036;745;936;-191
9554;Mannen;55 jaar;2037;740;954;-214
9555;Mannen;55 jaar;2038;738;970;-232
9556;Mannen;55 jaar;2039;742;993;-251
9557;Mannen;55 jaar;2040;745;1010;-265
9558;Mannen;55 jaar;2041;748;1026;-278
9559;Mannen;55 jaar;2042;752;1039;-287
9560;Mannen;55 jaar;2043;753;1056;-303
9561;Mannen;55 jaar;2044;755;1071;-316
9562;Mannen;55 jaar;2045;763;1095;-332
9563;Mannen;55 jaar;2046;766;1104;-338
9564;Mannen;55 jaar;2047;765;1113;-348
9565;Mannen;55 jaar;2048;764;1118;-354
9566;Mannen;55 jaar;2049;767;1127;-360
9567;Mannen;55 jaar;2050;764;1125;-361
9568;Mannen;55 jaar;2051;765;1134;-369
9569;Mannen;55 jaar;2052;769;1142;-373
9570;Mannen;55 jaar;2053;776;1157;-381
9571;Mannen;55 jaar;2054;779;1165;-386
9572;Mannen;55 jaar;2055;783;1177;-394
9573;Mannen;55 jaar;2056;780;1175;-395
9574;Mannen;55 jaar;2057;779;1175;-396
9575;Mannen;55 jaar;2058;777;1178;-401
9576;Mannen;55 jaar;2059;774;1175;-401
9577;Mannen;55 jaar;2060;769;1174;-405
9578;Mannen;55 jaar;2061;768;1176;-408
9579;Mannen;55 jaar;2062;765;1176;-411
9580;Mannen;55 jaar;2063;767;1185;-418
9581;Mannen;55 jaar;2064;767;1188;-421
9582;Mannen;55 jaar;2065;769;1193;-424
9583;Mannen;55 jaar;2066;766;1192;-426
9584;Mannen;55 jaar;2067;761;1192;-431
9585;Mannen;55 jaar;2068;759;1190;-431
9586;Mannen;55 jaar;2069;762;1197;-435
9587;Mannen;55 jaar;2070;762;1195;-433
9588;Mannen;56 jaar;2020;545;550;-5
9589;Mannen;56 jaar;2021;608;660;-52
9590;Mannen;56 jaar;2022;669;671;-2
9591;Mannen;56 jaar;2023;679;698;-19
9592;Mannen;56 jaar;2024;677;743;-66
9593;Mannen;56 jaar;2025;695;787;-92
9594;Mannen;56 jaar;2026;692;805;-113
9595;Mannen;56 jaar;2027;687;806;-119
9596;Mannen;56 jaar;2028;681;808;-127
9597;Mannen;56 jaar;2029;666;800;-134
9598;Mannen;56 jaar;2030;659;803;-144
9599;Mannen;56 jaar;2031;653;802;-149
9600;Mannen;56 jaar;2032;652;812;-160
9601;Mannen;56 jaar;2033;650;826;-176
9602;Mannen;56 jaar;2034;650;846;-196
9603;Mannen;56 jaar;2035;650;862;-212
9604;Mannen;56 jaar;2036;656;888;-232
9605;Mannen;56 jaar;2037;659;897;-238
9606;Mannen;56 jaar;2038;654;914;-260
9607;Mannen;56 jaar;2039;653;929;-276
9608;Mannen;56 jaar;2040;654;951;-297
9609;Mannen;56 jaar;2041;655;968;-313
9610;Mannen;56 jaar;2042;660;983;-323
9611;Mannen;56 jaar;2043;664;996;-332
9612;Mannen;56 jaar;2044;665;1013;-348
9613;Mannen;56 jaar;2045;670;1027;-357
9614;Mannen;56 jaar;2046;677;1049;-372
9615;Mannen;56 jaar;2047;679;1057;-378
9616;Mannen;56 jaar;2048;676;1066;-390
9617;Mannen;56 jaar;2049;679;1071;-392
9618;Mannen;56 jaar;2050;680;1080;-400
9619;Mannen;56 jaar;2051;679;1079;-400
9620;Mannen;56 jaar;2052;680;1088;-408
9621;Mannen;56 jaar;2053;681;1095;-414
9622;Mannen;56 jaar;2054;687;1110;-423
9623;Mannen;56 jaar;2055;689;1118;-429
9624;Mannen;56 jaar;2056;696;1128;-432
9625;Mannen;56 jaar;2057;695;1127;-432
9626;Mannen;56 jaar;2058;691;1128;-437
9627;Mannen;56 jaar;2059;690;1131;-441
9628;Mannen;56 jaar;2060;686;1128;-442
9629;Mannen;56 jaar;2061;681;1127;-446
9630;Mannen;56 jaar;2062;680;1130;-450
9631;Mannen;56 jaar;2063;677;1130;-453
9632;Mannen;56 jaar;2064;683;1139;-456
9633;Mannen;56 jaar;2065;681;1142;-461
9634;Mannen;56 jaar;2066;680;1146;-466
9635;Mannen;56 jaar;2067;680;1147;-467
9636;Mannen;56 jaar;2068;676;1146;-470
9637;Mannen;56 jaar;2069;670;1145;-475
9638;Mannen;56 jaar;2070;670;1151;-481
9639;Mannen;57 jaar;2020;500;474;26
9640;Mannen;57 jaar;2021;559;598;-39
9641;Mannen;57 jaar;2022;614;616;-2
9642;Mannen;57 jaar;2023;621;628;-7
9643;Mannen;57 jaar;2024;621;650;-29
9644;Mannen;57 jaar;2025;628;692;-64
9645;Mannen;57 jaar;2026;635;725;-90
9646;Mannen;57 jaar;2027;634;740;-106
9647;Mannen;57 jaar;2028;628;735;-107
9648;Mannen;57 jaar;2029;617;734;-117
9649;Mannen;57 jaar;2030;604;722;-118
9650;Mannen;57 jaar;2031;598;726;-128
9651;Mannen;57 jaar;2032;594;722;-128
9652;Mannen;57 jaar;2033;593;731;-138
9653;Mannen;57 jaar;2034;591;743;-152
9654;Mannen;57 jaar;2035;592;761;-169
9655;Mannen;57 jaar;2036;594;775;-181
9656;Mannen;57 jaar;2037;598;799;-201
9657;Mannen;57 jaar;2038;602;806;-204
9658;Mannen;57 jaar;2039;596;820;-224
9659;Mannen;57 jaar;2040;594;834;-240
9660;Mannen;57 jaar;2041;597;855;-258
9661;Mannen;57 jaar;2042;599;869;-270
9662;Mannen;57 jaar;2043;603;884;-281
9663;Mannen;57 jaar;2044;608;895;-287
9664;Mannen;57 jaar;2045;610;910;-300
9665;Mannen;57 jaar;2046;614;922;-308
9666;Mannen;57 jaar;2047;619;942;-323
9667;Mannen;57 jaar;2048;621;949;-328
9668;Mannen;57 jaar;2049;618;957;-339
9669;Mannen;57 jaar;2050;620;961;-341
9670;Mannen;57 jaar;2051;621;970;-349
9671;Mannen;57 jaar;2052;621;969;-348
9672;Mannen;57 jaar;2053;622;977;-355
9673;Mannen;57 jaar;2054;623;984;-361
9674;Mannen;57 jaar;2055;630;997;-367
9675;Mannen;57 jaar;2056;632;1004;-372
9676;Mannen;57 jaar;2057;639;1014;-375
9677;Mannen;57 jaar;2058;636;1013;-377
9678;Mannen;57 jaar;2059;634;1014;-380
9679;Mannen;57 jaar;2060;634;1017;-383
9680;Mannen;57 jaar;2061;630;1015;-385
9681;Mannen;57 jaar;2062;625;1014;-389
9682;Mannen;57 jaar;2063;622;1016;-394
9683;Mannen;57 jaar;2064;618;1016;-398
9684;Mannen;57 jaar;2065;625;1024;-399
9685;Mannen;57 jaar;2066;624;1028;-404
9686;Mannen;57 jaar;2067;622;1032;-410
9687;Mannen;57 jaar;2068;623;1032;-409
9688;Mannen;57 jaar;2069;618;1031;-413
9689;Mannen;57 jaar;2070;618;1030;-412
9690;Mannen;58 jaar;2020;457;420;37
9691;Mannen;58 jaar;2021;512;513;-1
9692;Mannen;58 jaar;2022;566;554;12
9693;Mannen;58 jaar;2023;571;575;-4
9694;Mannen;58 jaar;2024;568;586;-18
9695;Mannen;58 jaar;2025;572;604;-32
9696;Mannen;58 jaar;2026;574;639;-65
9697;Mannen;58 jaar;2027;582;666;-84
9698;Mannen;58 jaar;2028;581;677;-96
9699;Mannen;58 jaar;2029;571;670;-99
9700;Mannen;58 jaar;2030;559;666;-107
9701;Mannen;58 jaar;2031;549;656;-107
9702;Mannen;58 jaar;2032;544;659;-115
9703;Mannen;58 jaar;2033;538;655;-117
9704;Mannen;58 jaar;2034;538;662;-124
9705;Mannen;58 jaar;2035;536;674;-138
9706;Mannen;58 jaar;2036;539;691;-152
9707;Mannen;58 jaar;2037;538;705;-167
9708;Mannen;58 jaar;2038;544;726;-182
9709;Mannen;58 jaar;2039;544;732;-188
9710;Mannen;58 jaar;2040;539;746;-207
9711;Mannen;58 jaar;2041;539;759;-220
9712;Mannen;58 jaar;2042;545;778;-233
9713;Mannen;58 jaar;2043;546;791;-245
9714;Mannen;58 jaar;2044;549;805;-256
9715;Mannen;58 jaar;2045;551;814;-263
9716;Mannen;58 jaar;2046;552;830;-278
9717;Mannen;58 jaar;2047;554;840;-286
9718;Mannen;58 jaar;2048;563;858;-295
9719;Mannen;58 jaar;2049;563;864;-301
9720;Mannen;58 jaar;2050;563;873;-310
9721;Mannen;58 jaar;2051;562;877;-315
9722;Mannen;58 jaar;2052;565;885;-320
9723;Mannen;58 jaar;2053;565;883;-318
9724;Mannen;58 jaar;2054;563;890;-327
9725;Mannen;58 jaar;2055;566;897;-331
9726;Mannen;58 jaar;2056;570;910;-340
9727;Mannen;58 jaar;2057;576;917;-341
9728;Mannen;58 jaar;2058;579;926;-347
9729;Mannen;58 jaar;2059;580;925;-345
9730;Mannen;58 jaar;2060;578;927;-349
9731;Mannen;58 jaar;2061;577;929;-352
9732;Mannen;58 jaar;2062;573;927;-354
9733;Mannen;58 jaar;2063;568;927;-359
9734;Mannen;58 jaar;2064;564;929;-365
9735;Mannen;58 jaar;2065;561;930;-369
9736;Mannen;58 jaar;2066;565;938;-373
9737;Mannen;58 jaar;2067;566;941;-375
9738;Mannen;58 jaar;2068;565;944;-379
9739;Mannen;58 jaar;2069;563;945;-382
9740;Mannen;58 jaar;2070;563;944;-381
9741;Mannen;59 jaar;2020;405;381;24
9742;Mannen;59 jaar;2021;453;473;-20
9743;Mannen;59 jaar;2022;500;494;6
9744;Mannen;59 jaar;2023;508;535;-27
9745;Mannen;59 jaar;2024;504;554;-50
9746;Mannen;59 jaar;2025;507;565;-58
9747;Mannen;59 jaar;2026;508;573;-65
9748;Mannen;59 jaar;2027;510;604;-94
9749;Mannen;59 jaar;2028;517;626;-109
9750;Mannen;59 jaar;2029;512;635;-123
9751;Mannen;59 jaar;2030;503;624;-121
9752;Mannen;59 jaar;2031;493;619;-126
9753;Mannen;59 jaar;2032;482;608;-126
9754;Mannen;59 jaar;2033;478;610;-132
9755;Mannen;59 jaar;2034;473;603;-130
9756;Mannen;59 jaar;2035;474;610;-136
9757;Mannen;59 jaar;2036;472;620;-148
9758;Mannen;59 jaar;2037;474;636;-162
9759;Mannen;59 jaar;2038;472;647;-175
9760;Mannen;59 jaar;2039;481;667;-186
9761;Mannen;59 jaar;2040;479;672;-193
9762;Mannen;59 jaar;2041;476;684;-208
9763;Mannen;59 jaar;2042;475;694;-219
9764;Mannen;59 jaar;2043;480;713;-233
9765;Mannen;59 jaar;2044;482;724;-242
9766;Mannen;59 jaar;2045;484;736;-252
9767;Mannen;59 jaar;2046;488;745;-257
9768;Mannen;59 jaar;2047;489;759;-270
9769;Mannen;59 jaar;2048;490;768;-278
9770;Mannen;59 jaar;2049;499;784;-285
9771;Mannen;59 jaar;2050;499;790;-291
9772;Mannen;59 jaar;2051;500;797;-297
9773;Mannen;59 jaar;2052;498;801;-303
9774;Mannen;59 jaar;2053;502;809;-307
9775;Mannen;59 jaar;2054;499;807;-308
9776;Mannen;59 jaar;2055;500;814;-314
9777;Mannen;59 jaar;2056;501;820;-319
9778;Mannen;59 jaar;2057;507;832;-325
9779;Mannen;59 jaar;2058;511;839;-328
9780;Mannen;59 jaar;2059;513;848;-335
9781;Mannen;59 jaar;2060;514;847;-333
9782;Mannen;59 jaar;2061;511;847;-336
9783;Mannen;59 jaar;2062;512;850;-338
9784;Mannen;59 jaar;2063;507;848;-341
9785;Mannen;59 jaar;2064;502;847;-345
9786;Mannen;59 jaar;2065;501;849;-348
9787;Mannen;59 jaar;2066;498;849;-351
9788;Mannen;59 jaar;2067;500;857;-357
9789;Mannen;59 jaar;2068;502;861;-359
9790;Mannen;59 jaar;2069;502;864;-362
9791;Mannen;59 jaar;2070;502;863;-361
9792;Mannen;60 jaar;2020;361;366;-5
9793;Mannen;60 jaar;2021;405;436;-31
9794;Mannen;60 jaar;2022;445;460;-15
9795;Mannen;60 jaar;2023;453;483;-30
9796;Mannen;60 jaar;2024;454;521;-67
9797;Mannen;60 jaar;2025;455;539;-84
9798;Mannen;60 jaar;2026;451;543;-92
9799;Mannen;60 jaar;2027;456;549;-93
9800;Mannen;60 jaar;2028;457;574;-117
9801;Mannen;60 jaar;2029;458;596;-138
9802;Mannen;60 jaar;2030;453;600;-147
9803;Mannen;60 jaar;2031;448;588;-140
9804;Mannen;60 jaar;2032;439;581;-142
9805;Mannen;60 jaar;2033;429;570;-141
9806;Mannen;60 jaar;2034;424;570;-146
9807;Mannen;60 jaar;2035;419;565;-146
9808;Mannen;60 jaar;2036;422;570;-148
9809;Mannen;60 jaar;2037;421;580;-159
9810;Mannen;60 jaar;2038;422;593;-171
9811;Mannen;60 jaar;2039;420;604;-184
9812;Mannen;60 jaar;2040;426;621;-195
9813;Mannen;60 jaar;2041;427;626;-199
9814;Mannen;60 jaar;2042;422;636;-214
9815;Mannen;60 jaar;2043;422;646;-224
9816;Mannen;60 jaar;2044;428;663;-235
9817;Mannen;60 jaar;2045;431;674;-243
9818;Mannen;60 jaar;2046;433;686;-253
9819;Mannen;60 jaar;2047;436;694;-258
9820;Mannen;60 jaar;2048;436;705;-269
9821;Mannen;60 jaar;2049;440;714;-274
9822;Mannen;60 jaar;2050;447;730;-283
9823;Mannen;60 jaar;2051;449;735;-286
9824;Mannen;60 jaar;2052;449;741;-292
9825;Mannen;60 jaar;2053;447;744;-297
9826;Mannen;60 jaar;2054;449;751;-302
9827;Mannen;60 jaar;2055;447;749;-302
9828;Mannen;60 jaar;2056;446;755;-309
9829;Mannen;60 jaar;2057;448;760;-312
9830;Mannen;60 jaar;2058;455;772;-317
9831;Mannen;60 jaar;2059;457;777;-320
9832;Mannen;60 jaar;2060;461;786;-325
9833;Mannen;60 jaar;2061;460;785;-325
9834;Mannen;60 jaar;2062;460;785;-325
9835;Mannen;60 jaar;2063;460;789;-329
9836;Mannen;60 jaar;2064;454;786;-332
9837;Mannen;60 jaar;2065;452;786;-334
9838;Mannen;60 jaar;2066;449;787;-338
9839;Mannen;60 jaar;2067;448;787;-339
9840;Mannen;60 jaar;2068;451;795;-344
9841;Mannen;60 jaar;2069;449;798;-349
9842;Mannen;60 jaar;2070;449;800;-351
9843;Mannen;61 jaar;2020;318;316;2
9844;Mannen;61 jaar;2021;351;404;-53
9845;Mannen;61 jaar;2022;390;414;-24
9846;Mannen;61 jaar;2023;391;436;-45
9847;Mannen;61 jaar;2024;393;459;-66
9848;Mannen;61 jaar;2025;398;494;-96
9849;Mannen;61 jaar;2026;395;508;-113
9850;Mannen;61 jaar;2027;392;510;-118
9851;Mannen;61 jaar;2028;394;513;-119
9852;Mannen;61 jaar;2029;391;536;-145
9853;Mannen;61 jaar;2030;396;553;-157
9854;Mannen;61 jaar;2031;391;556;-165
9855;Mannen;61 jaar;2032;387;545;-158
9856;Mannen;61 jaar;2033;379;539;-160
9857;Mannen;61 jaar;2034;369;527;-158
9858;Mannen;61 jaar;2035;365;528;-163
9859;Mannen;61 jaar;2036;360;523;-163
9860;Mannen;61 jaar;2037;361;529;-168
9861;Mannen;61 jaar;2038;361;538;-177
9862;Mannen;61 jaar;2039;364;551;-187
9863;Mannen;61 jaar;2040;363;561;-198
9864;Mannen;61 jaar;2041;367;578;-211
9865;Mannen;61 jaar;2042;366;583;-217
9866;Mannen;61 jaar;2043;364;592;-228
9867;Mannen;61 jaar;2044;364;601;-237
9868;Mannen;61 jaar;2045;366;618;-252
9869;Mannen;61 jaar;2046;367;628;-261
9870;Mannen;61 jaar;2047;372;639;-267
9871;Mannen;61 jaar;2048;376;647;-271
9872;Mannen;61 jaar;2049;374;658;-284
9873;Mannen;61 jaar;2050;378;666;-288
9874;Mannen;61 jaar;2051;382;681;-299
9875;Mannen;61 jaar;2052;382;686;-304
9876;Mannen;61 jaar;2053;382;692;-310
9877;Mannen;61 jaar;2054;381;695;-314
9878;Mannen;61 jaar;2055;382;701;-319
9879;Mannen;61 jaar;2056;381;699;-318
9880;Mannen;61 jaar;2057;383;705;-322
9881;Mannen;61 jaar;2058;384;710;-326
9882;Mannen;61 jaar;2059;390;721;-331
9883;Mannen;61 jaar;2060;392;726;-334
9884;Mannen;61 jaar;2061;393;734;-341
9885;Mannen;61 jaar;2062;392;733;-341
9886;Mannen;61 jaar;2063;390;734;-344
9887;Mannen;61 jaar;2064;390;736;-346
9888;Mannen;61 jaar;2065;386;734;-348
9889;Mannen;61 jaar;2066;385;733;-348
9890;Mannen;61 jaar;2067;384;734;-350
9891;Mannen;61 jaar;2068;385;735;-350
9892;Mannen;61 jaar;2069;387;741;-354
9893;Mannen;61 jaar;2070;387;743;-356
9894;Mannen;62 jaar;2020;277;289;-12
9895;Mannen;62 jaar;2021;312;370;-58
9896;Mannen;62 jaar;2022;335;403;-68
9897;Mannen;62 jaar;2023;344;411;-67
9898;Mannen;62 jaar;2024;342;435;-93
9899;Mannen;62 jaar;2025;349;459;-110
9900;Mannen;62 jaar;2026;351;490;-139
9901;Mannen;62 jaar;2027;347;501;-154
9902;Mannen;62 jaar;2028;347;501;-154
9903;Mannen;62 jaar;2029;346;502;-156
9904;Mannen;62 jaar;2030;344;523;-179
9905;Mannen;62 jaar;2031;349;538;-189
9906;Mannen;62 jaar;2032;345;542;-197
9907;Mannen;62 jaar;2033;340;531;-191
9908;Mannen;62 jaar;2034;332;524;-192
9909;Mannen;62 jaar;2035;324;514;-190
9910;Mannen;62 jaar;2036;322;515;-193
9911;Mannen;62 jaar;2037;317;509;-192
9912;Mannen;62 jaar;2038;317;515;-198
9913;Mannen;62 jaar;2039;317;523;-206
9914;Mannen;62 jaar;2040;320;535;-215
9915;Mannen;62 jaar;2041;321;544;-223
9916;Mannen;62 jaar;2042;324;560;-236
9917;Mannen;62 jaar;2043;323;565;-242
9918;Mannen;62 jaar;2044;321;573;-252
9919;Mannen;62 jaar;2045;320;581;-261
9920;Mannen;62 jaar;2046;323;598;-275
9921;Mannen;62 jaar;2047;325;608;-283
9922;Mannen;62 jaar;2048;329;618;-289
9923;Mannen;62 jaar;2049;333;626;-293
9924;Mannen;62 jaar;2050;331;636;-305
9925;Mannen;62 jaar;2051;335;644;-309
9926;Mannen;62 jaar;2052;339;659;-320
9927;Mannen;62 jaar;2053;339;663;-324
9928;Mannen;62 jaar;2054;339;669;-330
9929;Mannen;62 jaar;2055;338;672;-334
9930;Mannen;62 jaar;2056;339;678;-339
9931;Mannen;62 jaar;2057;338;677;-339
9932;Mannen;62 jaar;2058;339;682;-343
9933;Mannen;62 jaar;2059;341;688;-347
9934;Mannen;62 jaar;2060;346;698;-352
9935;Mannen;62 jaar;2061;349;703;-354
9936;Mannen;62 jaar;2062;349;712;-363
9937;Mannen;62 jaar;2063;349;711;-362
9938;Mannen;62 jaar;2064;347;712;-365
9939;Mannen;62 jaar;2065;345;714;-369
9940;Mannen;62 jaar;2066;344;712;-368
9941;Mannen;62 jaar;2067;343;711;-368
9942;Mannen;62 jaar;2068;339;713;-374
9943;Mannen;62 jaar;2069;340;714;-374
9944;Mannen;62 jaar;2070;340;720;-380
9945;Mannen;63 jaar;2020;244;265;-21
9946;Mannen;63 jaar;2021;275;337;-62
9947;Mannen;63 jaar;2022;299;362;-63
9948;Mannen;63 jaar;2023;299;395;-96
9949;Mannen;63 jaar;2024;303;403;-100
9950;Mannen;63 jaar;2025;306;428;-122
9951;Mannen;63 jaar;2026;308;447;-139
9952;Mannen;63 jaar;2027;309;476;-167
9953;Mannen;63 jaar;2028;308;484;-176
9954;Mannen;63 jaar;2029;304;484;-180
9955;Mannen;63 jaar;2030;303;482;-179
9956;Mannen;63 jaar;2031;303;502;-199
9957;Mannen;63 jaar;2032;308;517;-209
9958;Mannen;63 jaar;2033;303;521;-218
9959;Mannen;63 jaar;2034;299;511;-212
9960;Mannen;63 jaar;2035;293;505;-212
9961;Mannen;63 jaar;2036;285;495;-210
9962;Mannen;63 jaar;2037;280;496;-216
9963;Mannen;63 jaar;2038;276;491;-215
9964;Mannen;63 jaar;2039;278;496;-218
9965;Mannen;63 jaar;2040;280;505;-225
9966;Mannen;63 jaar;2041;282;516;-234
9967;Mannen;63 jaar;2042;281;526;-245
9968;Mannen;63 jaar;2043;286;541;-255
9969;Mannen;63 jaar;2044;285;546;-261
9970;Mannen;63 jaar;2045;283;554;-271
9971;Mannen;63 jaar;2046;283;563;-280
9972;Mannen;63 jaar;2047;286;578;-292
9973;Mannen;63 jaar;2048;288;588;-300
9974;Mannen;63 jaar;2049;292;599;-307
9975;Mannen;63 jaar;2050;295;607;-312
9976;Mannen;63 jaar;2051;295;616;-321
9977;Mannen;63 jaar;2052;296;625;-329
9978;Mannen;63 jaar;2053;303;638;-335
9979;Mannen;63 jaar;2054;302;643;-341
9980;Mannen;63 jaar;2055;303;648;-345
9981;Mannen;63 jaar;2056;302;652;-350
9982;Mannen;63 jaar;2057;306;659;-353
9983;Mannen;63 jaar;2058;303;657;-354
9984;Mannen;63 jaar;2059;304;663;-359
9985;Mannen;63 jaar;2060;305;668;-363
9986;Mannen;63 jaar;2061;309;678;-369
9987;Mannen;63 jaar;2062;312;684;-372
9988;Mannen;63 jaar;2063;315;692;-377
9989;Mannen;63 jaar;2064;315;691;-376
9990;Mannen;63 jaar;2065;314;692;-378
9991;Mannen;63 jaar;2066;309;695;-386
9992;Mannen;63 jaar;2067;310;693;-383
9993;Mannen;63 jaar;2068;308;693;-385
9994;Mannen;63 jaar;2069;306;694;-388
9995;Mannen;63 jaar;2070;306;694;-388
9996;Mannen;64 jaar;2020;228;254;-26
9997;Mannen;64 jaar;2021;252;309;-57
9998;Mannen;64 jaar;2022;271;330;-59
9999;Mannen;64 jaar;2023;276;354;-78
