ID;Sex;Age;CountryOfBirth;CaribbeanNetherlands;Periods;Immigration_1;EmigrationIncludingAdministrative_2;NetMigrationIncludingAdministrativ_3
0;Total male and female;Total;Total;Caribbean Netherlands;2011;2234;1285;949
1;Total male and female;Total;Total;Caribbean Netherlands;2012;2261;1382;879
2;Total male and female;Total;Total;Caribbean Netherlands;2013;2184;1360;824
3;Total male and female;Total;Total;Caribbean Netherlands;2014;1737;1523;214
4;Total male and female;Total;Total;Caribbean Netherlands;2015;1740;1879;-139
5;Total male and female;Total;Total;Caribbean Netherlands;2016;1799;2034;-235
6;Total male and female;Total;Total;Caribbean Netherlands;2017;1901;1406;495
7;Total male and female;Total;Total;Caribbean Netherlands;2018;1681;1737;-56
8;Total male and female;Total;Total;Caribbean Netherlands;2019;1904;1214;690
9;Total male and female;Total;Total;Caribbean Netherlands;2020;1667;999;668
10;Total male and female;Total;Total;Caribbean Netherlands;2021;1961;1152;809
11;Total male and female;Total;Total;Caribbean Netherlands;2022;2675;1101;1574
12;Total male and female;Total;Total;Caribbean Netherlands;2023;2288;1388;900
13;Total male and female;Total;Total;Bonaire;2011;1539;849;690
14;Total male and female;Total;Total;Bonaire;2012;1523;820;703
15;Total male and female;Total;Total;Bonaire;2013;1525;658;867
16;Total male and female;Total;Total;Bonaire;2014;1213;822;391
17;Total male and female;Total;Total;Bonaire;2015;1245;826;419
18;Total male and female;Total;Total;Bonaire;2016;1291;1649;-358
19;Total male and female;Total;Total;Bonaire;2017;1381;1115;266
20;Total male and female;Total;Total;Bonaire;2018;1283;879;404
21;Total male and female;Total;Total;Bonaire;2019;1475;758;717
22;Total male and female;Total;Total;Bonaire;2020;1418;699;719
23;Total male and female;Total;Total;Bonaire;2021;1586;857;729
24;Total male and female;Total;Total;Bonaire;2022;2261;848;1413
25;Total male and female;Total;Total;Bonaire;2023;1874;933;941
26;Total male and female;Total;Total;St Eustatius;2011;289;183;106
27;Total male and female;Total;Total;St Eustatius;2012;270;140;130
28;Total male and female;Total;Total;St Eustatius;2013;356;271;85
29;Total male and female;Total;Total;St Eustatius;2014;171;310;-139
30;Total male and female;Total;Total;St Eustatius;2015;170;849;-679
31;Total male and female;Total;Total;St Eustatius;2016;170;110;60
32;Total male and female;Total;Total;St Eustatius;2017;232;141;91
33;Total male and female;Total;Total;St Eustatius;2018;169;386;-217
34;Total male and female;Total;Total;St Eustatius;2019;201;213;-12
35;Total male and female;Total;Total;St Eustatius;2020;115;146;-31
36;Total male and female;Total;Total;St Eustatius;2021;180;117;63
37;Total male and female;Total;Total;St Eustatius;2022;166;119;47
38;Total male and female;Total;Total;St Eustatius;2023;168;269;-101
39;Total male and female;Total;Total;Saba;2011;406;253;153
40;Total male and female;Total;Total;Saba;2012;468;422;46
41;Total male and female;Total;Total;Saba;2013;303;431;-128
42;Total male and female;Total;Total;Saba;2014;353;391;-38
43;Total male and female;Total;Total;Saba;2015;325;204;121
44;Total male and female;Total;Total;Saba;2016;338;275;63
45;Total male and female;Total;Total;Saba;2017;288;150;138
46;Total male and female;Total;Total;Saba;2018;229;472;-243
47;Total male and female;Total;Total;Saba;2019;228;243;-15
48;Total male and female;Total;Total;Saba;2020;134;154;-20
49;Total male and female;Total;Total;Saba;2021;195;178;17
50;Total male and female;Total;Total;Saba;2022;248;134;114
51;Total male and female;Total;Total;Saba;2023;246;186;60
52;Total male and female;Total;Born outside the Caribbean Netherlands;Caribbean Netherlands;2011;2006;1042;964
53;Total male and female;Total;Born outside the Caribbean Netherlands;Caribbean Netherlands;2012;2052;1160;892
54;Total male and female;Total;Born outside the Caribbean Netherlands;Caribbean Netherlands;2013;1943;1154;789
55;Total male and female;Total;Born outside the Caribbean Netherlands;Caribbean Netherlands;2014;1537;1368;169
56;Total male and female;Total;Born outside the Caribbean Netherlands;Caribbean Netherlands;2015;1581;1716;-135
57;Total male and female;Total;Born outside the Caribbean Netherlands;Caribbean Netherlands;2016;1617;1834;-217
58;Total male and female;Total;Born outside the Caribbean Netherlands;Caribbean Netherlands;2017;1728;1192;536
59;Total male and female;Total;Born outside the Caribbean Netherlands;Caribbean Netherlands;2018;1552;1506;46
60;Total male and female;Total;Born outside the Caribbean Netherlands;Caribbean Netherlands;2019;1766;1017;749
61;Total male and female;Total;Born outside the Caribbean Netherlands;Caribbean Netherlands;2020;1523;851;672
62;Total male and female;Total;Born outside the Caribbean Netherlands;Caribbean Netherlands;2021;1814;980;834
63;Total male and female;Total;Born outside the Caribbean Netherlands;Caribbean Netherlands;2022;2536;892;1644
64;Total male and female;Total;Born outside the Caribbean Netherlands;Caribbean Netherlands;2023;2158;1147;1011
65;Total male and female;Total;Born outside the Caribbean Netherlands;Bonaire;2011;1357;658;699
66;Total male and female;Total;Born outside the Caribbean Netherlands;Bonaire;2012;1355;643;712
67;Total male and female;Total;Born outside the Caribbean Netherlands;Bonaire;2013;1342;508;834
68;Total male and female;Total;Born outside the Caribbean Netherlands;Bonaire;2014;1043;706;337
69;Total male and female;Total;Born outside the Caribbean Netherlands;Bonaire;2015;1121;696;425
70;Total male and female;Total;Born outside the Caribbean Netherlands;Bonaire;2016;1152;1487;-335
71;Total male and female;Total;Born outside the Caribbean Netherlands;Bonaire;2017;1245;929;316
72;Total male and female;Total;Born outside the Caribbean Netherlands;Bonaire;2018;1174;714;460
73;Total male and female;Total;Born outside the Caribbean Netherlands;Bonaire;2019;1361;594;767
74;Total male and female;Total;Born outside the Caribbean Netherlands;Bonaire;2020;1299;580;719
75;Total male and female;Total;Born outside the Caribbean Netherlands;Bonaire;2021;1471;718;753
76;Total male and female;Total;Born outside the Caribbean Netherlands;Bonaire;2022;2140;676;1464
77;Total male and female;Total;Born outside the Caribbean Netherlands;Bonaire;2023;1772;746;1026
78;Total male and female;Total;Born outside the Caribbean Netherlands;St Eustatius;2011;257;148;109
79;Total male and female;Total;Born outside the Caribbean Netherlands;St Eustatius;2012;240;106;134
80;Total male and female;Total;Born outside the Caribbean Netherlands;St Eustatius;2013;313;228;85
81;Total male and female;Total;Born outside the Caribbean Netherlands;St Eustatius;2014;152;281;-129
82;Total male and female;Total;Born outside the Caribbean Netherlands;St Eustatius;2015;147;819;-672
83;Total male and female;Total;Born outside the Caribbean Netherlands;St Eustatius;2016;137;87;50
84;Total male and female;Total;Born outside the Caribbean Netherlands;St Eustatius;2017;202;119;83
85;Total male and female;Total;Born outside the Caribbean Netherlands;St Eustatius;2018;153;329;-176
86;Total male and female;Total;Born outside the Caribbean Netherlands;St Eustatius;2019;182;188;-6
87;Total male and female;Total;Born outside the Caribbean Netherlands;St Eustatius;2020;97;127;-30
88;Total male and female;Total;Born outside the Caribbean Netherlands;St Eustatius;2021;157;91;66
89;Total male and female;Total;Born outside the Caribbean Netherlands;St Eustatius;2022;153;91;62
90;Total male and female;Total;Born outside the Caribbean Netherlands;St Eustatius;2023;145;222;-77
91;Total male and female;Total;Born outside the Caribbean Netherlands;Saba;2011;392;236;156
92;Total male and female;Total;Born outside the Caribbean Netherlands;Saba;2012;457;411;46
93;Total male and female;Total;Born outside the Caribbean Netherlands;Saba;2013;288;418;-130
94;Total male and female;Total;Born outside the Caribbean Netherlands;Saba;2014;342;381;-39
95;Total male and female;Total;Born outside the Caribbean Netherlands;Saba;2015;313;201;112
96;Total male and female;Total;Born outside the Caribbean Netherlands;Saba;2016;328;260;68
97;Total male and female;Total;Born outside the Caribbean Netherlands;Saba;2017;281;144;137
98;Total male and female;Total;Born outside the Caribbean Netherlands;Saba;2018;225;463;-238
99;Total male and female;Total;Born outside the Caribbean Netherlands;Saba;2019;223;235;-12
100;Total male and female;Total;Born outside the Caribbean Netherlands;Saba;2020;127;144;-17
101;Total male and female;Total;Born outside the Caribbean Netherlands;Saba;2021;186;171;15
102;Total male and female;Total;Born outside the Caribbean Netherlands;Saba;2022;243;125;118
103;Total male and female;Total;Born outside the Caribbean Netherlands;Saba;2023;241;179;62
104;Total male and female;Total;Born outside Dutch Caribbean;Caribbean Netherlands;2011;1726;786;940
105;Total male and female;Total;Born outside Dutch Caribbean;Caribbean Netherlands;2012;1701;909;792
106;Total male and female;Total;Born outside Dutch Caribbean;Caribbean Netherlands;2013;1551;936;615
107;Total male and female;Total;Born outside Dutch Caribbean;Caribbean Netherlands;2014;1209;1135;74
108;Total male and female;Total;Born outside Dutch Caribbean;Caribbean Netherlands;2015;1256;1505;-249
109;Total male and female;Total;Born outside Dutch Caribbean;Caribbean Netherlands;2016;1314;1624;-310
110;Total male and female;Total;Born outside Dutch Caribbean;Caribbean Netherlands;2017;1447;943;504
111;Total male and female;Total;Born outside Dutch Caribbean;Caribbean Netherlands;2018;1238;1227;11
112;Total male and female;Total;Born outside Dutch Caribbean;Caribbean Netherlands;2019;1420;802;618
113;Total male and female;Total;Born outside Dutch Caribbean;Caribbean Netherlands;2020;1098;676;422
114;Total male and female;Total;Born outside Dutch Caribbean;Caribbean Netherlands;2021;1415;761;654
115;Total male and female;Total;Born outside Dutch Caribbean;Caribbean Netherlands;2022;2060;650;1410
116;Total male and female;Total;Born outside Dutch Caribbean;Caribbean Netherlands;2023;1812;854;958
117;Total male and female;Total;Born outside Dutch Caribbean;Bonaire;2011;1129;451;678
118;Total male and female;Total;Born outside Dutch Caribbean;Bonaire;2012;1041;439;602
119;Total male and female;Total;Born outside Dutch Caribbean;Bonaire;2013;1012;351;661
120;Total male and female;Total;Born outside Dutch Caribbean;Bonaire;2014;766;522;244
121;Total male and female;Total;Born outside Dutch Caribbean;Bonaire;2015;836;526;310
122;Total male and female;Total;Born outside Dutch Caribbean;Bonaire;2016;896;1319;-423
123;Total male and female;Total;Born outside Dutch Caribbean;Bonaire;2017;1022;714;308
124;Total male and female;Total;Born outside Dutch Caribbean;Bonaire;2018;917;519;398
125;Total male and female;Total;Born outside Dutch Caribbean;Bonaire;2019;1043;427;616
126;Total male and female;Total;Born outside Dutch Caribbean;Bonaire;2020;903;438;465
127;Total male and female;Total;Born outside Dutch Caribbean;Bonaire;2021;1130;535;595
128;Total male and female;Total;Born outside Dutch Caribbean;Bonaire;2022;1711;478;1233
129;Total male and female;Total;Born outside Dutch Caribbean;Bonaire;2023;1477;533;944
130;Total male and female;Total;Born outside Dutch Caribbean;St Eustatius;2011;222;119;103
131;Total male and female;Total;Born outside Dutch Caribbean;St Eustatius;2012;209;75;134
132;Total male and female;Total;Born outside Dutch Caribbean;St Eustatius;2013;267;177;90
133;Total male and female;Total;Born outside Dutch Caribbean;St Eustatius;2014;122;247;-125
134;Total male and female;Total;Born outside Dutch Caribbean;St Eustatius;2015;115;785;-670
135;Total male and female;Total;Born outside Dutch Caribbean;St Eustatius;2016;107;59;48
136;Total male and female;Total;Born outside Dutch Caribbean;St Eustatius;2017;163;99;64
137;Total male and female;Total;Born outside Dutch Caribbean;St Eustatius;2018;116;269;-153
138;Total male and female;Total;Born outside Dutch Caribbean;St Eustatius;2019;161;157;4
139;Total male and female;Total;Born outside Dutch Caribbean;St Eustatius;2020;77;104;-27
140;Total male and female;Total;Born outside Dutch Caribbean;St Eustatius;2021;117;70;47
141;Total male and female;Total;Born outside Dutch Caribbean;St Eustatius;2022;122;62;60
142;Total male and female;Total;Born outside Dutch Caribbean;St Eustatius;2023;114;158;-44
143;Total male and female;Total;Born outside Dutch Caribbean;Saba;2011;375;216;159
144;Total male and female;Total;Born outside Dutch Caribbean;Saba;2012;451;395;56
145;Total male and female;Total;Born outside Dutch Caribbean;Saba;2013;272;408;-136
146;Total male and female;Total;Born outside Dutch Caribbean;Saba;2014;321;366;-45
147;Total male and female;Total;Born outside Dutch Caribbean;Saba;2015;305;194;111
148;Total male and female;Total;Born outside Dutch Caribbean;Saba;2016;311;246;65
149;Total male and female;Total;Born outside Dutch Caribbean;Saba;2017;262;130;132
150;Total male and female;Total;Born outside Dutch Caribbean;Saba;2018;205;439;-234
151;Total male and female;Total;Born outside Dutch Caribbean;Saba;2019;216;218;-2
152;Total male and female;Total;Born outside Dutch Caribbean;Saba;2020;118;134;-16
153;Total male and female;Total;Born outside Dutch Caribbean;Saba;2021;168;156;12
154;Total male and female;Total;Born outside Dutch Caribbean;Saba;2022;227;110;117
155;Total male and female;Total;Born outside Dutch Caribbean;Saba;2023;221;163;58
156;Total male and female;Total;Born outside Kingdom of the Netherlands;Caribbean Netherlands;2011;1129;543;586
157;Total male and female;Total;Born outside Kingdom of the Netherlands;Caribbean Netherlands;2012;1217;653;564
158;Total male and female;Total;Born outside Kingdom of the Netherlands;Caribbean Netherlands;2013;972;638;334
159;Total male and female;Total;Born outside Kingdom of the Netherlands;Caribbean Netherlands;2014;743;782;-39
160;Total male and female;Total;Born outside Kingdom of the Netherlands;Caribbean Netherlands;2015;775;1104;-329
161;Total male and female;Total;Born outside Kingdom of the Netherlands;Caribbean Netherlands;2016;803;1236;-433
162;Total male and female;Total;Born outside Kingdom of the Netherlands;Caribbean Netherlands;2017;910;554;356
163;Total male and female;Total;Born outside Kingdom of the Netherlands;Caribbean Netherlands;2018;736;802;-66
164;Total male and female;Total;Born outside Kingdom of the Netherlands;Caribbean Netherlands;2019;883;451;432
165;Total male and female;Total;Born outside Kingdom of the Netherlands;Caribbean Netherlands;2020;513;291;222
166;Total male and female;Total;Born outside Kingdom of the Netherlands;Caribbean Netherlands;2021;842;388;454
167;Total male and female;Total;Born outside Kingdom of the Netherlands;Caribbean Netherlands;2022;1174;211;963
168;Total male and female;Total;Born outside Kingdom of the Netherlands;Caribbean Netherlands;2023;1234;377;857
169;Total male and female;Total;Born outside Kingdom of the Netherlands;Bonaire;2011;602;253;349
170;Total male and female;Total;Born outside Kingdom of the Netherlands;Bonaire;2012;619;219;400
171;Total male and female;Total;Born outside Kingdom of the Netherlands;Bonaire;2013;529;90;439
172;Total male and female;Total;Born outside Kingdom of the Netherlands;Bonaire;2014;367;214;153
173;Total male and female;Total;Born outside Kingdom of the Netherlands;Bonaire;2015;407;182;225
174;Total male and female;Total;Born outside Kingdom of the Netherlands;Bonaire;2016;436;981;-545
175;Total male and female;Total;Born outside Kingdom of the Netherlands;Bonaire;2017;535;365;170
176;Total male and female;Total;Born outside Kingdom of the Netherlands;Bonaire;2018;468;146;322
177;Total male and female;Total;Born outside Kingdom of the Netherlands;Bonaire;2019;548;135;413
178;Total male and female;Total;Born outside Kingdom of the Netherlands;Bonaire;2020;377;94;283
179;Total male and female;Total;Born outside Kingdom of the Netherlands;Bonaire;2021;611;233;378
180;Total male and female;Total;Born outside Kingdom of the Netherlands;Bonaire;2022;872;88;784
181;Total male and female;Total;Born outside Kingdom of the Netherlands;Bonaire;2023;938;112;826
182;Total male and female;Total;Born outside Kingdom of the Netherlands;St Eustatius;2011;171;81;90
183;Total male and female;Total;Born outside Kingdom of the Netherlands;St Eustatius;2012;167;50;117
184;Total male and female;Total;Born outside Kingdom of the Netherlands;St Eustatius;2013;195;156;39
185;Total male and female;Total;Born outside Kingdom of the Netherlands;St Eustatius;2014;87;214;-127
186;Total male and female;Total;Born outside Kingdom of the Netherlands;St Eustatius;2015;92;744;-652
187;Total male and female;Total;Born outside Kingdom of the Netherlands;St Eustatius;2016;80;27;53
188;Total male and female;Total;Born outside Kingdom of the Netherlands;St Eustatius;2017;131;73;58
189;Total male and female;Total;Born outside Kingdom of the Netherlands;St Eustatius;2018;80;232;-152
190;Total male and female;Total;Born outside Kingdom of the Netherlands;St Eustatius;2019;128;125;3
191;Total male and female;Total;Born outside Kingdom of the Netherlands;St Eustatius;2020;44;83;-39
192;Total male and female;Total;Born outside Kingdom of the Netherlands;St Eustatius;2021;89;22;67
193;Total male and female;Total;Born outside Kingdom of the Netherlands;St Eustatius;2022;93;42;51
194;Total male and female;Total;Born outside Kingdom of the Netherlands;St Eustatius;2023;95;119;-24
195;Total male and female;Total;Born outside Kingdom of the Netherlands;Saba;2011;356;209;147
196;Total male and female;Total;Born outside Kingdom of the Netherlands;Saba;2012;431;384;47
197;Total male and female;Total;Born outside Kingdom of the Netherlands;Saba;2013;248;392;-144
198;Total male and female;Total;Born outside Kingdom of the Netherlands;Saba;2014;289;354;-65
199;Total male and female;Total;Born outside Kingdom of the Netherlands;Saba;2015;276;178;98
200;Total male and female;Total;Born outside Kingdom of the Netherlands;Saba;2016;287;228;59
201;Total male and female;Total;Born outside Kingdom of the Netherlands;Saba;2017;244;116;128
202;Total male and female;Total;Born outside Kingdom of the Netherlands;Saba;2018;188;424;-236
203;Total male and female;Total;Born outside Kingdom of the Netherlands;Saba;2019;207;191;16
204;Total male and female;Total;Born outside Kingdom of the Netherlands;Saba;2020;92;114;-22
205;Total male and female;Total;Born outside Kingdom of the Netherlands;Saba;2021;142;133;9
206;Total male and female;Total;Born outside Kingdom of the Netherlands;Saba;2022;209;81;128
207;Total male and female;Total;Born outside Kingdom of the Netherlands;Saba;2023;201;146;55
208;Total male and female;Total;Africa;Caribbean Netherlands;2011;37;19;18
209;Total male and female;Total;Africa;Caribbean Netherlands;2012;54;18;36
210;Total male and female;Total;Africa;Caribbean Netherlands;2013;22;24;-2
211;Total male and female;Total;Africa;Caribbean Netherlands;2014;17;28;-11
212;Total male and female;Total;Africa;Caribbean Netherlands;2015;28;40;-12
213;Total male and female;Total;Africa;Caribbean Netherlands;2016;23;63;-40
214;Total male and female;Total;Africa;Caribbean Netherlands;2017;28;28;0
215;Total male and female;Total;Africa;Caribbean Netherlands;2018;15;27;-12
216;Total male and female;Total;Africa;Caribbean Netherlands;2019;16;14;2
217;Total male and female;Total;Africa;Caribbean Netherlands;2020;10;7;3
218;Total male and female;Total;Africa;Caribbean Netherlands;2021;7;17;-10
219;Total male and female;Total;Africa;Caribbean Netherlands;2022;25;6;19
220;Total male and female;Total;Africa;Caribbean Netherlands;2023;25;15;10
221;Total male and female;Total;Africa;Bonaire;2011;22;10;12
222;Total male and female;Total;Africa;Bonaire;2012;26;3;23
223;Total male and female;Total;Africa;Bonaire;2013;14;1;13
224;Total male and female;Total;Africa;Bonaire;2014;6;8;-2
225;Total male and female;Total;Africa;Bonaire;2015;7;8;-1
226;Total male and female;Total;Africa;Bonaire;2016;7;45;-38
227;Total male and female;Total;Africa;Bonaire;2017;6;17;-11
228;Total male and female;Total;Africa;Bonaire;2018;9;5;4
229;Total male and female;Total;Africa;Bonaire;2019;6;5;1
230;Total male and female;Total;Africa;Bonaire;2020;4;1;3
231;Total male and female;Total;Africa;Bonaire;2021;3;5;-2
232;Total male and female;Total;Africa;Bonaire;2022;6;2;4
233;Total male and female;Total;Africa;Bonaire;2023;15;5;10
234;Total male and female;Total;Africa;St Eustatius;2011;5;6;-1
235;Total male and female;Total;Africa;St Eustatius;2012;6;2;4
236;Total male and female;Total;Africa;St Eustatius;2013;1;4;-3
237;Total male and female;Total;Africa;St Eustatius;2014;1;7;-6
238;Total male and female;Total;Africa;St Eustatius;2015;1;27;-26
239;Total male and female;Total;Africa;St Eustatius;2016;0;0;0
240;Total male and female;Total;Africa;St Eustatius;2017;1;0;1
241;Total male and female;Total;Africa;St Eustatius;2018;0;1;-1
242;Total male and female;Total;Africa;St Eustatius;2019;0;1;-1
243;Total male and female;Total;Africa;St Eustatius;2020;4;0;4
244;Total male and female;Total;Africa;St Eustatius;2021;0;2;-2
245;Total male and female;Total;Africa;St Eustatius;2022;4;0;4
246;Total male and female;Total;Africa;St Eustatius;2023;3;2;1
247;Total male and female;Total;Africa;Saba;2011;10;3;7
248;Total male and female;Total;Africa;Saba;2012;22;13;9
249;Total male and female;Total;Africa;Saba;2013;7;19;-12
250;Total male and female;Total;Africa;Saba;2014;10;13;-3
251;Total male and female;Total;Africa;Saba;2015;20;5;15
252;Total male and female;Total;Africa;Saba;2016;16;18;-2
253;Total male and female;Total;Africa;Saba;2017;21;11;10
254;Total male and female;Total;Africa;Saba;2018;6;21;-15
255;Total male and female;Total;Africa;Saba;2019;10;8;2
256;Total male and female;Total;Africa;Saba;2020;2;6;-4
257;Total male and female;Total;Africa;Saba;2021;4;10;-6
258;Total male and female;Total;Africa;Saba;2022;15;4;11
259;Total male and female;Total;Africa;Saba;2023;7;8;-1
260;Total male and female;Total;America;Caribbean Netherlands;2011;1246;841;405
261;Total male and female;Total;America;Caribbean Netherlands;2012;1368;888;480
262;Total male and female;Total;America;Caribbean Netherlands;2013;1311;836;475
263;Total male and female;Total;America;Caribbean Netherlands;2014;1063;890;173
264;Total male and female;Total;America;Caribbean Netherlands;2015;1026;1236;-210
265;Total male and female;Total;America;Caribbean Netherlands;2016;1070;1263;-193
266;Total male and female;Total;America;Caribbean Netherlands;2017;1148;883;265
267;Total male and female;Total;America;Caribbean Netherlands;2018;1013;1059;-46
268;Total male and female;Total;America;Caribbean Netherlands;2019;1197;726;471
269;Total male and female;Total;America;Caribbean Netherlands;2020;975;536;439
270;Total male and female;Total;America;Caribbean Netherlands;2021;1250;674;576
271;Total male and female;Total;America;Caribbean Netherlands;2022;1581;583;998
272;Total male and female;Total;America;Caribbean Netherlands;2023;1513;802;711
273;Total male and female;Total;America;Bonaire;2011;812;561;251
274;Total male and female;Total;America;Bonaire;2012;912;517;395
275;Total male and female;Total;America;Bonaire;2013;894;377;517
276;Total male and female;Total;America;Bonaire;2014;736;458;278
277;Total male and female;Total;America;Bonaire;2015;713;411;302
278;Total male and female;Total;America;Bonaire;2016;723;1034;-311
279;Total male and female;Total;America;Bonaire;2017;780;689;91
280;Total male and female;Total;America;Bonaire;2018;757;459;298
281;Total male and female;Total;America;Bonaire;2019;896;421;475
282;Total male and female;Total;America;Bonaire;2020;825;326;499
283;Total male and female;Total;America;Bonaire;2021;1000;503;497
284;Total male and female;Total;America;Bonaire;2022;1313;430;883
285;Total male and female;Total;America;Bonaire;2023;1210;476;734
286;Total male and female;Total;America;St Eustatius;2011;176;111;65
287;Total male and female;Total;America;St Eustatius;2012;169;98;71
288;Total male and female;Total;America;St Eustatius;2013;244;202;42
289;Total male and female;Total;America;St Eustatius;2014;117;197;-80
290;Total male and female;Total;America;St Eustatius;2015;125;711;-586
291;Total male and female;Total;America;St Eustatius;2016;129;75;54
292;Total male and female;Total;America;St Eustatius;2017;190;92;98
293;Total male and female;Total;America;St Eustatius;2018;109;295;-186
294;Total male and female;Total;America;St Eustatius;2019;145;153;-8
295;Total male and female;Total;America;St Eustatius;2020;71;119;-48
296;Total male and female;Total;America;St Eustatius;2021;124;63;61
297;Total male and female;Total;America;St Eustatius;2022;115;86;29
298;Total male and female;Total;America;St Eustatius;2023;133;211;-78
299;Total male and female;Total;America;Saba;2011;258;169;89
300;Total male and female;Total;America;Saba;2012;287;273;14
301;Total male and female;Total;America;Saba;2013;173;257;-84
302;Total male and female;Total;America;Saba;2014;210;235;-25
303;Total male and female;Total;America;Saba;2015;188;114;74
304;Total male and female;Total;America;Saba;2016;218;154;64
305;Total male and female;Total;America;Saba;2017;178;102;76
306;Total male and female;Total;America;Saba;2018;147;305;-158
307;Total male and female;Total;America;Saba;2019;156;152;4
308;Total male and female;Total;America;Saba;2020;79;91;-12
309;Total male and female;Total;America;Saba;2021;126;108;18
310;Total male and female;Total;America;Saba;2022;153;67;86
311;Total male and female;Total;America;Saba;2023;170;115;55
312;Total male and female;Total;Asia;Caribbean Netherlands;2011;216;130;86
313;Total male and female;Total;Asia;Caribbean Netherlands;2012;250;169;81
314;Total male and female;Total;Asia;Caribbean Netherlands;2013;168;153;15
315;Total male and female;Total;Asia;Caribbean Netherlands;2014;114;157;-43
316;Total male and female;Total;Asia;Caribbean Netherlands;2015;132;143;-11
317;Total male and female;Total;Asia;Caribbean Netherlands;2016;122;216;-94
318;Total male and female;Total;Asia;Caribbean Netherlands;2017;115;61;54
319;Total male and female;Total;Asia;Caribbean Netherlands;2018;77;122;-45
320;Total male and female;Total;Asia;Caribbean Netherlands;2019;70;68;2
321;Total male and female;Total;Asia;Caribbean Netherlands;2020;35;40;-5
322;Total male and female;Total;Asia;Caribbean Netherlands;2021;67;50;17
323;Total male and female;Total;Asia;Caribbean Netherlands;2022;88;26;62
324;Total male and female;Total;Asia;Caribbean Netherlands;2023;100;47;53
325;Total male and female;Total;Asia;Bonaire;2011;112;57;55
326;Total male and female;Total;Asia;Bonaire;2012;107;55;52
327;Total male and female;Total;Asia;Bonaire;2013;70;9;61
328;Total male and female;Total;Asia;Bonaire;2014;31;26;5
329;Total male and female;Total;Asia;Bonaire;2015;60;46;14
330;Total male and female;Total;Asia;Bonaire;2016;52;149;-97
331;Total male and female;Total;Asia;Bonaire;2017;55;31;24
332;Total male and female;Total;Asia;Bonaire;2018;29;14;15
333;Total male and female;Total;Asia;Bonaire;2019;20;16;4
334;Total male and female;Total;Asia;Bonaire;2020;18;11;7
335;Total male and female;Total;Asia;Bonaire;2021;29;23;6
336;Total male and female;Total;Asia;Bonaire;2022;29;5;24
337;Total male and female;Total;Asia;Bonaire;2023;52;4;48
338;Total male and female;Total;Asia;St Eustatius;2011;24;21;3
339;Total male and female;Total;Asia;St Eustatius;2012;32;9;23
340;Total male and female;Total;Asia;St Eustatius;2013;25;38;-13
341;Total male and female;Total;Asia;St Eustatius;2014;9;24;-15
342;Total male and female;Total;Asia;St Eustatius;2015;10;44;-34
343;Total male and female;Total;Asia;St Eustatius;2016;6;2;4
344;Total male and female;Total;Asia;St Eustatius;2017;3;12;-9
345;Total male and female;Total;Asia;St Eustatius;2018;4;16;-12
346;Total male and female;Total;Asia;St Eustatius;2019;6;14;-8
347;Total male and female;Total;Asia;St Eustatius;2020;0;2;-2
348;Total male and female;Total;Asia;St Eustatius;2021;23;0;23
349;Total male and female;Total;Asia;St Eustatius;2022;9;3;6
350;Total male and female;Total;Asia;St Eustatius;2023;3;9;-6
351;Total male and female;Total;Asia;Saba;2011;80;52;28
352;Total male and female;Total;Asia;Saba;2012;111;105;6
353;Total male and female;Total;Asia;Saba;2013;73;106;-33
354;Total male and female;Total;Asia;Saba;2014;74;107;-33
355;Total male and female;Total;Asia;Saba;2015;62;53;9
356;Total male and female;Total;Asia;Saba;2016;64;65;-1
357;Total male and female;Total;Asia;Saba;2017;57;18;39
358;Total male and female;Total;Asia;Saba;2018;44;92;-48
359;Total male and female;Total;Asia;Saba;2019;44;38;6
360;Total male and female;Total;Asia;Saba;2020;17;27;-10
361;Total male and female;Total;Asia;Saba;2021;15;27;-12
362;Total male and female;Total;Asia;Saba;2022;50;18;32
363;Total male and female;Total;Asia;Saba;2023;45;34;11
364;Total male and female;Total;Europe (including the Netherlands);Caribbean Netherlands;2011;733;291;442
365;Total male and female;Total;Europe (including the Netherlands);Caribbean Netherlands;2012;587;307;280
366;Total male and female;Total;Europe (including the Netherlands);Caribbean Netherlands;2013;679;345;334
367;Total male and female;Total;Europe (including the Netherlands);Caribbean Netherlands;2014;541;447;94
368;Total male and female;Total;Europe (including the Netherlands);Caribbean Netherlands;2015;552;455;97
369;Total male and female;Total;Europe (including the Netherlands);Caribbean Netherlands;2016;583;489;94
370;Total male and female;Total;Europe (including the Netherlands);Caribbean Netherlands;2017;608;431;177
371;Total male and female;Total;Europe (including the Netherlands);Caribbean Netherlands;2018;576;527;49
372;Total male and female;Total;Europe (including the Netherlands);Caribbean Netherlands;2019;617;404;213
373;Total male and female;Total;Europe (including the Netherlands);Caribbean Netherlands;2020;643;415;228
374;Total male and female;Total;Europe (including the Netherlands);Caribbean Netherlands;2021;635;408;227
375;Total male and female;Total;Europe (including the Netherlands);Caribbean Netherlands;2022;977;481;496
376;Total male and female;Total;Europe (including the Netherlands);Caribbean Netherlands;2023;649;522;127
377;Total male and female;Total;Europe (including the Netherlands);Bonaire;2011;591;220;371
378;Total male and female;Total;Europe (including the Netherlands);Bonaire;2012;478;245;233
379;Total male and female;Total;Europe (including the Netherlands);Bonaire;2013;545;271;274
380;Total male and female;Total;Europe (including the Netherlands);Bonaire;2014;439;330;109
381;Total male and female;Total;Europe (including the Netherlands);Bonaire;2015;464;360;104
382;Total male and female;Total;Europe (including the Netherlands);Bonaire;2016;509;420;89
383;Total male and female;Total;Europe (including the Netherlands);Bonaire;2017;538;375;163
384;Total male and female;Total;Europe (including the Netherlands);Bonaire;2018;488;400;88
385;Total male and female;Total;Europe (including the Netherlands);Bonaire;2019;549;315;234
386;Total male and female;Total;Europe (including the Netherlands);Bonaire;2020;570;360;210
387;Total male and female;Total;Europe (including the Netherlands);Bonaire;2021;553;323;230
388;Total male and female;Total;Europe (including the Netherlands);Bonaire;2022;909;409;500
389;Total male and female;Total;Europe (including the Netherlands);Bonaire;2023;596;447;149
390;Total male and female;Total;Europe (including the Netherlands);St Eustatius;2011;84;45;39
391;Total male and female;Total;Europe (including the Netherlands);St Eustatius;2012;63;31;32
392;Total male and female;Total;Europe (including the Netherlands);St Eustatius;2013;86;27;59
393;Total male and female;Total;Europe (including the Netherlands);St Eustatius;2014;44;82;-38
394;Total male and female;Total;Europe (including the Netherlands);St Eustatius;2015;34;63;-29
395;Total male and female;Total;Europe (including the Netherlands);St Eustatius;2016;35;33;2
396;Total male and female;Total;Europe (including the Netherlands);St Eustatius;2017;38;37;1
397;Total male and female;Total;Europe (including the Netherlands);St Eustatius;2018;56;74;-18
398;Total male and female;Total;Europe (including the Netherlands);St Eustatius;2019;50;45;5
399;Total male and female;Total;Europe (including the Netherlands);St Eustatius;2020;40;25;15
400;Total male and female;Total;Europe (including the Netherlands);St Eustatius;2021;33;52;-19
401;Total male and female;Total;Europe (including the Netherlands);St Eustatius;2022;38;30;8
402;Total male and female;Total;Europe (including the Netherlands);St Eustatius;2023;29;47;-18
403;Total male and female;Total;Europe (including the Netherlands);Saba;2011;58;26;32
404;Total male and female;Total;Europe (including the Netherlands);Saba;2012;46;31;15
405;Total male and female;Total;Europe (including the Netherlands);Saba;2013;48;47;1
406;Total male and female;Total;Europe (including the Netherlands);Saba;2014;58;35;23
407;Total male and female;Total;Europe (including the Netherlands);Saba;2015;54;32;22
408;Total male and female;Total;Europe (including the Netherlands);Saba;2016;39;36;3
409;Total male and female;Total;Europe (including the Netherlands);Saba;2017;32;19;13
410;Total male and female;Total;Europe (including the Netherlands);Saba;2018;32;53;-21
411;Total male and female;Total;Europe (including the Netherlands);Saba;2019;18;44;-26
412;Total male and female;Total;Europe (including the Netherlands);Saba;2020;33;30;3
413;Total male and female;Total;Europe (including the Netherlands);Saba;2021;49;33;16
414;Total male and female;Total;Europe (including the Netherlands);Saba;2022;30;42;-12
415;Total male and female;Total;Europe (including the Netherlands);Saba;2023;24;28;-4
416;Total male and female;Total;Europe (excluding the Netherlands);Caribbean Netherlands;2011;136;48;88
417;Total male and female;Total;Europe (excluding the Netherlands);Caribbean Netherlands;2012;103;51;52
418;Total male and female;Total;Europe (excluding the Netherlands);Caribbean Netherlands;2013;100;47;53
419;Total male and female;Total;Europe (excluding the Netherlands);Caribbean Netherlands;2014;75;94;-19
420;Total male and female;Total;Europe (excluding the Netherlands);Caribbean Netherlands;2015;71;54;17
421;Total male and female;Total;Europe (excluding the Netherlands);Caribbean Netherlands;2016;72;101;-29
422;Total male and female;Total;Europe (excluding the Netherlands);Caribbean Netherlands;2017;71;42;29
423;Total male and female;Total;Europe (excluding the Netherlands);Caribbean Netherlands;2018;74;102;-28
424;Total male and female;Total;Europe (excluding the Netherlands);Caribbean Netherlands;2019;80;53;27
425;Total male and female;Total;Europe (excluding the Netherlands);Caribbean Netherlands;2020;58;30;28
426;Total male and female;Total;Europe (excluding the Netherlands);Caribbean Netherlands;2021;62;35;27
427;Total male and female;Total;Europe (excluding the Netherlands);Caribbean Netherlands;2022;91;42;49
428;Total male and female;Total;Europe (excluding the Netherlands);Caribbean Netherlands;2023;71;45;26
429;Total male and female;Total;Europe (excluding the Netherlands);Bonaire;2011;64;22;42
430;Total male and female;Total;Europe (excluding the Netherlands);Bonaire;2012;56;25;31
431;Total male and female;Total;Europe (excluding the Netherlands);Bonaire;2013;62;10;52
432;Total male and female;Total;Europe (excluding the Netherlands);Bonaire;2014;40;22;18
433;Total male and female;Total;Europe (excluding the Netherlands);Bonaire;2015;35;16;19
434;Total male and female;Total;Europe (excluding the Netherlands);Bonaire;2016;49;82;-33
435;Total male and female;Total;Europe (excluding the Netherlands);Bonaire;2017;51;26;25
436;Total male and female;Total;Europe (excluding the Netherlands);Bonaire;2018;39;27;12
437;Total male and female;Total;Europe (excluding the Netherlands);Bonaire;2019;54;23;31
438;Total male and female;Total;Europe (excluding the Netherlands);Bonaire;2020;44;16;28
439;Total male and female;Total;Europe (excluding the Netherlands);Bonaire;2021;34;21;13
440;Total male and female;Total;Europe (excluding the Netherlands);Bonaire;2022;70;19;51
441;Total male and female;Total;Europe (excluding the Netherlands);Bonaire;2023;57;26;31
442;Total male and female;Total;Europe (excluding the Netherlands);St Eustatius;2011;33;7;26
443;Total male and female;Total;Europe (excluding the Netherlands);St Eustatius;2012;21;6;15
444;Total male and female;Total;Europe (excluding the Netherlands);St Eustatius;2013;14;6;8
445;Total male and female;Total;Europe (excluding the Netherlands);St Eustatius;2014;9;49;-40
446;Total male and female;Total;Europe (excluding the Netherlands);St Eustatius;2015;11;22;-11
447;Total male and female;Total;Europe (excluding the Netherlands);St Eustatius;2016;8;1;7
448;Total male and female;Total;Europe (excluding the Netherlands);St Eustatius;2017;6;11;-5
449;Total male and female;Total;Europe (excluding the Netherlands);St Eustatius;2018;20;37;-17
450;Total male and female;Total;Europe (excluding the Netherlands);St Eustatius;2019;17;13;4
451;Total male and female;Total;Europe (excluding the Netherlands);St Eustatius;2020;7;4;3
452;Total male and female;Total;Europe (excluding the Netherlands);St Eustatius;2021;5;4;1
453;Total male and female;Total;Europe (excluding the Netherlands);St Eustatius;2022;9;10;-1
454;Total male and female;Total;Europe (excluding the Netherlands);St Eustatius;2023;10;8;2
455;Total male and female;Total;Europe (excluding the Netherlands);Saba;2011;39;19;20
456;Total male and female;Total;Europe (excluding the Netherlands);Saba;2012;26;20;6
457;Total male and female;Total;Europe (excluding the Netherlands);Saba;2013;24;31;-7
458;Total male and female;Total;Europe (excluding the Netherlands);Saba;2014;26;23;3
459;Total male and female;Total;Europe (excluding the Netherlands);Saba;2015;25;16;9
460;Total male and female;Total;Europe (excluding the Netherlands);Saba;2016;15;18;-3
461;Total male and female;Total;Europe (excluding the Netherlands);Saba;2017;14;5;9
462;Total male and female;Total;Europe (excluding the Netherlands);Saba;2018;15;38;-23
463;Total male and female;Total;Europe (excluding the Netherlands);Saba;2019;9;17;-8
464;Total male and female;Total;Europe (excluding the Netherlands);Saba;2020;7;10;-3
465;Total male and female;Total;Europe (excluding the Netherlands);Saba;2021;23;10;13
466;Total male and female;Total;Europe (excluding the Netherlands);Saba;2022;12;13;-1
467;Total male and female;Total;Europe (excluding the Netherlands);Saba;2023;4;11;-7
468;Total male and female;Total;Oceania;Caribbean Netherlands;2011;2;4;-2
469;Total male and female;Total;Oceania;Caribbean Netherlands;2012;2;0;2
470;Total male and female;Total;Oceania;Caribbean Netherlands;2013;4;2;2
471;Total male and female;Total;Oceania;Caribbean Netherlands;2014;2;1;1
472;Total male and female;Total;Oceania;Caribbean Netherlands;2015;2;5;-3
473;Total male and female;Total;Oceania;Caribbean Netherlands;2016;1;3;-2
474;Total male and female;Total;Oceania;Caribbean Netherlands;2017;2;3;-1
475;Total male and female;Total;Oceania;Caribbean Netherlands;2018;0;2;-2
476;Total male and female;Total;Oceania;Caribbean Netherlands;2019;4;2;2
477;Total male and female;Total;Oceania;Caribbean Netherlands;2020;4;1;3
478;Total male and female;Total;Oceania;Caribbean Netherlands;2021;2;3;-1
479;Total male and female;Total;Oceania;Caribbean Netherlands;2022;4;5;-1
480;Total male and female;Total;Oceania;Caribbean Netherlands;2023;1;2;-1
481;Total male and female;Total;Oceania;Bonaire;2011;2;1;1
482;Total male and female;Total;Oceania;Bonaire;2012;0;0;0
483;Total male and female;Total;Oceania;Bonaire;2013;2;0;2
484;Total male and female;Total;Oceania;Bonaire;2014;1;0;1
485;Total male and female;Total;Oceania;Bonaire;2015;1;1;0
486;Total male and female;Total;Oceania;Bonaire;2016;0;1;-1
487;Total male and female;Total;Oceania;Bonaire;2017;2;3;-1
488;Total male and female;Total;Oceania;Bonaire;2018;0;1;-1
489;Total male and female;Total;Oceania;Bonaire;2019;4;1;3
490;Total male and female;Total;Oceania;Bonaire;2020;1;1;0
491;Total male and female;Total;Oceania;Bonaire;2021;1;3;-2
492;Total male and female;Total;Oceania;Bonaire;2022;4;2;2
493;Total male and female;Total;Oceania;Bonaire;2023;1;1;0
494;Total male and female;Total;Oceania;St Eustatius;2011;0;0;0
495;Total male and female;Total;Oceania;St Eustatius;2012;0;0;0
496;Total male and female;Total;Oceania;St Eustatius;2013;0;0;0
497;Total male and female;Total;Oceania;St Eustatius;2014;0;0;0
498;Total male and female;Total;Oceania;St Eustatius;2015;0;4;-4
499;Total male and female;Total;Oceania;St Eustatius;2016;0;0;0
500;Total male and female;Total;Oceania;St Eustatius;2017;0;0;0
501;Total male and female;Total;Oceania;St Eustatius;2018;0;0;0
502;Total male and female;Total;Oceania;St Eustatius;2019;0;0;0
503;Total male and female;Total;Oceania;St Eustatius;2020;0;0;0
504;Total male and female;Total;Oceania;St Eustatius;2021;0;0;0
505;Total male and female;Total;Oceania;St Eustatius;2022;0;0;0
506;Total male and female;Total;Oceania;St Eustatius;2023;0;0;0
507;Total male and female;Total;Oceania;Saba;2011;0;3;-3
508;Total male and female;Total;Oceania;Saba;2012;2;0;2
509;Total male and female;Total;Oceania;Saba;2013;2;2;0
510;Total male and female;Total;Oceania;Saba;2014;1;1;0
511;Total male and female;Total;Oceania;Saba;2015;1;0;1
512;Total male and female;Total;Oceania;Saba;2016;1;2;-1
513;Total male and female;Total;Oceania;Saba;2017;0;0;0
514;Total male and female;Total;Oceania;Saba;2018;0;1;-1
515;Total male and female;Total;Oceania;Saba;2019;0;1;-1
516;Total male and female;Total;Oceania;Saba;2020;3;0;3
517;Total male and female;Total;Oceania;Saba;2021;1;0;1
518;Total male and female;Total;Oceania;Saba;2022;0;3;-3
519;Total male and female;Total;Oceania;Saba;2023;0;1;-1
520;Total male and female;Total;Central and South America;Caribbean Netherlands;2011;864;676;188
521;Total male and female;Total;Central and South America;Caribbean Netherlands;2012;983;624;359
522;Total male and female;Total;Central and South America;Caribbean Netherlands;2013;1071;535;536
523;Total male and female;Total;Central and South America;Caribbean Netherlands;2014;864;598;266
524;Total male and female;Total;Central and South America;Caribbean Netherlands;2015;844;842;2
525;Total male and female;Total;Central and South America;Caribbean Netherlands;2016;877;871;6
526;Total male and female;Total;Central and South America;Caribbean Netherlands;2017;966;754;212
527;Total male and female;Total;Central and South America;Caribbean Netherlands;2018;867;804;63
528;Total male and female;Total;Central and South America;Caribbean Netherlands;2019;1029;600;429
529;Total male and female;Total;Central and South America;Caribbean Netherlands;2020;880;477;403
530;Total male and female;Total;Central and South America;Caribbean Netherlands;2021;1159;590;569
531;Total male and female;Total;Central and South America;Caribbean Netherlands;2022;1385;542;843
532;Total male and female;Total;Central and South America;Caribbean Netherlands;2023;1371;713;658
533;Total male and female;Total;Central and South America;Bonaire;2011;675;520;155
534;Total male and female;Total;Central and South America;Bonaire;2012;801;484;317
535;Total male and female;Total;Central and South America;Bonaire;2013;810;372;438
536;Total male and female;Total;Central and South America;Bonaire;2014;685;425;260
537;Total male and female;Total;Central and South America;Bonaire;2015;667;382;285
538;Total male and female;Total;Central and South America;Bonaire;2016;691;751;-60
539;Total male and female;Total;Central and South America;Bonaire;2017;727;634;93
540;Total male and female;Total;Central and South America;Bonaire;2018;715;449;266
541;Total male and female;Total;Central and South America;Bonaire;2019;832;409;423
542;Total male and female;Total;Central and South America;Bonaire;2020;776;318;458
543;Total male and female;Total;Central and South America;Bonaire;2021;956;493;463
544;Total male and female;Total;Central and South America;Bonaire;2022;1198;427;771
545;Total male and female;Total;Central and South America;Bonaire;2023;1143;471;672
546;Total male and female;Total;Central and South America;St Eustatius;2011;128;86;42
547;Total male and female;Total;Central and South America;St Eustatius;2012;119;80;39
548;Total male and female;Total;Central and South America;St Eustatius;2013;188;122;66
549;Total male and female;Total;Central and South America;St Eustatius;2014;105;120;-15
550;Total male and female;Total;Central and South America;St Eustatius;2015;116;439;-323
551;Total male and female;Total;Central and South America;St Eustatius;2016;126;73;53
552;Total male and female;Total;Central and South America;St Eustatius;2017;184;81;103
553;Total male and female;Total;Central and South America;St Eustatius;2018;98;261;-163
554;Total male and female;Total;Central and South America;St Eustatius;2019;137;139;-2
555;Total male and female;Total;Central and South America;St Eustatius;2020;67;118;-51
556;Total male and female;Total;Central and South America;St Eustatius;2021;119;60;59
557;Total male and female;Total;Central and South America;St Eustatius;2022;101;82;19
558;Total male and female;Total;Central and South America;St Eustatius;2023;130;194;-64
559;Total male and female;Total;Central and South America;Saba;2011;61;70;-9
560;Total male and female;Total;Central and South America;Saba;2012;63;60;3
561;Total male and female;Total;Central and South America;Saba;2013;73;41;32
562;Total male and female;Total;Central and South America;Saba;2014;74;53;21
563;Total male and female;Total;Central and South America;Saba;2015;61;21;40
564;Total male and female;Total;Central and South America;Saba;2016;60;47;13
565;Total male and female;Total;Central and South America;Saba;2017;55;39;16
566;Total male and female;Total;Central and South America;Saba;2018;54;94;-40
567;Total male and female;Total;Central and South America;Saba;2019;60;52;8
568;Total male and female;Total;Central and South America;Saba;2020;37;41;-4
569;Total male and female;Total;Central and South America;Saba;2021;84;37;47
570;Total male and female;Total;Central and South America;Saba;2022;86;33;53
571;Total male and female;Total;Central and South America;Saba;2023;98;48;50
572;Total male and female;Total;North America;Caribbean Netherlands;2011;382;165;217
573;Total male and female;Total;North America;Caribbean Netherlands;2012;385;264;121
574;Total male and female;Total;North America;Caribbean Netherlands;2013;240;301;-61
575;Total male and female;Total;North America;Caribbean Netherlands;2014;199;292;-93
576;Total male and female;Total;North America;Caribbean Netherlands;2015;182;394;-212
577;Total male and female;Total;North America;Caribbean Netherlands;2016;193;392;-199
578;Total male and female;Total;North America;Caribbean Netherlands;2017;182;129;53
579;Total male and female;Total;North America;Caribbean Netherlands;2018;146;255;-109
580;Total male and female;Total;North America;Caribbean Netherlands;2019;168;126;42
581;Total male and female;Total;North America;Caribbean Netherlands;2020;95;59;36
582;Total male and female;Total;North America;Caribbean Netherlands;2021;91;84;7
583;Total male and female;Total;North America;Caribbean Netherlands;2022;196;41;155
584;Total male and female;Total;North America;Caribbean Netherlands;2023;142;89;53
585;Total male and female;Total;North America;Bonaire;2011;137;41;96
586;Total male and female;Total;North America;Bonaire;2012;111;33;78
587;Total male and female;Total;North America;Bonaire;2013;84;5;79
588;Total male and female;Total;North America;Bonaire;2014;51;33;18
589;Total male and female;Total;North America;Bonaire;2015;46;29;17
590;Total male and female;Total;North America;Bonaire;2016;32;283;-251
591;Total male and female;Total;North America;Bonaire;2017;53;55;-2
592;Total male and female;Total;North America;Bonaire;2018;42;10;32
593;Total male and female;Total;North America;Bonaire;2019;64;12;52
594;Total male and female;Total;North America;Bonaire;2020;49;8;41
595;Total male and female;Total;North America;Bonaire;2021;44;10;34
596;Total male and female;Total;North America;Bonaire;2022;115;3;112
597;Total male and female;Total;North America;Bonaire;2023;67;5;62
598;Total male and female;Total;North America;St Eustatius;2011;48;25;23
599;Total male and female;Total;North America;St Eustatius;2012;50;18;32
600;Total male and female;Total;North America;St Eustatius;2013;56;80;-24
601;Total male and female;Total;North America;St Eustatius;2014;12;77;-65
602;Total male and female;Total;North America;St Eustatius;2015;9;272;-263
603;Total male and female;Total;North America;St Eustatius;2016;3;2;1
604;Total male and female;Total;North America;St Eustatius;2017;6;11;-5
605;Total male and female;Total;North America;St Eustatius;2018;11;34;-23
606;Total male and female;Total;North America;St Eustatius;2019;8;14;-6
607;Total male and female;Total;North America;St Eustatius;2020;4;1;3
608;Total male and female;Total;North America;St Eustatius;2021;5;3;2
609;Total male and female;Total;North America;St Eustatius;2022;14;4;10
610;Total male and female;Total;North America;St Eustatius;2023;3;17;-14
611;Total male and female;Total;North America;Saba;2011;197;99;98
612;Total male and female;Total;North America;Saba;2012;224;213;11
613;Total male and female;Total;North America;Saba;2013;100;216;-116
614;Total male and female;Total;North America;Saba;2014;136;182;-46
615;Total male and female;Total;North America;Saba;2015;127;93;34
616;Total male and female;Total;North America;Saba;2016;158;107;51
617;Total male and female;Total;North America;Saba;2017;123;63;60
618;Total male and female;Total;North America;Saba;2018;93;211;-118
619;Total male and female;Total;North America;Saba;2019;96;100;-4
620;Total male and female;Total;North America;Saba;2020;42;50;-8
621;Total male and female;Total;North America;Saba;2021;42;71;-29
622;Total male and female;Total;North America;Saba;2022;67;34;33
623;Total male and female;Total;North America;Saba;2023;72;67;5
624;Total male and female;Total;Aruba, Curaçao, St Maarten;Caribbean Netherlands;2011;280;256;24
625;Total male and female;Total;Aruba, Curaçao, St Maarten;Caribbean Netherlands;2012;351;251;100
626;Total male and female;Total;Aruba, Curaçao, St Maarten;Caribbean Netherlands;2013;392;218;174
627;Total male and female;Total;Aruba, Curaçao, St Maarten;Caribbean Netherlands;2014;328;233;95
628;Total male and female;Total;Aruba, Curaçao, St Maarten;Caribbean Netherlands;2015;325;211;114
629;Total male and female;Total;Aruba, Curaçao, St Maarten;Caribbean Netherlands;2016;303;210;93
630;Total male and female;Total;Aruba, Curaçao, St Maarten;Caribbean Netherlands;2017;281;249;32
631;Total male and female;Total;Aruba, Curaçao, St Maarten;Caribbean Netherlands;2018;314;279;35
632;Total male and female;Total;Aruba, Curaçao, St Maarten;Caribbean Netherlands;2019;346;215;131
633;Total male and female;Total;Aruba, Curaçao, St Maarten;Caribbean Netherlands;2020;425;175;250
634;Total male and female;Total;Aruba, Curaçao, St Maarten;Caribbean Netherlands;2021;399;219;180
635;Total male and female;Total;Aruba, Curaçao, St Maarten;Caribbean Netherlands;2022;476;242;234
636;Total male and female;Total;Aruba, Curaçao, St Maarten;Caribbean Netherlands;2023;346;293;53
637;Total male and female;Total;Aruba, Curaçao, St Maarten;Bonaire;2011;228;207;21
638;Total male and female;Total;Aruba, Curaçao, St Maarten;Bonaire;2012;314;204;110
639;Total male and female;Total;Aruba, Curaçao, St Maarten;Bonaire;2013;330;157;173
640;Total male and female;Total;Aruba, Curaçao, St Maarten;Bonaire;2014;277;184;93
641;Total male and female;Total;Aruba, Curaçao, St Maarten;Bonaire;2015;285;170;115
642;Total male and female;Total;Aruba, Curaçao, St Maarten;Bonaire;2016;256;168;88
643;Total male and female;Total;Aruba, Curaçao, St Maarten;Bonaire;2017;223;215;8
644;Total male and female;Total;Aruba, Curaçao, St Maarten;Bonaire;2018;257;195;62
645;Total male and female;Total;Aruba, Curaçao, St Maarten;Bonaire;2019;318;167;151
646;Total male and female;Total;Aruba, Curaçao, St Maarten;Bonaire;2020;396;142;254
647;Total male and female;Total;Aruba, Curaçao, St Maarten;Bonaire;2021;341;183;158
648;Total male and female;Total;Aruba, Curaçao, St Maarten;Bonaire;2022;429;198;231
649;Total male and female;Total;Aruba, Curaçao, St Maarten;Bonaire;2023;295;213;82
650;Total male and female;Total;Aruba, Curaçao, St Maarten;St Eustatius;2011;35;29;6
651;Total male and female;Total;Aruba, Curaçao, St Maarten;St Eustatius;2012;31;31;0
652;Total male and female;Total;Aruba, Curaçao, St Maarten;St Eustatius;2013;46;51;-5
653;Total male and female;Total;Aruba, Curaçao, St Maarten;St Eustatius;2014;30;34;-4
654;Total male and female;Total;Aruba, Curaçao, St Maarten;St Eustatius;2015;32;34;-2
655;Total male and female;Total;Aruba, Curaçao, St Maarten;St Eustatius;2016;30;28;2
656;Total male and female;Total;Aruba, Curaçao, St Maarten;St Eustatius;2017;39;20;19
657;Total male and female;Total;Aruba, Curaçao, St Maarten;St Eustatius;2018;37;60;-23
658;Total male and female;Total;Aruba, Curaçao, St Maarten;St Eustatius;2019;21;31;-10
659;Total male and female;Total;Aruba, Curaçao, St Maarten;St Eustatius;2020;20;23;-3
660;Total male and female;Total;Aruba, Curaçao, St Maarten;St Eustatius;2021;40;21;19
661;Total male and female;Total;Aruba, Curaçao, St Maarten;St Eustatius;2022;31;29;2
662;Total male and female;Total;Aruba, Curaçao, St Maarten;St Eustatius;2023;31;64;-33
663;Total male and female;Total;Aruba, Curaçao, St Maarten;Saba;2011;17;20;-3
664;Total male and female;Total;Aruba, Curaçao, St Maarten;Saba;2012;6;16;-10
665;Total male and female;Total;Aruba, Curaçao, St Maarten;Saba;2013;16;10;6
666;Total male and female;Total;Aruba, Curaçao, St Maarten;Saba;2014;21;15;6
667;Total male and female;Total;Aruba, Curaçao, St Maarten;Saba;2015;8;7;1
668;Total male and female;Total;Aruba, Curaçao, St Maarten;Saba;2016;17;14;3
669;Total male and female;Total;Aruba, Curaçao, St Maarten;Saba;2017;19;14;5
670;Total male and female;Total;Aruba, Curaçao, St Maarten;Saba;2018;20;24;-4
671;Total male and female;Total;Aruba, Curaçao, St Maarten;Saba;2019;7;17;-10
672;Total male and female;Total;Aruba, Curaçao, St Maarten;Saba;2020;9;10;-1
673;Total male and female;Total;Aruba, Curaçao, St Maarten;Saba;2021;18;15;3
674;Total male and female;Total;Aruba, Curaçao, St Maarten;Saba;2022;16;15;1
675;Total male and female;Total;Aruba, Curaçao, St Maarten;Saba;2023;20;16;4
676;Total male and female;Total;Caribbean Netherlands;Caribbean Netherlands;2011;228;243;-15
677;Total male and female;Total;Caribbean Netherlands;Caribbean Netherlands;2012;209;222;-13
678;Total male and female;Total;Caribbean Netherlands;Caribbean Netherlands;2013;241;206;35
679;Total male and female;Total;Caribbean Netherlands;Caribbean Netherlands;2014;200;155;45
680;Total male and female;Total;Caribbean Netherlands;Caribbean Netherlands;2015;159;163;-4
681;Total male and female;Total;Caribbean Netherlands;Caribbean Netherlands;2016;182;200;-18
682;Total male and female;Total;Caribbean Netherlands;Caribbean Netherlands;2017;173;214;-41
683;Total male and female;Total;Caribbean Netherlands;Caribbean Netherlands;2018;129;231;-102
684;Total male and female;Total;Caribbean Netherlands;Caribbean Netherlands;2019;138;197;-59
685;Total male and female;Total;Caribbean Netherlands;Caribbean Netherlands;2020;144;148;-4
686;Total male and female;Total;Caribbean Netherlands;Caribbean Netherlands;2021;147;172;-25
687;Total male and female;Total;Caribbean Netherlands;Caribbean Netherlands;2022;139;209;-70
688;Total male and female;Total;Caribbean Netherlands;Caribbean Netherlands;2023;130;241;-111
689;Total male and female;Total;Caribbean Netherlands;Bonaire;2011;182;191;-9
690;Total male and female;Total;Caribbean Netherlands;Bonaire;2012;168;177;-9
691;Total male and female;Total;Caribbean Netherlands;Bonaire;2013;183;150;33
692;Total male and female;Total;Caribbean Netherlands;Bonaire;2014;170;116;54
693;Total male and female;Total;Caribbean Netherlands;Bonaire;2015;124;130;-6
694;Total male and female;Total;Caribbean Netherlands;Bonaire;2016;139;162;-23
695;Total male and female;Total;Caribbean Netherlands;Bonaire;2017;136;186;-50
696;Total male and female;Total;Caribbean Netherlands;Bonaire;2018;109;165;-56
697;Total male and female;Total;Caribbean Netherlands;Bonaire;2019;114;164;-50
698;Total male and female;Total;Caribbean Netherlands;Bonaire;2020;119;119;0
699;Total male and female;Total;Caribbean Netherlands;Bonaire;2021;115;139;-24
700;Total male and female;Total;Caribbean Netherlands;Bonaire;2022;121;172;-51
701;Total male and female;Total;Caribbean Netherlands;Bonaire;2023;102;187;-85
702;Total male and female;Total;Caribbean Netherlands;St Eustatius;2011;32;35;-3
703;Total male and female;Total;Caribbean Netherlands;St Eustatius;2012;30;34;-4
704;Total male and female;Total;Caribbean Netherlands;St Eustatius;2013;43;43;0
705;Total male and female;Total;Caribbean Netherlands;St Eustatius;2014;19;29;-10
706;Total male and female;Total;Caribbean Netherlands;St Eustatius;2015;23;30;-7
707;Total male and female;Total;Caribbean Netherlands;St Eustatius;2016;33;23;10
708;Total male and female;Total;Caribbean Netherlands;St Eustatius;2017;30;22;8
709;Total male and female;Total;Caribbean Netherlands;St Eustatius;2018;16;57;-41
710;Total male and female;Total;Caribbean Netherlands;St Eustatius;2019;19;25;-6
711;Total male and female;Total;Caribbean Netherlands;St Eustatius;2020;18;19;-1
712;Total male and female;Total;Caribbean Netherlands;St Eustatius;2021;23;26;-3
713;Total male and female;Total;Caribbean Netherlands;St Eustatius;2022;13;28;-15
714;Total male and female;Total;Caribbean Netherlands;St Eustatius;2023;23;47;-24
715;Total male and female;Total;Caribbean Netherlands;Saba;2011;14;17;-3
716;Total male and female;Total;Caribbean Netherlands;Saba;2012;11;11;0
717;Total male and female;Total;Caribbean Netherlands;Saba;2013;15;13;2
718;Total male and female;Total;Caribbean Netherlands;Saba;2014;11;10;1
719;Total male and female;Total;Caribbean Netherlands;Saba;2015;12;3;9
720;Total male and female;Total;Caribbean Netherlands;Saba;2016;10;15;-5
721;Total male and female;Total;Caribbean Netherlands;Saba;2017;7;6;1
722;Total male and female;Total;Caribbean Netherlands;Saba;2018;4;9;-5
723;Total male and female;Total;Caribbean Netherlands;Saba;2019;5;8;-3
724;Total male and female;Total;Caribbean Netherlands;Saba;2020;7;10;-3
725;Total male and female;Total;Caribbean Netherlands;Saba;2021;9;7;2
726;Total male and female;Total;Caribbean Netherlands;Saba;2022;5;9;-4
727;Total male and female;Total;Caribbean Netherlands;Saba;2023;5;7;-2
728;Total male and female;Total;European Union (including Netherlands);Caribbean Netherlands;2011;718;278;440
729;Total male and female;Total;European Union (including Netherlands);Caribbean Netherlands;2012;578;296;282
730;Total male and female;Total;European Union (including Netherlands);Caribbean Netherlands;2013;664;335;329
731;Total male and female;Total;European Union (including Netherlands);Caribbean Netherlands;2014;530;436;94
732;Total male and female;Total;European Union (including Netherlands);Caribbean Netherlands;2015;535;442;93
733;Total male and female;Total;European Union (including Netherlands);Caribbean Netherlands;2016;576;475;101
734;Total male and female;Total;European Union (including Netherlands);Caribbean Netherlands;2017;594;427;167
735;Total male and female;Total;European Union (including Netherlands);Caribbean Netherlands;2018;571;507;64
736;Total male and female;Total;European Union (including Netherlands);Caribbean Netherlands;2019;602;394;208
737;Total male and female;Total;European Union (including Netherlands);Caribbean Netherlands;2020;632;403;229
738;Total male and female;Total;European Union (including Netherlands);Caribbean Netherlands;2021;618;399;219
739;Total male and female;Total;European Union (including Netherlands);Caribbean Netherlands;2022;952;470;482
740;Total male and female;Total;European Union (including Netherlands);Caribbean Netherlands;2023;627;509;118
741;Total male and female;Total;European Union (including Netherlands);Bonaire;2011;585;216;369
742;Total male and female;Total;European Union (including Netherlands);Bonaire;2012;475;241;234
743;Total male and female;Total;European Union (including Netherlands);Bonaire;2013;542;270;272
744;Total male and female;Total;European Union (including Netherlands);Bonaire;2014;438;330;108
745;Total male and female;Total;European Union (including Netherlands);Bonaire;2015;455;360;95
746;Total male and female;Total;European Union (including Netherlands);Bonaire;2016;507;413;94
747;Total male and female;Total;European Union (including Netherlands);Bonaire;2017;527;371;156
748;Total male and female;Total;European Union (including Netherlands);Bonaire;2018;485;395;90
749;Total male and female;Total;European Union (including Netherlands);Bonaire;2019;537;309;228
750;Total male and female;Total;European Union (including Netherlands);Bonaire;2020;563;356;207
751;Total male and female;Total;European Union (including Netherlands);Bonaire;2021;545;317;228
752;Total male and female;Total;European Union (including Netherlands);Bonaire;2022;892;405;487
753;Total male and female;Total;European Union (including Netherlands);Bonaire;2023;582;441;141
754;Total male and female;Total;European Union (including Netherlands);St Eustatius;2011;83;44;39
755;Total male and female;Total;European Union (including Netherlands);St Eustatius;2012;62;28;34
756;Total male and female;Total;European Union (including Netherlands);St Eustatius;2013;83;26;57
757;Total male and female;Total;European Union (including Netherlands);St Eustatius;2014;44;79;-35
758;Total male and female;Total;European Union (including Netherlands);St Eustatius;2015;32;61;-29
759;Total male and female;Total;European Union (including Netherlands);St Eustatius;2016;34;33;1
760;Total male and female;Total;European Union (including Netherlands);St Eustatius;2017;38;37;1
761;Total male and female;Total;European Union (including Netherlands);St Eustatius;2018;55;65;-10
762;Total male and female;Total;European Union (including Netherlands);St Eustatius;2019;49;44;5
763;Total male and female;Total;European Union (including Netherlands);St Eustatius;2020;39;21;18
764;Total male and female;Total;European Union (including Netherlands);St Eustatius;2021;33;52;-19
765;Total male and female;Total;European Union (including Netherlands);St Eustatius;2022;33;27;6
766;Total male and female;Total;European Union (including Netherlands);St Eustatius;2023;24;46;-22
767;Total male and female;Total;European Union (including Netherlands);Saba;2011;50;18;32
768;Total male and female;Total;European Union (including Netherlands);Saba;2012;41;27;14
769;Total male and female;Total;European Union (including Netherlands);Saba;2013;39;39;0
770;Total male and female;Total;European Union (including Netherlands);Saba;2014;48;27;21
771;Total male and female;Total;European Union (including Netherlands);Saba;2015;48;21;27
772;Total male and female;Total;European Union (including Netherlands);Saba;2016;35;29;6
773;Total male and female;Total;European Union (including Netherlands);Saba;2017;29;19;10
774;Total male and female;Total;European Union (including Netherlands);Saba;2018;31;47;-16
775;Total male and female;Total;European Union (including Netherlands);Saba;2019;16;41;-25
776;Total male and female;Total;European Union (including Netherlands);Saba;2020;30;26;4
777;Total male and female;Total;European Union (including Netherlands);Saba;2021;40;30;10
778;Total male and female;Total;European Union (including Netherlands);Saba;2022;27;38;-11
779;Total male and female;Total;European Union (including Netherlands);Saba;2023;21;22;-1
780;Total male and female;Total;European Union (excluding Netherlands);Caribbean Netherlands;2011;121;35;86
781;Total male and female;Total;European Union (excluding Netherlands);Caribbean Netherlands;2012;94;40;54
782;Total male and female;Total;European Union (excluding Netherlands);Caribbean Netherlands;2013;85;37;48
783;Total male and female;Total;European Union (excluding Netherlands);Caribbean Netherlands;2014;64;83;-19
784;Total male and female;Total;European Union (excluding Netherlands);Caribbean Netherlands;2015;54;41;13
785;Total male and female;Total;European Union (excluding Netherlands);Caribbean Netherlands;2016;65;87;-22
786;Total male and female;Total;European Union (excluding Netherlands);Caribbean Netherlands;2017;57;38;19
787;Total male and female;Total;European Union (excluding Netherlands);Caribbean Netherlands;2018;69;82;-13
788;Total male and female;Total;European Union (excluding Netherlands);Caribbean Netherlands;2019;65;43;22
789;Total male and female;Total;European Union (excluding Netherlands);Caribbean Netherlands;2020;47;18;29
790;Total male and female;Total;European Union (excluding Netherlands);Caribbean Netherlands;2021;45;26;19
791;Total male and female;Total;European Union (excluding Netherlands);Caribbean Netherlands;2022;66;31;35
792;Total male and female;Total;European Union (excluding Netherlands);Caribbean Netherlands;2023;49;32;17
793;Total male and female;Total;European Union (excluding Netherlands);Bonaire;2011;58;18;40
794;Total male and female;Total;European Union (excluding Netherlands);Bonaire;2012;53;21;32
795;Total male and female;Total;European Union (excluding Netherlands);Bonaire;2013;59;9;50
796;Total male and female;Total;European Union (excluding Netherlands);Bonaire;2014;39;22;17
797;Total male and female;Total;European Union (excluding Netherlands);Bonaire;2015;26;16;10
798;Total male and female;Total;European Union (excluding Netherlands);Bonaire;2016;47;75;-28
799;Total male and female;Total;European Union (excluding Netherlands);Bonaire;2017;40;22;18
800;Total male and female;Total;European Union (excluding Netherlands);Bonaire;2018;36;22;14
801;Total male and female;Total;European Union (excluding Netherlands);Bonaire;2019;42;17;25
802;Total male and female;Total;European Union (excluding Netherlands);Bonaire;2020;37;12;25
803;Total male and female;Total;European Union (excluding Netherlands);Bonaire;2021;26;15;11
804;Total male and female;Total;European Union (excluding Netherlands);Bonaire;2022;53;15;38
805;Total male and female;Total;European Union (excluding Netherlands);Bonaire;2023;43;20;23
806;Total male and female;Total;European Union (excluding Netherlands);St Eustatius;2011;32;6;26
807;Total male and female;Total;European Union (excluding Netherlands);St Eustatius;2012;20;3;17
808;Total male and female;Total;European Union (excluding Netherlands);St Eustatius;2013;11;5;6
809;Total male and female;Total;European Union (excluding Netherlands);St Eustatius;2014;9;46;-37
810;Total male and female;Total;European Union (excluding Netherlands);St Eustatius;2015;9;20;-11
811;Total male and female;Total;European Union (excluding Netherlands);St Eustatius;2016;7;1;6
812;Total male and female;Total;European Union (excluding Netherlands);St Eustatius;2017;6;11;-5
813;Total male and female;Total;European Union (excluding Netherlands);St Eustatius;2018;19;28;-9
814;Total male and female;Total;European Union (excluding Netherlands);St Eustatius;2019;16;12;4
815;Total male and female;Total;European Union (excluding Netherlands);St Eustatius;2020;6;0;6
816;Total male and female;Total;European Union (excluding Netherlands);St Eustatius;2021;5;4;1
817;Total male and female;Total;European Union (excluding Netherlands);St Eustatius;2022;4;7;-3
818;Total male and female;Total;European Union (excluding Netherlands);St Eustatius;2023;5;7;-2
819;Total male and female;Total;European Union (excluding Netherlands);Saba;2011;31;11;20
820;Total male and female;Total;European Union (excluding Netherlands);Saba;2012;21;16;5
821;Total male and female;Total;European Union (excluding Netherlands);Saba;2013;15;23;-8
822;Total male and female;Total;European Union (excluding Netherlands);Saba;2014;16;15;1
823;Total male and female;Total;European Union (excluding Netherlands);Saba;2015;19;5;14
824;Total male and female;Total;European Union (excluding Netherlands);Saba;2016;11;11;0
825;Total male and female;Total;European Union (excluding Netherlands);Saba;2017;11;5;6
826;Total male and female;Total;European Union (excluding Netherlands);Saba;2018;14;32;-18
827;Total male and female;Total;European Union (excluding Netherlands);Saba;2019;7;14;-7
828;Total male and female;Total;European Union (excluding Netherlands);Saba;2020;4;6;-2
829;Total male and female;Total;European Union (excluding Netherlands);Saba;2021;14;7;7
830;Total male and female;Total;European Union (excluding Netherlands);Saba;2022;9;9;0
831;Total male and female;Total;European Union (excluding Netherlands);Saba;2023;1;5;-4
832;Total male and female;Total;Central and South America (excl Dutch..);Caribbean Netherlands;2011;356;177;179
833;Total male and female;Total;Central and South America (excl Dutch..);Caribbean Netherlands;2012;423;151;272
834;Total male and female;Total;Central and South America (excl Dutch..);Caribbean Netherlands;2013;438;111;327
835;Total male and female;Total;Central and South America (excl Dutch..);Caribbean Netherlands;2014;336;210;126
836;Total male and female;Total;Central and South America (excl Dutch..);Caribbean Netherlands;2015;360;468;-108
837;Total male and female;Total;Central and South America (excl Dutch..);Caribbean Netherlands;2016;392;461;-69
838;Total male and female;Total;Central and South America (excl Dutch..);Caribbean Netherlands;2017;512;291;221
839;Total male and female;Total;Central and South America (excl Dutch..);Caribbean Netherlands;2018;424;294;130
840;Total male and female;Total;Central and South America (excl Dutch..);Caribbean Netherlands;2019;545;188;357
841;Total male and female;Total;Central and South America (excl Dutch..);Caribbean Netherlands;2020;311;154;157
842;Total male and female;Total;Central and South America (excl Dutch..);Caribbean Netherlands;2021;613;199;414
843;Total male and female;Total;Central and South America (excl Dutch..);Caribbean Netherlands;2022;770;91;679
844;Total male and female;Total;Central and South America (excl Dutch..);Caribbean Netherlands;2023;895;179;716
845;Total male and female;Total;Central and South America (excl Dutch..);Bonaire;2011;265;122;143
846;Total male and female;Total;Central and South America (excl Dutch..);Bonaire;2012;319;103;216
847;Total male and female;Total;Central and South America (excl Dutch..);Bonaire;2013;297;65;232
848;Total male and female;Total;Central and South America (excl Dutch..);Bonaire;2014;238;125;113
849;Total male and female;Total;Central and South America (excl Dutch..);Bonaire;2015;258;82;176
850;Total male and female;Total;Central and South America (excl Dutch..);Bonaire;2016;296;421;-125
851;Total male and female;Total;Central and South America (excl Dutch..);Bonaire;2017;368;233;135
852;Total male and female;Total;Central and South America (excl Dutch..);Bonaire;2018;349;89;260
853;Total male and female;Total;Central and South America (excl Dutch..);Bonaire;2019;400;78;322
854;Total male and female;Total;Central and South America (excl Dutch..);Bonaire;2020;261;57;204
855;Total male and female;Total;Central and South America (excl Dutch..);Bonaire;2021;500;171;329
856;Total male and female;Total;Central and South America (excl Dutch..);Bonaire;2022;648;57;591
857;Total male and female;Total;Central and South America (excl Dutch..);Bonaire;2023;746;71;675
858;Total male and female;Total;Central and South America (excl Dutch..);St Eustatius;2011;61;22;39
859;Total male and female;Total;Central and South America (excl Dutch..);St Eustatius;2012;58;15;43
860;Total male and female;Total;Central and South America (excl Dutch..);St Eustatius;2013;99;28;71
861;Total male and female;Total;Central and South America (excl Dutch..);St Eustatius;2014;56;57;-1
862;Total male and female;Total;Central and South America (excl Dutch..);St Eustatius;2015;61;375;-314
863;Total male and female;Total;Central and South America (excl Dutch..);St Eustatius;2016;63;22;41
864;Total male and female;Total;Central and South America (excl Dutch..);St Eustatius;2017;115;39;76
865;Total male and female;Total;Central and South America (excl Dutch..);St Eustatius;2018;45;144;-99
866;Total male and female;Total;Central and South America (excl Dutch..);St Eustatius;2019;97;83;14
867;Total male and female;Total;Central and South America (excl Dutch..);St Eustatius;2020;29;76;-47
868;Total male and female;Total;Central and South America (excl Dutch..);St Eustatius;2021;56;13;43
869;Total male and female;Total;Central and South America (excl Dutch..);St Eustatius;2022;57;25;32
870;Total male and female;Total;Central and South America (excl Dutch..);St Eustatius;2023;76;83;-7
871;Total male and female;Total;Central and South America (excl Dutch..);Saba;2011;30;33;-3
872;Total male and female;Total;Central and South America (excl Dutch..);Saba;2012;46;33;13
873;Total male and female;Total;Central and South America (excl Dutch..);Saba;2013;42;18;24
874;Total male and female;Total;Central and South America (excl Dutch..);Saba;2014;42;28;14
875;Total male and female;Total;Central and South America (excl Dutch..);Saba;2015;41;11;30
876;Total male and female;Total;Central and South America (excl Dutch..);Saba;2016;33;18;15
877;Total male and female;Total;Central and South America (excl Dutch..);Saba;2017;29;19;10
878;Total male and female;Total;Central and South America (excl Dutch..);Saba;2018;30;61;-31
879;Total male and female;Total;Central and South America (excl Dutch..);Saba;2019;48;27;21
880;Total male and female;Total;Central and South America (excl Dutch..);Saba;2020;21;21;0
881;Total male and female;Total;Central and South America (excl Dutch..);Saba;2021;57;15;42
882;Total male and female;Total;Central and South America (excl Dutch..);Saba;2022;65;9;56
883;Total male and female;Total;Central and South America (excl Dutch..);Saba;2023;73;25;48
884;Total male and female;Total;Aruba;Caribbean Netherlands;2011;67;25;42
885;Total male and female;Total;Aruba;Caribbean Netherlands;2012;58;44;14
886;Total male and female;Total;Aruba;Caribbean Netherlands;2013;62;38;24
887;Total male and female;Total;Aruba;Caribbean Netherlands;2014;57;27;30
888;Total male and female;Total;Aruba;Caribbean Netherlands;2015;42;29;13
889;Total male and female;Total;Aruba;Caribbean Netherlands;2016;46;33;13
890;Total male and female;Total;Aruba;Caribbean Netherlands;2017;46;28;18
891;Total male and female;Total;Aruba;Caribbean Netherlands;2018;26;29;-3
892;Total male and female;Total;Aruba;Caribbean Netherlands;2019;36;28;8
893;Total male and female;Total;Aruba;Caribbean Netherlands;2020;35;18;17
894;Total male and female;Total;Aruba;Caribbean Netherlands;2021;28;20;8
895;Total male and female;Total;Aruba;Caribbean Netherlands;2022;48;21;27
896;Total male and female;Total;Aruba;Caribbean Netherlands;2023;46;34;12
897;Total male and female;Total;Aruba;Bonaire;2011;59;21;38
898;Total male and female;Total;Aruba;Bonaire;2012;51;41;10
899;Total male and female;Total;Aruba;Bonaire;2013;55;34;21
900;Total male and female;Total;Aruba;Bonaire;2014;44;22;22
901;Total male and female;Total;Aruba;Bonaire;2015;34;27;7
902;Total male and female;Total;Aruba;Bonaire;2016;37;23;14
903;Total male and female;Total;Aruba;Bonaire;2017;36;24;12
904;Total male and female;Total;Aruba;Bonaire;2018;25;22;3
905;Total male and female;Total;Aruba;Bonaire;2019;30;22;8
906;Total male and female;Total;Aruba;Bonaire;2020;33;18;15
907;Total male and female;Total;Aruba;Bonaire;2021;18;16;2
908;Total male and female;Total;Aruba;Bonaire;2022;42;20;22
909;Total male and female;Total;Aruba;Bonaire;2023;39;30;9
910;Total male and female;Total;Aruba;St Eustatius;2011;7;4;3
911;Total male and female;Total;Aruba;St Eustatius;2012;7;1;6
912;Total male and female;Total;Aruba;St Eustatius;2013;6;3;3
913;Total male and female;Total;Aruba;St Eustatius;2014;8;3;5
914;Total male and female;Total;Aruba;St Eustatius;2015;8;2;6
915;Total male and female;Total;Aruba;St Eustatius;2016;7;8;-1
916;Total male and female;Total;Aruba;St Eustatius;2017;6;2;4
917;Total male and female;Total;Aruba;St Eustatius;2018;0;7;-7
918;Total male and female;Total;Aruba;St Eustatius;2019;6;5;1
919;Total male and female;Total;Aruba;St Eustatius;2020;0;-1;1
920;Total male and female;Total;Aruba;St Eustatius;2021;5;3;2
921;Total male and female;Total;Aruba;St Eustatius;2022;3;1;2
922;Total male and female;Total;Aruba;St Eustatius;2023;3;4;-1
923;Total male and female;Total;Aruba;Saba;2011;1;0;1
924;Total male and female;Total;Aruba;Saba;2012;0;2;-2
925;Total male and female;Total;Aruba;Saba;2013;1;1;0
926;Total male and female;Total;Aruba;Saba;2014;5;2;3
927;Total male and female;Total;Aruba;Saba;2015;0;0;0
928;Total male and female;Total;Aruba;Saba;2016;2;2;0
929;Total male and female;Total;Aruba;Saba;2017;4;2;2
930;Total male and female;Total;Aruba;Saba;2018;1;0;1
931;Total male and female;Total;Aruba;Saba;2019;0;1;-1
932;Total male and female;Total;Aruba;Saba;2020;2;1;1
933;Total male and female;Total;Aruba;Saba;2021;5;1;4
934;Total male and female;Total;Aruba;Saba;2022;3;0;3
935;Total male and female;Total;Aruba;Saba;2023;4;0;4
936;Total male and female;Total;Bonaire;Caribbean Netherlands;2011;182;191;-9
937;Total male and female;Total;Bonaire;Caribbean Netherlands;2012;167;177;-10
938;Total male and female;Total;Bonaire;Caribbean Netherlands;2013;182;150;32
939;Total male and female;Total;Bonaire;Caribbean Netherlands;2014;170;116;54
940;Total male and female;Total;Bonaire;Caribbean Netherlands;2015;125;128;-3
941;Total male and female;Total;Bonaire;Caribbean Netherlands;2016;138;162;-24
942;Total male and female;Total;Bonaire;Caribbean Netherlands;2017;136;186;-50
943;Total male and female;Total;Bonaire;Caribbean Netherlands;2018;109;166;-57
944;Total male and female;Total;Bonaire;Caribbean Netherlands;2019;114;161;-47
945;Total male and female;Total;Bonaire;Caribbean Netherlands;2020;119;119;0
946;Total male and female;Total;Bonaire;Caribbean Netherlands;2021;114;138;-24
947;Total male and female;Total;Bonaire;Caribbean Netherlands;2022;122;171;-49
948;Total male and female;Total;Bonaire;Caribbean Netherlands;2023;102;187;-85
949;Total male and female;Total;Bonaire;Bonaire;2011;182;191;-9
950;Total male and female;Total;Bonaire;Bonaire;2012;167;177;-10
951;Total male and female;Total;Bonaire;Bonaire;2013;182;150;32
952;Total male and female;Total;Bonaire;Bonaire;2014;170;115;55
953;Total male and female;Total;Bonaire;Bonaire;2015;124;128;-4
954;Total male and female;Total;Bonaire;Bonaire;2016;138;162;-24
955;Total male and female;Total;Bonaire;Bonaire;2017;135;186;-51
956;Total male and female;Total;Bonaire;Bonaire;2018;109;165;-56
957;Total male and female;Total;Bonaire;Bonaire;2019;114;161;-47
958;Total male and female;Total;Bonaire;Bonaire;2020;119;119;0
959;Total male and female;Total;Bonaire;Bonaire;2021;114;138;-24
960;Total male and female;Total;Bonaire;Bonaire;2022;121;171;-50
961;Total male and female;Total;Bonaire;Bonaire;2023;102;187;-85
962;Total male and female;Total;Bonaire;St Eustatius;2011;0;0;0
963;Total male and female;Total;Bonaire;St Eustatius;2012;0;0;0
964;Total male and female;Total;Bonaire;St Eustatius;2013;0;0;0
965;Total male and female;Total;Bonaire;St Eustatius;2014;0;0;0
966;Total male and female;Total;Bonaire;St Eustatius;2015;1;0;1
967;Total male and female;Total;Bonaire;St Eustatius;2016;0;0;0
968;Total male and female;Total;Bonaire;St Eustatius;2017;0;0;0
969;Total male and female;Total;Bonaire;St Eustatius;2018;0;0;0
970;Total male and female;Total;Bonaire;St Eustatius;2019;0;0;0
971;Total male and female;Total;Bonaire;St Eustatius;2020;0;0;0
972;Total male and female;Total;Bonaire;St Eustatius;2021;0;0;0
973;Total male and female;Total;Bonaire;St Eustatius;2022;1;0;1
974;Total male and female;Total;Bonaire;St Eustatius;2023;0;0;0
975;Total male and female;Total;Bonaire;Saba;2011;0;0;0
976;Total male and female;Total;Bonaire;Saba;2012;0;0;0
977;Total male and female;Total;Bonaire;Saba;2013;0;0;0
978;Total male and female;Total;Bonaire;Saba;2014;0;1;-1
979;Total male and female;Total;Bonaire;Saba;2015;0;0;0
980;Total male and female;Total;Bonaire;Saba;2016;0;0;0
981;Total male and female;Total;Bonaire;Saba;2017;1;0;1
982;Total male and female;Total;Bonaire;Saba;2018;0;1;-1
983;Total male and female;Total;Bonaire;Saba;2019;0;0;0
984;Total male and female;Total;Bonaire;Saba;2020;0;0;0
985;Total male and female;Total;Bonaire;Saba;2021;0;0;0
986;Total male and female;Total;Bonaire;Saba;2022;0;0;0
987;Total male and female;Total;Bonaire;Saba;2023;0;0;0
988;Total male and female;Total;Canada;Caribbean Netherlands;2011;159;91;68
989;Total male and female;Total;Canada;Caribbean Netherlands;2012;164;126;38
990;Total male and female;Total;Canada;Caribbean Netherlands;2013;99;167;-68
991;Total male and female;Total;Canada;Caribbean Netherlands;2014;84;122;-38
992;Total male and female;Total;Canada;Caribbean Netherlands;2015;68;100;-32
993;Total male and female;Total;Canada;Caribbean Netherlands;2016;67;123;-56
994;Total male and female;Total;Canada;Caribbean Netherlands;2017;61;40;21
995;Total male and female;Total;Canada;Caribbean Netherlands;2018;42;103;-61
996;Total male and female;Total;Canada;Caribbean Netherlands;2019;44;47;-3
997;Total male and female;Total;Canada;Caribbean Netherlands;2020;11;27;-16
998;Total male and female;Total;Canada;Caribbean Netherlands;2021;13;25;-12
999;Total male and female;Total;Canada;Caribbean Netherlands;2022;39;8;31
1000;Total male and female;Total;Canada;Caribbean Netherlands;2023;30;24;6
1001;Total male and female;Total;Canada;Bonaire;2011;32;20;12
1002;Total male and female;Total;Canada;Bonaire;2012;25;8;17
1003;Total male and female;Total;Canada;Bonaire;2013;15;3;12
1004;Total male and female;Total;Canada;Bonaire;2014;6;2;4
1005;Total male and female;Total;Canada;Bonaire;2015;8;4;4
1006;Total male and female;Total;Canada;Bonaire;2016;2;58;-56
1007;Total male and female;Total;Canada;Bonaire;2017;7;11;-4
1008;Total male and female;Total;Canada;Bonaire;2018;5;1;4
1009;Total male and female;Total;Canada;Bonaire;2019;7;3;4
1010;Total male and female;Total;Canada;Bonaire;2020;2;1;1
1011;Total male and female;Total;Canada;Bonaire;2021;2;2;0
1012;Total male and female;Total;Canada;Bonaire;2022;15;0;15
1013;Total male and female;Total;Canada;Bonaire;2023;7;1;6
1014;Total male and female;Total;Canada;St Eustatius;2011;19;10;9
1015;Total male and female;Total;Canada;St Eustatius;2012;15;6;9
1016;Total male and female;Total;Canada;St Eustatius;2013;30;50;-20
1017;Total male and female;Total;Canada;St Eustatius;2014;1;7;-6
1018;Total male and female;Total;Canada;St Eustatius;2015;0;36;-36
1019;Total male and female;Total;Canada;St Eustatius;2016;0;0;0
1020;Total male and female;Total;Canada;St Eustatius;2017;1;0;1
1021;Total male and female;Total;Canada;St Eustatius;2018;5;3;2
1022;Total male and female;Total;Canada;St Eustatius;2019;2;7;-5
1023;Total male and female;Total;Canada;St Eustatius;2020;0;0;0
1024;Total male and female;Total;Canada;St Eustatius;2021;2;0;2
1025;Total male and female;Total;Canada;St Eustatius;2022;1;0;1
1026;Total male and female;Total;Canada;St Eustatius;2023;0;1;-1
1027;Total male and female;Total;Canada;Saba;2011;108;61;47
1028;Total male and female;Total;Canada;Saba;2012;124;112;12
1029;Total male and female;Total;Canada;Saba;2013;54;114;-60
1030;Total male and female;Total;Canada;Saba;2014;77;113;-36
1031;Total male and female;Total;Canada;Saba;2015;60;60;0
1032;Total male and female;Total;Canada;Saba;2016;65;65;0
1033;Total male and female;Total;Canada;Saba;2017;53;29;24
1034;Total male and female;Total;Canada;Saba;2018;32;99;-67
1035;Total male and female;Total;Canada;Saba;2019;35;37;-2
1036;Total male and female;Total;Canada;Saba;2020;9;26;-17
1037;Total male and female;Total;Canada;Saba;2021;9;23;-14
1038;Total male and female;Total;Canada;Saba;2022;23;8;15
1039;Total male and female;Total;Canada;Saba;2023;23;22;1
1040;Total male and female;Total;China;Caribbean Netherlands;2011;40;22;18
1041;Total male and female;Total;China;Caribbean Netherlands;2012;67;23;44
1042;Total male and female;Total;China;Caribbean Netherlands;2013;44;18;26
1043;Total male and female;Total;China;Caribbean Netherlands;2014;25;20;5
1044;Total male and female;Total;China;Caribbean Netherlands;2015;43;18;25
1045;Total male and female;Total;China;Caribbean Netherlands;2016;47;23;24
1046;Total male and female;Total;China;Caribbean Netherlands;2017;39;13;26
1047;Total male and female;Total;China;Caribbean Netherlands;2018;15;15;0
1048;Total male and female;Total;China;Caribbean Netherlands;2019;15;21;-6
1049;Total male and female;Total;China;Caribbean Netherlands;2020;8;10;-2
1050;Total male and female;Total;China;Caribbean Netherlands;2021;28;10;18
1051;Total male and female;Total;China;Caribbean Netherlands;2022;26;5;21
1052;Total male and female;Total;China;Caribbean Netherlands;2023;31;4;27
1053;Total male and female;Total;China;Bonaire;2011;28;13;15
1054;Total male and female;Total;China;Bonaire;2012;49;14;35
1055;Total male and female;Total;China;Bonaire;2013;36;8;28
1056;Total male and female;Total;China;Bonaire;2014;12;10;2
1057;Total male and female;Total;China;Bonaire;2015;35;10;25
1058;Total male and female;Total;China;Bonaire;2016;39;19;20
1059;Total male and female;Total;China;Bonaire;2017;34;5;29
1060;Total male and female;Total;China;Bonaire;2018;13;3;10
1061;Total male and female;Total;China;Bonaire;2019;11;7;4
1062;Total male and female;Total;China;Bonaire;2020;8;6;2
1063;Total male and female;Total;China;Bonaire;2021;7;10;-3
1064;Total male and female;Total;China;Bonaire;2022;18;3;15
1065;Total male and female;Total;China;Bonaire;2023;28;-1;29
1066;Total male and female;Total;China;St Eustatius;2011;5;7;-2
1067;Total male and female;Total;China;St Eustatius;2012;12;3;9
1068;Total male and female;Total;China;St Eustatius;2013;7;6;1
1069;Total male and female;Total;China;St Eustatius;2014;7;6;1
1070;Total male and female;Total;China;St Eustatius;2015;7;2;5
1071;Total male and female;Total;China;St Eustatius;2016;5;2;3
1072;Total male and female;Total;China;St Eustatius;2017;2;7;-5
1073;Total male and female;Total;China;St Eustatius;2018;2;10;-8
1074;Total male and female;Total;China;St Eustatius;2019;3;14;-11
1075;Total male and female;Total;China;St Eustatius;2020;0;1;-1
1076;Total male and female;Total;China;St Eustatius;2021;21;0;21
1077;Total male and female;Total;China;St Eustatius;2022;8;2;6
1078;Total male and female;Total;China;St Eustatius;2023;3;5;-2
1079;Total male and female;Total;China;Saba;2011;7;2;5
1080;Total male and female;Total;China;Saba;2012;6;6;0
1081;Total male and female;Total;China;Saba;2013;1;4;-3
1082;Total male and female;Total;China;Saba;2014;6;4;2
1083;Total male and female;Total;China;Saba;2015;1;6;-5
1084;Total male and female;Total;China;Saba;2016;3;2;1
1085;Total male and female;Total;China;Saba;2017;3;1;2
1086;Total male and female;Total;China;Saba;2018;0;2;-2
1087;Total male and female;Total;China;Saba;2019;1;0;1
1088;Total male and female;Total;China;Saba;2020;0;3;-3
1089;Total male and female;Total;China;Saba;2021;0;0;0
1090;Total male and female;Total;China;Saba;2022;0;0;0
1091;Total male and female;Total;China;Saba;2023;0;0;0
1092;Total male and female;Total;Colombia;Caribbean Netherlands;2011;76;47;29
1093;Total male and female;Total;Colombia;Caribbean Netherlands;2012;93;35;58
1094;Total male and female;Total;Colombia;Caribbean Netherlands;2013;90;18;72
1095;Total male and female;Total;Colombia;Caribbean Netherlands;2014;61;34;27
1096;Total male and female;Total;Colombia;Caribbean Netherlands;2015;38;22;16
1097;Total male and female;Total;Colombia;Caribbean Netherlands;2016;51;106;-55
1098;Total male and female;Total;Colombia;Caribbean Netherlands;2017;92;66;26
1099;Total male and female;Total;Colombia;Caribbean Netherlands;2018;73;43;30
1100;Total male and female;Total;Colombia;Caribbean Netherlands;2019;69;25;44
1101;Total male and female;Total;Colombia;Caribbean Netherlands;2020;59;29;30
1102;Total male and female;Total;Colombia;Caribbean Netherlands;2021;88;32;56
1103;Total male and female;Total;Colombia;Caribbean Netherlands;2022;139;16;123
1104;Total male and female;Total;Colombia;Caribbean Netherlands;2023;172;22;150
1105;Total male and female;Total;Colombia;Bonaire;2011;64;45;19
1106;Total male and female;Total;Colombia;Bonaire;2012;80;31;49
1107;Total male and female;Total;Colombia;Bonaire;2013;77;13;64
1108;Total male and female;Total;Colombia;Bonaire;2014;51;30;21
1109;Total male and female;Total;Colombia;Bonaire;2015;33;14;19
1110;Total male and female;Total;Colombia;Bonaire;2016;42;101;-59
1111;Total male and female;Total;Colombia;Bonaire;2017;63;66;-3
1112;Total male and female;Total;Colombia;Bonaire;2018;66;13;53
1113;Total male and female;Total;Colombia;Bonaire;2019;49;13;36
1114;Total male and female;Total;Colombia;Bonaire;2020;54;8;46
1115;Total male and female;Total;Colombia;Bonaire;2021;72;29;43
1116;Total male and female;Total;Colombia;Bonaire;2022;122;14;108
1117;Total male and female;Total;Colombia;Bonaire;2023;150;12;138
1118;Total male and female;Total;Colombia;St Eustatius;2011;1;0;1
1119;Total male and female;Total;Colombia;St Eustatius;2012;3;0;3
1120;Total male and female;Total;Colombia;St Eustatius;2013;3;0;3
1121;Total male and female;Total;Colombia;St Eustatius;2014;0;1;-1
1122;Total male and female;Total;Colombia;St Eustatius;2015;0;7;-7
1123;Total male and female;Total;Colombia;St Eustatius;2016;3;0;3
1124;Total male and female;Total;Colombia;St Eustatius;2017;19;0;19
1125;Total male and female;Total;Colombia;St Eustatius;2018;0;14;-14
1126;Total male and female;Total;Colombia;St Eustatius;2019;13;4;9
1127;Total male and female;Total;Colombia;St Eustatius;2020;1;18;-17
1128;Total male and female;Total;Colombia;St Eustatius;2021;4;1;3
1129;Total male and female;Total;Colombia;St Eustatius;2022;1;1;0
1130;Total male and female;Total;Colombia;St Eustatius;2023;5;1;4
1131;Total male and female;Total;Colombia;Saba;2011;11;2;9
1132;Total male and female;Total;Colombia;Saba;2012;10;4;6
1133;Total male and female;Total;Colombia;Saba;2013;10;5;5
1134;Total male and female;Total;Colombia;Saba;2014;10;3;7
1135;Total male and female;Total;Colombia;Saba;2015;5;1;4
1136;Total male and female;Total;Colombia;Saba;2016;6;5;1
1137;Total male and female;Total;Colombia;Saba;2017;10;0;10
1138;Total male and female;Total;Colombia;Saba;2018;7;16;-9
1139;Total male and female;Total;Colombia;Saba;2019;7;8;-1
1140;Total male and female;Total;Colombia;Saba;2020;4;3;1
1141;Total male and female;Total;Colombia;Saba;2021;12;2;10
1142;Total male and female;Total;Colombia;Saba;2022;16;1;15
1143;Total male and female;Total;Colombia;Saba;2023;17;9;8
1144;Total male and female;Total;Curaçao;Caribbean Netherlands;2011;186;201;-15
1145;Total male and female;Total;Curaçao;Caribbean Netherlands;2012;266;179;87
1146;Total male and female;Total;Curaçao;Caribbean Netherlands;2013;304;133;171
1147;Total male and female;Total;Curaçao;Caribbean Netherlands;2014;236;172;64
1148;Total male and female;Total;Curaçao;Caribbean Netherlands;2015;261;153;108
1149;Total male and female;Total;Curaçao;Caribbean Netherlands;2016;226;145;81
1150;Total male and female;Total;Curaçao;Caribbean Netherlands;2017;200;198;2
1151;Total male and female;Total;Curaçao;Caribbean Netherlands;2018;240;190;50
1152;Total male and female;Total;Curaçao;Caribbean Netherlands;2019;292;149;143
1153;Total male and female;Total;Curaçao;Caribbean Netherlands;2020;369;129;240
1154;Total male and female;Total;Curaçao;Caribbean Netherlands;2021;334;174;160
1155;Total male and female;Total;Curaçao;Caribbean Netherlands;2022;400;185;215
1156;Total male and female;Total;Curaçao;Caribbean Netherlands;2023;264;192;72
1157;Total male and female;Total;Curaçao;Bonaire;2011;167;183;-16
1158;Total male and female;Total;Curaçao;Bonaire;2012;259;160;99
1159;Total male and female;Total;Curaçao;Bonaire;2013;273;118;155
1160;Total male and female;Total;Curaçao;Bonaire;2014;227;162;65
1161;Total male and female;Total;Curaçao;Bonaire;2015;250;140;110
1162;Total male and female;Total;Curaçao;Bonaire;2016;214;140;74
1163;Total male and female;Total;Curaçao;Bonaire;2017;183;189;-6
1164;Total male and female;Total;Curaçao;Bonaire;2018;228;170;58
1165;Total male and female;Total;Curaçao;Bonaire;2019;284;142;142
1166;Total male and female;Total;Curaçao;Bonaire;2020;361;120;241
1167;Total male and female;Total;Curaçao;Bonaire;2021;318;163;155
1168;Total male and female;Total;Curaçao;Bonaire;2022;384;176;208
1169;Total male and female;Total;Curaçao;Bonaire;2023;250;176;74
1170;Total male and female;Total;Curaçao;St Eustatius;2011;18;9;9
1171;Total male and female;Total;Curaçao;St Eustatius;2012;6;15;-9
1172;Total male and female;Total;Curaçao;St Eustatius;2013;22;14;8
1173;Total male and female;Total;Curaçao;St Eustatius;2014;7;8;-1
1174;Total male and female;Total;Curaçao;St Eustatius;2015;9;10;-1
1175;Total male and female;Total;Curaçao;St Eustatius;2016;9;4;5
1176;Total male and female;Total;Curaçao;St Eustatius;2017;16;6;10
1177;Total male and female;Total;Curaçao;St Eustatius;2018;11;20;-9
1178;Total male and female;Total;Curaçao;St Eustatius;2019;7;7;0
1179;Total male and female;Total;Curaçao;St Eustatius;2020;7;9;-2
1180;Total male and female;Total;Curaçao;St Eustatius;2021;13;7;6
1181;Total male and female;Total;Curaçao;St Eustatius;2022;14;8;6
1182;Total male and female;Total;Curaçao;St Eustatius;2023;11;13;-2
1183;Total male and female;Total;Curaçao;Saba;2011;1;9;-8
1184;Total male and female;Total;Curaçao;Saba;2012;1;4;-3
1185;Total male and female;Total;Curaçao;Saba;2013;9;1;8
1186;Total male and female;Total;Curaçao;Saba;2014;2;2;0
1187;Total male and female;Total;Curaçao;Saba;2015;2;3;-1
1188;Total male and female;Total;Curaçao;Saba;2016;3;1;2
1189;Total male and female;Total;Curaçao;Saba;2017;1;3;-2
1190;Total male and female;Total;Curaçao;Saba;2018;1;0;1
1191;Total male and female;Total;Curaçao;Saba;2019;1;0;1
1192;Total male and female;Total;Curaçao;Saba;2020;1;0;1
1193;Total male and female;Total;Curaçao;Saba;2021;3;4;-1
1194;Total male and female;Total;Curaçao;Saba;2022;2;1;1
1195;Total male and female;Total;Curaçao;Saba;2023;3;3;0
1196;Total male and female;Total;Dominican Republic;Caribbean Netherlands;2011;77;31;46
1197;Total male and female;Total;Dominican Republic;Caribbean Netherlands;2012;102;21;81
1198;Total male and female;Total;Dominican Republic;Caribbean Netherlands;2013;123;21;102
1199;Total male and female;Total;Dominican Republic;Caribbean Netherlands;2014;110;42;68
1200;Total male and female;Total;Dominican Republic;Caribbean Netherlands;2015;122;86;36
1201;Total male and female;Total;Dominican Republic;Caribbean Netherlands;2016;106;69;37
1202;Total male and female;Total;Dominican Republic;Caribbean Netherlands;2017;108;43;65
1203;Total male and female;Total;Dominican Republic;Caribbean Netherlands;2018;92;74;18
1204;Total male and female;Total;Dominican Republic;Caribbean Netherlands;2019;143;45;98
1205;Total male and female;Total;Dominican Republic;Caribbean Netherlands;2020;69;28;41
1206;Total male and female;Total;Dominican Republic;Caribbean Netherlands;2021;170;50;120
1207;Total male and female;Total;Dominican Republic;Caribbean Netherlands;2022;209;20;189
1208;Total male and female;Total;Dominican Republic;Caribbean Netherlands;2023;211;49;162
1209;Total male and female;Total;Dominican Republic;Bonaire;2011;60;19;41
1210;Total male and female;Total;Dominican Republic;Bonaire;2012;86;13;73
1211;Total male and female;Total;Dominican Republic;Bonaire;2013;84;12;72
1212;Total male and female;Total;Dominican Republic;Bonaire;2014;93;24;69
1213;Total male and female;Total;Dominican Republic;Bonaire;2015;97;20;77
1214;Total male and female;Total;Dominican Republic;Bonaire;2016;88;61;27
1215;Total male and female;Total;Dominican Republic;Bonaire;2017;79;31;48
1216;Total male and female;Total;Dominican Republic;Bonaire;2018;65;22;43
1217;Total male and female;Total;Dominican Republic;Bonaire;2019;100;19;81
1218;Total male and female;Total;Dominican Republic;Bonaire;2020;55;12;43
1219;Total male and female;Total;Dominican Republic;Bonaire;2021;134;44;90
1220;Total male and female;Total;Dominican Republic;Bonaire;2022;176;9;167
1221;Total male and female;Total;Dominican Republic;Bonaire;2023;182;12;170
1222;Total male and female;Total;Dominican Republic;St Eustatius;2011;13;6;7
1223;Total male and female;Total;Dominican Republic;St Eustatius;2012;9;4;5
1224;Total male and female;Total;Dominican Republic;St Eustatius;2013;27;7;20
1225;Total male and female;Total;Dominican Republic;St Eustatius;2014;12;12;0
1226;Total male and female;Total;Dominican Republic;St Eustatius;2015;19;64;-45
1227;Total male and female;Total;Dominican Republic;St Eustatius;2016;14;5;9
1228;Total male and female;Total;Dominican Republic;St Eustatius;2017;26;8;18
1229;Total male and female;Total;Dominican Republic;St Eustatius;2018;20;40;-20
1230;Total male and female;Total;Dominican Republic;St Eustatius;2019;27;20;7
1231;Total male and female;Total;Dominican Republic;St Eustatius;2020;9;8;1
1232;Total male and female;Total;Dominican Republic;St Eustatius;2021;15;2;13
1233;Total male and female;Total;Dominican Republic;St Eustatius;2022;18;9;9
1234;Total male and female;Total;Dominican Republic;St Eustatius;2023;19;34;-15
1235;Total male and female;Total;Dominican Republic;Saba;2011;4;6;-2
1236;Total male and female;Total;Dominican Republic;Saba;2012;7;4;3
1237;Total male and female;Total;Dominican Republic;Saba;2013;12;2;10
1238;Total male and female;Total;Dominican Republic;Saba;2014;5;6;-1
1239;Total male and female;Total;Dominican Republic;Saba;2015;6;2;4
1240;Total male and female;Total;Dominican Republic;Saba;2016;4;3;1
1241;Total male and female;Total;Dominican Republic;Saba;2017;3;4;-1
1242;Total male and female;Total;Dominican Republic;Saba;2018;7;12;-5
1243;Total male and female;Total;Dominican Republic;Saba;2019;16;6;10
1244;Total male and female;Total;Dominican Republic;Saba;2020;5;8;-3
1245;Total male and female;Total;Dominican Republic;Saba;2021;21;4;17
1246;Total male and female;Total;Dominican Republic;Saba;2022;15;2;13
1247;Total male and female;Total;Dominican Republic;Saba;2023;10;3;7
1248;Total male and female;Total;Ecuador;Caribbean Netherlands;2011;11;1;10
1249;Total male and female;Total;Ecuador;Caribbean Netherlands;2012;8;2;6
1250;Total male and female;Total;Ecuador;Caribbean Netherlands;2013;6;1;5
1251;Total male and female;Total;Ecuador;Caribbean Netherlands;2014;4;3;1
1252;Total male and female;Total;Ecuador;Caribbean Netherlands;2015;3;0;3
1253;Total male and female;Total;Ecuador;Caribbean Netherlands;2016;6;20;-14
1254;Total male and female;Total;Ecuador;Caribbean Netherlands;2017;6;6;0
1255;Total male and female;Total;Ecuador;Caribbean Netherlands;2018;3;1;2
1256;Total male and female;Total;Ecuador;Caribbean Netherlands;2019;15;1;14
1257;Total male and female;Total;Ecuador;Caribbean Netherlands;2020;3;1;2
1258;Total male and female;Total;Ecuador;Caribbean Netherlands;2021;18;3;15
1259;Total male and female;Total;Ecuador;Caribbean Netherlands;2022;13;0;13
1260;Total male and female;Total;Ecuador;Caribbean Netherlands;2023;14;2;12
1261;Total male and female;Total;Ecuador;Bonaire;2011;10;1;9
1262;Total male and female;Total;Ecuador;Bonaire;2012;8;2;6
1263;Total male and female;Total;Ecuador;Bonaire;2013;6;1;5
1264;Total male and female;Total;Ecuador;Bonaire;2014;4;3;1
1265;Total male and female;Total;Ecuador;Bonaire;2015;3;0;3
1266;Total male and female;Total;Ecuador;Bonaire;2016;6;20;-14
1267;Total male and female;Total;Ecuador;Bonaire;2017;6;6;0
1268;Total male and female;Total;Ecuador;Bonaire;2018;3;1;2
1269;Total male and female;Total;Ecuador;Bonaire;2019;14;1;13
1270;Total male and female;Total;Ecuador;Bonaire;2020;3;0;3
1271;Total male and female;Total;Ecuador;Bonaire;2021;18;3;15
1272;Total male and female;Total;Ecuador;Bonaire;2022;13;0;13
1273;Total male and female;Total;Ecuador;Bonaire;2023;13;2;11
1274;Total male and female;Total;Ecuador;St Eustatius;2011;1;0;1
1275;Total male and female;Total;Ecuador;St Eustatius;2012;0;0;0
1276;Total male and female;Total;Ecuador;St Eustatius;2013;0;0;0
1277;Total male and female;Total;Ecuador;St Eustatius;2014;0;0;0
1278;Total male and female;Total;Ecuador;St Eustatius;2015;0;0;0
1279;Total male and female;Total;Ecuador;St Eustatius;2016;0;0;0
1280;Total male and female;Total;Ecuador;St Eustatius;2017;0;0;0
1281;Total male and female;Total;Ecuador;St Eustatius;2018;0;0;0
1282;Total male and female;Total;Ecuador;St Eustatius;2019;1;0;1
1283;Total male and female;Total;Ecuador;St Eustatius;2020;0;1;-1
1284;Total male and female;Total;Ecuador;St Eustatius;2021;0;0;0
1285;Total male and female;Total;Ecuador;St Eustatius;2022;0;0;0
1286;Total male and female;Total;Ecuador;St Eustatius;2023;0;0;0
1287;Total male and female;Total;Ecuador;Saba;2011;0;0;0
1288;Total male and female;Total;Ecuador;Saba;2012;0;0;0
1289;Total male and female;Total;Ecuador;Saba;2013;0;0;0
1290;Total male and female;Total;Ecuador;Saba;2014;0;0;0
1291;Total male and female;Total;Ecuador;Saba;2015;0;0;0
1292;Total male and female;Total;Ecuador;Saba;2016;0;0;0
1293;Total male and female;Total;Ecuador;Saba;2017;0;0;0
1294;Total male and female;Total;Ecuador;Saba;2018;0;0;0
1295;Total male and female;Total;Ecuador;Saba;2019;0;0;0
1296;Total male and female;Total;Ecuador;Saba;2020;0;0;0
1297;Total male and female;Total;Ecuador;Saba;2021;0;0;0
1298;Total male and female;Total;Ecuador;Saba;2022;0;0;0
1299;Total male and female;Total;Ecuador;Saba;2023;1;0;1
1300;Total male and female;Total;Guyana;Caribbean Netherlands;2011;6;11;-5
1301;Total male and female;Total;Guyana;Caribbean Netherlands;2012;11;3;8
1302;Total male and female;Total;Guyana;Caribbean Netherlands;2013;7;3;4
1303;Total male and female;Total;Guyana;Caribbean Netherlands;2014;4;14;-10
1304;Total male and female;Total;Guyana;Caribbean Netherlands;2015;7;42;-35
1305;Total male and female;Total;Guyana;Caribbean Netherlands;2016;12;7;5
1306;Total male and female;Total;Guyana;Caribbean Netherlands;2017;7;16;-9
1307;Total male and female;Total;Guyana;Caribbean Netherlands;2018;8;12;-4
1308;Total male and female;Total;Guyana;Caribbean Netherlands;2019;7;10;-3
1309;Total male and female;Total;Guyana;Caribbean Netherlands;2020;6;2;4
1310;Total male and female;Total;Guyana;Caribbean Netherlands;2021;8;1;7
1311;Total male and female;Total;Guyana;Caribbean Netherlands;2022;8;5;3
1312;Total male and female;Total;Guyana;Caribbean Netherlands;2023;10;9;1
1313;Total male and female;Total;Guyana;Bonaire;2011;1;0;1
1314;Total male and female;Total;Guyana;Bonaire;2012;1;0;1
1315;Total male and female;Total;Guyana;Bonaire;2013;2;0;2
1316;Total male and female;Total;Guyana;Bonaire;2014;0;0;0
1317;Total male and female;Total;Guyana;Bonaire;2015;0;0;0
1318;Total male and female;Total;Guyana;Bonaire;2016;2;3;-1
1319;Total male and female;Total;Guyana;Bonaire;2017;0;8;-8
1320;Total male and female;Total;Guyana;Bonaire;2018;1;1;0
1321;Total male and female;Total;Guyana;Bonaire;2019;0;1;-1
1322;Total male and female;Total;Guyana;Bonaire;2020;2;0;2
1323;Total male and female;Total;Guyana;Bonaire;2021;1;0;1
1324;Total male and female;Total;Guyana;Bonaire;2022;0;0;0
1325;Total male and female;Total;Guyana;Bonaire;2023;0;0;0
1326;Total male and female;Total;Guyana;St Eustatius;2011;4;4;0
1327;Total male and female;Total;Guyana;St Eustatius;2012;8;1;7
1328;Total male and female;Total;Guyana;St Eustatius;2013;3;2;1
1329;Total male and female;Total;Guyana;St Eustatius;2014;2;13;-11
1330;Total male and female;Total;Guyana;St Eustatius;2015;6;41;-35
1331;Total male and female;Total;Guyana;St Eustatius;2016;8;4;4
1332;Total male and female;Total;Guyana;St Eustatius;2017;7;2;5
1333;Total male and female;Total;Guyana;St Eustatius;2018;7;9;-2
1334;Total male and female;Total;Guyana;St Eustatius;2019;7;9;-2
1335;Total male and female;Total;Guyana;St Eustatius;2020;4;1;3
1336;Total male and female;Total;Guyana;St Eustatius;2021;4;1;3
1337;Total male and female;Total;Guyana;St Eustatius;2022;6;3;3
1338;Total male and female;Total;Guyana;St Eustatius;2023;8;8;0
1339;Total male and female;Total;Guyana;Saba;2011;1;7;-6
1340;Total male and female;Total;Guyana;Saba;2012;2;2;0
1341;Total male and female;Total;Guyana;Saba;2013;2;1;1
1342;Total male and female;Total;Guyana;Saba;2014;2;1;1
1343;Total male and female;Total;Guyana;Saba;2015;1;1;0
1344;Total male and female;Total;Guyana;Saba;2016;2;0;2
1345;Total male and female;Total;Guyana;Saba;2017;0;6;-6
1346;Total male and female;Total;Guyana;Saba;2018;0;2;-2
1347;Total male and female;Total;Guyana;Saba;2019;0;0;0
1348;Total male and female;Total;Guyana;Saba;2020;0;1;-1
1349;Total male and female;Total;Guyana;Saba;2021;3;0;3
1350;Total male and female;Total;Guyana;Saba;2022;2;2;0
1351;Total male and female;Total;Guyana;Saba;2023;2;1;1
1352;Total male and female;Total;Haiti;Caribbean Netherlands;2011;11;4;7
1353;Total male and female;Total;Haiti;Caribbean Netherlands;2012;16;5;11
1354;Total male and female;Total;Haiti;Caribbean Netherlands;2013;13;3;10
1355;Total male and female;Total;Haiti;Caribbean Netherlands;2014;14;3;11
1356;Total male and female;Total;Haiti;Caribbean Netherlands;2015;17;8;9
1357;Total male and female;Total;Haiti;Caribbean Netherlands;2016;15;6;9
1358;Total male and female;Total;Haiti;Caribbean Netherlands;2017;28;5;23
1359;Total male and female;Total;Haiti;Caribbean Netherlands;2018;20;5;15
1360;Total male and female;Total;Haiti;Caribbean Netherlands;2019;35;4;31
1361;Total male and female;Total;Haiti;Caribbean Netherlands;2020;36;3;33
1362;Total male and female;Total;Haiti;Caribbean Netherlands;2021;65;2;63
1363;Total male and female;Total;Haiti;Caribbean Netherlands;2022;48;4;44
1364;Total male and female;Total;Haiti;Caribbean Netherlands;2023;100;2;98
1365;Total male and female;Total;Haiti;Bonaire;2011;10;2;8
1366;Total male and female;Total;Haiti;Bonaire;2012;8;1;7
1367;Total male and female;Total;Haiti;Bonaire;2013;7;0;7
1368;Total male and female;Total;Haiti;Bonaire;2014;11;1;10
1369;Total male and female;Total;Haiti;Bonaire;2015;11;1;10
1370;Total male and female;Total;Haiti;Bonaire;2016;11;6;5
1371;Total male and female;Total;Haiti;Bonaire;2017;28;3;25
1372;Total male and female;Total;Haiti;Bonaire;2018;19;1;18
1373;Total male and female;Total;Haiti;Bonaire;2019;33;2;31
1374;Total male and female;Total;Haiti;Bonaire;2020;35;1;34
1375;Total male and female;Total;Haiti;Bonaire;2021;65;2;63
1376;Total male and female;Total;Haiti;Bonaire;2022;43;3;40
1377;Total male and female;Total;Haiti;Bonaire;2023;95;2;93
1378;Total male and female;Total;Haiti;St Eustatius;2011;1;0;1
1379;Total male and female;Total;Haiti;St Eustatius;2012;5;1;4
1380;Total male and female;Total;Haiti;St Eustatius;2013;6;2;4
1381;Total male and female;Total;Haiti;St Eustatius;2014;0;0;0
1382;Total male and female;Total;Haiti;St Eustatius;2015;0;7;-7
1383;Total male and female;Total;Haiti;St Eustatius;2016;2;0;2
1384;Total male and female;Total;Haiti;St Eustatius;2017;0;1;-1
1385;Total male and female;Total;Haiti;St Eustatius;2018;0;0;0
1386;Total male and female;Total;Haiti;St Eustatius;2019;0;1;-1
1387;Total male and female;Total;Haiti;St Eustatius;2020;1;0;1
1388;Total male and female;Total;Haiti;St Eustatius;2021;0;0;0
1389;Total male and female;Total;Haiti;St Eustatius;2022;0;1;-1
1390;Total male and female;Total;Haiti;St Eustatius;2023;1;0;1
1391;Total male and female;Total;Haiti;Saba;2011;0;2;-2
1392;Total male and female;Total;Haiti;Saba;2012;3;3;0
1393;Total male and female;Total;Haiti;Saba;2013;0;1;-1
1394;Total male and female;Total;Haiti;Saba;2014;3;2;1
1395;Total male and female;Total;Haiti;Saba;2015;6;0;6
1396;Total male and female;Total;Haiti;Saba;2016;2;0;2
1397;Total male and female;Total;Haiti;Saba;2017;0;1;-1
1398;Total male and female;Total;Haiti;Saba;2018;1;4;-3
1399;Total male and female;Total;Haiti;Saba;2019;2;1;1
1400;Total male and female;Total;Haiti;Saba;2020;0;2;-2
1401;Total male and female;Total;Haiti;Saba;2021;0;0;0
1402;Total male and female;Total;Haiti;Saba;2022;5;0;5
1403;Total male and female;Total;Haiti;Saba;2023;4;0;4
1404;Total male and female;Total;Jamaica;Caribbean Netherlands;2011;9;3;6
1405;Total male and female;Total;Jamaica;Caribbean Netherlands;2012;18;5;13
1406;Total male and female;Total;Jamaica;Caribbean Netherlands;2013;17;3;14
1407;Total male and female;Total;Jamaica;Caribbean Netherlands;2014;19;7;12
1408;Total male and female;Total;Jamaica;Caribbean Netherlands;2015;17;32;-15
1409;Total male and female;Total;Jamaica;Caribbean Netherlands;2016;12;14;-2
1410;Total male and female;Total;Jamaica;Caribbean Netherlands;2017;16;11;5
1411;Total male and female;Total;Jamaica;Caribbean Netherlands;2018;9;16;-7
1412;Total male and female;Total;Jamaica;Caribbean Netherlands;2019;6;8;-2
1413;Total male and female;Total;Jamaica;Caribbean Netherlands;2020;10;4;6
1414;Total male and female;Total;Jamaica;Caribbean Netherlands;2021;4;2;2
1415;Total male and female;Total;Jamaica;Caribbean Netherlands;2022;19;2;17
1416;Total male and female;Total;Jamaica;Caribbean Netherlands;2023;17;4;13
1417;Total male and female;Total;Jamaica;Bonaire;2011;3;1;2
1418;Total male and female;Total;Jamaica;Bonaire;2012;7;1;6
1419;Total male and female;Total;Jamaica;Bonaire;2013;12;0;12
1420;Total male and female;Total;Jamaica;Bonaire;2014;8;2;6
1421;Total male and female;Total;Jamaica;Bonaire;2015;5;1;4
1422;Total male and female;Total;Jamaica;Bonaire;2016;4;12;-8
1423;Total male and female;Total;Jamaica;Bonaire;2017;3;5;-2
1424;Total male and female;Total;Jamaica;Bonaire;2018;6;1;5
1425;Total male and female;Total;Jamaica;Bonaire;2019;1;0;1
1426;Total male and female;Total;Jamaica;Bonaire;2020;1;0;1
1427;Total male and female;Total;Jamaica;Bonaire;2021;0;1;-1
1428;Total male and female;Total;Jamaica;Bonaire;2022;3;0;3
1429;Total male and female;Total;Jamaica;Bonaire;2023;2;0;2
1430;Total male and female;Total;Jamaica;St Eustatius;2011;0;0;0
1431;Total male and female;Total;Jamaica;St Eustatius;2012;4;0;4
1432;Total male and female;Total;Jamaica;St Eustatius;2013;3;2;1
1433;Total male and female;Total;Jamaica;St Eustatius;2014;4;4;0
1434;Total male and female;Total;Jamaica;St Eustatius;2015;5;30;-25
1435;Total male and female;Total;Jamaica;St Eustatius;2016;4;2;2
1436;Total male and female;Total;Jamaica;St Eustatius;2017;11;0;11
1437;Total male and female;Total;Jamaica;St Eustatius;2018;2;13;-11
1438;Total male and female;Total;Jamaica;St Eustatius;2019;4;5;-1
1439;Total male and female;Total;Jamaica;St Eustatius;2020;6;3;3
1440;Total male and female;Total;Jamaica;St Eustatius;2021;3;0;3
1441;Total male and female;Total;Jamaica;St Eustatius;2022;5;0;5
1442;Total male and female;Total;Jamaica;St Eustatius;2023;11;3;8
1443;Total male and female;Total;Jamaica;Saba;2011;6;2;4
1444;Total male and female;Total;Jamaica;Saba;2012;7;4;3
1445;Total male and female;Total;Jamaica;Saba;2013;2;1;1
1446;Total male and female;Total;Jamaica;Saba;2014;7;1;6
1447;Total male and female;Total;Jamaica;Saba;2015;7;1;6
1448;Total male and female;Total;Jamaica;Saba;2016;4;0;4
1449;Total male and female;Total;Jamaica;Saba;2017;2;6;-4
1450;Total male and female;Total;Jamaica;Saba;2018;1;2;-1
1451;Total male and female;Total;Jamaica;Saba;2019;1;3;-2
1452;Total male and female;Total;Jamaica;Saba;2020;3;1;2
1453;Total male and female;Total;Jamaica;Saba;2021;1;1;0
1454;Total male and female;Total;Jamaica;Saba;2022;11;2;9
1455;Total male and female;Total;Jamaica;Saba;2023;4;1;3
1456;Total male and female;Total;The Netherlands;Caribbean Netherlands;2011;597;243;354
1457;Total male and female;Total;The Netherlands;Caribbean Netherlands;2012;484;256;228
1458;Total male and female;Total;The Netherlands;Caribbean Netherlands;2013;579;298;281
1459;Total male and female;Total;The Netherlands;Caribbean Netherlands;2014;466;353;113
1460;Total male and female;Total;The Netherlands;Caribbean Netherlands;2015;481;401;80
1461;Total male and female;Total;The Netherlands;Caribbean Netherlands;2016;511;388;123
1462;Total male and female;Total;The Netherlands;Caribbean Netherlands;2017;537;389;148
1463;Total male and female;Total;The Netherlands;Caribbean Netherlands;2018;502;425;77
1464;Total male and female;Total;The Netherlands;Caribbean Netherlands;2019;537;351;186
1465;Total male and female;Total;The Netherlands;Caribbean Netherlands;2020;585;385;200
1466;Total male and female;Total;The Netherlands;Caribbean Netherlands;2021;573;373;200
1467;Total male and female;Total;The Netherlands;Caribbean Netherlands;2022;886;439;447
1468;Total male and female;Total;The Netherlands;Caribbean Netherlands;2023;578;477;101
1469;Total male and female;Total;The Netherlands;Bonaire;2011;527;198;329
1470;Total male and female;Total;The Netherlands;Bonaire;2012;422;220;202
1471;Total male and female;Total;The Netherlands;Bonaire;2013;483;261;222
1472;Total male and female;Total;The Netherlands;Bonaire;2014;399;308;91
1473;Total male and female;Total;The Netherlands;Bonaire;2015;429;344;85
1474;Total male and female;Total;The Netherlands;Bonaire;2016;460;338;122
1475;Total male and female;Total;The Netherlands;Bonaire;2017;487;349;138
1476;Total male and female;Total;The Netherlands;Bonaire;2018;449;373;76
1477;Total male and female;Total;The Netherlands;Bonaire;2019;495;292;203
1478;Total male and female;Total;The Netherlands;Bonaire;2020;526;344;182
1479;Total male and female;Total;The Netherlands;Bonaire;2021;519;302;217
1480;Total male and female;Total;The Netherlands;Bonaire;2022;839;390;449
1481;Total male and female;Total;The Netherlands;Bonaire;2023;539;421;118
1482;Total male and female;Total;The Netherlands;St Eustatius;2011;51;38;13
1483;Total male and female;Total;The Netherlands;St Eustatius;2012;42;25;17
1484;Total male and female;Total;The Netherlands;St Eustatius;2013;72;21;51
1485;Total male and female;Total;The Netherlands;St Eustatius;2014;35;33;2
1486;Total male and female;Total;The Netherlands;St Eustatius;2015;23;41;-18
1487;Total male and female;Total;The Netherlands;St Eustatius;2016;27;32;-5
1488;Total male and female;Total;The Netherlands;St Eustatius;2017;32;26;6
1489;Total male and female;Total;The Netherlands;St Eustatius;2018;36;37;-1
1490;Total male and female;Total;The Netherlands;St Eustatius;2019;33;32;1
1491;Total male and female;Total;The Netherlands;St Eustatius;2020;33;21;12
1492;Total male and female;Total;The Netherlands;St Eustatius;2021;28;48;-20
1493;Total male and female;Total;The Netherlands;St Eustatius;2022;29;20;9
1494;Total male and female;Total;The Netherlands;St Eustatius;2023;19;39;-20
1495;Total male and female;Total;The Netherlands;Saba;2011;19;7;12
1496;Total male and female;Total;The Netherlands;Saba;2012;20;11;9
1497;Total male and female;Total;The Netherlands;Saba;2013;24;16;8
1498;Total male and female;Total;The Netherlands;Saba;2014;32;12;20
1499;Total male and female;Total;The Netherlands;Saba;2015;29;16;13
1500;Total male and female;Total;The Netherlands;Saba;2016;24;18;6
1501;Total male and female;Total;The Netherlands;Saba;2017;18;14;4
1502;Total male and female;Total;The Netherlands;Saba;2018;17;15;2
1503;Total male and female;Total;The Netherlands;Saba;2019;9;27;-18
1504;Total male and female;Total;The Netherlands;Saba;2020;26;20;6
1505;Total male and female;Total;The Netherlands;Saba;2021;26;23;3
1506;Total male and female;Total;The Netherlands;Saba;2022;18;29;-11
1507;Total male and female;Total;The Netherlands;Saba;2023;20;17;3
1508;Total male and female;Total;Peru;Caribbean Netherlands;2011;34;28;6
1509;Total male and female;Total;Peru;Caribbean Netherlands;2012;48;18;30
1510;Total male and female;Total;Peru;Caribbean Netherlands;2013;43;19;24
1511;Total male and female;Total;Peru;Caribbean Netherlands;2014;18;31;-13
1512;Total male and female;Total;Peru;Caribbean Netherlands;2015;18;17;1
1513;Total male and female;Total;Peru;Caribbean Netherlands;2016;22;127;-105
1514;Total male and female;Total;Peru;Caribbean Netherlands;2017;58;27;31
1515;Total male and female;Total;Peru;Caribbean Netherlands;2018;41;12;29
1516;Total male and female;Total;Peru;Caribbean Netherlands;2019;65;11;54
1517;Total male and female;Total;Peru;Caribbean Netherlands;2020;14;5;9
1518;Total male and female;Total;Peru;Caribbean Netherlands;2021;55;19;36
1519;Total male and female;Total;Peru;Caribbean Netherlands;2022;77;7;70
1520;Total male and female;Total;Peru;Caribbean Netherlands;2023;94;-1;95
1521;Total male and female;Total;Peru;Bonaire;2011;34;28;6
1522;Total male and female;Total;Peru;Bonaire;2012;47;17;30
1523;Total male and female;Total;Peru;Bonaire;2013;43;19;24
1524;Total male and female;Total;Peru;Bonaire;2014;16;30;-14
1525;Total male and female;Total;Peru;Bonaire;2015;18;17;1
1526;Total male and female;Total;Peru;Bonaire;2016;18;127;-109
1527;Total male and female;Total;Peru;Bonaire;2017;56;27;29
1528;Total male and female;Total;Peru;Bonaire;2018;41;6;35
1529;Total male and female;Total;Peru;Bonaire;2019;65;9;56
1530;Total male and female;Total;Peru;Bonaire;2020;14;1;13
1531;Total male and female;Total;Peru;Bonaire;2021;54;19;35
1532;Total male and female;Total;Peru;Bonaire;2022;77;7;70
1533;Total male and female;Total;Peru;Bonaire;2023;91;-1;92
1534;Total male and female;Total;Peru;St Eustatius;2011;0;0;0
1535;Total male and female;Total;Peru;St Eustatius;2012;0;0;0
1536;Total male and female;Total;Peru;St Eustatius;2013;0;0;0
1537;Total male and female;Total;Peru;St Eustatius;2014;2;1;1
1538;Total male and female;Total;Peru;St Eustatius;2015;0;0;0
1539;Total male and female;Total;Peru;St Eustatius;2016;4;0;4
1540;Total male and female;Total;Peru;St Eustatius;2017;2;0;2
1541;Total male and female;Total;Peru;St Eustatius;2018;0;4;-4
1542;Total male and female;Total;Peru;St Eustatius;2019;0;1;-1
1543;Total male and female;Total;Peru;St Eustatius;2020;0;4;-4
1544;Total male and female;Total;Peru;St Eustatius;2021;0;0;0
1545;Total male and female;Total;Peru;St Eustatius;2022;0;0;0
1546;Total male and female;Total;Peru;St Eustatius;2023;1;0;1
1547;Total male and female;Total;Peru;Saba;2011;0;0;0
1548;Total male and female;Total;Peru;Saba;2012;1;1;0
1549;Total male and female;Total;Peru;Saba;2013;0;0;0
1550;Total male and female;Total;Peru;Saba;2014;0;0;0
1551;Total male and female;Total;Peru;Saba;2015;0;0;0
1552;Total male and female;Total;Peru;Saba;2016;0;0;0
1553;Total male and female;Total;Peru;Saba;2017;0;0;0
1554;Total male and female;Total;Peru;Saba;2018;0;2;-2
1555;Total male and female;Total;Peru;Saba;2019;0;1;-1
1556;Total male and female;Total;Peru;Saba;2020;0;0;0
1557;Total male and female;Total;Peru;Saba;2021;1;0;1
1558;Total male and female;Total;Peru;Saba;2022;0;0;0
1559;Total male and female;Total;Peru;Saba;2023;2;0;2
1560;Total male and female;Total;St Eustatius;Caribbean Netherlands;2011;32;36;-4
1561;Total male and female;Total;St Eustatius;Caribbean Netherlands;2012;31;33;-2
1562;Total male and female;Total;St Eustatius;Caribbean Netherlands;2013;43;43;0
1563;Total male and female;Total;St Eustatius;Caribbean Netherlands;2014;19;27;-8
1564;Total male and female;Total;St Eustatius;Caribbean Netherlands;2015;22;31;-9
1565;Total male and female;Total;St Eustatius;Caribbean Netherlands;2016;33;23;10
1566;Total male and female;Total;St Eustatius;Caribbean Netherlands;2017;31;22;9
1567;Total male and female;Total;St Eustatius;Caribbean Netherlands;2018;16;57;-41
1568;Total male and female;Total;St Eustatius;Caribbean Netherlands;2019;19;28;-9
1569;Total male and female;Total;St Eustatius;Caribbean Netherlands;2020;18;19;-1
1570;Total male and female;Total;St Eustatius;Caribbean Netherlands;2021;24;27;-3
1571;Total male and female;Total;St Eustatius;Caribbean Netherlands;2022;12;29;-17
1572;Total male and female;Total;St Eustatius;Caribbean Netherlands;2023;23;47;-24
1573;Total male and female;Total;St Eustatius;Bonaire;2011;0;0;0
1574;Total male and female;Total;St Eustatius;Bonaire;2012;1;0;1
1575;Total male and female;Total;St Eustatius;Bonaire;2013;1;0;1
1576;Total male and female;Total;St Eustatius;Bonaire;2014;0;0;0
1577;Total male and female;Total;St Eustatius;Bonaire;2015;0;1;-1
1578;Total male and female;Total;St Eustatius;Bonaire;2016;0;0;0
1579;Total male and female;Total;St Eustatius;Bonaire;2017;1;0;1
1580;Total male and female;Total;St Eustatius;Bonaire;2018;0;0;0
1581;Total male and female;Total;St Eustatius;Bonaire;2019;0;3;-3
1582;Total male and female;Total;St Eustatius;Bonaire;2020;0;0;0
1583;Total male and female;Total;St Eustatius;Bonaire;2021;1;1;0
1584;Total male and female;Total;St Eustatius;Bonaire;2022;0;1;-1
1585;Total male and female;Total;St Eustatius;Bonaire;2023;0;0;0
1586;Total male and female;Total;St Eustatius;St Eustatius;2011;32;35;-3
1587;Total male and female;Total;St Eustatius;St Eustatius;2012;30;33;-3
1588;Total male and female;Total;St Eustatius;St Eustatius;2013;42;43;-1
1589;Total male and female;Total;St Eustatius;St Eustatius;2014;19;27;-8
1590;Total male and female;Total;St Eustatius;St Eustatius;2015;22;30;-8
1591;Total male and female;Total;St Eustatius;St Eustatius;2016;33;23;10
1592;Total male and female;Total;St Eustatius;St Eustatius;2017;30;22;8
1593;Total male and female;Total;St Eustatius;St Eustatius;2018;16;57;-41
1594;Total male and female;Total;St Eustatius;St Eustatius;2019;19;25;-6
1595;Total male and female;Total;St Eustatius;St Eustatius;2020;18;19;-1
1596;Total male and female;Total;St Eustatius;St Eustatius;2021;23;26;-3
1597;Total male and female;Total;St Eustatius;St Eustatius;2022;12;28;-16
1598;Total male and female;Total;St Eustatius;St Eustatius;2023;23;47;-24
1599;Total male and female;Total;St Eustatius;Saba;2011;0;1;-1
1600;Total male and female;Total;St Eustatius;Saba;2012;0;0;0
1601;Total male and female;Total;St Eustatius;Saba;2013;0;0;0
1602;Total male and female;Total;St Eustatius;Saba;2014;0;0;0
1603;Total male and female;Total;St Eustatius;Saba;2015;0;0;0
1604;Total male and female;Total;St Eustatius;Saba;2016;0;0;0
1605;Total male and female;Total;St Eustatius;Saba;2017;0;0;0
1606;Total male and female;Total;St Eustatius;Saba;2018;0;0;0
1607;Total male and female;Total;St Eustatius;Saba;2019;0;0;0
1608;Total male and female;Total;St Eustatius;Saba;2020;0;0;0
1609;Total male and female;Total;St Eustatius;Saba;2021;0;0;0
1610;Total male and female;Total;St Eustatius;Saba;2022;0;0;0
1611;Total male and female;Total;St Eustatius;Saba;2023;0;0;0
1612;Total male and female;Total;St Kitts and Nevis;Caribbean Netherlands;2011;2;5;-3
1613;Total male and female;Total;St Kitts and Nevis;Caribbean Netherlands;2012;8;2;6
1614;Total male and female;Total;St Kitts and Nevis;Caribbean Netherlands;2013;9;7;2
1615;Total male and female;Total;St Kitts and Nevis;Caribbean Netherlands;2014;3;2;1
1616;Total male and female;Total;St Kitts and Nevis;Caribbean Netherlands;2015;8;13;-5
1617;Total male and female;Total;St Kitts and Nevis;Caribbean Netherlands;2016;5;3;2
1618;Total male and female;Total;St Kitts and Nevis;Caribbean Netherlands;2017;4;7;-3
1619;Total male and female;Total;St Kitts and Nevis;Caribbean Netherlands;2018;6;22;-16
1620;Total male and female;Total;St Kitts and Nevis;Caribbean Netherlands;2019;4;9;-5
1621;Total male and female;Total;St Kitts and Nevis;Caribbean Netherlands;2020;2;0;2
1622;Total male and female;Total;St Kitts and Nevis;Caribbean Netherlands;2021;5;2;3
1623;Total male and female;Total;St Kitts and Nevis;Caribbean Netherlands;2022;5;2;3
1624;Total male and female;Total;St Kitts and Nevis;Caribbean Netherlands;2023;6;3;3
1625;Total male and female;Total;St Kitts and Nevis;Bonaire;2011;0;0;0
1626;Total male and female;Total;St Kitts and Nevis;Bonaire;2012;0;0;0
1627;Total male and female;Total;St Kitts and Nevis;Bonaire;2013;0;0;0
1628;Total male and female;Total;St Kitts and Nevis;Bonaire;2014;0;0;0
1629;Total male and female;Total;St Kitts and Nevis;Bonaire;2015;1;0;1
1630;Total male and female;Total;St Kitts and Nevis;Bonaire;2016;1;0;1
1631;Total male and female;Total;St Kitts and Nevis;Bonaire;2017;0;0;0
1632;Total male and female;Total;St Kitts and Nevis;Bonaire;2018;3;2;1
1633;Total male and female;Total;St Kitts and Nevis;Bonaire;2019;0;0;0
1634;Total male and female;Total;St Kitts and Nevis;Bonaire;2020;0;0;0
1635;Total male and female;Total;St Kitts and Nevis;Bonaire;2021;0;1;-1
1636;Total male and female;Total;St Kitts and Nevis;Bonaire;2022;0;0;0
1637;Total male and female;Total;St Kitts and Nevis;Bonaire;2023;1;0;1
1638;Total male and female;Total;St Kitts and Nevis;St Eustatius;2011;2;4;-2
1639;Total male and female;Total;St Kitts and Nevis;St Eustatius;2012;8;2;6
1640;Total male and female;Total;St Kitts and Nevis;St Eustatius;2013;9;7;2
1641;Total male and female;Total;St Kitts and Nevis;St Eustatius;2014;3;2;1
1642;Total male and female;Total;St Kitts and Nevis;St Eustatius;2015;7;13;-6
1643;Total male and female;Total;St Kitts and Nevis;St Eustatius;2016;4;3;1
1644;Total male and female;Total;St Kitts and Nevis;St Eustatius;2017;4;7;-3
1645;Total male and female;Total;St Kitts and Nevis;St Eustatius;2018;3;20;-17
1646;Total male and female;Total;St Kitts and Nevis;St Eustatius;2019;4;9;-5
1647;Total male and female;Total;St Kitts and Nevis;St Eustatius;2020;2;0;2
1648;Total male and female;Total;St Kitts and Nevis;St Eustatius;2021;3;1;2
1649;Total male and female;Total;St Kitts and Nevis;St Eustatius;2022;5;2;3
1650;Total male and female;Total;St Kitts and Nevis;St Eustatius;2023;5;3;2
1651;Total male and female;Total;St Kitts and Nevis;Saba;2011;0;1;-1
1652;Total male and female;Total;St Kitts and Nevis;Saba;2012;0;0;0
1653;Total male and female;Total;St Kitts and Nevis;Saba;2013;0;0;0
1654;Total male and female;Total;St Kitts and Nevis;Saba;2014;0;0;0
1655;Total male and female;Total;St Kitts and Nevis;Saba;2015;0;0;0
1656;Total male and female;Total;St Kitts and Nevis;Saba;2016;0;0;0
1657;Total male and female;Total;St Kitts and Nevis;Saba;2017;0;0;0
1658;Total male and female;Total;St Kitts and Nevis;Saba;2018;0;0;0
1659;Total male and female;Total;St Kitts and Nevis;Saba;2019;0;0;0
1660;Total male and female;Total;St Kitts and Nevis;Saba;2020;0;0;0
1661;Total male and female;Total;St Kitts and Nevis;Saba;2021;2;0;2
1662;Total male and female;Total;St Kitts and Nevis;Saba;2022;0;0;0
1663;Total male and female;Total;St Kitts and Nevis;Saba;2023;0;0;0
1664;Total male and female;Total;Saba;Caribbean Netherlands;2011;14;16;-2
1665;Total male and female;Total;Saba;Caribbean Netherlands;2012;11;12;-1
1666;Total male and female;Total;Saba;Caribbean Netherlands;2013;16;13;3
1667;Total male and female;Total;Saba;Caribbean Netherlands;2014;11;12;-1
1668;Total male and female;Total;Saba;Caribbean Netherlands;2015;12;4;8
1669;Total male and female;Total;Saba;Caribbean Netherlands;2016;11;15;-4
1670;Total male and female;Total;Saba;Caribbean Netherlands;2017;6;6;0
1671;Total male and female;Total;Saba;Caribbean Netherlands;2018;4;8;-4
1672;Total male and female;Total;Saba;Caribbean Netherlands;2019;5;8;-3
1673;Total male and female;Total;Saba;Caribbean Netherlands;2020;7;10;-3
1674;Total male and female;Total;Saba;Caribbean Netherlands;2021;9;7;2
1675;Total male and female;Total;Saba;Caribbean Netherlands;2022;5;9;-4
1676;Total male and female;Total;Saba;Caribbean Netherlands;2023;5;7;-2
1677;Total male and female;Total;Saba;Bonaire;2011;0;0;0
1678;Total male and female;Total;Saba;Bonaire;2012;0;0;0
1679;Total male and female;Total;Saba;Bonaire;2013;0;0;0
1680;Total male and female;Total;Saba;Bonaire;2014;0;1;-1
1681;Total male and female;Total;Saba;Bonaire;2015;0;1;-1
1682;Total male and female;Total;Saba;Bonaire;2016;1;0;1
1683;Total male and female;Total;Saba;Bonaire;2017;0;0;0
1684;Total male and female;Total;Saba;Bonaire;2018;0;0;0
1685;Total male and female;Total;Saba;Bonaire;2019;0;0;0
1686;Total male and female;Total;Saba;Bonaire;2020;0;0;0
1687;Total male and female;Total;Saba;Bonaire;2021;0;0;0
1688;Total male and female;Total;Saba;Bonaire;2022;0;0;0
1689;Total male and female;Total;Saba;Bonaire;2023;0;0;0
1690;Total male and female;Total;Saba;St Eustatius;2011;0;0;0
1691;Total male and female;Total;Saba;St Eustatius;2012;0;1;-1
1692;Total male and female;Total;Saba;St Eustatius;2013;1;0;1
1693;Total male and female;Total;Saba;St Eustatius;2014;0;2;-2
1694;Total male and female;Total;Saba;St Eustatius;2015;0;0;0
1695;Total male and female;Total;Saba;St Eustatius;2016;0;0;0
1696;Total male and female;Total;Saba;St Eustatius;2017;0;0;0
1697;Total male and female;Total;Saba;St Eustatius;2018;0;0;0
1698;Total male and female;Total;Saba;St Eustatius;2019;0;0;0
1699;Total male and female;Total;Saba;St Eustatius;2020;0;0;0
1700;Total male and female;Total;Saba;St Eustatius;2021;0;0;0
1701;Total male and female;Total;Saba;St Eustatius;2022;0;0;0
1702;Total male and female;Total;Saba;St Eustatius;2023;0;0;0
1703;Total male and female;Total;Saba;Saba;2011;14;16;-2
1704;Total male and female;Total;Saba;Saba;2012;11;11;0
1705;Total male and female;Total;Saba;Saba;2013;15;13;2
1706;Total male and female;Total;Saba;Saba;2014;11;9;2
1707;Total male and female;Total;Saba;Saba;2015;12;3;9
1708;Total male and female;Total;Saba;Saba;2016;10;15;-5
1709;Total male and female;Total;Saba;Saba;2017;6;6;0
1710;Total male and female;Total;Saba;Saba;2018;4;8;-4
1711;Total male and female;Total;Saba;Saba;2019;5;8;-3
1712;Total male and female;Total;Saba;Saba;2020;7;10;-3
1713;Total male and female;Total;Saba;Saba;2021;9;7;2
1714;Total male and female;Total;Saba;Saba;2022;5;9;-4
1715;Total male and female;Total;Saba;Saba;2023;5;7;-2
1716;Total male and female;Total;St Maarten (Dutch part);Caribbean Netherlands;2011;27;30;-3
1717;Total male and female;Total;St Maarten (Dutch part);Caribbean Netherlands;2012;27;28;-1
1718;Total male and female;Total;St Maarten (Dutch part);Caribbean Netherlands;2013;26;47;-21
1719;Total male and female;Total;St Maarten (Dutch part);Caribbean Netherlands;2014;35;34;1
1720;Total male and female;Total;St Maarten (Dutch part);Caribbean Netherlands;2015;22;29;-7
1721;Total male and female;Total;St Maarten (Dutch part);Caribbean Netherlands;2016;31;32;-1
1722;Total male and female;Total;St Maarten (Dutch part);Caribbean Netherlands;2017;35;23;12
1723;Total male and female;Total;St Maarten (Dutch part);Caribbean Netherlands;2018;48;60;-12
1724;Total male and female;Total;St Maarten (Dutch part);Caribbean Netherlands;2019;18;38;-20
1725;Total male and female;Total;St Maarten (Dutch part);Caribbean Netherlands;2020;21;28;-7
1726;Total male and female;Total;St Maarten (Dutch part);Caribbean Netherlands;2021;37;25;12
1727;Total male and female;Total;St Maarten (Dutch part);Caribbean Netherlands;2022;28;36;-8
1728;Total male and female;Total;St Maarten (Dutch part);Caribbean Netherlands;2023;36;67;-31
1729;Total male and female;Total;St Maarten (Dutch part);Bonaire;2011;2;3;-1
1730;Total male and female;Total;St Maarten (Dutch part);Bonaire;2012;4;3;1
1731;Total male and female;Total;St Maarten (Dutch part);Bonaire;2013;2;5;-3
1732;Total male and female;Total;St Maarten (Dutch part);Bonaire;2014;6;0;6
1733;Total male and female;Total;St Maarten (Dutch part);Bonaire;2015;1;3;-2
1734;Total male and female;Total;St Maarten (Dutch part);Bonaire;2016;5;5;0
1735;Total male and female;Total;St Maarten (Dutch part);Bonaire;2017;4;2;2
1736;Total male and female;Total;St Maarten (Dutch part);Bonaire;2018;4;3;1
1737;Total male and female;Total;St Maarten (Dutch part);Bonaire;2019;4;3;1
1738;Total male and female;Total;St Maarten (Dutch part);Bonaire;2020;2;4;-2
1739;Total male and female;Total;St Maarten (Dutch part);Bonaire;2021;5;4;1
1740;Total male and female;Total;St Maarten (Dutch part);Bonaire;2022;3;2;1
1741;Total male and female;Total;St Maarten (Dutch part);Bonaire;2023;6;7;-1
1742;Total male and female;Total;St Maarten (Dutch part);St Eustatius;2011;10;16;-6
1743;Total male and female;Total;St Maarten (Dutch part);St Eustatius;2012;18;15;3
1744;Total male and female;Total;St Maarten (Dutch part);St Eustatius;2013;18;34;-16
1745;Total male and female;Total;St Maarten (Dutch part);St Eustatius;2014;15;23;-8
1746;Total male and female;Total;St Maarten (Dutch part);St Eustatius;2015;15;22;-7
1747;Total male and female;Total;St Maarten (Dutch part);St Eustatius;2016;14;16;-2
1748;Total male and female;Total;St Maarten (Dutch part);St Eustatius;2017;17;12;5
1749;Total male and female;Total;St Maarten (Dutch part);St Eustatius;2018;26;33;-7
1750;Total male and female;Total;St Maarten (Dutch part);St Eustatius;2019;8;19;-11
1751;Total male and female;Total;St Maarten (Dutch part);St Eustatius;2020;13;15;-2
1752;Total male and female;Total;St Maarten (Dutch part);St Eustatius;2021;22;11;11
1753;Total male and female;Total;St Maarten (Dutch part);St Eustatius;2022;14;20;-6
1754;Total male and female;Total;St Maarten (Dutch part);St Eustatius;2023;17;47;-30
1755;Total male and female;Total;St Maarten (Dutch part);Saba;2011;15;11;4
1756;Total male and female;Total;St Maarten (Dutch part);Saba;2012;5;10;-5
1757;Total male and female;Total;St Maarten (Dutch part);Saba;2013;6;8;-2
1758;Total male and female;Total;St Maarten (Dutch part);Saba;2014;14;11;3
1759;Total male and female;Total;St Maarten (Dutch part);Saba;2015;6;4;2
1760;Total male and female;Total;St Maarten (Dutch part);Saba;2016;12;11;1
1761;Total male and female;Total;St Maarten (Dutch part);Saba;2017;14;9;5
1762;Total male and female;Total;St Maarten (Dutch part);Saba;2018;18;24;-6
1763;Total male and female;Total;St Maarten (Dutch part);Saba;2019;6;16;-10
1764;Total male and female;Total;St Maarten (Dutch part);Saba;2020;6;9;-3
1765;Total male and female;Total;St Maarten (Dutch part);Saba;2021;10;10;0
1766;Total male and female;Total;St Maarten (Dutch part);Saba;2022;11;14;-3
1767;Total male and female;Total;St Maarten (Dutch part);Saba;2023;13;13;0
1768;Total male and female;Total;Surinam;Caribbean Netherlands;2011;49;20;29
1769;Total male and female;Total;Surinam;Caribbean Netherlands;2012;34;19;15
1770;Total male and female;Total;Surinam;Caribbean Netherlands;2013;31;12;19
1771;Total male and female;Total;Surinam;Caribbean Netherlands;2014;30;27;3
1772;Total male and female;Total;Surinam;Caribbean Netherlands;2015;37;30;7
1773;Total male and female;Total;Surinam;Caribbean Netherlands;2016;37;27;10
1774;Total male and female;Total;Surinam;Caribbean Netherlands;2017;33;31;2
1775;Total male and female;Total;Surinam;Caribbean Netherlands;2018;25;22;3
1776;Total male and female;Total;Surinam;Caribbean Netherlands;2019;37;13;24
1777;Total male and female;Total;Surinam;Caribbean Netherlands;2020;21;19;2
1778;Total male and female;Total;Surinam;Caribbean Netherlands;2021;43;18;25
1779;Total male and female;Total;Surinam;Caribbean Netherlands;2022;71;15;56
1780;Total male and female;Total;Surinam;Caribbean Netherlands;2023;78;36;42
1781;Total male and female;Total;Surinam;Bonaire;2011;38;11;27
1782;Total male and female;Total;Surinam;Bonaire;2012;29;13;16
1783;Total male and female;Total;Surinam;Bonaire;2013;25;6;19
1784;Total male and female;Total;Surinam;Bonaire;2014;17;18;-1
1785;Total male and female;Total;Surinam;Bonaire;2015;27;19;8
1786;Total male and female;Total;Surinam;Bonaire;2016;24;22;2
1787;Total male and female;Total;Surinam;Bonaire;2017;28;21;7
1788;Total male and female;Total;Surinam;Bonaire;2018;23;16;7
1789;Total male and female;Total;Surinam;Bonaire;2019;26;11;15
1790;Total male and female;Total;Surinam;Bonaire;2020;15;17;-2
1791;Total male and female;Total;Surinam;Bonaire;2021;31;12;19
1792;Total male and female;Total;Surinam;Bonaire;2022;59;12;47
1793;Total male and female;Total;Surinam;Bonaire;2023;48;21;27
1794;Total male and female;Total;Surinam;St Eustatius;2011;10;2;8
1795;Total male and female;Total;Surinam;St Eustatius;2012;0;2;-2
1796;Total male and female;Total;Surinam;St Eustatius;2013;3;6;-3
1797;Total male and female;Total;Surinam;St Eustatius;2014;9;7;2
1798;Total male and female;Total;Surinam;St Eustatius;2015;9;8;1
1799;Total male and female;Total;Surinam;St Eustatius;2016;13;4;9
1800;Total male and female;Total;Surinam;St Eustatius;2017;4;10;-6
1801;Total male and female;Total;Surinam;St Eustatius;2018;2;6;-4
1802;Total male and female;Total;Surinam;St Eustatius;2019;3;2;1
1803;Total male and female;Total;Surinam;St Eustatius;2020;1;2;-1
1804;Total male and female;Total;Surinam;St Eustatius;2021;8;4;4
1805;Total male and female;Total;Surinam;St Eustatius;2022;6;2;4
1806;Total male and female;Total;Surinam;St Eustatius;2023;16;9;7
1807;Total male and female;Total;Surinam;Saba;2011;1;7;-6
1808;Total male and female;Total;Surinam;Saba;2012;5;4;1
1809;Total male and female;Total;Surinam;Saba;2013;3;0;3
1810;Total male and female;Total;Surinam;Saba;2014;4;2;2
1811;Total male and female;Total;Surinam;Saba;2015;1;3;-2
1812;Total male and female;Total;Surinam;Saba;2016;0;1;-1
1813;Total male and female;Total;Surinam;Saba;2017;1;0;1
1814;Total male and female;Total;Surinam;Saba;2018;0;0;0
1815;Total male and female;Total;Surinam;Saba;2019;8;0;8
1816;Total male and female;Total;Surinam;Saba;2020;5;0;5
1817;Total male and female;Total;Surinam;Saba;2021;4;2;2
1818;Total male and female;Total;Surinam;Saba;2022;6;1;5
1819;Total male and female;Total;Surinam;Saba;2023;14;6;8
1820;Total male and female;Total;Trinidad and Tobago;Caribbean Netherlands;2011;1;1;0
1821;Total male and female;Total;Trinidad and Tobago;Caribbean Netherlands;2012;10;4;6
1822;Total male and female;Total;Trinidad and Tobago;Caribbean Netherlands;2013;5;2;3
1823;Total male and female;Total;Trinidad and Tobago;Caribbean Netherlands;2014;4;5;-1
1824;Total male and female;Total;Trinidad and Tobago;Caribbean Netherlands;2015;1;76;-75
1825;Total male and female;Total;Trinidad and Tobago;Caribbean Netherlands;2016;5;2;3
1826;Total male and female;Total;Trinidad and Tobago;Caribbean Netherlands;2017;5;5;0
1827;Total male and female;Total;Trinidad and Tobago;Caribbean Netherlands;2018;6;9;-3
1828;Total male and female;Total;Trinidad and Tobago;Caribbean Netherlands;2019;6;7;-1
1829;Total male and female;Total;Trinidad and Tobago;Caribbean Netherlands;2020;2;5;-3
1830;Total male and female;Total;Trinidad and Tobago;Caribbean Netherlands;2021;3;4;-1
1831;Total male and female;Total;Trinidad and Tobago;Caribbean Netherlands;2022;16;2;14
1832;Total male and female;Total;Trinidad and Tobago;Caribbean Netherlands;2023;9;6;3
1833;Total male and female;Total;Trinidad and Tobago;Bonaire;2011;0;0;0
1834;Total male and female;Total;Trinidad and Tobago;Bonaire;2012;1;2;-1
1835;Total male and female;Total;Trinidad and Tobago;Bonaire;2013;3;0;3
1836;Total male and female;Total;Trinidad and Tobago;Bonaire;2014;1;0;1
1837;Total male and female;Total;Trinidad and Tobago;Bonaire;2015;0;0;0
1838;Total male and female;Total;Trinidad and Tobago;Bonaire;2016;1;2;-1
1839;Total male and female;Total;Trinidad and Tobago;Bonaire;2017;0;3;-3
1840;Total male and female;Total;Trinidad and Tobago;Bonaire;2018;2;0;2
1841;Total male and female;Total;Trinidad and Tobago;Bonaire;2019;1;1;0
1842;Total male and female;Total;Trinidad and Tobago;Bonaire;2020;0;1;-1
1843;Total male and female;Total;Trinidad and Tobago;Bonaire;2021;1;3;-2
1844;Total male and female;Total;Trinidad and Tobago;Bonaire;2022;5;-2;7
1845;Total male and female;Total;Trinidad and Tobago;Bonaire;2023;1;0;1
1846;Total male and female;Total;Trinidad and Tobago;St Eustatius;2011;0;1;-1
1847;Total male and female;Total;Trinidad and Tobago;St Eustatius;2012;9;0;9
1848;Total male and female;Total;Trinidad and Tobago;St Eustatius;2013;2;1;1
1849;Total male and female;Total;Trinidad and Tobago;St Eustatius;2014;2;4;-2
1850;Total male and female;Total;Trinidad and Tobago;St Eustatius;2015;1;76;-75
1851;Total male and female;Total;Trinidad and Tobago;St Eustatius;2016;1;0;1
1852;Total male and female;Total;Trinidad and Tobago;St Eustatius;2017;4;1;3
1853;Total male and female;Total;Trinidad and Tobago;St Eustatius;2018;2;7;-5
1854;Total male and female;Total;Trinidad and Tobago;St Eustatius;2019;2;4;-2
1855;Total male and female;Total;Trinidad and Tobago;St Eustatius;2020;1;3;-2
1856;Total male and female;Total;Trinidad and Tobago;St Eustatius;2021;1;0;1
1857;Total male and female;Total;Trinidad and Tobago;St Eustatius;2022;7;4;3
1858;Total male and female;Total;Trinidad and Tobago;St Eustatius;2023;4;6;-2
1859;Total male and female;Total;Trinidad and Tobago;Saba;2011;1;0;1
1860;Total male and female;Total;Trinidad and Tobago;Saba;2012;0;2;-2
1861;Total male and female;Total;Trinidad and Tobago;Saba;2013;0;1;-1
1862;Total male and female;Total;Trinidad and Tobago;Saba;2014;1;1;0
1863;Total male and female;Total;Trinidad and Tobago;Saba;2015;0;0;0
1864;Total male and female;Total;Trinidad and Tobago;Saba;2016;3;0;3
1865;Total male and female;Total;Trinidad and Tobago;Saba;2017;1;1;0
1866;Total male and female;Total;Trinidad and Tobago;Saba;2018;2;2;0
1867;Total male and female;Total;Trinidad and Tobago;Saba;2019;3;2;1
1868;Total male and female;Total;Trinidad and Tobago;Saba;2020;1;1;0
1869;Total male and female;Total;Trinidad and Tobago;Saba;2021;1;1;0
1870;Total male and female;Total;Trinidad and Tobago;Saba;2022;4;0;4
1871;Total male and female;Total;Trinidad and Tobago;Saba;2023;4;0;4
1872;Total male and female;Total;Venezuela;Caribbean Netherlands;2011;45;13;32
1873;Total male and female;Total;Venezuela;Caribbean Netherlands;2012;43;20;23
1874;Total male and female;Total;Venezuela;Caribbean Netherlands;2013;30;12;18
1875;Total male and female;Total;Venezuela;Caribbean Netherlands;2014;27;18;9
1876;Total male and female;Total;Venezuela;Caribbean Netherlands;2015;61;20;41
1877;Total male and female;Total;Venezuela;Caribbean Netherlands;2016;92;52;40
1878;Total male and female;Total;Venezuela;Caribbean Netherlands;2017;97;49;48
1879;Total male and female;Total;Venezuela;Caribbean Netherlands;2018;115;25;90
1880;Total male and female;Total;Venezuela;Caribbean Netherlands;2019;91;18;73
1881;Total male and female;Total;Venezuela;Caribbean Netherlands;2020;75;18;57
1882;Total male and female;Total;Venezuela;Caribbean Netherlands;2021;122;46;76
1883;Total male and female;Total;Venezuela;Caribbean Netherlands;2022;137;13;124
1884;Total male and female;Total;Venezuela;Caribbean Netherlands;2023;143;28;115
1885;Total male and female;Total;Venezuela;Bonaire;2011;37;12;25
1886;Total male and female;Total;Venezuela;Bonaire;2012;39;19;20
1887;Total male and female;Total;Venezuela;Bonaire;2013;27;11;16
1888;Total male and female;Total;Venezuela;Bonaire;2014;26;12;14
1889;Total male and female;Total;Venezuela;Bonaire;2015;57;4;53
1890;Total male and female;Total;Venezuela;Bonaire;2016;88;51;37
1891;Total male and female;Total;Venezuela;Bonaire;2017;88;49;39
1892;Total male and female;Total;Venezuela;Bonaire;2018;108;19;89
1893;Total male and female;Total;Venezuela;Bonaire;2019;88;18;70
1894;Total male and female;Total;Venezuela;Bonaire;2020;75;13;62
1895;Total male and female;Total;Venezuela;Bonaire;2021;114;44;70
1896;Total male and female;Total;Venezuela;Bonaire;2022;136;13;123
1897;Total male and female;Total;Venezuela;Bonaire;2023;143;19;124
1898;Total male and female;Total;Venezuela;St Eustatius;2011;7;0;7
1899;Total male and female;Total;Venezuela;St Eustatius;2012;3;1;2
1900;Total male and female;Total;Venezuela;St Eustatius;2013;3;0;3
1901;Total male and female;Total;Venezuela;St Eustatius;2014;0;4;-4
1902;Total male and female;Total;Venezuela;St Eustatius;2015;2;16;-14
1903;Total male and female;Total;Venezuela;St Eustatius;2016;3;1;2
1904;Total male and female;Total;Venezuela;St Eustatius;2017;8;0;8
1905;Total male and female;Total;Venezuela;St Eustatius;2018;4;3;1
1906;Total male and female;Total;Venezuela;St Eustatius;2019;3;0;3
1907;Total male and female;Total;Venezuela;St Eustatius;2020;0;5;-5
1908;Total male and female;Total;Venezuela;St Eustatius;2021;7;0;7
1909;Total male and female;Total;Venezuela;St Eustatius;2022;0;0;0
1910;Total male and female;Total;Venezuela;St Eustatius;2023;0;8;-8
1911;Total male and female;Total;Venezuela;Saba;2011;1;1;0
1912;Total male and female;Total;Venezuela;Saba;2012;1;0;1
1913;Total male and female;Total;Venezuela;Saba;2013;0;1;-1
1914;Total male and female;Total;Venezuela;Saba;2014;1;2;-1
1915;Total male and female;Total;Venezuela;Saba;2015;2;0;2
1916;Total male and female;Total;Venezuela;Saba;2016;1;0;1
1917;Total male and female;Total;Venezuela;Saba;2017;1;0;1
1918;Total male and female;Total;Venezuela;Saba;2018;3;3;0
1919;Total male and female;Total;Venezuela;Saba;2019;0;0;0
1920;Total male and female;Total;Venezuela;Saba;2020;0;0;0
1921;Total male and female;Total;Venezuela;Saba;2021;1;2;-1
1922;Total male and female;Total;Venezuela;Saba;2022;1;0;1
1923;Total male and female;Total;Venezuela;Saba;2023;0;1;-1
1924;Total male and female;Total;United States of America;Caribbean Netherlands;2011;223;74;149
1925;Total male and female;Total;United States of America;Caribbean Netherlands;2012;221;138;83
1926;Total male and female;Total;United States of America;Caribbean Netherlands;2013;141;134;7
1927;Total male and female;Total;United States of America;Caribbean Netherlands;2014;115;170;-55
1928;Total male and female;Total;United States of America;Caribbean Netherlands;2015;114;294;-180
1929;Total male and female;Total;United States of America;Caribbean Netherlands;2016;126;269;-143
1930;Total male and female;Total;United States of America;Caribbean Netherlands;2017;121;89;32
1931;Total male and female;Total;United States of America;Caribbean Netherlands;2018;104;152;-48
1932;Total male and female;Total;United States of America;Caribbean Netherlands;2019;124;79;45
1933;Total male and female;Total;United States of America;Caribbean Netherlands;2020;84;32;52
1934;Total male and female;Total;United States of America;Caribbean Netherlands;2021;78;59;19
1935;Total male and female;Total;United States of America;Caribbean Netherlands;2022;157;33;124
1936;Total male and female;Total;United States of America;Caribbean Netherlands;2023;112;65;47
1937;Total male and female;Total;United States of America;Bonaire;2011;105;21;84
1938;Total male and female;Total;United States of America;Bonaire;2012;86;25;61
1939;Total male and female;Total;United States of America;Bonaire;2013;69;2;67
1940;Total male and female;Total;United States of America;Bonaire;2014;45;31;14
1941;Total male and female;Total;United States of America;Bonaire;2015;38;25;13
1942;Total male and female;Total;United States of America;Bonaire;2016;30;225;-195
1943;Total male and female;Total;United States of America;Bonaire;2017;46;44;2
1944;Total male and female;Total;United States of America;Bonaire;2018;37;9;28
1945;Total male and female;Total;United States of America;Bonaire;2019;57;9;48
1946;Total male and female;Total;United States of America;Bonaire;2020;47;7;40
1947;Total male and female;Total;United States of America;Bonaire;2021;42;8;34
1948;Total male and female;Total;United States of America;Bonaire;2022;100;3;97
1949;Total male and female;Total;United States of America;Bonaire;2023;60;4;56
1950;Total male and female;Total;United States of America;St Eustatius;2011;29;15;14
1951;Total male and female;Total;United States of America;St Eustatius;2012;35;12;23
1952;Total male and female;Total;United States of America;St Eustatius;2013;26;30;-4
1953;Total male and female;Total;United States of America;St Eustatius;2014;11;70;-59
1954;Total male and female;Total;United States of America;St Eustatius;2015;9;236;-227
1955;Total male and female;Total;United States of America;St Eustatius;2016;3;2;1
1956;Total male and female;Total;United States of America;St Eustatius;2017;5;11;-6
1957;Total male and female;Total;United States of America;St Eustatius;2018;6;31;-25
1958;Total male and female;Total;United States of America;St Eustatius;2019;6;7;-1
1959;Total male and female;Total;United States of America;St Eustatius;2020;4;1;3
1960;Total male and female;Total;United States of America;St Eustatius;2021;3;3;0
1961;Total male and female;Total;United States of America;St Eustatius;2022;13;4;9
1962;Total male and female;Total;United States of America;St Eustatius;2023;3;16;-13
1963;Total male and female;Total;United States of America;Saba;2011;89;38;51
1964;Total male and female;Total;United States of America;Saba;2012;100;101;-1
1965;Total male and female;Total;United States of America;Saba;2013;46;102;-56
1966;Total male and female;Total;United States of America;Saba;2014;59;69;-10
1967;Total male and female;Total;United States of America;Saba;2015;67;33;34
1968;Total male and female;Total;United States of America;Saba;2016;93;42;51
1969;Total male and female;Total;United States of America;Saba;2017;70;34;36
1970;Total male and female;Total;United States of America;Saba;2018;61;112;-51
1971;Total male and female;Total;United States of America;Saba;2019;61;63;-2
1972;Total male and female;Total;United States of America;Saba;2020;33;24;9
1973;Total male and female;Total;United States of America;Saba;2021;33;48;-15
1974;Total male and female;Total;United States of America;Saba;2022;44;26;18
1975;Total male and female;Total;United States of America;Saba;2023;49;45;4
1976;Total male and female;Total;Other Asia;Caribbean Netherlands;2011;176;108;68
1977;Total male and female;Total;Other Asia;Caribbean Netherlands;2012;183;146;37
1978;Total male and female;Total;Other Asia;Caribbean Netherlands;2013;124;135;-11
1979;Total male and female;Total;Other Asia;Caribbean Netherlands;2014;89;137;-48
1980;Total male and female;Total;Other Asia;Caribbean Netherlands;2015;89;125;-36
1981;Total male and female;Total;Other Asia;Caribbean Netherlands;2016;75;193;-118
1982;Total male and female;Total;Other Asia;Caribbean Netherlands;2017;76;48;28
1983;Total male and female;Total;Other Asia;Caribbean Netherlands;2018;62;107;-45
1984;Total male and female;Total;Other Asia;Caribbean Netherlands;2019;55;47;8
1985;Total male and female;Total;Other Asia;Caribbean Netherlands;2020;27;30;-3
1986;Total male and female;Total;Other Asia;Caribbean Netherlands;2021;39;40;-1
1987;Total male and female;Total;Other Asia;Caribbean Netherlands;2022;62;21;41
1988;Total male and female;Total;Other Asia;Caribbean Netherlands;2023;69;43;26
1989;Total male and female;Total;Other Asia;Bonaire;2011;84;44;40
1990;Total male and female;Total;Other Asia;Bonaire;2012;58;41;17
1991;Total male and female;Total;Other Asia;Bonaire;2013;34;1;33
1992;Total male and female;Total;Other Asia;Bonaire;2014;19;16;3
1993;Total male and female;Total;Other Asia;Bonaire;2015;25;36;-11
1994;Total male and female;Total;Other Asia;Bonaire;2016;13;130;-117
1995;Total male and female;Total;Other Asia;Bonaire;2017;21;26;-5
1996;Total male and female;Total;Other Asia;Bonaire;2018;16;11;5
1997;Total male and female;Total;Other Asia;Bonaire;2019;9;9;0
1998;Total male and female;Total;Other Asia;Bonaire;2020;10;5;5
1999;Total male and female;Total;Other Asia;Bonaire;2021;22;13;9
2000;Total male and female;Total;Other Asia;Bonaire;2022;11;2;9
2001;Total male and female;Total;Other Asia;Bonaire;2023;24;5;19
2002;Total male and female;Total;Other Asia;St Eustatius;2011;19;14;5
2003;Total male and female;Total;Other Asia;St Eustatius;2012;20;6;14
2004;Total male and female;Total;Other Asia;St Eustatius;2013;18;32;-14
2005;Total male and female;Total;Other Asia;St Eustatius;2014;2;18;-16
2006;Total male and female;Total;Other Asia;St Eustatius;2015;3;42;-39
2007;Total male and female;Total;Other Asia;St Eustatius;2016;1;0;1
2008;Total male and female;Total;Other Asia;St Eustatius;2017;1;5;-4
2009;Total male and female;Total;Other Asia;St Eustatius;2018;2;6;-4
2010;Total male and female;Total;Other Asia;St Eustatius;2019;3;0;3
2011;Total male and female;Total;Other Asia;St Eustatius;2020;0;1;-1
2012;Total male and female;Total;Other Asia;St Eustatius;2021;2;0;2
2013;Total male and female;Total;Other Asia;St Eustatius;2022;1;1;0
2014;Total male and female;Total;Other Asia;St Eustatius;2023;0;4;-4
2015;Total male and female;Total;Other Asia;Saba;2011;73;50;23
2016;Total male and female;Total;Other Asia;Saba;2012;105;99;6
2017;Total male and female;Total;Other Asia;Saba;2013;72;102;-30
2018;Total male and female;Total;Other Asia;Saba;2014;68;103;-35
2019;Total male and female;Total;Other Asia;Saba;2015;61;47;14
2020;Total male and female;Total;Other Asia;Saba;2016;61;63;-2
2021;Total male and female;Total;Other Asia;Saba;2017;54;17;37
2022;Total male and female;Total;Other Asia;Saba;2018;44;90;-46
2023;Total male and female;Total;Other Asia;Saba;2019;43;38;5
2024;Total male and female;Total;Other Asia;Saba;2020;17;24;-7
2025;Total male and female;Total;Other Asia;Saba;2021;15;27;-12
2026;Total male and female;Total;Other Asia;Saba;2022;50;18;32
2027;Total male and female;Total;Other Asia;Saba;2023;45;34;11
2028;Total male and female;Total;Other Central and South America;Caribbean Netherlands;2011;35;13;22
2029;Total male and female;Total;Other Central and South America;Caribbean Netherlands;2012;32;17;15
2030;Total male and female;Total;Other Central and South America;Caribbean Netherlands;2013;64;10;54
2031;Total male and female;Total;Other Central and South America;Caribbean Netherlands;2014;42;24;18
2032;Total male and female;Total;Other Central and South America;Caribbean Netherlands;2015;31;122;-91
2033;Total male and female;Total;Other Central and South America;Caribbean Netherlands;2016;29;28;1
2034;Total male and female;Total;Other Central and South America;Caribbean Netherlands;2017;58;25;33
2035;Total male and female;Total;Other Central and South America;Caribbean Netherlands;2018;26;53;-27
2036;Total male and female;Total;Other Central and South America;Caribbean Netherlands;2019;67;37;30
2037;Total male and female;Total;Other Central and South America;Caribbean Netherlands;2020;14;40;-26
2038;Total male and female;Total;Other Central and South America;Caribbean Netherlands;2021;32;20;12
2039;Total male and female;Total;Other Central and South America;Caribbean Netherlands;2022;28;5;23
2040;Total male and female;Total;Other Central and South America;Caribbean Netherlands;2023;41;19;22
2041;Total male and female;Total;Other Central and South America;Bonaire;2011;8;3;5
2042;Total male and female;Total;Other Central and South America;Bonaire;2012;13;4;9
2043;Total male and female;Total;Other Central and South America;Bonaire;2013;11;3;8
2044;Total male and female;Total;Other Central and South America;Bonaire;2014;11;5;6
2045;Total male and female;Total;Other Central and South America;Bonaire;2015;6;6;0
2046;Total male and female;Total;Other Central and South America;Bonaire;2016;11;16;-5
2047;Total male and female;Total;Other Central and South America;Bonaire;2017;17;14;3
2048;Total male and female;Total;Other Central and South America;Bonaire;2018;12;7;5
2049;Total male and female;Total;Other Central and South America;Bonaire;2019;23;3;20
2050;Total male and female;Total;Other Central and South America;Bonaire;2020;7;4;3
2051;Total male and female;Total;Other Central and South America;Bonaire;2021;10;13;-3
2052;Total male and female;Total;Other Central and South America;Bonaire;2022;14;1;13
2053;Total male and female;Total;Other Central and South America;Bonaire;2023;20;4;16
2054;Total male and female;Total;Other Central and South America;St Eustatius;2011;22;5;17
2055;Total male and female;Total;Other Central and South America;St Eustatius;2012;9;4;5
2056;Total male and female;Total;Other Central and South America;St Eustatius;2013;40;1;39
2057;Total male and female;Total;Other Central and South America;St Eustatius;2014;22;9;13
2058;Total male and female;Total;Other Central and South America;St Eustatius;2015;12;113;-101
2059;Total male and female;Total;Other Central and South America;St Eustatius;2016;7;3;4
2060;Total male and female;Total;Other Central and South America;St Eustatius;2017;30;10;20
2061;Total male and female;Total;Other Central and South America;St Eustatius;2018;5;28;-23
2062;Total male and female;Total;Other Central and South America;St Eustatius;2019;33;28;5
2063;Total male and female;Total;Other Central and South America;St Eustatius;2020;4;31;-27
2064;Total male and female;Total;Other Central and South America;St Eustatius;2021;11;4;7
2065;Total male and female;Total;Other Central and South America;St Eustatius;2022;9;3;6
2066;Total male and female;Total;Other Central and South America;St Eustatius;2023;6;11;-5
2067;Total male and female;Total;Other Central and South America;Saba;2011;5;5;0
2068;Total male and female;Total;Other Central and South America;Saba;2012;10;9;1
2069;Total male and female;Total;Other Central and South America;Saba;2013;13;6;7
2070;Total male and female;Total;Other Central and South America;Saba;2014;9;10;-1
2071;Total male and female;Total;Other Central and South America;Saba;2015;13;3;10
2072;Total male and female;Total;Other Central and South America;Saba;2016;11;9;2
2073;Total male and female;Total;Other Central and South America;Saba;2017;11;1;10
2074;Total male and female;Total;Other Central and South America;Saba;2018;9;18;-9
2075;Total male and female;Total;Other Central and South America;Saba;2019;11;6;5
2076;Total male and female;Total;Other Central and South America;Saba;2020;3;5;-2
2077;Total male and female;Total;Other Central and South America;Saba;2021;11;3;8
2078;Total male and female;Total;Other Central and South America;Saba;2022;5;1;4
2079;Total male and female;Total;Other Central and South America;Saba;2023;15;4;11
2080;Total male and female;Total;Other Europe;Caribbean Netherlands;2011;15;13;2
2081;Total male and female;Total;Other Europe;Caribbean Netherlands;2012;9;11;-2
2082;Total male and female;Total;Other Europe;Caribbean Netherlands;2013;15;10;5
2083;Total male and female;Total;Other Europe;Caribbean Netherlands;2014;11;11;0
2084;Total male and female;Total;Other Europe;Caribbean Netherlands;2015;17;13;4
2085;Total male and female;Total;Other Europe;Caribbean Netherlands;2016;7;14;-7
2086;Total male and female;Total;Other Europe;Caribbean Netherlands;2017;14;4;10
2087;Total male and female;Total;Other Europe;Caribbean Netherlands;2018;5;20;-15
2088;Total male and female;Total;Other Europe;Caribbean Netherlands;2019;15;10;5
2089;Total male and female;Total;Other Europe;Caribbean Netherlands;2020;11;12;-1
2090;Total male and female;Total;Other Europe;Caribbean Netherlands;2021;17;9;8
2091;Total male and female;Total;Other Europe;Caribbean Netherlands;2022;25;11;14
2092;Total male and female;Total;Other Europe;Caribbean Netherlands;2023;22;13;9
2093;Total male and female;Total;Other Europe;Bonaire;2011;6;4;2
2094;Total male and female;Total;Other Europe;Bonaire;2012;3;4;-1
2095;Total male and female;Total;Other Europe;Bonaire;2013;3;1;2
2096;Total male and female;Total;Other Europe;Bonaire;2014;1;0;1
2097;Total male and female;Total;Other Europe;Bonaire;2015;9;0;9
2098;Total male and female;Total;Other Europe;Bonaire;2016;2;7;-5
2099;Total male and female;Total;Other Europe;Bonaire;2017;11;4;7
2100;Total male and female;Total;Other Europe;Bonaire;2018;3;5;-2
2101;Total male and female;Total;Other Europe;Bonaire;2019;12;6;6
2102;Total male and female;Total;Other Europe;Bonaire;2020;7;4;3
2103;Total male and female;Total;Other Europe;Bonaire;2021;8;6;2
2104;Total male and female;Total;Other Europe;Bonaire;2022;17;4;13
2105;Total male and female;Total;Other Europe;Bonaire;2023;14;6;8
2106;Total male and female;Total;Other Europe;St Eustatius;2011;1;1;0
2107;Total male and female;Total;Other Europe;St Eustatius;2012;1;3;-2
2108;Total male and female;Total;Other Europe;St Eustatius;2013;3;1;2
2109;Total male and female;Total;Other Europe;St Eustatius;2014;0;3;-3
2110;Total male and female;Total;Other Europe;St Eustatius;2015;2;2;0
2111;Total male and female;Total;Other Europe;St Eustatius;2016;1;0;1
2112;Total male and female;Total;Other Europe;St Eustatius;2017;0;0;0
2113;Total male and female;Total;Other Europe;St Eustatius;2018;1;9;-8
2114;Total male and female;Total;Other Europe;St Eustatius;2019;1;1;0
2115;Total male and female;Total;Other Europe;St Eustatius;2020;1;4;-3
2116;Total male and female;Total;Other Europe;St Eustatius;2021;0;0;0
2117;Total male and female;Total;Other Europe;St Eustatius;2022;5;3;2
2118;Total male and female;Total;Other Europe;St Eustatius;2023;5;1;4
2119;Total male and female;Total;Other Europe;Saba;2011;8;8;0
2120;Total male and female;Total;Other Europe;Saba;2012;5;4;1
2121;Total male and female;Total;Other Europe;Saba;2013;9;8;1
2122;Total male and female;Total;Other Europe;Saba;2014;10;8;2
2123;Total male and female;Total;Other Europe;Saba;2015;6;11;-5
2124;Total male and female;Total;Other Europe;Saba;2016;4;7;-3
2125;Total male and female;Total;Other Europe;Saba;2017;3;0;3
2126;Total male and female;Total;Other Europe;Saba;2018;1;6;-5
2127;Total male and female;Total;Other Europe;Saba;2019;2;3;-1
2128;Total male and female;Total;Other Europe;Saba;2020;3;4;-1
2129;Total male and female;Total;Other Europe;Saba;2021;9;3;6
2130;Total male and female;Total;Other Europe;Saba;2022;3;4;-1
2131;Total male and female;Total;Other Europe;Saba;2023;3;6;-3
2132;Total male and female;0 to 4 years;Total;Caribbean Netherlands;2011;122;73;49
2133;Total male and female;0 to 4 years;Total;Caribbean Netherlands;2012;110;54;56
2134;Total male and female;0 to 4 years;Total;Caribbean Netherlands;2013;123;57;66
2135;Total male and female;0 to 4 years;Total;Caribbean Netherlands;2014;110;54;56
2136;Total male and female;0 to 4 years;Total;Caribbean Netherlands;2015;100;44;56
2137;Total male and female;0 to 4 years;Total;Caribbean Netherlands;2016;81;71;10
2138;Total male and female;0 to 4 years;Total;Caribbean Netherlands;2017;113;59;54
2139;Total male and female;0 to 4 years;Total;Caribbean Netherlands;2018;95;64;31
2140;Total male and female;0 to 4 years;Total;Caribbean Netherlands;2019;67;43;24
2141;Total male and female;0 to 4 years;Total;Caribbean Netherlands;2020;103;46;57
2142;Total male and female;0 to 4 years;Total;Caribbean Netherlands;2021;85;54;31
2143;Total male and female;0 to 4 years;Total;Caribbean Netherlands;2022;108;65;43
2144;Total male and female;0 to 4 years;Total;Caribbean Netherlands;2023;98;52;46
2145;Total male and female;0 to 4 years;Total;Bonaire;2011;86;50;36
2146;Total male and female;0 to 4 years;Total;Bonaire;2012;88;42;46
2147;Total male and female;0 to 4 years;Total;Bonaire;2013;88;42;46
2148;Total male and female;0 to 4 years;Total;Bonaire;2014;81;42;39
2149;Total male and female;0 to 4 years;Total;Bonaire;2015;84;35;49
2150;Total male and female;0 to 4 years;Total;Bonaire;2016;61;54;7
2151;Total male and female;0 to 4 years;Total;Bonaire;2017;86;51;35
2152;Total male and female;0 to 4 years;Total;Bonaire;2018;65;50;15
2153;Total male and female;0 to 4 years;Total;Bonaire;2019;52;32;20
2154;Total male and female;0 to 4 years;Total;Bonaire;2020;93;40;53
2155;Total male and female;0 to 4 years;Total;Bonaire;2021;69;38;31
2156;Total male and female;0 to 4 years;Total;Bonaire;2022;83;58;25
2157;Total male and female;0 to 4 years;Total;Bonaire;2023;72;39;33
2158;Total male and female;0 to 4 years;Total;St Eustatius;2011;19;16;3
2159;Total male and female;0 to 4 years;Total;St Eustatius;2012;13;8;5
2160;Total male and female;0 to 4 years;Total;St Eustatius;2013;23;10;13
2161;Total male and female;0 to 4 years;Total;St Eustatius;2014;15;6;9
2162;Total male and female;0 to 4 years;Total;St Eustatius;2015;8;9;-1
2163;Total male and female;0 to 4 years;Total;St Eustatius;2016;12;7;5
2164;Total male and female;0 to 4 years;Total;St Eustatius;2017;16;6;10
2165;Total male and female;0 to 4 years;Total;St Eustatius;2018;13;9;4
2166;Total male and female;0 to 4 years;Total;St Eustatius;2019;8;4;4
2167;Total male and female;0 to 4 years;Total;St Eustatius;2020;5;4;1
2168;Total male and female;0 to 4 years;Total;St Eustatius;2021;8;11;-3
2169;Total male and female;0 to 4 years;Total;St Eustatius;2022;15;2;13
2170;Total male and female;0 to 4 years;Total;St Eustatius;2023;6;11;-5
2171;Total male and female;0 to 4 years;Total;Saba;2011;17;7;10
2172;Total male and female;0 to 4 years;Total;Saba;2012;9;4;5
2173;Total male and female;0 to 4 years;Total;Saba;2013;12;5;7
2174;Total male and female;0 to 4 years;Total;Saba;2014;14;6;8
2175;Total male and female;0 to 4 years;Total;Saba;2015;8;0;8
2176;Total male and female;0 to 4 years;Total;Saba;2016;8;10;-2
2177;Total male and female;0 to 4 years;Total;Saba;2017;11;2;9
2178;Total male and female;0 to 4 years;Total;Saba;2018;17;5;12
2179;Total male and female;0 to 4 years;Total;Saba;2019;7;7;0
2180;Total male and female;0 to 4 years;Total;Saba;2020;5;2;3
2181;Total male and female;0 to 4 years;Total;Saba;2021;8;5;3
2182;Total male and female;0 to 4 years;Total;Saba;2022;10;5;5
2183;Total male and female;0 to 4 years;Total;Saba;2023;20;2;18
2184;Total male and female;0 to 4 years;Born outside the Caribbean Netherlands;Caribbean Netherlands;2011;114;46;68
2185;Total male and female;0 to 4 years;Born outside the Caribbean Netherlands;Caribbean Netherlands;2012;96;30;66
2186;Total male and female;0 to 4 years;Born outside the Caribbean Netherlands;Caribbean Netherlands;2013;111;32;79
2187;Total male and female;0 to 4 years;Born outside the Caribbean Netherlands;Caribbean Netherlands;2014;106;34;72
2188;Total male and female;0 to 4 years;Born outside the Caribbean Netherlands;Caribbean Netherlands;2015;94;23;71
2189;Total male and female;0 to 4 years;Born outside the Caribbean Netherlands;Caribbean Netherlands;2016;77;36;41
2190;Total male and female;0 to 4 years;Born outside the Caribbean Netherlands;Caribbean Netherlands;2017;99;24;75
2191;Total male and female;0 to 4 years;Born outside the Caribbean Netherlands;Caribbean Netherlands;2018;91;33;58
2192;Total male and female;0 to 4 years;Born outside the Caribbean Netherlands;Caribbean Netherlands;2019;63;23;40
2193;Total male and female;0 to 4 years;Born outside the Caribbean Netherlands;Caribbean Netherlands;2020;96;22;74
2194;Total male and female;0 to 4 years;Born outside the Caribbean Netherlands;Caribbean Netherlands;2021;80;29;51
2195;Total male and female;0 to 4 years;Born outside the Caribbean Netherlands;Caribbean Netherlands;2022;102;29;73
2196;Total male and female;0 to 4 years;Born outside the Caribbean Netherlands;Caribbean Netherlands;2023;91;23;68
2197;Total male and female;0 to 4 years;Born outside the Caribbean Netherlands;Bonaire;2011;79;27;52
2198;Total male and female;0 to 4 years;Born outside the Caribbean Netherlands;Bonaire;2012;76;21;55
2199;Total male and female;0 to 4 years;Born outside the Caribbean Netherlands;Bonaire;2013;79;19;60
2200;Total male and female;0 to 4 years;Born outside the Caribbean Netherlands;Bonaire;2014;77;23;54
2201;Total male and female;0 to 4 years;Born outside the Caribbean Netherlands;Bonaire;2015;79;16;63
2202;Total male and female;0 to 4 years;Born outside the Caribbean Netherlands;Bonaire;2016;57;22;35
2203;Total male and female;0 to 4 years;Born outside the Caribbean Netherlands;Bonaire;2017;72;18;54
2204;Total male and female;0 to 4 years;Born outside the Caribbean Netherlands;Bonaire;2018;62;23;39
2205;Total male and female;0 to 4 years;Born outside the Caribbean Netherlands;Bonaire;2019;48;14;34
2206;Total male and female;0 to 4 years;Born outside the Caribbean Netherlands;Bonaire;2020;87;16;71
2207;Total male and female;0 to 4 years;Born outside the Caribbean Netherlands;Bonaire;2021;64;15;49
2208;Total male and female;0 to 4 years;Born outside the Caribbean Netherlands;Bonaire;2022;77;23;54
2209;Total male and female;0 to 4 years;Born outside the Caribbean Netherlands;Bonaire;2023;65;12;53
2210;Total male and female;0 to 4 years;Born outside the Caribbean Netherlands;St Eustatius;2011;18;13;5
2211;Total male and female;0 to 4 years;Born outside the Caribbean Netherlands;St Eustatius;2012;11;5;6
2212;Total male and female;0 to 4 years;Born outside the Caribbean Netherlands;St Eustatius;2013;20;8;12
2213;Total male and female;0 to 4 years;Born outside the Caribbean Netherlands;St Eustatius;2014;15;5;10
2214;Total male and female;0 to 4 years;Born outside the Caribbean Netherlands;St Eustatius;2015;7;7;0
2215;Total male and female;0 to 4 years;Born outside the Caribbean Netherlands;St Eustatius;2016;12;6;6
2216;Total male and female;0 to 4 years;Born outside the Caribbean Netherlands;St Eustatius;2017;16;4;12
2217;Total male and female;0 to 4 years;Born outside the Caribbean Netherlands;St Eustatius;2018;12;5;7
2218;Total male and female;0 to 4 years;Born outside the Caribbean Netherlands;St Eustatius;2019;8;3;5
2219;Total male and female;0 to 4 years;Born outside the Caribbean Netherlands;St Eustatius;2020;4;4;0
2220;Total male and female;0 to 4 years;Born outside the Caribbean Netherlands;St Eustatius;2021;8;9;-1
2221;Total male and female;0 to 4 years;Born outside the Caribbean Netherlands;St Eustatius;2022;15;2;13
2222;Total male and female;0 to 4 years;Born outside the Caribbean Netherlands;St Eustatius;2023;6;9;-3
2223;Total male and female;0 to 4 years;Born outside the Caribbean Netherlands;Saba;2011;17;6;11
2224;Total male and female;0 to 4 years;Born outside the Caribbean Netherlands;Saba;2012;9;4;5
2225;Total male and female;0 to 4 years;Born outside the Caribbean Netherlands;Saba;2013;12;5;7
2226;Total male and female;0 to 4 years;Born outside the Caribbean Netherlands;Saba;2014;14;6;8
2227;Total male and female;0 to 4 years;Born outside the Caribbean Netherlands;Saba;2015;8;0;8
2228;Total male and female;0 to 4 years;Born outside the Caribbean Netherlands;Saba;2016;8;8;0
2229;Total male and female;0 to 4 years;Born outside the Caribbean Netherlands;Saba;2017;11;2;9
2230;Total male and female;0 to 4 years;Born outside the Caribbean Netherlands;Saba;2018;17;5;12
2231;Total male and female;0 to 4 years;Born outside the Caribbean Netherlands;Saba;2019;7;6;1
2232;Total male and female;0 to 4 years;Born outside the Caribbean Netherlands;Saba;2020;5;2;3
2233;Total male and female;0 to 4 years;Born outside the Caribbean Netherlands;Saba;2021;8;5;3
2234;Total male and female;0 to 4 years;Born outside the Caribbean Netherlands;Saba;2022;10;4;6
2235;Total male and female;0 to 4 years;Born outside the Caribbean Netherlands;Saba;2023;20;2;18
2236;Total male and female;0 to 4 years;Born outside Dutch Caribbean;Caribbean Netherlands;2011;88;26;62
2237;Total male and female;0 to 4 years;Born outside Dutch Caribbean;Caribbean Netherlands;2012;62;16;46
2238;Total male and female;0 to 4 years;Born outside Dutch Caribbean;Caribbean Netherlands;2013;72;23;49
2239;Total male and female;0 to 4 years;Born outside Dutch Caribbean;Caribbean Netherlands;2014;76;17;59
2240;Total male and female;0 to 4 years;Born outside Dutch Caribbean;Caribbean Netherlands;2015;62;18;44
2241;Total male and female;0 to 4 years;Born outside Dutch Caribbean;Caribbean Netherlands;2016;59;26;33
2242;Total male and female;0 to 4 years;Born outside Dutch Caribbean;Caribbean Netherlands;2017;75;12;63
2243;Total male and female;0 to 4 years;Born outside Dutch Caribbean;Caribbean Netherlands;2018;57;21;36
2244;Total male and female;0 to 4 years;Born outside Dutch Caribbean;Caribbean Netherlands;2019;38;15;23
2245;Total male and female;0 to 4 years;Born outside Dutch Caribbean;Caribbean Netherlands;2020;50;16;34
2246;Total male and female;0 to 4 years;Born outside Dutch Caribbean;Caribbean Netherlands;2021;47;22;25
2247;Total male and female;0 to 4 years;Born outside Dutch Caribbean;Caribbean Netherlands;2022;73;16;57
2248;Total male and female;0 to 4 years;Born outside Dutch Caribbean;Caribbean Netherlands;2023;60;17;43
2249;Total male and female;0 to 4 years;Born outside Dutch Caribbean;Bonaire;2011;62;14;48
2250;Total male and female;0 to 4 years;Born outside Dutch Caribbean;Bonaire;2012;49;12;37
2251;Total male and female;0 to 4 years;Born outside Dutch Caribbean;Bonaire;2013;49;15;34
2252;Total male and female;0 to 4 years;Born outside Dutch Caribbean;Bonaire;2014;58;14;44
2253;Total male and female;0 to 4 years;Born outside Dutch Caribbean;Bonaire;2015;53;14;39
2254;Total male and female;0 to 4 years;Born outside Dutch Caribbean;Bonaire;2016;45;19;26
2255;Total male and female;0 to 4 years;Born outside Dutch Caribbean;Bonaire;2017;58;11;47
2256;Total male and female;0 to 4 years;Born outside Dutch Caribbean;Bonaire;2018;39;16;23
2257;Total male and female;0 to 4 years;Born outside Dutch Caribbean;Bonaire;2019;26;9;17
2258;Total male and female;0 to 4 years;Born outside Dutch Caribbean;Bonaire;2020;43;14;29
2259;Total male and female;0 to 4 years;Born outside Dutch Caribbean;Bonaire;2021;38;12;26
2260;Total male and female;0 to 4 years;Born outside Dutch Caribbean;Bonaire;2022;55;13;42
2261;Total male and female;0 to 4 years;Born outside Dutch Caribbean;Bonaire;2023;48;11;37
2262;Total male and female;0 to 4 years;Born outside Dutch Caribbean;St Eustatius;2011;15;8;7
2263;Total male and female;0 to 4 years;Born outside Dutch Caribbean;St Eustatius;2012;6;2;4
2264;Total male and female;0 to 4 years;Born outside Dutch Caribbean;St Eustatius;2013;14;4;10
2265;Total male and female;0 to 4 years;Born outside Dutch Caribbean;St Eustatius;2014;9;2;7
2266;Total male and female;0 to 4 years;Born outside Dutch Caribbean;St Eustatius;2015;2;4;-2
2267;Total male and female;0 to 4 years;Born outside Dutch Caribbean;St Eustatius;2016;7;1;6
2268;Total male and female;0 to 4 years;Born outside Dutch Caribbean;St Eustatius;2017;10;1;9
2269;Total male and female;0 to 4 years;Born outside Dutch Caribbean;St Eustatius;2018;6;2;4
2270;Total male and female;0 to 4 years;Born outside Dutch Caribbean;St Eustatius;2019;6;2;4
2271;Total male and female;0 to 4 years;Born outside Dutch Caribbean;St Eustatius;2020;4;0;4
2272;Total male and female;0 to 4 years;Born outside Dutch Caribbean;St Eustatius;2021;5;6;-1
2273;Total male and female;0 to 4 years;Born outside Dutch Caribbean;St Eustatius;2022;11;1;10
2274;Total male and female;0 to 4 years;Born outside Dutch Caribbean;St Eustatius;2023;2;5;-3
2275;Total male and female;0 to 4 years;Born outside Dutch Caribbean;Saba;2011;11;4;7
2276;Total male and female;0 to 4 years;Born outside Dutch Caribbean;Saba;2012;7;2;5
2277;Total male and female;0 to 4 years;Born outside Dutch Caribbean;Saba;2013;9;4;5
2278;Total male and female;0 to 4 years;Born outside Dutch Caribbean;Saba;2014;9;1;8
2279;Total male and female;0 to 4 years;Born outside Dutch Caribbean;Saba;2015;7;0;7
2280;Total male and female;0 to 4 years;Born outside Dutch Caribbean;Saba;2016;7;6;1
2281;Total male and female;0 to 4 years;Born outside Dutch Caribbean;Saba;2017;7;0;7
2282;Total male and female;0 to 4 years;Born outside Dutch Caribbean;Saba;2018;12;3;9
2283;Total male and female;0 to 4 years;Born outside Dutch Caribbean;Saba;2019;6;4;2
2284;Total male and female;0 to 4 years;Born outside Dutch Caribbean;Saba;2020;3;2;1
2285;Total male and female;0 to 4 years;Born outside Dutch Caribbean;Saba;2021;4;4;0
2286;Total male and female;0 to 4 years;Born outside Dutch Caribbean;Saba;2022;7;2;5
2287;Total male and female;0 to 4 years;Born outside Dutch Caribbean;Saba;2023;10;1;9
2288;Total male and female;0 to 4 years;Born outside Kingdom of the Netherlands;Caribbean Netherlands;2011;23;7;16
2289;Total male and female;0 to 4 years;Born outside Kingdom of the Netherlands;Caribbean Netherlands;2012;25;5;20
2290;Total male and female;0 to 4 years;Born outside Kingdom of the Netherlands;Caribbean Netherlands;2013;31;10;21
2291;Total male and female;0 to 4 years;Born outside Kingdom of the Netherlands;Caribbean Netherlands;2014;27;5;22
2292;Total male and female;0 to 4 years;Born outside Kingdom of the Netherlands;Caribbean Netherlands;2015;29;4;25
2293;Total male and female;0 to 4 years;Born outside Kingdom of the Netherlands;Caribbean Netherlands;2016;24;11;13
2294;Total male and female;0 to 4 years;Born outside Kingdom of the Netherlands;Caribbean Netherlands;2017;39;5;34
2295;Total male and female;0 to 4 years;Born outside Kingdom of the Netherlands;Caribbean Netherlands;2018;37;7;30
2296;Total male and female;0 to 4 years;Born outside Kingdom of the Netherlands;Caribbean Netherlands;2019;17;8;9
2297;Total male and female;0 to 4 years;Born outside Kingdom of the Netherlands;Caribbean Netherlands;2020;18;2;16
2298;Total male and female;0 to 4 years;Born outside Kingdom of the Netherlands;Caribbean Netherlands;2021;14;8;6
2299;Total male and female;0 to 4 years;Born outside Kingdom of the Netherlands;Caribbean Netherlands;2022;39;4;35
2300;Total male and female;0 to 4 years;Born outside Kingdom of the Netherlands;Caribbean Netherlands;2023;31;7;24
2301;Total male and female;0 to 4 years;Born outside Kingdom of the Netherlands;Bonaire;2011;11;2;9
2302;Total male and female;0 to 4 years;Born outside Kingdom of the Netherlands;Bonaire;2012;15;2;13
2303;Total male and female;0 to 4 years;Born outside Kingdom of the Netherlands;Bonaire;2013;18;3;15
2304;Total male and female;0 to 4 years;Born outside Kingdom of the Netherlands;Bonaire;2014;17;3;14
2305;Total male and female;0 to 4 years;Born outside Kingdom of the Netherlands;Bonaire;2015;22;1;21
2306;Total male and female;0 to 4 years;Born outside Kingdom of the Netherlands;Bonaire;2016;17;5;12
2307;Total male and female;0 to 4 years;Born outside Kingdom of the Netherlands;Bonaire;2017;28;5;23
2308;Total male and female;0 to 4 years;Born outside Kingdom of the Netherlands;Bonaire;2018;21;4;17
2309;Total male and female;0 to 4 years;Born outside Kingdom of the Netherlands;Bonaire;2019;7;4;3
2310;Total male and female;0 to 4 years;Born outside Kingdom of the Netherlands;Bonaire;2020;16;2;14
2311;Total male and female;0 to 4 years;Born outside Kingdom of the Netherlands;Bonaire;2021;8;4;4
2312;Total male and female;0 to 4 years;Born outside Kingdom of the Netherlands;Bonaire;2022;21;1;20
2313;Total male and female;0 to 4 years;Born outside Kingdom of the Netherlands;Bonaire;2023;27;1;26
2314;Total male and female;0 to 4 years;Born outside Kingdom of the Netherlands;St Eustatius;2011;6;2;4
2315;Total male and female;0 to 4 years;Born outside Kingdom of the Netherlands;St Eustatius;2012;4;1;3
2316;Total male and female;0 to 4 years;Born outside Kingdom of the Netherlands;St Eustatius;2013;6;3;3
2317;Total male and female;0 to 4 years;Born outside Kingdom of the Netherlands;St Eustatius;2014;4;1;3
2318;Total male and female;0 to 4 years;Born outside Kingdom of the Netherlands;St Eustatius;2015;1;3;-2
2319;Total male and female;0 to 4 years;Born outside Kingdom of the Netherlands;St Eustatius;2016;2;0;2
2320;Total male and female;0 to 4 years;Born outside Kingdom of the Netherlands;St Eustatius;2017;5;0;5
2321;Total male and female;0 to 4 years;Born outside Kingdom of the Netherlands;St Eustatius;2018;5;1;4
2322;Total male and female;0 to 4 years;Born outside Kingdom of the Netherlands;St Eustatius;2019;4;2;2
2323;Total male and female;0 to 4 years;Born outside Kingdom of the Netherlands;St Eustatius;2020;1;0;1
2324;Total male and female;0 to 4 years;Born outside Kingdom of the Netherlands;St Eustatius;2021;2;0;2
2325;Total male and female;0 to 4 years;Born outside Kingdom of the Netherlands;St Eustatius;2022;11;1;10
2326;Total male and female;0 to 4 years;Born outside Kingdom of the Netherlands;St Eustatius;2023;1;5;-4
2327;Total male and female;0 to 4 years;Born outside Kingdom of the Netherlands;Saba;2011;6;3;3
2328;Total male and female;0 to 4 years;Born outside Kingdom of the Netherlands;Saba;2012;6;2;4
2329;Total male and female;0 to 4 years;Born outside Kingdom of the Netherlands;Saba;2013;7;4;3
2330;Total male and female;0 to 4 years;Born outside Kingdom of the Netherlands;Saba;2014;6;1;5
2331;Total male and female;0 to 4 years;Born outside Kingdom of the Netherlands;Saba;2015;6;0;6
2332;Total male and female;0 to 4 years;Born outside Kingdom of the Netherlands;Saba;2016;5;6;-1
2333;Total male and female;0 to 4 years;Born outside Kingdom of the Netherlands;Saba;2017;6;0;6
2334;Total male and female;0 to 4 years;Born outside Kingdom of the Netherlands;Saba;2018;11;2;9
2335;Total male and female;0 to 4 years;Born outside Kingdom of the Netherlands;Saba;2019;6;2;4
2336;Total male and female;0 to 4 years;Born outside Kingdom of the Netherlands;Saba;2020;1;0;1
2337;Total male and female;0 to 4 years;Born outside Kingdom of the Netherlands;Saba;2021;4;4;0
2338;Total male and female;0 to 4 years;Born outside Kingdom of the Netherlands;Saba;2022;7;2;5
2339;Total male and female;0 to 4 years;Born outside Kingdom of the Netherlands;Saba;2023;3;1;2
2340;Total male and female;0 to 4 years;Africa;Caribbean Netherlands;2011;0;0;0
2341;Total male and female;0 to 4 years;Africa;Caribbean Netherlands;2012;0;0;0
2342;Total male and female;0 to 4 years;Africa;Caribbean Netherlands;2013;1;0;1
2343;Total male and female;0 to 4 years;Africa;Caribbean Netherlands;2014;0;0;0
2344;Total male and female;0 to 4 years;Africa;Caribbean Netherlands;2015;0;0;0
2345;Total male and female;0 to 4 years;Africa;Caribbean Netherlands;2016;0;0;0
2346;Total male and female;0 to 4 years;Africa;Caribbean Netherlands;2017;0;0;0
2347;Total male and female;0 to 4 years;Africa;Caribbean Netherlands;2018;0;0;0
2348;Total male and female;0 to 4 years;Africa;Caribbean Netherlands;2019;0;0;0
2349;Total male and female;0 to 4 years;Africa;Caribbean Netherlands;2020;0;0;0
2350;Total male and female;0 to 4 years;Africa;Caribbean Netherlands;2021;0;0;0
2351;Total male and female;0 to 4 years;Africa;Caribbean Netherlands;2022;0;0;0
2352;Total male and female;0 to 4 years;Africa;Caribbean Netherlands;2023;0;0;0
2353;Total male and female;0 to 4 years;Africa;Bonaire;2011;0;0;0
2354;Total male and female;0 to 4 years;Africa;Bonaire;2012;0;0;0
2355;Total male and female;0 to 4 years;Africa;Bonaire;2013;1;0;1
2356;Total male and female;0 to 4 years;Africa;Bonaire;2014;0;0;0
2357;Total male and female;0 to 4 years;Africa;Bonaire;2015;0;0;0
2358;Total male and female;0 to 4 years;Africa;Bonaire;2016;0;0;0
2359;Total male and female;0 to 4 years;Africa;Bonaire;2017;0;0;0
2360;Total male and female;0 to 4 years;Africa;Bonaire;2018;0;0;0
2361;Total male and female;0 to 4 years;Africa;Bonaire;2019;0;0;0
2362;Total male and female;0 to 4 years;Africa;Bonaire;2020;0;0;0
2363;Total male and female;0 to 4 years;Africa;Bonaire;2021;0;0;0
2364;Total male and female;0 to 4 years;Africa;Bonaire;2022;0;0;0
2365;Total male and female;0 to 4 years;Africa;Bonaire;2023;0;0;0
2366;Total male and female;0 to 4 years;Africa;St Eustatius;2011;0;0;0
2367;Total male and female;0 to 4 years;Africa;St Eustatius;2012;0;0;0
2368;Total male and female;0 to 4 years;Africa;St Eustatius;2013;0;0;0
2369;Total male and female;0 to 4 years;Africa;St Eustatius;2014;0;0;0
2370;Total male and female;0 to 4 years;Africa;St Eustatius;2015;0;0;0
2371;Total male and female;0 to 4 years;Africa;St Eustatius;2016;0;0;0
2372;Total male and female;0 to 4 years;Africa;St Eustatius;2017;0;0;0
2373;Total male and female;0 to 4 years;Africa;St Eustatius;2018;0;0;0
2374;Total male and female;0 to 4 years;Africa;St Eustatius;2019;0;0;0
2375;Total male and female;0 to 4 years;Africa;St Eustatius;2020;0;0;0
2376;Total male and female;0 to 4 years;Africa;St Eustatius;2021;0;0;0
2377;Total male and female;0 to 4 years;Africa;St Eustatius;2022;0;0;0
2378;Total male and female;0 to 4 years;Africa;St Eustatius;2023;0;0;0
2379;Total male and female;0 to 4 years;Africa;Saba;2011;0;0;0
2380;Total male and female;0 to 4 years;Africa;Saba;2012;0;0;0
2381;Total male and female;0 to 4 years;Africa;Saba;2013;0;0;0
2382;Total male and female;0 to 4 years;Africa;Saba;2014;0;0;0
2383;Total male and female;0 to 4 years;Africa;Saba;2015;0;0;0
2384;Total male and female;0 to 4 years;Africa;Saba;2016;0;0;0
2385;Total male and female;0 to 4 years;Africa;Saba;2017;0;0;0
2386;Total male and female;0 to 4 years;Africa;Saba;2018;0;0;0
2387;Total male and female;0 to 4 years;Africa;Saba;2019;0;0;0
2388;Total male and female;0 to 4 years;Africa;Saba;2020;0;0;0
2389;Total male and female;0 to 4 years;Africa;Saba;2021;0;0;0
2390;Total male and female;0 to 4 years;Africa;Saba;2022;0;0;0
2391;Total male and female;0 to 4 years;Africa;Saba;2023;0;0;0
2392;Total male and female;0 to 4 years;America;Caribbean Netherlands;2011;52;54;-2
2393;Total male and female;0 to 4 years;America;Caribbean Netherlands;2012;70;42;28
2394;Total male and female;0 to 4 years;America;Caribbean Netherlands;2013;76;42;34
2395;Total male and female;0 to 4 years;America;Caribbean Netherlands;2014;57;40;17
2396;Total male and female;0 to 4 years;America;Caribbean Netherlands;2015;66;30;36
2397;Total male and female;0 to 4 years;America;Caribbean Netherlands;2016;43;52;-9
2398;Total male and female;0 to 4 years;America;Caribbean Netherlands;2017;72;50;22
2399;Total male and female;0 to 4 years;America;Caribbean Netherlands;2018;70;50;20
2400;Total male and female;0 to 4 years;America;Caribbean Netherlands;2019;42;35;7
2401;Total male and female;0 to 4 years;America;Caribbean Netherlands;2020;68;32;36
2402;Total male and female;0 to 4 years;America;Caribbean Netherlands;2021;48;39;9
2403;Total male and female;0 to 4 years;America;Caribbean Netherlands;2022;67;50;17
2404;Total male and female;0 to 4 years;America;Caribbean Netherlands;2023;69;41;28
2405;Total male and female;0 to 4 years;America;Bonaire;2011;31;38;-7
2406;Total male and female;0 to 4 years;America;Bonaire;2012;51;32;19
2407;Total male and female;0 to 4 years;America;Bonaire;2013;53;29;24
2408;Total male and female;0 to 4 years;America;Bonaire;2014;38;30;8
2409;Total male and female;0 to 4 years;America;Bonaire;2015;53;22;31
2410;Total male and female;0 to 4 years;America;Bonaire;2016;30;39;-9
2411;Total male and female;0 to 4 years;America;Bonaire;2017;51;43;8
2412;Total male and female;0 to 4 years;America;Bonaire;2018;46;38;8
2413;Total male and female;0 to 4 years;America;Bonaire;2019;30;26;4
2414;Total male and female;0 to 4 years;America;Bonaire;2020;64;28;36
2415;Total male and female;0 to 4 years;America;Bonaire;2021;36;29;7
2416;Total male and female;0 to 4 years;America;Bonaire;2022;42;45;-3
2417;Total male and female;0 to 4 years;America;Bonaire;2023;51;28;23
2418;Total male and female;0 to 4 years;America;St Eustatius;2011;10;10;0
2419;Total male and female;0 to 4 years;America;St Eustatius;2012;11;6;5
2420;Total male and female;0 to 4 years;America;St Eustatius;2013;15;9;6
2421;Total male and female;0 to 4 years;America;St Eustatius;2014;9;5;4
2422;Total male and female;0 to 4 years;America;St Eustatius;2015;7;8;-1
2423;Total male and female;0 to 4 years;America;St Eustatius;2016;7;6;1
2424;Total male and female;0 to 4 years;America;St Eustatius;2017;11;5;6
2425;Total male and female;0 to 4 years;America;St Eustatius;2018;12;8;4
2426;Total male and female;0 to 4 years;America;St Eustatius;2019;5;4;1
2427;Total male and female;0 to 4 years;America;St Eustatius;2020;2;4;-2
2428;Total male and female;0 to 4 years;America;St Eustatius;2021;5;5;0
2429;Total male and female;0 to 4 years;America;St Eustatius;2022;15;2;13
2430;Total male and female;0 to 4 years;America;St Eustatius;2023;5;11;-6
2431;Total male and female;0 to 4 years;America;Saba;2011;11;6;5
2432;Total male and female;0 to 4 years;America;Saba;2012;8;4;4
2433;Total male and female;0 to 4 years;America;Saba;2013;8;4;4
2434;Total male and female;0 to 4 years;America;Saba;2014;10;5;5
2435;Total male and female;0 to 4 years;America;Saba;2015;6;0;6
2436;Total male and female;0 to 4 years;America;Saba;2016;6;7;-1
2437;Total male and female;0 to 4 years;America;Saba;2017;10;2;8
2438;Total male and female;0 to 4 years;America;Saba;2018;12;4;8
2439;Total male and female;0 to 4 years;America;Saba;2019;7;5;2
2440;Total male and female;0 to 4 years;America;Saba;2020;2;0;2
2441;Total male and female;0 to 4 years;America;Saba;2021;7;5;2
2442;Total male and female;0 to 4 years;America;Saba;2022;10;3;7
2443;Total male and female;0 to 4 years;America;Saba;2023;13;2;11
2444;Total male and female;0 to 4 years;Asia;Caribbean Netherlands;2011;1;0;1
2445;Total male and female;0 to 4 years;Asia;Caribbean Netherlands;2012;0;0;0
2446;Total male and female;0 to 4 years;Asia;Caribbean Netherlands;2013;1;1;0
2447;Total male and female;0 to 4 years;Asia;Caribbean Netherlands;2014;0;0;0
2448;Total male and female;0 to 4 years;Asia;Caribbean Netherlands;2015;0;0;0
2449;Total male and female;0 to 4 years;Asia;Caribbean Netherlands;2016;0;1;-1
2450;Total male and female;0 to 4 years;Asia;Caribbean Netherlands;2017;3;0;3
2451;Total male and female;0 to 4 years;Asia;Caribbean Netherlands;2018;2;0;2
2452;Total male and female;0 to 4 years;Asia;Caribbean Netherlands;2019;1;0;1
2453;Total male and female;0 to 4 years;Asia;Caribbean Netherlands;2020;1;0;1
2454;Total male and female;0 to 4 years;Asia;Caribbean Netherlands;2021;1;0;1
2455;Total male and female;0 to 4 years;Asia;Caribbean Netherlands;2022;0;0;0
2456;Total male and female;0 to 4 years;Asia;Caribbean Netherlands;2023;0;0;0
2457;Total male and female;0 to 4 years;Asia;Bonaire;2011;0;0;0
2458;Total male and female;0 to 4 years;Asia;Bonaire;2012;0;0;0
2459;Total male and female;0 to 4 years;Asia;Bonaire;2013;0;0;0
2460;Total male and female;0 to 4 years;Asia;Bonaire;2014;0;0;0
2461;Total male and female;0 to 4 years;Asia;Bonaire;2015;0;0;0
2462;Total male and female;0 to 4 years;Asia;Bonaire;2016;0;0;0
2463;Total male and female;0 to 4 years;Asia;Bonaire;2017;3;0;3
2464;Total male and female;0 to 4 years;Asia;Bonaire;2018;0;0;0
2465;Total male and female;0 to 4 years;Asia;Bonaire;2019;0;0;0
2466;Total male and female;0 to 4 years;Asia;Bonaire;2020;1;0;1
2467;Total male and female;0 to 4 years;Asia;Bonaire;2021;1;0;1
2468;Total male and female;0 to 4 years;Asia;Bonaire;2022;0;0;0
2469;Total male and female;0 to 4 years;Asia;Bonaire;2023;0;0;0
2470;Total male and female;0 to 4 years;Asia;St Eustatius;2011;0;0;0
2471;Total male and female;0 to 4 years;Asia;St Eustatius;2012;0;0;0
2472;Total male and female;0 to 4 years;Asia;St Eustatius;2013;0;0;0
2473;Total male and female;0 to 4 years;Asia;St Eustatius;2014;0;0;0
2474;Total male and female;0 to 4 years;Asia;St Eustatius;2015;0;0;0
2475;Total male and female;0 to 4 years;Asia;St Eustatius;2016;0;0;0
2476;Total male and female;0 to 4 years;Asia;St Eustatius;2017;0;0;0
2477;Total male and female;0 to 4 years;Asia;St Eustatius;2018;0;0;0
2478;Total male and female;0 to 4 years;Asia;St Eustatius;2019;1;0;1
2479;Total male and female;0 to 4 years;Asia;St Eustatius;2020;0;0;0
2480;Total male and female;0 to 4 years;Asia;St Eustatius;2021;0;0;0
2481;Total male and female;0 to 4 years;Asia;St Eustatius;2022;0;0;0
2482;Total male and female;0 to 4 years;Asia;St Eustatius;2023;0;0;0
2483;Total male and female;0 to 4 years;Asia;Saba;2011;1;0;1
2484;Total male and female;0 to 4 years;Asia;Saba;2012;0;0;0
2485;Total male and female;0 to 4 years;Asia;Saba;2013;1;1;0
2486;Total male and female;0 to 4 years;Asia;Saba;2014;0;0;0
2487;Total male and female;0 to 4 years;Asia;Saba;2015;0;0;0
2488;Total male and female;0 to 4 years;Asia;Saba;2016;0;1;-1
2489;Total male and female;0 to 4 years;Asia;Saba;2017;0;0;0
2490;Total male and female;0 to 4 years;Asia;Saba;2018;2;0;2
2491;Total male and female;0 to 4 years;Asia;Saba;2019;0;0;0
2492;Total male and female;0 to 4 years;Asia;Saba;2020;0;0;0
2493;Total male and female;0 to 4 years;Asia;Saba;2021;0;0;0
2494;Total male and female;0 to 4 years;Asia;Saba;2022;0;0;0
2495;Total male and female;0 to 4 years;Asia;Saba;2023;0;0;0
2496;Total male and female;0 to 4 years;Europe (including the Netherlands);Caribbean Netherlands;2011;69;19;50
2497;Total male and female;0 to 4 years;Europe (including the Netherlands);Caribbean Netherlands;2012;40;12;28
2498;Total male and female;0 to 4 years;Europe (including the Netherlands);Caribbean Netherlands;2013;45;14;31
2499;Total male and female;0 to 4 years;Europe (including the Netherlands);Caribbean Netherlands;2014;53;14;39
2500;Total male and female;0 to 4 years;Europe (including the Netherlands);Caribbean Netherlands;2015;34;14;20
2501;Total male and female;0 to 4 years;Europe (including the Netherlands);Caribbean Netherlands;2016;38;18;20
2502;Total male and female;0 to 4 years;Europe (including the Netherlands);Caribbean Netherlands;2017;38;9;29
2503;Total male and female;0 to 4 years;Europe (including the Netherlands);Caribbean Netherlands;2018;23;14;9
2504;Total male and female;0 to 4 years;Europe (including the Netherlands);Caribbean Netherlands;2019;24;8;16
2505;Total male and female;0 to 4 years;Europe (including the Netherlands);Caribbean Netherlands;2020;32;14;18
2506;Total male and female;0 to 4 years;Europe (including the Netherlands);Caribbean Netherlands;2021;36;14;22
2507;Total male and female;0 to 4 years;Europe (including the Netherlands);Caribbean Netherlands;2022;40;14;26
2508;Total male and female;0 to 4 years;Europe (including the Netherlands);Caribbean Netherlands;2023;29;10;19
2509;Total male and female;0 to 4 years;Europe (including the Netherlands);Bonaire;2011;55;12;43
2510;Total male and female;0 to 4 years;Europe (including the Netherlands);Bonaire;2012;37;10;27
2511;Total male and female;0 to 4 years;Europe (including the Netherlands);Bonaire;2013;34;13;21
2512;Total male and female;0 to 4 years;Europe (including the Netherlands);Bonaire;2014;43;12;31
2513;Total male and female;0 to 4 years;Europe (including the Netherlands);Bonaire;2015;31;13;18
2514;Total male and female;0 to 4 years;Europe (including the Netherlands);Bonaire;2016;31;15;16
2515;Total male and female;0 to 4 years;Europe (including the Netherlands);Bonaire;2017;32;8;24
2516;Total male and female;0 to 4 years;Europe (including the Netherlands);Bonaire;2018;19;12;7
2517;Total male and female;0 to 4 years;Europe (including the Netherlands);Bonaire;2019;22;6;16
2518;Total male and female;0 to 4 years;Europe (including the Netherlands);Bonaire;2020;27;12;15
2519;Total male and female;0 to 4 years;Europe (including the Netherlands);Bonaire;2021;32;8;24
2520;Total male and female;0 to 4 years;Europe (including the Netherlands);Bonaire;2022;40;13;27
2521;Total male and female;0 to 4 years;Europe (including the Netherlands);Bonaire;2023;21;10;11
2522;Total male and female;0 to 4 years;Europe (including the Netherlands);St Eustatius;2011;9;6;3
2523;Total male and female;0 to 4 years;Europe (including the Netherlands);St Eustatius;2012;2;2;0
2524;Total male and female;0 to 4 years;Europe (including the Netherlands);St Eustatius;2013;8;1;7
2525;Total male and female;0 to 4 years;Europe (including the Netherlands);St Eustatius;2014;6;1;5
2526;Total male and female;0 to 4 years;Europe (including the Netherlands);St Eustatius;2015;1;1;0
2527;Total male and female;0 to 4 years;Europe (including the Netherlands);St Eustatius;2016;5;1;4
2528;Total male and female;0 to 4 years;Europe (including the Netherlands);St Eustatius;2017;5;1;4
2529;Total male and female;0 to 4 years;Europe (including the Netherlands);St Eustatius;2018;1;1;0
2530;Total male and female;0 to 4 years;Europe (including the Netherlands);St Eustatius;2019;2;0;2
2531;Total male and female;0 to 4 years;Europe (including the Netherlands);St Eustatius;2020;3;0;3
2532;Total male and female;0 to 4 years;Europe (including the Netherlands);St Eustatius;2021;3;6;-3
2533;Total male and female;0 to 4 years;Europe (including the Netherlands);St Eustatius;2022;0;0;0
2534;Total male and female;0 to 4 years;Europe (including the Netherlands);St Eustatius;2023;1;0;1
2535;Total male and female;0 to 4 years;Europe (including the Netherlands);Saba;2011;5;1;4
2536;Total male and female;0 to 4 years;Europe (including the Netherlands);Saba;2012;1;0;1
2537;Total male and female;0 to 4 years;Europe (including the Netherlands);Saba;2013;3;0;3
2538;Total male and female;0 to 4 years;Europe (including the Netherlands);Saba;2014;4;1;3
2539;Total male and female;0 to 4 years;Europe (including the Netherlands);Saba;2015;2;0;2
2540;Total male and female;0 to 4 years;Europe (including the Netherlands);Saba;2016;2;2;0
2541;Total male and female;0 to 4 years;Europe (including the Netherlands);Saba;2017;1;0;1
2542;Total male and female;0 to 4 years;Europe (including the Netherlands);Saba;2018;3;1;2
2543;Total male and female;0 to 4 years;Europe (including the Netherlands);Saba;2019;0;2;-2
2544;Total male and female;0 to 4 years;Europe (including the Netherlands);Saba;2020;2;2;0
2545;Total male and female;0 to 4 years;Europe (including the Netherlands);Saba;2021;1;0;1
2546;Total male and female;0 to 4 years;Europe (including the Netherlands);Saba;2022;0;1;-1
2547;Total male and female;0 to 4 years;Europe (including the Netherlands);Saba;2023;7;0;7
2548;Total male and female;0 to 4 years;Europe (excluding the Netherlands);Caribbean Netherlands;2011;4;0;4
2549;Total male and female;0 to 4 years;Europe (excluding the Netherlands);Caribbean Netherlands;2012;3;1;2
2550;Total male and female;0 to 4 years;Europe (excluding the Netherlands);Caribbean Netherlands;2013;4;1;3
2551;Total male and female;0 to 4 years;Europe (excluding the Netherlands);Caribbean Netherlands;2014;4;2;2
2552;Total male and female;0 to 4 years;Europe (excluding the Netherlands);Caribbean Netherlands;2015;1;0;1
2553;Total male and female;0 to 4 years;Europe (excluding the Netherlands);Caribbean Netherlands;2016;3;3;0
2554;Total male and female;0 to 4 years;Europe (excluding the Netherlands);Caribbean Netherlands;2017;2;2;0
2555;Total male and female;0 to 4 years;Europe (excluding the Netherlands);Caribbean Netherlands;2018;3;0;3
2556;Total male and female;0 to 4 years;Europe (excluding the Netherlands);Caribbean Netherlands;2019;3;1;2
2557;Total male and female;0 to 4 years;Europe (excluding the Netherlands);Caribbean Netherlands;2020;0;0;0
2558;Total male and female;0 to 4 years;Europe (excluding the Netherlands);Caribbean Netherlands;2021;3;0;3
2559;Total male and female;0 to 4 years;Europe (excluding the Netherlands);Caribbean Netherlands;2022;6;2;4
2560;Total male and female;0 to 4 years;Europe (excluding the Netherlands);Caribbean Netherlands;2023;0;0;0
2561;Total male and female;0 to 4 years;Europe (excluding the Netherlands);Bonaire;2011;4;0;4
2562;Total male and female;0 to 4 years;Europe (excluding the Netherlands);Bonaire;2012;3;0;3
2563;Total male and female;0 to 4 years;Europe (excluding the Netherlands);Bonaire;2013;3;1;2
2564;Total male and female;0 to 4 years;Europe (excluding the Netherlands);Bonaire;2014;2;1;1
2565;Total male and female;0 to 4 years;Europe (excluding the Netherlands);Bonaire;2015;0;0;0
2566;Total male and female;0 to 4 years;Europe (excluding the Netherlands);Bonaire;2016;3;1;2
2567;Total male and female;0 to 4 years;Europe (excluding the Netherlands);Bonaire;2017;2;2;0
2568;Total male and female;0 to 4 years;Europe (excluding the Netherlands);Bonaire;2018;1;0;1
2569;Total male and female;0 to 4 years;Europe (excluding the Netherlands);Bonaire;2019;3;1;2
2570;Total male and female;0 to 4 years;Europe (excluding the Netherlands);Bonaire;2020;0;0;0
2571;Total male and female;0 to 4 years;Europe (excluding the Netherlands);Bonaire;2021;2;0;2
2572;Total male and female;0 to 4 years;Europe (excluding the Netherlands);Bonaire;2022;6;1;5
2573;Total male and female;0 to 4 years;Europe (excluding the Netherlands);Bonaire;2023;0;0;0
2574;Total male and female;0 to 4 years;Europe (excluding the Netherlands);St Eustatius;2011;0;0;0
2575;Total male and female;0 to 4 years;Europe (excluding the Netherlands);St Eustatius;2012;0;1;-1
2576;Total male and female;0 to 4 years;Europe (excluding the Netherlands);St Eustatius;2013;0;0;0
2577;Total male and female;0 to 4 years;Europe (excluding the Netherlands);St Eustatius;2014;1;0;1
2578;Total male and female;0 to 4 years;Europe (excluding the Netherlands);St Eustatius;2015;0;0;0
2579;Total male and female;0 to 4 years;Europe (excluding the Netherlands);St Eustatius;2016;0;0;0
2580;Total male and female;0 to 4 years;Europe (excluding the Netherlands);St Eustatius;2017;0;0;0
2581;Total male and female;0 to 4 years;Europe (excluding the Netherlands);St Eustatius;2018;0;0;0
2582;Total male and female;0 to 4 years;Europe (excluding the Netherlands);St Eustatius;2019;0;0;0
2583;Total male and female;0 to 4 years;Europe (excluding the Netherlands);St Eustatius;2020;0;0;0
2584;Total male and female;0 to 4 years;Europe (excluding the Netherlands);St Eustatius;2021;0;0;0
2585;Total male and female;0 to 4 years;Europe (excluding the Netherlands);St Eustatius;2022;0;0;0
2586;Total male and female;0 to 4 years;Europe (excluding the Netherlands);St Eustatius;2023;0;0;0
2587;Total male and female;0 to 4 years;Europe (excluding the Netherlands);Saba;2011;0;0;0
2588;Total male and female;0 to 4 years;Europe (excluding the Netherlands);Saba;2012;0;0;0
2589;Total male and female;0 to 4 years;Europe (excluding the Netherlands);Saba;2013;1;0;1
2590;Total male and female;0 to 4 years;Europe (excluding the Netherlands);Saba;2014;1;1;0
2591;Total male and female;0 to 4 years;Europe (excluding the Netherlands);Saba;2015;1;0;1
2592;Total male and female;0 to 4 years;Europe (excluding the Netherlands);Saba;2016;0;2;-2
2593;Total male and female;0 to 4 years;Europe (excluding the Netherlands);Saba;2017;0;0;0
2594;Total male and female;0 to 4 years;Europe (excluding the Netherlands);Saba;2018;2;0;2
2595;Total male and female;0 to 4 years;Europe (excluding the Netherlands);Saba;2019;0;0;0
2596;Total male and female;0 to 4 years;Europe (excluding the Netherlands);Saba;2020;0;0;0
2597;Total male and female;0 to 4 years;Europe (excluding the Netherlands);Saba;2021;1;0;1
2598;Total male and female;0 to 4 years;Europe (excluding the Netherlands);Saba;2022;0;1;-1
2599;Total male and female;0 to 4 years;Europe (excluding the Netherlands);Saba;2023;0;0;0
2600;Total male and female;0 to 4 years;Oceania;Caribbean Netherlands;2011;0;0;0
2601;Total male and female;0 to 4 years;Oceania;Caribbean Netherlands;2012;0;0;0
2602;Total male and female;0 to 4 years;Oceania;Caribbean Netherlands;2013;0;0;0
2603;Total male and female;0 to 4 years;Oceania;Caribbean Netherlands;2014;0;0;0
2604;Total male and female;0 to 4 years;Oceania;Caribbean Netherlands;2015;0;0;0
2605;Total male and female;0 to 4 years;Oceania;Caribbean Netherlands;2016;0;0;0
2606;Total male and female;0 to 4 years;Oceania;Caribbean Netherlands;2017;0;0;0
2607;Total male and female;0 to 4 years;Oceania;Caribbean Netherlands;2018;0;0;0
2608;Total male and female;0 to 4 years;Oceania;Caribbean Netherlands;2019;0;0;0
2609;Total male and female;0 to 4 years;Oceania;Caribbean Netherlands;2020;2;0;2
2610;Total male and female;0 to 4 years;Oceania;Caribbean Netherlands;2021;0;1;-1
2611;Total male and female;0 to 4 years;Oceania;Caribbean Netherlands;2022;1;1;0
2612;Total male and female;0 to 4 years;Oceania;Caribbean Netherlands;2023;0;1;-1
2613;Total male and female;0 to 4 years;Oceania;Bonaire;2011;0;0;0
2614;Total male and female;0 to 4 years;Oceania;Bonaire;2012;0;0;0
2615;Total male and female;0 to 4 years;Oceania;Bonaire;2013;0;0;0
2616;Total male and female;0 to 4 years;Oceania;Bonaire;2014;0;0;0
2617;Total male and female;0 to 4 years;Oceania;Bonaire;2015;0;0;0
2618;Total male and female;0 to 4 years;Oceania;Bonaire;2016;0;0;0
2619;Total male and female;0 to 4 years;Oceania;Bonaire;2017;0;0;0
2620;Total male and female;0 to 4 years;Oceania;Bonaire;2018;0;0;0
2621;Total male and female;0 to 4 years;Oceania;Bonaire;2019;0;0;0
2622;Total male and female;0 to 4 years;Oceania;Bonaire;2020;1;0;1
2623;Total male and female;0 to 4 years;Oceania;Bonaire;2021;0;1;-1
2624;Total male and female;0 to 4 years;Oceania;Bonaire;2022;1;0;1
2625;Total male and female;0 to 4 years;Oceania;Bonaire;2023;0;1;-1
2626;Total male and female;0 to 4 years;Oceania;St Eustatius;2011;0;0;0
2627;Total male and female;0 to 4 years;Oceania;St Eustatius;2012;0;0;0
2628;Total male and female;0 to 4 years;Oceania;St Eustatius;2013;0;0;0
2629;Total male and female;0 to 4 years;Oceania;St Eustatius;2014;0;0;0
2630;Total male and female;0 to 4 years;Oceania;St Eustatius;2015;0;0;0
2631;Total male and female;0 to 4 years;Oceania;St Eustatius;2016;0;0;0
2632;Total male and female;0 to 4 years;Oceania;St Eustatius;2017;0;0;0
2633;Total male and female;0 to 4 years;Oceania;St Eustatius;2018;0;0;0
2634;Total male and female;0 to 4 years;Oceania;St Eustatius;2019;0;0;0
2635;Total male and female;0 to 4 years;Oceania;St Eustatius;2020;0;0;0
2636;Total male and female;0 to 4 years;Oceania;St Eustatius;2021;0;0;0
2637;Total male and female;0 to 4 years;Oceania;St Eustatius;2022;0;0;0
2638;Total male and female;0 to 4 years;Oceania;St Eustatius;2023;0;0;0
2639;Total male and female;0 to 4 years;Oceania;Saba;2011;0;0;0
2640;Total male and female;0 to 4 years;Oceania;Saba;2012;0;0;0
2641;Total male and female;0 to 4 years;Oceania;Saba;2013;0;0;0
2642;Total male and female;0 to 4 years;Oceania;Saba;2014;0;0;0
2643;Total male and female;0 to 4 years;Oceania;Saba;2015;0;0;0
2644;Total male and female;0 to 4 years;Oceania;Saba;2016;0;0;0
2645;Total male and female;0 to 4 years;Oceania;Saba;2017;0;0;0
2646;Total male and female;0 to 4 years;Oceania;Saba;2018;0;0;0
2647;Total male and female;0 to 4 years;Oceania;Saba;2019;0;0;0
2648;Total male and female;0 to 4 years;Oceania;Saba;2020;1;0;1
2649;Total male and female;0 to 4 years;Oceania;Saba;2021;0;0;0
2650;Total male and female;0 to 4 years;Oceania;Saba;2022;0;1;-1
2651;Total male and female;0 to 4 years;Oceania;Saba;2023;0;0;0
2652;Total male and female;0 to 4 years;Central and South America;Caribbean Netherlands;2011;39;49;-10
2653;Total male and female;0 to 4 years;Central and South America;Caribbean Netherlands;2012;60;38;22
2654;Total male and female;0 to 4 years;Central and South America;Caribbean Netherlands;2013;66;36;30
2655;Total male and female;0 to 4 years;Central and South America;Caribbean Netherlands;2014;50;38;12
2656;Total male and female;0 to 4 years;Central and South America;Caribbean Netherlands;2015;60;27;33
2657;Total male and female;0 to 4 years;Central and South America;Caribbean Netherlands;2016;38;50;-12
2658;Total male and female;0 to 4 years;Central and South America;Caribbean Netherlands;2017;65;50;15
2659;Total male and female;0 to 4 years;Central and South America;Caribbean Netherlands;2018;60;49;11
2660;Total male and female;0 to 4 years;Central and South America;Caribbean Netherlands;2019;38;31;7
2661;Total male and female;0 to 4 years;Central and South America;Caribbean Netherlands;2020;67;32;35
2662;Total male and female;0 to 4 years;Central and South America;Caribbean Netherlands;2021;46;35;11
2663;Total male and female;0 to 4 years;Central and South America;Caribbean Netherlands;2022;61;49;12
2664;Total male and female;0 to 4 years;Central and South America;Caribbean Netherlands;2023;67;37;30
2665;Total male and female;0 to 4 years;Central and South America;Bonaire;2011;26;37;-11
2666;Total male and female;0 to 4 years;Central and South America;Bonaire;2012;49;30;19
2667;Total male and female;0 to 4 years;Central and South America;Bonaire;2013;49;29;20
2668;Total male and female;0 to 4 years;Central and South America;Bonaire;2014;35;29;6
2669;Total male and female;0 to 4 years;Central and South America;Bonaire;2015;50;22;28
2670;Total male and female;0 to 4 years;Central and South America;Bonaire;2016;29;39;-10
2671;Total male and female;0 to 4 years;Central and South America;Bonaire;2017;48;43;5
2672;Total male and female;0 to 4 years;Central and South America;Bonaire;2018;46;38;8
2673;Total male and female;0 to 4 years;Central and South America;Bonaire;2019;29;26;3
2674;Total male and female;0 to 4 years;Central and South America;Bonaire;2020;63;28;35
2675;Total male and female;0 to 4 years;Central and South America;Bonaire;2021;36;29;7
2676;Total male and female;0 to 4 years;Central and South America;Bonaire;2022;42;45;-3
2677;Total male and female;0 to 4 years;Central and South America;Bonaire;2023;50;28;22
2678;Total male and female;0 to 4 years;Central and South America;St Eustatius;2011;6;8;-2
2679;Total male and female;0 to 4 years;Central and South America;St Eustatius;2012;8;6;2
2680;Total male and female;0 to 4 years;Central and South America;St Eustatius;2013;10;6;4
2681;Total male and female;0 to 4 years;Central and South America;St Eustatius;2014;8;4;4
2682;Total male and female;0 to 4 years;Central and South America;St Eustatius;2015;7;5;2
2683;Total male and female;0 to 4 years;Central and South America;St Eustatius;2016;7;6;1
2684;Total male and female;0 to 4 years;Central and South America;St Eustatius;2017;11;5;6
2685;Total male and female;0 to 4 years;Central and South America;St Eustatius;2018;8;8;0
2686;Total male and female;0 to 4 years;Central and South America;St Eustatius;2019;5;2;3
2687;Total male and female;0 to 4 years;Central and South America;St Eustatius;2020;2;4;-2
2688;Total male and female;0 to 4 years;Central and South America;St Eustatius;2021;5;5;0
2689;Total male and female;0 to 4 years;Central and South America;St Eustatius;2022;11;1;10
2690;Total male and female;0 to 4 years;Central and South America;St Eustatius;2023;5;8;-3
2691;Total male and female;0 to 4 years;Central and South America;Saba;2011;7;4;3
2692;Total male and female;0 to 4 years;Central and South America;Saba;2012;3;2;1
2693;Total male and female;0 to 4 years;Central and South America;Saba;2013;7;1;6
2694;Total male and female;0 to 4 years;Central and South America;Saba;2014;7;5;2
2695;Total male and female;0 to 4 years;Central and South America;Saba;2015;3;0;3
2696;Total male and female;0 to 4 years;Central and South America;Saba;2016;2;5;-3
2697;Total male and female;0 to 4 years;Central and South America;Saba;2017;6;2;4
2698;Total male and female;0 to 4 years;Central and South America;Saba;2018;6;3;3
2699;Total male and female;0 to 4 years;Central and South America;Saba;2019;4;3;1
2700;Total male and female;0 to 4 years;Central and South America;Saba;2020;2;0;2
2701;Total male and female;0 to 4 years;Central and South America;Saba;2021;5;1;4
2702;Total male and female;0 to 4 years;Central and South America;Saba;2022;8;3;5
2703;Total male and female;0 to 4 years;Central and South America;Saba;2023;12;1;11
2704;Total male and female;0 to 4 years;North America;Caribbean Netherlands;2011;13;5;8
2705;Total male and female;0 to 4 years;North America;Caribbean Netherlands;2012;10;4;6
2706;Total male and female;0 to 4 years;North America;Caribbean Netherlands;2013;10;6;4
2707;Total male and female;0 to 4 years;North America;Caribbean Netherlands;2014;7;2;5
2708;Total male and female;0 to 4 years;North America;Caribbean Netherlands;2015;6;3;3
2709;Total male and female;0 to 4 years;North America;Caribbean Netherlands;2016;5;2;3
2710;Total male and female;0 to 4 years;North America;Caribbean Netherlands;2017;7;0;7
2711;Total male and female;0 to 4 years;North America;Caribbean Netherlands;2018;10;1;9
2712;Total male and female;0 to 4 years;North America;Caribbean Netherlands;2019;4;4;0
2713;Total male and female;0 to 4 years;North America;Caribbean Netherlands;2020;1;0;1
2714;Total male and female;0 to 4 years;North America;Caribbean Netherlands;2021;2;4;-2
2715;Total male and female;0 to 4 years;North America;Caribbean Netherlands;2022;6;1;5
2716;Total male and female;0 to 4 years;North America;Caribbean Netherlands;2023;2;4;-2
2717;Total male and female;0 to 4 years;North America;Bonaire;2011;5;1;4
2718;Total male and female;0 to 4 years;North America;Bonaire;2012;2;2;0
2719;Total male and female;0 to 4 years;North America;Bonaire;2013;4;0;4
2720;Total male and female;0 to 4 years;North America;Bonaire;2014;3;1;2
2721;Total male and female;0 to 4 years;North America;Bonaire;2015;3;0;3
2722;Total male and female;0 to 4 years;North America;Bonaire;2016;1;0;1
2723;Total male and female;0 to 4 years;North America;Bonaire;2017;3;0;3
2724;Total male and female;0 to 4 years;North America;Bonaire;2018;0;0;0
2725;Total male and female;0 to 4 years;North America;Bonaire;2019;1;0;1
2726;Total male and female;0 to 4 years;North America;Bonaire;2020;1;0;1
2727;Total male and female;0 to 4 years;North America;Bonaire;2021;0;0;0
2728;Total male and female;0 to 4 years;North America;Bonaire;2022;0;0;0
2729;Total male and female;0 to 4 years;North America;Bonaire;2023;1;0;1
2730;Total male and female;0 to 4 years;North America;St Eustatius;2011;4;2;2
2731;Total male and female;0 to 4 years;North America;St Eustatius;2012;3;0;3
2732;Total male and female;0 to 4 years;North America;St Eustatius;2013;5;3;2
2733;Total male and female;0 to 4 years;North America;St Eustatius;2014;1;1;0
2734;Total male and female;0 to 4 years;North America;St Eustatius;2015;0;3;-3
2735;Total male and female;0 to 4 years;North America;St Eustatius;2016;0;0;0
2736;Total male and female;0 to 4 years;North America;St Eustatius;2017;0;0;0
2737;Total male and female;0 to 4 years;North America;St Eustatius;2018;4;0;4
2738;Total male and female;0 to 4 years;North America;St Eustatius;2019;0;2;-2
2739;Total male and female;0 to 4 years;North America;St Eustatius;2020;0;0;0
2740;Total male and female;0 to 4 years;North America;St Eustatius;2021;0;0;0
2741;Total male and female;0 to 4 years;North America;St Eustatius;2022;4;1;3
2742;Total male and female;0 to 4 years;North America;St Eustatius;2023;0;3;-3
2743;Total male and female;0 to 4 years;North America;Saba;2011;4;2;2
2744;Total male and female;0 to 4 years;North America;Saba;2012;5;2;3
2745;Total male and female;0 to 4 years;North America;Saba;2013;1;3;-2
2746;Total male and female;0 to 4 years;North America;Saba;2014;3;0;3
2747;Total male and female;0 to 4 years;North America;Saba;2015;3;0;3
2748;Total male and female;0 to 4 years;North America;Saba;2016;4;2;2
2749;Total male and female;0 to 4 years;North America;Saba;2017;4;0;4
2750;Total male and female;0 to 4 years;North America;Saba;2018;6;1;5
2751;Total male and female;0 to 4 years;North America;Saba;2019;3;2;1
2752;Total male and female;0 to 4 years;North America;Saba;2020;0;0;0
2753;Total male and female;0 to 4 years;North America;Saba;2021;2;4;-2
2754;Total male and female;0 to 4 years;North America;Saba;2022;2;0;2
2755;Total male and female;0 to 4 years;North America;Saba;2023;1;1;0
2756;Total male and female;0 to 4 years;Aruba, Curaçao, St Maarten;Caribbean Netherlands;2011;26;20;6
2757;Total male and female;0 to 4 years;Aruba, Curaçao, St Maarten;Caribbean Netherlands;2012;34;14;20
2758;Total male and female;0 to 4 years;Aruba, Curaçao, St Maarten;Caribbean Netherlands;2013;39;9;30
2759;Total male and female;0 to 4 years;Aruba, Curaçao, St Maarten;Caribbean Netherlands;2014;30;17;13
2760;Total male and female;0 to 4 years;Aruba, Curaçao, St Maarten;Caribbean Netherlands;2015;32;5;27
2761;Total male and female;0 to 4 years;Aruba, Curaçao, St Maarten;Caribbean Netherlands;2016;18;10;8
2762;Total male and female;0 to 4 years;Aruba, Curaçao, St Maarten;Caribbean Netherlands;2017;24;12;12
2763;Total male and female;0 to 4 years;Aruba, Curaçao, St Maarten;Caribbean Netherlands;2018;34;12;22
2764;Total male and female;0 to 4 years;Aruba, Curaçao, St Maarten;Caribbean Netherlands;2019;25;8;17
2765;Total male and female;0 to 4 years;Aruba, Curaçao, St Maarten;Caribbean Netherlands;2020;46;6;40
2766;Total male and female;0 to 4 years;Aruba, Curaçao, St Maarten;Caribbean Netherlands;2021;33;7;26
2767;Total male and female;0 to 4 years;Aruba, Curaçao, St Maarten;Caribbean Netherlands;2022;29;13;16
2768;Total male and female;0 to 4 years;Aruba, Curaçao, St Maarten;Caribbean Netherlands;2023;31;6;25
2769;Total male and female;0 to 4 years;Aruba, Curaçao, St Maarten;Bonaire;2011;17;13;4
2770;Total male and female;0 to 4 years;Aruba, Curaçao, St Maarten;Bonaire;2012;27;9;18
2771;Total male and female;0 to 4 years;Aruba, Curaçao, St Maarten;Bonaire;2013;30;4;26
2772;Total male and female;0 to 4 years;Aruba, Curaçao, St Maarten;Bonaire;2014;19;9;10
2773;Total male and female;0 to 4 years;Aruba, Curaçao, St Maarten;Bonaire;2015;26;2;24
2774;Total male and female;0 to 4 years;Aruba, Curaçao, St Maarten;Bonaire;2016;12;3;9
2775;Total male and female;0 to 4 years;Aruba, Curaçao, St Maarten;Bonaire;2017;14;7;7
2776;Total male and female;0 to 4 years;Aruba, Curaçao, St Maarten;Bonaire;2018;23;7;16
2777;Total male and female;0 to 4 years;Aruba, Curaçao, St Maarten;Bonaire;2019;22;5;17
2778;Total male and female;0 to 4 years;Aruba, Curaçao, St Maarten;Bonaire;2020;44;2;42
2779;Total male and female;0 to 4 years;Aruba, Curaçao, St Maarten;Bonaire;2021;26;3;23
2780;Total male and female;0 to 4 years;Aruba, Curaçao, St Maarten;Bonaire;2022;22;10;12
2781;Total male and female;0 to 4 years;Aruba, Curaçao, St Maarten;Bonaire;2023;17;1;16
2782;Total male and female;0 to 4 years;Aruba, Curaçao, St Maarten;St Eustatius;2011;3;5;-2
2783;Total male and female;0 to 4 years;Aruba, Curaçao, St Maarten;St Eustatius;2012;5;3;2
2784;Total male and female;0 to 4 years;Aruba, Curaçao, St Maarten;St Eustatius;2013;6;4;2
2785;Total male and female;0 to 4 years;Aruba, Curaçao, St Maarten;St Eustatius;2014;6;3;3
2786;Total male and female;0 to 4 years;Aruba, Curaçao, St Maarten;St Eustatius;2015;5;3;2
2787;Total male and female;0 to 4 years;Aruba, Curaçao, St Maarten;St Eustatius;2016;5;5;0
2788;Total male and female;0 to 4 years;Aruba, Curaçao, St Maarten;St Eustatius;2017;6;3;3
2789;Total male and female;0 to 4 years;Aruba, Curaçao, St Maarten;St Eustatius;2018;6;3;3
2790;Total male and female;0 to 4 years;Aruba, Curaçao, St Maarten;St Eustatius;2019;2;1;1
2791;Total male and female;0 to 4 years;Aruba, Curaçao, St Maarten;St Eustatius;2020;0;4;-4
2792;Total male and female;0 to 4 years;Aruba, Curaçao, St Maarten;St Eustatius;2021;3;3;0
2793;Total male and female;0 to 4 years;Aruba, Curaçao, St Maarten;St Eustatius;2022;4;1;3
2794;Total male and female;0 to 4 years;Aruba, Curaçao, St Maarten;St Eustatius;2023;4;4;0
2795;Total male and female;0 to 4 years;Aruba, Curaçao, St Maarten;Saba;2011;6;2;4
2796;Total male and female;0 to 4 years;Aruba, Curaçao, St Maarten;Saba;2012;2;2;0
2797;Total male and female;0 to 4 years;Aruba, Curaçao, St Maarten;Saba;2013;3;1;2
2798;Total male and female;0 to 4 years;Aruba, Curaçao, St Maarten;Saba;2014;5;5;0
2799;Total male and female;0 to 4 years;Aruba, Curaçao, St Maarten;Saba;2015;1;0;1
2800;Total male and female;0 to 4 years;Aruba, Curaçao, St Maarten;Saba;2016;1;2;-1
2801;Total male and female;0 to 4 years;Aruba, Curaçao, St Maarten;Saba;2017;4;2;2
2802;Total male and female;0 to 4 years;Aruba, Curaçao, St Maarten;Saba;2018;5;2;3
2803;Total male and female;0 to 4 years;Aruba, Curaçao, St Maarten;Saba;2019;1;2;-1
2804;Total male and female;0 to 4 years;Aruba, Curaçao, St Maarten;Saba;2020;2;0;2
2805;Total male and female;0 to 4 years;Aruba, Curaçao, St Maarten;Saba;2021;4;1;3
2806;Total male and female;0 to 4 years;Aruba, Curaçao, St Maarten;Saba;2022;3;2;1
2807;Total male and female;0 to 4 years;Aruba, Curaçao, St Maarten;Saba;2023;10;1;9
2808;Total male and female;0 to 4 years;Caribbean Netherlands;Caribbean Netherlands;2011;8;27;-19
2809;Total male and female;0 to 4 years;Caribbean Netherlands;Caribbean Netherlands;2012;14;24;-10
2810;Total male and female;0 to 4 years;Caribbean Netherlands;Caribbean Netherlands;2013;12;25;-13
2811;Total male and female;0 to 4 years;Caribbean Netherlands;Caribbean Netherlands;2014;4;20;-16
2812;Total male and female;0 to 4 years;Caribbean Netherlands;Caribbean Netherlands;2015;6;21;-15
2813;Total male and female;0 to 4 years;Caribbean Netherlands;Caribbean Netherlands;2016;4;35;-31
2814;Total male and female;0 to 4 years;Caribbean Netherlands;Caribbean Netherlands;2017;14;35;-21
2815;Total male and female;0 to 4 years;Caribbean Netherlands;Caribbean Netherlands;2018;4;31;-27
2816;Total male and female;0 to 4 years;Caribbean Netherlands;Caribbean Netherlands;2019;4;20;-16
2817;Total male and female;0 to 4 years;Caribbean Netherlands;Caribbean Netherlands;2020;7;24;-17
2818;Total male and female;0 to 4 years;Caribbean Netherlands;Caribbean Netherlands;2021;5;25;-20
2819;Total male and female;0 to 4 years;Caribbean Netherlands;Caribbean Netherlands;2022;6;36;-30
2820;Total male and female;0 to 4 years;Caribbean Netherlands;Caribbean Netherlands;2023;7;29;-22
2821;Total male and female;0 to 4 years;Caribbean Netherlands;Bonaire;2011;7;23;-16
2822;Total male and female;0 to 4 years;Caribbean Netherlands;Bonaire;2012;12;21;-9
2823;Total male and female;0 to 4 years;Caribbean Netherlands;Bonaire;2013;9;23;-14
2824;Total male and female;0 to 4 years;Caribbean Netherlands;Bonaire;2014;4;19;-15
2825;Total male and female;0 to 4 years;Caribbean Netherlands;Bonaire;2015;5;19;-14
2826;Total male and female;0 to 4 years;Caribbean Netherlands;Bonaire;2016;4;32;-28
2827;Total male and female;0 to 4 years;Caribbean Netherlands;Bonaire;2017;14;33;-19
2828;Total male and female;0 to 4 years;Caribbean Netherlands;Bonaire;2018;3;27;-24
2829;Total male and female;0 to 4 years;Caribbean Netherlands;Bonaire;2019;4;18;-14
2830;Total male and female;0 to 4 years;Caribbean Netherlands;Bonaire;2020;6;24;-18
2831;Total male and female;0 to 4 years;Caribbean Netherlands;Bonaire;2021;5;23;-18
2832;Total male and female;0 to 4 years;Caribbean Netherlands;Bonaire;2022;6;35;-29
2833;Total male and female;0 to 4 years;Caribbean Netherlands;Bonaire;2023;7;27;-20
2834;Total male and female;0 to 4 years;Caribbean Netherlands;St Eustatius;2011;1;3;-2
2835;Total male and female;0 to 4 years;Caribbean Netherlands;St Eustatius;2012;2;3;-1
2836;Total male and female;0 to 4 years;Caribbean Netherlands;St Eustatius;2013;3;2;1
2837;Total male and female;0 to 4 years;Caribbean Netherlands;St Eustatius;2014;0;1;-1
2838;Total male and female;0 to 4 years;Caribbean Netherlands;St Eustatius;2015;1;2;-1
2839;Total male and female;0 to 4 years;Caribbean Netherlands;St Eustatius;2016;0;1;-1
2840;Total male and female;0 to 4 years;Caribbean Netherlands;St Eustatius;2017;0;2;-2
2841;Total male and female;0 to 4 years;Caribbean Netherlands;St Eustatius;2018;1;4;-3
2842;Total male and female;0 to 4 years;Caribbean Netherlands;St Eustatius;2019;0;1;-1
2843;Total male and female;0 to 4 years;Caribbean Netherlands;St Eustatius;2020;1;0;1
2844;Total male and female;0 to 4 years;Caribbean Netherlands;St Eustatius;2021;0;2;-2
2845;Total male and female;0 to 4 years;Caribbean Netherlands;St Eustatius;2022;0;0;0
2846;Total male and female;0 to 4 years;Caribbean Netherlands;St Eustatius;2023;0;2;-2
2847;Total male and female;0 to 4 years;Caribbean Netherlands;Saba;2011;0;1;-1
2848;Total male and female;0 to 4 years;Caribbean Netherlands;Saba;2012;0;0;0
2849;Total male and female;0 to 4 years;Caribbean Netherlands;Saba;2013;0;0;0
2850;Total male and female;0 to 4 years;Caribbean Netherlands;Saba;2014;0;0;0
2851;Total male and female;0 to 4 years;Caribbean Netherlands;Saba;2015;0;0;0
2852;Total male and female;0 to 4 years;Caribbean Netherlands;Saba;2016;0;2;-2
2853;Total male and female;0 to 4 years;Caribbean Netherlands;Saba;2017;0;0;0
2854;Total male and female;0 to 4 years;Caribbean Netherlands;Saba;2018;0;0;0
2855;Total male and female;0 to 4 years;Caribbean Netherlands;Saba;2019;0;1;-1
2856;Total male and female;0 to 4 years;Caribbean Netherlands;Saba;2020;0;0;0
2857;Total male and female;0 to 4 years;Caribbean Netherlands;Saba;2021;0;0;0
2858;Total male and female;0 to 4 years;Caribbean Netherlands;Saba;2022;0;1;-1
2859;Total male and female;0 to 4 years;Caribbean Netherlands;Saba;2023;0;0;0
2860;Total male and female;0 to 4 years;European Union (including Netherlands);Caribbean Netherlands;2011;69;19;50
2861;Total male and female;0 to 4 years;European Union (including Netherlands);Caribbean Netherlands;2012;40;11;29
2862;Total male and female;0 to 4 years;European Union (including Netherlands);Caribbean Netherlands;2013;45;14;31
2863;Total male and female;0 to 4 years;European Union (including Netherlands);Caribbean Netherlands;2014;52;14;38
2864;Total male and female;0 to 4 years;European Union (including Netherlands);Caribbean Netherlands;2015;34;14;20
2865;Total male and female;0 to 4 years;European Union (including Netherlands);Caribbean Netherlands;2016;38;17;21
2866;Total male and female;0 to 4 years;European Union (including Netherlands);Caribbean Netherlands;2017;37;9;28
2867;Total male and female;0 to 4 years;European Union (including Netherlands);Caribbean Netherlands;2018;23;14;9
2868;Total male and female;0 to 4 years;European Union (including Netherlands);Caribbean Netherlands;2019;24;8;16
2869;Total male and female;0 to 4 years;European Union (including Netherlands);Caribbean Netherlands;2020;32;14;18
2870;Total male and female;0 to 4 years;European Union (including Netherlands);Caribbean Netherlands;2021;35;14;21
2871;Total male and female;0 to 4 years;European Union (including Netherlands);Caribbean Netherlands;2022;39;14;25
2872;Total male and female;0 to 4 years;European Union (including Netherlands);Caribbean Netherlands;2023;29;10;19
2873;Total male and female;0 to 4 years;European Union (including Netherlands);Bonaire;2011;55;12;43
2874;Total male and female;0 to 4 years;European Union (including Netherlands);Bonaire;2012;37;10;27
2875;Total male and female;0 to 4 years;European Union (including Netherlands);Bonaire;2013;34;13;21
2876;Total male and female;0 to 4 years;European Union (including Netherlands);Bonaire;2014;43;12;31
2877;Total male and female;0 to 4 years;European Union (including Netherlands);Bonaire;2015;31;13;18
2878;Total male and female;0 to 4 years;European Union (including Netherlands);Bonaire;2016;31;15;16
2879;Total male and female;0 to 4 years;European Union (including Netherlands);Bonaire;2017;31;8;23
2880;Total male and female;0 to 4 years;European Union (including Netherlands);Bonaire;2018;19;12;7
2881;Total male and female;0 to 4 years;European Union (including Netherlands);Bonaire;2019;22;6;16
2882;Total male and female;0 to 4 years;European Union (including Netherlands);Bonaire;2020;27;12;15
2883;Total male and female;0 to 4 years;European Union (including Netherlands);Bonaire;2021;31;8;23
2884;Total male and female;0 to 4 years;European Union (including Netherlands);Bonaire;2022;39;13;26
2885;Total male and female;0 to 4 years;European Union (including Netherlands);Bonaire;2023;21;10;11
2886;Total male and female;0 to 4 years;European Union (including Netherlands);St Eustatius;2011;9;6;3
2887;Total male and female;0 to 4 years;European Union (including Netherlands);St Eustatius;2012;2;1;1
2888;Total male and female;0 to 4 years;European Union (including Netherlands);St Eustatius;2013;8;1;7
2889;Total male and female;0 to 4 years;European Union (including Netherlands);St Eustatius;2014;6;1;5
2890;Total male and female;0 to 4 years;European Union (including Netherlands);St Eustatius;2015;1;1;0
2891;Total male and female;0 to 4 years;European Union (including Netherlands);St Eustatius;2016;5;1;4
2892;Total male and female;0 to 4 years;European Union (including Netherlands);St Eustatius;2017;5;1;4
2893;Total male and female;0 to 4 years;European Union (including Netherlands);St Eustatius;2018;1;1;0
2894;Total male and female;0 to 4 years;European Union (including Netherlands);St Eustatius;2019;2;0;2
2895;Total male and female;0 to 4 years;European Union (including Netherlands);St Eustatius;2020;3;0;3
2896;Total male and female;0 to 4 years;European Union (including Netherlands);St Eustatius;2021;3;6;-3
2897;Total male and female;0 to 4 years;European Union (including Netherlands);St Eustatius;2022;0;0;0
2898;Total male and female;0 to 4 years;European Union (including Netherlands);St Eustatius;2023;1;0;1
2899;Total male and female;0 to 4 years;European Union (including Netherlands);Saba;2011;5;1;4
2900;Total male and female;0 to 4 years;European Union (including Netherlands);Saba;2012;1;0;1
2901;Total male and female;0 to 4 years;European Union (including Netherlands);Saba;2013;3;0;3
2902;Total male and female;0 to 4 years;European Union (including Netherlands);Saba;2014;3;1;2
2903;Total male and female;0 to 4 years;European Union (including Netherlands);Saba;2015;2;0;2
2904;Total male and female;0 to 4 years;European Union (including Netherlands);Saba;2016;2;1;1
2905;Total male and female;0 to 4 years;European Union (including Netherlands);Saba;2017;1;0;1
2906;Total male and female;0 to 4 years;European Union (including Netherlands);Saba;2018;3;1;2
2907;Total male and female;0 to 4 years;European Union (including Netherlands);Saba;2019;0;2;-2
2908;Total male and female;0 to 4 years;European Union (including Netherlands);Saba;2020;2;2;0
2909;Total male and female;0 to 4 years;European Union (including Netherlands);Saba;2021;1;0;1
2910;Total male and female;0 to 4 years;European Union (including Netherlands);Saba;2022;0;1;-1
2911;Total male and female;0 to 4 years;European Union (including Netherlands);Saba;2023;7;0;7
2912;Total male and female;0 to 4 years;European Union (excluding Netherlands);Caribbean Netherlands;2011;4;0;4
2913;Total male and female;0 to 4 years;European Union (excluding Netherlands);Caribbean Netherlands;2012;3;0;3
2914;Total male and female;0 to 4 years;European Union (excluding Netherlands);Caribbean Netherlands;2013;4;1;3
2915;Total male and female;0 to 4 years;European Union (excluding Netherlands);Caribbean Netherlands;2014;3;2;1
2916;Total male and female;0 to 4 years;European Union (excluding Netherlands);Caribbean Netherlands;2015;1;0;1
2917;Total male and female;0 to 4 years;European Union (excluding Netherlands);Caribbean Netherlands;2016;3;2;1
2918;Total male and female;0 to 4 years;European Union (excluding Netherlands);Caribbean Netherlands;2017;1;2;-1
2919;Total male and female;0 to 4 years;European Union (excluding Netherlands);Caribbean Netherlands;2018;3;0;3
2920;Total male and female;0 to 4 years;European Union (excluding Netherlands);Caribbean Netherlands;2019;3;1;2
2921;Total male and female;0 to 4 years;European Union (excluding Netherlands);Caribbean Netherlands;2020;0;0;0
2922;Total male and female;0 to 4 years;European Union (excluding Netherlands);Caribbean Netherlands;2021;2;0;2
2923;Total male and female;0 to 4 years;European Union (excluding Netherlands);Caribbean Netherlands;2022;5;2;3
2924;Total male and female;0 to 4 years;European Union (excluding Netherlands);Caribbean Netherlands;2023;0;0;0
2925;Total male and female;0 to 4 years;European Union (excluding Netherlands);Bonaire;2011;4;0;4
2926;Total male and female;0 to 4 years;European Union (excluding Netherlands);Bonaire;2012;3;0;3
2927;Total male and female;0 to 4 years;European Union (excluding Netherlands);Bonaire;2013;3;1;2
2928;Total male and female;0 to 4 years;European Union (excluding Netherlands);Bonaire;2014;2;1;1
2929;Total male and female;0 to 4 years;European Union (excluding Netherlands);Bonaire;2015;0;0;0
2930;Total male and female;0 to 4 years;European Union (excluding Netherlands);Bonaire;2016;3;1;2
2931;Total male and female;0 to 4 years;European Union (excluding Netherlands);Bonaire;2017;1;2;-1
2932;Total male and female;0 to 4 years;European Union (excluding Netherlands);Bonaire;2018;1;0;1
2933;Total male and female;0 to 4 years;European Union (excluding Netherlands);Bonaire;2019;3;1;2
2934;Total male and female;0 to 4 years;European Union (excluding Netherlands);Bonaire;2020;0;0;0
2935;Total male and female;0 to 4 years;European Union (excluding Netherlands);Bonaire;2021;1;0;1
2936;Total male and female;0 to 4 years;European Union (excluding Netherlands);Bonaire;2022;5;1;4
2937;Total male and female;0 to 4 years;European Union (excluding Netherlands);Bonaire;2023;0;0;0
2938;Total male and female;0 to 4 years;European Union (excluding Netherlands);St Eustatius;2011;0;0;0
2939;Total male and female;0 to 4 years;European Union (excluding Netherlands);St Eustatius;2012;0;0;0
2940;Total male and female;0 to 4 years;European Union (excluding Netherlands);St Eustatius;2013;0;0;0
2941;Total male and female;0 to 4 years;European Union (excluding Netherlands);St Eustatius;2014;1;0;1
2942;Total male and female;0 to 4 years;European Union (excluding Netherlands);St Eustatius;2015;0;0;0
2943;Total male and female;0 to 4 years;European Union (excluding Netherlands);St Eustatius;2016;0;0;0
2944;Total male and female;0 to 4 years;European Union (excluding Netherlands);St Eustatius;2017;0;0;0
2945;Total male and female;0 to 4 years;European Union (excluding Netherlands);St Eustatius;2018;0;0;0
2946;Total male and female;0 to 4 years;European Union (excluding Netherlands);St Eustatius;2019;0;0;0
2947;Total male and female;0 to 4 years;European Union (excluding Netherlands);St Eustatius;2020;0;0;0
2948;Total male and female;0 to 4 years;European Union (excluding Netherlands);St Eustatius;2021;0;0;0
2949;Total male and female;0 to 4 years;European Union (excluding Netherlands);St Eustatius;2022;0;0;0
2950;Total male and female;0 to 4 years;European Union (excluding Netherlands);St Eustatius;2023;0;0;0
2951;Total male and female;0 to 4 years;European Union (excluding Netherlands);Saba;2011;0;0;0
2952;Total male and female;0 to 4 years;European Union (excluding Netherlands);Saba;2012;0;0;0
2953;Total male and female;0 to 4 years;European Union (excluding Netherlands);Saba;2013;1;0;1
2954;Total male and female;0 to 4 years;European Union (excluding Netherlands);Saba;2014;0;1;-1
2955;Total male and female;0 to 4 years;European Union (excluding Netherlands);Saba;2015;1;0;1
2956;Total male and female;0 to 4 years;European Union (excluding Netherlands);Saba;2016;0;1;-1
2957;Total male and female;0 to 4 years;European Union (excluding Netherlands);Saba;2017;0;0;0
2958;Total male and female;0 to 4 years;European Union (excluding Netherlands);Saba;2018;2;0;2
2959;Total male and female;0 to 4 years;European Union (excluding Netherlands);Saba;2019;0;0;0
2960;Total male and female;0 to 4 years;European Union (excluding Netherlands);Saba;2020;0;0;0
2961;Total male and female;0 to 4 years;European Union (excluding Netherlands);Saba;2021;1;0;1
2962;Total male and female;0 to 4 years;European Union (excluding Netherlands);Saba;2022;0;1;-1
2963;Total male and female;0 to 4 years;European Union (excluding Netherlands);Saba;2023;0;0;0
2964;Total male and female;0 to 4 years;Central and South America (excl Dutch..);Caribbean Netherlands;2011;5;2;3
2965;Total male and female;0 to 4 years;Central and South America (excl Dutch..);Caribbean Netherlands;2012;12;0;12
2966;Total male and female;0 to 4 years;Central and South America (excl Dutch..);Caribbean Netherlands;2013;15;2;13
2967;Total male and female;0 to 4 years;Central and South America (excl Dutch..);Caribbean Netherlands;2014;16;1;15
2968;Total male and female;0 to 4 years;Central and South America (excl Dutch..);Caribbean Netherlands;2015;22;1;21
2969;Total male and female;0 to 4 years;Central and South America (excl Dutch..);Caribbean Netherlands;2016;16;5;11
2970;Total male and female;0 to 4 years;Central and South America (excl Dutch..);Caribbean Netherlands;2017;27;3;24
2971;Total male and female;0 to 4 years;Central and South America (excl Dutch..);Caribbean Netherlands;2018;22;6;16
2972;Total male and female;0 to 4 years;Central and South America (excl Dutch..);Caribbean Netherlands;2019;9;3;6
2973;Total male and female;0 to 4 years;Central and South America (excl Dutch..);Caribbean Netherlands;2020;14;2;12
2974;Total male and female;0 to 4 years;Central and South America (excl Dutch..);Caribbean Netherlands;2021;8;3;5
2975;Total male and female;0 to 4 years;Central and South America (excl Dutch..);Caribbean Netherlands;2022;26;0;26
2976;Total male and female;0 to 4 years;Central and South America (excl Dutch..);Caribbean Netherlands;2023;29;2;27
2977;Total male and female;0 to 4 years;Central and South America (excl Dutch..);Bonaire;2011;2;1;1
2978;Total male and female;0 to 4 years;Central and South America (excl Dutch..);Bonaire;2012;10;0;10
2979;Total male and female;0 to 4 years;Central and South America (excl Dutch..);Bonaire;2013;10;2;8
2980;Total male and female;0 to 4 years;Central and South America (excl Dutch..);Bonaire;2014;12;1;11
2981;Total male and female;0 to 4 years;Central and South America (excl Dutch..);Bonaire;2015;19;1;18
2982;Total male and female;0 to 4 years;Central and South America (excl Dutch..);Bonaire;2016;13;4;9
2983;Total male and female;0 to 4 years;Central and South America (excl Dutch..);Bonaire;2017;20;3;17
2984;Total male and female;0 to 4 years;Central and South America (excl Dutch..);Bonaire;2018;20;4;16
2985;Total male and female;0 to 4 years;Central and South America (excl Dutch..);Bonaire;2019;3;3;0
2986;Total male and female;0 to 4 years;Central and South America (excl Dutch..);Bonaire;2020;13;2;11
2987;Total male and female;0 to 4 years;Central and South America (excl Dutch..);Bonaire;2021;5;3;2
2988;Total male and female;0 to 4 years;Central and South America (excl Dutch..);Bonaire;2022;14;0;14
2989;Total male and female;0 to 4 years;Central and South America (excl Dutch..);Bonaire;2023;26;0;26
2990;Total male and female;0 to 4 years;Central and South America (excl Dutch..);St Eustatius;2011;2;0;2
2991;Total male and female;0 to 4 years;Central and South America (excl Dutch..);St Eustatius;2012;1;0;1
2992;Total male and female;0 to 4 years;Central and South America (excl Dutch..);St Eustatius;2013;1;0;1
2993;Total male and female;0 to 4 years;Central and South America (excl Dutch..);St Eustatius;2014;2;0;2
2994;Total male and female;0 to 4 years;Central and South America (excl Dutch..);St Eustatius;2015;1;0;1
2995;Total male and female;0 to 4 years;Central and South America (excl Dutch..);St Eustatius;2016;2;0;2
2996;Total male and female;0 to 4 years;Central and South America (excl Dutch..);St Eustatius;2017;5;0;5
2997;Total male and female;0 to 4 years;Central and South America (excl Dutch..);St Eustatius;2018;1;1;0
2998;Total male and female;0 to 4 years;Central and South America (excl Dutch..);St Eustatius;2019;3;0;3
2999;Total male and female;0 to 4 years;Central and South America (excl Dutch..);St Eustatius;2020;1;0;1
3000;Total male and female;0 to 4 years;Central and South America (excl Dutch..);St Eustatius;2021;2;0;2
3001;Total male and female;0 to 4 years;Central and South America (excl Dutch..);St Eustatius;2022;7;0;7
3002;Total male and female;0 to 4 years;Central and South America (excl Dutch..);St Eustatius;2023;1;2;-1
3003;Total male and female;0 to 4 years;Central and South America (excl Dutch..);Saba;2011;1;1;0
3004;Total male and female;0 to 4 years;Central and South America (excl Dutch..);Saba;2012;1;0;1
3005;Total male and female;0 to 4 years;Central and South America (excl Dutch..);Saba;2013;4;0;4
3006;Total male and female;0 to 4 years;Central and South America (excl Dutch..);Saba;2014;2;0;2
3007;Total male and female;0 to 4 years;Central and South America (excl Dutch..);Saba;2015;2;0;2
3008;Total male and female;0 to 4 years;Central and South America (excl Dutch..);Saba;2016;1;1;0
3009;Total male and female;0 to 4 years;Central and South America (excl Dutch..);Saba;2017;2;0;2
3010;Total male and female;0 to 4 years;Central and South America (excl Dutch..);Saba;2018;1;1;0
3011;Total male and female;0 to 4 years;Central and South America (excl Dutch..);Saba;2019;3;0;3
3012;Total male and female;0 to 4 years;Central and South America (excl Dutch..);Saba;2020;0;0;0
3013;Total male and female;0 to 4 years;Central and South America (excl Dutch..);Saba;2021;1;0;1
3014;Total male and female;0 to 4 years;Central and South America (excl Dutch..);Saba;2022;5;0;5
3015;Total male and female;0 to 4 years;Central and South America (excl Dutch..);Saba;2023;2;0;2
3016;Total male and female;0 to 4 years;Aruba;Caribbean Netherlands;2011;5;0;5
3017;Total male and female;0 to 4 years;Aruba;Caribbean Netherlands;2012;3;2;1
3018;Total male and female;0 to 4 years;Aruba;Caribbean Netherlands;2013;7;3;4
3019;Total male and female;0 to 4 years;Aruba;Caribbean Netherlands;2014;4;0;4
3020;Total male and female;0 to 4 years;Aruba;Caribbean Netherlands;2015;5;0;5
3021;Total male and female;0 to 4 years;Aruba;Caribbean Netherlands;2016;5;1;4
3022;Total male and female;0 to 4 years;Aruba;Caribbean Netherlands;2017;3;3;0
3023;Total male and female;0 to 4 years;Aruba;Caribbean Netherlands;2018;1;1;0
3024;Total male and female;0 to 4 years;Aruba;Caribbean Netherlands;2019;1;1;0
3025;Total male and female;0 to 4 years;Aruba;Caribbean Netherlands;2020;3;0;3
3026;Total male and female;0 to 4 years;Aruba;Caribbean Netherlands;2021;2;0;2
3027;Total male and female;0 to 4 years;Aruba;Caribbean Netherlands;2022;3;1;2
3028;Total male and female;0 to 4 years;Aruba;Caribbean Netherlands;2023;0;0;0
3029;Total male and female;0 to 4 years;Aruba;Bonaire;2011;5;0;5
3030;Total male and female;0 to 4 years;Aruba;Bonaire;2012;2;2;0
3031;Total male and female;0 to 4 years;Aruba;Bonaire;2013;6;3;3
3032;Total male and female;0 to 4 years;Aruba;Bonaire;2014;3;0;3
3033;Total male and female;0 to 4 years;Aruba;Bonaire;2015;4;0;4
3034;Total male and female;0 to 4 years;Aruba;Bonaire;2016;3;0;3
3035;Total male and female;0 to 4 years;Aruba;Bonaire;2017;3;3;0
3036;Total male and female;0 to 4 years;Aruba;Bonaire;2018;1;1;0
3037;Total male and female;0 to 4 years;Aruba;Bonaire;2019;1;1;0
3038;Total male and female;0 to 4 years;Aruba;Bonaire;2020;3;0;3
3039;Total male and female;0 to 4 years;Aruba;Bonaire;2021;1;0;1
3040;Total male and female;0 to 4 years;Aruba;Bonaire;2022;2;1;1
3041;Total male and female;0 to 4 years;Aruba;Bonaire;2023;0;0;0
3042;Total male and female;0 to 4 years;Aruba;St Eustatius;2011;0;0;0
3043;Total male and female;0 to 4 years;Aruba;St Eustatius;2012;1;0;1
3044;Total male and female;0 to 4 years;Aruba;St Eustatius;2013;1;0;1
3045;Total male and female;0 to 4 years;Aruba;St Eustatius;2014;1;0;1
3046;Total male and female;0 to 4 years;Aruba;St Eustatius;2015;1;0;1
3047;Total male and female;0 to 4 years;Aruba;St Eustatius;2016;2;1;1
3048;Total male and female;0 to 4 years;Aruba;St Eustatius;2017;0;0;0
3049;Total male and female;0 to 4 years;Aruba;St Eustatius;2018;0;0;0
3050;Total male and female;0 to 4 years;Aruba;St Eustatius;2019;0;0;0
3051;Total male and female;0 to 4 years;Aruba;St Eustatius;2020;0;0;0
3052;Total male and female;0 to 4 years;Aruba;St Eustatius;2021;0;0;0
3053;Total male and female;0 to 4 years;Aruba;St Eustatius;2022;1;0;1
3054;Total male and female;0 to 4 years;Aruba;St Eustatius;2023;0;0;0
3055;Total male and female;0 to 4 years;Aruba;Saba;2011;0;0;0
3056;Total male and female;0 to 4 years;Aruba;Saba;2012;0;0;0
3057;Total male and female;0 to 4 years;Aruba;Saba;2013;0;0;0
3058;Total male and female;0 to 4 years;Aruba;Saba;2014;0;0;0
3059;Total male and female;0 to 4 years;Aruba;Saba;2015;0;0;0
3060;Total male and female;0 to 4 years;Aruba;Saba;2016;0;0;0
3061;Total male and female;0 to 4 years;Aruba;Saba;2017;0;0;0
3062;Total male and female;0 to 4 years;Aruba;Saba;2018;0;0;0
3063;Total male and female;0 to 4 years;Aruba;Saba;2019;0;0;0
3064;Total male and female;0 to 4 years;Aruba;Saba;2020;0;0;0
3065;Total male and female;0 to 4 years;Aruba;Saba;2021;1;0;1
3066;Total male and female;0 to 4 years;Aruba;Saba;2022;0;0;0
3067;Total male and female;0 to 4 years;Aruba;Saba;2023;0;0;0
3068;Total male and female;0 to 4 years;Bonaire;Caribbean Netherlands;2011;7;23;-16
3069;Total male and female;0 to 4 years;Bonaire;Caribbean Netherlands;2012;12;21;-9
3070;Total male and female;0 to 4 years;Bonaire;Caribbean Netherlands;2013;9;23;-14
3071;Total male and female;0 to 4 years;Bonaire;Caribbean Netherlands;2014;4;19;-15
3072;Total male and female;0 to 4 years;Bonaire;Caribbean Netherlands;2015;5;19;-14
3073;Total male and female;0 to 4 years;Bonaire;Caribbean Netherlands;2016;4;32;-28
3074;Total male and female;0 to 4 years;Bonaire;Caribbean Netherlands;2017;14;33;-19
3075;Total male and female;0 to 4 years;Bonaire;Caribbean Netherlands;2018;3;27;-24
3076;Total male and female;0 to 4 years;Bonaire;Caribbean Netherlands;2019;4;18;-14
3077;Total male and female;0 to 4 years;Bonaire;Caribbean Netherlands;2020;6;24;-18
3078;Total male and female;0 to 4 years;Bonaire;Caribbean Netherlands;2021;5;23;-18
3079;Total male and female;0 to 4 years;Bonaire;Caribbean Netherlands;2022;6;35;-29
3080;Total male and female;0 to 4 years;Bonaire;Caribbean Netherlands;2023;7;27;-20
3081;Total male and female;0 to 4 years;Bonaire;Bonaire;2011;7;23;-16
3082;Total male and female;0 to 4 years;Bonaire;Bonaire;2012;12;21;-9
3083;Total male and female;0 to 4 years;Bonaire;Bonaire;2013;9;23;-14
3084;Total male and female;0 to 4 years;Bonaire;Bonaire;2014;4;19;-15
3085;Total male and female;0 to 4 years;Bonaire;Bonaire;2015;5;19;-14
3086;Total male and female;0 to 4 years;Bonaire;Bonaire;2016;4;32;-28
3087;Total male and female;0 to 4 years;Bonaire;Bonaire;2017;14;33;-19
3088;Total male and female;0 to 4 years;Bonaire;Bonaire;2018;3;27;-24
3089;Total male and female;0 to 4 years;Bonaire;Bonaire;2019;4;18;-14
3090;Total male and female;0 to 4 years;Bonaire;Bonaire;2020;6;24;-18
3091;Total male and female;0 to 4 years;Bonaire;Bonaire;2021;5;23;-18
3092;Total male and female;0 to 4 years;Bonaire;Bonaire;2022;6;35;-29
3093;Total male and female;0 to 4 years;Bonaire;Bonaire;2023;7;27;-20
3094;Total male and female;0 to 4 years;Bonaire;St Eustatius;2011;0;0;0
3095;Total male and female;0 to 4 years;Bonaire;St Eustatius;2012;0;0;0
3096;Total male and female;0 to 4 years;Bonaire;St Eustatius;2013;0;0;0
3097;Total male and female;0 to 4 years;Bonaire;St Eustatius;2014;0;0;0
3098;Total male and female;0 to 4 years;Bonaire;St Eustatius;2015;0;0;0
3099;Total male and female;0 to 4 years;Bonaire;St Eustatius;2016;0;0;0
3100;Total male and female;0 to 4 years;Bonaire;St Eustatius;2017;0;0;0
3101;Total male and female;0 to 4 years;Bonaire;St Eustatius;2018;0;0;0
3102;Total male and female;0 to 4 years;Bonaire;St Eustatius;2019;0;0;0
3103;Total male and female;0 to 4 years;Bonaire;St Eustatius;2020;0;0;0
3104;Total male and female;0 to 4 years;Bonaire;St Eustatius;2021;0;0;0
3105;Total male and female;0 to 4 years;Bonaire;St Eustatius;2022;0;0;0
3106;Total male and female;0 to 4 years;Bonaire;St Eustatius;2023;0;0;0
3107;Total male and female;0 to 4 years;Bonaire;Saba;2011;0;0;0
3108;Total male and female;0 to 4 years;Bonaire;Saba;2012;0;0;0
3109;Total male and female;0 to 4 years;Bonaire;Saba;2013;0;0;0
3110;Total male and female;0 to 4 years;Bonaire;Saba;2014;0;0;0
3111;Total male and female;0 to 4 years;Bonaire;Saba;2015;0;0;0
3112;Total male and female;0 to 4 years;Bonaire;Saba;2016;0;0;0
3113;Total male and female;0 to 4 years;Bonaire;Saba;2017;0;0;0
3114;Total male and female;0 to 4 years;Bonaire;Saba;2018;0;0;0
3115;Total male and female;0 to 4 years;Bonaire;Saba;2019;0;0;0
3116;Total male and female;0 to 4 years;Bonaire;Saba;2020;0;0;0
3117;Total male and female;0 to 4 years;Bonaire;Saba;2021;0;0;0
3118;Total male and female;0 to 4 years;Bonaire;Saba;2022;0;0;0
3119;Total male and female;0 to 4 years;Bonaire;Saba;2023;0;0;0
3120;Total male and female;0 to 4 years;Canada;Caribbean Netherlands;2011;3;2;1
3121;Total male and female;0 to 4 years;Canada;Caribbean Netherlands;2012;3;0;3
3122;Total male and female;0 to 4 years;Canada;Caribbean Netherlands;2013;5;4;1
3123;Total male and female;0 to 4 years;Canada;Caribbean Netherlands;2014;1;0;1
3124;Total male and female;0 to 4 years;Canada;Caribbean Netherlands;2015;0;2;-2
3125;Total male and female;0 to 4 years;Canada;Caribbean Netherlands;2016;3;2;1
3126;Total male and female;0 to 4 years;Canada;Caribbean Netherlands;2017;0;0;0
3127;Total male and female;0 to 4 years;Canada;Caribbean Netherlands;2018;5;1;4
3128;Total male and female;0 to 4 years;Canada;Caribbean Netherlands;2019;2;2;0
3129;Total male and female;0 to 4 years;Canada;Caribbean Netherlands;2020;0;0;0
3130;Total male and female;0 to 4 years;Canada;Caribbean Netherlands;2021;0;3;-3
3131;Total male and female;0 to 4 years;Canada;Caribbean Netherlands;2022;2;0;2
3132;Total male and female;0 to 4 years;Canada;Caribbean Netherlands;2023;0;1;-1
3133;Total male and female;0 to 4 years;Canada;Bonaire;2011;0;0;0
3134;Total male and female;0 to 4 years;Canada;Bonaire;2012;0;0;0
3135;Total male and female;0 to 4 years;Canada;Bonaire;2013;0;0;0
3136;Total male and female;0 to 4 years;Canada;Bonaire;2014;0;0;0
3137;Total male and female;0 to 4 years;Canada;Bonaire;2015;0;0;0
3138;Total male and female;0 to 4 years;Canada;Bonaire;2016;0;0;0
3139;Total male and female;0 to 4 years;Canada;Bonaire;2017;0;0;0
3140;Total male and female;0 to 4 years;Canada;Bonaire;2018;0;0;0
3141;Total male and female;0 to 4 years;Canada;Bonaire;2019;0;0;0
3142;Total male and female;0 to 4 years;Canada;Bonaire;2020;0;0;0
3143;Total male and female;0 to 4 years;Canada;Bonaire;2021;0;0;0
3144;Total male and female;0 to 4 years;Canada;Bonaire;2022;0;0;0
3145;Total male and female;0 to 4 years;Canada;Bonaire;2023;0;0;0
3146;Total male and female;0 to 4 years;Canada;St Eustatius;2011;2;2;0
3147;Total male and female;0 to 4 years;Canada;St Eustatius;2012;1;0;1
3148;Total male and female;0 to 4 years;Canada;St Eustatius;2013;5;3;2
3149;Total male and female;0 to 4 years;Canada;St Eustatius;2014;0;0;0
3150;Total male and female;0 to 4 years;Canada;St Eustatius;2015;0;2;-2
3151;Total male and female;0 to 4 years;Canada;St Eustatius;2016;0;0;0
3152;Total male and female;0 to 4 years;Canada;St Eustatius;2017;0;0;0
3153;Total male and female;0 to 4 years;Canada;St Eustatius;2018;3;0;3
3154;Total male and female;0 to 4 years;Canada;St Eustatius;2019;0;2;-2
3155;Total male and female;0 to 4 years;Canada;St Eustatius;2020;0;0;0
3156;Total male and female;0 to 4 years;Canada;St Eustatius;2021;0;0;0
3157;Total male and female;0 to 4 years;Canada;St Eustatius;2022;0;0;0
3158;Total male and female;0 to 4 years;Canada;St Eustatius;2023;0;0;0
3159;Total male and female;0 to 4 years;Canada;Saba;2011;1;0;1
3160;Total male and female;0 to 4 years;Canada;Saba;2012;2;0;2
3161;Total male and female;0 to 4 years;Canada;Saba;2013;0;1;-1
3162;Total male and female;0 to 4 years;Canada;Saba;2014;1;0;1
3163;Total male and female;0 to 4 years;Canada;Saba;2015;0;0;0
3164;Total male and female;0 to 4 years;Canada;Saba;2016;3;2;1
3165;Total male and female;0 to 4 years;Canada;Saba;2017;0;0;0
3166;Total male and female;0 to 4 years;Canada;Saba;2018;2;1;1
3167;Total male and female;0 to 4 years;Canada;Saba;2019;2;0;2
3168;Total male and female;0 to 4 years;Canada;Saba;2020;0;0;0
3169;Total male and female;0 to 4 years;Canada;Saba;2021;0;3;-3
3170;Total male and female;0 to 4 years;Canada;Saba;2022;2;0;2
3171;Total male and female;0 to 4 years;Canada;Saba;2023;0;1;-1
3172;Total male and female;0 to 4 years;China;Caribbean Netherlands;2011;0;0;0
3173;Total male and female;0 to 4 years;China;Caribbean Netherlands;2012;0;0;0
3174;Total male and female;0 to 4 years;China;Caribbean Netherlands;2013;0;0;0
3175;Total male and female;0 to 4 years;China;Caribbean Netherlands;2014;0;0;0
3176;Total male and female;0 to 4 years;China;Caribbean Netherlands;2015;0;0;0
3177;Total male and female;0 to 4 years;China;Caribbean Netherlands;2016;0;0;0
3178;Total male and female;0 to 4 years;China;Caribbean Netherlands;2017;0;0;0
3179;Total male and female;0 to 4 years;China;Caribbean Netherlands;2018;0;0;0
3180;Total male and female;0 to 4 years;China;Caribbean Netherlands;2019;1;0;1
3181;Total male and female;0 to 4 years;China;Caribbean Netherlands;2020;1;0;1
3182;Total male and female;0 to 4 years;China;Caribbean Netherlands;2021;0;0;0
3183;Total male and female;0 to 4 years;China;Caribbean Netherlands;2022;0;0;0
3184;Total male and female;0 to 4 years;China;Caribbean Netherlands;2023;0;0;0
3185;Total male and female;0 to 4 years;China;Bonaire;2011;0;0;0
3186;Total male and female;0 to 4 years;China;Bonaire;2012;0;0;0
3187;Total male and female;0 to 4 years;China;Bonaire;2013;0;0;0
3188;Total male and female;0 to 4 years;China;Bonaire;2014;0;0;0
3189;Total male and female;0 to 4 years;China;Bonaire;2015;0;0;0
3190;Total male and female;0 to 4 years;China;Bonaire;2016;0;0;0
3191;Total male and female;0 to 4 years;China;Bonaire;2017;0;0;0
3192;Total male and female;0 to 4 years;China;Bonaire;2018;0;0;0
3193;Total male and female;0 to 4 years;China;Bonaire;2019;0;0;0
3194;Total male and female;0 to 4 years;China;Bonaire;2020;1;0;1
3195;Total male and female;0 to 4 years;China;Bonaire;2021;0;0;0
3196;Total male and female;0 to 4 years;China;Bonaire;2022;0;0;0
3197;Total male and female;0 to 4 years;China;Bonaire;2023;0;0;0
3198;Total male and female;0 to 4 years;China;St Eustatius;2011;0;0;0
3199;Total male and female;0 to 4 years;China;St Eustatius;2012;0;0;0
3200;Total male and female;0 to 4 years;China;St Eustatius;2013;0;0;0
3201;Total male and female;0 to 4 years;China;St Eustatius;2014;0;0;0
3202;Total male and female;0 to 4 years;China;St Eustatius;2015;0;0;0
3203;Total male and female;0 to 4 years;China;St Eustatius;2016;0;0;0
3204;Total male and female;0 to 4 years;China;St Eustatius;2017;0;0;0
3205;Total male and female;0 to 4 years;China;St Eustatius;2018;0;0;0
3206;Total male and female;0 to 4 years;China;St Eustatius;2019;1;0;1
3207;Total male and female;0 to 4 years;China;St Eustatius;2020;0;0;0
3208;Total male and female;0 to 4 years;China;St Eustatius;2021;0;0;0
3209;Total male and female;0 to 4 years;China;St Eustatius;2022;0;0;0
3210;Total male and female;0 to 4 years;China;St Eustatius;2023;0;0;0
3211;Total male and female;0 to 4 years;China;Saba;2011;0;0;0
3212;Total male and female;0 to 4 years;China;Saba;2012;0;0;0
3213;Total male and female;0 to 4 years;China;Saba;2013;0;0;0
3214;Total male and female;0 to 4 years;China;Saba;2014;0;0;0
3215;Total male and female;0 to 4 years;China;Saba;2015;0;0;0
3216;Total male and female;0 to 4 years;China;Saba;2016;0;0;0
3217;Total male and female;0 to 4 years;China;Saba;2017;0;0;0
3218;Total male and female;0 to 4 years;China;Saba;2018;0;0;0
3219;Total male and female;0 to 4 years;China;Saba;2019;0;0;0
3220;Total male and female;0 to 4 years;China;Saba;2020;0;0;0
3221;Total male and female;0 to 4 years;China;Saba;2021;0;0;0
3222;Total male and female;0 to 4 years;China;Saba;2022;0;0;0
3223;Total male and female;0 to 4 years;China;Saba;2023;0;0;0
3224;Total male and female;0 to 4 years;Colombia;Caribbean Netherlands;2011;1;1;0
3225;Total male and female;0 to 4 years;Colombia;Caribbean Netherlands;2012;6;0;6
3226;Total male and female;0 to 4 years;Colombia;Caribbean Netherlands;2013;9;2;7
3227;Total male and female;0 to 4 years;Colombia;Caribbean Netherlands;2014;8;1;7
3228;Total male and female;0 to 4 years;Colombia;Caribbean Netherlands;2015;4;1;3
3229;Total male and female;0 to 4 years;Colombia;Caribbean Netherlands;2016;4;4;0
3230;Total male and female;0 to 4 years;Colombia;Caribbean Netherlands;2017;12;2;10
3231;Total male and female;0 to 4 years;Colombia;Caribbean Netherlands;2018;9;1;8
3232;Total male and female;0 to 4 years;Colombia;Caribbean Netherlands;2019;1;2;-1
3233;Total male and female;0 to 4 years;Colombia;Caribbean Netherlands;2020;9;2;7
3234;Total male and female;0 to 4 years;Colombia;Caribbean Netherlands;2021;1;3;-2
3235;Total male and female;0 to 4 years;Colombia;Caribbean Netherlands;2022;2;0;2
3236;Total male and female;0 to 4 years;Colombia;Caribbean Netherlands;2023;9;0;9
3237;Total male and female;0 to 4 years;Colombia;Bonaire;2011;0;1;-1
3238;Total male and female;0 to 4 years;Colombia;Bonaire;2012;6;0;6
3239;Total male and female;0 to 4 years;Colombia;Bonaire;2013;6;2;4
3240;Total male and female;0 to 4 years;Colombia;Bonaire;2014;6;1;5
3241;Total male and female;0 to 4 years;Colombia;Bonaire;2015;3;1;2
3242;Total male and female;0 to 4 years;Colombia;Bonaire;2016;3;3;0
3243;Total male and female;0 to 4 years;Colombia;Bonaire;2017;10;2;8
3244;Total male and female;0 to 4 years;Colombia;Bonaire;2018;9;0;9
3245;Total male and female;0 to 4 years;Colombia;Bonaire;2019;1;2;-1
3246;Total male and female;0 to 4 years;Colombia;Bonaire;2020;9;2;7
3247;Total male and female;0 to 4 years;Colombia;Bonaire;2021;1;3;-2
3248;Total male and female;0 to 4 years;Colombia;Bonaire;2022;2;0;2
3249;Total male and female;0 to 4 years;Colombia;Bonaire;2023;8;0;8
3250;Total male and female;0 to 4 years;Colombia;St Eustatius;2011;0;0;0
3251;Total male and female;0 to 4 years;Colombia;St Eustatius;2012;0;0;0
3252;Total male and female;0 to 4 years;Colombia;St Eustatius;2013;0;0;0
3253;Total male and female;0 to 4 years;Colombia;St Eustatius;2014;0;0;0
3254;Total male and female;0 to 4 years;Colombia;St Eustatius;2015;0;0;0
3255;Total male and female;0 to 4 years;Colombia;St Eustatius;2016;0;0;0
3256;Total male and female;0 to 4 years;Colombia;St Eustatius;2017;1;0;1
3257;Total male and female;0 to 4 years;Colombia;St Eustatius;2018;0;0;0
3258;Total male and female;0 to 4 years;Colombia;St Eustatius;2019;0;0;0
3259;Total male and female;0 to 4 years;Colombia;St Eustatius;2020;0;0;0
3260;Total male and female;0 to 4 years;Colombia;St Eustatius;2021;0;0;0
3261;Total male and female;0 to 4 years;Colombia;St Eustatius;2022;0;0;0
3262;Total male and female;0 to 4 years;Colombia;St Eustatius;2023;0;0;0
3263;Total male and female;0 to 4 years;Colombia;Saba;2011;1;0;1
3264;Total male and female;0 to 4 years;Colombia;Saba;2012;0;0;0
3265;Total male and female;0 to 4 years;Colombia;Saba;2013;3;0;3
3266;Total male and female;0 to 4 years;Colombia;Saba;2014;2;0;2
3267;Total male and female;0 to 4 years;Colombia;Saba;2015;1;0;1
3268;Total male and female;0 to 4 years;Colombia;Saba;2016;1;1;0
3269;Total male and female;0 to 4 years;Colombia;Saba;2017;1;0;1
3270;Total male and female;0 to 4 years;Colombia;Saba;2018;0;1;-1
3271;Total male and female;0 to 4 years;Colombia;Saba;2019;0;0;0
3272;Total male and female;0 to 4 years;Colombia;Saba;2020;0;0;0
3273;Total male and female;0 to 4 years;Colombia;Saba;2021;0;0;0
3274;Total male and female;0 to 4 years;Colombia;Saba;2022;0;0;0
3275;Total male and female;0 to 4 years;Colombia;Saba;2023;1;0;1
3276;Total male and female;0 to 4 years;Curaçao;Caribbean Netherlands;2011;12;15;-3
3277;Total male and female;0 to 4 years;Curaçao;Caribbean Netherlands;2012;24;7;17
3278;Total male and female;0 to 4 years;Curaçao;Caribbean Netherlands;2013;27;1;26
3279;Total male and female;0 to 4 years;Curaçao;Caribbean Netherlands;2014;16;10;6
3280;Total male and female;0 to 4 years;Curaçao;Caribbean Netherlands;2015;24;3;21
3281;Total male and female;0 to 4 years;Curaçao;Caribbean Netherlands;2016;7;3;4
3282;Total male and female;0 to 4 years;Curaçao;Caribbean Netherlands;2017;13;4;9
3283;Total male and female;0 to 4 years;Curaçao;Caribbean Netherlands;2018;22;8;14
3284;Total male and female;0 to 4 years;Curaçao;Caribbean Netherlands;2019;23;4;19
3285;Total male and female;0 to 4 years;Curaçao;Caribbean Netherlands;2020;41;3;38
3286;Total male and female;0 to 4 years;Curaçao;Caribbean Netherlands;2021;26;5;21
3287;Total male and female;0 to 4 years;Curaçao;Caribbean Netherlands;2022;23;10;13
3288;Total male and female;0 to 4 years;Curaçao;Caribbean Netherlands;2023;17;1;16
3289;Total male and female;0 to 4 years;Curaçao;Bonaire;2011;11;13;-2
3290;Total male and female;0 to 4 years;Curaçao;Bonaire;2012;24;6;18
3291;Total male and female;0 to 4 years;Curaçao;Bonaire;2013;24;1;23
3292;Total male and female;0 to 4 years;Curaçao;Bonaire;2014;16;9;7
3293;Total male and female;0 to 4 years;Curaçao;Bonaire;2015;21;2;19
3294;Total male and female;0 to 4 years;Curaçao;Bonaire;2016;7;3;4
3295;Total male and female;0 to 4 years;Curaçao;Bonaire;2017;9;4;5
3296;Total male and female;0 to 4 years;Curaçao;Bonaire;2018;21;6;15
3297;Total male and female;0 to 4 years;Curaçao;Bonaire;2019;21;4;17
3298;Total male and female;0 to 4 years;Curaçao;Bonaire;2020;41;2;39
3299;Total male and female;0 to 4 years;Curaçao;Bonaire;2021;25;3;22
3300;Total male and female;0 to 4 years;Curaçao;Bonaire;2022;20;9;11
3301;Total male and female;0 to 4 years;Curaçao;Bonaire;2023;17;1;16
3302;Total male and female;0 to 4 years;Curaçao;St Eustatius;2011;1;1;0
3303;Total male and female;0 to 4 years;Curaçao;St Eustatius;2012;0;1;-1
3304;Total male and female;0 to 4 years;Curaçao;St Eustatius;2013;2;0;2
3305;Total male and female;0 to 4 years;Curaçao;St Eustatius;2014;0;1;-1
3306;Total male and female;0 to 4 years;Curaçao;St Eustatius;2015;3;1;2
3307;Total male and female;0 to 4 years;Curaçao;St Eustatius;2016;0;0;0
3308;Total male and female;0 to 4 years;Curaçao;St Eustatius;2017;4;0;4
3309;Total male and female;0 to 4 years;Curaçao;St Eustatius;2018;1;2;-1
3310;Total male and female;0 to 4 years;Curaçao;St Eustatius;2019;2;0;2
3311;Total male and female;0 to 4 years;Curaçao;St Eustatius;2020;0;1;-1
3312;Total male and female;0 to 4 years;Curaçao;St Eustatius;2021;1;2;-1
3313;Total male and female;0 to 4 years;Curaçao;St Eustatius;2022;2;1;1
3314;Total male and female;0 to 4 years;Curaçao;St Eustatius;2023;0;0;0
3315;Total male and female;0 to 4 years;Curaçao;Saba;2011;0;1;-1
3316;Total male and female;0 to 4 years;Curaçao;Saba;2012;0;0;0
3317;Total male and female;0 to 4 years;Curaçao;Saba;2013;1;0;1
3318;Total male and female;0 to 4 years;Curaçao;Saba;2014;0;0;0
3319;Total male and female;0 to 4 years;Curaçao;Saba;2015;0;0;0
3320;Total male and female;0 to 4 years;Curaçao;Saba;2016;0;0;0
3321;Total male and female;0 to 4 years;Curaçao;Saba;2017;0;0;0
3322;Total male and female;0 to 4 years;Curaçao;Saba;2018;0;0;0
3323;Total male and female;0 to 4 years;Curaçao;Saba;2019;0;0;0
3324;Total male and female;0 to 4 years;Curaçao;Saba;2020;0;0;0
3325;Total male and female;0 to 4 years;Curaçao;Saba;2021;0;0;0
3326;Total male and female;0 to 4 years;Curaçao;Saba;2022;1;0;1
3327;Total male and female;0 to 4 years;Curaçao;Saba;2023;0;0;0
3328;Total male and female;0 to 4 years;Dominican Republic;Caribbean Netherlands;2011;0;1;-1
3329;Total male and female;0 to 4 years;Dominican Republic;Caribbean Netherlands;2012;2;0;2
3330;Total male and female;0 to 4 years;Dominican Republic;Caribbean Netherlands;2013;3;0;3
3331;Total male and female;0 to 4 years;Dominican Republic;Caribbean Netherlands;2014;2;0;2
3332;Total male and female;0 to 4 years;Dominican Republic;Caribbean Netherlands;2015;4;0;4
3333;Total male and female;0 to 4 years;Dominican Republic;Caribbean Netherlands;2016;4;0;4
3334;Total male and female;0 to 4 years;Dominican Republic;Caribbean Netherlands;2017;4;0;4
3335;Total male and female;0 to 4 years;Dominican Republic;Caribbean Netherlands;2018;2;2;0
3336;Total male and female;0 to 4 years;Dominican Republic;Caribbean Netherlands;2019;4;0;4
3337;Total male and female;0 to 4 years;Dominican Republic;Caribbean Netherlands;2020;2;0;2
3338;Total male and female;0 to 4 years;Dominican Republic;Caribbean Netherlands;2021;1;0;1
3339;Total male and female;0 to 4 years;Dominican Republic;Caribbean Netherlands;2022;9;0;9
3340;Total male and female;0 to 4 years;Dominican Republic;Caribbean Netherlands;2023;7;1;6
3341;Total male and female;0 to 4 years;Dominican Republic;Bonaire;2011;0;0;0
3342;Total male and female;0 to 4 years;Dominican Republic;Bonaire;2012;2;0;2
3343;Total male and female;0 to 4 years;Dominican Republic;Bonaire;2013;1;0;1
3344;Total male and female;0 to 4 years;Dominican Republic;Bonaire;2014;2;0;2
3345;Total male and female;0 to 4 years;Dominican Republic;Bonaire;2015;3;0;3
3346;Total male and female;0 to 4 years;Dominican Republic;Bonaire;2016;4;0;4
3347;Total male and female;0 to 4 years;Dominican Republic;Bonaire;2017;0;0;0
3348;Total male and female;0 to 4 years;Dominican Republic;Bonaire;2018;2;2;0
3349;Total male and female;0 to 4 years;Dominican Republic;Bonaire;2019;0;0;0
3350;Total male and female;0 to 4 years;Dominican Republic;Bonaire;2020;2;0;2
3351;Total male and female;0 to 4 years;Dominican Republic;Bonaire;2021;1;0;1
3352;Total male and female;0 to 4 years;Dominican Republic;Bonaire;2022;3;0;3
3353;Total male and female;0 to 4 years;Dominican Republic;Bonaire;2023;6;0;6
3354;Total male and female;0 to 4 years;Dominican Republic;St Eustatius;2011;0;0;0
3355;Total male and female;0 to 4 years;Dominican Republic;St Eustatius;2012;0;0;0
3356;Total male and female;0 to 4 years;Dominican Republic;St Eustatius;2013;1;0;1
3357;Total male and female;0 to 4 years;Dominican Republic;St Eustatius;2014;0;0;0
3358;Total male and female;0 to 4 years;Dominican Republic;St Eustatius;2015;0;0;0
3359;Total male and female;0 to 4 years;Dominican Republic;St Eustatius;2016;0;0;0
3360;Total male and female;0 to 4 years;Dominican Republic;St Eustatius;2017;3;0;3
3361;Total male and female;0 to 4 years;Dominican Republic;St Eustatius;2018;0;0;0
3362;Total male and female;0 to 4 years;Dominican Republic;St Eustatius;2019;2;0;2
3363;Total male and female;0 to 4 years;Dominican Republic;St Eustatius;2020;0;0;0
3364;Total male and female;0 to 4 years;Dominican Republic;St Eustatius;2021;0;0;0
3365;Total male and female;0 to 4 years;Dominican Republic;St Eustatius;2022;2;0;2
3366;Total male and female;0 to 4 years;Dominican Republic;St Eustatius;2023;0;1;-1
3367;Total male and female;0 to 4 years;Dominican Republic;Saba;2011;0;1;-1
3368;Total male and female;0 to 4 years;Dominican Republic;Saba;2012;0;0;0
3369;Total male and female;0 to 4 years;Dominican Republic;Saba;2013;1;0;1
3370;Total male and female;0 to 4 years;Dominican Republic;Saba;2014;0;0;0
3371;Total male and female;0 to 4 years;Dominican Republic;Saba;2015;1;0;1
3372;Total male and female;0 to 4 years;Dominican Republic;Saba;2016;0;0;0
3373;Total male and female;0 to 4 years;Dominican Republic;Saba;2017;1;0;1
3374;Total male and female;0 to 4 years;Dominican Republic;Saba;2018;0;0;0
3375;Total male and female;0 to 4 years;Dominican Republic;Saba;2019;2;0;2
3376;Total male and female;0 to 4 years;Dominican Republic;Saba;2020;0;0;0
3377;Total male and female;0 to 4 years;Dominican Republic;Saba;2021;0;0;0
3378;Total male and female;0 to 4 years;Dominican Republic;Saba;2022;4;0;4
3379;Total male and female;0 to 4 years;Dominican Republic;Saba;2023;1;0;1
3380;Total male and female;0 to 4 years;Ecuador;Caribbean Netherlands;2011;0;0;0
3381;Total male and female;0 to 4 years;Ecuador;Caribbean Netherlands;2012;0;0;0
3382;Total male and female;0 to 4 years;Ecuador;Caribbean Netherlands;2013;0;0;0
3383;Total male and female;0 to 4 years;Ecuador;Caribbean Netherlands;2014;0;0;0
3384;Total male and female;0 to 4 years;Ecuador;Caribbean Netherlands;2015;0;0;0
3385;Total male and female;0 to 4 years;Ecuador;Caribbean Netherlands;2016;0;0;0
3386;Total male and female;0 to 4 years;Ecuador;Caribbean Netherlands;2017;0;0;0
3387;Total male and female;0 to 4 years;Ecuador;Caribbean Netherlands;2018;0;0;0
3388;Total male and female;0 to 4 years;Ecuador;Caribbean Netherlands;2019;1;0;1
3389;Total male and female;0 to 4 years;Ecuador;Caribbean Netherlands;2020;0;0;0
3390;Total male and female;0 to 4 years;Ecuador;Caribbean Netherlands;2021;0;0;0
3391;Total male and female;0 to 4 years;Ecuador;Caribbean Netherlands;2022;2;0;2
3392;Total male and female;0 to 4 years;Ecuador;Caribbean Netherlands;2023;0;0;0
3393;Total male and female;0 to 4 years;Ecuador;Bonaire;2011;0;0;0
3394;Total male and female;0 to 4 years;Ecuador;Bonaire;2012;0;0;0
3395;Total male and female;0 to 4 years;Ecuador;Bonaire;2013;0;0;0
3396;Total male and female;0 to 4 years;Ecuador;Bonaire;2014;0;0;0
3397;Total male and female;0 to 4 years;Ecuador;Bonaire;2015;0;0;0
3398;Total male and female;0 to 4 years;Ecuador;Bonaire;2016;0;0;0
3399;Total male and female;0 to 4 years;Ecuador;Bonaire;2017;0;0;0
3400;Total male and female;0 to 4 years;Ecuador;Bonaire;2018;0;0;0
3401;Total male and female;0 to 4 years;Ecuador;Bonaire;2019;1;0;1
3402;Total male and female;0 to 4 years;Ecuador;Bonaire;2020;0;0;0
3403;Total male and female;0 to 4 years;Ecuador;Bonaire;2021;0;0;0
3404;Total male and female;0 to 4 years;Ecuador;Bonaire;2022;2;0;2
3405;Total male and female;0 to 4 years;Ecuador;Bonaire;2023;0;0;0
3406;Total male and female;0 to 4 years;Ecuador;St Eustatius;2011;0;0;0
3407;Total male and female;0 to 4 years;Ecuador;St Eustatius;2012;0;0;0
3408;Total male and female;0 to 4 years;Ecuador;St Eustatius;2013;0;0;0
3409;Total male and female;0 to 4 years;Ecuador;St Eustatius;2014;0;0;0
3410;Total male and female;0 to 4 years;Ecuador;St Eustatius;2015;0;0;0
3411;Total male and female;0 to 4 years;Ecuador;St Eustatius;2016;0;0;0
3412;Total male and female;0 to 4 years;Ecuador;St Eustatius;2017;0;0;0
3413;Total male and female;0 to 4 years;Ecuador;St Eustatius;2018;0;0;0
3414;Total male and female;0 to 4 years;Ecuador;St Eustatius;2019;0;0;0
3415;Total male and female;0 to 4 years;Ecuador;St Eustatius;2020;0;0;0
3416;Total male and female;0 to 4 years;Ecuador;St Eustatius;2021;0;0;0
3417;Total male and female;0 to 4 years;Ecuador;St Eustatius;2022;0;0;0
3418;Total male and female;0 to 4 years;Ecuador;St Eustatius;2023;0;0;0
3419;Total male and female;0 to 4 years;Ecuador;Saba;2011;0;0;0
3420;Total male and female;0 to 4 years;Ecuador;Saba;2012;0;0;0
3421;Total male and female;0 to 4 years;Ecuador;Saba;2013;0;0;0
3422;Total male and female;0 to 4 years;Ecuador;Saba;2014;0;0;0
3423;Total male and female;0 to 4 years;Ecuador;Saba;2015;0;0;0
3424;Total male and female;0 to 4 years;Ecuador;Saba;2016;0;0;0
3425;Total male and female;0 to 4 years;Ecuador;Saba;2017;0;0;0
3426;Total male and female;0 to 4 years;Ecuador;Saba;2018;0;0;0
3427;Total male and female;0 to 4 years;Ecuador;Saba;2019;0;0;0
3428;Total male and female;0 to 4 years;Ecuador;Saba;2020;0;0;0
3429;Total male and female;0 to 4 years;Ecuador;Saba;2021;0;0;0
3430;Total male and female;0 to 4 years;Ecuador;Saba;2022;0;0;0
3431;Total male and female;0 to 4 years;Ecuador;Saba;2023;0;0;0
3432;Total male and female;0 to 4 years;Guyana;Caribbean Netherlands;2011;0;0;0
3433;Total male and female;0 to 4 years;Guyana;Caribbean Netherlands;2012;0;0;0
3434;Total male and female;0 to 4 years;Guyana;Caribbean Netherlands;2013;0;0;0
3435;Total male and female;0 to 4 years;Guyana;Caribbean Netherlands;2014;0;0;0
3436;Total male and female;0 to 4 years;Guyana;Caribbean Netherlands;2015;1;0;1
3437;Total male and female;0 to 4 years;Guyana;Caribbean Netherlands;2016;0;0;0
3438;Total male and female;0 to 4 years;Guyana;Caribbean Netherlands;2017;0;0;0
3439;Total male and female;0 to 4 years;Guyana;Caribbean Netherlands;2018;0;0;0
3440;Total male and female;0 to 4 years;Guyana;Caribbean Netherlands;2019;0;0;0
3441;Total male and female;0 to 4 years;Guyana;Caribbean Netherlands;2020;0;0;0
3442;Total male and female;0 to 4 years;Guyana;Caribbean Netherlands;2021;1;0;1
3443;Total male and female;0 to 4 years;Guyana;Caribbean Netherlands;2022;2;0;2
3444;Total male and female;0 to 4 years;Guyana;Caribbean Netherlands;2023;0;0;0
3445;Total male and female;0 to 4 years;Guyana;Bonaire;2011;0;0;0
3446;Total male and female;0 to 4 years;Guyana;Bonaire;2012;0;0;0
3447;Total male and female;0 to 4 years;Guyana;Bonaire;2013;0;0;0
3448;Total male and female;0 to 4 years;Guyana;Bonaire;2014;0;0;0
3449;Total male and female;0 to 4 years;Guyana;Bonaire;2015;0;0;0
3450;Total male and female;0 to 4 years;Guyana;Bonaire;2016;0;0;0
3451;Total male and female;0 to 4 years;Guyana;Bonaire;2017;0;0;0
3452;Total male and female;0 to 4 years;Guyana;Bonaire;2018;0;0;0
3453;Total male and female;0 to 4 years;Guyana;Bonaire;2019;0;0;0
3454;Total male and female;0 to 4 years;Guyana;Bonaire;2020;0;0;0
3455;Total male and female;0 to 4 years;Guyana;Bonaire;2021;0;0;0
3456;Total male and female;0 to 4 years;Guyana;Bonaire;2022;0;0;0
3457;Total male and female;0 to 4 years;Guyana;Bonaire;2023;0;0;0
3458;Total male and female;0 to 4 years;Guyana;St Eustatius;2011;0;0;0
3459;Total male and female;0 to 4 years;Guyana;St Eustatius;2012;0;0;0
3460;Total male and female;0 to 4 years;Guyana;St Eustatius;2013;0;0;0
3461;Total male and female;0 to 4 years;Guyana;St Eustatius;2014;0;0;0
3462;Total male and female;0 to 4 years;Guyana;St Eustatius;2015;1;0;1
3463;Total male and female;0 to 4 years;Guyana;St Eustatius;2016;0;0;0
3464;Total male and female;0 to 4 years;Guyana;St Eustatius;2017;0;0;0
3465;Total male and female;0 to 4 years;Guyana;St Eustatius;2018;0;0;0
3466;Total male and female;0 to 4 years;Guyana;St Eustatius;2019;0;0;0
3467;Total male and female;0 to 4 years;Guyana;St Eustatius;2020;0;0;0
3468;Total male and female;0 to 4 years;Guyana;St Eustatius;2021;0;0;0
3469;Total male and female;0 to 4 years;Guyana;St Eustatius;2022;2;0;2
3470;Total male and female;0 to 4 years;Guyana;St Eustatius;2023;0;0;0
3471;Total male and female;0 to 4 years;Guyana;Saba;2011;0;0;0
3472;Total male and female;0 to 4 years;Guyana;Saba;2012;0;0;0
3473;Total male and female;0 to 4 years;Guyana;Saba;2013;0;0;0
3474;Total male and female;0 to 4 years;Guyana;Saba;2014;0;0;0
3475;Total male and female;0 to 4 years;Guyana;Saba;2015;0;0;0
3476;Total male and female;0 to 4 years;Guyana;Saba;2016;0;0;0
3477;Total male and female;0 to 4 years;Guyana;Saba;2017;0;0;0
3478;Total male and female;0 to 4 years;Guyana;Saba;2018;0;0;0
3479;Total male and female;0 to 4 years;Guyana;Saba;2019;0;0;0
3480;Total male and female;0 to 4 years;Guyana;Saba;2020;0;0;0
3481;Total male and female;0 to 4 years;Guyana;Saba;2021;1;0;1
3482;Total male and female;0 to 4 years;Guyana;Saba;2022;0;0;0
3483;Total male and female;0 to 4 years;Guyana;Saba;2023;0;0;0
3484;Total male and female;0 to 4 years;Haiti;Caribbean Netherlands;2011;0;0;0
3485;Total male and female;0 to 4 years;Haiti;Caribbean Netherlands;2012;0;0;0
3486;Total male and female;0 to 4 years;Haiti;Caribbean Netherlands;2013;0;0;0
3487;Total male and female;0 to 4 years;Haiti;Caribbean Netherlands;2014;0;0;0
3488;Total male and female;0 to 4 years;Haiti;Caribbean Netherlands;2015;0;0;0
3489;Total male and female;0 to 4 years;Haiti;Caribbean Netherlands;2016;0;0;0
3490;Total male and female;0 to 4 years;Haiti;Caribbean Netherlands;2017;0;0;0
3491;Total male and female;0 to 4 years;Haiti;Caribbean Netherlands;2018;1;0;1
3492;Total male and female;0 to 4 years;Haiti;Caribbean Netherlands;2019;0;0;0
3493;Total male and female;0 to 4 years;Haiti;Caribbean Netherlands;2020;0;0;0
3494;Total male and female;0 to 4 years;Haiti;Caribbean Netherlands;2021;1;0;1
3495;Total male and female;0 to 4 years;Haiti;Caribbean Netherlands;2022;0;0;0
3496;Total male and female;0 to 4 years;Haiti;Caribbean Netherlands;2023;1;0;1
3497;Total male and female;0 to 4 years;Haiti;Bonaire;2011;0;0;0
3498;Total male and female;0 to 4 years;Haiti;Bonaire;2012;0;0;0
3499;Total male and female;0 to 4 years;Haiti;Bonaire;2013;0;0;0
3500;Total male and female;0 to 4 years;Haiti;Bonaire;2014;0;0;0
3501;Total male and female;0 to 4 years;Haiti;Bonaire;2015;0;0;0
3502;Total male and female;0 to 4 years;Haiti;Bonaire;2016;0;0;0
3503;Total male and female;0 to 4 years;Haiti;Bonaire;2017;0;0;0
3504;Total male and female;0 to 4 years;Haiti;Bonaire;2018;1;0;1
3505;Total male and female;0 to 4 years;Haiti;Bonaire;2019;0;0;0
3506;Total male and female;0 to 4 years;Haiti;Bonaire;2020;0;0;0
3507;Total male and female;0 to 4 years;Haiti;Bonaire;2021;1;0;1
3508;Total male and female;0 to 4 years;Haiti;Bonaire;2022;0;0;0
3509;Total male and female;0 to 4 years;Haiti;Bonaire;2023;1;0;1
3510;Total male and female;0 to 4 years;Haiti;St Eustatius;2011;0;0;0
3511;Total male and female;0 to 4 years;Haiti;St Eustatius;2012;0;0;0
3512;Total male and female;0 to 4 years;Haiti;St Eustatius;2013;0;0;0
3513;Total male and female;0 to 4 years;Haiti;St Eustatius;2014;0;0;0
3514;Total male and female;0 to 4 years;Haiti;St Eustatius;2015;0;0;0
3515;Total male and female;0 to 4 years;Haiti;St Eustatius;2016;0;0;0
3516;Total male and female;0 to 4 years;Haiti;St Eustatius;2017;0;0;0
3517;Total male and female;0 to 4 years;Haiti;St Eustatius;2018;0;0;0
3518;Total male and female;0 to 4 years;Haiti;St Eustatius;2019;0;0;0
3519;Total male and female;0 to 4 years;Haiti;St Eustatius;2020;0;0;0
3520;Total male and female;0 to 4 years;Haiti;St Eustatius;2021;0;0;0
3521;Total male and female;0 to 4 years;Haiti;St Eustatius;2022;0;0;0
3522;Total male and female;0 to 4 years;Haiti;St Eustatius;2023;0;0;0
3523;Total male and female;0 to 4 years;Haiti;Saba;2011;0;0;0
3524;Total male and female;0 to 4 years;Haiti;Saba;2012;0;0;0
3525;Total male and female;0 to 4 years;Haiti;Saba;2013;0;0;0
3526;Total male and female;0 to 4 years;Haiti;Saba;2014;0;0;0
3527;Total male and female;0 to 4 years;Haiti;Saba;2015;0;0;0
3528;Total male and female;0 to 4 years;Haiti;Saba;2016;0;0;0
3529;Total male and female;0 to 4 years;Haiti;Saba;2017;0;0;0
3530;Total male and female;0 to 4 years;Haiti;Saba;2018;0;0;0
3531;Total male and female;0 to 4 years;Haiti;Saba;2019;0;0;0
3532;Total male and female;0 to 4 years;Haiti;Saba;2020;0;0;0
3533;Total male and female;0 to 4 years;Haiti;Saba;2021;0;0;0
3534;Total male and female;0 to 4 years;Haiti;Saba;2022;0;0;0
3535;Total male and female;0 to 4 years;Haiti;Saba;2023;0;0;0
3536;Total male and female;0 to 4 years;Jamaica;Caribbean Netherlands;2011;0;0;0
3537;Total male and female;0 to 4 years;Jamaica;Caribbean Netherlands;2012;0;0;0
3538;Total male and female;0 to 4 years;Jamaica;Caribbean Netherlands;2013;1;0;1
3539;Total male and female;0 to 4 years;Jamaica;Caribbean Netherlands;2014;1;0;1
3540;Total male and female;0 to 4 years;Jamaica;Caribbean Netherlands;2015;2;0;2
3541;Total male and female;0 to 4 years;Jamaica;Caribbean Netherlands;2016;0;0;0
3542;Total male and female;0 to 4 years;Jamaica;Caribbean Netherlands;2017;0;0;0
3543;Total male and female;0 to 4 years;Jamaica;Caribbean Netherlands;2018;0;0;0
3544;Total male and female;0 to 4 years;Jamaica;Caribbean Netherlands;2019;0;0;0
3545;Total male and female;0 to 4 years;Jamaica;Caribbean Netherlands;2020;0;0;0
3546;Total male and female;0 to 4 years;Jamaica;Caribbean Netherlands;2021;0;0;0
3547;Total male and female;0 to 4 years;Jamaica;Caribbean Netherlands;2022;0;0;0
3548;Total male and female;0 to 4 years;Jamaica;Caribbean Netherlands;2023;0;0;0
3549;Total male and female;0 to 4 years;Jamaica;Bonaire;2011;0;0;0
3550;Total male and female;0 to 4 years;Jamaica;Bonaire;2012;0;0;0
3551;Total male and female;0 to 4 years;Jamaica;Bonaire;2013;1;0;1
3552;Total male and female;0 to 4 years;Jamaica;Bonaire;2014;0;0;0
3553;Total male and female;0 to 4 years;Jamaica;Bonaire;2015;2;0;2
3554;Total male and female;0 to 4 years;Jamaica;Bonaire;2016;0;0;0
3555;Total male and female;0 to 4 years;Jamaica;Bonaire;2017;0;0;0
3556;Total male and female;0 to 4 years;Jamaica;Bonaire;2018;0;0;0
3557;Total male and female;0 to 4 years;Jamaica;Bonaire;2019;0;0;0
3558;Total male and female;0 to 4 years;Jamaica;Bonaire;2020;0;0;0
3559;Total male and female;0 to 4 years;Jamaica;Bonaire;2021;0;0;0
3560;Total male and female;0 to 4 years;Jamaica;Bonaire;2022;0;0;0
3561;Total male and female;0 to 4 years;Jamaica;Bonaire;2023;0;0;0
3562;Total male and female;0 to 4 years;Jamaica;St Eustatius;2011;0;0;0
3563;Total male and female;0 to 4 years;Jamaica;St Eustatius;2012;0;0;0
3564;Total male and female;0 to 4 years;Jamaica;St Eustatius;2013;0;0;0
3565;Total male and female;0 to 4 years;Jamaica;St Eustatius;2014;1;0;1
3566;Total male and female;0 to 4 years;Jamaica;St Eustatius;2015;0;0;0
3567;Total male and female;0 to 4 years;Jamaica;St Eustatius;2016;0;0;0
3568;Total male and female;0 to 4 years;Jamaica;St Eustatius;2017;0;0;0
3569;Total male and female;0 to 4 years;Jamaica;St Eustatius;2018;0;0;0
3570;Total male and female;0 to 4 years;Jamaica;St Eustatius;2019;0;0;0
3571;Total male and female;0 to 4 years;Jamaica;St Eustatius;2020;0;0;0
3572;Total male and female;0 to 4 years;Jamaica;St Eustatius;2021;0;0;0
3573;Total male and female;0 to 4 years;Jamaica;St Eustatius;2022;0;0;0
3574;Total male and female;0 to 4 years;Jamaica;St Eustatius;2023;0;0;0
3575;Total male and female;0 to 4 years;Jamaica;Saba;2011;0;0;0
3576;Total male and female;0 to 4 years;Jamaica;Saba;2012;0;0;0
3577;Total male and female;0 to 4 years;Jamaica;Saba;2013;0;0;0
3578;Total male and female;0 to 4 years;Jamaica;Saba;2014;0;0;0
3579;Total male and female;0 to 4 years;Jamaica;Saba;2015;0;0;0
3580;Total male and female;0 to 4 years;Jamaica;Saba;2016;0;0;0
3581;Total male and female;0 to 4 years;Jamaica;Saba;2017;0;0;0
3582;Total male and female;0 to 4 years;Jamaica;Saba;2018;0;0;0
3583;Total male and female;0 to 4 years;Jamaica;Saba;2019;0;0;0
3584;Total male and female;0 to 4 years;Jamaica;Saba;2020;0;0;0
3585;Total male and female;0 to 4 years;Jamaica;Saba;2021;0;0;0
3586;Total male and female;0 to 4 years;Jamaica;Saba;2022;0;0;0
3587;Total male and female;0 to 4 years;Jamaica;Saba;2023;0;0;0
3588;Total male and female;0 to 4 years;The Netherlands;Caribbean Netherlands;2011;65;19;46
3589;Total male and female;0 to 4 years;The Netherlands;Caribbean Netherlands;2012;37;11;26
3590;Total male and female;0 to 4 years;The Netherlands;Caribbean Netherlands;2013;41;13;28
3591;Total male and female;0 to 4 years;The Netherlands;Caribbean Netherlands;2014;49;12;37
3592;Total male and female;0 to 4 years;The Netherlands;Caribbean Netherlands;2015;33;14;19
3593;Total male and female;0 to 4 years;The Netherlands;Caribbean Netherlands;2016;35;15;20
3594;Total male and female;0 to 4 years;The Netherlands;Caribbean Netherlands;2017;36;7;29
3595;Total male and female;0 to 4 years;The Netherlands;Caribbean Netherlands;2018;20;14;6
3596;Total male and female;0 to 4 years;The Netherlands;Caribbean Netherlands;2019;21;7;14
3597;Total male and female;0 to 4 years;The Netherlands;Caribbean Netherlands;2020;32;14;18
3598;Total male and female;0 to 4 years;The Netherlands;Caribbean Netherlands;2021;33;14;19
3599;Total male and female;0 to 4 years;The Netherlands;Caribbean Netherlands;2022;34;12;22
3600;Total male and female;0 to 4 years;The Netherlands;Caribbean Netherlands;2023;29;10;19
3601;Total male and female;0 to 4 years;The Netherlands;Bonaire;2011;51;12;39
3602;Total male and female;0 to 4 years;The Netherlands;Bonaire;2012;34;10;24
3603;Total male and female;0 to 4 years;The Netherlands;Bonaire;2013;31;12;19
3604;Total male and female;0 to 4 years;The Netherlands;Bonaire;2014;41;11;30
3605;Total male and female;0 to 4 years;The Netherlands;Bonaire;2015;31;13;18
3606;Total male and female;0 to 4 years;The Netherlands;Bonaire;2016;28;14;14
3607;Total male and female;0 to 4 years;The Netherlands;Bonaire;2017;30;6;24
3608;Total male and female;0 to 4 years;The Netherlands;Bonaire;2018;18;12;6
3609;Total male and female;0 to 4 years;The Netherlands;Bonaire;2019;19;5;14
3610;Total male and female;0 to 4 years;The Netherlands;Bonaire;2020;27;12;15
3611;Total male and female;0 to 4 years;The Netherlands;Bonaire;2021;30;8;22
3612;Total male and female;0 to 4 years;The Netherlands;Bonaire;2022;34;12;22
3613;Total male and female;0 to 4 years;The Netherlands;Bonaire;2023;21;10;11
3614;Total male and female;0 to 4 years;The Netherlands;St Eustatius;2011;9;6;3
3615;Total male and female;0 to 4 years;The Netherlands;St Eustatius;2012;2;1;1
3616;Total male and female;0 to 4 years;The Netherlands;St Eustatius;2013;8;1;7
3617;Total male and female;0 to 4 years;The Netherlands;St Eustatius;2014;5;1;4
3618;Total male and female;0 to 4 years;The Netherlands;St Eustatius;2015;1;1;0
3619;Total male and female;0 to 4 years;The Netherlands;St Eustatius;2016;5;1;4
3620;Total male and female;0 to 4 years;The Netherlands;St Eustatius;2017;5;1;4
3621;Total male and female;0 to 4 years;The Netherlands;St Eustatius;2018;1;1;0
3622;Total male and female;0 to 4 years;The Netherlands;St Eustatius;2019;2;0;2
3623;Total male and female;0 to 4 years;The Netherlands;St Eustatius;2020;3;0;3
3624;Total male and female;0 to 4 years;The Netherlands;St Eustatius;2021;3;6;-3
3625;Total male and female;0 to 4 years;The Netherlands;St Eustatius;2022;0;0;0
3626;Total male and female;0 to 4 years;The Netherlands;St Eustatius;2023;1;0;1
3627;Total male and female;0 to 4 years;The Netherlands;Saba;2011;5;1;4
3628;Total male and female;0 to 4 years;The Netherlands;Saba;2012;1;0;1
3629;Total male and female;0 to 4 years;The Netherlands;Saba;2013;2;0;2
3630;Total male and female;0 to 4 years;The Netherlands;Saba;2014;3;0;3
3631;Total male and female;0 to 4 years;The Netherlands;Saba;2015;1;0;1
3632;Total male and female;0 to 4 years;The Netherlands;Saba;2016;2;0;2
3633;Total male and female;0 to 4 years;The Netherlands;Saba;2017;1;0;1
3634;Total male and female;0 to 4 years;The Netherlands;Saba;2018;1;1;0
3635;Total male and female;0 to 4 years;The Netherlands;Saba;2019;0;2;-2
3636;Total male and female;0 to 4 years;The Netherlands;Saba;2020;2;2;0
3637;Total male and female;0 to 4 years;The Netherlands;Saba;2021;0;0;0
3638;Total male and female;0 to 4 years;The Netherlands;Saba;2022;0;0;0
3639;Total male and female;0 to 4 years;The Netherlands;Saba;2023;7;0;7
3640;Total male and female;0 to 4 years;Peru;Caribbean Netherlands;2011;0;0;0
3641;Total male and female;0 to 4 years;Peru;Caribbean Netherlands;2012;0;0;0
3642;Total male and female;0 to 4 years;Peru;Caribbean Netherlands;2013;0;0;0
3643;Total male and female;0 to 4 years;Peru;Caribbean Netherlands;2014;0;0;0
3644;Total male and female;0 to 4 years;Peru;Caribbean Netherlands;2015;2;0;2
3645;Total male and female;0 to 4 years;Peru;Caribbean Netherlands;2016;1;0;1
3646;Total male and female;0 to 4 years;Peru;Caribbean Netherlands;2017;3;0;3
3647;Total male and female;0 to 4 years;Peru;Caribbean Netherlands;2018;0;0;0
3648;Total male and female;0 to 4 years;Peru;Caribbean Netherlands;2019;0;1;-1
3649;Total male and female;0 to 4 years;Peru;Caribbean Netherlands;2020;0;0;0
3650;Total male and female;0 to 4 years;Peru;Caribbean Netherlands;2021;1;0;1
3651;Total male and female;0 to 4 years;Peru;Caribbean Netherlands;2022;0;0;0
3652;Total male and female;0 to 4 years;Peru;Caribbean Netherlands;2023;2;0;2
3653;Total male and female;0 to 4 years;Peru;Bonaire;2011;0;0;0
3654;Total male and female;0 to 4 years;Peru;Bonaire;2012;0;0;0
3655;Total male and female;0 to 4 years;Peru;Bonaire;2013;0;0;0
3656;Total male and female;0 to 4 years;Peru;Bonaire;2014;0;0;0
3657;Total male and female;0 to 4 years;Peru;Bonaire;2015;2;0;2
3658;Total male and female;0 to 4 years;Peru;Bonaire;2016;1;0;1
3659;Total male and female;0 to 4 years;Peru;Bonaire;2017;3;0;3
3660;Total male and female;0 to 4 years;Peru;Bonaire;2018;0;0;0
3661;Total male and female;0 to 4 years;Peru;Bonaire;2019;0;1;-1
3662;Total male and female;0 to 4 years;Peru;Bonaire;2020;0;0;0
3663;Total male and female;0 to 4 years;Peru;Bonaire;2021;1;0;1
3664;Total male and female;0 to 4 years;Peru;Bonaire;2022;0;0;0
3665;Total male and female;0 to 4 years;Peru;Bonaire;2023;2;0;2
3666;Total male and female;0 to 4 years;Peru;St Eustatius;2011;0;0;0
3667;Total male and female;0 to 4 years;Peru;St Eustatius;2012;0;0;0
3668;Total male and female;0 to 4 years;Peru;St Eustatius;2013;0;0;0
3669;Total male and female;0 to 4 years;Peru;St Eustatius;2014;0;0;0
3670;Total male and female;0 to 4 years;Peru;St Eustatius;2015;0;0;0
3671;Total male and female;0 to 4 years;Peru;St Eustatius;2016;0;0;0
3672;Total male and female;0 to 4 years;Peru;St Eustatius;2017;0;0;0
3673;Total male and female;0 to 4 years;Peru;St Eustatius;2018;0;0;0
3674;Total male and female;0 to 4 years;Peru;St Eustatius;2019;0;0;0
3675;Total male and female;0 to 4 years;Peru;St Eustatius;2020;0;0;0
3676;Total male and female;0 to 4 years;Peru;St Eustatius;2021;0;0;0
3677;Total male and female;0 to 4 years;Peru;St Eustatius;2022;0;0;0
3678;Total male and female;0 to 4 years;Peru;St Eustatius;2023;0;0;0
3679;Total male and female;0 to 4 years;Peru;Saba;2011;0;0;0
3680;Total male and female;0 to 4 years;Peru;Saba;2012;0;0;0
3681;Total male and female;0 to 4 years;Peru;Saba;2013;0;0;0
3682;Total male and female;0 to 4 years;Peru;Saba;2014;0;0;0
3683;Total male and female;0 to 4 years;Peru;Saba;2015;0;0;0
3684;Total male and female;0 to 4 years;Peru;Saba;2016;0;0;0
3685;Total male and female;0 to 4 years;Peru;Saba;2017;0;0;0
3686;Total male and female;0 to 4 years;Peru;Saba;2018;0;0;0
3687;Total male and female;0 to 4 years;Peru;Saba;2019;0;0;0
3688;Total male and female;0 to 4 years;Peru;Saba;2020;0;0;0
3689;Total male and female;0 to 4 years;Peru;Saba;2021;0;0;0
3690;Total male and female;0 to 4 years;Peru;Saba;2022;0;0;0
3691;Total male and female;0 to 4 years;Peru;Saba;2023;0;0;0
3692;Total male and female;0 to 4 years;St Eustatius;Caribbean Netherlands;2011;1;3;-2
3693;Total male and female;0 to 4 years;St Eustatius;Caribbean Netherlands;2012;2;3;-1
3694;Total male and female;0 to 4 years;St Eustatius;Caribbean Netherlands;2013;3;2;1
3695;Total male and female;0 to 4 years;St Eustatius;Caribbean Netherlands;2014;0;1;-1
3696;Total male and female;0 to 4 years;St Eustatius;Caribbean Netherlands;2015;1;2;-1
3697;Total male and female;0 to 4 years;St Eustatius;Caribbean Netherlands;2016;0;1;-1
3698;Total male and female;0 to 4 years;St Eustatius;Caribbean Netherlands;2017;0;2;-2
3699;Total male and female;0 to 4 years;St Eustatius;Caribbean Netherlands;2018;1;4;-3
3700;Total male and female;0 to 4 years;St Eustatius;Caribbean Netherlands;2019;0;1;-1
3701;Total male and female;0 to 4 years;St Eustatius;Caribbean Netherlands;2020;1;0;1
3702;Total male and female;0 to 4 years;St Eustatius;Caribbean Netherlands;2021;0;2;-2
3703;Total male and female;0 to 4 years;St Eustatius;Caribbean Netherlands;2022;0;0;0
3704;Total male and female;0 to 4 years;St Eustatius;Caribbean Netherlands;2023;0;2;-2
3705;Total male and female;0 to 4 years;St Eustatius;Bonaire;2011;0;0;0
3706;Total male and female;0 to 4 years;St Eustatius;Bonaire;2012;0;0;0
3707;Total male and female;0 to 4 years;St Eustatius;Bonaire;2013;0;0;0
3708;Total male and female;0 to 4 years;St Eustatius;Bonaire;2014;0;0;0
3709;Total male and female;0 to 4 years;St Eustatius;Bonaire;2015;0;0;0
3710;Total male and female;0 to 4 years;St Eustatius;Bonaire;2016;0;0;0
3711;Total male and female;0 to 4 years;St Eustatius;Bonaire;2017;0;0;0
3712;Total male and female;0 to 4 years;St Eustatius;Bonaire;2018;0;0;0
3713;Total male and female;0 to 4 years;St Eustatius;Bonaire;2019;0;0;0
3714;Total male and female;0 to 4 years;St Eustatius;Bonaire;2020;0;0;0
3715;Total male and female;0 to 4 years;St Eustatius;Bonaire;2021;0;0;0
3716;Total male and female;0 to 4 years;St Eustatius;Bonaire;2022;0;0;0
3717;Total male and female;0 to 4 years;St Eustatius;Bonaire;2023;0;0;0
3718;Total male and female;0 to 4 years;St Eustatius;St Eustatius;2011;1;3;-2
3719;Total male and female;0 to 4 years;St Eustatius;St Eustatius;2012;2;3;-1
3720;Total male and female;0 to 4 years;St Eustatius;St Eustatius;2013;3;2;1
3721;Total male and female;0 to 4 years;St Eustatius;St Eustatius;2014;0;1;-1
3722;Total male and female;0 to 4 years;St Eustatius;St Eustatius;2015;1;2;-1
3723;Total male and female;0 to 4 years;St Eustatius;St Eustatius;2016;0;1;-1
3724;Total male and female;0 to 4 years;St Eustatius;St Eustatius;2017;0;2;-2
3725;Total male and female;0 to 4 years;St Eustatius;St Eustatius;2018;1;4;-3
3726;Total male and female;0 to 4 years;St Eustatius;St Eustatius;2019;0;1;-1
3727;Total male and female;0 to 4 years;St Eustatius;St Eustatius;2020;1;0;1
3728;Total male and female;0 to 4 years;St Eustatius;St Eustatius;2021;0;2;-2
3729;Total male and female;0 to 4 years;St Eustatius;St Eustatius;2022;0;0;0
3730;Total male and female;0 to 4 years;St Eustatius;St Eustatius;2023;0;2;-2
3731;Total male and female;0 to 4 years;St Eustatius;Saba;2011;0;0;0
3732;Total male and female;0 to 4 years;St Eustatius;Saba;2012;0;0;0
3733;Total male and female;0 to 4 years;St Eustatius;Saba;2013;0;0;0
3734;Total male and female;0 to 4 years;St Eustatius;Saba;2014;0;0;0
3735;Total male and female;0 to 4 years;St Eustatius;Saba;2015;0;0;0
3736;Total male and female;0 to 4 years;St Eustatius;Saba;2016;0;0;0
3737;Total male and female;0 to 4 years;St Eustatius;Saba;2017;0;0;0
3738;Total male and female;0 to 4 years;St Eustatius;Saba;2018;0;0;0
3739;Total male and female;0 to 4 years;St Eustatius;Saba;2019;0;0;0
3740;Total male and female;0 to 4 years;St Eustatius;Saba;2020;0;0;0
3741;Total male and female;0 to 4 years;St Eustatius;Saba;2021;0;0;0
3742;Total male and female;0 to 4 years;St Eustatius;Saba;2022;0;0;0
3743;Total male and female;0 to 4 years;St Eustatius;Saba;2023;0;0;0
3744;Total male and female;0 to 4 years;St Kitts and Nevis;Caribbean Netherlands;2011;0;0;0
3745;Total male and female;0 to 4 years;St Kitts and Nevis;Caribbean Netherlands;2012;1;0;1
3746;Total male and female;0 to 4 years;St Kitts and Nevis;Caribbean Netherlands;2013;0;0;0
3747;Total male and female;0 to 4 years;St Kitts and Nevis;Caribbean Netherlands;2014;1;0;1
3748;Total male and female;0 to 4 years;St Kitts and Nevis;Caribbean Netherlands;2015;0;0;0
3749;Total male and female;0 to 4 years;St Kitts and Nevis;Caribbean Netherlands;2016;0;0;0
3750;Total male and female;0 to 4 years;St Kitts and Nevis;Caribbean Netherlands;2017;0;0;0
3751;Total male and female;0 to 4 years;St Kitts and Nevis;Caribbean Netherlands;2018;1;1;0
3752;Total male and female;0 to 4 years;St Kitts and Nevis;Caribbean Netherlands;2019;0;0;0
3753;Total male and female;0 to 4 years;St Kitts and Nevis;Caribbean Netherlands;2020;0;0;0
3754;Total male and female;0 to 4 years;St Kitts and Nevis;Caribbean Netherlands;2021;0;0;0
3755;Total male and female;0 to 4 years;St Kitts and Nevis;Caribbean Netherlands;2022;1;0;1
3756;Total male and female;0 to 4 years;St Kitts and Nevis;Caribbean Netherlands;2023;1;0;1
3757;Total male and female;0 to 4 years;St Kitts and Nevis;Bonaire;2011;0;0;0
3758;Total male and female;0 to 4 years;St Kitts and Nevis;Bonaire;2012;0;0;0
3759;Total male and female;0 to 4 years;St Kitts and Nevis;Bonaire;2013;0;0;0
3760;Total male and female;0 to 4 years;St Kitts and Nevis;Bonaire;2014;0;0;0
3761;Total male and female;0 to 4 years;St Kitts and Nevis;Bonaire;2015;0;0;0
3762;Total male and female;0 to 4 years;St Kitts and Nevis;Bonaire;2016;0;0;0
3763;Total male and female;0 to 4 years;St Kitts and Nevis;Bonaire;2017;0;0;0
3764;Total male and female;0 to 4 years;St Kitts and Nevis;Bonaire;2018;1;1;0
3765;Total male and female;0 to 4 years;St Kitts and Nevis;Bonaire;2019;0;0;0
3766;Total male and female;0 to 4 years;St Kitts and Nevis;Bonaire;2020;0;0;0
3767;Total male and female;0 to 4 years;St Kitts and Nevis;Bonaire;2021;0;0;0
3768;Total male and female;0 to 4 years;St Kitts and Nevis;Bonaire;2022;0;0;0
3769;Total male and female;0 to 4 years;St Kitts and Nevis;Bonaire;2023;1;0;1
3770;Total male and female;0 to 4 years;St Kitts and Nevis;St Eustatius;2011;0;0;0
3771;Total male and female;0 to 4 years;St Kitts and Nevis;St Eustatius;2012;1;0;1
3772;Total male and female;0 to 4 years;St Kitts and Nevis;St Eustatius;2013;0;0;0
3773;Total male and female;0 to 4 years;St Kitts and Nevis;St Eustatius;2014;1;0;1
3774;Total male and female;0 to 4 years;St Kitts and Nevis;St Eustatius;2015;0;0;0
3775;Total male and female;0 to 4 years;St Kitts and Nevis;St Eustatius;2016;0;0;0
3776;Total male and female;0 to 4 years;St Kitts and Nevis;St Eustatius;2017;0;0;0
3777;Total male and female;0 to 4 years;St Kitts and Nevis;St Eustatius;2018;0;0;0
3778;Total male and female;0 to 4 years;St Kitts and Nevis;St Eustatius;2019;0;0;0
3779;Total male and female;0 to 4 years;St Kitts and Nevis;St Eustatius;2020;0;0;0
3780;Total male and female;0 to 4 years;St Kitts and Nevis;St Eustatius;2021;0;0;0
3781;Total male and female;0 to 4 years;St Kitts and Nevis;St Eustatius;2022;1;0;1
3782;Total male and female;0 to 4 years;St Kitts and Nevis;St Eustatius;2023;0;0;0
3783;Total male and female;0 to 4 years;St Kitts and Nevis;Saba;2011;0;0;0
3784;Total male and female;0 to 4 years;St Kitts and Nevis;Saba;2012;0;0;0
3785;Total male and female;0 to 4 years;St Kitts and Nevis;Saba;2013;0;0;0
3786;Total male and female;0 to 4 years;St Kitts and Nevis;Saba;2014;0;0;0
3787;Total male and female;0 to 4 years;St Kitts and Nevis;Saba;2015;0;0;0
3788;Total male and female;0 to 4 years;St Kitts and Nevis;Saba;2016;0;0;0
3789;Total male and female;0 to 4 years;St Kitts and Nevis;Saba;2017;0;0;0
3790;Total male and female;0 to 4 years;St Kitts and Nevis;Saba;2018;0;0;0
3791;Total male and female;0 to 4 years;St Kitts and Nevis;Saba;2019;0;0;0
3792;Total male and female;0 to 4 years;St Kitts and Nevis;Saba;2020;0;0;0
3793;Total male and female;0 to 4 years;St Kitts and Nevis;Saba;2021;0;0;0
3794;Total male and female;0 to 4 years;St Kitts and Nevis;Saba;2022;0;0;0
3795;Total male and female;0 to 4 years;St Kitts and Nevis;Saba;2023;0;0;0
3796;Total male and female;0 to 4 years;Saba;Caribbean Netherlands;2011;0;1;-1
3797;Total male and female;0 to 4 years;Saba;Caribbean Netherlands;2012;0;0;0
3798;Total male and female;0 to 4 years;Saba;Caribbean Netherlands;2013;0;0;0
3799;Total male and female;0 to 4 years;Saba;Caribbean Netherlands;2014;0;0;0
3800;Total male and female;0 to 4 years;Saba;Caribbean Netherlands;2015;0;0;0
3801;Total male and female;0 to 4 years;Saba;Caribbean Netherlands;2016;0;2;-2
3802;Total male and female;0 to 4 years;Saba;Caribbean Netherlands;2017;0;0;0
3803;Total male and female;0 to 4 years;Saba;Caribbean Netherlands;2018;0;0;0
3804;Total male and female;0 to 4 years;Saba;Caribbean Netherlands;2019;0;1;-1
3805;Total male and female;0 to 4 years;Saba;Caribbean Netherlands;2020;0;0;0
3806;Total male and female;0 to 4 years;Saba;Caribbean Netherlands;2021;0;0;0
3807;Total male and female;0 to 4 years;Saba;Caribbean Netherlands;2022;0;1;-1
3808;Total male and female;0 to 4 years;Saba;Caribbean Netherlands;2023;0;0;0
3809;Total male and female;0 to 4 years;Saba;Bonaire;2011;0;0;0
3810;Total male and female;0 to 4 years;Saba;Bonaire;2012;0;0;0
3811;Total male and female;0 to 4 years;Saba;Bonaire;2013;0;0;0
3812;Total male and female;0 to 4 years;Saba;Bonaire;2014;0;0;0
3813;Total male and female;0 to 4 years;Saba;Bonaire;2015;0;0;0
3814;Total male and female;0 to 4 years;Saba;Bonaire;2016;0;0;0
3815;Total male and female;0 to 4 years;Saba;Bonaire;2017;0;0;0
3816;Total male and female;0 to 4 years;Saba;Bonaire;2018;0;0;0
3817;Total male and female;0 to 4 years;Saba;Bonaire;2019;0;0;0
3818;Total male and female;0 to 4 years;Saba;Bonaire;2020;0;0;0
3819;Total male and female;0 to 4 years;Saba;Bonaire;2021;0;0;0
3820;Total male and female;0 to 4 years;Saba;Bonaire;2022;0;0;0
3821;Total male and female;0 to 4 years;Saba;Bonaire;2023;0;0;0
3822;Total male and female;0 to 4 years;Saba;St Eustatius;2011;0;0;0
3823;Total male and female;0 to 4 years;Saba;St Eustatius;2012;0;0;0
3824;Total male and female;0 to 4 years;Saba;St Eustatius;2013;0;0;0
3825;Total male and female;0 to 4 years;Saba;St Eustatius;2014;0;0;0
3826;Total male and female;0 to 4 years;Saba;St Eustatius;2015;0;0;0
3827;Total male and female;0 to 4 years;Saba;St Eustatius;2016;0;0;0
3828;Total male and female;0 to 4 years;Saba;St Eustatius;2017;0;0;0
3829;Total male and female;0 to 4 years;Saba;St Eustatius;2018;0;0;0
3830;Total male and female;0 to 4 years;Saba;St Eustatius;2019;0;0;0
3831;Total male and female;0 to 4 years;Saba;St Eustatius;2020;0;0;0
3832;Total male and female;0 to 4 years;Saba;St Eustatius;2021;0;0;0
3833;Total male and female;0 to 4 years;Saba;St Eustatius;2022;0;0;0
3834;Total male and female;0 to 4 years;Saba;St Eustatius;2023;0;0;0
3835;Total male and female;0 to 4 years;Saba;Saba;2011;0;1;-1
3836;Total male and female;0 to 4 years;Saba;Saba;2012;0;0;0
3837;Total male and female;0 to 4 years;Saba;Saba;2013;0;0;0
3838;Total male and female;0 to 4 years;Saba;Saba;2014;0;0;0
3839;Total male and female;0 to 4 years;Saba;Saba;2015;0;0;0
3840;Total male and female;0 to 4 years;Saba;Saba;2016;0;2;-2
3841;Total male and female;0 to 4 years;Saba;Saba;2017;0;0;0
3842;Total male and female;0 to 4 years;Saba;Saba;2018;0;0;0
3843;Total male and female;0 to 4 years;Saba;Saba;2019;0;1;-1
3844;Total male and female;0 to 4 years;Saba;Saba;2020;0;0;0
3845;Total male and female;0 to 4 years;Saba;Saba;2021;0;0;0
3846;Total male and female;0 to 4 years;Saba;Saba;2022;0;1;-1
3847;Total male and female;0 to 4 years;Saba;Saba;2023;0;0;0
3848;Total male and female;0 to 4 years;St Maarten (Dutch part);Caribbean Netherlands;2011;9;5;4
3849;Total male and female;0 to 4 years;St Maarten (Dutch part);Caribbean Netherlands;2012;7;5;2
3850;Total male and female;0 to 4 years;St Maarten (Dutch part);Caribbean Netherlands;2013;5;5;0
3851;Total male and female;0 to 4 years;St Maarten (Dutch part);Caribbean Netherlands;2014;10;7;3
3852;Total male and female;0 to 4 years;St Maarten (Dutch part);Caribbean Netherlands;2015;3;2;1
3853;Total male and female;0 to 4 years;St Maarten (Dutch part);Caribbean Netherlands;2016;6;6;0
3854;Total male and female;0 to 4 years;St Maarten (Dutch part);Caribbean Netherlands;2017;8;5;3
3855;Total male and female;0 to 4 years;St Maarten (Dutch part);Caribbean Netherlands;2018;11;3;8
3856;Total male and female;0 to 4 years;St Maarten (Dutch part);Caribbean Netherlands;2019;1;3;-2
3857;Total male and female;0 to 4 years;St Maarten (Dutch part);Caribbean Netherlands;2020;2;3;-1
3858;Total male and female;0 to 4 years;St Maarten (Dutch part);Caribbean Netherlands;2021;5;2;3
3859;Total male and female;0 to 4 years;St Maarten (Dutch part);Caribbean Netherlands;2022;3;2;1
3860;Total male and female;0 to 4 years;St Maarten (Dutch part);Caribbean Netherlands;2023;14;5;9
3861;Total male and female;0 to 4 years;St Maarten (Dutch part);Bonaire;2011;1;0;1
3862;Total male and female;0 to 4 years;St Maarten (Dutch part);Bonaire;2012;1;1;0
3863;Total male and female;0 to 4 years;St Maarten (Dutch part);Bonaire;2013;0;0;0
3864;Total male and female;0 to 4 years;St Maarten (Dutch part);Bonaire;2014;0;0;0
3865;Total male and female;0 to 4 years;St Maarten (Dutch part);Bonaire;2015;1;0;1
3866;Total male and female;0 to 4 years;St Maarten (Dutch part);Bonaire;2016;2;0;2
3867;Total male and female;0 to 4 years;St Maarten (Dutch part);Bonaire;2017;2;0;2
3868;Total male and female;0 to 4 years;St Maarten (Dutch part);Bonaire;2018;1;0;1
3869;Total male and female;0 to 4 years;St Maarten (Dutch part);Bonaire;2019;0;0;0
3870;Total male and female;0 to 4 years;St Maarten (Dutch part);Bonaire;2020;0;0;0
3871;Total male and female;0 to 4 years;St Maarten (Dutch part);Bonaire;2021;0;0;0
3872;Total male and female;0 to 4 years;St Maarten (Dutch part);Bonaire;2022;0;0;0
3873;Total male and female;0 to 4 years;St Maarten (Dutch part);Bonaire;2023;0;0;0
3874;Total male and female;0 to 4 years;St Maarten (Dutch part);St Eustatius;2011;2;4;-2
3875;Total male and female;0 to 4 years;St Maarten (Dutch part);St Eustatius;2012;4;2;2
3876;Total male and female;0 to 4 years;St Maarten (Dutch part);St Eustatius;2013;3;4;-1
3877;Total male and female;0 to 4 years;St Maarten (Dutch part);St Eustatius;2014;5;2;3
3878;Total male and female;0 to 4 years;St Maarten (Dutch part);St Eustatius;2015;1;2;-1
3879;Total male and female;0 to 4 years;St Maarten (Dutch part);St Eustatius;2016;3;4;-1
3880;Total male and female;0 to 4 years;St Maarten (Dutch part);St Eustatius;2017;2;3;-1
3881;Total male and female;0 to 4 years;St Maarten (Dutch part);St Eustatius;2018;5;1;4
3882;Total male and female;0 to 4 years;St Maarten (Dutch part);St Eustatius;2019;0;1;-1
3883;Total male and female;0 to 4 years;St Maarten (Dutch part);St Eustatius;2020;0;3;-3
3884;Total male and female;0 to 4 years;St Maarten (Dutch part);St Eustatius;2021;2;1;1
3885;Total male and female;0 to 4 years;St Maarten (Dutch part);St Eustatius;2022;1;0;1
3886;Total male and female;0 to 4 years;St Maarten (Dutch part);St Eustatius;2023;4;4;0
3887;Total male and female;0 to 4 years;St Maarten (Dutch part);Saba;2011;6;1;5
3888;Total male and female;0 to 4 years;St Maarten (Dutch part);Saba;2012;2;2;0
3889;Total male and female;0 to 4 years;St Maarten (Dutch part);Saba;2013;2;1;1
3890;Total male and female;0 to 4 years;St Maarten (Dutch part);Saba;2014;5;5;0
3891;Total male and female;0 to 4 years;St Maarten (Dutch part);Saba;2015;1;0;1
3892;Total male and female;0 to 4 years;St Maarten (Dutch part);Saba;2016;1;2;-1
3893;Total male and female;0 to 4 years;St Maarten (Dutch part);Saba;2017;4;2;2
3894;Total male and female;0 to 4 years;St Maarten (Dutch part);Saba;2018;5;2;3
3895;Total male and female;0 to 4 years;St Maarten (Dutch part);Saba;2019;1;2;-1
3896;Total male and female;0 to 4 years;St Maarten (Dutch part);Saba;2020;2;0;2
3897;Total male and female;0 to 4 years;St Maarten (Dutch part);Saba;2021;3;1;2
3898;Total male and female;0 to 4 years;St Maarten (Dutch part);Saba;2022;2;2;0
3899;Total male and female;0 to 4 years;St Maarten (Dutch part);Saba;2023;10;1;9
3900;Total male and female;0 to 4 years;Surinam;Caribbean Netherlands;2011;1;0;1
3901;Total male and female;0 to 4 years;Surinam;Caribbean Netherlands;2012;0;0;0
3902;Total male and female;0 to 4 years;Surinam;Caribbean Netherlands;2013;1;0;1
3903;Total male and female;0 to 4 years;Surinam;Caribbean Netherlands;2014;2;0;2
3904;Total male and female;0 to 4 years;Surinam;Caribbean Netherlands;2015;3;0;3
3905;Total male and female;0 to 4 years;Surinam;Caribbean Netherlands;2016;3;0;3
3906;Total male and female;0 to 4 years;Surinam;Caribbean Netherlands;2017;1;1;0
3907;Total male and female;0 to 4 years;Surinam;Caribbean Netherlands;2018;0;1;-1
3908;Total male and female;0 to 4 years;Surinam;Caribbean Netherlands;2019;1;0;1
3909;Total male and female;0 to 4 years;Surinam;Caribbean Netherlands;2020;0;0;0
3910;Total male and female;0 to 4 years;Surinam;Caribbean Netherlands;2021;1;0;1
3911;Total male and female;0 to 4 years;Surinam;Caribbean Netherlands;2022;4;0;4
3912;Total male and female;0 to 4 years;Surinam;Caribbean Netherlands;2023;3;0;3
3913;Total male and female;0 to 4 years;Surinam;Bonaire;2011;0;0;0
3914;Total male and female;0 to 4 years;Surinam;Bonaire;2012;0;0;0
3915;Total male and female;0 to 4 years;Surinam;Bonaire;2013;1;0;1
3916;Total male and female;0 to 4 years;Surinam;Bonaire;2014;2;0;2
3917;Total male and female;0 to 4 years;Surinam;Bonaire;2015;3;0;3
3918;Total male and female;0 to 4 years;Surinam;Bonaire;2016;2;0;2
3919;Total male and female;0 to 4 years;Surinam;Bonaire;2017;1;1;0
3920;Total male and female;0 to 4 years;Surinam;Bonaire;2018;0;1;-1
3921;Total male and female;0 to 4 years;Surinam;Bonaire;2019;0;0;0
3922;Total male and female;0 to 4 years;Surinam;Bonaire;2020;0;0;0
3923;Total male and female;0 to 4 years;Surinam;Bonaire;2021;0;0;0
3924;Total male and female;0 to 4 years;Surinam;Bonaire;2022;2;0;2
3925;Total male and female;0 to 4 years;Surinam;Bonaire;2023;2;0;2
3926;Total male and female;0 to 4 years;Surinam;St Eustatius;2011;1;0;1
3927;Total male and female;0 to 4 years;Surinam;St Eustatius;2012;0;0;0
3928;Total male and female;0 to 4 years;Surinam;St Eustatius;2013;0;0;0
3929;Total male and female;0 to 4 years;Surinam;St Eustatius;2014;0;0;0
3930;Total male and female;0 to 4 years;Surinam;St Eustatius;2015;0;0;0
3931;Total male and female;0 to 4 years;Surinam;St Eustatius;2016;1;0;1
3932;Total male and female;0 to 4 years;Surinam;St Eustatius;2017;0;0;0
3933;Total male and female;0 to 4 years;Surinam;St Eustatius;2018;0;0;0
3934;Total male and female;0 to 4 years;Surinam;St Eustatius;2019;0;0;0
3935;Total male and female;0 to 4 years;Surinam;St Eustatius;2020;0;0;0
3936;Total male and female;0 to 4 years;Surinam;St Eustatius;2021;1;0;1
3937;Total male and female;0 to 4 years;Surinam;St Eustatius;2022;2;0;2
3938;Total male and female;0 to 4 years;Surinam;St Eustatius;2023;1;0;1
3939;Total male and female;0 to 4 years;Surinam;Saba;2011;0;0;0
3940;Total male and female;0 to 4 years;Surinam;Saba;2012;0;0;0
3941;Total male and female;0 to 4 years;Surinam;Saba;2013;0;0;0
3942;Total male and female;0 to 4 years;Surinam;Saba;2014;0;0;0
3943;Total male and female;0 to 4 years;Surinam;Saba;2015;0;0;0
3944;Total male and female;0 to 4 years;Surinam;Saba;2016;0;0;0
3945;Total male and female;0 to 4 years;Surinam;Saba;2017;0;0;0
3946;Total male and female;0 to 4 years;Surinam;Saba;2018;0;0;0
3947;Total male and female;0 to 4 years;Surinam;Saba;2019;1;0;1
3948;Total male and female;0 to 4 years;Surinam;Saba;2020;0;0;0
3949;Total male and female;0 to 4 years;Surinam;Saba;2021;0;0;0
3950;Total male and female;0 to 4 years;Surinam;Saba;2022;0;0;0
3951;Total male and female;0 to 4 years;Surinam;Saba;2023;0;0;0
3952;Total male and female;0 to 4 years;Trinidad and Tobago;Caribbean Netherlands;2011;0;0;0
3953;Total male and female;0 to 4 years;Trinidad and Tobago;Caribbean Netherlands;2012;0;0;0
3954;Total male and female;0 to 4 years;Trinidad and Tobago;Caribbean Netherlands;2013;0;0;0
3955;Total male and female;0 to 4 years;Trinidad and Tobago;Caribbean Netherlands;2014;0;0;0
3956;Total male and female;0 to 4 years;Trinidad and Tobago;Caribbean Netherlands;2015;0;0;0
3957;Total male and female;0 to 4 years;Trinidad and Tobago;Caribbean Netherlands;2016;0;0;0
3958;Total male and female;0 to 4 years;Trinidad and Tobago;Caribbean Netherlands;2017;0;0;0
3959;Total male and female;0 to 4 years;Trinidad and Tobago;Caribbean Netherlands;2018;0;0;0
3960;Total male and female;0 to 4 years;Trinidad and Tobago;Caribbean Netherlands;2019;0;0;0
3961;Total male and female;0 to 4 years;Trinidad and Tobago;Caribbean Netherlands;2020;0;0;0
3962;Total male and female;0 to 4 years;Trinidad and Tobago;Caribbean Netherlands;2021;0;0;0
3963;Total male and female;0 to 4 years;Trinidad and Tobago;Caribbean Netherlands;2022;1;0;1
3964;Total male and female;0 to 4 years;Trinidad and Tobago;Caribbean Netherlands;2023;0;0;0
3965;Total male and female;0 to 4 years;Trinidad and Tobago;Bonaire;2011;0;0;0
3966;Total male and female;0 to 4 years;Trinidad and Tobago;Bonaire;2012;0;0;0
3967;Total male and female;0 to 4 years;Trinidad and Tobago;Bonaire;2013;0;0;0
3968;Total male and female;0 to 4 years;Trinidad and Tobago;Bonaire;2014;0;0;0
3969;Total male and female;0 to 4 years;Trinidad and Tobago;Bonaire;2015;0;0;0
3970;Total male and female;0 to 4 years;Trinidad and Tobago;Bonaire;2016;0;0;0
3971;Total male and female;0 to 4 years;Trinidad and Tobago;Bonaire;2017;0;0;0
3972;Total male and female;0 to 4 years;Trinidad and Tobago;Bonaire;2018;0;0;0
3973;Total male and female;0 to 4 years;Trinidad and Tobago;Bonaire;2019;0;0;0
3974;Total male and female;0 to 4 years;Trinidad and Tobago;Bonaire;2020;0;0;0
3975;Total male and female;0 to 4 years;Trinidad and Tobago;Bonaire;2021;0;0;0
3976;Total male and female;0 to 4 years;Trinidad and Tobago;Bonaire;2022;0;0;0
3977;Total male and female;0 to 4 years;Trinidad and Tobago;Bonaire;2023;0;0;0
3978;Total male and female;0 to 4 years;Trinidad and Tobago;St Eustatius;2011;0;0;0
3979;Total male and female;0 to 4 years;Trinidad and Tobago;St Eustatius;2012;0;0;0
3980;Total male and female;0 to 4 years;Trinidad and Tobago;St Eustatius;2013;0;0;0
3981;Total male and female;0 to 4 years;Trinidad and Tobago;St Eustatius;2014;0;0;0
3982;Total male and female;0 to 4 years;Trinidad and Tobago;St Eustatius;2015;0;0;0
3983;Total male and female;0 to 4 years;Trinidad and Tobago;St Eustatius;2016;0;0;0
3984;Total male and female;0 to 4 years;Trinidad and Tobago;St Eustatius;2017;0;0;0
3985;Total male and female;0 to 4 years;Trinidad and Tobago;St Eustatius;2018;0;0;0
3986;Total male and female;0 to 4 years;Trinidad and Tobago;St Eustatius;2019;0;0;0
3987;Total male and female;0 to 4 years;Trinidad and Tobago;St Eustatius;2020;0;0;0
3988;Total male and female;0 to 4 years;Trinidad and Tobago;St Eustatius;2021;0;0;0
3989;Total male and female;0 to 4 years;Trinidad and Tobago;St Eustatius;2022;0;0;0
3990;Total male and female;0 to 4 years;Trinidad and Tobago;St Eustatius;2023;0;0;0
3991;Total male and female;0 to 4 years;Trinidad and Tobago;Saba;2011;0;0;0
3992;Total male and female;0 to 4 years;Trinidad and Tobago;Saba;2012;0;0;0
3993;Total male and female;0 to 4 years;Trinidad and Tobago;Saba;2013;0;0;0
3994;Total male and female;0 to 4 years;Trinidad and Tobago;Saba;2014;0;0;0
3995;Total male and female;0 to 4 years;Trinidad and Tobago;Saba;2015;0;0;0
3996;Total male and female;0 to 4 years;Trinidad and Tobago;Saba;2016;0;0;0
3997;Total male and female;0 to 4 years;Trinidad and Tobago;Saba;2017;0;0;0
3998;Total male and female;0 to 4 years;Trinidad and Tobago;Saba;2018;0;0;0
3999;Total male and female;0 to 4 years;Trinidad and Tobago;Saba;2019;0;0;0
4000;Total male and female;0 to 4 years;Trinidad and Tobago;Saba;2020;0;0;0
4001;Total male and female;0 to 4 years;Trinidad and Tobago;Saba;2021;0;0;0
4002;Total male and female;0 to 4 years;Trinidad and Tobago;Saba;2022;1;0;1
4003;Total male and female;0 to 4 years;Trinidad and Tobago;Saba;2023;0;0;0
4004;Total male and female;0 to 4 years;Venezuela;Caribbean Netherlands;2011;2;0;2
4005;Total male and female;0 to 4 years;Venezuela;Caribbean Netherlands;2012;2;0;2
4006;Total male and female;0 to 4 years;Venezuela;Caribbean Netherlands;2013;1;0;1
4007;Total male and female;0 to 4 years;Venezuela;Caribbean Netherlands;2014;1;0;1
4008;Total male and female;0 to 4 years;Venezuela;Caribbean Netherlands;2015;6;0;6
4009;Total male and female;0 to 4 years;Venezuela;Caribbean Netherlands;2016;3;0;3
4010;Total male and female;0 to 4 years;Venezuela;Caribbean Netherlands;2017;6;0;6
4011;Total male and female;0 to 4 years;Venezuela;Caribbean Netherlands;2018;6;0;6
4012;Total male and female;0 to 4 years;Venezuela;Caribbean Netherlands;2019;1;0;1
4013;Total male and female;0 to 4 years;Venezuela;Caribbean Netherlands;2020;2;0;2
4014;Total male and female;0 to 4 years;Venezuela;Caribbean Netherlands;2021;1;0;1
4015;Total male and female;0 to 4 years;Venezuela;Caribbean Netherlands;2022;3;0;3
4016;Total male and female;0 to 4 years;Venezuela;Caribbean Netherlands;2023;5;0;5
4017;Total male and female;0 to 4 years;Venezuela;Bonaire;2011;2;0;2
4018;Total male and female;0 to 4 years;Venezuela;Bonaire;2012;2;0;2
4019;Total male and female;0 to 4 years;Venezuela;Bonaire;2013;1;0;1
4020;Total male and female;0 to 4 years;Venezuela;Bonaire;2014;1;0;1
4021;Total male and female;0 to 4 years;Venezuela;Bonaire;2015;6;0;6
4022;Total male and female;0 to 4 years;Venezuela;Bonaire;2016;2;0;2
4023;Total male and female;0 to 4 years;Venezuela;Bonaire;2017;6;0;6
4024;Total male and female;0 to 4 years;Venezuela;Bonaire;2018;5;0;5
4025;Total male and female;0 to 4 years;Venezuela;Bonaire;2019;1;0;1
4026;Total male and female;0 to 4 years;Venezuela;Bonaire;2020;2;0;2
4027;Total male and female;0 to 4 years;Venezuela;Bonaire;2021;0;0;0
4028;Total male and female;0 to 4 years;Venezuela;Bonaire;2022;3;0;3
4029;Total male and female;0 to 4 years;Venezuela;Bonaire;2023;5;0;5
4030;Total male and female;0 to 4 years;Venezuela;St Eustatius;2011;0;0;0
4031;Total male and female;0 to 4 years;Venezuela;St Eustatius;2012;0;0;0
4032;Total male and female;0 to 4 years;Venezuela;St Eustatius;2013;0;0;0
4033;Total male and female;0 to 4 years;Venezuela;St Eustatius;2014;0;0;0
4034;Total male and female;0 to 4 years;Venezuela;St Eustatius;2015;0;0;0
4035;Total male and female;0 to 4 years;Venezuela;St Eustatius;2016;1;0;1
4036;Total male and female;0 to 4 years;Venezuela;St Eustatius;2017;0;0;0
4037;Total male and female;0 to 4 years;Venezuela;St Eustatius;2018;0;0;0
4038;Total male and female;0 to 4 years;Venezuela;St Eustatius;2019;0;0;0
4039;Total male and female;0 to 4 years;Venezuela;St Eustatius;2020;0;0;0
4040;Total male and female;0 to 4 years;Venezuela;St Eustatius;2021;1;0;1
4041;Total male and female;0 to 4 years;Venezuela;St Eustatius;2022;0;0;0
4042;Total male and female;0 to 4 years;Venezuela;St Eustatius;2023;0;0;0
4043;Total male and female;0 to 4 years;Venezuela;Saba;2011;0;0;0
4044;Total male and female;0 to 4 years;Venezuela;Saba;2012;0;0;0
4045;Total male and female;0 to 4 years;Venezuela;Saba;2013;0;0;0
4046;Total male and female;0 to 4 years;Venezuela;Saba;2014;0;0;0
4047;Total male and female;0 to 4 years;Venezuela;Saba;2015;0;0;0
4048;Total male and female;0 to 4 years;Venezuela;Saba;2016;0;0;0
4049;Total male and female;0 to 4 years;Venezuela;Saba;2017;0;0;0
4050;Total male and female;0 to 4 years;Venezuela;Saba;2018;1;0;1
4051;Total male and female;0 to 4 years;Venezuela;Saba;2019;0;0;0
4052;Total male and female;0 to 4 years;Venezuela;Saba;2020;0;0;0
4053;Total male and female;0 to 4 years;Venezuela;Saba;2021;0;0;0
4054;Total male and female;0 to 4 years;Venezuela;Saba;2022;0;0;0
4055;Total male and female;0 to 4 years;Venezuela;Saba;2023;0;0;0
4056;Total male and female;0 to 4 years;United States of America;Caribbean Netherlands;2011;10;3;7
4057;Total male and female;0 to 4 years;United States of America;Caribbean Netherlands;2012;7;4;3
4058;Total male and female;0 to 4 years;United States of America;Caribbean Netherlands;2013;5;2;3
4059;Total male and female;0 to 4 years;United States of America;Caribbean Netherlands;2014;6;2;4
4060;Total male and female;0 to 4 years;United States of America;Caribbean Netherlands;2015;6;1;5
4061;Total male and female;0 to 4 years;United States of America;Caribbean Netherlands;2016;2;0;2
4062;Total male and female;0 to 4 years;United States of America;Caribbean Netherlands;2017;7;0;7
4063;Total male and female;0 to 4 years;United States of America;Caribbean Netherlands;2018;5;0;5
4064;Total male and female;0 to 4 years;United States of America;Caribbean Netherlands;2019;2;2;0
4065;Total male and female;0 to 4 years;United States of America;Caribbean Netherlands;2020;1;0;1
4066;Total male and female;0 to 4 years;United States of America;Caribbean Netherlands;2021;2;1;1
4067;Total male and female;0 to 4 years;United States of America;Caribbean Netherlands;2022;4;1;3
4068;Total male and female;0 to 4 years;United States of America;Caribbean Netherlands;2023;2;3;-1
4069;Total male and female;0 to 4 years;United States of America;Bonaire;2011;5;1;4
4070;Total male and female;0 to 4 years;United States of America;Bonaire;2012;2;2;0
4071;Total male and female;0 to 4 years;United States of America;Bonaire;2013;4;0;4
4072;Total male and female;0 to 4 years;United States of America;Bonaire;2014;3;1;2
4073;Total male and female;0 to 4 years;United States of America;Bonaire;2015;3;0;3
4074;Total male and female;0 to 4 years;United States of America;Bonaire;2016;1;0;1
4075;Total male and female;0 to 4 years;United States of America;Bonaire;2017;3;0;3
4076;Total male and female;0 to 4 years;United States of America;Bonaire;2018;0;0;0
4077;Total male and female;0 to 4 years;United States of America;Bonaire;2019;1;0;1
4078;Total male and female;0 to 4 years;United States of America;Bonaire;2020;1;0;1
4079;Total male and female;0 to 4 years;United States of America;Bonaire;2021;0;0;0
4080;Total male and female;0 to 4 years;United States of America;Bonaire;2022;0;0;0
4081;Total male and female;0 to 4 years;United States of America;Bonaire;2023;1;0;1
4082;Total male and female;0 to 4 years;United States of America;St Eustatius;2011;2;0;2
4083;Total male and female;0 to 4 years;United States of America;St Eustatius;2012;2;0;2
4084;Total male and female;0 to 4 years;United States of America;St Eustatius;2013;0;0;0
4085;Total male and female;0 to 4 years;United States of America;St Eustatius;2014;1;1;0
4086;Total male and female;0 to 4 years;United States of America;St Eustatius;2015;0;1;-1
4087;Total male and female;0 to 4 years;United States of America;St Eustatius;2016;0;0;0
4088;Total male and female;0 to 4 years;United States of America;St Eustatius;2017;0;0;0
4089;Total male and female;0 to 4 years;United States of America;St Eustatius;2018;1;0;1
4090;Total male and female;0 to 4 years;United States of America;St Eustatius;2019;0;0;0
4091;Total male and female;0 to 4 years;United States of America;St Eustatius;2020;0;0;0
4092;Total male and female;0 to 4 years;United States of America;St Eustatius;2021;0;0;0
4093;Total male and female;0 to 4 years;United States of America;St Eustatius;2022;4;1;3
4094;Total male and female;0 to 4 years;United States of America;St Eustatius;2023;0;3;-3
4095;Total male and female;0 to 4 years;United States of America;Saba;2011;3;2;1
4096;Total male and female;0 to 4 years;United States of America;Saba;2012;3;2;1
4097;Total male and female;0 to 4 years;United States of America;Saba;2013;1;2;-1
4098;Total male and female;0 to 4 years;United States of America;Saba;2014;2;0;2
4099;Total male and female;0 to 4 years;United States of America;Saba;2015;3;0;3
4100;Total male and female;0 to 4 years;United States of America;Saba;2016;1;0;1
4101;Total male and female;0 to 4 years;United States of America;Saba;2017;4;0;4
4102;Total male and female;0 to 4 years;United States of America;Saba;2018;4;0;4
4103;Total male and female;0 to 4 years;United States of America;Saba;2019;1;2;-1
4104;Total male and female;0 to 4 years;United States of America;Saba;2020;0;0;0
4105;Total male and female;0 to 4 years;United States of America;Saba;2021;2;1;1
4106;Total male and female;0 to 4 years;United States of America;Saba;2022;0;0;0
4107;Total male and female;0 to 4 years;United States of America;Saba;2023;1;0;1
4108;Total male and female;0 to 4 years;Other Asia;Caribbean Netherlands;2011;1;0;1
4109;Total male and female;0 to 4 years;Other Asia;Caribbean Netherlands;2012;0;0;0
4110;Total male and female;0 to 4 years;Other Asia;Caribbean Netherlands;2013;1;1;0
4111;Total male and female;0 to 4 years;Other Asia;Caribbean Netherlands;2014;0;0;0
4112;Total male and female;0 to 4 years;Other Asia;Caribbean Netherlands;2015;0;0;0
4113;Total male and female;0 to 4 years;Other Asia;Caribbean Netherlands;2016;0;1;-1
4114;Total male and female;0 to 4 years;Other Asia;Caribbean Netherlands;2017;3;0;3
4115;Total male and female;0 to 4 years;Other Asia;Caribbean Netherlands;2018;2;0;2
4116;Total male and female;0 to 4 years;Other Asia;Caribbean Netherlands;2019;0;0;0
4117;Total male and female;0 to 4 years;Other Asia;Caribbean Netherlands;2020;0;0;0
4118;Total male and female;0 to 4 years;Other Asia;Caribbean Netherlands;2021;1;0;1
4119;Total male and female;0 to 4 years;Other Asia;Caribbean Netherlands;2022;0;0;0
4120;Total male and female;0 to 4 years;Other Asia;Caribbean Netherlands;2023;0;0;0
4121;Total male and female;0 to 4 years;Other Asia;Bonaire;2011;0;0;0
4122;Total male and female;0 to 4 years;Other Asia;Bonaire;2012;0;0;0
4123;Total male and female;0 to 4 years;Other Asia;Bonaire;2013;0;0;0
4124;Total male and female;0 to 4 years;Other Asia;Bonaire;2014;0;0;0
4125;Total male and female;0 to 4 years;Other Asia;Bonaire;2015;0;0;0
4126;Total male and female;0 to 4 years;Other Asia;Bonaire;2016;0;0;0
4127;Total male and female;0 to 4 years;Other Asia;Bonaire;2017;3;0;3
4128;Total male and female;0 to 4 years;Other Asia;Bonaire;2018;0;0;0
4129;Total male and female;0 to 4 years;Other Asia;Bonaire;2019;0;0;0
4130;Total male and female;0 to 4 years;Other Asia;Bonaire;2020;0;0;0
4131;Total male and female;0 to 4 years;Other Asia;Bonaire;2021;1;0;1
4132;Total male and female;0 to 4 years;Other Asia;Bonaire;2022;0;0;0
4133;Total male and female;0 to 4 years;Other Asia;Bonaire;2023;0;0;0
4134;Total male and female;0 to 4 years;Other Asia;St Eustatius;2011;0;0;0
4135;Total male and female;0 to 4 years;Other Asia;St Eustatius;2012;0;0;0
4136;Total male and female;0 to 4 years;Other Asia;St Eustatius;2013;0;0;0
4137;Total male and female;0 to 4 years;Other Asia;St Eustatius;2014;0;0;0
4138;Total male and female;0 to 4 years;Other Asia;St Eustatius;2015;0;0;0
4139;Total male and female;0 to 4 years;Other Asia;St Eustatius;2016;0;0;0
4140;Total male and female;0 to 4 years;Other Asia;St Eustatius;2017;0;0;0
4141;Total male and female;0 to 4 years;Other Asia;St Eustatius;2018;0;0;0
4142;Total male and female;0 to 4 years;Other Asia;St Eustatius;2019;0;0;0
4143;Total male and female;0 to 4 years;Other Asia;St Eustatius;2020;0;0;0
4144;Total male and female;0 to 4 years;Other Asia;St Eustatius;2021;0;0;0
4145;Total male and female;0 to 4 years;Other Asia;St Eustatius;2022;0;0;0
4146;Total male and female;0 to 4 years;Other Asia;St Eustatius;2023;0;0;0
4147;Total male and female;0 to 4 years;Other Asia;Saba;2011;1;0;1
4148;Total male and female;0 to 4 years;Other Asia;Saba;2012;0;0;0
4149;Total male and female;0 to 4 years;Other Asia;Saba;2013;1;1;0
4150;Total male and female;0 to 4 years;Other Asia;Saba;2014;0;0;0
4151;Total male and female;0 to 4 years;Other Asia;Saba;2015;0;0;0
4152;Total male and female;0 to 4 years;Other Asia;Saba;2016;0;1;-1
4153;Total male and female;0 to 4 years;Other Asia;Saba;2017;0;0;0
4154;Total male and female;0 to 4 years;Other Asia;Saba;2018;2;0;2
4155;Total male and female;0 to 4 years;Other Asia;Saba;2019;0;0;0
4156;Total male and female;0 to 4 years;Other Asia;Saba;2020;0;0;0
4157;Total male and female;0 to 4 years;Other Asia;Saba;2021;0;0;0
4158;Total male and female;0 to 4 years;Other Asia;Saba;2022;0;0;0
4159;Total male and female;0 to 4 years;Other Asia;Saba;2023;0;0;0
4160;Total male and female;0 to 4 years;Other Central and South America;Caribbean Netherlands;2011;1;0;1
4161;Total male and female;0 to 4 years;Other Central and South America;Caribbean Netherlands;2012;1;0;1
4162;Total male and female;0 to 4 years;Other Central and South America;Caribbean Netherlands;2013;0;0;0
4163;Total male and female;0 to 4 years;Other Central and South America;Caribbean Netherlands;2014;1;0;1
4164;Total male and female;0 to 4 years;Other Central and South America;Caribbean Netherlands;2015;0;0;0
4165;Total male and female;0 to 4 years;Other Central and South America;Caribbean Netherlands;2016;1;1;0
4166;Total male and female;0 to 4 years;Other Central and South America;Caribbean Netherlands;2017;1;0;1
4167;Total male and female;0 to 4 years;Other Central and South America;Caribbean Netherlands;2018;3;1;2
4168;Total male and female;0 to 4 years;Other Central and South America;Caribbean Netherlands;2019;1;0;1
4169;Total male and female;0 to 4 years;Other Central and South America;Caribbean Netherlands;2020;1;0;1
4170;Total male and female;0 to 4 years;Other Central and South America;Caribbean Netherlands;2021;1;0;1
4171;Total male and female;0 to 4 years;Other Central and South America;Caribbean Netherlands;2022;2;0;2
4172;Total male and female;0 to 4 years;Other Central and South America;Caribbean Netherlands;2023;1;1;0
4173;Total male and female;0 to 4 years;Other Central and South America;Bonaire;2011;0;0;0
4174;Total male and female;0 to 4 years;Other Central and South America;Bonaire;2012;0;0;0
4175;Total male and female;0 to 4 years;Other Central and South America;Bonaire;2013;0;0;0
4176;Total male and female;0 to 4 years;Other Central and South America;Bonaire;2014;1;0;1
4177;Total male and female;0 to 4 years;Other Central and South America;Bonaire;2015;0;0;0
4178;Total male and female;0 to 4 years;Other Central and South America;Bonaire;2016;1;1;0
4179;Total male and female;0 to 4 years;Other Central and South America;Bonaire;2017;0;0;0
4180;Total male and female;0 to 4 years;Other Central and South America;Bonaire;2018;2;0;2
4181;Total male and female;0 to 4 years;Other Central and South America;Bonaire;2019;0;0;0
4182;Total male and female;0 to 4 years;Other Central and South America;Bonaire;2020;0;0;0
4183;Total male and female;0 to 4 years;Other Central and South America;Bonaire;2021;1;0;1
4184;Total male and female;0 to 4 years;Other Central and South America;Bonaire;2022;2;0;2
4185;Total male and female;0 to 4 years;Other Central and South America;Bonaire;2023;1;0;1
4186;Total male and female;0 to 4 years;Other Central and South America;St Eustatius;2011;1;0;1
4187;Total male and female;0 to 4 years;Other Central and South America;St Eustatius;2012;0;0;0
4188;Total male and female;0 to 4 years;Other Central and South America;St Eustatius;2013;0;0;0
4189;Total male and female;0 to 4 years;Other Central and South America;St Eustatius;2014;0;0;0
4190;Total male and female;0 to 4 years;Other Central and South America;St Eustatius;2015;0;0;0
4191;Total male and female;0 to 4 years;Other Central and South America;St Eustatius;2016;0;0;0
4192;Total male and female;0 to 4 years;Other Central and South America;St Eustatius;2017;1;0;1
4193;Total male and female;0 to 4 years;Other Central and South America;St Eustatius;2018;1;1;0
4194;Total male and female;0 to 4 years;Other Central and South America;St Eustatius;2019;1;0;1
4195;Total male and female;0 to 4 years;Other Central and South America;St Eustatius;2020;1;0;1
4196;Total male and female;0 to 4 years;Other Central and South America;St Eustatius;2021;0;0;0
4197;Total male and female;0 to 4 years;Other Central and South America;St Eustatius;2022;0;0;0
4198;Total male and female;0 to 4 years;Other Central and South America;St Eustatius;2023;0;1;-1
4199;Total male and female;0 to 4 years;Other Central and South America;Saba;2011;0;0;0
4200;Total male and female;0 to 4 years;Other Central and South America;Saba;2012;1;0;1
4201;Total male and female;0 to 4 years;Other Central and South America;Saba;2013;0;0;0
4202;Total male and female;0 to 4 years;Other Central and South America;Saba;2014;0;0;0
4203;Total male and female;0 to 4 years;Other Central and South America;Saba;2015;0;0;0
4204;Total male and female;0 to 4 years;Other Central and South America;Saba;2016;0;0;0
4205;Total male and female;0 to 4 years;Other Central and South America;Saba;2017;0;0;0
4206;Total male and female;0 to 4 years;Other Central and South America;Saba;2018;0;0;0
4207;Total male and female;0 to 4 years;Other Central and South America;Saba;2019;0;0;0
4208;Total male and female;0 to 4 years;Other Central and South America;Saba;2020;0;0;0
4209;Total male and female;0 to 4 years;Other Central and South America;Saba;2021;0;0;0
4210;Total male and female;0 to 4 years;Other Central and South America;Saba;2022;0;0;0
4211;Total male and female;0 to 4 years;Other Central and South America;Saba;2023;0;0;0
4212;Total male and female;0 to 4 years;Other Europe;Caribbean Netherlands;2011;0;0;0
4213;Total male and female;0 to 4 years;Other Europe;Caribbean Netherlands;2012;0;1;-1
4214;Total male and female;0 to 4 years;Other Europe;Caribbean Netherlands;2013;0;0;0
4215;Total male and female;0 to 4 years;Other Europe;Caribbean Netherlands;2014;1;0;1
4216;Total male and female;0 to 4 years;Other Europe;Caribbean Netherlands;2015;0;0;0
4217;Total male and female;0 to 4 years;Other Europe;Caribbean Netherlands;2016;0;1;-1
4218;Total male and female;0 to 4 years;Other Europe;Caribbean Netherlands;2017;1;0;1
4219;Total male and female;0 to 4 years;Other Europe;Caribbean Netherlands;2018;0;0;0
4220;Total male and female;0 to 4 years;Other Europe;Caribbean Netherlands;2019;0;0;0
4221;Total male and female;0 to 4 years;Other Europe;Caribbean Netherlands;2020;0;0;0
4222;Total male and female;0 to 4 years;Other Europe;Caribbean Netherlands;2021;1;0;1
4223;Total male and female;0 to 4 years;Other Europe;Caribbean Netherlands;2022;1;0;1
4224;Total male and female;0 to 4 years;Other Europe;Caribbean Netherlands;2023;0;0;0
4225;Total male and female;0 to 4 years;Other Europe;Bonaire;2011;0;0;0
4226;Total male and female;0 to 4 years;Other Europe;Bonaire;2012;0;0;0
4227;Total male and female;0 to 4 years;Other Europe;Bonaire;2013;0;0;0
4228;Total male and female;0 to 4 years;Other Europe;Bonaire;2014;0;0;0
4229;Total male and female;0 to 4 years;Other Europe;Bonaire;2015;0;0;0
4230;Total male and female;0 to 4 years;Other Europe;Bonaire;2016;0;0;0
4231;Total male and female;0 to 4 years;Other Europe;Bonaire;2017;1;0;1
4232;Total male and female;0 to 4 years;Other Europe;Bonaire;2018;0;0;0
4233;Total male and female;0 to 4 years;Other Europe;Bonaire;2019;0;0;0
4234;Total male and female;0 to 4 years;Other Europe;Bonaire;2020;0;0;0
4235;Total male and female;0 to 4 years;Other Europe;Bonaire;2021;1;0;1
4236;Total male and female;0 to 4 years;Other Europe;Bonaire;2022;1;0;1
4237;Total male and female;0 to 4 years;Other Europe;Bonaire;2023;0;0;0
4238;Total male and female;0 to 4 years;Other Europe;St Eustatius;2011;0;0;0
4239;Total male and female;0 to 4 years;Other Europe;St Eustatius;2012;0;1;-1
4240;Total male and female;0 to 4 years;Other Europe;St Eustatius;2013;0;0;0
4241;Total male and female;0 to 4 years;Other Europe;St Eustatius;2014;0;0;0
4242;Total male and female;0 to 4 years;Other Europe;St Eustatius;2015;0;0;0
4243;Total male and female;0 to 4 years;Other Europe;St Eustatius;2016;0;0;0
4244;Total male and female;0 to 4 years;Other Europe;St Eustatius;2017;0;0;0
4245;Total male and female;0 to 4 years;Other Europe;St Eustatius;2018;0;0;0
4246;Total male and female;0 to 4 years;Other Europe;St Eustatius;2019;0;0;0
4247;Total male and female;0 to 4 years;Other Europe;St Eustatius;2020;0;0;0
4248;Total male and female;0 to 4 years;Other Europe;St Eustatius;2021;0;0;0
4249;Total male and female;0 to 4 years;Other Europe;St Eustatius;2022;0;0;0
4250;Total male and female;0 to 4 years;Other Europe;St Eustatius;2023;0;0;0
4251;Total male and female;0 to 4 years;Other Europe;Saba;2011;0;0;0
4252;Total male and female;0 to 4 years;Other Europe;Saba;2012;0;0;0
4253;Total male and female;0 to 4 years;Other Europe;Saba;2013;0;0;0
4254;Total male and female;0 to 4 years;Other Europe;Saba;2014;1;0;1
4255;Total male and female;0 to 4 years;Other Europe;Saba;2015;0;0;0
4256;Total male and female;0 to 4 years;Other Europe;Saba;2016;0;1;-1
4257;Total male and female;0 to 4 years;Other Europe;Saba;2017;0;0;0
4258;Total male and female;0 to 4 years;Other Europe;Saba;2018;0;0;0
4259;Total male and female;0 to 4 years;Other Europe;Saba;2019;0;0;0
4260;Total male and female;0 to 4 years;Other Europe;Saba;2020;0;0;0
4261;Total male and female;0 to 4 years;Other Europe;Saba;2021;0;0;0
4262;Total male and female;0 to 4 years;Other Europe;Saba;2022;0;0;0
4263;Total male and female;0 to 4 years;Other Europe;Saba;2023;0;0;0
4264;Total male and female;5 to 9 years;Total;Caribbean Netherlands;2011;102;43;59
4265;Total male and female;5 to 9 years;Total;Caribbean Netherlands;2012;99;65;34
4266;Total male and female;5 to 9 years;Total;Caribbean Netherlands;2013;124;71;53
4267;Total male and female;5 to 9 years;Total;Caribbean Netherlands;2014;102;74;28
4268;Total male and female;5 to 9 years;Total;Caribbean Netherlands;2015;95;74;21
4269;Total male and female;5 to 9 years;Total;Caribbean Netherlands;2016;100;79;21
4270;Total male and female;5 to 9 years;Total;Caribbean Netherlands;2017;112;94;18
4271;Total male and female;5 to 9 years;Total;Caribbean Netherlands;2018;97;88;9
4272;Total male and female;5 to 9 years;Total;Caribbean Netherlands;2019;104;52;52
4273;Total male and female;5 to 9 years;Total;Caribbean Netherlands;2020;116;59;57
4274;Total male and female;5 to 9 years;Total;Caribbean Netherlands;2021;110;73;37
4275;Total male and female;5 to 9 years;Total;Caribbean Netherlands;2022;138;88;50
4276;Total male and female;5 to 9 years;Total;Caribbean Netherlands;2023;138;86;52
4277;Total male and female;5 to 9 years;Total;Bonaire;2011;84;32;52
4278;Total male and female;5 to 9 years;Total;Bonaire;2012;81;44;37
4279;Total male and female;5 to 9 years;Total;Bonaire;2013;94;45;49
4280;Total male and female;5 to 9 years;Total;Bonaire;2014;83;64;19
4281;Total male and female;5 to 9 years;Total;Bonaire;2015;72;56;16
4282;Total male and female;5 to 9 years;Total;Bonaire;2016;86;63;23
4283;Total male and female;5 to 9 years;Total;Bonaire;2017;97;84;13
4284;Total male and female;5 to 9 years;Total;Bonaire;2018;75;66;9
4285;Total male and female;5 to 9 years;Total;Bonaire;2019;86;37;49
4286;Total male and female;5 to 9 years;Total;Bonaire;2020;104;50;54
4287;Total male and female;5 to 9 years;Total;Bonaire;2021;94;53;41
4288;Total male and female;5 to 9 years;Total;Bonaire;2022;120;70;50
4289;Total male and female;5 to 9 years;Total;Bonaire;2023;124;66;58
4290;Total male and female;5 to 9 years;Total;St Eustatius;2011;17;7;10
4291;Total male and female;5 to 9 years;Total;St Eustatius;2012;14;11;3
4292;Total male and female;5 to 9 years;Total;St Eustatius;2013;25;22;3
4293;Total male and female;5 to 9 years;Total;St Eustatius;2014;10;7;3
4294;Total male and female;5 to 9 years;Total;St Eustatius;2015;16;16;0
4295;Total male and female;5 to 9 years;Total;St Eustatius;2016;5;11;-6
4296;Total male and female;5 to 9 years;Total;St Eustatius;2017;12;8;4
4297;Total male and female;5 to 9 years;Total;St Eustatius;2018;12;11;1
4298;Total male and female;5 to 9 years;Total;St Eustatius;2019;9;4;5
4299;Total male and female;5 to 9 years;Total;St Eustatius;2020;8;8;0
4300;Total male and female;5 to 9 years;Total;St Eustatius;2021;9;8;1
4301;Total male and female;5 to 9 years;Total;St Eustatius;2022;8;7;1
4302;Total male and female;5 to 9 years;Total;St Eustatius;2023;8;12;-4
4303;Total male and female;5 to 9 years;Total;Saba;2011;1;4;-3
4304;Total male and female;5 to 9 years;Total;Saba;2012;4;10;-6
4305;Total male and female;5 to 9 years;Total;Saba;2013;5;4;1
4306;Total male and female;5 to 9 years;Total;Saba;2014;9;3;6
4307;Total male and female;5 to 9 years;Total;Saba;2015;7;2;5
4308;Total male and female;5 to 9 years;Total;Saba;2016;9;5;4
4309;Total male and female;5 to 9 years;Total;Saba;2017;3;2;1
4310;Total male and female;5 to 9 years;Total;Saba;2018;10;11;-1
4311;Total male and female;5 to 9 years;Total;Saba;2019;9;11;-2
4312;Total male and female;5 to 9 years;Total;Saba;2020;4;1;3
4313;Total male and female;5 to 9 years;Total;Saba;2021;7;12;-5
4314;Total male and female;5 to 9 years;Total;Saba;2022;10;11;-1
4315;Total male and female;5 to 9 years;Total;Saba;2023;6;8;-2
4316;Total male and female;5 to 9 years;Born outside the Caribbean Netherlands;Caribbean Netherlands;2011;91;38;53
4317;Total male and female;5 to 9 years;Born outside the Caribbean Netherlands;Caribbean Netherlands;2012;92;51;41
4318;Total male and female;5 to 9 years;Born outside the Caribbean Netherlands;Caribbean Netherlands;2013;116;55;61
4319;Total male and female;5 to 9 years;Born outside the Caribbean Netherlands;Caribbean Netherlands;2014;83;59;24
4320;Total male and female;5 to 9 years;Born outside the Caribbean Netherlands;Caribbean Netherlands;2015;90;57;33
4321;Total male and female;5 to 9 years;Born outside the Caribbean Netherlands;Caribbean Netherlands;2016;95;58;37
4322;Total male and female;5 to 9 years;Born outside the Caribbean Netherlands;Caribbean Netherlands;2017;104;71;33
4323;Total male and female;5 to 9 years;Born outside the Caribbean Netherlands;Caribbean Netherlands;2018;88;67;21
4324;Total male and female;5 to 9 years;Born outside the Caribbean Netherlands;Caribbean Netherlands;2019;98;39;59
4325;Total male and female;5 to 9 years;Born outside the Caribbean Netherlands;Caribbean Netherlands;2020;104;47;57
4326;Total male and female;5 to 9 years;Born outside the Caribbean Netherlands;Caribbean Netherlands;2021;103;56;47
4327;Total male and female;5 to 9 years;Born outside the Caribbean Netherlands;Caribbean Netherlands;2022;129;67;62
4328;Total male and female;5 to 9 years;Born outside the Caribbean Netherlands;Caribbean Netherlands;2023;129;61;68
4329;Total male and female;5 to 9 years;Born outside the Caribbean Netherlands;Bonaire;2011;76;28;48
4330;Total male and female;5 to 9 years;Born outside the Caribbean Netherlands;Bonaire;2012;75;35;40
4331;Total male and female;5 to 9 years;Born outside the Caribbean Netherlands;Bonaire;2013;89;32;57
4332;Total male and female;5 to 9 years;Born outside the Caribbean Netherlands;Bonaire;2014;65;50;15
4333;Total male and female;5 to 9 years;Born outside the Caribbean Netherlands;Bonaire;2015;68;42;26
4334;Total male and female;5 to 9 years;Born outside the Caribbean Netherlands;Bonaire;2016;81;46;35
4335;Total male and female;5 to 9 years;Born outside the Caribbean Netherlands;Bonaire;2017;89;62;27
4336;Total male and female;5 to 9 years;Born outside the Caribbean Netherlands;Bonaire;2018;67;48;19
4337;Total male and female;5 to 9 years;Born outside the Caribbean Netherlands;Bonaire;2019;80;24;56
4338;Total male and female;5 to 9 years;Born outside the Caribbean Netherlands;Bonaire;2020;92;39;53
4339;Total male and female;5 to 9 years;Born outside the Caribbean Netherlands;Bonaire;2021;88;39;49
4340;Total male and female;5 to 9 years;Born outside the Caribbean Netherlands;Bonaire;2022;111;52;59
4341;Total male and female;5 to 9 years;Born outside the Caribbean Netherlands;Bonaire;2023;116;42;74
4342;Total male and female;5 to 9 years;Born outside the Caribbean Netherlands;St Eustatius;2011;14;6;8
4343;Total male and female;5 to 9 years;Born outside the Caribbean Netherlands;St Eustatius;2012;14;7;7
4344;Total male and female;5 to 9 years;Born outside the Caribbean Netherlands;St Eustatius;2013;23;19;4
4345;Total male and female;5 to 9 years;Born outside the Caribbean Netherlands;St Eustatius;2014;9;6;3
4346;Total male and female;5 to 9 years;Born outside the Caribbean Netherlands;St Eustatius;2015;15;13;2
4347;Total male and female;5 to 9 years;Born outside the Caribbean Netherlands;St Eustatius;2016;5;8;-3
4348;Total male and female;5 to 9 years;Born outside the Caribbean Netherlands;St Eustatius;2017;12;7;5
4349;Total male and female;5 to 9 years;Born outside the Caribbean Netherlands;St Eustatius;2018;11;8;3
4350;Total male and female;5 to 9 years;Born outside the Caribbean Netherlands;St Eustatius;2019;9;4;5
4351;Total male and female;5 to 9 years;Born outside the Caribbean Netherlands;St Eustatius;2020;8;7;1
4352;Total male and female;5 to 9 years;Born outside the Caribbean Netherlands;St Eustatius;2021;8;5;3
4353;Total male and female;5 to 9 years;Born outside the Caribbean Netherlands;St Eustatius;2022;8;4;4
4354;Total male and female;5 to 9 years;Born outside the Caribbean Netherlands;St Eustatius;2023;7;11;-4
4355;Total male and female;5 to 9 years;Born outside the Caribbean Netherlands;Saba;2011;1;4;-3
4356;Total male and female;5 to 9 years;Born outside the Caribbean Netherlands;Saba;2012;3;9;-6
4357;Total male and female;5 to 9 years;Born outside the Caribbean Netherlands;Saba;2013;4;4;0
4358;Total male and female;5 to 9 years;Born outside the Caribbean Netherlands;Saba;2014;9;3;6
4359;Total male and female;5 to 9 years;Born outside the Caribbean Netherlands;Saba;2015;7;2;5
4360;Total male and female;5 to 9 years;Born outside the Caribbean Netherlands;Saba;2016;9;4;5
4361;Total male and female;5 to 9 years;Born outside the Caribbean Netherlands;Saba;2017;3;2;1
4362;Total male and female;5 to 9 years;Born outside the Caribbean Netherlands;Saba;2018;10;11;-1
4363;Total male and female;5 to 9 years;Born outside the Caribbean Netherlands;Saba;2019;9;11;-2
4364;Total male and female;5 to 9 years;Born outside the Caribbean Netherlands;Saba;2020;4;1;3
4365;Total male and female;5 to 9 years;Born outside the Caribbean Netherlands;Saba;2021;7;12;-5
4366;Total male and female;5 to 9 years;Born outside the Caribbean Netherlands;Saba;2022;10;11;-1
4367;Total male and female;5 to 9 years;Born outside the Caribbean Netherlands;Saba;2023;6;8;-2
4368;Total male and female;5 to 9 years;Born outside Dutch Caribbean;Caribbean Netherlands;2011;76;23;53
4369;Total male and female;5 to 9 years;Born outside Dutch Caribbean;Caribbean Netherlands;2012;66;31;35
4370;Total male and female;5 to 9 years;Born outside Dutch Caribbean;Caribbean Netherlands;2013;87;35;52
4371;Total male and female;5 to 9 years;Born outside Dutch Caribbean;Caribbean Netherlands;2014;58;36;22
4372;Total male and female;5 to 9 years;Born outside Dutch Caribbean;Caribbean Netherlands;2015;72;45;27
4373;Total male and female;5 to 9 years;Born outside Dutch Caribbean;Caribbean Netherlands;2016;69;38;31
4374;Total male and female;5 to 9 years;Born outside Dutch Caribbean;Caribbean Netherlands;2017;82;52;30
4375;Total male and female;5 to 9 years;Born outside Dutch Caribbean;Caribbean Netherlands;2018;63;53;10
4376;Total male and female;5 to 9 years;Born outside Dutch Caribbean;Caribbean Netherlands;2019;76;29;47
4377;Total male and female;5 to 9 years;Born outside Dutch Caribbean;Caribbean Netherlands;2020;76;33;43
4378;Total male and female;5 to 9 years;Born outside Dutch Caribbean;Caribbean Netherlands;2021;78;40;38
4379;Total male and female;5 to 9 years;Born outside Dutch Caribbean;Caribbean Netherlands;2022;107;54;53
4380;Total male and female;5 to 9 years;Born outside Dutch Caribbean;Caribbean Netherlands;2023;110;53;57
4381;Total male and female;5 to 9 years;Born outside Dutch Caribbean;Bonaire;2011;63;15;48
4382;Total male and female;5 to 9 years;Born outside Dutch Caribbean;Bonaire;2012;53;21;32
4383;Total male and female;5 to 9 years;Born outside Dutch Caribbean;Bonaire;2013;65;24;41
4384;Total male and female;5 to 9 years;Born outside Dutch Caribbean;Bonaire;2014;43;32;11
4385;Total male and female;5 to 9 years;Born outside Dutch Caribbean;Bonaire;2015;54;31;23
4386;Total male and female;5 to 9 years;Born outside Dutch Caribbean;Bonaire;2016;59;30;29
4387;Total male and female;5 to 9 years;Born outside Dutch Caribbean;Bonaire;2017;72;44;28
4388;Total male and female;5 to 9 years;Born outside Dutch Caribbean;Bonaire;2018;51;42;9
4389;Total male and female;5 to 9 years;Born outside Dutch Caribbean;Bonaire;2019;65;18;47
4390;Total male and female;5 to 9 years;Born outside Dutch Caribbean;Bonaire;2020;67;31;36
4391;Total male and female;5 to 9 years;Born outside Dutch Caribbean;Bonaire;2021;67;28;39
4392;Total male and female;5 to 9 years;Born outside Dutch Caribbean;Bonaire;2022;93;42;51
4393;Total male and female;5 to 9 years;Born outside Dutch Caribbean;Bonaire;2023;98;38;60
4394;Total male and female;5 to 9 years;Born outside Dutch Caribbean;St Eustatius;2011;12;6;6
4395;Total male and female;5 to 9 years;Born outside Dutch Caribbean;St Eustatius;2012;10;3;7
4396;Total male and female;5 to 9 years;Born outside Dutch Caribbean;St Eustatius;2013;18;8;10
4397;Total male and female;5 to 9 years;Born outside Dutch Caribbean;St Eustatius;2014;8;4;4
4398;Total male and female;5 to 9 years;Born outside Dutch Caribbean;St Eustatius;2015;11;12;-1
4399;Total male and female;5 to 9 years;Born outside Dutch Caribbean;St Eustatius;2016;4;5;-1
4400;Total male and female;5 to 9 years;Born outside Dutch Caribbean;St Eustatius;2017;9;6;3
4401;Total male and female;5 to 9 years;Born outside Dutch Caribbean;St Eustatius;2018;6;6;0
4402;Total male and female;5 to 9 years;Born outside Dutch Caribbean;St Eustatius;2019;5;1;4
4403;Total male and female;5 to 9 years;Born outside Dutch Caribbean;St Eustatius;2020;5;2;3
4404;Total male and female;5 to 9 years;Born outside Dutch Caribbean;St Eustatius;2021;4;4;0
4405;Total male and female;5 to 9 years;Born outside Dutch Caribbean;St Eustatius;2022;7;2;5
4406;Total male and female;5 to 9 years;Born outside Dutch Caribbean;St Eustatius;2023;7;7;0
4407;Total male and female;5 to 9 years;Born outside Dutch Caribbean;Saba;2011;1;2;-1
4408;Total male and female;5 to 9 years;Born outside Dutch Caribbean;Saba;2012;3;7;-4
4409;Total male and female;5 to 9 years;Born outside Dutch Caribbean;Saba;2013;4;3;1
4410;Total male and female;5 to 9 years;Born outside Dutch Caribbean;Saba;2014;7;0;7
4411;Total male and female;5 to 9 years;Born outside Dutch Caribbean;Saba;2015;7;2;5
4412;Total male and female;5 to 9 years;Born outside Dutch Caribbean;Saba;2016;6;3;3
4413;Total male and female;5 to 9 years;Born outside Dutch Caribbean;Saba;2017;1;2;-1
4414;Total male and female;5 to 9 years;Born outside Dutch Caribbean;Saba;2018;6;5;1
4415;Total male and female;5 to 9 years;Born outside Dutch Caribbean;Saba;2019;6;10;-4
4416;Total male and female;5 to 9 years;Born outside Dutch Caribbean;Saba;2020;4;0;4
4417;Total male and female;5 to 9 years;Born outside Dutch Caribbean;Saba;2021;7;8;-1
4418;Total male and female;5 to 9 years;Born outside Dutch Caribbean;Saba;2022;7;10;-3
4419;Total male and female;5 to 9 years;Born outside Dutch Caribbean;Saba;2023;5;8;-3
4420;Total male and female;5 to 9 years;Born outside Kingdom of the Netherlands;Caribbean Netherlands;2011;18;8;10
4421;Total male and female;5 to 9 years;Born outside Kingdom of the Netherlands;Caribbean Netherlands;2012;27;10;17
4422;Total male and female;5 to 9 years;Born outside Kingdom of the Netherlands;Caribbean Netherlands;2013;31;10;21
4423;Total male and female;5 to 9 years;Born outside Kingdom of the Netherlands;Caribbean Netherlands;2014;18;13;5
4424;Total male and female;5 to 9 years;Born outside Kingdom of the Netherlands;Caribbean Netherlands;2015;29;10;19
4425;Total male and female;5 to 9 years;Born outside Kingdom of the Netherlands;Caribbean Netherlands;2016;27;8;19
4426;Total male and female;5 to 9 years;Born outside Kingdom of the Netherlands;Caribbean Netherlands;2017;40;10;30
4427;Total male and female;5 to 9 years;Born outside Kingdom of the Netherlands;Caribbean Netherlands;2018;27;16;11
4428;Total male and female;5 to 9 years;Born outside Kingdom of the Netherlands;Caribbean Netherlands;2019;36;10;26
4429;Total male and female;5 to 9 years;Born outside Kingdom of the Netherlands;Caribbean Netherlands;2020;19;1;18
4430;Total male and female;5 to 9 years;Born outside Kingdom of the Netherlands;Caribbean Netherlands;2021;34;13;21
4431;Total male and female;5 to 9 years;Born outside Kingdom of the Netherlands;Caribbean Netherlands;2022;44;11;33
4432;Total male and female;5 to 9 years;Born outside Kingdom of the Netherlands;Caribbean Netherlands;2023;65;16;49
4433;Total male and female;5 to 9 years;Born outside Kingdom of the Netherlands;Bonaire;2011;11;3;8
4434;Total male and female;5 to 9 years;Born outside Kingdom of the Netherlands;Bonaire;2012;19;3;16
4435;Total male and female;5 to 9 years;Born outside Kingdom of the Netherlands;Bonaire;2013;18;1;17
4436;Total male and female;5 to 9 years;Born outside Kingdom of the Netherlands;Bonaire;2014;11;9;2
4437;Total male and female;5 to 9 years;Born outside Kingdom of the Netherlands;Bonaire;2015;18;4;14
4438;Total male and female;5 to 9 years;Born outside Kingdom of the Netherlands;Bonaire;2016;19;7;12
4439;Total male and female;5 to 9 years;Born outside Kingdom of the Netherlands;Bonaire;2017;34;6;28
4440;Total male and female;5 to 9 years;Born outside Kingdom of the Netherlands;Bonaire;2018;21;9;12
4441;Total male and female;5 to 9 years;Born outside Kingdom of the Netherlands;Bonaire;2019;25;4;21
4442;Total male and female;5 to 9 years;Born outside Kingdom of the Netherlands;Bonaire;2020;13;0;13
4443;Total male and female;5 to 9 years;Born outside Kingdom of the Netherlands;Bonaire;2021;25;2;23
4444;Total male and female;5 to 9 years;Born outside Kingdom of the Netherlands;Bonaire;2022;35;7;28
4445;Total male and female;5 to 9 years;Born outside Kingdom of the Netherlands;Bonaire;2023;56;5;51
4446;Total male and female;5 to 9 years;Born outside Kingdom of the Netherlands;St Eustatius;2011;6;3;3
4447;Total male and female;5 to 9 years;Born outside Kingdom of the Netherlands;St Eustatius;2012;6;1;5
4448;Total male and female;5 to 9 years;Born outside Kingdom of the Netherlands;St Eustatius;2013;9;7;2
4449;Total male and female;5 to 9 years;Born outside Kingdom of the Netherlands;St Eustatius;2014;4;4;0
4450;Total male and female;5 to 9 years;Born outside Kingdom of the Netherlands;St Eustatius;2015;8;6;2
4451;Total male and female;5 to 9 years;Born outside Kingdom of the Netherlands;St Eustatius;2016;3;0;3
4452;Total male and female;5 to 9 years;Born outside Kingdom of the Netherlands;St Eustatius;2017;5;3;2
4453;Total male and female;5 to 9 years;Born outside Kingdom of the Netherlands;St Eustatius;2018;2;2;0
4454;Total male and female;5 to 9 years;Born outside Kingdom of the Netherlands;St Eustatius;2019;5;0;5
4455;Total male and female;5 to 9 years;Born outside Kingdom of the Netherlands;St Eustatius;2020;4;1;3
4456;Total male and female;5 to 9 years;Born outside Kingdom of the Netherlands;St Eustatius;2021;3;3;0
4457;Total male and female;5 to 9 years;Born outside Kingdom of the Netherlands;St Eustatius;2022;4;2;2
4458;Total male and female;5 to 9 years;Born outside Kingdom of the Netherlands;St Eustatius;2023;4;3;1
4459;Total male and female;5 to 9 years;Born outside Kingdom of the Netherlands;Saba;2011;1;2;-1
4460;Total male and female;5 to 9 years;Born outside Kingdom of the Netherlands;Saba;2012;2;6;-4
4461;Total male and female;5 to 9 years;Born outside Kingdom of the Netherlands;Saba;2013;4;2;2
4462;Total male and female;5 to 9 years;Born outside Kingdom of the Netherlands;Saba;2014;3;0;3
4463;Total male and female;5 to 9 years;Born outside Kingdom of the Netherlands;Saba;2015;3;0;3
4464;Total male and female;5 to 9 years;Born outside Kingdom of the Netherlands;Saba;2016;5;1;4
4465;Total male and female;5 to 9 years;Born outside Kingdom of the Netherlands;Saba;2017;1;1;0
4466;Total male and female;5 to 9 years;Born outside Kingdom of the Netherlands;Saba;2018;4;5;-1
4467;Total male and female;5 to 9 years;Born outside Kingdom of the Netherlands;Saba;2019;6;6;0
4468;Total male and female;5 to 9 years;Born outside Kingdom of the Netherlands;Saba;2020;2;0;2
4469;Total male and female;5 to 9 years;Born outside Kingdom of the Netherlands;Saba;2021;6;8;-2
4470;Total male and female;5 to 9 years;Born outside Kingdom of the Netherlands;Saba;2022;5;2;3
4471;Total male and female;5 to 9 years;Born outside Kingdom of the Netherlands;Saba;2023;5;8;-3
4472;Total male and female;5 to 9 years;Africa;Caribbean Netherlands;2011;0;0;0
4473;Total male and female;5 to 9 years;Africa;Caribbean Netherlands;2012;0;0;0
4474;Total male and female;5 to 9 years;Africa;Caribbean Netherlands;2013;0;0;0
4475;Total male and female;5 to 9 years;Africa;Caribbean Netherlands;2014;0;1;-1
4476;Total male and female;5 to 9 years;Africa;Caribbean Netherlands;2015;0;0;0
4477;Total male and female;5 to 9 years;Africa;Caribbean Netherlands;2016;1;0;1
4478;Total male and female;5 to 9 years;Africa;Caribbean Netherlands;2017;0;0;0
4479;Total male and female;5 to 9 years;Africa;Caribbean Netherlands;2018;0;0;0
4480;Total male and female;5 to 9 years;Africa;Caribbean Netherlands;2019;0;0;0
4481;Total male and female;5 to 9 years;Africa;Caribbean Netherlands;2020;1;0;1
4482;Total male and female;5 to 9 years;Africa;Caribbean Netherlands;2021;0;1;-1
4483;Total male and female;5 to 9 years;Africa;Caribbean Netherlands;2022;1;0;1
4484;Total male and female;5 to 9 years;Africa;Caribbean Netherlands;2023;2;1;1
4485;Total male and female;5 to 9 years;Africa;Bonaire;2011;0;0;0
4486;Total male and female;5 to 9 years;Africa;Bonaire;2012;0;0;0
4487;Total male and female;5 to 9 years;Africa;Bonaire;2013;0;0;0
4488;Total male and female;5 to 9 years;Africa;Bonaire;2014;0;1;-1
4489;Total male and female;5 to 9 years;Africa;Bonaire;2015;0;0;0
4490;Total male and female;5 to 9 years;Africa;Bonaire;2016;1;0;1
4491;Total male and female;5 to 9 years;Africa;Bonaire;2017;0;0;0
4492;Total male and female;5 to 9 years;Africa;Bonaire;2018;0;0;0
4493;Total male and female;5 to 9 years;Africa;Bonaire;2019;0;0;0
4494;Total male and female;5 to 9 years;Africa;Bonaire;2020;0;0;0
4495;Total male and female;5 to 9 years;Africa;Bonaire;2021;0;0;0
4496;Total male and female;5 to 9 years;Africa;Bonaire;2022;0;0;0
4497;Total male and female;5 to 9 years;Africa;Bonaire;2023;2;0;2
4498;Total male and female;5 to 9 years;Africa;St Eustatius;2011;0;0;0
4499;Total male and female;5 to 9 years;Africa;St Eustatius;2012;0;0;0
4500;Total male and female;5 to 9 years;Africa;St Eustatius;2013;0;0;0
4501;Total male and female;5 to 9 years;Africa;St Eustatius;2014;0;0;0
4502;Total male and female;5 to 9 years;Africa;St Eustatius;2015;0;0;0
4503;Total male and female;5 to 9 years;Africa;St Eustatius;2016;0;0;0
4504;Total male and female;5 to 9 years;Africa;St Eustatius;2017;0;0;0
4505;Total male and female;5 to 9 years;Africa;St Eustatius;2018;0;0;0
4506;Total male and female;5 to 9 years;Africa;St Eustatius;2019;0;0;0
4507;Total male and female;5 to 9 years;Africa;St Eustatius;2020;1;0;1
4508;Total male and female;5 to 9 years;Africa;St Eustatius;2021;0;1;-1
4509;Total male and female;5 to 9 years;Africa;St Eustatius;2022;0;0;0
4510;Total male and female;5 to 9 years;Africa;St Eustatius;2023;0;0;0
4511;Total male and female;5 to 9 years;Africa;Saba;2011;0;0;0
4512;Total male and female;5 to 9 years;Africa;Saba;2012;0;0;0
4513;Total male and female;5 to 9 years;Africa;Saba;2013;0;0;0
4514;Total male and female;5 to 9 years;Africa;Saba;2014;0;0;0
4515;Total male and female;5 to 9 years;Africa;Saba;2015;0;0;0
4516;Total male and female;5 to 9 years;Africa;Saba;2016;0;0;0
4517;Total male and female;5 to 9 years;Africa;Saba;2017;0;0;0
4518;Total male and female;5 to 9 years;Africa;Saba;2018;0;0;0
4519;Total male and female;5 to 9 years;Africa;Saba;2019;0;0;0
4520;Total male and female;5 to 9 years;Africa;Saba;2020;0;0;0
4521;Total male and female;5 to 9 years;Africa;Saba;2021;0;0;0
4522;Total male and female;5 to 9 years;Africa;Saba;2022;1;0;1
4523;Total male and female;5 to 9 years;Africa;Saba;2023;0;1;-1
4524;Total male and female;5 to 9 years;America;Caribbean Netherlands;2011;39;25;14
4525;Total male and female;5 to 9 years;America;Caribbean Netherlands;2012;56;42;14
4526;Total male and female;5 to 9 years;America;Caribbean Netherlands;2013;64;45;19
4527;Total male and female;5 to 9 years;America;Caribbean Netherlands;2014;60;48;12
4528;Total male and female;5 to 9 years;America;Caribbean Netherlands;2015;51;36;15
4529;Total male and female;5 to 9 years;America;Caribbean Netherlands;2016;55;43;12
4530;Total male and female;5 to 9 years;America;Caribbean Netherlands;2017;66;51;15
4531;Total male and female;5 to 9 years;America;Caribbean Netherlands;2018;54;46;8
4532;Total male and female;5 to 9 years;America;Caribbean Netherlands;2019;63;32;31
4533;Total male and female;5 to 9 years;America;Caribbean Netherlands;2020;56;27;29
4534;Total male and female;5 to 9 years;America;Caribbean Netherlands;2021;62;43;19
4535;Total male and female;5 to 9 years;America;Caribbean Netherlands;2022;67;40;27
4536;Total male and female;5 to 9 years;America;Caribbean Netherlands;2023;87;42;45
4537;Total male and female;5 to 9 years;America;Bonaire;2011;29;17;12
4538;Total male and female;5 to 9 years;America;Bonaire;2012;44;25;19
4539;Total male and female;5 to 9 years;America;Bonaire;2013;44;21;23
4540;Total male and female;5 to 9 years;America;Bonaire;2014;49;39;10
4541;Total male and female;5 to 9 years;America;Bonaire;2015;36;27;9
4542;Total male and female;5 to 9 years;America;Bonaire;2016;44;35;9
4543;Total male and female;5 to 9 years;America;Bonaire;2017;55;45;10
4544;Total male and female;5 to 9 years;America;Bonaire;2018;42;28;14
4545;Total male and female;5 to 9 years;America;Bonaire;2019;45;22;23
4546;Total male and female;5 to 9 years;America;Bonaire;2020;50;19;31
4547;Total male and female;5 to 9 years;America;Bonaire;2021;50;27;23
4548;Total male and female;5 to 9 years;America;Bonaire;2022;56;32;24
4549;Total male and female;5 to 9 years;America;Bonaire;2023;77;30;47
4550;Total male and female;5 to 9 years;America;St Eustatius;2011;9;4;5
4551;Total male and female;5 to 9 years;America;St Eustatius;2012;10;9;1
4552;Total male and female;5 to 9 years;America;St Eustatius;2013;16;21;-5
4553;Total male and female;5 to 9 years;America;St Eustatius;2014;6;6;0
4554;Total male and female;5 to 9 years;America;St Eustatius;2015;13;9;4
4555;Total male and female;5 to 9 years;America;St Eustatius;2016;3;6;-3
4556;Total male and female;5 to 9 years;America;St Eustatius;2017;8;5;3
4557;Total male and female;5 to 9 years;America;St Eustatius;2018;6;7;-1
4558;Total male and female;5 to 9 years;America;St Eustatius;2019;9;3;6
4559;Total male and female;5 to 9 years;America;St Eustatius;2020;4;7;-3
4560;Total male and female;5 to 9 years;America;St Eustatius;2021;8;4;4
4561;Total male and female;5 to 9 years;America;St Eustatius;2022;5;7;-2
4562;Total male and female;5 to 9 years;America;St Eustatius;2023;5;7;-2
4563;Total male and female;5 to 9 years;America;Saba;2011;1;4;-3
4564;Total male and female;5 to 9 years;America;Saba;2012;2;8;-6
4565;Total male and female;5 to 9 years;America;Saba;2013;4;3;1
4566;Total male and female;5 to 9 years;America;Saba;2014;5;3;2
4567;Total male and female;5 to 9 years;America;Saba;2015;2;0;2
4568;Total male and female;5 to 9 years;America;Saba;2016;8;2;6
4569;Total male and female;5 to 9 years;America;Saba;2017;3;1;2
4570;Total male and female;5 to 9 years;America;Saba;2018;6;11;-5
4571;Total male and female;5 to 9 years;America;Saba;2019;9;7;2
4572;Total male and female;5 to 9 years;America;Saba;2020;2;1;1
4573;Total male and female;5 to 9 years;America;Saba;2021;4;12;-8
4574;Total male and female;5 to 9 years;America;Saba;2022;6;1;5
4575;Total male and female;5 to 9 years;America;Saba;2023;5;5;0
4576;Total male and female;5 to 9 years;Asia;Caribbean Netherlands;2011;3;3;0
4577;Total male and female;5 to 9 years;Asia;Caribbean Netherlands;2012;2;1;1
4578;Total male and female;5 to 9 years;Asia;Caribbean Netherlands;2013;2;0;2
4579;Total male and female;5 to 9 years;Asia;Caribbean Netherlands;2014;0;1;-1
4580;Total male and female;5 to 9 years;Asia;Caribbean Netherlands;2015;0;1;-1
4581;Total male and female;5 to 9 years;Asia;Caribbean Netherlands;2016;0;1;-1
4582;Total male and female;5 to 9 years;Asia;Caribbean Netherlands;2017;1;0;1
4583;Total male and female;5 to 9 years;Asia;Caribbean Netherlands;2018;3;3;0
4584;Total male and female;5 to 9 years;Asia;Caribbean Netherlands;2019;0;0;0
4585;Total male and female;5 to 9 years;Asia;Caribbean Netherlands;2020;0;0;0
4586;Total male and female;5 to 9 years;Asia;Caribbean Netherlands;2021;0;0;0
4587;Total male and female;5 to 9 years;Asia;Caribbean Netherlands;2022;2;1;1
4588;Total male and female;5 to 9 years;Asia;Caribbean Netherlands;2023;2;3;-1
4589;Total male and female;5 to 9 years;Asia;Bonaire;2011;1;3;-2
4590;Total male and female;5 to 9 years;Asia;Bonaire;2012;1;0;1
4591;Total male and female;5 to 9 years;Asia;Bonaire;2013;1;0;1
4592;Total male and female;5 to 9 years;Asia;Bonaire;2014;0;0;0
4593;Total male and female;5 to 9 years;Asia;Bonaire;2015;0;0;0
4594;Total male and female;5 to 9 years;Asia;Bonaire;2016;0;0;0
4595;Total male and female;5 to 9 years;Asia;Bonaire;2017;1;0;1
4596;Total male and female;5 to 9 years;Asia;Bonaire;2018;1;3;-2
4597;Total male and female;5 to 9 years;Asia;Bonaire;2019;0;0;0
4598;Total male and female;5 to 9 years;Asia;Bonaire;2020;0;0;0
4599;Total male and female;5 to 9 years;Asia;Bonaire;2021;0;0;0
4600;Total male and female;5 to 9 years;Asia;Bonaire;2022;1;0;1
4601;Total male and female;5 to 9 years;Asia;Bonaire;2023;1;1;0
4602;Total male and female;5 to 9 years;Asia;St Eustatius;2011;2;0;2
4603;Total male and female;5 to 9 years;Asia;St Eustatius;2012;0;0;0
4604;Total male and female;5 to 9 years;Asia;St Eustatius;2013;0;0;0
4605;Total male and female;5 to 9 years;Asia;St Eustatius;2014;0;1;-1
4606;Total male and female;5 to 9 years;Asia;St Eustatius;2015;0;1;-1
4607;Total male and female;5 to 9 years;Asia;St Eustatius;2016;0;0;0
4608;Total male and female;5 to 9 years;Asia;St Eustatius;2017;0;0;0
4609;Total male and female;5 to 9 years;Asia;St Eustatius;2018;0;0;0
4610;Total male and female;5 to 9 years;Asia;St Eustatius;2019;0;0;0
4611;Total male and female;5 to 9 years;Asia;St Eustatius;2020;0;0;0
4612;Total male and female;5 to 9 years;Asia;St Eustatius;2021;0;0;0
4613;Total male and female;5 to 9 years;Asia;St Eustatius;2022;0;0;0
4614;Total male and female;5 to 9 years;Asia;St Eustatius;2023;0;1;-1
4615;Total male and female;5 to 9 years;Asia;Saba;2011;0;0;0
4616;Total male and female;5 to 9 years;Asia;Saba;2012;1;1;0
4617;Total male and female;5 to 9 years;Asia;Saba;2013;1;0;1
4618;Total male and female;5 to 9 years;Asia;Saba;2014;0;0;0
4619;Total male and female;5 to 9 years;Asia;Saba;2015;0;0;0
4620;Total male and female;5 to 9 years;Asia;Saba;2016;0;1;-1
4621;Total male and female;5 to 9 years;Asia;Saba;2017;0;0;0
4622;Total male and female;5 to 9 years;Asia;Saba;2018;2;0;2
4623;Total male and female;5 to 9 years;Asia;Saba;2019;0;0;0
4624;Total male and female;5 to 9 years;Asia;Saba;2020;0;0;0
4625;Total male and female;5 to 9 years;Asia;Saba;2021;0;0;0
4626;Total male and female;5 to 9 years;Asia;Saba;2022;1;1;0
4627;Total male and female;5 to 9 years;Asia;Saba;2023;1;1;0
4628;Total male and female;5 to 9 years;Europe (including the Netherlands);Caribbean Netherlands;2011;60;15;45
4629;Total male and female;5 to 9 years;Europe (including the Netherlands);Caribbean Netherlands;2012;41;22;19
4630;Total male and female;5 to 9 years;Europe (including the Netherlands);Caribbean Netherlands;2013;58;26;32
4631;Total male and female;5 to 9 years;Europe (including the Netherlands);Caribbean Netherlands;2014;42;24;18
4632;Total male and female;5 to 9 years;Europe (including the Netherlands);Caribbean Netherlands;2015;44;37;7
4633;Total male and female;5 to 9 years;Europe (including the Netherlands);Caribbean Netherlands;2016;44;35;9
4634;Total male and female;5 to 9 years;Europe (including the Netherlands);Caribbean Netherlands;2017;45;43;2
4635;Total male and female;5 to 9 years;Europe (including the Netherlands);Caribbean Netherlands;2018;40;39;1
4636;Total male and female;5 to 9 years;Europe (including the Netherlands);Caribbean Netherlands;2019;41;20;21
4637;Total male and female;5 to 9 years;Europe (including the Netherlands);Caribbean Netherlands;2020;59;32;27
4638;Total male and female;5 to 9 years;Europe (including the Netherlands);Caribbean Netherlands;2021;48;29;19
4639;Total male and female;5 to 9 years;Europe (including the Netherlands);Caribbean Netherlands;2022;68;47;21
4640;Total male and female;5 to 9 years;Europe (including the Netherlands);Caribbean Netherlands;2023;47;40;7
4641;Total male and female;5 to 9 years;Europe (including the Netherlands);Bonaire;2011;54;12;42
4642;Total male and female;5 to 9 years;Europe (including the Netherlands);Bonaire;2012;36;19;17
4643;Total male and female;5 to 9 years;Europe (including the Netherlands);Bonaire;2013;49;24;25
4644;Total male and female;5 to 9 years;Europe (including the Netherlands);Bonaire;2014;34;24;10
4645;Total male and female;5 to 9 years;Europe (including the Netherlands);Bonaire;2015;36;29;7
4646;Total male and female;5 to 9 years;Europe (including the Netherlands);Bonaire;2016;41;28;13
4647;Total male and female;5 to 9 years;Europe (including the Netherlands);Bonaire;2017;41;39;2
4648;Total male and female;5 to 9 years;Europe (including the Netherlands);Bonaire;2018;32;35;-3
4649;Total male and female;5 to 9 years;Europe (including the Netherlands);Bonaire;2019;41;15;26
4650;Total male and female;5 to 9 years;Europe (including the Netherlands);Bonaire;2020;54;31;23
4651;Total male and female;5 to 9 years;Europe (including the Netherlands);Bonaire;2021;44;26;18
4652;Total male and female;5 to 9 years;Europe (including the Netherlands);Bonaire;2022;63;38;25
4653;Total male and female;5 to 9 years;Europe (including the Netherlands);Bonaire;2023;44;35;9
4654;Total male and female;5 to 9 years;Europe (including the Netherlands);St Eustatius;2011;6;3;3
4655;Total male and female;5 to 9 years;Europe (including the Netherlands);St Eustatius;2012;4;2;2
4656;Total male and female;5 to 9 years;Europe (including the Netherlands);St Eustatius;2013;9;1;8
4657;Total male and female;5 to 9 years;Europe (including the Netherlands);St Eustatius;2014;4;0;4
4658;Total male and female;5 to 9 years;Europe (including the Netherlands);St Eustatius;2015;3;6;-3
4659;Total male and female;5 to 9 years;Europe (including the Netherlands);St Eustatius;2016;2;5;-3
4660;Total male and female;5 to 9 years;Europe (including the Netherlands);St Eustatius;2017;4;3;1
4661;Total male and female;5 to 9 years;Europe (including the Netherlands);St Eustatius;2018;6;4;2
4662;Total male and female;5 to 9 years;Europe (including the Netherlands);St Eustatius;2019;0;1;-1
4663;Total male and female;5 to 9 years;Europe (including the Netherlands);St Eustatius;2020;3;1;2
4664;Total male and female;5 to 9 years;Europe (including the Netherlands);St Eustatius;2021;1;3;-2
4665;Total male and female;5 to 9 years;Europe (including the Netherlands);St Eustatius;2022;3;0;3
4666;Total male and female;5 to 9 years;Europe (including the Netherlands);St Eustatius;2023;3;4;-1
4667;Total male and female;5 to 9 years;Europe (including the Netherlands);Saba;2011;0;0;0
4668;Total male and female;5 to 9 years;Europe (including the Netherlands);Saba;2012;1;1;0
4669;Total male and female;5 to 9 years;Europe (including the Netherlands);Saba;2013;0;1;-1
4670;Total male and female;5 to 9 years;Europe (including the Netherlands);Saba;2014;4;0;4
4671;Total male and female;5 to 9 years;Europe (including the Netherlands);Saba;2015;5;2;3
4672;Total male and female;5 to 9 years;Europe (including the Netherlands);Saba;2016;1;2;-1
4673;Total male and female;5 to 9 years;Europe (including the Netherlands);Saba;2017;0;1;-1
4674;Total male and female;5 to 9 years;Europe (including the Netherlands);Saba;2018;2;0;2
4675;Total male and female;5 to 9 years;Europe (including the Netherlands);Saba;2019;0;4;-4
4676;Total male and female;5 to 9 years;Europe (including the Netherlands);Saba;2020;2;0;2
4677;Total male and female;5 to 9 years;Europe (including the Netherlands);Saba;2021;3;0;3
4678;Total male and female;5 to 9 years;Europe (including the Netherlands);Saba;2022;2;9;-7
4679;Total male and female;5 to 9 years;Europe (including the Netherlands);Saba;2023;0;1;-1
4680;Total male and female;5 to 9 years;Europe (excluding the Netherlands);Caribbean Netherlands;2011;2;0;2
4681;Total male and female;5 to 9 years;Europe (excluding the Netherlands);Caribbean Netherlands;2012;2;1;1
4682;Total male and female;5 to 9 years;Europe (excluding the Netherlands);Caribbean Netherlands;2013;2;1;1
4683;Total male and female;5 to 9 years;Europe (excluding the Netherlands);Caribbean Netherlands;2014;2;1;1
4684;Total male and female;5 to 9 years;Europe (excluding the Netherlands);Caribbean Netherlands;2015;1;2;-1
4685;Total male and female;5 to 9 years;Europe (excluding the Netherlands);Caribbean Netherlands;2016;2;5;-3
4686;Total male and female;5 to 9 years;Europe (excluding the Netherlands);Caribbean Netherlands;2017;3;1;2
4687;Total male and female;5 to 9 years;Europe (excluding the Netherlands);Caribbean Netherlands;2018;4;2;2
4688;Total male and female;5 to 9 years;Europe (excluding the Netherlands);Caribbean Netherlands;2019;1;1;0
4689;Total male and female;5 to 9 years;Europe (excluding the Netherlands);Caribbean Netherlands;2020;2;0;2
4690;Total male and female;5 to 9 years;Europe (excluding the Netherlands);Caribbean Netherlands;2021;4;2;2
4691;Total male and female;5 to 9 years;Europe (excluding the Netherlands);Caribbean Netherlands;2022;5;4;1
4692;Total male and female;5 to 9 years;Europe (excluding the Netherlands);Caribbean Netherlands;2023;2;3;-1
4693;Total male and female;5 to 9 years;Europe (excluding the Netherlands);Bonaire;2011;2;0;2
4694;Total male and female;5 to 9 years;Europe (excluding the Netherlands);Bonaire;2012;2;1;1
4695;Total male and female;5 to 9 years;Europe (excluding the Netherlands);Bonaire;2013;2;1;1
4696;Total male and female;5 to 9 years;Europe (excluding the Netherlands);Bonaire;2014;2;1;1
4697;Total male and female;5 to 9 years;Europe (excluding the Netherlands);Bonaire;2015;0;2;-2
4698;Total male and female;5 to 9 years;Europe (excluding the Netherlands);Bonaire;2016;1;5;-4
4699;Total male and female;5 to 9 years;Europe (excluding the Netherlands);Bonaire;2017;3;1;2
4700;Total male and female;5 to 9 years;Europe (excluding the Netherlands);Bonaire;2018;2;2;0
4701;Total male and female;5 to 9 years;Europe (excluding the Netherlands);Bonaire;2019;1;1;0
4702;Total male and female;5 to 9 years;Europe (excluding the Netherlands);Bonaire;2020;0;0;0
4703;Total male and female;5 to 9 years;Europe (excluding the Netherlands);Bonaire;2021;2;0;2
4704;Total male and female;5 to 9 years;Europe (excluding the Netherlands);Bonaire;2022;5;3;2
4705;Total male and female;5 to 9 years;Europe (excluding the Netherlands);Bonaire;2023;2;2;0
4706;Total male and female;5 to 9 years;Europe (excluding the Netherlands);St Eustatius;2011;0;0;0
4707;Total male and female;5 to 9 years;Europe (excluding the Netherlands);St Eustatius;2012;0;0;0
4708;Total male and female;5 to 9 years;Europe (excluding the Netherlands);St Eustatius;2013;0;0;0
4709;Total male and female;5 to 9 years;Europe (excluding the Netherlands);St Eustatius;2014;0;0;0
4710;Total male and female;5 to 9 years;Europe (excluding the Netherlands);St Eustatius;2015;0;0;0
4711;Total male and female;5 to 9 years;Europe (excluding the Netherlands);St Eustatius;2016;1;0;1
4712;Total male and female;5 to 9 years;Europe (excluding the Netherlands);St Eustatius;2017;0;0;0
4713;Total male and female;5 to 9 years;Europe (excluding the Netherlands);St Eustatius;2018;2;0;2
4714;Total male and female;5 to 9 years;Europe (excluding the Netherlands);St Eustatius;2019;0;0;0
4715;Total male and female;5 to 9 years;Europe (excluding the Netherlands);St Eustatius;2020;2;0;2
4716;Total male and female;5 to 9 years;Europe (excluding the Netherlands);St Eustatius;2021;0;2;-2
4717;Total male and female;5 to 9 years;Europe (excluding the Netherlands);St Eustatius;2022;0;0;0
4718;Total male and female;5 to 9 years;Europe (excluding the Netherlands);St Eustatius;2023;0;0;0
4719;Total male and female;5 to 9 years;Europe (excluding the Netherlands);Saba;2011;0;0;0
4720;Total male and female;5 to 9 years;Europe (excluding the Netherlands);Saba;2012;0;0;0
4721;Total male and female;5 to 9 years;Europe (excluding the Netherlands);Saba;2013;0;0;0
4722;Total male and female;5 to 9 years;Europe (excluding the Netherlands);Saba;2014;0;0;0
4723;Total male and female;5 to 9 years;Europe (excluding the Netherlands);Saba;2015;1;0;1
4724;Total male and female;5 to 9 years;Europe (excluding the Netherlands);Saba;2016;0;0;0
4725;Total male and female;5 to 9 years;Europe (excluding the Netherlands);Saba;2017;0;0;0
4726;Total male and female;5 to 9 years;Europe (excluding the Netherlands);Saba;2018;0;0;0
4727;Total male and female;5 to 9 years;Europe (excluding the Netherlands);Saba;2019;0;0;0
4728;Total male and female;5 to 9 years;Europe (excluding the Netherlands);Saba;2020;0;0;0
4729;Total male and female;5 to 9 years;Europe (excluding the Netherlands);Saba;2021;2;0;2
4730;Total male and female;5 to 9 years;Europe (excluding the Netherlands);Saba;2022;0;1;-1
4731;Total male and female;5 to 9 years;Europe (excluding the Netherlands);Saba;2023;0;1;-1
4732;Total male and female;5 to 9 years;Oceania;Caribbean Netherlands;2011;0;0;0
4733;Total male and female;5 to 9 years;Oceania;Caribbean Netherlands;2012;0;0;0
4734;Total male and female;5 to 9 years;Oceania;Caribbean Netherlands;2013;0;0;0
4735;Total male and female;5 to 9 years;Oceania;Caribbean Netherlands;2014;0;0;0
4736;Total male and female;5 to 9 years;Oceania;Caribbean Netherlands;2015;0;0;0
4737;Total male and female;5 to 9 years;Oceania;Caribbean Netherlands;2016;0;0;0
4738;Total male and female;5 to 9 years;Oceania;Caribbean Netherlands;2017;0;0;0
4739;Total male and female;5 to 9 years;Oceania;Caribbean Netherlands;2018;0;0;0
4740;Total male and female;5 to 9 years;Oceania;Caribbean Netherlands;2019;0;0;0
4741;Total male and female;5 to 9 years;Oceania;Caribbean Netherlands;2020;0;0;0
4742;Total male and female;5 to 9 years;Oceania;Caribbean Netherlands;2021;0;0;0
4743;Total male and female;5 to 9 years;Oceania;Caribbean Netherlands;2022;0;0;0
4744;Total male and female;5 to 9 years;Oceania;Caribbean Netherlands;2023;0;0;0
4745;Total male and female;5 to 9 years;Oceania;Bonaire;2011;0;0;0
4746;Total male and female;5 to 9 years;Oceania;Bonaire;2012;0;0;0
4747;Total male and female;5 to 9 years;Oceania;Bonaire;2013;0;0;0
4748;Total male and female;5 to 9 years;Oceania;Bonaire;2014;0;0;0
4749;Total male and female;5 to 9 years;Oceania;Bonaire;2015;0;0;0
4750;Total male and female;5 to 9 years;Oceania;Bonaire;2016;0;0;0
4751;Total male and female;5 to 9 years;Oceania;Bonaire;2017;0;0;0
4752;Total male and female;5 to 9 years;Oceania;Bonaire;2018;0;0;0
4753;Total male and female;5 to 9 years;Oceania;Bonaire;2019;0;0;0
4754;Total male and female;5 to 9 years;Oceania;Bonaire;2020;0;0;0
4755;Total male and female;5 to 9 years;Oceania;Bonaire;2021;0;0;0
4756;Total male and female;5 to 9 years;Oceania;Bonaire;2022;0;0;0
4757;Total male and female;5 to 9 years;Oceania;Bonaire;2023;0;0;0
4758;Total male and female;5 to 9 years;Oceania;St Eustatius;2011;0;0;0
4759;Total male and female;5 to 9 years;Oceania;St Eustatius;2012;0;0;0
4760;Total male and female;5 to 9 years;Oceania;St Eustatius;2013;0;0;0
4761;Total male and female;5 to 9 years;Oceania;St Eustatius;2014;0;0;0
4762;Total male and female;5 to 9 years;Oceania;St Eustatius;2015;0;0;0
4763;Total male and female;5 to 9 years;Oceania;St Eustatius;2016;0;0;0
4764;Total male and female;5 to 9 years;Oceania;St Eustatius;2017;0;0;0
4765;Total male and female;5 to 9 years;Oceania;St Eustatius;2018;0;0;0
4766;Total male and female;5 to 9 years;Oceania;St Eustatius;2019;0;0;0
4767;Total male and female;5 to 9 years;Oceania;St Eustatius;2020;0;0;0
4768;Total male and female;5 to 9 years;Oceania;St Eustatius;2021;0;0;0
4769;Total male and female;5 to 9 years;Oceania;St Eustatius;2022;0;0;0
4770;Total male and female;5 to 9 years;Oceania;St Eustatius;2023;0;0;0
4771;Total male and female;5 to 9 years;Oceania;Saba;2011;0;0;0
4772;Total male and female;5 to 9 years;Oceania;Saba;2012;0;0;0
4773;Total male and female;5 to 9 years;Oceania;Saba;2013;0;0;0
4774;Total male and female;5 to 9 years;Oceania;Saba;2014;0;0;0
4775;Total male and female;5 to 9 years;Oceania;Saba;2015;0;0;0
4776;Total male and female;5 to 9 years;Oceania;Saba;2016;0;0;0
4777;Total male and female;5 to 9 years;Oceania;Saba;2017;0;0;0
4778;Total male and female;5 to 9 years;Oceania;Saba;2018;0;0;0
4779;Total male and female;5 to 9 years;Oceania;Saba;2019;0;0;0
4780;Total male and female;5 to 9 years;Oceania;Saba;2020;0;0;0
4781;Total male and female;5 to 9 years;Oceania;Saba;2021;0;0;0
4782;Total male and female;5 to 9 years;Oceania;Saba;2022;0;0;0
4783;Total male and female;5 to 9 years;Oceania;Saba;2023;0;0;0
4784;Total male and female;5 to 9 years;Central and South America;Caribbean Netherlands;2011;31;23;8
4785;Total male and female;5 to 9 years;Central and South America;Caribbean Netherlands;2012;50;36;14
4786;Total male and female;5 to 9 years;Central and South America;Caribbean Netherlands;2013;56;37;19
4787;Total male and female;5 to 9 years;Central and South America;Caribbean Netherlands;2014;57;44;13
4788;Total male and female;5 to 9 years;Central and South America;Caribbean Netherlands;2015;50;32;18
4789;Total male and female;5 to 9 years;Central and South America;Caribbean Netherlands;2016;54;41;13
4790;Total male and female;5 to 9 years;Central and South America;Caribbean Netherlands;2017;66;51;15
4791;Total male and female;5 to 9 years;Central and South America;Caribbean Netherlands;2018;54;42;12
4792;Total male and female;5 to 9 years;Central and South America;Caribbean Netherlands;2019;55;29;26
4793;Total male and female;5 to 9 years;Central and South America;Caribbean Netherlands;2020;56;27;29
4794;Total male and female;5 to 9 years;Central and South America;Caribbean Netherlands;2021;60;36;24
4795;Total male and female;5 to 9 years;Central and South America;Caribbean Netherlands;2022;67;39;28
4796;Total male and female;5 to 9 years;Central and South America;Caribbean Netherlands;2023;86;38;48
4797;Total male and female;5 to 9 years;Central and South America;Bonaire;2011;25;17;8
4798;Total male and female;5 to 9 years;Central and South America;Bonaire;2012;41;23;18
4799;Total male and female;5 to 9 years;Central and South America;Bonaire;2013;42;21;21
4800;Total male and female;5 to 9 years;Central and South America;Bonaire;2014;49;36;13
4801;Total male and female;5 to 9 years;Central and South America;Bonaire;2015;36;27;9
4802;Total male and female;5 to 9 years;Central and South America;Bonaire;2016;44;33;11
4803;Total male and female;5 to 9 years;Central and South America;Bonaire;2017;55;45;10
4804;Total male and female;5 to 9 years;Central and South America;Bonaire;2018;42;28;14
4805;Total male and female;5 to 9 years;Central and South America;Bonaire;2019;42;22;20
4806;Total male and female;5 to 9 years;Central and South America;Bonaire;2020;50;19;31
4807;Total male and female;5 to 9 years;Central and South America;Bonaire;2021;50;27;23
4808;Total male and female;5 to 9 years;Central and South America;Bonaire;2022;56;32;24
4809;Total male and female;5 to 9 years;Central and South America;Bonaire;2023;77;30;47
4810;Total male and female;5 to 9 years;Central and South America;St Eustatius;2011;6;2;4
4811;Total male and female;5 to 9 years;Central and South America;St Eustatius;2012;8;9;-1
4812;Total male and female;5 to 9 years;Central and South America;St Eustatius;2013;11;14;-3
4813;Total male and female;5 to 9 years;Central and South America;St Eustatius;2014;4;5;-1
4814;Total male and female;5 to 9 years;Central and South America;St Eustatius;2015;12;5;7
4815;Total male and female;5 to 9 years;Central and South America;St Eustatius;2016;3;6;-3
4816;Total male and female;5 to 9 years;Central and South America;St Eustatius;2017;8;5;3
4817;Total male and female;5 to 9 years;Central and South America;St Eustatius;2018;6;7;-1
4818;Total male and female;5 to 9 years;Central and South America;St Eustatius;2019;9;3;6
4819;Total male and female;5 to 9 years;Central and South America;St Eustatius;2020;4;7;-3
4820;Total male and female;5 to 9 years;Central and South America;St Eustatius;2021;8;4;4
4821;Total male and female;5 to 9 years;Central and South America;St Eustatius;2022;5;6;-1
4822;Total male and female;5 to 9 years;Central and South America;St Eustatius;2023;4;6;-2
4823;Total male and female;5 to 9 years;Central and South America;Saba;2011;0;4;-4
4824;Total male and female;5 to 9 years;Central and South America;Saba;2012;1;4;-3
4825;Total male and female;5 to 9 years;Central and South America;Saba;2013;3;2;1
4826;Total male and female;5 to 9 years;Central and South America;Saba;2014;4;3;1
4827;Total male and female;5 to 9 years;Central and South America;Saba;2015;2;0;2
4828;Total male and female;5 to 9 years;Central and South America;Saba;2016;7;2;5
4829;Total male and female;5 to 9 years;Central and South America;Saba;2017;3;1;2
4830;Total male and female;5 to 9 years;Central and South America;Saba;2018;6;7;-1
4831;Total male and female;5 to 9 years;Central and South America;Saba;2019;4;4;0
4832;Total male and female;5 to 9 years;Central and South America;Saba;2020;2;1;1
4833;Total male and female;5 to 9 years;Central and South America;Saba;2021;2;5;-3
4834;Total male and female;5 to 9 years;Central and South America;Saba;2022;6;1;5
4835;Total male and female;5 to 9 years;Central and South America;Saba;2023;5;2;3
4836;Total male and female;5 to 9 years;North America;Caribbean Netherlands;2011;8;2;6
4837;Total male and female;5 to 9 years;North America;Caribbean Netherlands;2012;6;6;0
4838;Total male and female;5 to 9 years;North America;Caribbean Netherlands;2013;8;8;0
4839;Total male and female;5 to 9 years;North America;Caribbean Netherlands;2014;3;4;-1
4840;Total male and female;5 to 9 years;North America;Caribbean Netherlands;2015;1;4;-3
4841;Total male and female;5 to 9 years;North America;Caribbean Netherlands;2016;1;2;-1
4842;Total male and female;5 to 9 years;North America;Caribbean Netherlands;2017;0;0;0
4843;Total male and female;5 to 9 years;North America;Caribbean Netherlands;2018;0;4;-4
4844;Total male and female;5 to 9 years;North America;Caribbean Netherlands;2019;8;3;5
4845;Total male and female;5 to 9 years;North America;Caribbean Netherlands;2020;0;0;0
4846;Total male and female;5 to 9 years;North America;Caribbean Netherlands;2021;2;7;-5
4847;Total male and female;5 to 9 years;North America;Caribbean Netherlands;2022;0;1;-1
4848;Total male and female;5 to 9 years;North America;Caribbean Netherlands;2023;1;4;-3
4849;Total male and female;5 to 9 years;North America;Bonaire;2011;4;0;4
4850;Total male and female;5 to 9 years;North America;Bonaire;2012;3;2;1
4851;Total male and female;5 to 9 years;North America;Bonaire;2013;2;0;2
4852;Total male and female;5 to 9 years;North America;Bonaire;2014;0;3;-3
4853;Total male and female;5 to 9 years;North America;Bonaire;2015;0;0;0
4854;Total male and female;5 to 9 years;North America;Bonaire;2016;0;2;-2
4855;Total male and female;5 to 9 years;North America;Bonaire;2017;0;0;0
4856;Total male and female;5 to 9 years;North America;Bonaire;2018;0;0;0
4857;Total male and female;5 to 9 years;North America;Bonaire;2019;3;0;3
4858;Total male and female;5 to 9 years;North America;Bonaire;2020;0;0;0
4859;Total male and female;5 to 9 years;North America;Bonaire;2021;0;0;0
4860;Total male and female;5 to 9 years;North America;Bonaire;2022;0;0;0
4861;Total male and female;5 to 9 years;North America;Bonaire;2023;0;0;0
4862;Total male and female;5 to 9 years;North America;St Eustatius;2011;3;2;1
4863;Total male and female;5 to 9 years;North America;St Eustatius;2012;2;0;2
4864;Total male and female;5 to 9 years;North America;St Eustatius;2013;5;7;-2
4865;Total male and female;5 to 9 years;North America;St Eustatius;2014;2;1;1
4866;Total male and female;5 to 9 years;North America;St Eustatius;2015;1;4;-3
4867;Total male and female;5 to 9 years;North America;St Eustatius;2016;0;0;0
4868;Total male and female;5 to 9 years;North America;St Eustatius;2017;0;0;0
4869;Total male and female;5 to 9 years;North America;St Eustatius;2018;0;0;0
4870;Total male and female;5 to 9 years;North America;St Eustatius;2019;0;0;0
4871;Total male and female;5 to 9 years;North America;St Eustatius;2020;0;0;0
4872;Total male and female;5 to 9 years;North America;St Eustatius;2021;0;0;0
4873;Total male and female;5 to 9 years;North America;St Eustatius;2022;0;1;-1
4874;Total male and female;5 to 9 years;North America;St Eustatius;2023;1;1;0
4875;Total male and female;5 to 9 years;North America;Saba;2011;1;0;1
4876;Total male and female;5 to 9 years;North America;Saba;2012;1;4;-3
4877;Total male and female;5 to 9 years;North America;Saba;2013;1;1;0
4878;Total male and female;5 to 9 years;North America;Saba;2014;1;0;1
4879;Total male and female;5 to 9 years;North America;Saba;2015;0;0;0
4880;Total male and female;5 to 9 years;North America;Saba;2016;1;0;1
4881;Total male and female;5 to 9 years;North America;Saba;2017;0;0;0
4882;Total male and female;5 to 9 years;North America;Saba;2018;0;4;-4
4883;Total male and female;5 to 9 years;North America;Saba;2019;5;3;2
4884;Total male and female;5 to 9 years;North America;Saba;2020;0;0;0
4885;Total male and female;5 to 9 years;North America;Saba;2021;2;7;-5
4886;Total male and female;5 to 9 years;North America;Saba;2022;0;0;0
4887;Total male and female;5 to 9 years;North America;Saba;2023;0;3;-3
4888;Total male and female;5 to 9 years;Aruba, Curaçao, St Maarten;Caribbean Netherlands;2011;15;15;0
4889;Total male and female;5 to 9 years;Aruba, Curaçao, St Maarten;Caribbean Netherlands;2012;26;20;6
4890;Total male and female;5 to 9 years;Aruba, Curaçao, St Maarten;Caribbean Netherlands;2013;29;20;9
4891;Total male and female;5 to 9 years;Aruba, Curaçao, St Maarten;Caribbean Netherlands;2014;25;23;2
4892;Total male and female;5 to 9 years;Aruba, Curaçao, St Maarten;Caribbean Netherlands;2015;18;12;6
4893;Total male and female;5 to 9 years;Aruba, Curaçao, St Maarten;Caribbean Netherlands;2016;26;20;6
4894;Total male and female;5 to 9 years;Aruba, Curaçao, St Maarten;Caribbean Netherlands;2017;22;19;3
4895;Total male and female;5 to 9 years;Aruba, Curaçao, St Maarten;Caribbean Netherlands;2018;25;14;11
4896;Total male and female;5 to 9 years;Aruba, Curaçao, St Maarten;Caribbean Netherlands;2019;22;10;12
4897;Total male and female;5 to 9 years;Aruba, Curaçao, St Maarten;Caribbean Netherlands;2020;28;14;14
4898;Total male and female;5 to 9 years;Aruba, Curaçao, St Maarten;Caribbean Netherlands;2021;25;16;9
4899;Total male and female;5 to 9 years;Aruba, Curaçao, St Maarten;Caribbean Netherlands;2022;22;13;9
4900;Total male and female;5 to 9 years;Aruba, Curaçao, St Maarten;Caribbean Netherlands;2023;19;8;11
4901;Total male and female;5 to 9 years;Aruba, Curaçao, St Maarten;Bonaire;2011;13;13;0
4902;Total male and female;5 to 9 years;Aruba, Curaçao, St Maarten;Bonaire;2012;22;14;8
4903;Total male and female;5 to 9 years;Aruba, Curaçao, St Maarten;Bonaire;2013;24;8;16
4904;Total male and female;5 to 9 years;Aruba, Curaçao, St Maarten;Bonaire;2014;22;18;4
4905;Total male and female;5 to 9 years;Aruba, Curaçao, St Maarten;Bonaire;2015;14;11;3
4906;Total male and female;5 to 9 years;Aruba, Curaçao, St Maarten;Bonaire;2016;22;16;6
4907;Total male and female;5 to 9 years;Aruba, Curaçao, St Maarten;Bonaire;2017;17;18;-1
4908;Total male and female;5 to 9 years;Aruba, Curaçao, St Maarten;Bonaire;2018;16;6;10
4909;Total male and female;5 to 9 years;Aruba, Curaçao, St Maarten;Bonaire;2019;15;6;9
4910;Total male and female;5 to 9 years;Aruba, Curaçao, St Maarten;Bonaire;2020;25;8;17
4911;Total male and female;5 to 9 years;Aruba, Curaçao, St Maarten;Bonaire;2021;21;11;10
4912;Total male and female;5 to 9 years;Aruba, Curaçao, St Maarten;Bonaire;2022;18;10;8
4913;Total male and female;5 to 9 years;Aruba, Curaçao, St Maarten;Bonaire;2023;18;4;14
4914;Total male and female;5 to 9 years;Aruba, Curaçao, St Maarten;St Eustatius;2011;2;0;2
4915;Total male and female;5 to 9 years;Aruba, Curaçao, St Maarten;St Eustatius;2012;4;4;0
4916;Total male and female;5 to 9 years;Aruba, Curaçao, St Maarten;St Eustatius;2013;5;11;-6
4917;Total male and female;5 to 9 years;Aruba, Curaçao, St Maarten;St Eustatius;2014;1;2;-1
4918;Total male and female;5 to 9 years;Aruba, Curaçao, St Maarten;St Eustatius;2015;4;1;3
4919;Total male and female;5 to 9 years;Aruba, Curaçao, St Maarten;St Eustatius;2016;1;3;-2
4920;Total male and female;5 to 9 years;Aruba, Curaçao, St Maarten;St Eustatius;2017;3;1;2
4921;Total male and female;5 to 9 years;Aruba, Curaçao, St Maarten;St Eustatius;2018;5;2;3
4922;Total male and female;5 to 9 years;Aruba, Curaçao, St Maarten;St Eustatius;2019;4;3;1
4923;Total male and female;5 to 9 years;Aruba, Curaçao, St Maarten;St Eustatius;2020;3;5;-2
4924;Total male and female;5 to 9 years;Aruba, Curaçao, St Maarten;St Eustatius;2021;4;1;3
4925;Total male and female;5 to 9 years;Aruba, Curaçao, St Maarten;St Eustatius;2022;1;2;-1
4926;Total male and female;5 to 9 years;Aruba, Curaçao, St Maarten;St Eustatius;2023;0;4;-4
4927;Total male and female;5 to 9 years;Aruba, Curaçao, St Maarten;Saba;2011;0;2;-2
4928;Total male and female;5 to 9 years;Aruba, Curaçao, St Maarten;Saba;2012;0;2;-2
4929;Total male and female;5 to 9 years;Aruba, Curaçao, St Maarten;Saba;2013;0;1;-1
4930;Total male and female;5 to 9 years;Aruba, Curaçao, St Maarten;Saba;2014;2;3;-1
4931;Total male and female;5 to 9 years;Aruba, Curaçao, St Maarten;Saba;2015;0;0;0
4932;Total male and female;5 to 9 years;Aruba, Curaçao, St Maarten;Saba;2016;3;1;2
4933;Total male and female;5 to 9 years;Aruba, Curaçao, St Maarten;Saba;2017;2;0;2
4934;Total male and female;5 to 9 years;Aruba, Curaçao, St Maarten;Saba;2018;4;6;-2
4935;Total male and female;5 to 9 years;Aruba, Curaçao, St Maarten;Saba;2019;3;1;2
4936;Total male and female;5 to 9 years;Aruba, Curaçao, St Maarten;Saba;2020;0;1;-1
4937;Total male and female;5 to 9 years;Aruba, Curaçao, St Maarten;Saba;2021;0;4;-4
4938;Total male and female;5 to 9 years;Aruba, Curaçao, St Maarten;Saba;2022;3;1;2
4939;Total male and female;5 to 9 years;Aruba, Curaçao, St Maarten;Saba;2023;1;0;1
4940;Total male and female;5 to 9 years;Caribbean Netherlands;Caribbean Netherlands;2011;11;5;6
4941;Total male and female;5 to 9 years;Caribbean Netherlands;Caribbean Netherlands;2012;7;14;-7
4942;Total male and female;5 to 9 years;Caribbean Netherlands;Caribbean Netherlands;2013;8;16;-8
4943;Total male and female;5 to 9 years;Caribbean Netherlands;Caribbean Netherlands;2014;19;15;4
4944;Total male and female;5 to 9 years;Caribbean Netherlands;Caribbean Netherlands;2015;5;17;-12
4945;Total male and female;5 to 9 years;Caribbean Netherlands;Caribbean Netherlands;2016;5;21;-16
4946;Total male and female;5 to 9 years;Caribbean Netherlands;Caribbean Netherlands;2017;8;23;-15
4947;Total male and female;5 to 9 years;Caribbean Netherlands;Caribbean Netherlands;2018;9;21;-12
4948;Total male and female;5 to 9 years;Caribbean Netherlands;Caribbean Netherlands;2019;6;13;-7
4949;Total male and female;5 to 9 years;Caribbean Netherlands;Caribbean Netherlands;2020;12;12;0
4950;Total male and female;5 to 9 years;Caribbean Netherlands;Caribbean Netherlands;2021;7;17;-10
4951;Total male and female;5 to 9 years;Caribbean Netherlands;Caribbean Netherlands;2022;9;21;-12
4952;Total male and female;5 to 9 years;Caribbean Netherlands;Caribbean Netherlands;2023;9;25;-16
4953;Total male and female;5 to 9 years;Caribbean Netherlands;Bonaire;2011;8;4;4
4954;Total male and female;5 to 9 years;Caribbean Netherlands;Bonaire;2012;6;9;-3
4955;Total male and female;5 to 9 years;Caribbean Netherlands;Bonaire;2013;5;13;-8
4956;Total male and female;5 to 9 years;Caribbean Netherlands;Bonaire;2014;18;14;4
4957;Total male and female;5 to 9 years;Caribbean Netherlands;Bonaire;2015;4;14;-10
4958;Total male and female;5 to 9 years;Caribbean Netherlands;Bonaire;2016;5;17;-12
4959;Total male and female;5 to 9 years;Caribbean Netherlands;Bonaire;2017;8;22;-14
4960;Total male and female;5 to 9 years;Caribbean Netherlands;Bonaire;2018;8;18;-10
4961;Total male and female;5 to 9 years;Caribbean Netherlands;Bonaire;2019;6;13;-7
4962;Total male and female;5 to 9 years;Caribbean Netherlands;Bonaire;2020;12;11;1
4963;Total male and female;5 to 9 years;Caribbean Netherlands;Bonaire;2021;6;14;-8
4964;Total male and female;5 to 9 years;Caribbean Netherlands;Bonaire;2022;9;18;-9
4965;Total male and female;5 to 9 years;Caribbean Netherlands;Bonaire;2023;8;24;-16
4966;Total male and female;5 to 9 years;Caribbean Netherlands;St Eustatius;2011;3;1;2
4967;Total male and female;5 to 9 years;Caribbean Netherlands;St Eustatius;2012;0;4;-4
4968;Total male and female;5 to 9 years;Caribbean Netherlands;St Eustatius;2013;2;3;-1
4969;Total male and female;5 to 9 years;Caribbean Netherlands;St Eustatius;2014;1;1;0
4970;Total male and female;5 to 9 years;Caribbean Netherlands;St Eustatius;2015;1;3;-2
4971;Total male and female;5 to 9 years;Caribbean Netherlands;St Eustatius;2016;0;3;-3
4972;Total male and female;5 to 9 years;Caribbean Netherlands;St Eustatius;2017;0;1;-1
4973;Total male and female;5 to 9 years;Caribbean Netherlands;St Eustatius;2018;1;3;-2
4974;Total male and female;5 to 9 years;Caribbean Netherlands;St Eustatius;2019;0;0;0
4975;Total male and female;5 to 9 years;Caribbean Netherlands;St Eustatius;2020;0;1;-1
4976;Total male and female;5 to 9 years;Caribbean Netherlands;St Eustatius;2021;1;3;-2
4977;Total male and female;5 to 9 years;Caribbean Netherlands;St Eustatius;2022;0;3;-3
4978;Total male and female;5 to 9 years;Caribbean Netherlands;St Eustatius;2023;1;1;0
4979;Total male and female;5 to 9 years;Caribbean Netherlands;Saba;2011;0;0;0
4980;Total male and female;5 to 9 years;Caribbean Netherlands;Saba;2012;1;1;0
4981;Total male and female;5 to 9 years;Caribbean Netherlands;Saba;2013;1;0;1
4982;Total male and female;5 to 9 years;Caribbean Netherlands;Saba;2014;0;0;0
4983;Total male and female;5 to 9 years;Caribbean Netherlands;Saba;2015;0;0;0
4984;Total male and female;5 to 9 years;Caribbean Netherlands;Saba;2016;0;1;-1
4985;Total male and female;5 to 9 years;Caribbean Netherlands;Saba;2017;0;0;0
4986;Total male and female;5 to 9 years;Caribbean Netherlands;Saba;2018;0;0;0
4987;Total male and female;5 to 9 years;Caribbean Netherlands;Saba;2019;0;0;0
4988;Total male and female;5 to 9 years;Caribbean Netherlands;Saba;2020;0;0;0
4989;Total male and female;5 to 9 years;Caribbean Netherlands;Saba;2021;0;0;0
4990;Total male and female;5 to 9 years;Caribbean Netherlands;Saba;2022;0;0;0
4991;Total male and female;5 to 9 years;Caribbean Netherlands;Saba;2023;0;0;0
4992;Total male and female;5 to 9 years;European Union (including Netherlands);Caribbean Netherlands;2011;60;15;45
4993;Total male and female;5 to 9 years;European Union (including Netherlands);Caribbean Netherlands;2012;41;22;19
4994;Total male and female;5 to 9 years;European Union (including Netherlands);Caribbean Netherlands;2013;58;26;32
4995;Total male and female;5 to 9 years;European Union (including Netherlands);Caribbean Netherlands;2014;42;24;18
4996;Total male and female;5 to 9 years;European Union (including Netherlands);Caribbean Netherlands;2015;44;37;7
4997;Total male and female;5 to 9 years;European Union (including Netherlands);Caribbean Netherlands;2016;44;35;9
4998;Total male and female;5 to 9 years;European Union (including Netherlands);Caribbean Netherlands;2017;44;43;1
4999;Total male and female;5 to 9 years;European Union (including Netherlands);Caribbean Netherlands;2018;40;37;3
5000;Total male and female;5 to 9 years;European Union (including Netherlands);Caribbean Netherlands;2019;41;20;21
5001;Total male and female;5 to 9 years;European Union (including Netherlands);Caribbean Netherlands;2020;59;32;27
5002;Total male and female;5 to 9 years;European Union (including Netherlands);Caribbean Netherlands;2021;46;29;17
5003;Total male and female;5 to 9 years;European Union (including Netherlands);Caribbean Netherlands;2022;67;47;20
5004;Total male and female;5 to 9 years;European Union (including Netherlands);Caribbean Netherlands;2023;47;39;8
5005;Total male and female;5 to 9 years;European Union (including Netherlands);Bonaire;2011;54;12;42
5006;Total male and female;5 to 9 years;European Union (including Netherlands);Bonaire;2012;36;19;17
5007;Total male and female;5 to 9 years;European Union (including Netherlands);Bonaire;2013;49;24;25
5008;Total male and female;5 to 9 years;European Union (including Netherlands);Bonaire;2014;34;24;10
5009;Total male and female;5 to 9 years;European Union (including Netherlands);Bonaire;2015;36;29;7
5010;Total male and female;5 to 9 years;European Union (including Netherlands);Bonaire;2016;41;28;13
5011;Total male and female;5 to 9 years;European Union (including Netherlands);Bonaire;2017;40;39;1
5012;Total male and female;5 to 9 years;European Union (including Netherlands);Bonaire;2018;32;33;-1
5013;Total male and female;5 to 9 years;European Union (including Netherlands);Bonaire;2019;41;15;26
5014;Total male and female;5 to 9 years;European Union (including Netherlands);Bonaire;2020;54;31;23
5015;Total male and female;5 to 9 years;European Union (including Netherlands);Bonaire;2021;43;26;17
5016;Total male and female;5 to 9 years;European Union (including Netherlands);Bonaire;2022;62;38;24
5017;Total male and female;5 to 9 years;European Union (including Netherlands);Bonaire;2023;44;35;9
5018;Total male and female;5 to 9 years;European Union (including Netherlands);St Eustatius;2011;6;3;3
5019;Total male and female;5 to 9 years;European Union (including Netherlands);St Eustatius;2012;4;2;2
5020;Total male and female;5 to 9 years;European Union (including Netherlands);St Eustatius;2013;9;1;8
5021;Total male and female;5 to 9 years;European Union (including Netherlands);St Eustatius;2014;4;0;4
5022;Total male and female;5 to 9 years;European Union (including Netherlands);St Eustatius;2015;3;6;-3
5023;Total male and female;5 to 9 years;European Union (including Netherlands);St Eustatius;2016;2;5;-3
5024;Total male and female;5 to 9 years;European Union (including Netherlands);St Eustatius;2017;4;3;1
5025;Total male and female;5 to 9 years;European Union (including Netherlands);St Eustatius;2018;6;4;2
5026;Total male and female;5 to 9 years;European Union (including Netherlands);St Eustatius;2019;0;1;-1
5027;Total male and female;5 to 9 years;European Union (including Netherlands);St Eustatius;2020;3;1;2
5028;Total male and female;5 to 9 years;European Union (including Netherlands);St Eustatius;2021;1;3;-2
5029;Total male and female;5 to 9 years;European Union (including Netherlands);St Eustatius;2022;3;0;3
5030;Total male and female;5 to 9 years;European Union (including Netherlands);St Eustatius;2023;3;4;-1
5031;Total male and female;5 to 9 years;European Union (including Netherlands);Saba;2011;0;0;0
5032;Total male and female;5 to 9 years;European Union (including Netherlands);Saba;2012;1;1;0
5033;Total male and female;5 to 9 years;European Union (including Netherlands);Saba;2013;0;1;-1
5034;Total male and female;5 to 9 years;European Union (including Netherlands);Saba;2014;4;0;4
5035;Total male and female;5 to 9 years;European Union (including Netherlands);Saba;2015;5;2;3
5036;Total male and female;5 to 9 years;European Union (including Netherlands);Saba;2016;1;2;-1
5037;Total male and female;5 to 9 years;European Union (including Netherlands);Saba;2017;0;1;-1
5038;Total male and female;5 to 9 years;European Union (including Netherlands);Saba;2018;2;0;2
5039;Total male and female;5 to 9 years;European Union (including Netherlands);Saba;2019;0;4;-4
5040;Total male and female;5 to 9 years;European Union (including Netherlands);Saba;2020;2;0;2
5041;Total male and female;5 to 9 years;European Union (including Netherlands);Saba;2021;2;0;2
5042;Total male and female;5 to 9 years;European Union (including Netherlands);Saba;2022;2;9;-7
5043;Total male and female;5 to 9 years;European Union (including Netherlands);Saba;2023;0;0;0
5044;Total male and female;5 to 9 years;European Union (excluding Netherlands);Caribbean Netherlands;2011;2;0;2
5045;Total male and female;5 to 9 years;European Union (excluding Netherlands);Caribbean Netherlands;2012;2;1;1
5046;Total male and female;5 to 9 years;European Union (excluding Netherlands);Caribbean Netherlands;2013;2;1;1
5047;Total male and female;5 to 9 years;European Union (excluding Netherlands);Caribbean Netherlands;2014;2;1;1
5048;Total male and female;5 to 9 years;European Union (excluding Netherlands);Caribbean Netherlands;2015;1;2;-1
5049;Total male and female;5 to 9 years;European Union (excluding Netherlands);Caribbean Netherlands;2016;2;5;-3
5050;Total male and female;5 to 9 years;European Union (excluding Netherlands);Caribbean Netherlands;2017;2;1;1
5051;Total male and female;5 to 9 years;European Union (excluding Netherlands);Caribbean Netherlands;2018;4;0;4
5052;Total male and female;5 to 9 years;European Union (excluding Netherlands);Caribbean Netherlands;2019;1;1;0
5053;Total male and female;5 to 9 years;European Union (excluding Netherlands);Caribbean Netherlands;2020;2;0;2
5054;Total male and female;5 to 9 years;European Union (excluding Netherlands);Caribbean Netherlands;2021;2;2;0
5055;Total male and female;5 to 9 years;European Union (excluding Netherlands);Caribbean Netherlands;2022;4;4;0
5056;Total male and female;5 to 9 years;European Union (excluding Netherlands);Caribbean Netherlands;2023;2;2;0
5057;Total male and female;5 to 9 years;European Union (excluding Netherlands);Bonaire;2011;2;0;2
5058;Total male and female;5 to 9 years;European Union (excluding Netherlands);Bonaire;2012;2;1;1
5059;Total male and female;5 to 9 years;European Union (excluding Netherlands);Bonaire;2013;2;1;1
5060;Total male and female;5 to 9 years;European Union (excluding Netherlands);Bonaire;2014;2;1;1
5061;Total male and female;5 to 9 years;European Union (excluding Netherlands);Bonaire;2015;0;2;-2
5062;Total male and female;5 to 9 years;European Union (excluding Netherlands);Bonaire;2016;1;5;-4
5063;Total male and female;5 to 9 years;European Union (excluding Netherlands);Bonaire;2017;2;1;1
5064;Total male and female;5 to 9 years;European Union (excluding Netherlands);Bonaire;2018;2;0;2
5065;Total male and female;5 to 9 years;European Union (excluding Netherlands);Bonaire;2019;1;1;0
5066;Total male and female;5 to 9 years;European Union (excluding Netherlands);Bonaire;2020;0;0;0
5067;Total male and female;5 to 9 years;European Union (excluding Netherlands);Bonaire;2021;1;0;1
5068;Total male and female;5 to 9 years;European Union (excluding Netherlands);Bonaire;2022;4;3;1
5069;Total male and female;5 to 9 years;European Union (excluding Netherlands);Bonaire;2023;2;2;0
5070;Total male and female;5 to 9 years;European Union (excluding Netherlands);St Eustatius;2011;0;0;0
5071;Total male and female;5 to 9 years;European Union (excluding Netherlands);St Eustatius;2012;0;0;0
5072;Total male and female;5 to 9 years;European Union (excluding Netherlands);St Eustatius;2013;0;0;0
5073;Total male and female;5 to 9 years;European Union (excluding Netherlands);St Eustatius;2014;0;0;0
5074;Total male and female;5 to 9 years;European Union (excluding Netherlands);St Eustatius;2015;0;0;0
5075;Total male and female;5 to 9 years;European Union (excluding Netherlands);St Eustatius;2016;1;0;1
5076;Total male and female;5 to 9 years;European Union (excluding Netherlands);St Eustatius;2017;0;0;0
5077;Total male and female;5 to 9 years;European Union (excluding Netherlands);St Eustatius;2018;2;0;2
5078;Total male and female;5 to 9 years;European Union (excluding Netherlands);St Eustatius;2019;0;0;0
5079;Total male and female;5 to 9 years;European Union (excluding Netherlands);St Eustatius;2020;2;0;2
5080;Total male and female;5 to 9 years;European Union (excluding Netherlands);St Eustatius;2021;0;2;-2
5081;Total male and female;5 to 9 years;European Union (excluding Netherlands);St Eustatius;2022;0;0;0
5082;Total male and female;5 to 9 years;European Union (excluding Netherlands);St Eustatius;2023;0;0;0
5083;Total male and female;5 to 9 years;European Union (excluding Netherlands);Saba;2011;0;0;0
5084;Total male and female;5 to 9 years;European Union (excluding Netherlands);Saba;2012;0;0;0
5085;Total male and female;5 to 9 years;European Union (excluding Netherlands);Saba;2013;0;0;0
5086;Total male and female;5 to 9 years;European Union (excluding Netherlands);Saba;2014;0;0;0
5087;Total male and female;5 to 9 years;European Union (excluding Netherlands);Saba;2015;1;0;1
5088;Total male and female;5 to 9 years;European Union (excluding Netherlands);Saba;2016;0;0;0
5089;Total male and female;5 to 9 years;European Union (excluding Netherlands);Saba;2017;0;0;0
5090;Total male and female;5 to 9 years;European Union (excluding Netherlands);Saba;2018;0;0;0
5091;Total male and female;5 to 9 years;European Union (excluding Netherlands);Saba;2019;0;0;0
5092;Total male and female;5 to 9 years;European Union (excluding Netherlands);Saba;2020;0;0;0
5093;Total male and female;5 to 9 years;European Union (excluding Netherlands);Saba;2021;1;0;1
5094;Total male and female;5 to 9 years;European Union (excluding Netherlands);Saba;2022;0;1;-1
5095;Total male and female;5 to 9 years;European Union (excluding Netherlands);Saba;2023;0;0;0
5096;Total male and female;5 to 9 years;Central and South America (excl Dutch..);Caribbean Netherlands;2011;5;3;2
5097;Total male and female;5 to 9 years;Central and South America (excl Dutch..);Caribbean Netherlands;2012;17;2;15
5098;Total male and female;5 to 9 years;Central and South America (excl Dutch..);Caribbean Netherlands;2013;19;1;18
5099;Total male and female;5 to 9 years;Central and South America (excl Dutch..);Caribbean Netherlands;2014;13;6;7
5100;Total male and female;5 to 9 years;Central and South America (excl Dutch..);Caribbean Netherlands;2015;27;3;24
5101;Total male and female;5 to 9 years;Central and South America (excl Dutch..);Caribbean Netherlands;2016;23;0;23
5102;Total male and female;5 to 9 years;Central and South America (excl Dutch..);Caribbean Netherlands;2017;36;9;27
5103;Total male and female;5 to 9 years;Central and South America (excl Dutch..);Caribbean Netherlands;2018;20;7;13
5104;Total male and female;5 to 9 years;Central and South America (excl Dutch..);Caribbean Netherlands;2019;27;6;21
5105;Total male and female;5 to 9 years;Central and South America (excl Dutch..);Caribbean Netherlands;2020;16;1;15
5106;Total male and female;5 to 9 years;Central and South America (excl Dutch..);Caribbean Netherlands;2021;28;3;25
5107;Total male and female;5 to 9 years;Central and South America (excl Dutch..);Caribbean Netherlands;2022;36;5;31
5108;Total male and female;5 to 9 years;Central and South America (excl Dutch..);Caribbean Netherlands;2023;58;5;53
5109;Total male and female;5 to 9 years;Central and South America (excl Dutch..);Bonaire;2011;4;0;4
5110;Total male and female;5 to 9 years;Central and South America (excl Dutch..);Bonaire;2012;13;0;13
5111;Total male and female;5 to 9 years;Central and South America (excl Dutch..);Bonaire;2013;13;0;13
5112;Total male and female;5 to 9 years;Central and South America (excl Dutch..);Bonaire;2014;9;4;5
5113;Total male and female;5 to 9 years;Central and South America (excl Dutch..);Bonaire;2015;18;2;16
5114;Total male and female;5 to 9 years;Central and South America (excl Dutch..);Bonaire;2016;17;0;17
5115;Total male and female;5 to 9 years;Central and South America (excl Dutch..);Bonaire;2017;30;5;25
5116;Total male and female;5 to 9 years;Central and South America (excl Dutch..);Bonaire;2018;18;4;14
5117;Total male and female;5 to 9 years;Central and South America (excl Dutch..);Bonaire;2019;21;3;18
5118;Total male and female;5 to 9 years;Central and South America (excl Dutch..);Bonaire;2020;13;0;13
5119;Total male and female;5 to 9 years;Central and South America (excl Dutch..);Bonaire;2021;23;2;21
5120;Total male and female;5 to 9 years;Central and South America (excl Dutch..);Bonaire;2022;29;4;25
5121;Total male and female;5 to 9 years;Central and South America (excl Dutch..);Bonaire;2023;51;2;49
5122;Total male and female;5 to 9 years;Central and South America (excl Dutch..);St Eustatius;2011;1;1;0
5123;Total male and female;5 to 9 years;Central and South America (excl Dutch..);St Eustatius;2012;4;1;3
5124;Total male and female;5 to 9 years;Central and South America (excl Dutch..);St Eustatius;2013;4;0;4
5125;Total male and female;5 to 9 years;Central and South America (excl Dutch..);St Eustatius;2014;2;2;0
5126;Total male and female;5 to 9 years;Central and South America (excl Dutch..);St Eustatius;2015;7;1;6
5127;Total male and female;5 to 9 years;Central and South America (excl Dutch..);St Eustatius;2016;2;0;2
5128;Total male and female;5 to 9 years;Central and South America (excl Dutch..);St Eustatius;2017;5;3;2
5129;Total male and female;5 to 9 years;Central and South America (excl Dutch..);St Eustatius;2018;0;2;-2
5130;Total male and female;5 to 9 years;Central and South America (excl Dutch..);St Eustatius;2019;5;0;5
5131;Total male and female;5 to 9 years;Central and South America (excl Dutch..);St Eustatius;2020;1;1;0
5132;Total male and female;5 to 9 years;Central and South America (excl Dutch..);St Eustatius;2021;3;0;3
5133;Total male and female;5 to 9 years;Central and South America (excl Dutch..);St Eustatius;2022;4;1;3
5134;Total male and female;5 to 9 years;Central and South America (excl Dutch..);St Eustatius;2023;3;1;2
5135;Total male and female;5 to 9 years;Central and South America (excl Dutch..);Saba;2011;0;2;-2
5136;Total male and female;5 to 9 years;Central and South America (excl Dutch..);Saba;2012;0;1;-1
5137;Total male and female;5 to 9 years;Central and South America (excl Dutch..);Saba;2013;2;1;1
5138;Total male and female;5 to 9 years;Central and South America (excl Dutch..);Saba;2014;2;0;2
5139;Total male and female;5 to 9 years;Central and South America (excl Dutch..);Saba;2015;2;0;2
5140;Total male and female;5 to 9 years;Central and South America (excl Dutch..);Saba;2016;4;0;4
5141;Total male and female;5 to 9 years;Central and South America (excl Dutch..);Saba;2017;1;1;0
5142;Total male and female;5 to 9 years;Central and South America (excl Dutch..);Saba;2018;2;1;1
5143;Total male and female;5 to 9 years;Central and South America (excl Dutch..);Saba;2019;1;3;-2
5144;Total male and female;5 to 9 years;Central and South America (excl Dutch..);Saba;2020;2;0;2
5145;Total male and female;5 to 9 years;Central and South America (excl Dutch..);Saba;2021;2;1;1
5146;Total male and female;5 to 9 years;Central and South America (excl Dutch..);Saba;2022;3;0;3
5147;Total male and female;5 to 9 years;Central and South America (excl Dutch..);Saba;2023;4;2;2
5148;Total male and female;5 to 9 years;Aruba;Caribbean Netherlands;2011;5;2;3
5149;Total male and female;5 to 9 years;Aruba;Caribbean Netherlands;2012;5;5;0
5150;Total male and female;5 to 9 years;Aruba;Caribbean Netherlands;2013;8;2;6
5151;Total male and female;5 to 9 years;Aruba;Caribbean Netherlands;2014;8;7;1
5152;Total male and female;5 to 9 years;Aruba;Caribbean Netherlands;2015;5;2;3
5153;Total male and female;5 to 9 years;Aruba;Caribbean Netherlands;2016;4;1;3
5154;Total male and female;5 to 9 years;Aruba;Caribbean Netherlands;2017;5;1;4
5155;Total male and female;5 to 9 years;Aruba;Caribbean Netherlands;2018;2;2;0
5156;Total male and female;5 to 9 years;Aruba;Caribbean Netherlands;2019;3;1;2
5157;Total male and female;5 to 9 years;Aruba;Caribbean Netherlands;2020;3;1;2
5158;Total male and female;5 to 9 years;Aruba;Caribbean Netherlands;2021;1;2;-1
5159;Total male and female;5 to 9 years;Aruba;Caribbean Netherlands;2022;2;1;1
5160;Total male and female;5 to 9 years;Aruba;Caribbean Netherlands;2023;3;3;0
5161;Total male and female;5 to 9 years;Aruba;Bonaire;2011;5;2;3
5162;Total male and female;5 to 9 years;Aruba;Bonaire;2012;5;5;0
5163;Total male and female;5 to 9 years;Aruba;Bonaire;2013;8;2;6
5164;Total male and female;5 to 9 years;Aruba;Bonaire;2014;8;7;1
5165;Total male and female;5 to 9 years;Aruba;Bonaire;2015;3;2;1
5166;Total male and female;5 to 9 years;Aruba;Bonaire;2016;4;1;3
5167;Total male and female;5 to 9 years;Aruba;Bonaire;2017;5;1;4
5168;Total male and female;5 to 9 years;Aruba;Bonaire;2018;2;1;1
5169;Total male and female;5 to 9 years;Aruba;Bonaire;2019;2;1;1
5170;Total male and female;5 to 9 years;Aruba;Bonaire;2020;3;1;2
5171;Total male and female;5 to 9 years;Aruba;Bonaire;2021;1;2;-1
5172;Total male and female;5 to 9 years;Aruba;Bonaire;2022;2;1;1
5173;Total male and female;5 to 9 years;Aruba;Bonaire;2023;2;3;-1
5174;Total male and female;5 to 9 years;Aruba;St Eustatius;2011;0;0;0
5175;Total male and female;5 to 9 years;Aruba;St Eustatius;2012;0;0;0
5176;Total male and female;5 to 9 years;Aruba;St Eustatius;2013;0;0;0
5177;Total male and female;5 to 9 years;Aruba;St Eustatius;2014;0;0;0
5178;Total male and female;5 to 9 years;Aruba;St Eustatius;2015;2;0;2
5179;Total male and female;5 to 9 years;Aruba;St Eustatius;2016;0;0;0
5180;Total male and female;5 to 9 years;Aruba;St Eustatius;2017;0;0;0
5181;Total male and female;5 to 9 years;Aruba;St Eustatius;2018;0;1;-1
5182;Total male and female;5 to 9 years;Aruba;St Eustatius;2019;1;0;1
5183;Total male and female;5 to 9 years;Aruba;St Eustatius;2020;0;0;0
5184;Total male and female;5 to 9 years;Aruba;St Eustatius;2021;0;0;0
5185;Total male and female;5 to 9 years;Aruba;St Eustatius;2022;0;0;0
5186;Total male and female;5 to 9 years;Aruba;St Eustatius;2023;0;0;0
5187;Total male and female;5 to 9 years;Aruba;Saba;2011;0;0;0
5188;Total male and female;5 to 9 years;Aruba;Saba;2012;0;0;0
5189;Total male and female;5 to 9 years;Aruba;Saba;2013;0;0;0
5190;Total male and female;5 to 9 years;Aruba;Saba;2014;0;0;0
5191;Total male and female;5 to 9 years;Aruba;Saba;2015;0;0;0
5192;Total male and female;5 to 9 years;Aruba;Saba;2016;0;0;0
5193;Total male and female;5 to 9 years;Aruba;Saba;2017;0;0;0
5194;Total male and female;5 to 9 years;Aruba;Saba;2018;0;0;0
5195;Total male and female;5 to 9 years;Aruba;Saba;2019;0;0;0
5196;Total male and female;5 to 9 years;Aruba;Saba;2020;0;0;0
5197;Total male and female;5 to 9 years;Aruba;Saba;2021;0;0;0
5198;Total male and female;5 to 9 years;Aruba;Saba;2022;0;0;0
5199;Total male and female;5 to 9 years;Aruba;Saba;2023;1;0;1
5200;Total male and female;5 to 9 years;Bonaire;Caribbean Netherlands;2011;8;4;4
5201;Total male and female;5 to 9 years;Bonaire;Caribbean Netherlands;2012;6;9;-3
5202;Total male and female;5 to 9 years;Bonaire;Caribbean Netherlands;2013;5;13;-8
5203;Total male and female;5 to 9 years;Bonaire;Caribbean Netherlands;2014;18;14;4
5204;Total male and female;5 to 9 years;Bonaire;Caribbean Netherlands;2015;4;14;-10
5205;Total male and female;5 to 9 years;Bonaire;Caribbean Netherlands;2016;5;17;-12
5206;Total male and female;5 to 9 years;Bonaire;Caribbean Netherlands;2017;8;22;-14
5207;Total male and female;5 to 9 years;Bonaire;Caribbean Netherlands;2018;8;18;-10
5208;Total male and female;5 to 9 years;Bonaire;Caribbean Netherlands;2019;6;13;-7
5209;Total male and female;5 to 9 years;Bonaire;Caribbean Netherlands;2020;12;11;1
5210;Total male and female;5 to 9 years;Bonaire;Caribbean Netherlands;2021;6;14;-8
5211;Total male and female;5 to 9 years;Bonaire;Caribbean Netherlands;2022;9;18;-9
5212;Total male and female;5 to 9 years;Bonaire;Caribbean Netherlands;2023;8;24;-16
5213;Total male and female;5 to 9 years;Bonaire;Bonaire;2011;8;4;4
5214;Total male and female;5 to 9 years;Bonaire;Bonaire;2012;6;9;-3
5215;Total male and female;5 to 9 years;Bonaire;Bonaire;2013;5;13;-8
5216;Total male and female;5 to 9 years;Bonaire;Bonaire;2014;18;14;4
5217;Total male and female;5 to 9 years;Bonaire;Bonaire;2015;4;14;-10
5218;Total male and female;5 to 9 years;Bonaire;Bonaire;2016;5;17;-12
5219;Total male and female;5 to 9 years;Bonaire;Bonaire;2017;8;22;-14
5220;Total male and female;5 to 9 years;Bonaire;Bonaire;2018;8;18;-10
5221;Total male and female;5 to 9 years;Bonaire;Bonaire;2019;6;13;-7
5222;Total male and female;5 to 9 years;Bonaire;Bonaire;2020;12;11;1
5223;Total male and female;5 to 9 years;Bonaire;Bonaire;2021;6;14;-8
5224;Total male and female;5 to 9 years;Bonaire;Bonaire;2022;9;18;-9
5225;Total male and female;5 to 9 years;Bonaire;Bonaire;2023;8;24;-16
5226;Total male and female;5 to 9 years;Bonaire;St Eustatius;2011;0;0;0
5227;Total male and female;5 to 9 years;Bonaire;St Eustatius;2012;0;0;0
5228;Total male and female;5 to 9 years;Bonaire;St Eustatius;2013;0;0;0
5229;Total male and female;5 to 9 years;Bonaire;St Eustatius;2014;0;0;0
5230;Total male and female;5 to 9 years;Bonaire;St Eustatius;2015;0;0;0
5231;Total male and female;5 to 9 years;Bonaire;St Eustatius;2016;0;0;0
5232;Total male and female;5 to 9 years;Bonaire;St Eustatius;2017;0;0;0
5233;Total male and female;5 to 9 years;Bonaire;St Eustatius;2018;0;0;0
5234;Total male and female;5 to 9 years;Bonaire;St Eustatius;2019;0;0;0
5235;Total male and female;5 to 9 years;Bonaire;St Eustatius;2020;0;0;0
5236;Total male and female;5 to 9 years;Bonaire;St Eustatius;2021;0;0;0
5237;Total male and female;5 to 9 years;Bonaire;St Eustatius;2022;0;0;0
5238;Total male and female;5 to 9 years;Bonaire;St Eustatius;2023;0;0;0
5239;Total male and female;5 to 9 years;Bonaire;Saba;2011;0;0;0
5240;Total male and female;5 to 9 years;Bonaire;Saba;2012;0;0;0
5241;Total male and female;5 to 9 years;Bonaire;Saba;2013;0;0;0
5242;Total male and female;5 to 9 years;Bonaire;Saba;2014;0;0;0
5243;Total male and female;5 to 9 years;Bonaire;Saba;2015;0;0;0
5244;Total male and female;5 to 9 years;Bonaire;Saba;2016;0;0;0
5245;Total male and female;5 to 9 years;Bonaire;Saba;2017;0;0;0
5246;Total male and female;5 to 9 years;Bonaire;Saba;2018;0;0;0
5247;Total male and female;5 to 9 years;Bonaire;Saba;2019;0;0;0
5248;Total male and female;5 to 9 years;Bonaire;Saba;2020;0;0;0
5249;Total male and female;5 to 9 years;Bonaire;Saba;2021;0;0;0
5250;Total male and female;5 to 9 years;Bonaire;Saba;2022;0;0;0
5251;Total male and female;5 to 9 years;Bonaire;Saba;2023;0;0;0
5252;Total male and female;5 to 9 years;Canada;Caribbean Netherlands;2011;3;1;2
5253;Total male and female;5 to 9 years;Canada;Caribbean Netherlands;2012;2;0;2
5254;Total male and female;5 to 9 years;Canada;Caribbean Netherlands;2013;3;5;-2
5255;Total male and female;5 to 9 years;Canada;Caribbean Netherlands;2014;1;0;1
5256;Total male and female;5 to 9 years;Canada;Caribbean Netherlands;2015;0;1;-1
5257;Total male and female;5 to 9 years;Canada;Caribbean Netherlands;2016;1;0;1
5258;Total male and female;5 to 9 years;Canada;Caribbean Netherlands;2017;0;0;0
5259;Total male and female;5 to 9 years;Canada;Caribbean Netherlands;2018;0;3;-3
5260;Total male and female;5 to 9 years;Canada;Caribbean Netherlands;2019;3;0;3
5261;Total male and female;5 to 9 years;Canada;Caribbean Netherlands;2020;0;0;0
5262;Total male and female;5 to 9 years;Canada;Caribbean Netherlands;2021;0;4;-4
5263;Total male and female;5 to 9 years;Canada;Caribbean Netherlands;2022;0;0;0
5264;Total male and female;5 to 9 years;Canada;Caribbean Netherlands;2023;0;1;-1
5265;Total male and female;5 to 9 years;Canada;Bonaire;2011;0;0;0
5266;Total male and female;5 to 9 years;Canada;Bonaire;2012;0;0;0
5267;Total male and female;5 to 9 years;Canada;Bonaire;2013;0;0;0
5268;Total male and female;5 to 9 years;Canada;Bonaire;2014;0;0;0
5269;Total male and female;5 to 9 years;Canada;Bonaire;2015;0;0;0
5270;Total male and female;5 to 9 years;Canada;Bonaire;2016;0;0;0
5271;Total male and female;5 to 9 years;Canada;Bonaire;2017;0;0;0
5272;Total male and female;5 to 9 years;Canada;Bonaire;2018;0;0;0
5273;Total male and female;5 to 9 years;Canada;Bonaire;2019;0;0;0
5274;Total male and female;5 to 9 years;Canada;Bonaire;2020;0;0;0
5275;Total male and female;5 to 9 years;Canada;Bonaire;2021;0;0;0
5276;Total male and female;5 to 9 years;Canada;Bonaire;2022;0;0;0
5277;Total male and female;5 to 9 years;Canada;Bonaire;2023;0;0;0
5278;Total male and female;5 to 9 years;Canada;St Eustatius;2011;3;1;2
5279;Total male and female;5 to 9 years;Canada;St Eustatius;2012;1;0;1
5280;Total male and female;5 to 9 years;Canada;St Eustatius;2013;3;5;-2
5281;Total male and female;5 to 9 years;Canada;St Eustatius;2014;0;0;0
5282;Total male and female;5 to 9 years;Canada;St Eustatius;2015;0;1;-1
5283;Total male and female;5 to 9 years;Canada;St Eustatius;2016;0;0;0
5284;Total male and female;5 to 9 years;Canada;St Eustatius;2017;0;0;0
5285;Total male and female;5 to 9 years;Canada;St Eustatius;2018;0;0;0
5286;Total male and female;5 to 9 years;Canada;St Eustatius;2019;0;0;0
5287;Total male and female;5 to 9 years;Canada;St Eustatius;2020;0;0;0
5288;Total male and female;5 to 9 years;Canada;St Eustatius;2021;0;0;0
5289;Total male and female;5 to 9 years;Canada;St Eustatius;2022;0;0;0
5290;Total male and female;5 to 9 years;Canada;St Eustatius;2023;0;0;0
5291;Total male and female;5 to 9 years;Canada;Saba;2011;0;0;0
5292;Total male and female;5 to 9 years;Canada;Saba;2012;1;0;1
5293;Total male and female;5 to 9 years;Canada;Saba;2013;0;0;0
5294;Total male and female;5 to 9 years;Canada;Saba;2014;1;0;1
5295;Total male and female;5 to 9 years;Canada;Saba;2015;0;0;0
5296;Total male and female;5 to 9 years;Canada;Saba;2016;1;0;1
5297;Total male and female;5 to 9 years;Canada;Saba;2017;0;0;0
5298;Total male and female;5 to 9 years;Canada;Saba;2018;0;3;-3
5299;Total male and female;5 to 9 years;Canada;Saba;2019;3;0;3
5300;Total male and female;5 to 9 years;Canada;Saba;2020;0;0;0
5301;Total male and female;5 to 9 years;Canada;Saba;2021;0;4;-4
5302;Total male and female;5 to 9 years;Canada;Saba;2022;0;0;0
5303;Total male and female;5 to 9 years;Canada;Saba;2023;0;1;-1
5304;Total male and female;5 to 9 years;China;Caribbean Netherlands;2011;1;0;1
5305;Total male and female;5 to 9 years;China;Caribbean Netherlands;2012;1;0;1
5306;Total male and female;5 to 9 years;China;Caribbean Netherlands;2013;1;0;1
5307;Total male and female;5 to 9 years;China;Caribbean Netherlands;2014;0;0;0
5308;Total male and female;5 to 9 years;China;Caribbean Netherlands;2015;0;0;0
5309;Total male and female;5 to 9 years;China;Caribbean Netherlands;2016;0;0;0
5310;Total male and female;5 to 9 years;China;Caribbean Netherlands;2017;1;0;1
5311;Total male and female;5 to 9 years;China;Caribbean Netherlands;2018;0;0;0
5312;Total male and female;5 to 9 years;China;Caribbean Netherlands;2019;0;0;0
5313;Total male and female;5 to 9 years;China;Caribbean Netherlands;2020;0;0;0
5314;Total male and female;5 to 9 years;China;Caribbean Netherlands;2021;0;0;0
5315;Total male and female;5 to 9 years;China;Caribbean Netherlands;2022;0;0;0
5316;Total male and female;5 to 9 years;China;Caribbean Netherlands;2023;0;1;-1
5317;Total male and female;5 to 9 years;China;Bonaire;2011;1;0;1
5318;Total male and female;5 to 9 years;China;Bonaire;2012;1;0;1
5319;Total male and female;5 to 9 years;China;Bonaire;2013;1;0;1
5320;Total male and female;5 to 9 years;China;Bonaire;2014;0;0;0
5321;Total male and female;5 to 9 years;China;Bonaire;2015;0;0;0
5322;Total male and female;5 to 9 years;China;Bonaire;2016;0;0;0
5323;Total male and female;5 to 9 years;China;Bonaire;2017;1;0;1
5324;Total male and female;5 to 9 years;China;Bonaire;2018;0;0;0
5325;Total male and female;5 to 9 years;China;Bonaire;2019;0;0;0
5326;Total male and female;5 to 9 years;China;Bonaire;2020;0;0;0
5327;Total male and female;5 to 9 years;China;Bonaire;2021;0;0;0
5328;Total male and female;5 to 9 years;China;Bonaire;2022;0;0;0
5329;Total male and female;5 to 9 years;China;Bonaire;2023;0;0;0
5330;Total male and female;5 to 9 years;China;St Eustatius;2011;0;0;0
5331;Total male and female;5 to 9 years;China;St Eustatius;2012;0;0;0
5332;Total male and female;5 to 9 years;China;St Eustatius;2013;0;0;0
5333;Total male and female;5 to 9 years;China;St Eustatius;2014;0;0;0
5334;Total male and female;5 to 9 years;China;St Eustatius;2015;0;0;0
5335;Total male and female;5 to 9 years;China;St Eustatius;2016;0;0;0
5336;Total male and female;5 to 9 years;China;St Eustatius;2017;0;0;0
5337;Total male and female;5 to 9 years;China;St Eustatius;2018;0;0;0
5338;Total male and female;5 to 9 years;China;St Eustatius;2019;0;0;0
5339;Total male and female;5 to 9 years;China;St Eustatius;2020;0;0;0
5340;Total male and female;5 to 9 years;China;St Eustatius;2021;0;0;0
5341;Total male and female;5 to 9 years;China;St Eustatius;2022;0;0;0
5342;Total male and female;5 to 9 years;China;St Eustatius;2023;0;1;-1
5343;Total male and female;5 to 9 years;China;Saba;2011;0;0;0
5344;Total male and female;5 to 9 years;China;Saba;2012;0;0;0
5345;Total male and female;5 to 9 years;China;Saba;2013;0;0;0
5346;Total male and female;5 to 9 years;China;Saba;2014;0;0;0
5347;Total male and female;5 to 9 years;China;Saba;2015;0;0;0
5348;Total male and female;5 to 9 years;China;Saba;2016;0;0;0
5349;Total male and female;5 to 9 years;China;Saba;2017;0;0;0
5350;Total male and female;5 to 9 years;China;Saba;2018;0;0;0
5351;Total male and female;5 to 9 years;China;Saba;2019;0;0;0
5352;Total male and female;5 to 9 years;China;Saba;2020;0;0;0
5353;Total male and female;5 to 9 years;China;Saba;2021;0;0;0
5354;Total male and female;5 to 9 years;China;Saba;2022;0;0;0
5355;Total male and female;5 to 9 years;China;Saba;2023;0;0;0
5356;Total male and female;5 to 9 years;Colombia;Caribbean Netherlands;2011;0;0;0
5357;Total male and female;5 to 9 years;Colombia;Caribbean Netherlands;2012;9;0;9
5358;Total male and female;5 to 9 years;Colombia;Caribbean Netherlands;2013;4;0;4
5359;Total male and female;5 to 9 years;Colombia;Caribbean Netherlands;2014;2;2;0
5360;Total male and female;5 to 9 years;Colombia;Caribbean Netherlands;2015;3;0;3
5361;Total male and female;5 to 9 years;Colombia;Caribbean Netherlands;2016;2;0;2
5362;Total male and female;5 to 9 years;Colombia;Caribbean Netherlands;2017;4;3;1
5363;Total male and female;5 to 9 years;Colombia;Caribbean Netherlands;2018;4;1;3
5364;Total male and female;5 to 9 years;Colombia;Caribbean Netherlands;2019;1;2;-1
5365;Total male and female;5 to 9 years;Colombia;Caribbean Netherlands;2020;5;0;5
5366;Total male and female;5 to 9 years;Colombia;Caribbean Netherlands;2021;4;0;4
5367;Total male and female;5 to 9 years;Colombia;Caribbean Netherlands;2022;1;4;-3
5368;Total male and female;5 to 9 years;Colombia;Caribbean Netherlands;2023;8;0;8
5369;Total male and female;5 to 9 years;Colombia;Bonaire;2011;0;0;0
5370;Total male and female;5 to 9 years;Colombia;Bonaire;2012;9;0;9
5371;Total male and female;5 to 9 years;Colombia;Bonaire;2013;4;0;4
5372;Total male and female;5 to 9 years;Colombia;Bonaire;2014;2;2;0
5373;Total male and female;5 to 9 years;Colombia;Bonaire;2015;3;0;3
5374;Total male and female;5 to 9 years;Colombia;Bonaire;2016;1;0;1
5375;Total male and female;5 to 9 years;Colombia;Bonaire;2017;4;3;1
5376;Total male and female;5 to 9 years;Colombia;Bonaire;2018;3;0;3
5377;Total male and female;5 to 9 years;Colombia;Bonaire;2019;1;0;1
5378;Total male and female;5 to 9 years;Colombia;Bonaire;2020;4;0;4
5379;Total male and female;5 to 9 years;Colombia;Bonaire;2021;3;0;3
5380;Total male and female;5 to 9 years;Colombia;Bonaire;2022;1;3;-2
5381;Total male and female;5 to 9 years;Colombia;Bonaire;2023;8;0;8
5382;Total male and female;5 to 9 years;Colombia;St Eustatius;2011;0;0;0
5383;Total male and female;5 to 9 years;Colombia;St Eustatius;2012;0;0;0
5384;Total male and female;5 to 9 years;Colombia;St Eustatius;2013;0;0;0
5385;Total male and female;5 to 9 years;Colombia;St Eustatius;2014;0;0;0
5386;Total male and female;5 to 9 years;Colombia;St Eustatius;2015;0;0;0
5387;Total male and female;5 to 9 years;Colombia;St Eustatius;2016;0;0;0
5388;Total male and female;5 to 9 years;Colombia;St Eustatius;2017;0;0;0
5389;Total male and female;5 to 9 years;Colombia;St Eustatius;2018;0;0;0
5390;Total male and female;5 to 9 years;Colombia;St Eustatius;2019;0;0;0
5391;Total male and female;5 to 9 years;Colombia;St Eustatius;2020;0;0;0
5392;Total male and female;5 to 9 years;Colombia;St Eustatius;2021;0;0;0
5393;Total male and female;5 to 9 years;Colombia;St Eustatius;2022;0;1;-1
5394;Total male and female;5 to 9 years;Colombia;St Eustatius;2023;0;0;0
5395;Total male and female;5 to 9 years;Colombia;Saba;2011;0;0;0
5396;Total male and female;5 to 9 years;Colombia;Saba;2012;0;0;0
5397;Total male and female;5 to 9 years;Colombia;Saba;2013;0;0;0
5398;Total male and female;5 to 9 years;Colombia;Saba;2014;0;0;0
5399;Total male and female;5 to 9 years;Colombia;Saba;2015;0;0;0
5400;Total male and female;5 to 9 years;Colombia;Saba;2016;1;0;1
5401;Total male and female;5 to 9 years;Colombia;Saba;2017;0;0;0
5402;Total male and female;5 to 9 years;Colombia;Saba;2018;1;1;0
5403;Total male and female;5 to 9 years;Colombia;Saba;2019;0;2;-2
5404;Total male and female;5 to 9 years;Colombia;Saba;2020;1;0;1
5405;Total male and female;5 to 9 years;Colombia;Saba;2021;1;0;1
5406;Total male and female;5 to 9 years;Colombia;Saba;2022;0;0;0
5407;Total male and female;5 to 9 years;Colombia;Saba;2023;0;0;0
5408;Total male and female;5 to 9 years;Curaçao;Caribbean Netherlands;2011;10;11;-1
5409;Total male and female;5 to 9 years;Curaçao;Caribbean Netherlands;2012;18;10;8
5410;Total male and female;5 to 9 years;Curaçao;Caribbean Netherlands;2013;18;7;11
5411;Total male and female;5 to 9 years;Curaçao;Caribbean Netherlands;2014;11;11;0
5412;Total male and female;5 to 9 years;Curaçao;Caribbean Netherlands;2015;12;9;3
5413;Total male and female;5 to 9 years;Curaçao;Caribbean Netherlands;2016;17;13;4
5414;Total male and female;5 to 9 years;Curaçao;Caribbean Netherlands;2017;14;17;-3
5415;Total male and female;5 to 9 years;Curaçao;Caribbean Netherlands;2018;15;5;10
5416;Total male and female;5 to 9 years;Curaçao;Caribbean Netherlands;2019;13;5;8
5417;Total male and female;5 to 9 years;Curaçao;Caribbean Netherlands;2020;22;8;14
5418;Total male and female;5 to 9 years;Curaçao;Caribbean Netherlands;2021;20;7;13
5419;Total male and female;5 to 9 years;Curaçao;Caribbean Netherlands;2022;17;9;8
5420;Total male and female;5 to 9 years;Curaçao;Caribbean Netherlands;2023;16;0;16
5421;Total male and female;5 to 9 years;Curaçao;Bonaire;2011;8;11;-3
5422;Total male and female;5 to 9 years;Curaçao;Bonaire;2012;17;9;8
5423;Total male and female;5 to 9 years;Curaçao;Bonaire;2013;16;6;10
5424;Total male and female;5 to 9 years;Curaçao;Bonaire;2014;11;11;0
5425;Total male and female;5 to 9 years;Curaçao;Bonaire;2015;11;8;3
5426;Total male and female;5 to 9 years;Curaçao;Bonaire;2016;16;13;3
5427;Total male and female;5 to 9 years;Curaçao;Bonaire;2017;12;17;-5
5428;Total male and female;5 to 9 years;Curaçao;Bonaire;2018;14;5;9
5429;Total male and female;5 to 9 years;Curaçao;Bonaire;2019;13;5;8
5430;Total male and female;5 to 9 years;Curaçao;Bonaire;2020;22;6;16
5431;Total male and female;5 to 9 years;Curaçao;Bonaire;2021;19;7;12
5432;Total male and female;5 to 9 years;Curaçao;Bonaire;2022;16;9;7
5433;Total male and female;5 to 9 years;Curaçao;Bonaire;2023;16;0;16
5434;Total male and female;5 to 9 years;Curaçao;St Eustatius;2011;2;0;2
5435;Total male and female;5 to 9 years;Curaçao;St Eustatius;2012;1;1;0
5436;Total male and female;5 to 9 years;Curaçao;St Eustatius;2013;2;1;1
5437;Total male and female;5 to 9 years;Curaçao;St Eustatius;2014;0;0;0
5438;Total male and female;5 to 9 years;Curaçao;St Eustatius;2015;1;1;0
5439;Total male and female;5 to 9 years;Curaçao;St Eustatius;2016;0;0;0
5440;Total male and female;5 to 9 years;Curaçao;St Eustatius;2017;2;0;2
5441;Total male and female;5 to 9 years;Curaçao;St Eustatius;2018;1;0;1
5442;Total male and female;5 to 9 years;Curaçao;St Eustatius;2019;0;0;0
5443;Total male and female;5 to 9 years;Curaçao;St Eustatius;2020;0;2;-2
5444;Total male and female;5 to 9 years;Curaçao;St Eustatius;2021;1;0;1
5445;Total male and female;5 to 9 years;Curaçao;St Eustatius;2022;1;0;1
5446;Total male and female;5 to 9 years;Curaçao;St Eustatius;2023;0;0;0
5447;Total male and female;5 to 9 years;Curaçao;Saba;2011;0;0;0
5448;Total male and female;5 to 9 years;Curaçao;Saba;2012;0;0;0
5449;Total male and female;5 to 9 years;Curaçao;Saba;2013;0;0;0
5450;Total male and female;5 to 9 years;Curaçao;Saba;2014;0;0;0
5451;Total male and female;5 to 9 years;Curaçao;Saba;2015;0;0;0
5452;Total male and female;5 to 9 years;Curaçao;Saba;2016;1;0;1
5453;Total male and female;5 to 9 years;Curaçao;Saba;2017;0;0;0
5454;Total male and female;5 to 9 years;Curaçao;Saba;2018;0;0;0
5455;Total male and female;5 to 9 years;Curaçao;Saba;2019;0;0;0
5456;Total male and female;5 to 9 years;Curaçao;Saba;2020;0;0;0
5457;Total male and female;5 to 9 years;Curaçao;Saba;2021;0;0;0
5458;Total male and female;5 to 9 years;Curaçao;Saba;2022;0;0;0
5459;Total male and female;5 to 9 years;Curaçao;Saba;2023;0;0;0
5460;Total male and female;5 to 9 years;Dominican Republic;Caribbean Netherlands;2011;1;1;0
5461;Total male and female;5 to 9 years;Dominican Republic;Caribbean Netherlands;2012;1;0;1
5462;Total male and female;5 to 9 years;Dominican Republic;Caribbean Netherlands;2013;8;0;8
5463;Total male and female;5 to 9 years;Dominican Republic;Caribbean Netherlands;2014;2;1;1
5464;Total male and female;5 to 9 years;Dominican Republic;Caribbean Netherlands;2015;11;1;10
5465;Total male and female;5 to 9 years;Dominican Republic;Caribbean Netherlands;2016;8;0;8
5466;Total male and female;5 to 9 years;Dominican Republic;Caribbean Netherlands;2017;12;2;10
5467;Total male and female;5 to 9 years;Dominican Republic;Caribbean Netherlands;2018;11;3;8
5468;Total male and female;5 to 9 years;Dominican Republic;Caribbean Netherlands;2019;11;1;10
5469;Total male and female;5 to 9 years;Dominican Republic;Caribbean Netherlands;2020;2;0;2
5470;Total male and female;5 to 9 years;Dominican Republic;Caribbean Netherlands;2021;6;1;5
5471;Total male and female;5 to 9 years;Dominican Republic;Caribbean Netherlands;2022;4;0;4
5472;Total male and female;5 to 9 years;Dominican Republic;Caribbean Netherlands;2023;11;3;8
5473;Total male and female;5 to 9 years;Dominican Republic;Bonaire;2011;1;0;1
5474;Total male and female;5 to 9 years;Dominican Republic;Bonaire;2012;1;0;1
5475;Total male and female;5 to 9 years;Dominican Republic;Bonaire;2013;6;0;6
5476;Total male and female;5 to 9 years;Dominican Republic;Bonaire;2014;1;1;0
5477;Total male and female;5 to 9 years;Dominican Republic;Bonaire;2015;7;1;6
5478;Total male and female;5 to 9 years;Dominican Republic;Bonaire;2016;6;0;6
5479;Total male and female;5 to 9 years;Dominican Republic;Bonaire;2017;7;0;7
5480;Total male and female;5 to 9 years;Dominican Republic;Bonaire;2018;10;2;8
5481;Total male and female;5 to 9 years;Dominican Republic;Bonaire;2019;7;1;6
5482;Total male and female;5 to 9 years;Dominican Republic;Bonaire;2020;1;0;1
5483;Total male and female;5 to 9 years;Dominican Republic;Bonaire;2021;4;1;3
5484;Total male and female;5 to 9 years;Dominican Republic;Bonaire;2022;4;0;4
5485;Total male and female;5 to 9 years;Dominican Republic;Bonaire;2023;11;0;11
5486;Total male and female;5 to 9 years;Dominican Republic;St Eustatius;2011;0;1;-1
5487;Total male and female;5 to 9 years;Dominican Republic;St Eustatius;2012;0;0;0
5488;Total male and female;5 to 9 years;Dominican Republic;St Eustatius;2013;1;0;1
5489;Total male and female;5 to 9 years;Dominican Republic;St Eustatius;2014;1;0;1
5490;Total male and female;5 to 9 years;Dominican Republic;St Eustatius;2015;4;0;4
5491;Total male and female;5 to 9 years;Dominican Republic;St Eustatius;2016;1;0;1
5492;Total male and female;5 to 9 years;Dominican Republic;St Eustatius;2017;5;1;4
5493;Total male and female;5 to 9 years;Dominican Republic;St Eustatius;2018;0;1;-1
5494;Total male and female;5 to 9 years;Dominican Republic;St Eustatius;2019;3;0;3
5495;Total male and female;5 to 9 years;Dominican Republic;St Eustatius;2020;1;0;1
5496;Total male and female;5 to 9 years;Dominican Republic;St Eustatius;2021;1;0;1
5497;Total male and female;5 to 9 years;Dominican Republic;St Eustatius;2022;0;0;0
5498;Total male and female;5 to 9 years;Dominican Republic;St Eustatius;2023;0;1;-1
5499;Total male and female;5 to 9 years;Dominican Republic;Saba;2011;0;0;0
5500;Total male and female;5 to 9 years;Dominican Republic;Saba;2012;0;0;0
5501;Total male and female;5 to 9 years;Dominican Republic;Saba;2013;1;0;1
5502;Total male and female;5 to 9 years;Dominican Republic;Saba;2014;0;0;0
5503;Total male and female;5 to 9 years;Dominican Republic;Saba;2015;0;0;0
5504;Total male and female;5 to 9 years;Dominican Republic;Saba;2016;1;0;1
5505;Total male and female;5 to 9 years;Dominican Republic;Saba;2017;0;1;-1
5506;Total male and female;5 to 9 years;Dominican Republic;Saba;2018;1;0;1
5507;Total male and female;5 to 9 years;Dominican Republic;Saba;2019;1;0;1
5508;Total male and female;5 to 9 years;Dominican Republic;Saba;2020;0;0;0
5509;Total male and female;5 to 9 years;Dominican Republic;Saba;2021;1;0;1
5510;Total male and female;5 to 9 years;Dominican Republic;Saba;2022;0;0;0
5511;Total male and female;5 to 9 years;Dominican Republic;Saba;2023;0;2;-2
5512;Total male and female;5 to 9 years;Ecuador;Caribbean Netherlands;2011;0;0;0
5513;Total male and female;5 to 9 years;Ecuador;Caribbean Netherlands;2012;0;0;0
5514;Total male and female;5 to 9 years;Ecuador;Caribbean Netherlands;2013;0;0;0
5515;Total male and female;5 to 9 years;Ecuador;Caribbean Netherlands;2014;0;0;0
5516;Total male and female;5 to 9 years;Ecuador;Caribbean Netherlands;2015;0;0;0
5517;Total male and female;5 to 9 years;Ecuador;Caribbean Netherlands;2016;1;0;1
5518;Total male and female;5 to 9 years;Ecuador;Caribbean Netherlands;2017;3;0;3
5519;Total male and female;5 to 9 years;Ecuador;Caribbean Netherlands;2018;0;0;0
5520;Total male and female;5 to 9 years;Ecuador;Caribbean Netherlands;2019;2;0;2
5521;Total male and female;5 to 9 years;Ecuador;Caribbean Netherlands;2020;1;0;1
5522;Total male and female;5 to 9 years;Ecuador;Caribbean Netherlands;2021;2;0;2
5523;Total male and female;5 to 9 years;Ecuador;Caribbean Netherlands;2022;0;0;0
5524;Total male and female;5 to 9 years;Ecuador;Caribbean Netherlands;2023;0;0;0
5525;Total male and female;5 to 9 years;Ecuador;Bonaire;2011;0;0;0
5526;Total male and female;5 to 9 years;Ecuador;Bonaire;2012;0;0;0
5527;Total male and female;5 to 9 years;Ecuador;Bonaire;2013;0;0;0
5528;Total male and female;5 to 9 years;Ecuador;Bonaire;2014;0;0;0
5529;Total male and female;5 to 9 years;Ecuador;Bonaire;2015;0;0;0
5530;Total male and female;5 to 9 years;Ecuador;Bonaire;2016;1;0;1
5531;Total male and female;5 to 9 years;Ecuador;Bonaire;2017;3;0;3
5532;Total male and female;5 to 9 years;Ecuador;Bonaire;2018;0;0;0
5533;Total male and female;5 to 9 years;Ecuador;Bonaire;2019;2;0;2
5534;Total male and female;5 to 9 years;Ecuador;Bonaire;2020;1;0;1
5535;Total male and female;5 to 9 years;Ecuador;Bonaire;2021;2;0;2
5536;Total male and female;5 to 9 years;Ecuador;Bonaire;2022;0;0;0
5537;Total male and female;5 to 9 years;Ecuador;Bonaire;2023;0;0;0
5538;Total male and female;5 to 9 years;Ecuador;St Eustatius;2011;0;0;0
5539;Total male and female;5 to 9 years;Ecuador;St Eustatius;2012;0;0;0
5540;Total male and female;5 to 9 years;Ecuador;St Eustatius;2013;0;0;0
5541;Total male and female;5 to 9 years;Ecuador;St Eustatius;2014;0;0;0
5542;Total male and female;5 to 9 years;Ecuador;St Eustatius;2015;0;0;0
5543;Total male and female;5 to 9 years;Ecuador;St Eustatius;2016;0;0;0
5544;Total male and female;5 to 9 years;Ecuador;St Eustatius;2017;0;0;0
5545;Total male and female;5 to 9 years;Ecuador;St Eustatius;2018;0;0;0
5546;Total male and female;5 to 9 years;Ecuador;St Eustatius;2019;0;0;0
5547;Total male and female;5 to 9 years;Ecuador;St Eustatius;2020;0;0;0
5548;Total male and female;5 to 9 years;Ecuador;St Eustatius;2021;0;0;0
5549;Total male and female;5 to 9 years;Ecuador;St Eustatius;2022;0;0;0
5550;Total male and female;5 to 9 years;Ecuador;St Eustatius;2023;0;0;0
5551;Total male and female;5 to 9 years;Ecuador;Saba;2011;0;0;0
5552;Total male and female;5 to 9 years;Ecuador;Saba;2012;0;0;0
5553;Total male and female;5 to 9 years;Ecuador;Saba;2013;0;0;0
5554;Total male and female;5 to 9 years;Ecuador;Saba;2014;0;0;0
5555;Total male and female;5 to 9 years;Ecuador;Saba;2015;0;0;0
5556;Total male and female;5 to 9 years;Ecuador;Saba;2016;0;0;0
5557;Total male and female;5 to 9 years;Ecuador;Saba;2017;0;0;0
5558;Total male and female;5 to 9 years;Ecuador;Saba;2018;0;0;0
5559;Total male and female;5 to 9 years;Ecuador;Saba;2019;0;0;0
5560;Total male and female;5 to 9 years;Ecuador;Saba;2020;0;0;0
5561;Total male and female;5 to 9 years;Ecuador;Saba;2021;0;0;0
5562;Total male and female;5 to 9 years;Ecuador;Saba;2022;0;0;0
5563;Total male and female;5 to 9 years;Ecuador;Saba;2023;0;0;0
5564;Total male and female;5 to 9 years;Guyana;Caribbean Netherlands;2011;0;1;-1
5565;Total male and female;5 to 9 years;Guyana;Caribbean Netherlands;2012;0;1;-1
5566;Total male and female;5 to 9 years;Guyana;Caribbean Netherlands;2013;1;0;1
5567;Total male and female;5 to 9 years;Guyana;Caribbean Netherlands;2014;0;0;0
5568;Total male and female;5 to 9 years;Guyana;Caribbean Netherlands;2015;1;0;1
5569;Total male and female;5 to 9 years;Guyana;Caribbean Netherlands;2016;0;0;0
5570;Total male and female;5 to 9 years;Guyana;Caribbean Netherlands;2017;0;0;0
5571;Total male and female;5 to 9 years;Guyana;Caribbean Netherlands;2018;0;0;0
5572;Total male and female;5 to 9 years;Guyana;Caribbean Netherlands;2019;0;0;0
5573;Total male and female;5 to 9 years;Guyana;Caribbean Netherlands;2020;0;0;0
5574;Total male and female;5 to 9 years;Guyana;Caribbean Netherlands;2021;0;0;0
5575;Total male and female;5 to 9 years;Guyana;Caribbean Netherlands;2022;0;0;0
5576;Total male and female;5 to 9 years;Guyana;Caribbean Netherlands;2023;1;0;1
5577;Total male and female;5 to 9 years;Guyana;Bonaire;2011;0;0;0
5578;Total male and female;5 to 9 years;Guyana;Bonaire;2012;0;0;0
5579;Total male and female;5 to 9 years;Guyana;Bonaire;2013;0;0;0
5580;Total male and female;5 to 9 years;Guyana;Bonaire;2014;0;0;0
5581;Total male and female;5 to 9 years;Guyana;Bonaire;2015;0;0;0
5582;Total male and female;5 to 9 years;Guyana;Bonaire;2016;0;0;0
5583;Total male and female;5 to 9 years;Guyana;Bonaire;2017;0;0;0
5584;Total male and female;5 to 9 years;Guyana;Bonaire;2018;0;0;0
5585;Total male and female;5 to 9 years;Guyana;Bonaire;2019;0;0;0
5586;Total male and female;5 to 9 years;Guyana;Bonaire;2020;0;0;0
5587;Total male and female;5 to 9 years;Guyana;Bonaire;2021;0;0;0
5588;Total male and female;5 to 9 years;Guyana;Bonaire;2022;0;0;0
5589;Total male and female;5 to 9 years;Guyana;Bonaire;2023;0;0;0
5590;Total male and female;5 to 9 years;Guyana;St Eustatius;2011;0;0;0
5591;Total male and female;5 to 9 years;Guyana;St Eustatius;2012;0;0;0
5592;Total male and female;5 to 9 years;Guyana;St Eustatius;2013;0;0;0
5593;Total male and female;5 to 9 years;Guyana;St Eustatius;2014;0;0;0
5594;Total male and female;5 to 9 years;Guyana;St Eustatius;2015;1;0;1
5595;Total male and female;5 to 9 years;Guyana;St Eustatius;2016;0;0;0
5596;Total male and female;5 to 9 years;Guyana;St Eustatius;2017;0;0;0
5597;Total male and female;5 to 9 years;Guyana;St Eustatius;2018;0;0;0
5598;Total male and female;5 to 9 years;Guyana;St Eustatius;2019;0;0;0
5599;Total male and female;5 to 9 years;Guyana;St Eustatius;2020;0;0;0
5600;Total male and female;5 to 9 years;Guyana;St Eustatius;2021;0;0;0
5601;Total male and female;5 to 9 years;Guyana;St Eustatius;2022;0;0;0
5602;Total male and female;5 to 9 years;Guyana;St Eustatius;2023;1;0;1
5603;Total male and female;5 to 9 years;Guyana;Saba;2011;0;1;-1
5604;Total male and female;5 to 9 years;Guyana;Saba;2012;0;1;-1
5605;Total male and female;5 to 9 years;Guyana;Saba;2013;1;0;1
5606;Total male and female;5 to 9 years;Guyana;Saba;2014;0;0;0
5607;Total male and female;5 to 9 years;Guyana;Saba;2015;0;0;0
5608;Total male and female;5 to 9 years;Guyana;Saba;2016;0;0;0
5609;Total male and female;5 to 9 years;Guyana;Saba;2017;0;0;0
5610;Total male and female;5 to 9 years;Guyana;Saba;2018;0;0;0
5611;Total male and female;5 to 9 years;Guyana;Saba;2019;0;0;0
5612;Total male and female;5 to 9 years;Guyana;Saba;2020;0;0;0
5613;Total male and female;5 to 9 years;Guyana;Saba;2021;0;0;0
5614;Total male and female;5 to 9 years;Guyana;Saba;2022;0;0;0
5615;Total male and female;5 to 9 years;Guyana;Saba;2023;0;0;0
5616;Total male and female;5 to 9 years;Haiti;Caribbean Netherlands;2011;0;0;0
5617;Total male and female;5 to 9 years;Haiti;Caribbean Netherlands;2012;0;0;0
5618;Total male and female;5 to 9 years;Haiti;Caribbean Netherlands;2013;1;0;1
5619;Total male and female;5 to 9 years;Haiti;Caribbean Netherlands;2014;1;0;1
5620;Total male and female;5 to 9 years;Haiti;Caribbean Netherlands;2015;1;0;1
5621;Total male and female;5 to 9 years;Haiti;Caribbean Netherlands;2016;0;0;0
5622;Total male and female;5 to 9 years;Haiti;Caribbean Netherlands;2017;2;0;2
5623;Total male and female;5 to 9 years;Haiti;Caribbean Netherlands;2018;0;0;0
5624;Total male and female;5 to 9 years;Haiti;Caribbean Netherlands;2019;0;0;0
5625;Total male and female;5 to 9 years;Haiti;Caribbean Netherlands;2020;3;0;3
5626;Total male and female;5 to 9 years;Haiti;Caribbean Netherlands;2021;0;0;0
5627;Total male and female;5 to 9 years;Haiti;Caribbean Netherlands;2022;0;0;0
5628;Total male and female;5 to 9 years;Haiti;Caribbean Netherlands;2023;7;0;7
5629;Total male and female;5 to 9 years;Haiti;Bonaire;2011;0;0;0
5630;Total male and female;5 to 9 years;Haiti;Bonaire;2012;0;0;0
5631;Total male and female;5 to 9 years;Haiti;Bonaire;2013;0;0;0
5632;Total male and female;5 to 9 years;Haiti;Bonaire;2014;1;0;1
5633;Total male and female;5 to 9 years;Haiti;Bonaire;2015;1;0;1
5634;Total male and female;5 to 9 years;Haiti;Bonaire;2016;0;0;0
5635;Total male and female;5 to 9 years;Haiti;Bonaire;2017;2;0;2
5636;Total male and female;5 to 9 years;Haiti;Bonaire;2018;0;0;0
5637;Total male and female;5 to 9 years;Haiti;Bonaire;2019;0;0;0
5638;Total male and female;5 to 9 years;Haiti;Bonaire;2020;3;0;3
5639;Total male and female;5 to 9 years;Haiti;Bonaire;2021;0;0;0
5640;Total male and female;5 to 9 years;Haiti;Bonaire;2022;0;0;0
5641;Total male and female;5 to 9 years;Haiti;Bonaire;2023;6;0;6
5642;Total male and female;5 to 9 years;Haiti;St Eustatius;2011;0;0;0
5643;Total male and female;5 to 9 years;Haiti;St Eustatius;2012;0;0;0
5644;Total male and female;5 to 9 years;Haiti;St Eustatius;2013;1;0;1
5645;Total male and female;5 to 9 years;Haiti;St Eustatius;2014;0;0;0
5646;Total male and female;5 to 9 years;Haiti;St Eustatius;2015;0;0;0
5647;Total male and female;5 to 9 years;Haiti;St Eustatius;2016;0;0;0
5648;Total male and female;5 to 9 years;Haiti;St Eustatius;2017;0;0;0
5649;Total male and female;5 to 9 years;Haiti;St Eustatius;2018;0;0;0
5650;Total male and female;5 to 9 years;Haiti;St Eustatius;2019;0;0;0
5651;Total male and female;5 to 9 years;Haiti;St Eustatius;2020;0;0;0
5652;Total male and female;5 to 9 years;Haiti;St Eustatius;2021;0;0;0
5653;Total male and female;5 to 9 years;Haiti;St Eustatius;2022;0;0;0
5654;Total male and female;5 to 9 years;Haiti;St Eustatius;2023;0;0;0
5655;Total male and female;5 to 9 years;Haiti;Saba;2011;0;0;0
5656;Total male and female;5 to 9 years;Haiti;Saba;2012;0;0;0
5657;Total male and female;5 to 9 years;Haiti;Saba;2013;0;0;0
5658;Total male and female;5 to 9 years;Haiti;Saba;2014;0;0;0
5659;Total male and female;5 to 9 years;Haiti;Saba;2015;0;0;0
5660;Total male and female;5 to 9 years;Haiti;Saba;2016;0;0;0
5661;Total male and female;5 to 9 years;Haiti;Saba;2017;0;0;0
5662;Total male and female;5 to 9 years;Haiti;Saba;2018;0;0;0
5663;Total male and female;5 to 9 years;Haiti;Saba;2019;0;0;0
5664;Total male and female;5 to 9 years;Haiti;Saba;2020;0;0;0
5665;Total male and female;5 to 9 years;Haiti;Saba;2021;0;0;0
5666;Total male and female;5 to 9 years;Haiti;Saba;2022;0;0;0
5667;Total male and female;5 to 9 years;Haiti;Saba;2023;1;0;1
5668;Total male and female;5 to 9 years;Jamaica;Caribbean Netherlands;2011;0;0;0
5669;Total male and female;5 to 9 years;Jamaica;Caribbean Netherlands;2012;1;0;1
5670;Total male and female;5 to 9 years;Jamaica;Caribbean Netherlands;2013;1;0;1
5671;Total male and female;5 to 9 years;Jamaica;Caribbean Netherlands;2014;0;1;-1
5672;Total male and female;5 to 9 years;Jamaica;Caribbean Netherlands;2015;2;0;2
5673;Total male and female;5 to 9 years;Jamaica;Caribbean Netherlands;2016;0;0;0
5674;Total male and female;5 to 9 years;Jamaica;Caribbean Netherlands;2017;1;0;1
5675;Total male and female;5 to 9 years;Jamaica;Caribbean Netherlands;2018;0;0;0
5676;Total male and female;5 to 9 years;Jamaica;Caribbean Netherlands;2019;1;1;0
5677;Total male and female;5 to 9 years;Jamaica;Caribbean Netherlands;2020;0;0;0
5678;Total male and female;5 to 9 years;Jamaica;Caribbean Netherlands;2021;0;0;0
5679;Total male and female;5 to 9 years;Jamaica;Caribbean Netherlands;2022;3;0;3
5680;Total male and female;5 to 9 years;Jamaica;Caribbean Netherlands;2023;0;0;0
5681;Total male and female;5 to 9 years;Jamaica;Bonaire;2011;0;0;0
5682;Total male and female;5 to 9 years;Jamaica;Bonaire;2012;0;0;0
5683;Total male and female;5 to 9 years;Jamaica;Bonaire;2013;1;0;1
5684;Total male and female;5 to 9 years;Jamaica;Bonaire;2014;0;0;0
5685;Total male and female;5 to 9 years;Jamaica;Bonaire;2015;0;0;0
5686;Total male and female;5 to 9 years;Jamaica;Bonaire;2016;0;0;0
5687;Total male and female;5 to 9 years;Jamaica;Bonaire;2017;0;0;0
5688;Total male and female;5 to 9 years;Jamaica;Bonaire;2018;0;0;0
5689;Total male and female;5 to 9 years;Jamaica;Bonaire;2019;0;0;0
5690;Total male and female;5 to 9 years;Jamaica;Bonaire;2020;0;0;0
5691;Total male and female;5 to 9 years;Jamaica;Bonaire;2021;0;0;0
5692;Total male and female;5 to 9 years;Jamaica;Bonaire;2022;1;0;1
5693;Total male and female;5 to 9 years;Jamaica;Bonaire;2023;0;0;0
5694;Total male and female;5 to 9 years;Jamaica;St Eustatius;2011;0;0;0
5695;Total male and female;5 to 9 years;Jamaica;St Eustatius;2012;1;0;1
5696;Total male and female;5 to 9 years;Jamaica;St Eustatius;2013;0;0;0
5697;Total male and female;5 to 9 years;Jamaica;St Eustatius;2014;0;1;-1
5698;Total male and female;5 to 9 years;Jamaica;St Eustatius;2015;0;0;0
5699;Total male and female;5 to 9 years;Jamaica;St Eustatius;2016;0;0;0
5700;Total male and female;5 to 9 years;Jamaica;St Eustatius;2017;0;0;0
5701;Total male and female;5 to 9 years;Jamaica;St Eustatius;2018;0;0;0
5702;Total male and female;5 to 9 years;Jamaica;St Eustatius;2019;1;0;1
5703;Total male and female;5 to 9 years;Jamaica;St Eustatius;2020;0;0;0
5704;Total male and female;5 to 9 years;Jamaica;St Eustatius;2021;0;0;0
5705;Total male and female;5 to 9 years;Jamaica;St Eustatius;2022;0;0;0
5706;Total male and female;5 to 9 years;Jamaica;St Eustatius;2023;0;0;0
5707;Total male and female;5 to 9 years;Jamaica;Saba;2011;0;0;0
5708;Total male and female;5 to 9 years;Jamaica;Saba;2012;0;0;0
5709;Total male and female;5 to 9 years;Jamaica;Saba;2013;0;0;0
5710;Total male and female;5 to 9 years;Jamaica;Saba;2014;0;0;0
5711;Total male and female;5 to 9 years;Jamaica;Saba;2015;2;0;2
5712;Total male and female;5 to 9 years;Jamaica;Saba;2016;0;0;0
5713;Total male and female;5 to 9 years;Jamaica;Saba;2017;1;0;1
5714;Total male and female;5 to 9 years;Jamaica;Saba;2018;0;0;0
5715;Total male and female;5 to 9 years;Jamaica;Saba;2019;0;1;-1
5716;Total male and female;5 to 9 years;Jamaica;Saba;2020;0;0;0
5717;Total male and female;5 to 9 years;Jamaica;Saba;2021;0;0;0
5718;Total male and female;5 to 9 years;Jamaica;Saba;2022;2;0;2
5719;Total male and female;5 to 9 years;Jamaica;Saba;2023;0;0;0
5720;Total male and female;5 to 9 years;The Netherlands;Caribbean Netherlands;2011;58;15;43
5721;Total male and female;5 to 9 years;The Netherlands;Caribbean Netherlands;2012;39;21;18
5722;Total male and female;5 to 9 years;The Netherlands;Caribbean Netherlands;2013;56;25;31
5723;Total male and female;5 to 9 years;The Netherlands;Caribbean Netherlands;2014;40;23;17
5724;Total male and female;5 to 9 years;The Netherlands;Caribbean Netherlands;2015;43;35;8
5725;Total male and female;5 to 9 years;The Netherlands;Caribbean Netherlands;2016;42;30;12
5726;Total male and female;5 to 9 years;The Netherlands;Caribbean Netherlands;2017;42;42;0
5727;Total male and female;5 to 9 years;The Netherlands;Caribbean Netherlands;2018;36;37;-1
5728;Total male and female;5 to 9 years;The Netherlands;Caribbean Netherlands;2019;40;19;21
5729;Total male and female;5 to 9 years;The Netherlands;Caribbean Netherlands;2020;57;32;25
5730;Total male and female;5 to 9 years;The Netherlands;Caribbean Netherlands;2021;44;27;17
5731;Total male and female;5 to 9 years;The Netherlands;Caribbean Netherlands;2022;63;43;20
5732;Total male and female;5 to 9 years;The Netherlands;Caribbean Netherlands;2023;45;37;8
5733;Total male and female;5 to 9 years;The Netherlands;Bonaire;2011;52;12;40
5734;Total male and female;5 to 9 years;The Netherlands;Bonaire;2012;34;18;16
5735;Total male and female;5 to 9 years;The Netherlands;Bonaire;2013;47;23;24
5736;Total male and female;5 to 9 years;The Netherlands;Bonaire;2014;32;23;9
5737;Total male and female;5 to 9 years;The Netherlands;Bonaire;2015;36;27;9
5738;Total male and female;5 to 9 years;The Netherlands;Bonaire;2016;40;23;17
5739;Total male and female;5 to 9 years;The Netherlands;Bonaire;2017;38;38;0
5740;Total male and female;5 to 9 years;The Netherlands;Bonaire;2018;30;33;-3
5741;Total male and female;5 to 9 years;The Netherlands;Bonaire;2019;40;14;26
5742;Total male and female;5 to 9 years;The Netherlands;Bonaire;2020;54;31;23
5743;Total male and female;5 to 9 years;The Netherlands;Bonaire;2021;42;26;16
5744;Total male and female;5 to 9 years;The Netherlands;Bonaire;2022;58;35;23
5745;Total male and female;5 to 9 years;The Netherlands;Bonaire;2023;42;33;9
5746;Total male and female;5 to 9 years;The Netherlands;St Eustatius;2011;6;3;3
5747;Total male and female;5 to 9 years;The Netherlands;St Eustatius;2012;4;2;2
5748;Total male and female;5 to 9 years;The Netherlands;St Eustatius;2013;9;1;8
5749;Total male and female;5 to 9 years;The Netherlands;St Eustatius;2014;4;0;4
5750;Total male and female;5 to 9 years;The Netherlands;St Eustatius;2015;3;6;-3
5751;Total male and female;5 to 9 years;The Netherlands;St Eustatius;2016;1;5;-4
5752;Total male and female;5 to 9 years;The Netherlands;St Eustatius;2017;4;3;1
5753;Total male and female;5 to 9 years;The Netherlands;St Eustatius;2018;4;4;0
5754;Total male and female;5 to 9 years;The Netherlands;St Eustatius;2019;0;1;-1
5755;Total male and female;5 to 9 years;The Netherlands;St Eustatius;2020;1;1;0
5756;Total male and female;5 to 9 years;The Netherlands;St Eustatius;2021;1;1;0
5757;Total male and female;5 to 9 years;The Netherlands;St Eustatius;2022;3;0;3
5758;Total male and female;5 to 9 years;The Netherlands;St Eustatius;2023;3;4;-1
5759;Total male and female;5 to 9 years;The Netherlands;Saba;2011;0;0;0
5760;Total male and female;5 to 9 years;The Netherlands;Saba;2012;1;1;0
5761;Total male and female;5 to 9 years;The Netherlands;Saba;2013;0;1;-1
5762;Total male and female;5 to 9 years;The Netherlands;Saba;2014;4;0;4
5763;Total male and female;5 to 9 years;The Netherlands;Saba;2015;4;2;2
5764;Total male and female;5 to 9 years;The Netherlands;Saba;2016;1;2;-1
5765;Total male and female;5 to 9 years;The Netherlands;Saba;2017;0;1;-1
5766;Total male and female;5 to 9 years;The Netherlands;Saba;2018;2;0;2
5767;Total male and female;5 to 9 years;The Netherlands;Saba;2019;0;4;-4
5768;Total male and female;5 to 9 years;The Netherlands;Saba;2020;2;0;2
5769;Total male and female;5 to 9 years;The Netherlands;Saba;2021;1;0;1
5770;Total male and female;5 to 9 years;The Netherlands;Saba;2022;2;8;-6
5771;Total male and female;5 to 9 years;The Netherlands;Saba;2023;0;0;0
5772;Total male and female;5 to 9 years;Peru;Caribbean Netherlands;2011;1;0;1
5773;Total male and female;5 to 9 years;Peru;Caribbean Netherlands;2012;2;0;2
5774;Total male and female;5 to 9 years;Peru;Caribbean Netherlands;2013;1;0;1
5775;Total male and female;5 to 9 years;Peru;Caribbean Netherlands;2014;0;0;0
5776;Total male and female;5 to 9 years;Peru;Caribbean Netherlands;2015;3;1;2
5777;Total male and female;5 to 9 years;Peru;Caribbean Netherlands;2016;2;0;2
5778;Total male and female;5 to 9 years;Peru;Caribbean Netherlands;2017;2;0;2
5779;Total male and female;5 to 9 years;Peru;Caribbean Netherlands;2018;0;0;0
5780;Total male and female;5 to 9 years;Peru;Caribbean Netherlands;2019;1;0;1
5781;Total male and female;5 to 9 years;Peru;Caribbean Netherlands;2020;1;0;1
5782;Total male and female;5 to 9 years;Peru;Caribbean Netherlands;2021;4;0;4
5783;Total male and female;5 to 9 years;Peru;Caribbean Netherlands;2022;2;0;2
5784;Total male and female;5 to 9 years;Peru;Caribbean Netherlands;2023;5;0;5
5785;Total male and female;5 to 9 years;Peru;Bonaire;2011;1;0;1
5786;Total male and female;5 to 9 years;Peru;Bonaire;2012;2;0;2
5787;Total male and female;5 to 9 years;Peru;Bonaire;2013;1;0;1
5788;Total male and female;5 to 9 years;Peru;Bonaire;2014;0;0;0
5789;Total male and female;5 to 9 years;Peru;Bonaire;2015;3;1;2
5790;Total male and female;5 to 9 years;Peru;Bonaire;2016;2;0;2
5791;Total male and female;5 to 9 years;Peru;Bonaire;2017;2;0;2
5792;Total male and female;5 to 9 years;Peru;Bonaire;2018;0;0;0
5793;Total male and female;5 to 9 years;Peru;Bonaire;2019;1;0;1
5794;Total male and female;5 to 9 years;Peru;Bonaire;2020;1;0;1
5795;Total male and female;5 to 9 years;Peru;Bonaire;2021;4;0;4
5796;Total male and female;5 to 9 years;Peru;Bonaire;2022;2;0;2
5797;Total male and female;5 to 9 years;Peru;Bonaire;2023;5;0;5
5798;Total male and female;5 to 9 years;Peru;St Eustatius;2011;0;0;0
5799;Total male and female;5 to 9 years;Peru;St Eustatius;2012;0;0;0
5800;Total male and female;5 to 9 years;Peru;St Eustatius;2013;0;0;0
5801;Total male and female;5 to 9 years;Peru;St Eustatius;2014;0;0;0
5802;Total male and female;5 to 9 years;Peru;St Eustatius;2015;0;0;0
5803;Total male and female;5 to 9 years;Peru;St Eustatius;2016;0;0;0
5804;Total male and female;5 to 9 years;Peru;St Eustatius;2017;0;0;0
5805;Total male and female;5 to 9 years;Peru;St Eustatius;2018;0;0;0
5806;Total male and female;5 to 9 years;Peru;St Eustatius;2019;0;0;0
5807;Total male and female;5 to 9 years;Peru;St Eustatius;2020;0;0;0
5808;Total male and female;5 to 9 years;Peru;St Eustatius;2021;0;0;0
5809;Total male and female;5 to 9 years;Peru;St Eustatius;2022;0;0;0
5810;Total male and female;5 to 9 years;Peru;St Eustatius;2023;0;0;0
5811;Total male and female;5 to 9 years;Peru;Saba;2011;0;0;0
5812;Total male and female;5 to 9 years;Peru;Saba;2012;0;0;0
5813;Total male and female;5 to 9 years;Peru;Saba;2013;0;0;0
5814;Total male and female;5 to 9 years;Peru;Saba;2014;0;0;0
5815;Total male and female;5 to 9 years;Peru;Saba;2015;0;0;0
5816;Total male and female;5 to 9 years;Peru;Saba;2016;0;0;0
5817;Total male and female;5 to 9 years;Peru;Saba;2017;0;0;0
5818;Total male and female;5 to 9 years;Peru;Saba;2018;0;0;0
5819;Total male and female;5 to 9 years;Peru;Saba;2019;0;0;0
5820;Total male and female;5 to 9 years;Peru;Saba;2020;0;0;0
5821;Total male and female;5 to 9 years;Peru;Saba;2021;0;0;0
5822;Total male and female;5 to 9 years;Peru;Saba;2022;0;0;0
5823;Total male and female;5 to 9 years;Peru;Saba;2023;0;0;0
5824;Total male and female;5 to 9 years;St Eustatius;Caribbean Netherlands;2011;3;1;2
5825;Total male and female;5 to 9 years;St Eustatius;Caribbean Netherlands;2012;0;4;-4
5826;Total male and female;5 to 9 years;St Eustatius;Caribbean Netherlands;2013;2;3;-1
5827;Total male and female;5 to 9 years;St Eustatius;Caribbean Netherlands;2014;1;1;0
5828;Total male and female;5 to 9 years;St Eustatius;Caribbean Netherlands;2015;1;3;-2
5829;Total male and female;5 to 9 years;St Eustatius;Caribbean Netherlands;2016;0;3;-3
5830;Total male and female;5 to 9 years;St Eustatius;Caribbean Netherlands;2017;0;1;-1
5831;Total male and female;5 to 9 years;St Eustatius;Caribbean Netherlands;2018;1;3;-2
5832;Total male and female;5 to 9 years;St Eustatius;Caribbean Netherlands;2019;0;0;0
5833;Total male and female;5 to 9 years;St Eustatius;Caribbean Netherlands;2020;0;1;-1
5834;Total male and female;5 to 9 years;St Eustatius;Caribbean Netherlands;2021;1;3;-2
5835;Total male and female;5 to 9 years;St Eustatius;Caribbean Netherlands;2022;0;3;-3
5836;Total male and female;5 to 9 years;St Eustatius;Caribbean Netherlands;2023;1;1;0
5837;Total male and female;5 to 9 years;St Eustatius;Bonaire;2011;0;0;0
5838;Total male and female;5 to 9 years;St Eustatius;Bonaire;2012;0;0;0
5839;Total male and female;5 to 9 years;St Eustatius;Bonaire;2013;0;0;0
5840;Total male and female;5 to 9 years;St Eustatius;Bonaire;2014;0;0;0
5841;Total male and female;5 to 9 years;St Eustatius;Bonaire;2015;0;0;0
5842;Total male and female;5 to 9 years;St Eustatius;Bonaire;2016;0;0;0
5843;Total male and female;5 to 9 years;St Eustatius;Bonaire;2017;0;0;0
5844;Total male and female;5 to 9 years;St Eustatius;Bonaire;2018;0;0;0
5845;Total male and female;5 to 9 years;St Eustatius;Bonaire;2019;0;0;0
5846;Total male and female;5 to 9 years;St Eustatius;Bonaire;2020;0;0;0
5847;Total male and female;5 to 9 years;St Eustatius;Bonaire;2021;0;0;0
5848;Total male and female;5 to 9 years;St Eustatius;Bonaire;2022;0;0;0
5849;Total male and female;5 to 9 years;St Eustatius;Bonaire;2023;0;0;0
5850;Total male and female;5 to 9 years;St Eustatius;St Eustatius;2011;3;1;2
5851;Total male and female;5 to 9 years;St Eustatius;St Eustatius;2012;0;4;-4
5852;Total male and female;5 to 9 years;St Eustatius;St Eustatius;2013;2;3;-1
5853;Total male and female;5 to 9 years;St Eustatius;St Eustatius;2014;1;1;0
5854;Total male and female;5 to 9 years;St Eustatius;St Eustatius;2015;1;3;-2
5855;Total male and female;5 to 9 years;St Eustatius;St Eustatius;2016;0;3;-3
5856;Total male and female;5 to 9 years;St Eustatius;St Eustatius;2017;0;1;-1
5857;Total male and female;5 to 9 years;St Eustatius;St Eustatius;2018;1;3;-2
5858;Total male and female;5 to 9 years;St Eustatius;St Eustatius;2019;0;0;0
5859;Total male and female;5 to 9 years;St Eustatius;St Eustatius;2020;0;1;-1
5860;Total male and female;5 to 9 years;St Eustatius;St Eustatius;2021;1;3;-2
5861;Total male and female;5 to 9 years;St Eustatius;St Eustatius;2022;0;3;-3
5862;Total male and female;5 to 9 years;St Eustatius;St Eustatius;2023;1;1;0
5863;Total male and female;5 to 9 years;St Eustatius;Saba;2011;0;0;0
5864;Total male and female;5 to 9 years;St Eustatius;Saba;2012;0;0;0
5865;Total male and female;5 to 9 years;St Eustatius;Saba;2013;0;0;0
5866;Total male and female;5 to 9 years;St Eustatius;Saba;2014;0;0;0
5867;Total male and female;5 to 9 years;St Eustatius;Saba;2015;0;0;0
5868;Total male and female;5 to 9 years;St Eustatius;Saba;2016;0;0;0
5869;Total male and female;5 to 9 years;St Eustatius;Saba;2017;0;0;0
5870;Total male and female;5 to 9 years;St Eustatius;Saba;2018;0;0;0
5871;Total male and female;5 to 9 years;St Eustatius;Saba;2019;0;0;0
5872;Total male and female;5 to 9 years;St Eustatius;Saba;2020;0;0;0
5873;Total male and female;5 to 9 years;St Eustatius;Saba;2021;0;0;0
5874;Total male and female;5 to 9 years;St Eustatius;Saba;2022;0;0;0
5875;Total male and female;5 to 9 years;St Eustatius;Saba;2023;0;0;0
5876;Total male and female;5 to 9 years;St Kitts and Nevis;Caribbean Netherlands;2011;0;0;0
5877;Total male and female;5 to 9 years;St Kitts and Nevis;Caribbean Netherlands;2012;1;0;1
5878;Total male and female;5 to 9 years;St Kitts and Nevis;Caribbean Netherlands;2013;1;0;1
5879;Total male and female;5 to 9 years;St Kitts and Nevis;Caribbean Netherlands;2014;0;0;0
5880;Total male and female;5 to 9 years;St Kitts and Nevis;Caribbean Netherlands;2015;0;0;0
5881;Total male and female;5 to 9 years;St Kitts and Nevis;Caribbean Netherlands;2016;0;0;0
5882;Total male and female;5 to 9 years;St Kitts and Nevis;Caribbean Netherlands;2017;0;1;-1
5883;Total male and female;5 to 9 years;St Kitts and Nevis;Caribbean Netherlands;2018;0;0;0
5884;Total male and female;5 to 9 years;St Kitts and Nevis;Caribbean Netherlands;2019;0;0;0
5885;Total male and female;5 to 9 years;St Kitts and Nevis;Caribbean Netherlands;2020;0;0;0
5886;Total male and female;5 to 9 years;St Kitts and Nevis;Caribbean Netherlands;2021;0;0;0
5887;Total male and female;5 to 9 years;St Kitts and Nevis;Caribbean Netherlands;2022;2;0;2
5888;Total male and female;5 to 9 years;St Kitts and Nevis;Caribbean Netherlands;2023;0;0;0
5889;Total male and female;5 to 9 years;St Kitts and Nevis;Bonaire;2011;0;0;0
5890;Total male and female;5 to 9 years;St Kitts and Nevis;Bonaire;2012;0;0;0
5891;Total male and female;5 to 9 years;St Kitts and Nevis;Bonaire;2013;0;0;0
5892;Total male and female;5 to 9 years;St Kitts and Nevis;Bonaire;2014;0;0;0
5893;Total male and female;5 to 9 years;St Kitts and Nevis;Bonaire;2015;0;0;0
5894;Total male and female;5 to 9 years;St Kitts and Nevis;Bonaire;2016;0;0;0
5895;Total male and female;5 to 9 years;St Kitts and Nevis;Bonaire;2017;0;0;0
5896;Total male and female;5 to 9 years;St Kitts and Nevis;Bonaire;2018;0;0;0
5897;Total male and female;5 to 9 years;St Kitts and Nevis;Bonaire;2019;0;0;0
5898;Total male and female;5 to 9 years;St Kitts and Nevis;Bonaire;2020;0;0;0
5899;Total male and female;5 to 9 years;St Kitts and Nevis;Bonaire;2021;0;0;0
5900;Total male and female;5 to 9 years;St Kitts and Nevis;Bonaire;2022;0;0;0
5901;Total male and female;5 to 9 years;St Kitts and Nevis;Bonaire;2023;0;0;0
5902;Total male and female;5 to 9 years;St Kitts and Nevis;St Eustatius;2011;0;0;0
5903;Total male and female;5 to 9 years;St Kitts and Nevis;St Eustatius;2012;1;0;1
5904;Total male and female;5 to 9 years;St Kitts and Nevis;St Eustatius;2013;1;0;1
5905;Total male and female;5 to 9 years;St Kitts and Nevis;St Eustatius;2014;0;0;0
5906;Total male and female;5 to 9 years;St Kitts and Nevis;St Eustatius;2015;0;0;0
5907;Total male and female;5 to 9 years;St Kitts and Nevis;St Eustatius;2016;0;0;0
5908;Total male and female;5 to 9 years;St Kitts and Nevis;St Eustatius;2017;0;1;-1
5909;Total male and female;5 to 9 years;St Kitts and Nevis;St Eustatius;2018;0;0;0
5910;Total male and female;5 to 9 years;St Kitts and Nevis;St Eustatius;2019;0;0;0
5911;Total male and female;5 to 9 years;St Kitts and Nevis;St Eustatius;2020;0;0;0
5912;Total male and female;5 to 9 years;St Kitts and Nevis;St Eustatius;2021;0;0;0
5913;Total male and female;5 to 9 years;St Kitts and Nevis;St Eustatius;2022;2;0;2
5914;Total male and female;5 to 9 years;St Kitts and Nevis;St Eustatius;2023;0;0;0
5915;Total male and female;5 to 9 years;St Kitts and Nevis;Saba;2011;0;0;0
5916;Total male and female;5 to 9 years;St Kitts and Nevis;Saba;2012;0;0;0
5917;Total male and female;5 to 9 years;St Kitts and Nevis;Saba;2013;0;0;0
5918;Total male and female;5 to 9 years;St Kitts and Nevis;Saba;2014;0;0;0
5919;Total male and female;5 to 9 years;St Kitts and Nevis;Saba;2015;0;0;0
5920;Total male and female;5 to 9 years;St Kitts and Nevis;Saba;2016;0;0;0
5921;Total male and female;5 to 9 years;St Kitts and Nevis;Saba;2017;0;0;0
5922;Total male and female;5 to 9 years;St Kitts and Nevis;Saba;2018;0;0;0
5923;Total male and female;5 to 9 years;St Kitts and Nevis;Saba;2019;0;0;0
5924;Total male and female;5 to 9 years;St Kitts and Nevis;Saba;2020;0;0;0
5925;Total male and female;5 to 9 years;St Kitts and Nevis;Saba;2021;0;0;0
5926;Total male and female;5 to 9 years;St Kitts and Nevis;Saba;2022;0;0;0
5927;Total male and female;5 to 9 years;St Kitts and Nevis;Saba;2023;0;0;0
5928;Total male and female;5 to 9 years;Saba;Caribbean Netherlands;2011;0;0;0
5929;Total male and female;5 to 9 years;Saba;Caribbean Netherlands;2012;1;1;0
5930;Total male and female;5 to 9 years;Saba;Caribbean Netherlands;2013;1;0;1
5931;Total male and female;5 to 9 years;Saba;Caribbean Netherlands;2014;0;0;0
5932;Total male and female;5 to 9 years;Saba;Caribbean Netherlands;2015;0;0;0
5933;Total male and female;5 to 9 years;Saba;Caribbean Netherlands;2016;0;1;-1
5934;Total male and female;5 to 9 years;Saba;Caribbean Netherlands;2017;0;0;0
5935;Total male and female;5 to 9 years;Saba;Caribbean Netherlands;2018;0;0;0
5936;Total male and female;5 to 9 years;Saba;Caribbean Netherlands;2019;0;0;0
5937;Total male and female;5 to 9 years;Saba;Caribbean Netherlands;2020;0;0;0
5938;Total male and female;5 to 9 years;Saba;Caribbean Netherlands;2021;0;0;0
5939;Total male and female;5 to 9 years;Saba;Caribbean Netherlands;2022;0;0;0
5940;Total male and female;5 to 9 years;Saba;Caribbean Netherlands;2023;0;0;0
5941;Total male and female;5 to 9 years;Saba;Bonaire;2011;0;0;0
5942;Total male and female;5 to 9 years;Saba;Bonaire;2012;0;0;0
5943;Total male and female;5 to 9 years;Saba;Bonaire;2013;0;0;0
5944;Total male and female;5 to 9 years;Saba;Bonaire;2014;0;0;0
5945;Total male and female;5 to 9 years;Saba;Bonaire;2015;0;0;0
5946;Total male and female;5 to 9 years;Saba;Bonaire;2016;0;0;0
5947;Total male and female;5 to 9 years;Saba;Bonaire;2017;0;0;0
5948;Total male and female;5 to 9 years;Saba;Bonaire;2018;0;0;0
5949;Total male and female;5 to 9 years;Saba;Bonaire;2019;0;0;0
5950;Total male and female;5 to 9 years;Saba;Bonaire;2020;0;0;0
5951;Total male and female;5 to 9 years;Saba;Bonaire;2021;0;0;0
5952;Total male and female;5 to 9 years;Saba;Bonaire;2022;0;0;0
5953;Total male and female;5 to 9 years;Saba;Bonaire;2023;0;0;0
5954;Total male and female;5 to 9 years;Saba;St Eustatius;2011;0;0;0
5955;Total male and female;5 to 9 years;Saba;St Eustatius;2012;0;0;0
5956;Total male and female;5 to 9 years;Saba;St Eustatius;2013;0;0;0
5957;Total male and female;5 to 9 years;Saba;St Eustatius;2014;0;0;0
5958;Total male and female;5 to 9 years;Saba;St Eustatius;2015;0;0;0
5959;Total male and female;5 to 9 years;Saba;St Eustatius;2016;0;0;0
5960;Total male and female;5 to 9 years;Saba;St Eustatius;2017;0;0;0
5961;Total male and female;5 to 9 years;Saba;St Eustatius;2018;0;0;0
5962;Total male and female;5 to 9 years;Saba;St Eustatius;2019;0;0;0
5963;Total male and female;5 to 9 years;Saba;St Eustatius;2020;0;0;0
5964;Total male and female;5 to 9 years;Saba;St Eustatius;2021;0;0;0
5965;Total male and female;5 to 9 years;Saba;St Eustatius;2022;0;0;0
5966;Total male and female;5 to 9 years;Saba;St Eustatius;2023;0;0;0
5967;Total male and female;5 to 9 years;Saba;Saba;2011;0;0;0
5968;Total male and female;5 to 9 years;Saba;Saba;2012;1;1;0
5969;Total male and female;5 to 9 years;Saba;Saba;2013;1;0;1
5970;Total male and female;5 to 9 years;Saba;Saba;2014;0;0;0
5971;Total male and female;5 to 9 years;Saba;Saba;2015;0;0;0
5972;Total male and female;5 to 9 years;Saba;Saba;2016;0;1;-1
5973;Total male and female;5 to 9 years;Saba;Saba;2017;0;0;0
5974;Total male and female;5 to 9 years;Saba;Saba;2018;0;0;0
5975;Total male and female;5 to 9 years;Saba;Saba;2019;0;0;0
5976;Total male and female;5 to 9 years;Saba;Saba;2020;0;0;0
5977;Total male and female;5 to 9 years;Saba;Saba;2021;0;0;0
5978;Total male and female;5 to 9 years;Saba;Saba;2022;0;0;0
5979;Total male and female;5 to 9 years;Saba;Saba;2023;0;0;0
5980;Total male and female;5 to 9 years;St Maarten (Dutch part);Caribbean Netherlands;2011;0;2;-2
5981;Total male and female;5 to 9 years;St Maarten (Dutch part);Caribbean Netherlands;2012;3;5;-2
5982;Total male and female;5 to 9 years;St Maarten (Dutch part);Caribbean Netherlands;2013;3;11;-8
5983;Total male and female;5 to 9 years;St Maarten (Dutch part);Caribbean Netherlands;2014;6;5;1
5984;Total male and female;5 to 9 years;St Maarten (Dutch part);Caribbean Netherlands;2015;1;1;0
5985;Total male and female;5 to 9 years;St Maarten (Dutch part);Caribbean Netherlands;2016;5;6;-1
5986;Total male and female;5 to 9 years;St Maarten (Dutch part);Caribbean Netherlands;2017;3;1;2
5987;Total male and female;5 to 9 years;St Maarten (Dutch part);Caribbean Netherlands;2018;8;7;1
5988;Total male and female;5 to 9 years;St Maarten (Dutch part);Caribbean Netherlands;2019;6;4;2
5989;Total male and female;5 to 9 years;St Maarten (Dutch part);Caribbean Netherlands;2020;3;5;-2
5990;Total male and female;5 to 9 years;St Maarten (Dutch part);Caribbean Netherlands;2021;4;7;-3
5991;Total male and female;5 to 9 years;St Maarten (Dutch part);Caribbean Netherlands;2022;3;3;0
5992;Total male and female;5 to 9 years;St Maarten (Dutch part);Caribbean Netherlands;2023;0;5;-5
5993;Total male and female;5 to 9 years;St Maarten (Dutch part);Bonaire;2011;0;0;0
5994;Total male and female;5 to 9 years;St Maarten (Dutch part);Bonaire;2012;0;0;0
5995;Total male and female;5 to 9 years;St Maarten (Dutch part);Bonaire;2013;0;0;0
5996;Total male and female;5 to 9 years;St Maarten (Dutch part);Bonaire;2014;3;0;3
5997;Total male and female;5 to 9 years;St Maarten (Dutch part);Bonaire;2015;0;1;-1
5998;Total male and female;5 to 9 years;St Maarten (Dutch part);Bonaire;2016;2;2;0
5999;Total male and female;5 to 9 years;St Maarten (Dutch part);Bonaire;2017;0;0;0
6000;Total male and female;5 to 9 years;St Maarten (Dutch part);Bonaire;2018;0;0;0
6001;Total male and female;5 to 9 years;St Maarten (Dutch part);Bonaire;2019;0;0;0
6002;Total male and female;5 to 9 years;St Maarten (Dutch part);Bonaire;2020;0;1;-1
6003;Total male and female;5 to 9 years;St Maarten (Dutch part);Bonaire;2021;1;2;-1
6004;Total male and female;5 to 9 years;St Maarten (Dutch part);Bonaire;2022;0;0;0
6005;Total male and female;5 to 9 years;St Maarten (Dutch part);Bonaire;2023;0;1;-1
6006;Total male and female;5 to 9 years;St Maarten (Dutch part);St Eustatius;2011;0;0;0
6007;Total male and female;5 to 9 years;St Maarten (Dutch part);St Eustatius;2012;3;3;0
6008;Total male and female;5 to 9 years;St Maarten (Dutch part);St Eustatius;2013;3;10;-7
6009;Total male and female;5 to 9 years;St Maarten (Dutch part);St Eustatius;2014;1;2;-1
6010;Total male and female;5 to 9 years;St Maarten (Dutch part);St Eustatius;2015;1;0;1
6011;Total male and female;5 to 9 years;St Maarten (Dutch part);St Eustatius;2016;1;3;-2
6012;Total male and female;5 to 9 years;St Maarten (Dutch part);St Eustatius;2017;1;1;0
6013;Total male and female;5 to 9 years;St Maarten (Dutch part);St Eustatius;2018;4;1;3
6014;Total male and female;5 to 9 years;St Maarten (Dutch part);St Eustatius;2019;3;3;0
6015;Total male and female;5 to 9 years;St Maarten (Dutch part);St Eustatius;2020;3;3;0
6016;Total male and female;5 to 9 years;St Maarten (Dutch part);St Eustatius;2021;3;1;2
6017;Total male and female;5 to 9 years;St Maarten (Dutch part);St Eustatius;2022;0;2;-2
6018;Total male and female;5 to 9 years;St Maarten (Dutch part);St Eustatius;2023;0;4;-4
6019;Total male and female;5 to 9 years;St Maarten (Dutch part);Saba;2011;0;2;-2
6020;Total male and female;5 to 9 years;St Maarten (Dutch part);Saba;2012;0;2;-2
6021;Total male and female;5 to 9 years;St Maarten (Dutch part);Saba;2013;0;1;-1
6022;Total male and female;5 to 9 years;St Maarten (Dutch part);Saba;2014;2;3;-1
6023;Total male and female;5 to 9 years;St Maarten (Dutch part);Saba;2015;0;0;0
6024;Total male and female;5 to 9 years;St Maarten (Dutch part);Saba;2016;2;1;1
6025;Total male and female;5 to 9 years;St Maarten (Dutch part);Saba;2017;2;0;2
6026;Total male and female;5 to 9 years;St Maarten (Dutch part);Saba;2018;4;6;-2
6027;Total male and female;5 to 9 years;St Maarten (Dutch part);Saba;2019;3;1;2
6028;Total male and female;5 to 9 years;St Maarten (Dutch part);Saba;2020;0;1;-1
6029;Total male and female;5 to 9 years;St Maarten (Dutch part);Saba;2021;0;4;-4
6030;Total male and female;5 to 9 years;St Maarten (Dutch part);Saba;2022;3;1;2
6031;Total male and female;5 to 9 years;St Maarten (Dutch part);Saba;2023;0;0;0
6032;Total male and female;5 to 9 years;Surinam;Caribbean Netherlands;2011;2;1;1
6033;Total male and female;5 to 9 years;Surinam;Caribbean Netherlands;2012;1;0;1
6034;Total male and female;5 to 9 years;Surinam;Caribbean Netherlands;2013;1;0;1
6035;Total male and female;5 to 9 years;Surinam;Caribbean Netherlands;2014;4;2;2
6036;Total male and female;5 to 9 years;Surinam;Caribbean Netherlands;2015;1;0;1
6037;Total male and female;5 to 9 years;Surinam;Caribbean Netherlands;2016;3;0;3
6038;Total male and female;5 to 9 years;Surinam;Caribbean Netherlands;2017;3;1;2
6039;Total male and female;5 to 9 years;Surinam;Caribbean Netherlands;2018;0;2;-2
6040;Total male and female;5 to 9 years;Surinam;Caribbean Netherlands;2019;2;0;2
6041;Total male and female;5 to 9 years;Surinam;Caribbean Netherlands;2020;1;0;1
6042;Total male and female;5 to 9 years;Surinam;Caribbean Netherlands;2021;4;0;4
6043;Total male and female;5 to 9 years;Surinam;Caribbean Netherlands;2022;6;0;6
6044;Total male and female;5 to 9 years;Surinam;Caribbean Netherlands;2023;7;0;7
6045;Total male and female;5 to 9 years;Surinam;Bonaire;2011;2;0;2
6046;Total male and female;5 to 9 years;Surinam;Bonaire;2012;1;0;1
6047;Total male and female;5 to 9 years;Surinam;Bonaire;2013;1;0;1
6048;Total male and female;5 to 9 years;Surinam;Bonaire;2014;1;1;0
6049;Total male and female;5 to 9 years;Surinam;Bonaire;2015;0;0;0
6050;Total male and female;5 to 9 years;Surinam;Bonaire;2016;2;0;2
6051;Total male and female;5 to 9 years;Surinam;Bonaire;2017;3;0;3
6052;Total male and female;5 to 9 years;Surinam;Bonaire;2018;0;1;-1
6053;Total male and female;5 to 9 years;Surinam;Bonaire;2019;1;0;1
6054;Total male and female;5 to 9 years;Surinam;Bonaire;2020;0;0;0
6055;Total male and female;5 to 9 years;Surinam;Bonaire;2021;4;0;4
6056;Total male and female;5 to 9 years;Surinam;Bonaire;2022;5;0;5
6057;Total male and female;5 to 9 years;Surinam;Bonaire;2023;4;0;4
6058;Total male and female;5 to 9 years;Surinam;St Eustatius;2011;0;0;0
6059;Total male and female;5 to 9 years;Surinam;St Eustatius;2012;0;0;0
6060;Total male and female;5 to 9 years;Surinam;St Eustatius;2013;0;0;0
6061;Total male and female;5 to 9 years;Surinam;St Eustatius;2014;1;1;0
6062;Total male and female;5 to 9 years;Surinam;St Eustatius;2015;1;0;1
6063;Total male and female;5 to 9 years;Surinam;St Eustatius;2016;1;0;1
6064;Total male and female;5 to 9 years;Surinam;St Eustatius;2017;0;1;-1
6065;Total male and female;5 to 9 years;Surinam;St Eustatius;2018;0;1;-1
6066;Total male and female;5 to 9 years;Surinam;St Eustatius;2019;1;0;1
6067;Total male and female;5 to 9 years;Surinam;St Eustatius;2020;0;0;0
6068;Total male and female;5 to 9 years;Surinam;St Eustatius;2021;0;0;0
6069;Total male and female;5 to 9 years;Surinam;St Eustatius;2022;0;0;0
6070;Total male and female;5 to 9 years;Surinam;St Eustatius;2023;2;0;2
6071;Total male and female;5 to 9 years;Surinam;Saba;2011;0;1;-1
6072;Total male and female;5 to 9 years;Surinam;Saba;2012;0;0;0
6073;Total male and female;5 to 9 years;Surinam;Saba;2013;0;0;0
6074;Total male and female;5 to 9 years;Surinam;Saba;2014;2;0;2
6075;Total male and female;5 to 9 years;Surinam;Saba;2015;0;0;0
6076;Total male and female;5 to 9 years;Surinam;Saba;2016;0;0;0
6077;Total male and female;5 to 9 years;Surinam;Saba;2017;0;0;0
6078;Total male and female;5 to 9 years;Surinam;Saba;2018;0;0;0
6079;Total male and female;5 to 9 years;Surinam;Saba;2019;0;0;0
6080;Total male and female;5 to 9 years;Surinam;Saba;2020;1;0;1
6081;Total male and female;5 to 9 years;Surinam;Saba;2021;0;0;0
6082;Total male and female;5 to 9 years;Surinam;Saba;2022;1;0;1
6083;Total male and female;5 to 9 years;Surinam;Saba;2023;1;0;1
6084;Total male and female;5 to 9 years;Trinidad and Tobago;Caribbean Netherlands;2011;0;0;0
6085;Total male and female;5 to 9 years;Trinidad and Tobago;Caribbean Netherlands;2012;2;0;2
6086;Total male and female;5 to 9 years;Trinidad and Tobago;Caribbean Netherlands;2013;0;0;0
6087;Total male and female;5 to 9 years;Trinidad and Tobago;Caribbean Netherlands;2014;1;0;1
6088;Total male and female;5 to 9 years;Trinidad and Tobago;Caribbean Netherlands;2015;0;0;0
6089;Total male and female;5 to 9 years;Trinidad and Tobago;Caribbean Netherlands;2016;2;0;2
6090;Total male and female;5 to 9 years;Trinidad and Tobago;Caribbean Netherlands;2017;0;0;0
6091;Total male and female;5 to 9 years;Trinidad and Tobago;Caribbean Netherlands;2018;0;0;0
6092;Total male and female;5 to 9 years;Trinidad and Tobago;Caribbean Netherlands;2019;0;0;0
6093;Total male and female;5 to 9 years;Trinidad and Tobago;Caribbean Netherlands;2020;0;0;0
6094;Total male and female;5 to 9 years;Trinidad and Tobago;Caribbean Netherlands;2021;0;0;0
6095;Total male and female;5 to 9 years;Trinidad and Tobago;Caribbean Netherlands;2022;5;0;5
6096;Total male and female;5 to 9 years;Trinidad and Tobago;Caribbean Netherlands;2023;1;0;1
6097;Total male and female;5 to 9 years;Trinidad and Tobago;Bonaire;2011;0;0;0
6098;Total male and female;5 to 9 years;Trinidad and Tobago;Bonaire;2012;0;0;0
6099;Total male and female;5 to 9 years;Trinidad and Tobago;Bonaire;2013;0;0;0
6100;Total male and female;5 to 9 years;Trinidad and Tobago;Bonaire;2014;1;0;1
6101;Total male and female;5 to 9 years;Trinidad and Tobago;Bonaire;2015;0;0;0
6102;Total male and female;5 to 9 years;Trinidad and Tobago;Bonaire;2016;0;0;0
6103;Total male and female;5 to 9 years;Trinidad and Tobago;Bonaire;2017;0;0;0
6104;Total male and female;5 to 9 years;Trinidad and Tobago;Bonaire;2018;0;0;0
6105;Total male and female;5 to 9 years;Trinidad and Tobago;Bonaire;2019;0;0;0
6106;Total male and female;5 to 9 years;Trinidad and Tobago;Bonaire;2020;0;0;0
6107;Total male and female;5 to 9 years;Trinidad and Tobago;Bonaire;2021;0;0;0
6108;Total male and female;5 to 9 years;Trinidad and Tobago;Bonaire;2022;3;0;3
6109;Total male and female;5 to 9 years;Trinidad and Tobago;Bonaire;2023;0;0;0
6110;Total male and female;5 to 9 years;Trinidad and Tobago;St Eustatius;2011;0;0;0
6111;Total male and female;5 to 9 years;Trinidad and Tobago;St Eustatius;2012;2;0;2
6112;Total male and female;5 to 9 years;Trinidad and Tobago;St Eustatius;2013;0;0;0
6113;Total male and female;5 to 9 years;Trinidad and Tobago;St Eustatius;2014;0;0;0
6114;Total male and female;5 to 9 years;Trinidad and Tobago;St Eustatius;2015;0;0;0
6115;Total male and female;5 to 9 years;Trinidad and Tobago;St Eustatius;2016;0;0;0
6116;Total male and female;5 to 9 years;Trinidad and Tobago;St Eustatius;2017;0;0;0
6117;Total male and female;5 to 9 years;Trinidad and Tobago;St Eustatius;2018;0;0;0
6118;Total male and female;5 to 9 years;Trinidad and Tobago;St Eustatius;2019;0;0;0
6119;Total male and female;5 to 9 years;Trinidad and Tobago;St Eustatius;2020;0;0;0
6120;Total male and female;5 to 9 years;Trinidad and Tobago;St Eustatius;2021;0;0;0
6121;Total male and female;5 to 9 years;Trinidad and Tobago;St Eustatius;2022;2;0;2
6122;Total male and female;5 to 9 years;Trinidad and Tobago;St Eustatius;2023;0;0;0
6123;Total male and female;5 to 9 years;Trinidad and Tobago;Saba;2011;0;0;0
6124;Total male and female;5 to 9 years;Trinidad and Tobago;Saba;2012;0;0;0
6125;Total male and female;5 to 9 years;Trinidad and Tobago;Saba;2013;0;0;0
6126;Total male and female;5 to 9 years;Trinidad and Tobago;Saba;2014;0;0;0
6127;Total male and female;5 to 9 years;Trinidad and Tobago;Saba;2015;0;0;0
6128;Total male and female;5 to 9 years;Trinidad and Tobago;Saba;2016;2;0;2
6129;Total male and female;5 to 9 years;Trinidad and Tobago;Saba;2017;0;0;0
6130;Total male and female;5 to 9 years;Trinidad and Tobago;Saba;2018;0;0;0
6131;Total male and female;5 to 9 years;Trinidad and Tobago;Saba;2019;0;0;0
6132;Total male and female;5 to 9 years;Trinidad and Tobago;Saba;2020;0;0;0
6133;Total male and female;5 to 9 years;Trinidad and Tobago;Saba;2021;0;0;0
6134;Total male and female;5 to 9 years;Trinidad and Tobago;Saba;2022;0;0;0
6135;Total male and female;5 to 9 years;Trinidad and Tobago;Saba;2023;1;0;1
6136;Total male and female;5 to 9 years;Venezuela;Caribbean Netherlands;2011;0;0;0
6137;Total male and female;5 to 9 years;Venezuela;Caribbean Netherlands;2012;0;0;0
6138;Total male and female;5 to 9 years;Venezuela;Caribbean Netherlands;2013;0;0;0
6139;Total male and female;5 to 9 years;Venezuela;Caribbean Netherlands;2014;3;0;3
6140;Total male and female;5 to 9 years;Venezuela;Caribbean Netherlands;2015;4;0;4
6141;Total male and female;5 to 9 years;Venezuela;Caribbean Netherlands;2016;5;0;5
6142;Total male and female;5 to 9 years;Venezuela;Caribbean Netherlands;2017;9;1;8
6143;Total male and female;5 to 9 years;Venezuela;Caribbean Netherlands;2018;5;0;5
6144;Total male and female;5 to 9 years;Venezuela;Caribbean Netherlands;2019;7;2;5
6145;Total male and female;5 to 9 years;Venezuela;Caribbean Netherlands;2020;3;1;2
6146;Total male and female;5 to 9 years;Venezuela;Caribbean Netherlands;2021;6;2;4
6147;Total male and female;5 to 9 years;Venezuela;Caribbean Netherlands;2022;12;1;11
6148;Total male and female;5 to 9 years;Venezuela;Caribbean Netherlands;2023;14;2;12
6149;Total male and female;5 to 9 years;Venezuela;Bonaire;2011;0;0;0
6150;Total male and female;5 to 9 years;Venezuela;Bonaire;2012;0;0;0
6151;Total male and female;5 to 9 years;Venezuela;Bonaire;2013;0;0;0
6152;Total male and female;5 to 9 years;Venezuela;Bonaire;2014;3;0;3
6153;Total male and female;5 to 9 years;Venezuela;Bonaire;2015;4;0;4
6154;Total male and female;5 to 9 years;Venezuela;Bonaire;2016;5;0;5
6155;Total male and female;5 to 9 years;Venezuela;Bonaire;2017;9;1;8
6156;Total male and female;5 to 9 years;Venezuela;Bonaire;2018;5;0;5
6157;Total male and female;5 to 9 years;Venezuela;Bonaire;2019;7;2;5
6158;Total male and female;5 to 9 years;Venezuela;Bonaire;2020;3;0;3
6159;Total male and female;5 to 9 years;Venezuela;Bonaire;2021;6;1;5
6160;Total male and female;5 to 9 years;Venezuela;Bonaire;2022;12;1;11
6161;Total male and female;5 to 9 years;Venezuela;Bonaire;2023;14;2;12
6162;Total male and female;5 to 9 years;Venezuela;St Eustatius;2011;0;0;0
6163;Total male and female;5 to 9 years;Venezuela;St Eustatius;2012;0;0;0
6164;Total male and female;5 to 9 years;Venezuela;St Eustatius;2013;0;0;0
6165;Total male and female;5 to 9 years;Venezuela;St Eustatius;2014;0;0;0
6166;Total male and female;5 to 9 years;Venezuela;St Eustatius;2015;0;0;0
6167;Total male and female;5 to 9 years;Venezuela;St Eustatius;2016;0;0;0
6168;Total male and female;5 to 9 years;Venezuela;St Eustatius;2017;0;0;0
6169;Total male and female;5 to 9 years;Venezuela;St Eustatius;2018;0;0;0
6170;Total male and female;5 to 9 years;Venezuela;St Eustatius;2019;0;0;0
6171;Total male and female;5 to 9 years;Venezuela;St Eustatius;2020;0;1;-1
6172;Total male and female;5 to 9 years;Venezuela;St Eustatius;2021;0;0;0
6173;Total male and female;5 to 9 years;Venezuela;St Eustatius;2022;0;0;0
6174;Total male and female;5 to 9 years;Venezuela;St Eustatius;2023;0;0;0
6175;Total male and female;5 to 9 years;Venezuela;Saba;2011;0;0;0
6176;Total male and female;5 to 9 years;Venezuela;Saba;2012;0;0;0
6177;Total male and female;5 to 9 years;Venezuela;Saba;2013;0;0;0
6178;Total male and female;5 to 9 years;Venezuela;Saba;2014;0;0;0
6179;Total male and female;5 to 9 years;Venezuela;Saba;2015;0;0;0
6180;Total male and female;5 to 9 years;Venezuela;Saba;2016;0;0;0
6181;Total male and female;5 to 9 years;Venezuela;Saba;2017;0;0;0
6182;Total male and female;5 to 9 years;Venezuela;Saba;2018;0;0;0
6183;Total male and female;5 to 9 years;Venezuela;Saba;2019;0;0;0
6184;Total male and female;5 to 9 years;Venezuela;Saba;2020;0;0;0
6185;Total male and female;5 to 9 years;Venezuela;Saba;2021;0;1;-1
6186;Total male and female;5 to 9 years;Venezuela;Saba;2022;0;0;0
6187;Total male and female;5 to 9 years;Venezuela;Saba;2023;0;0;0
6188;Total male and female;5 to 9 years;United States of America;Caribbean Netherlands;2011;5;1;4
6189;Total male and female;5 to 9 years;United States of America;Caribbean Netherlands;2012;4;6;-2
6190;Total male and female;5 to 9 years;United States of America;Caribbean Netherlands;2013;5;3;2
6191;Total male and female;5 to 9 years;United States of America;Caribbean Netherlands;2014;2;4;-2
6192;Total male and female;5 to 9 years;United States of America;Caribbean Netherlands;2015;1;3;-2
6193;Total male and female;5 to 9 years;United States of America;Caribbean Netherlands;2016;0;2;-2
6194;Total male and female;5 to 9 years;United States of America;Caribbean Netherlands;2017;0;0;0
6195;Total male and female;5 to 9 years;United States of America;Caribbean Netherlands;2018;0;1;-1
6196;Total male and female;5 to 9 years;United States of America;Caribbean Netherlands;2019;5;3;2
6197;Total male and female;5 to 9 years;United States of America;Caribbean Netherlands;2020;0;0;0
6198;Total male and female;5 to 9 years;United States of America;Caribbean Netherlands;2021;2;3;-1
6199;Total male and female;5 to 9 years;United States of America;Caribbean Netherlands;2022;0;1;-1
6200;Total male and female;5 to 9 years;United States of America;Caribbean Netherlands;2023;1;3;-2
6201;Total male and female;5 to 9 years;United States of America;Bonaire;2011;4;0;4
6202;Total male and female;5 to 9 years;United States of America;Bonaire;2012;3;2;1
6203;Total male and female;5 to 9 years;United States of America;Bonaire;2013;2;0;2
6204;Total male and female;5 to 9 years;United States of America;Bonaire;2014;0;3;-3
6205;Total male and female;5 to 9 years;United States of America;Bonaire;2015;0;0;0
6206;Total male and female;5 to 9 years;United States of America;Bonaire;2016;0;2;-2
6207;Total male and female;5 to 9 years;United States of America;Bonaire;2017;0;0;0
6208;Total male and female;5 to 9 years;United States of America;Bonaire;2018;0;0;0
6209;Total male and female;5 to 9 years;United States of America;Bonaire;2019;3;0;3
6210;Total male and female;5 to 9 years;United States of America;Bonaire;2020;0;0;0
6211;Total male and female;5 to 9 years;United States of America;Bonaire;2021;0;0;0
6212;Total male and female;5 to 9 years;United States of America;Bonaire;2022;0;0;0
6213;Total male and female;5 to 9 years;United States of America;Bonaire;2023;0;0;0
6214;Total male and female;5 to 9 years;United States of America;St Eustatius;2011;0;1;-1
6215;Total male and female;5 to 9 years;United States of America;St Eustatius;2012;1;0;1
6216;Total male and female;5 to 9 years;United States of America;St Eustatius;2013;2;2;0
6217;Total male and female;5 to 9 years;United States of America;St Eustatius;2014;2;1;1
6218;Total male and female;5 to 9 years;United States of America;St Eustatius;2015;1;3;-2
6219;Total male and female;5 to 9 years;United States of America;St Eustatius;2016;0;0;0
6220;Total male and female;5 to 9 years;United States of America;St Eustatius;2017;0;0;0
6221;Total male and female;5 to 9 years;United States of America;St Eustatius;2018;0;0;0
6222;Total male and female;5 to 9 years;United States of America;St Eustatius;2019;0;0;0
6223;Total male and female;5 to 9 years;United States of America;St Eustatius;2020;0;0;0
6224;Total male and female;5 to 9 years;United States of America;St Eustatius;2021;0;0;0
6225;Total male and female;5 to 9 years;United States of America;St Eustatius;2022;0;1;-1
6226;Total male and female;5 to 9 years;United States of America;St Eustatius;2023;1;1;0
6227;Total male and female;5 to 9 years;United States of America;Saba;2011;1;0;1
6228;Total male and female;5 to 9 years;United States of America;Saba;2012;0;4;-4
6229;Total male and female;5 to 9 years;United States of America;Saba;2013;1;1;0
6230;Total male and female;5 to 9 years;United States of America;Saba;2014;0;0;0
6231;Total male and female;5 to 9 years;United States of America;Saba;2015;0;0;0
6232;Total male and female;5 to 9 years;United States of America;Saba;2016;0;0;0
6233;Total male and female;5 to 9 years;United States of America;Saba;2017;0;0;0
6234;Total male and female;5 to 9 years;United States of America;Saba;2018;0;1;-1
6235;Total male and female;5 to 9 years;United States of America;Saba;2019;2;3;-1
6236;Total male and female;5 to 9 years;United States of America;Saba;2020;0;0;0
6237;Total male and female;5 to 9 years;United States of America;Saba;2021;2;3;-1
6238;Total male and female;5 to 9 years;United States of America;Saba;2022;0;0;0
6239;Total male and female;5 to 9 years;United States of America;Saba;2023;0;2;-2
6240;Total male and female;5 to 9 years;Other Asia;Caribbean Netherlands;2011;2;3;-1
6241;Total male and female;5 to 9 years;Other Asia;Caribbean Netherlands;2012;1;1;0
6242;Total male and female;5 to 9 years;Other Asia;Caribbean Netherlands;2013;1;0;1
6243;Total male and female;5 to 9 years;Other Asia;Caribbean Netherlands;2014;0;1;-1
6244;Total male and female;5 to 9 years;Other Asia;Caribbean Netherlands;2015;0;1;-1
6245;Total male and female;5 to 9 years;Other Asia;Caribbean Netherlands;2016;0;1;-1
6246;Total male and female;5 to 9 years;Other Asia;Caribbean Netherlands;2017;0;0;0
6247;Total male and female;5 to 9 years;Other Asia;Caribbean Netherlands;2018;3;3;0
6248;Total male and female;5 to 9 years;Other Asia;Caribbean Netherlands;2019;0;0;0
6249;Total male and female;5 to 9 years;Other Asia;Caribbean Netherlands;2020;0;0;0
6250;Total male and female;5 to 9 years;Other Asia;Caribbean Netherlands;2021;0;0;0
6251;Total male and female;5 to 9 years;Other Asia;Caribbean Netherlands;2022;2;1;1
6252;Total male and female;5 to 9 years;Other Asia;Caribbean Netherlands;2023;2;2;0
6253;Total male and female;5 to 9 years;Other Asia;Bonaire;2011;0;3;-3
6254;Total male and female;5 to 9 years;Other Asia;Bonaire;2012;0;0;0
6255;Total male and female;5 to 9 years;Other Asia;Bonaire;2013;0;0;0
6256;Total male and female;5 to 9 years;Other Asia;Bonaire;2014;0;0;0
6257;Total male and female;5 to 9 years;Other Asia;Bonaire;2015;0;0;0
6258;Total male and female;5 to 9 years;Other Asia;Bonaire;2016;0;0;0
6259;Total male and female;5 to 9 years;Other Asia;Bonaire;2017;0;0;0
6260;Total male and female;5 to 9 years;Other Asia;Bonaire;2018;1;3;-2
6261;Total male and female;5 to 9 years;Other Asia;Bonaire;2019;0;0;0
6262;Total male and female;5 to 9 years;Other Asia;Bonaire;2020;0;0;0
6263;Total male and female;5 to 9 years;Other Asia;Bonaire;2021;0;0;0
6264;Total male and female;5 to 9 years;Other Asia;Bonaire;2022;1;0;1
6265;Total male and female;5 to 9 years;Other Asia;Bonaire;2023;1;1;0
6266;Total male and female;5 to 9 years;Other Asia;St Eustatius;2011;2;0;2
6267;Total male and female;5 to 9 years;Other Asia;St Eustatius;2012;0;0;0
6268;Total male and female;5 to 9 years;Other Asia;St Eustatius;2013;0;0;0
6269;Total male and female;5 to 9 years;Other Asia;St Eustatius;2014;0;1;-1
6270;Total male and female;5 to 9 years;Other Asia;St Eustatius;2015;0;1;-1
6271;Total male and female;5 to 9 years;Other Asia;St Eustatius;2016;0;0;0
6272;Total male and female;5 to 9 years;Other Asia;St Eustatius;2017;0;0;0
6273;Total male and female;5 to 9 years;Other Asia;St Eustatius;2018;0;0;0
6274;Total male and female;5 to 9 years;Other Asia;St Eustatius;2019;0;0;0
6275;Total male and female;5 to 9 years;Other Asia;St Eustatius;2020;0;0;0
6276;Total male and female;5 to 9 years;Other Asia;St Eustatius;2021;0;0;0
6277;Total male and female;5 to 9 years;Other Asia;St Eustatius;2022;0;0;0
6278;Total male and female;5 to 9 years;Other Asia;St Eustatius;2023;0;0;0
6279;Total male and female;5 to 9 years;Other Asia;Saba;2011;0;0;0
6280;Total male and female;5 to 9 years;Other Asia;Saba;2012;1;1;0
6281;Total male and female;5 to 9 years;Other Asia;Saba;2013;1;0;1
6282;Total male and female;5 to 9 years;Other Asia;Saba;2014;0;0;0
6283;Total male and female;5 to 9 years;Other Asia;Saba;2015;0;0;0
6284;Total male and female;5 to 9 years;Other Asia;Saba;2016;0;1;-1
6285;Total male and female;5 to 9 years;Other Asia;Saba;2017;0;0;0
6286;Total male and female;5 to 9 years;Other Asia;Saba;2018;2;0;2
6287;Total male and female;5 to 9 years;Other Asia;Saba;2019;0;0;0
6288;Total male and female;5 to 9 years;Other Asia;Saba;2020;0;0;0
6289;Total male and female;5 to 9 years;Other Asia;Saba;2021;0;0;0
6290;Total male and female;5 to 9 years;Other Asia;Saba;2022;1;1;0
6291;Total male and female;5 to 9 years;Other Asia;Saba;2023;1;1;0
6292;Total male and female;5 to 9 years;Other Central and South America;Caribbean Netherlands;2011;1;0;1
6293;Total male and female;5 to 9 years;Other Central and South America;Caribbean Netherlands;2012;0;1;-1
6294;Total male and female;5 to 9 years;Other Central and South America;Caribbean Netherlands;2013;1;1;0
6295;Total male and female;5 to 9 years;Other Central and South America;Caribbean Netherlands;2014;0;0;0
6296;Total male and female;5 to 9 years;Other Central and South America;Caribbean Netherlands;2015;1;1;0
6297;Total male and female;5 to 9 years;Other Central and South America;Caribbean Netherlands;2016;0;0;0
6298;Total male and female;5 to 9 years;Other Central and South America;Caribbean Netherlands;2017;0;1;-1
6299;Total male and female;5 to 9 years;Other Central and South America;Caribbean Netherlands;2018;0;1;-1
6300;Total male and female;5 to 9 years;Other Central and South America;Caribbean Netherlands;2019;2;0;2
6301;Total male and female;5 to 9 years;Other Central and South America;Caribbean Netherlands;2020;0;0;0
6302;Total male and female;5 to 9 years;Other Central and South America;Caribbean Netherlands;2021;2;0;2
6303;Total male and female;5 to 9 years;Other Central and South America;Caribbean Netherlands;2022;1;0;1
6304;Total male and female;5 to 9 years;Other Central and South America;Caribbean Netherlands;2023;4;0;4
6305;Total male and female;5 to 9 years;Other Central and South America;Bonaire;2011;0;0;0
6306;Total male and female;5 to 9 years;Other Central and South America;Bonaire;2012;0;0;0
6307;Total male and female;5 to 9 years;Other Central and South America;Bonaire;2013;0;0;0
6308;Total male and female;5 to 9 years;Other Central and South America;Bonaire;2014;0;0;0
6309;Total male and female;5 to 9 years;Other Central and South America;Bonaire;2015;0;0;0
6310;Total male and female;5 to 9 years;Other Central and South America;Bonaire;2016;0;0;0
6311;Total male and female;5 to 9 years;Other Central and South America;Bonaire;2017;0;1;-1
6312;Total male and female;5 to 9 years;Other Central and South America;Bonaire;2018;0;1;-1
6313;Total male and female;5 to 9 years;Other Central and South America;Bonaire;2019;2;0;2
6314;Total male and female;5 to 9 years;Other Central and South America;Bonaire;2020;0;0;0
6315;Total male and female;5 to 9 years;Other Central and South America;Bonaire;2021;0;0;0
6316;Total male and female;5 to 9 years;Other Central and South America;Bonaire;2022;1;0;1
6317;Total male and female;5 to 9 years;Other Central and South America;Bonaire;2023;3;0;3
6318;Total male and female;5 to 9 years;Other Central and South America;St Eustatius;2011;1;0;1
6319;Total male and female;5 to 9 years;Other Central and South America;St Eustatius;2012;0;1;-1
6320;Total male and female;5 to 9 years;Other Central and South America;St Eustatius;2013;1;0;1
6321;Total male and female;5 to 9 years;Other Central and South America;St Eustatius;2014;0;0;0
6322;Total male and female;5 to 9 years;Other Central and South America;St Eustatius;2015;1;1;0
6323;Total male and female;5 to 9 years;Other Central and South America;St Eustatius;2016;0;0;0
6324;Total male and female;5 to 9 years;Other Central and South America;St Eustatius;2017;0;0;0
6325;Total male and female;5 to 9 years;Other Central and South America;St Eustatius;2018;0;0;0
6326;Total male and female;5 to 9 years;Other Central and South America;St Eustatius;2019;0;0;0
6327;Total male and female;5 to 9 years;Other Central and South America;St Eustatius;2020;0;0;0
6328;Total male and female;5 to 9 years;Other Central and South America;St Eustatius;2021;2;0;2
6329;Total male and female;5 to 9 years;Other Central and South America;St Eustatius;2022;0;0;0
6330;Total male and female;5 to 9 years;Other Central and South America;St Eustatius;2023;0;0;0
6331;Total male and female;5 to 9 years;Other Central and South America;Saba;2011;0;0;0
6332;Total male and female;5 to 9 years;Other Central and South America;Saba;2012;0;0;0
6333;Total male and female;5 to 9 years;Other Central and South America;Saba;2013;0;1;-1
6334;Total male and female;5 to 9 years;Other Central and South America;Saba;2014;0;0;0
6335;Total male and female;5 to 9 years;Other Central and South America;Saba;2015;0;0;0
6336;Total male and female;5 to 9 years;Other Central and South America;Saba;2016;0;0;0
6337;Total male and female;5 to 9 years;Other Central and South America;Saba;2017;0;0;0
6338;Total male and female;5 to 9 years;Other Central and South America;Saba;2018;0;0;0
6339;Total male and female;5 to 9 years;Other Central and South America;Saba;2019;0;0;0
6340;Total male and female;5 to 9 years;Other Central and South America;Saba;2020;0;0;0
6341;Total male and female;5 to 9 years;Other Central and South America;Saba;2021;0;0;0
6342;Total male and female;5 to 9 years;Other Central and South America;Saba;2022;0;0;0
6343;Total male and female;5 to 9 years;Other Central and South America;Saba;2023;1;0;1
6344;Total male and female;5 to 9 years;Other Europe;Caribbean Netherlands;2011;0;0;0
6345;Total male and female;5 to 9 years;Other Europe;Caribbean Netherlands;2012;0;0;0
6346;Total male and female;5 to 9 years;Other Europe;Caribbean Netherlands;2013;0;0;0
6347;Total male and female;5 to 9 years;Other Europe;Caribbean Netherlands;2014;0;0;0
6348;Total male and female;5 to 9 years;Other Europe;Caribbean Netherlands;2015;0;0;0
6349;Total male and female;5 to 9 years;Other Europe;Caribbean Netherlands;2016;0;0;0
6350;Total male and female;5 to 9 years;Other Europe;Caribbean Netherlands;2017;1;0;1
6351;Total male and female;5 to 9 years;Other Europe;Caribbean Netherlands;2018;0;2;-2
6352;Total male and female;5 to 9 years;Other Europe;Caribbean Netherlands;2019;0;0;0
6353;Total male and female;5 to 9 years;Other Europe;Caribbean Netherlands;2020;0;0;0
6354;Total male and female;5 to 9 years;Other Europe;Caribbean Netherlands;2021;2;0;2
6355;Total male and female;5 to 9 years;Other Europe;Caribbean Netherlands;2022;1;0;1
6356;Total male and female;5 to 9 years;Other Europe;Caribbean Netherlands;2023;0;1;-1
6357;Total male and female;5 to 9 years;Other Europe;Bonaire;2011;0;0;0
6358;Total male and female;5 to 9 years;Other Europe;Bonaire;2012;0;0;0
6359;Total male and female;5 to 9 years;Other Europe;Bonaire;2013;0;0;0
6360;Total male and female;5 to 9 years;Other Europe;Bonaire;2014;0;0;0
6361;Total male and female;5 to 9 years;Other Europe;Bonaire;2015;0;0;0
6362;Total male and female;5 to 9 years;Other Europe;Bonaire;2016;0;0;0
6363;Total male and female;5 to 9 years;Other Europe;Bonaire;2017;1;0;1
6364;Total male and female;5 to 9 years;Other Europe;Bonaire;2018;0;2;-2
6365;Total male and female;5 to 9 years;Other Europe;Bonaire;2019;0;0;0
6366;Total male and female;5 to 9 years;Other Europe;Bonaire;2020;0;0;0
6367;Total male and female;5 to 9 years;Other Europe;Bonaire;2021;1;0;1
6368;Total male and female;5 to 9 years;Other Europe;Bonaire;2022;1;0;1
6369;Total male and female;5 to 9 years;Other Europe;Bonaire;2023;0;0;0
6370;Total male and female;5 to 9 years;Other Europe;St Eustatius;2011;0;0;0
6371;Total male and female;5 to 9 years;Other Europe;St Eustatius;2012;0;0;0
6372;Total male and female;5 to 9 years;Other Europe;St Eustatius;2013;0;0;0
6373;Total male and female;5 to 9 years;Other Europe;St Eustatius;2014;0;0;0
6374;Total male and female;5 to 9 years;Other Europe;St Eustatius;2015;0;0;0
6375;Total male and female;5 to 9 years;Other Europe;St Eustatius;2016;0;0;0
6376;Total male and female;5 to 9 years;Other Europe;St Eustatius;2017;0;0;0
6377;Total male and female;5 to 9 years;Other Europe;St Eustatius;2018;0;0;0
6378;Total male and female;5 to 9 years;Other Europe;St Eustatius;2019;0;0;0
6379;Total male and female;5 to 9 years;Other Europe;St Eustatius;2020;0;0;0
6380;Total male and female;5 to 9 years;Other Europe;St Eustatius;2021;0;0;0
6381;Total male and female;5 to 9 years;Other Europe;St Eustatius;2022;0;0;0
6382;Total male and female;5 to 9 years;Other Europe;St Eustatius;2023;0;0;0
6383;Total male and female;5 to 9 years;Other Europe;Saba;2011;0;0;0
6384;Total male and female;5 to 9 years;Other Europe;Saba;2012;0;0;0
6385;Total male and female;5 to 9 years;Other Europe;Saba;2013;0;0;0
6386;Total male and female;5 to 9 years;Other Europe;Saba;2014;0;0;0
6387;Total male and female;5 to 9 years;Other Europe;Saba;2015;0;0;0
6388;Total male and female;5 to 9 years;Other Europe;Saba;2016;0;0;0
6389;Total male and female;5 to 9 years;Other Europe;Saba;2017;0;0;0
6390;Total male and female;5 to 9 years;Other Europe;Saba;2018;0;0;0
6391;Total male and female;5 to 9 years;Other Europe;Saba;2019;0;0;0
6392;Total male and female;5 to 9 years;Other Europe;Saba;2020;0;0;0
6393;Total male and female;5 to 9 years;Other Europe;Saba;2021;1;0;1
6394;Total male and female;5 to 9 years;Other Europe;Saba;2022;0;0;0
6395;Total male and female;5 to 9 years;Other Europe;Saba;2023;0;1;-1
6396;Total male and female;10 to 14 years;Total;Caribbean Netherlands;2011;84;33;51
6397;Total male and female;10 to 14 years;Total;Caribbean Netherlands;2012;79;70;9
6398;Total male and female;10 to 14 years;Total;Caribbean Netherlands;2013;100;60;40
6399;Total male and female;10 to 14 years;Total;Caribbean Netherlands;2014;79;66;13
6400;Total male and female;10 to 14 years;Total;Caribbean Netherlands;2015;77;72;5
6401;Total male and female;10 to 14 years;Total;Caribbean Netherlands;2016;79;65;14
6402;Total male and female;10 to 14 years;Total;Caribbean Netherlands;2017;68;78;-10
6403;Total male and female;10 to 14 years;Total;Caribbean Netherlands;2018;93;82;11
6404;Total male and female;10 to 14 years;Total;Caribbean Netherlands;2019;91;50;41
6405;Total male and female;10 to 14 years;Total;Caribbean Netherlands;2020;68;45;23
6406;Total male and female;10 to 14 years;Total;Caribbean Netherlands;2021;104;64;40
6407;Total male and female;10 to 14 years;Total;Caribbean Netherlands;2022;138;75;63
6408;Total male and female;10 to 14 years;Total;Caribbean Netherlands;2023;105;94;11
6409;Total male and female;10 to 14 years;Total;Bonaire;2011;71;20;51
6410;Total male and female;10 to 14 years;Total;Bonaire;2012;66;59;7
6411;Total male and female;10 to 14 years;Total;Bonaire;2013;86;36;50
6412;Total male and female;10 to 14 years;Total;Bonaire;2014;70;49;21
6413;Total male and female;10 to 14 years;Total;Bonaire;2015;61;59;2
6414;Total male and female;10 to 14 years;Total;Bonaire;2016;65;54;11
6415;Total male and female;10 to 14 years;Total;Bonaire;2017;49;65;-16
6416;Total male and female;10 to 14 years;Total;Bonaire;2018;76;52;24
6417;Total male and female;10 to 14 years;Total;Bonaire;2019;76;39;37
6418;Total male and female;10 to 14 years;Total;Bonaire;2020;55;34;21
6419;Total male and female;10 to 14 years;Total;Bonaire;2021;82;50;32
6420;Total male and female;10 to 14 years;Total;Bonaire;2022;119;61;58
6421;Total male and female;10 to 14 years;Total;Bonaire;2023;87;69;18
6422;Total male and female;10 to 14 years;Total;St Eustatius;2011;9;4;5
6423;Total male and female;10 to 14 years;Total;St Eustatius;2012;10;7;3
6424;Total male and female;10 to 14 years;Total;St Eustatius;2013;12;21;-9
6425;Total male and female;10 to 14 years;Total;St Eustatius;2014;5;16;-11
6426;Total male and female;10 to 14 years;Total;St Eustatius;2015;11;12;-1
6427;Total male and female;10 to 14 years;Total;St Eustatius;2016;12;7;5
6428;Total male and female;10 to 14 years;Total;St Eustatius;2017;14;6;8
6429;Total male and female;10 to 14 years;Total;St Eustatius;2018;10;20;-10
6430;Total male and female;10 to 14 years;Total;St Eustatius;2019;11;3;8
6431;Total male and female;10 to 14 years;Total;St Eustatius;2020;3;5;-2
6432;Total male and female;10 to 14 years;Total;St Eustatius;2021;11;5;6
6433;Total male and female;10 to 14 years;Total;St Eustatius;2022;8;12;-4
6434;Total male and female;10 to 14 years;Total;St Eustatius;2023;12;21;-9
6435;Total male and female;10 to 14 years;Total;Saba;2011;4;9;-5
6436;Total male and female;10 to 14 years;Total;Saba;2012;3;4;-1
6437;Total male and female;10 to 14 years;Total;Saba;2013;2;3;-1
6438;Total male and female;10 to 14 years;Total;Saba;2014;4;1;3
6439;Total male and female;10 to 14 years;Total;Saba;2015;5;1;4
6440;Total male and female;10 to 14 years;Total;Saba;2016;2;4;-2
6441;Total male and female;10 to 14 years;Total;Saba;2017;5;7;-2
6442;Total male and female;10 to 14 years;Total;Saba;2018;7;10;-3
6443;Total male and female;10 to 14 years;Total;Saba;2019;4;8;-4
6444;Total male and female;10 to 14 years;Total;Saba;2020;10;6;4
6445;Total male and female;10 to 14 years;Total;Saba;2021;11;9;2
6446;Total male and female;10 to 14 years;Total;Saba;2022;11;2;9
6447;Total male and female;10 to 14 years;Total;Saba;2023;6;4;2
6448;Total male and female;10 to 14 years;Born outside the Caribbean Netherlands;Caribbean Netherlands;2011;78;26;52
6449;Total male and female;10 to 14 years;Born outside the Caribbean Netherlands;Caribbean Netherlands;2012;76;57;19
6450;Total male and female;10 to 14 years;Born outside the Caribbean Netherlands;Caribbean Netherlands;2013;93;49;44
6451;Total male and female;10 to 14 years;Born outside the Caribbean Netherlands;Caribbean Netherlands;2014;72;60;12
6452;Total male and female;10 to 14 years;Born outside the Caribbean Netherlands;Caribbean Netherlands;2015;71;62;9
6453;Total male and female;10 to 14 years;Born outside the Caribbean Netherlands;Caribbean Netherlands;2016;73;56;17
6454;Total male and female;10 to 14 years;Born outside the Caribbean Netherlands;Caribbean Netherlands;2017;61;67;-6
6455;Total male and female;10 to 14 years;Born outside the Caribbean Netherlands;Caribbean Netherlands;2018;86;60;26
6456;Total male and female;10 to 14 years;Born outside the Caribbean Netherlands;Caribbean Netherlands;2019;82;40;42
6457;Total male and female;10 to 14 years;Born outside the Caribbean Netherlands;Caribbean Netherlands;2020;58;34;24
6458;Total male and female;10 to 14 years;Born outside the Caribbean Netherlands;Caribbean Netherlands;2021;99;52;47
6459;Total male and female;10 to 14 years;Born outside the Caribbean Netherlands;Caribbean Netherlands;2022;130;54;76
6460;Total male and female;10 to 14 years;Born outside the Caribbean Netherlands;Caribbean Netherlands;2023;101;65;36
6461;Total male and female;10 to 14 years;Born outside the Caribbean Netherlands;Bonaire;2011;65;15;50
6462;Total male and female;10 to 14 years;Born outside the Caribbean Netherlands;Bonaire;2012;63;47;16
6463;Total male and female;10 to 14 years;Born outside the Caribbean Netherlands;Bonaire;2013;79;30;49
6464;Total male and female;10 to 14 years;Born outside the Caribbean Netherlands;Bonaire;2014;64;43;21
6465;Total male and female;10 to 14 years;Born outside the Caribbean Netherlands;Bonaire;2015;56;50;6
6466;Total male and female;10 to 14 years;Born outside the Caribbean Netherlands;Bonaire;2016;59;46;13
6467;Total male and female;10 to 14 years;Born outside the Caribbean Netherlands;Bonaire;2017;42;54;-12
6468;Total male and female;10 to 14 years;Born outside the Caribbean Netherlands;Bonaire;2018;69;37;32
6469;Total male and female;10 to 14 years;Born outside the Caribbean Netherlands;Bonaire;2019;67;29;38
6470;Total male and female;10 to 14 years;Born outside the Caribbean Netherlands;Bonaire;2020;46;23;23
6471;Total male and female;10 to 14 years;Born outside the Caribbean Netherlands;Bonaire;2021;78;40;38
6472;Total male and female;10 to 14 years;Born outside the Caribbean Netherlands;Bonaire;2022;111;42;69
6473;Total male and female;10 to 14 years;Born outside the Caribbean Netherlands;Bonaire;2023;84;45;39
6474;Total male and female;10 to 14 years;Born outside the Caribbean Netherlands;St Eustatius;2011;9;3;6
6475;Total male and female;10 to 14 years;Born outside the Caribbean Netherlands;St Eustatius;2012;10;6;4
6476;Total male and female;10 to 14 years;Born outside the Caribbean Netherlands;St Eustatius;2013;12;16;-4
6477;Total male and female;10 to 14 years;Born outside the Caribbean Netherlands;St Eustatius;2014;4;16;-12
6478;Total male and female;10 to 14 years;Born outside the Caribbean Netherlands;St Eustatius;2015;10;11;-1
6479;Total male and female;10 to 14 years;Born outside the Caribbean Netherlands;St Eustatius;2016;12;7;5
6480;Total male and female;10 to 14 years;Born outside the Caribbean Netherlands;St Eustatius;2017;14;6;8
6481;Total male and female;10 to 14 years;Born outside the Caribbean Netherlands;St Eustatius;2018;10;14;-4
6482;Total male and female;10 to 14 years;Born outside the Caribbean Netherlands;St Eustatius;2019;11;3;8
6483;Total male and female;10 to 14 years;Born outside the Caribbean Netherlands;St Eustatius;2020;3;5;-2
6484;Total male and female;10 to 14 years;Born outside the Caribbean Netherlands;St Eustatius;2021;10;4;6
6485;Total male and female;10 to 14 years;Born outside the Caribbean Netherlands;St Eustatius;2022;8;10;-2
6486;Total male and female;10 to 14 years;Born outside the Caribbean Netherlands;St Eustatius;2023;11;16;-5
6487;Total male and female;10 to 14 years;Born outside the Caribbean Netherlands;Saba;2011;4;8;-4
6488;Total male and female;10 to 14 years;Born outside the Caribbean Netherlands;Saba;2012;3;4;-1
6489;Total male and female;10 to 14 years;Born outside the Caribbean Netherlands;Saba;2013;2;3;-1
6490;Total male and female;10 to 14 years;Born outside the Caribbean Netherlands;Saba;2014;4;1;3
6491;Total male and female;10 to 14 years;Born outside the Caribbean Netherlands;Saba;2015;5;1;4
6492;Total male and female;10 to 14 years;Born outside the Caribbean Netherlands;Saba;2016;2;3;-1
6493;Total male and female;10 to 14 years;Born outside the Caribbean Netherlands;Saba;2017;5;7;-2
6494;Total male and female;10 to 14 years;Born outside the Caribbean Netherlands;Saba;2018;7;9;-2
6495;Total male and female;10 to 14 years;Born outside the Caribbean Netherlands;Saba;2019;4;8;-4
6496;Total male and female;10 to 14 years;Born outside the Caribbean Netherlands;Saba;2020;9;6;3
6497;Total male and female;10 to 14 years;Born outside the Caribbean Netherlands;Saba;2021;11;8;3
6498;Total male and female;10 to 14 years;Born outside the Caribbean Netherlands;Saba;2022;11;2;9
6499;Total male and female;10 to 14 years;Born outside the Caribbean Netherlands;Saba;2023;6;4;2
6500;Total male and female;10 to 14 years;Born outside Dutch Caribbean;Caribbean Netherlands;2011;56;21;35
6501;Total male and female;10 to 14 years;Born outside Dutch Caribbean;Caribbean Netherlands;2012;54;40;14
6502;Total male and female;10 to 14 years;Born outside Dutch Caribbean;Caribbean Netherlands;2013;76;39;37
6503;Total male and female;10 to 14 years;Born outside Dutch Caribbean;Caribbean Netherlands;2014;52;43;9
6504;Total male and female;10 to 14 years;Born outside Dutch Caribbean;Caribbean Netherlands;2015;56;48;8
6505;Total male and female;10 to 14 years;Born outside Dutch Caribbean;Caribbean Netherlands;2016;54;41;13
6506;Total male and female;10 to 14 years;Born outside Dutch Caribbean;Caribbean Netherlands;2017;48;51;-3
6507;Total male and female;10 to 14 years;Born outside Dutch Caribbean;Caribbean Netherlands;2018;61;37;24
6508;Total male and female;10 to 14 years;Born outside Dutch Caribbean;Caribbean Netherlands;2019;65;27;38
6509;Total male and female;10 to 14 years;Born outside Dutch Caribbean;Caribbean Netherlands;2020;42;23;19
6510;Total male and female;10 to 14 years;Born outside Dutch Caribbean;Caribbean Netherlands;2021;63;38;25
6511;Total male and female;10 to 14 years;Born outside Dutch Caribbean;Caribbean Netherlands;2022;102;28;74
6512;Total male and female;10 to 14 years;Born outside Dutch Caribbean;Caribbean Netherlands;2023;82;40;42
6513;Total male and female;10 to 14 years;Born outside Dutch Caribbean;Bonaire;2011;45;10;35
6514;Total male and female;10 to 14 years;Born outside Dutch Caribbean;Bonaire;2012;44;32;12
6515;Total male and female;10 to 14 years;Born outside Dutch Caribbean;Bonaire;2013;63;24;39
6516;Total male and female;10 to 14 years;Born outside Dutch Caribbean;Bonaire;2014;44;33;11
6517;Total male and female;10 to 14 years;Born outside Dutch Caribbean;Bonaire;2015;43;40;3
6518;Total male and female;10 to 14 years;Born outside Dutch Caribbean;Bonaire;2016;45;36;9
6519;Total male and female;10 to 14 years;Born outside Dutch Caribbean;Bonaire;2017;37;43;-6
6520;Total male and female;10 to 14 years;Born outside Dutch Caribbean;Bonaire;2018;53;27;26
6521;Total male and female;10 to 14 years;Born outside Dutch Caribbean;Bonaire;2019;51;20;31
6522;Total male and female;10 to 14 years;Born outside Dutch Caribbean;Bonaire;2020;32;17;15
6523;Total male and female;10 to 14 years;Born outside Dutch Caribbean;Bonaire;2021;52;31;21
6524;Total male and female;10 to 14 years;Born outside Dutch Caribbean;Bonaire;2022;86;24;62
6525;Total male and female;10 to 14 years;Born outside Dutch Caribbean;Bonaire;2023;70;27;43
6526;Total male and female;10 to 14 years;Born outside Dutch Caribbean;St Eustatius;2011;8;3;5
6527;Total male and female;10 to 14 years;Born outside Dutch Caribbean;St Eustatius;2012;8;5;3
6528;Total male and female;10 to 14 years;Born outside Dutch Caribbean;St Eustatius;2013;11;12;-1
6529;Total male and female;10 to 14 years;Born outside Dutch Caribbean;St Eustatius;2014;4;10;-6
6530;Total male and female;10 to 14 years;Born outside Dutch Caribbean;St Eustatius;2015;8;7;1
6531;Total male and female;10 to 14 years;Born outside Dutch Caribbean;St Eustatius;2016;7;4;3
6532;Total male and female;10 to 14 years;Born outside Dutch Caribbean;St Eustatius;2017;8;4;4
6533;Total male and female;10 to 14 years;Born outside Dutch Caribbean;St Eustatius;2018;5;6;-1
6534;Total male and female;10 to 14 years;Born outside Dutch Caribbean;St Eustatius;2019;10;2;8
6535;Total male and female;10 to 14 years;Born outside Dutch Caribbean;St Eustatius;2020;1;4;-3
6536;Total male and female;10 to 14 years;Born outside Dutch Caribbean;St Eustatius;2021;3;1;2
6537;Total male and female;10 to 14 years;Born outside Dutch Caribbean;St Eustatius;2022;6;2;4
6538;Total male and female;10 to 14 years;Born outside Dutch Caribbean;St Eustatius;2023;8;10;-2
6539;Total male and female;10 to 14 years;Born outside Dutch Caribbean;Saba;2011;3;8;-5
6540;Total male and female;10 to 14 years;Born outside Dutch Caribbean;Saba;2012;2;3;-1
6541;Total male and female;10 to 14 years;Born outside Dutch Caribbean;Saba;2013;2;3;-1
6542;Total male and female;10 to 14 years;Born outside Dutch Caribbean;Saba;2014;4;0;4
6543;Total male and female;10 to 14 years;Born outside Dutch Caribbean;Saba;2015;5;1;4
6544;Total male and female;10 to 14 years;Born outside Dutch Caribbean;Saba;2016;2;1;1
6545;Total male and female;10 to 14 years;Born outside Dutch Caribbean;Saba;2017;3;4;-1
6546;Total male and female;10 to 14 years;Born outside Dutch Caribbean;Saba;2018;3;4;-1
6547;Total male and female;10 to 14 years;Born outside Dutch Caribbean;Saba;2019;4;5;-1
6548;Total male and female;10 to 14 years;Born outside Dutch Caribbean;Saba;2020;9;2;7
6549;Total male and female;10 to 14 years;Born outside Dutch Caribbean;Saba;2021;8;6;2
6550;Total male and female;10 to 14 years;Born outside Dutch Caribbean;Saba;2022;10;2;8
6551;Total male and female;10 to 14 years;Born outside Dutch Caribbean;Saba;2023;4;3;1
6552;Total male and female;10 to 14 years;Born outside Kingdom of the Netherlands;Caribbean Netherlands;2011;26;12;14
6553;Total male and female;10 to 14 years;Born outside Kingdom of the Netherlands;Caribbean Netherlands;2012;31;8;23
6554;Total male and female;10 to 14 years;Born outside Kingdom of the Netherlands;Caribbean Netherlands;2013;21;12;9
6555;Total male and female;10 to 14 years;Born outside Kingdom of the Netherlands;Caribbean Netherlands;2014;14;10;4
6556;Total male and female;10 to 14 years;Born outside Kingdom of the Netherlands;Caribbean Netherlands;2015;25;12;13
6557;Total male and female;10 to 14 years;Born outside Kingdom of the Netherlands;Caribbean Netherlands;2016;28;10;18
6558;Total male and female;10 to 14 years;Born outside Kingdom of the Netherlands;Caribbean Netherlands;2017;20;16;4
6559;Total male and female;10 to 14 years;Born outside Kingdom of the Netherlands;Caribbean Netherlands;2018;28;12;16
6560;Total male and female;10 to 14 years;Born outside Kingdom of the Netherlands;Caribbean Netherlands;2019;31;4;27
6561;Total male and female;10 to 14 years;Born outside Kingdom of the Netherlands;Caribbean Netherlands;2020;20;6;14
6562;Total male and female;10 to 14 years;Born outside Kingdom of the Netherlands;Caribbean Netherlands;2021;27;7;20
6563;Total male and female;10 to 14 years;Born outside Kingdom of the Netherlands;Caribbean Netherlands;2022;52;1;51
6564;Total male and female;10 to 14 years;Born outside Kingdom of the Netherlands;Caribbean Netherlands;2023;54;13;41
6565;Total male and female;10 to 14 years;Born outside Kingdom of the Netherlands;Bonaire;2011;18;2;16
6566;Total male and female;10 to 14 years;Born outside Kingdom of the Netherlands;Bonaire;2012;24;4;20
6567;Total male and female;10 to 14 years;Born outside Kingdom of the Netherlands;Bonaire;2013;11;0;11
6568;Total male and female;10 to 14 years;Born outside Kingdom of the Netherlands;Bonaire;2014;10;2;8
6569;Total male and female;10 to 14 years;Born outside Kingdom of the Netherlands;Bonaire;2015;15;6;9
6570;Total male and female;10 to 14 years;Born outside Kingdom of the Netherlands;Bonaire;2016;24;9;15
6571;Total male and female;10 to 14 years;Born outside Kingdom of the Netherlands;Bonaire;2017;14;9;5
6572;Total male and female;10 to 14 years;Born outside Kingdom of the Netherlands;Bonaire;2018;23;6;17
6573;Total male and female;10 to 14 years;Born outside Kingdom of the Netherlands;Bonaire;2019;21;1;20
6574;Total male and female;10 to 14 years;Born outside Kingdom of the Netherlands;Bonaire;2020;14;3;11
6575;Total male and female;10 to 14 years;Born outside Kingdom of the Netherlands;Bonaire;2021;19;6;13
6576;Total male and female;10 to 14 years;Born outside Kingdom of the Netherlands;Bonaire;2022;40;0;40
6577;Total male and female;10 to 14 years;Born outside Kingdom of the Netherlands;Bonaire;2023;42;4;38
6578;Total male and female;10 to 14 years;Born outside Kingdom of the Netherlands;St Eustatius;2011;6;2;4
6579;Total male and female;10 to 14 years;Born outside Kingdom of the Netherlands;St Eustatius;2012;5;1;4
6580;Total male and female;10 to 14 years;Born outside Kingdom of the Netherlands;St Eustatius;2013;9;10;-1
6581;Total male and female;10 to 14 years;Born outside Kingdom of the Netherlands;St Eustatius;2014;3;8;-5
6582;Total male and female;10 to 14 years;Born outside Kingdom of the Netherlands;St Eustatius;2015;6;6;0
6583;Total male and female;10 to 14 years;Born outside Kingdom of the Netherlands;St Eustatius;2016;4;1;3
6584;Total male and female;10 to 14 years;Born outside Kingdom of the Netherlands;St Eustatius;2017;4;4;0
6585;Total male and female;10 to 14 years;Born outside Kingdom of the Netherlands;St Eustatius;2018;2;3;-1
6586;Total male and female;10 to 14 years;Born outside Kingdom of the Netherlands;St Eustatius;2019;6;1;5
6587;Total male and female;10 to 14 years;Born outside Kingdom of the Netherlands;St Eustatius;2020;1;1;0
6588;Total male and female;10 to 14 years;Born outside Kingdom of the Netherlands;St Eustatius;2021;3;0;3
6589;Total male and female;10 to 14 years;Born outside Kingdom of the Netherlands;St Eustatius;2022;4;1;3
6590;Total male and female;10 to 14 years;Born outside Kingdom of the Netherlands;St Eustatius;2023;8;8;0
6591;Total male and female;10 to 14 years;Born outside Kingdom of the Netherlands;Saba;2011;2;8;-6
6592;Total male and female;10 to 14 years;Born outside Kingdom of the Netherlands;Saba;2012;2;3;-1
6593;Total male and female;10 to 14 years;Born outside Kingdom of the Netherlands;Saba;2013;1;2;-1
6594;Total male and female;10 to 14 years;Born outside Kingdom of the Netherlands;Saba;2014;1;0;1
6595;Total male and female;10 to 14 years;Born outside Kingdom of the Netherlands;Saba;2015;4;0;4
6596;Total male and female;10 to 14 years;Born outside Kingdom of the Netherlands;Saba;2016;0;0;0
6597;Total male and female;10 to 14 years;Born outside Kingdom of the Netherlands;Saba;2017;2;3;-1
6598;Total male and female;10 to 14 years;Born outside Kingdom of the Netherlands;Saba;2018;3;3;0
6599;Total male and female;10 to 14 years;Born outside Kingdom of the Netherlands;Saba;2019;4;2;2
6600;Total male and female;10 to 14 years;Born outside Kingdom of the Netherlands;Saba;2020;5;2;3
6601;Total male and female;10 to 14 years;Born outside Kingdom of the Netherlands;Saba;2021;5;1;4
6602;Total male and female;10 to 14 years;Born outside Kingdom of the Netherlands;Saba;2022;8;0;8
6603;Total male and female;10 to 14 years;Born outside Kingdom of the Netherlands;Saba;2023;4;1;3
6604;Total male and female;10 to 14 years;Africa;Caribbean Netherlands;2011;0;0;0
6605;Total male and female;10 to 14 years;Africa;Caribbean Netherlands;2012;0;0;0
6606;Total male and female;10 to 14 years;Africa;Caribbean Netherlands;2013;0;0;0
6607;Total male and female;10 to 14 years;Africa;Caribbean Netherlands;2014;0;0;0
6608;Total male and female;10 to 14 years;Africa;Caribbean Netherlands;2015;0;0;0
6609;Total male and female;10 to 14 years;Africa;Caribbean Netherlands;2016;0;0;0
6610;Total male and female;10 to 14 years;Africa;Caribbean Netherlands;2017;0;0;0
6611;Total male and female;10 to 14 years;Africa;Caribbean Netherlands;2018;1;0;1
6612;Total male and female;10 to 14 years;Africa;Caribbean Netherlands;2019;0;1;-1
6613;Total male and female;10 to 14 years;Africa;Caribbean Netherlands;2020;0;0;0
6614;Total male and female;10 to 14 years;Africa;Caribbean Netherlands;2021;0;1;-1
6615;Total male and female;10 to 14 years;Africa;Caribbean Netherlands;2022;3;0;3
6616;Total male and female;10 to 14 years;Africa;Caribbean Netherlands;2023;0;0;0
6617;Total male and female;10 to 14 years;Africa;Bonaire;2011;0;0;0
6618;Total male and female;10 to 14 years;Africa;Bonaire;2012;0;0;0
6619;Total male and female;10 to 14 years;Africa;Bonaire;2013;0;0;0
6620;Total male and female;10 to 14 years;Africa;Bonaire;2014;0;0;0
6621;Total male and female;10 to 14 years;Africa;Bonaire;2015;0;0;0
6622;Total male and female;10 to 14 years;Africa;Bonaire;2016;0;0;0
6623;Total male and female;10 to 14 years;Africa;Bonaire;2017;0;0;0
6624;Total male and female;10 to 14 years;Africa;Bonaire;2018;0;0;0
6625;Total male and female;10 to 14 years;Africa;Bonaire;2019;0;0;0
6626;Total male and female;10 to 14 years;Africa;Bonaire;2020;0;0;0
6627;Total male and female;10 to 14 years;Africa;Bonaire;2021;0;1;-1
6628;Total male and female;10 to 14 years;Africa;Bonaire;2022;0;0;0
6629;Total male and female;10 to 14 years;Africa;Bonaire;2023;0;0;0
6630;Total male and female;10 to 14 years;Africa;St Eustatius;2011;0;0;0
6631;Total male and female;10 to 14 years;Africa;St Eustatius;2012;0;0;0
6632;Total male and female;10 to 14 years;Africa;St Eustatius;2013;0;0;0
6633;Total male and female;10 to 14 years;Africa;St Eustatius;2014;0;0;0
6634;Total male and female;10 to 14 years;Africa;St Eustatius;2015;0;0;0
6635;Total male and female;10 to 14 years;Africa;St Eustatius;2016;0;0;0
6636;Total male and female;10 to 14 years;Africa;St Eustatius;2017;0;0;0
6637;Total male and female;10 to 14 years;Africa;St Eustatius;2018;0;0;0
6638;Total male and female;10 to 14 years;Africa;St Eustatius;2019;0;0;0
6639;Total male and female;10 to 14 years;Africa;St Eustatius;2020;0;0;0
6640;Total male and female;10 to 14 years;Africa;St Eustatius;2021;0;0;0
6641;Total male and female;10 to 14 years;Africa;St Eustatius;2022;0;0;0
6642;Total male and female;10 to 14 years;Africa;St Eustatius;2023;0;0;0
6643;Total male and female;10 to 14 years;Africa;Saba;2011;0;0;0
6644;Total male and female;10 to 14 years;Africa;Saba;2012;0;0;0
6645;Total male and female;10 to 14 years;Africa;Saba;2013;0;0;0
6646;Total male and female;10 to 14 years;Africa;Saba;2014;0;0;0
6647;Total male and female;10 to 14 years;Africa;Saba;2015;0;0;0
6648;Total male and female;10 to 14 years;Africa;Saba;2016;0;0;0
6649;Total male and female;10 to 14 years;Africa;Saba;2017;0;0;0
6650;Total male and female;10 to 14 years;Africa;Saba;2018;1;0;1
6651;Total male and female;10 to 14 years;Africa;Saba;2019;0;1;-1
6652;Total male and female;10 to 14 years;Africa;Saba;2020;0;0;0
6653;Total male and female;10 to 14 years;Africa;Saba;2021;0;0;0
6654;Total male and female;10 to 14 years;Africa;Saba;2022;3;0;3
6655;Total male and female;10 to 14 years;Africa;Saba;2023;0;0;0
6656;Total male and female;10 to 14 years;America;Caribbean Netherlands;2011;47;24;23
6657;Total male and female;10 to 14 years;America;Caribbean Netherlands;2012;53;35;18
6658;Total male and female;10 to 14 years;America;Caribbean Netherlands;2013;41;30;11
6659;Total male and female;10 to 14 years;America;Caribbean Netherlands;2014;38;30;8
6660;Total male and female;10 to 14 years;America;Caribbean Netherlands;2015;42;32;10
6661;Total male and female;10 to 14 years;America;Caribbean Netherlands;2016;50;31;19
6662;Total male and female;10 to 14 years;America;Caribbean Netherlands;2017;36;42;-6
6663;Total male and female;10 to 14 years;America;Caribbean Netherlands;2018;57;51;6
6664;Total male and female;10 to 14 years;America;Caribbean Netherlands;2019;55;26;29
6665;Total male and female;10 to 14 years;America;Caribbean Netherlands;2020;43;25;18
6666;Total male and female;10 to 14 years;America;Caribbean Netherlands;2021;66;32;34
6667;Total male and female;10 to 14 years;America;Caribbean Netherlands;2022;82;47;35
6668;Total male and female;10 to 14 years;America;Caribbean Netherlands;2023;75;65;10
6669;Total male and female;10 to 14 years;America;Bonaire;2011;39;12;27
6670;Total male and female;10 to 14 years;America;Bonaire;2012;43;30;13
6671;Total male and female;10 to 14 years;America;Bonaire;2013;31;12;19
6672;Total male and female;10 to 14 years;America;Bonaire;2014;33;18;15
6673;Total male and female;10 to 14 years;America;Bonaire;2015;32;21;11
6674;Total male and female;10 to 14 years;America;Bonaire;2016;41;24;17
6675;Total male and female;10 to 14 years;America;Bonaire;2017;23;30;-7
6676;Total male and female;10 to 14 years;America;Bonaire;2018;45;28;17
6677;Total male and female;10 to 14 years;America;Bonaire;2019;44;20;24
6678;Total male and female;10 to 14 years;America;Bonaire;2020;34;18;16
6679;Total male and female;10 to 14 years;America;Bonaire;2021;48;24;24
6680;Total male and female;10 to 14 years;America;Bonaire;2022;72;36;36
6681;Total male and female;10 to 14 years;America;Bonaire;2023;58;45;13
6682;Total male and female;10 to 14 years;America;St Eustatius;2011;5;3;2
6683;Total male and female;10 to 14 years;America;St Eustatius;2012;7;3;4
6684;Total male and female;10 to 14 years;America;St Eustatius;2013;9;18;-9
6685;Total male and female;10 to 14 years;America;St Eustatius;2014;4;11;-7
6686;Total male and female;10 to 14 years;America;St Eustatius;2015;8;11;-3
6687;Total male and female;10 to 14 years;America;St Eustatius;2016;9;4;5
6688;Total male and female;10 to 14 years;America;St Eustatius;2017;10;6;4
6689;Total male and female;10 to 14 years;America;St Eustatius;2018;6;16;-10
6690;Total male and female;10 to 14 years;America;St Eustatius;2019;7;2;5
6691;Total male and female;10 to 14 years;America;St Eustatius;2020;3;1;2
6692;Total male and female;10 to 14 years;America;St Eustatius;2021;11;4;7
6693;Total male and female;10 to 14 years;America;St Eustatius;2022;6;11;-5
6694;Total male and female;10 to 14 years;America;St Eustatius;2023;11;19;-8
6695;Total male and female;10 to 14 years;America;Saba;2011;3;9;-6
6696;Total male and female;10 to 14 years;America;Saba;2012;3;2;1
6697;Total male and female;10 to 14 years;America;Saba;2013;1;0;1
6698;Total male and female;10 to 14 years;America;Saba;2014;1;1;0
6699;Total male and female;10 to 14 years;America;Saba;2015;2;0;2
6700;Total male and female;10 to 14 years;America;Saba;2016;0;3;-3
6701;Total male and female;10 to 14 years;America;Saba;2017;3;6;-3
6702;Total male and female;10 to 14 years;America;Saba;2018;6;7;-1
6703;Total male and female;10 to 14 years;America;Saba;2019;4;4;0
6704;Total male and female;10 to 14 years;America;Saba;2020;6;6;0
6705;Total male and female;10 to 14 years;America;Saba;2021;7;4;3
6706;Total male and female;10 to 14 years;America;Saba;2022;4;0;4
6707;Total male and female;10 to 14 years;America;Saba;2023;6;1;5
6708;Total male and female;10 to 14 years;Asia;Caribbean Netherlands;2011;5;0;5
6709;Total male and female;10 to 14 years;Asia;Caribbean Netherlands;2012;1;2;-1
6710;Total male and female;10 to 14 years;Asia;Caribbean Netherlands;2013;3;1;2
6711;Total male and female;10 to 14 years;Asia;Caribbean Netherlands;2014;1;2;-1
6712;Total male and female;10 to 14 years;Asia;Caribbean Netherlands;2015;1;1;0
6713;Total male and female;10 to 14 years;Asia;Caribbean Netherlands;2016;2;2;0
6714;Total male and female;10 to 14 years;Asia;Caribbean Netherlands;2017;0;0;0
6715;Total male and female;10 to 14 years;Asia;Caribbean Netherlands;2018;1;0;1
6716;Total male and female;10 to 14 years;Asia;Caribbean Netherlands;2019;0;0;0
6717;Total male and female;10 to 14 years;Asia;Caribbean Netherlands;2020;0;0;0
6718;Total male and female;10 to 14 years;Asia;Caribbean Netherlands;2021;1;0;1
6719;Total male and female;10 to 14 years;Asia;Caribbean Netherlands;2022;2;0;2
6720;Total male and female;10 to 14 years;Asia;Caribbean Netherlands;2023;1;2;-1
6721;Total male and female;10 to 14 years;Asia;Bonaire;2011;3;0;3
6722;Total male and female;10 to 14 years;Asia;Bonaire;2012;1;0;1
6723;Total male and female;10 to 14 years;Asia;Bonaire;2013;3;0;3
6724;Total male and female;10 to 14 years;Asia;Bonaire;2014;1;0;1
6725;Total male and female;10 to 14 years;Asia;Bonaire;2015;1;1;0
6726;Total male and female;10 to 14 years;Asia;Bonaire;2016;2;2;0
6727;Total male and female;10 to 14 years;Asia;Bonaire;2017;0;0;0
6728;Total male and female;10 to 14 years;Asia;Bonaire;2018;1;0;1
6729;Total male and female;10 to 14 years;Asia;Bonaire;2019;0;0;0
6730;Total male and female;10 to 14 years;Asia;Bonaire;2020;0;0;0
6731;Total male and female;10 to 14 years;Asia;Bonaire;2021;1;0;1
6732;Total male and female;10 to 14 years;Asia;Bonaire;2022;0;0;0
6733;Total male and female;10 to 14 years;Asia;Bonaire;2023;1;1;0
6734;Total male and female;10 to 14 years;Asia;St Eustatius;2011;2;0;2
6735;Total male and female;10 to 14 years;Asia;St Eustatius;2012;0;0;0
6736;Total male and female;10 to 14 years;Asia;St Eustatius;2013;0;1;-1
6737;Total male and female;10 to 14 years;Asia;St Eustatius;2014;0;2;-2
6738;Total male and female;10 to 14 years;Asia;St Eustatius;2015;0;0;0
6739;Total male and female;10 to 14 years;Asia;St Eustatius;2016;0;0;0
6740;Total male and female;10 to 14 years;Asia;St Eustatius;2017;0;0;0
6741;Total male and female;10 to 14 years;Asia;St Eustatius;2018;0;0;0
6742;Total male and female;10 to 14 years;Asia;St Eustatius;2019;0;0;0
6743;Total male and female;10 to 14 years;Asia;St Eustatius;2020;0;0;0
6744;Total male and female;10 to 14 years;Asia;St Eustatius;2021;0;0;0
6745;Total male and female;10 to 14 years;Asia;St Eustatius;2022;0;0;0
6746;Total male and female;10 to 14 years;Asia;St Eustatius;2023;0;0;0
6747;Total male and female;10 to 14 years;Asia;Saba;2011;0;0;0
6748;Total male and female;10 to 14 years;Asia;Saba;2012;0;2;-2
6749;Total male and female;10 to 14 years;Asia;Saba;2013;0;0;0
6750;Total male and female;10 to 14 years;Asia;Saba;2014;0;0;0
6751;Total male and female;10 to 14 years;Asia;Saba;2015;0;0;0
6752;Total male and female;10 to 14 years;Asia;Saba;2016;0;0;0
6753;Total male and female;10 to 14 years;Asia;Saba;2017;0;0;0
6754;Total male and female;10 to 14 years;Asia;Saba;2018;0;0;0
6755;Total male and female;10 to 14 years;Asia;Saba;2019;0;0;0
6756;Total male and female;10 to 14 years;Asia;Saba;2020;0;0;0
6757;Total male and female;10 to 14 years;Asia;Saba;2021;0;0;0
6758;Total male and female;10 to 14 years;Asia;Saba;2022;2;0;2
6759;Total male and female;10 to 14 years;Asia;Saba;2023;0;1;-1
6760;Total male and female;10 to 14 years;Europe (including the Netherlands);Caribbean Netherlands;2011;32;9;23
6761;Total male and female;10 to 14 years;Europe (including the Netherlands);Caribbean Netherlands;2012;25;33;-8
6762;Total male and female;10 to 14 years;Europe (including the Netherlands);Caribbean Netherlands;2013;56;29;27
6763;Total male and female;10 to 14 years;Europe (including the Netherlands);Caribbean Netherlands;2014;40;34;6
6764;Total male and female;10 to 14 years;Europe (including the Netherlands);Caribbean Netherlands;2015;34;39;-5
6765;Total male and female;10 to 14 years;Europe (including the Netherlands);Caribbean Netherlands;2016;27;32;-5
6766;Total male and female;10 to 14 years;Europe (including the Netherlands);Caribbean Netherlands;2017;31;36;-5
6767;Total male and female;10 to 14 years;Europe (including the Netherlands);Caribbean Netherlands;2018;34;30;4
6768;Total male and female;10 to 14 years;Europe (including the Netherlands);Caribbean Netherlands;2019;35;23;12
6769;Total male and female;10 to 14 years;Europe (including the Netherlands);Caribbean Netherlands;2020;25;19;6
6770;Total male and female;10 to 14 years;Europe (including the Netherlands);Caribbean Netherlands;2021;37;31;6
6771;Total male and female;10 to 14 years;Europe (including the Netherlands);Caribbean Netherlands;2022;51;28;23
6772;Total male and female;10 to 14 years;Europe (including the Netherlands);Caribbean Netherlands;2023;29;27;2
6773;Total male and female;10 to 14 years;Europe (including the Netherlands);Bonaire;2011;29;8;21
6774;Total male and female;10 to 14 years;Europe (including the Netherlands);Bonaire;2012;22;29;-7
6775;Total male and female;10 to 14 years;Europe (including the Netherlands);Bonaire;2013;52;24;28
6776;Total male and female;10 to 14 years;Europe (including the Netherlands);Bonaire;2014;36;31;5
6777;Total male and female;10 to 14 years;Europe (including the Netherlands);Bonaire;2015;28;37;-9
6778;Total male and female;10 to 14 years;Europe (including the Netherlands);Bonaire;2016;22;28;-6
6779;Total male and female;10 to 14 years;Europe (including the Netherlands);Bonaire;2017;25;35;-10
6780;Total male and female;10 to 14 years;Europe (including the Netherlands);Bonaire;2018;30;23;7
6781;Total male and female;10 to 14 years;Europe (including the Netherlands);Bonaire;2019;31;19;12
6782;Total male and female;10 to 14 years;Europe (including the Netherlands);Bonaire;2020;21;15;6
6783;Total male and female;10 to 14 years;Europe (including the Netherlands);Bonaire;2021;33;25;8
6784;Total male and female;10 to 14 years;Europe (including the Netherlands);Bonaire;2022;47;25;22
6785;Total male and female;10 to 14 years;Europe (including the Netherlands);Bonaire;2023;28;23;5
6786;Total male and female;10 to 14 years;Europe (including the Netherlands);St Eustatius;2011;2;1;1
6787;Total male and female;10 to 14 years;Europe (including the Netherlands);St Eustatius;2012;3;4;-1
6788;Total male and female;10 to 14 years;Europe (including the Netherlands);St Eustatius;2013;3;2;1
6789;Total male and female;10 to 14 years;Europe (including the Netherlands);St Eustatius;2014;1;3;-2
6790;Total male and female;10 to 14 years;Europe (including the Netherlands);St Eustatius;2015;3;1;2
6791;Total male and female;10 to 14 years;Europe (including the Netherlands);St Eustatius;2016;3;3;0
6792;Total male and female;10 to 14 years;Europe (including the Netherlands);St Eustatius;2017;4;0;4
6793;Total male and female;10 to 14 years;Europe (including the Netherlands);St Eustatius;2018;4;4;0
6794;Total male and female;10 to 14 years;Europe (including the Netherlands);St Eustatius;2019;4;1;3
6795;Total male and female;10 to 14 years;Europe (including the Netherlands);St Eustatius;2020;0;4;-4
6796;Total male and female;10 to 14 years;Europe (including the Netherlands);St Eustatius;2021;0;1;-1
6797;Total male and female;10 to 14 years;Europe (including the Netherlands);St Eustatius;2022;2;1;1
6798;Total male and female;10 to 14 years;Europe (including the Netherlands);St Eustatius;2023;1;2;-1
6799;Total male and female;10 to 14 years;Europe (including the Netherlands);Saba;2011;1;0;1
6800;Total male and female;10 to 14 years;Europe (including the Netherlands);Saba;2012;0;0;0
6801;Total male and female;10 to 14 years;Europe (including the Netherlands);Saba;2013;1;3;-2
6802;Total male and female;10 to 14 years;Europe (including the Netherlands);Saba;2014;3;0;3
6803;Total male and female;10 to 14 years;Europe (including the Netherlands);Saba;2015;3;1;2
6804;Total male and female;10 to 14 years;Europe (including the Netherlands);Saba;2016;2;1;1
6805;Total male and female;10 to 14 years;Europe (including the Netherlands);Saba;2017;2;1;1
6806;Total male and female;10 to 14 years;Europe (including the Netherlands);Saba;2018;0;3;-3
6807;Total male and female;10 to 14 years;Europe (including the Netherlands);Saba;2019;0;3;-3
6808;Total male and female;10 to 14 years;Europe (including the Netherlands);Saba;2020;4;0;4
6809;Total male and female;10 to 14 years;Europe (including the Netherlands);Saba;2021;4;5;-1
6810;Total male and female;10 to 14 years;Europe (including the Netherlands);Saba;2022;2;2;0
6811;Total male and female;10 to 14 years;Europe (including the Netherlands);Saba;2023;0;2;-2
6812;Total male and female;10 to 14 years;Europe (excluding the Netherlands);Caribbean Netherlands;2011;2;0;2
6813;Total male and female;10 to 14 years;Europe (excluding the Netherlands);Caribbean Netherlands;2012;2;1;1
6814;Total male and female;10 to 14 years;Europe (excluding the Netherlands);Caribbean Netherlands;2013;1;2;-1
6815;Total male and female;10 to 14 years;Europe (excluding the Netherlands);Caribbean Netherlands;2014;2;1;1
6816;Total male and female;10 to 14 years;Europe (excluding the Netherlands);Caribbean Netherlands;2015;3;3;0
6817;Total male and female;10 to 14 years;Europe (excluding the Netherlands);Caribbean Netherlands;2016;1;1;0
6818;Total male and female;10 to 14 years;Europe (excluding the Netherlands);Caribbean Netherlands;2017;3;1;2
6819;Total male and female;10 to 14 years;Europe (excluding the Netherlands);Caribbean Netherlands;2018;1;5;-4
6820;Total male and female;10 to 14 years;Europe (excluding the Netherlands);Caribbean Netherlands;2019;1;0;1
6821;Total male and female;10 to 14 years;Europe (excluding the Netherlands);Caribbean Netherlands;2020;3;2;1
6822;Total male and female;10 to 14 years;Europe (excluding the Netherlands);Caribbean Netherlands;2021;1;0;1
6823;Total male and female;10 to 14 years;Europe (excluding the Netherlands);Caribbean Netherlands;2022;1;1;0
6824;Total male and female;10 to 14 years;Europe (excluding the Netherlands);Caribbean Netherlands;2023;1;0;1
6825;Total male and female;10 to 14 years;Europe (excluding the Netherlands);Bonaire;2011;2;0;2
6826;Total male and female;10 to 14 years;Europe (excluding the Netherlands);Bonaire;2012;2;1;1
6827;Total male and female;10 to 14 years;Europe (excluding the Netherlands);Bonaire;2013;0;0;0
6828;Total male and female;10 to 14 years;Europe (excluding the Netherlands);Bonaire;2014;2;0;2
6829;Total male and female;10 to 14 years;Europe (excluding the Netherlands);Bonaire;2015;0;3;-3
6830;Total male and female;10 to 14 years;Europe (excluding the Netherlands);Bonaire;2016;1;1;0
6831;Total male and female;10 to 14 years;Europe (excluding the Netherlands);Bonaire;2017;2;1;1
6832;Total male and female;10 to 14 years;Europe (excluding the Netherlands);Bonaire;2018;0;2;-2
6833;Total male and female;10 to 14 years;Europe (excluding the Netherlands);Bonaire;2019;1;0;1
6834;Total male and female;10 to 14 years;Europe (excluding the Netherlands);Bonaire;2020;3;1;2
6835;Total male and female;10 to 14 years;Europe (excluding the Netherlands);Bonaire;2021;0;0;0
6836;Total male and female;10 to 14 years;Europe (excluding the Netherlands);Bonaire;2022;1;1;0
6837;Total male and female;10 to 14 years;Europe (excluding the Netherlands);Bonaire;2023;0;0;0
6838;Total male and female;10 to 14 years;Europe (excluding the Netherlands);St Eustatius;2011;0;0;0
6839;Total male and female;10 to 14 years;Europe (excluding the Netherlands);St Eustatius;2012;0;0;0
6840;Total male and female;10 to 14 years;Europe (excluding the Netherlands);St Eustatius;2013;1;0;1
6841;Total male and female;10 to 14 years;Europe (excluding the Netherlands);St Eustatius;2014;0;1;-1
6842;Total male and female;10 to 14 years;Europe (excluding the Netherlands);St Eustatius;2015;1;0;1
6843;Total male and female;10 to 14 years;Europe (excluding the Netherlands);St Eustatius;2016;0;0;0
6844;Total male and female;10 to 14 years;Europe (excluding the Netherlands);St Eustatius;2017;0;0;0
6845;Total male and female;10 to 14 years;Europe (excluding the Netherlands);St Eustatius;2018;1;1;0
6846;Total male and female;10 to 14 years;Europe (excluding the Netherlands);St Eustatius;2019;0;0;0
6847;Total male and female;10 to 14 years;Europe (excluding the Netherlands);St Eustatius;2020;0;1;-1
6848;Total male and female;10 to 14 years;Europe (excluding the Netherlands);St Eustatius;2021;0;0;0
6849;Total male and female;10 to 14 years;Europe (excluding the Netherlands);St Eustatius;2022;0;0;0
6850;Total male and female;10 to 14 years;Europe (excluding the Netherlands);St Eustatius;2023;1;0;1
6851;Total male and female;10 to 14 years;Europe (excluding the Netherlands);Saba;2011;0;0;0
6852;Total male and female;10 to 14 years;Europe (excluding the Netherlands);Saba;2012;0;0;0
6853;Total male and female;10 to 14 years;Europe (excluding the Netherlands);Saba;2013;0;2;-2
6854;Total male and female;10 to 14 years;Europe (excluding the Netherlands);Saba;2014;0;0;0
6855;Total male and female;10 to 14 years;Europe (excluding the Netherlands);Saba;2015;2;0;2
6856;Total male and female;10 to 14 years;Europe (excluding the Netherlands);Saba;2016;0;0;0
6857;Total male and female;10 to 14 years;Europe (excluding the Netherlands);Saba;2017;1;0;1
6858;Total male and female;10 to 14 years;Europe (excluding the Netherlands);Saba;2018;0;2;-2
6859;Total male and female;10 to 14 years;Europe (excluding the Netherlands);Saba;2019;0;0;0
6860;Total male and female;10 to 14 years;Europe (excluding the Netherlands);Saba;2020;0;0;0
6861;Total male and female;10 to 14 years;Europe (excluding the Netherlands);Saba;2021;1;0;1
6862;Total male and female;10 to 14 years;Europe (excluding the Netherlands);Saba;2022;0;0;0
6863;Total male and female;10 to 14 years;Europe (excluding the Netherlands);Saba;2023;0;0;0
6864;Total male and female;10 to 14 years;Oceania;Caribbean Netherlands;2011;0;0;0
6865;Total male and female;10 to 14 years;Oceania;Caribbean Netherlands;2012;0;0;0
6866;Total male and female;10 to 14 years;Oceania;Caribbean Netherlands;2013;0;0;0
6867;Total male and female;10 to 14 years;Oceania;Caribbean Netherlands;2014;0;0;0
6868;Total male and female;10 to 14 years;Oceania;Caribbean Netherlands;2015;0;0;0
6869;Total male and female;10 to 14 years;Oceania;Caribbean Netherlands;2016;0;0;0
6870;Total male and female;10 to 14 years;Oceania;Caribbean Netherlands;2017;1;0;1
6871;Total male and female;10 to 14 years;Oceania;Caribbean Netherlands;2018;0;1;-1
6872;Total male and female;10 to 14 years;Oceania;Caribbean Netherlands;2019;1;0;1
6873;Total male and female;10 to 14 years;Oceania;Caribbean Netherlands;2020;0;1;-1
6874;Total male and female;10 to 14 years;Oceania;Caribbean Netherlands;2021;0;0;0
6875;Total male and female;10 to 14 years;Oceania;Caribbean Netherlands;2022;0;0;0
6876;Total male and female;10 to 14 years;Oceania;Caribbean Netherlands;2023;0;0;0
6877;Total male and female;10 to 14 years;Oceania;Bonaire;2011;0;0;0
6878;Total male and female;10 to 14 years;Oceania;Bonaire;2012;0;0;0
6879;Total male and female;10 to 14 years;Oceania;Bonaire;2013;0;0;0
6880;Total male and female;10 to 14 years;Oceania;Bonaire;2014;0;0;0
6881;Total male and female;10 to 14 years;Oceania;Bonaire;2015;0;0;0
6882;Total male and female;10 to 14 years;Oceania;Bonaire;2016;0;0;0
6883;Total male and female;10 to 14 years;Oceania;Bonaire;2017;1;0;1
6884;Total male and female;10 to 14 years;Oceania;Bonaire;2018;0;1;-1
6885;Total male and female;10 to 14 years;Oceania;Bonaire;2019;1;0;1
6886;Total male and female;10 to 14 years;Oceania;Bonaire;2020;0;1;-1
6887;Total male and female;10 to 14 years;Oceania;Bonaire;2021;0;0;0
6888;Total male and female;10 to 14 years;Oceania;Bonaire;2022;0;0;0
6889;Total male and female;10 to 14 years;Oceania;Bonaire;2023;0;0;0
6890;Total male and female;10 to 14 years;Oceania;St Eustatius;2011;0;0;0
6891;Total male and female;10 to 14 years;Oceania;St Eustatius;2012;0;0;0
6892;Total male and female;10 to 14 years;Oceania;St Eustatius;2013;0;0;0
6893;Total male and female;10 to 14 years;Oceania;St Eustatius;2014;0;0;0
6894;Total male and female;10 to 14 years;Oceania;St Eustatius;2015;0;0;0
6895;Total male and female;10 to 14 years;Oceania;St Eustatius;2016;0;0;0
6896;Total male and female;10 to 14 years;Oceania;St Eustatius;2017;0;0;0
6897;Total male and female;10 to 14 years;Oceania;St Eustatius;2018;0;0;0
6898;Total male and female;10 to 14 years;Oceania;St Eustatius;2019;0;0;0
6899;Total male and female;10 to 14 years;Oceania;St Eustatius;2020;0;0;0
6900;Total male and female;10 to 14 years;Oceania;St Eustatius;2021;0;0;0
6901;Total male and female;10 to 14 years;Oceania;St Eustatius;2022;0;0;0
6902;Total male and female;10 to 14 years;Oceania;St Eustatius;2023;0;0;0
6903;Total male and female;10 to 14 years;Oceania;Saba;2011;0;0;0
6904;Total male and female;10 to 14 years;Oceania;Saba;2012;0;0;0
6905;Total male and female;10 to 14 years;Oceania;Saba;2013;0;0;0
6906;Total male and female;10 to 14 years;Oceania;Saba;2014;0;0;0
6907;Total male and female;10 to 14 years;Oceania;Saba;2015;0;0;0
6908;Total male and female;10 to 14 years;Oceania;Saba;2016;0;0;0
6909;Total male and female;10 to 14 years;Oceania;Saba;2017;0;0;0
6910;Total male and female;10 to 14 years;Oceania;Saba;2018;0;0;0
6911;Total male and female;10 to 14 years;Oceania;Saba;2019;0;0;0
6912;Total male and female;10 to 14 years;Oceania;Saba;2020;0;0;0
6913;Total male and female;10 to 14 years;Oceania;Saba;2021;0;0;0
6914;Total male and female;10 to 14 years;Oceania;Saba;2022;0;0;0
6915;Total male and female;10 to 14 years;Oceania;Saba;2023;0;0;0
6916;Total male and female;10 to 14 years;Central and South America;Caribbean Netherlands;2011;46;21;25
6917;Total male and female;10 to 14 years;Central and South America;Caribbean Netherlands;2012;48;35;13
6918;Total male and female;10 to 14 years;Central and South America;Caribbean Netherlands;2013;36;24;12
6919;Total male and female;10 to 14 years;Central and South America;Caribbean Netherlands;2014;38;27;11
6920;Total male and female;10 to 14 years;Central and South America;Caribbean Netherlands;2015;42;29;13
6921;Total male and female;10 to 14 years;Central and South America;Caribbean Netherlands;2016;48;30;18
6922;Total male and female;10 to 14 years;Central and South America;Caribbean Netherlands;2017;35;39;-4
6923;Total male and female;10 to 14 years;Central and South America;Caribbean Netherlands;2018;57;48;9
6924;Total male and female;10 to 14 years;Central and South America;Caribbean Netherlands;2019;48;25;23
6925;Total male and female;10 to 14 years;Central and South America;Caribbean Netherlands;2020;43;25;18
6926;Total male and female;10 to 14 years;Central and South America;Caribbean Netherlands;2021;66;31;35
6927;Total male and female;10 to 14 years;Central and South America;Caribbean Netherlands;2022;81;46;35
6928;Total male and female;10 to 14 years;Central and South America;Caribbean Netherlands;2023;75;65;10
6929;Total male and female;10 to 14 years;Central and South America;Bonaire;2011;39;12;27
6930;Total male and female;10 to 14 years;Central and South America;Bonaire;2012;40;30;10
6931;Total male and female;10 to 14 years;Central and South America;Bonaire;2013;31;12;19
6932;Total male and female;10 to 14 years;Central and South America;Bonaire;2014;33;17;16
6933;Total male and female;10 to 14 years;Central and South America;Bonaire;2015;32;20;12
6934;Total male and female;10 to 14 years;Central and South America;Bonaire;2016;39;23;16
6935;Total male and female;10 to 14 years;Central and South America;Bonaire;2017;23;29;-6
6936;Total male and female;10 to 14 years;Central and South America;Bonaire;2018;45;28;17
6937;Total male and female;10 to 14 years;Central and South America;Bonaire;2019;42;19;23
6938;Total male and female;10 to 14 years;Central and South America;Bonaire;2020;34;18;16
6939;Total male and female;10 to 14 years;Central and South America;Bonaire;2021;48;24;24
6940;Total male and female;10 to 14 years;Central and South America;Bonaire;2022;71;36;35
6941;Total male and female;10 to 14 years;Central and South America;Bonaire;2023;58;45;13
6942;Total male and female;10 to 14 years;Central and South America;St Eustatius;2011;4;2;2
6943;Total male and female;10 to 14 years;Central and South America;St Eustatius;2012;5;3;2
6944;Total male and female;10 to 14 years;Central and South America;St Eustatius;2013;4;12;-8
6945;Total male and female;10 to 14 years;Central and South America;St Eustatius;2014;4;9;-5
6946;Total male and female;10 to 14 years;Central and South America;St Eustatius;2015;8;9;-1
6947;Total male and female;10 to 14 years;Central and South America;St Eustatius;2016;9;4;5
6948;Total male and female;10 to 14 years;Central and South America;St Eustatius;2017;9;4;5
6949;Total male and female;10 to 14 years;Central and South America;St Eustatius;2018;6;14;-8
6950;Total male and female;10 to 14 years;Central and South America;St Eustatius;2019;5;2;3
6951;Total male and female;10 to 14 years;Central and South America;St Eustatius;2020;3;1;2
6952;Total male and female;10 to 14 years;Central and South America;St Eustatius;2021;11;4;7
6953;Total male and female;10 to 14 years;Central and South America;St Eustatius;2022;6;10;-4
6954;Total male and female;10 to 14 years;Central and South America;St Eustatius;2023;11;19;-8
6955;Total male and female;10 to 14 years;Central and South America;Saba;2011;3;7;-4
6956;Total male and female;10 to 14 years;Central and South America;Saba;2012;3;2;1
6957;Total male and female;10 to 14 years;Central and South America;Saba;2013;1;0;1
6958;Total male and female;10 to 14 years;Central and South America;Saba;2014;1;1;0
6959;Total male and female;10 to 14 years;Central and South America;Saba;2015;2;0;2
6960;Total male and female;10 to 14 years;Central and South America;Saba;2016;0;3;-3
6961;Total male and female;10 to 14 years;Central and South America;Saba;2017;3;6;-3
6962;Total male and female;10 to 14 years;Central and South America;Saba;2018;6;6;0
6963;Total male and female;10 to 14 years;Central and South America;Saba;2019;1;4;-3
6964;Total male and female;10 to 14 years;Central and South America;Saba;2020;6;6;0
6965;Total male and female;10 to 14 years;Central and South America;Saba;2021;7;3;4
6966;Total male and female;10 to 14 years;Central and South America;Saba;2022;4;0;4
6967;Total male and female;10 to 14 years;Central and South America;Saba;2023;6;1;5
6968;Total male and female;10 to 14 years;North America;Caribbean Netherlands;2011;1;3;-2
6969;Total male and female;10 to 14 years;North America;Caribbean Netherlands;2012;5;0;5
6970;Total male and female;10 to 14 years;North America;Caribbean Netherlands;2013;5;6;-1
6971;Total male and female;10 to 14 years;North America;Caribbean Netherlands;2014;0;3;-3
6972;Total male and female;10 to 14 years;North America;Caribbean Netherlands;2015;0;3;-3
6973;Total male and female;10 to 14 years;North America;Caribbean Netherlands;2016;2;1;1
6974;Total male and female;10 to 14 years;North America;Caribbean Netherlands;2017;1;3;-2
6975;Total male and female;10 to 14 years;North America;Caribbean Netherlands;2018;0;3;-3
6976;Total male and female;10 to 14 years;North America;Caribbean Netherlands;2019;7;1;6
6977;Total male and female;10 to 14 years;North America;Caribbean Netherlands;2020;0;0;0
6978;Total male and female;10 to 14 years;North America;Caribbean Netherlands;2021;0;1;-1
6979;Total male and female;10 to 14 years;North America;Caribbean Netherlands;2022;1;1;0
6980;Total male and female;10 to 14 years;North America;Caribbean Netherlands;2023;0;0;0
6981;Total male and female;10 to 14 years;North America;Bonaire;2011;0;0;0
6982;Total male and female;10 to 14 years;North America;Bonaire;2012;3;0;3
6983;Total male and female;10 to 14 years;North America;Bonaire;2013;0;0;0
6984;Total male and female;10 to 14 years;North America;Bonaire;2014;0;1;-1
6985;Total male and female;10 to 14 years;North America;Bonaire;2015;0;1;-1
6986;Total male and female;10 to 14 years;North America;Bonaire;2016;2;1;1
6987;Total male and female;10 to 14 years;North America;Bonaire;2017;0;1;-1
6988;Total male and female;10 to 14 years;North America;Bonaire;2018;0;0;0
6989;Total male and female;10 to 14 years;North America;Bonaire;2019;2;1;1
6990;Total male and female;10 to 14 years;North America;Bonaire;2020;0;0;0
6991;Total male and female;10 to 14 years;North America;Bonaire;2021;0;0;0
6992;Total male and female;10 to 14 years;North America;Bonaire;2022;1;0;1
6993;Total male and female;10 to 14 years;North America;Bonaire;2023;0;0;0
6994;Total male and female;10 to 14 years;North America;St Eustatius;2011;1;1;0
6995;Total male and female;10 to 14 years;North America;St Eustatius;2012;2;0;2
6996;Total male and female;10 to 14 years;North America;St Eustatius;2013;5;6;-1
6997;Total male and female;10 to 14 years;North America;St Eustatius;2014;0;2;-2
6998;Total male and female;10 to 14 years;North America;St Eustatius;2015;0;2;-2
6999;Total male and female;10 to 14 years;North America;St Eustatius;2016;0;0;0
7000;Total male and female;10 to 14 years;North America;St Eustatius;2017;1;2;-1
7001;Total male and female;10 to 14 years;North America;St Eustatius;2018;0;2;-2
7002;Total male and female;10 to 14 years;North America;St Eustatius;2019;2;0;2
7003;Total male and female;10 to 14 years;North America;St Eustatius;2020;0;0;0
7004;Total male and female;10 to 14 years;North America;St Eustatius;2021;0;0;0
7005;Total male and female;10 to 14 years;North America;St Eustatius;2022;0;1;-1
7006;Total male and female;10 to 14 years;North America;St Eustatius;2023;0;0;0
7007;Total male and female;10 to 14 years;North America;Saba;2011;0;2;-2
7008;Total male and female;10 to 14 years;North America;Saba;2012;0;0;0
7009;Total male and female;10 to 14 years;North America;Saba;2013;0;0;0
7010;Total male and female;10 to 14 years;North America;Saba;2014;0;0;0
7011;Total male and female;10 to 14 years;North America;Saba;2015;0;0;0
7012;Total male and female;10 to 14 years;North America;Saba;2016;0;0;0
7013;Total male and female;10 to 14 years;North America;Saba;2017;0;0;0
7014;Total male and female;10 to 14 years;North America;Saba;2018;0;1;-1
7015;Total male and female;10 to 14 years;North America;Saba;2019;3;0;3
7016;Total male and female;10 to 14 years;North America;Saba;2020;0;0;0
7017;Total male and female;10 to 14 years;North America;Saba;2021;0;1;-1
7018;Total male and female;10 to 14 years;North America;Saba;2022;0;0;0
7019;Total male and female;10 to 14 years;North America;Saba;2023;0;0;0
7020;Total male and female;10 to 14 years;Aruba, Curaçao, St Maarten;Caribbean Netherlands;2011;22;5;17
7021;Total male and female;10 to 14 years;Aruba, Curaçao, St Maarten;Caribbean Netherlands;2012;22;17;5
7022;Total male and female;10 to 14 years;Aruba, Curaçao, St Maarten;Caribbean Netherlands;2013;17;10;7
7023;Total male and female;10 to 14 years;Aruba, Curaçao, St Maarten;Caribbean Netherlands;2014;20;17;3
7024;Total male and female;10 to 14 years;Aruba, Curaçao, St Maarten;Caribbean Netherlands;2015;15;14;1
7025;Total male and female;10 to 14 years;Aruba, Curaçao, St Maarten;Caribbean Netherlands;2016;19;15;4
7026;Total male and female;10 to 14 years;Aruba, Curaçao, St Maarten;Caribbean Netherlands;2017;13;16;-3
7027;Total male and female;10 to 14 years;Aruba, Curaçao, St Maarten;Caribbean Netherlands;2018;25;23;2
7028;Total male and female;10 to 14 years;Aruba, Curaçao, St Maarten;Caribbean Netherlands;2019;17;13;4
7029;Total male and female;10 to 14 years;Aruba, Curaçao, St Maarten;Caribbean Netherlands;2020;16;11;5
7030;Total male and female;10 to 14 years;Aruba, Curaçao, St Maarten;Caribbean Netherlands;2021;36;14;22
7031;Total male and female;10 to 14 years;Aruba, Curaçao, St Maarten;Caribbean Netherlands;2022;28;26;2
7032;Total male and female;10 to 14 years;Aruba, Curaçao, St Maarten;Caribbean Netherlands;2023;19;25;-6
7033;Total male and female;10 to 14 years;Aruba, Curaçao, St Maarten;Bonaire;2011;20;5;15
7034;Total male and female;10 to 14 years;Aruba, Curaçao, St Maarten;Bonaire;2012;19;15;4
7035;Total male and female;10 to 14 years;Aruba, Curaçao, St Maarten;Bonaire;2013;16;6;10
7036;Total male and female;10 to 14 years;Aruba, Curaçao, St Maarten;Bonaire;2014;20;10;10
7037;Total male and female;10 to 14 years;Aruba, Curaçao, St Maarten;Bonaire;2015;13;10;3
7038;Total male and female;10 to 14 years;Aruba, Curaçao, St Maarten;Bonaire;2016;14;10;4
7039;Total male and female;10 to 14 years;Aruba, Curaçao, St Maarten;Bonaire;2017;5;11;-6
7040;Total male and female;10 to 14 years;Aruba, Curaçao, St Maarten;Bonaire;2018;16;10;6
7041;Total male and female;10 to 14 years;Aruba, Curaçao, St Maarten;Bonaire;2019;16;9;7
7042;Total male and female;10 to 14 years;Aruba, Curaçao, St Maarten;Bonaire;2020;14;6;8
7043;Total male and female;10 to 14 years;Aruba, Curaçao, St Maarten;Bonaire;2021;26;9;17
7044;Total male and female;10 to 14 years;Aruba, Curaçao, St Maarten;Bonaire;2022;25;18;7
7045;Total male and female;10 to 14 years;Aruba, Curaçao, St Maarten;Bonaire;2023;14;18;-4
7046;Total male and female;10 to 14 years;Aruba, Curaçao, St Maarten;St Eustatius;2011;1;0;1
7047;Total male and female;10 to 14 years;Aruba, Curaçao, St Maarten;St Eustatius;2012;2;1;1
7048;Total male and female;10 to 14 years;Aruba, Curaçao, St Maarten;St Eustatius;2013;1;4;-3
7049;Total male and female;10 to 14 years;Aruba, Curaçao, St Maarten;St Eustatius;2014;0;6;-6
7050;Total male and female;10 to 14 years;Aruba, Curaçao, St Maarten;St Eustatius;2015;2;4;-2
7051;Total male and female;10 to 14 years;Aruba, Curaçao, St Maarten;St Eustatius;2016;5;3;2
7052;Total male and female;10 to 14 years;Aruba, Curaçao, St Maarten;St Eustatius;2017;6;2;4
7053;Total male and female;10 to 14 years;Aruba, Curaçao, St Maarten;St Eustatius;2018;5;8;-3
7054;Total male and female;10 to 14 years;Aruba, Curaçao, St Maarten;St Eustatius;2019;1;1;0
7055;Total male and female;10 to 14 years;Aruba, Curaçao, St Maarten;St Eustatius;2020;2;1;1
7056;Total male and female;10 to 14 years;Aruba, Curaçao, St Maarten;St Eustatius;2021;7;3;4
7057;Total male and female;10 to 14 years;Aruba, Curaçao, St Maarten;St Eustatius;2022;2;8;-6
7058;Total male and female;10 to 14 years;Aruba, Curaçao, St Maarten;St Eustatius;2023;3;6;-3
7059;Total male and female;10 to 14 years;Aruba, Curaçao, St Maarten;Saba;2011;1;0;1
7060;Total male and female;10 to 14 years;Aruba, Curaçao, St Maarten;Saba;2012;1;1;0
7061;Total male and female;10 to 14 years;Aruba, Curaçao, St Maarten;Saba;2013;0;0;0
7062;Total male and female;10 to 14 years;Aruba, Curaçao, St Maarten;Saba;2014;0;1;-1
7063;Total male and female;10 to 14 years;Aruba, Curaçao, St Maarten;Saba;2015;0;0;0
7064;Total male and female;10 to 14 years;Aruba, Curaçao, St Maarten;Saba;2016;0;2;-2
7065;Total male and female;10 to 14 years;Aruba, Curaçao, St Maarten;Saba;2017;2;3;-1
7066;Total male and female;10 to 14 years;Aruba, Curaçao, St Maarten;Saba;2018;4;5;-1
7067;Total male and female;10 to 14 years;Aruba, Curaçao, St Maarten;Saba;2019;0;3;-3
7068;Total male and female;10 to 14 years;Aruba, Curaçao, St Maarten;Saba;2020;0;4;-4
7069;Total male and female;10 to 14 years;Aruba, Curaçao, St Maarten;Saba;2021;3;2;1
7070;Total male and female;10 to 14 years;Aruba, Curaçao, St Maarten;Saba;2022;1;0;1
7071;Total male and female;10 to 14 years;Aruba, Curaçao, St Maarten;Saba;2023;2;1;1
7072;Total male and female;10 to 14 years;Caribbean Netherlands;Caribbean Netherlands;2011;6;7;-1
7073;Total male and female;10 to 14 years;Caribbean Netherlands;Caribbean Netherlands;2012;3;13;-10
7074;Total male and female;10 to 14 years;Caribbean Netherlands;Caribbean Netherlands;2013;7;11;-4
7075;Total male and female;10 to 14 years;Caribbean Netherlands;Caribbean Netherlands;2014;7;6;1
7076;Total male and female;10 to 14 years;Caribbean Netherlands;Caribbean Netherlands;2015;6;10;-4
7077;Total male and female;10 to 14 years;Caribbean Netherlands;Caribbean Netherlands;2016;6;9;-3
7078;Total male and female;10 to 14 years;Caribbean Netherlands;Caribbean Netherlands;2017;7;11;-4
7079;Total male and female;10 to 14 years;Caribbean Netherlands;Caribbean Netherlands;2018;7;22;-15
7080;Total male and female;10 to 14 years;Caribbean Netherlands;Caribbean Netherlands;2019;9;10;-1
7081;Total male and female;10 to 14 years;Caribbean Netherlands;Caribbean Netherlands;2020;10;11;-1
7082;Total male and female;10 to 14 years;Caribbean Netherlands;Caribbean Netherlands;2021;5;12;-7
7083;Total male and female;10 to 14 years;Caribbean Netherlands;Caribbean Netherlands;2022;8;21;-13
7084;Total male and female;10 to 14 years;Caribbean Netherlands;Caribbean Netherlands;2023;4;29;-25
7085;Total male and female;10 to 14 years;Caribbean Netherlands;Bonaire;2011;6;5;1
7086;Total male and female;10 to 14 years;Caribbean Netherlands;Bonaire;2012;3;12;-9
7087;Total male and female;10 to 14 years;Caribbean Netherlands;Bonaire;2013;7;6;1
7088;Total male and female;10 to 14 years;Caribbean Netherlands;Bonaire;2014;6;6;0
7089;Total male and female;10 to 14 years;Caribbean Netherlands;Bonaire;2015;5;9;-4
7090;Total male and female;10 to 14 years;Caribbean Netherlands;Bonaire;2016;6;8;-2
7091;Total male and female;10 to 14 years;Caribbean Netherlands;Bonaire;2017;7;11;-4
7092;Total male and female;10 to 14 years;Caribbean Netherlands;Bonaire;2018;7;15;-8
7093;Total male and female;10 to 14 years;Caribbean Netherlands;Bonaire;2019;9;10;-1
7094;Total male and female;10 to 14 years;Caribbean Netherlands;Bonaire;2020;9;11;-2
7095;Total male and female;10 to 14 years;Caribbean Netherlands;Bonaire;2021;4;10;-6
7096;Total male and female;10 to 14 years;Caribbean Netherlands;Bonaire;2022;8;19;-11
7097;Total male and female;10 to 14 years;Caribbean Netherlands;Bonaire;2023;3;24;-21
7098;Total male and female;10 to 14 years;Caribbean Netherlands;St Eustatius;2011;0;1;-1
7099;Total male and female;10 to 14 years;Caribbean Netherlands;St Eustatius;2012;0;1;-1
7100;Total male and female;10 to 14 years;Caribbean Netherlands;St Eustatius;2013;0;5;-5
7101;Total male and female;10 to 14 years;Caribbean Netherlands;St Eustatius;2014;1;0;1
7102;Total male and female;10 to 14 years;Caribbean Netherlands;St Eustatius;2015;1;1;0
7103;Total male and female;10 to 14 years;Caribbean Netherlands;St Eustatius;2016;0;0;0
7104;Total male and female;10 to 14 years;Caribbean Netherlands;St Eustatius;2017;0;0;0
7105;Total male and female;10 to 14 years;Caribbean Netherlands;St Eustatius;2018;0;6;-6
7106;Total male and female;10 to 14 years;Caribbean Netherlands;St Eustatius;2019;0;0;0
7107;Total male and female;10 to 14 years;Caribbean Netherlands;St Eustatius;2020;0;0;0
7108;Total male and female;10 to 14 years;Caribbean Netherlands;St Eustatius;2021;1;1;0
7109;Total male and female;10 to 14 years;Caribbean Netherlands;St Eustatius;2022;0;2;-2
7110;Total male and female;10 to 14 years;Caribbean Netherlands;St Eustatius;2023;1;5;-4
7111;Total male and female;10 to 14 years;Caribbean Netherlands;Saba;2011;0;1;-1
7112;Total male and female;10 to 14 years;Caribbean Netherlands;Saba;2012;0;0;0
7113;Total male and female;10 to 14 years;Caribbean Netherlands;Saba;2013;0;0;0
7114;Total male and female;10 to 14 years;Caribbean Netherlands;Saba;2014;0;0;0
7115;Total male and female;10 to 14 years;Caribbean Netherlands;Saba;2015;0;0;0
7116;Total male and female;10 to 14 years;Caribbean Netherlands;Saba;2016;0;1;-1
7117;Total male and female;10 to 14 years;Caribbean Netherlands;Saba;2017;0;0;0
7118;Total male and female;10 to 14 years;Caribbean Netherlands;Saba;2018;0;1;-1
7119;Total male and female;10 to 14 years;Caribbean Netherlands;Saba;2019;0;0;0
7120;Total male and female;10 to 14 years;Caribbean Netherlands;Saba;2020;1;0;1
7121;Total male and female;10 to 14 years;Caribbean Netherlands;Saba;2021;0;1;-1
7122;Total male and female;10 to 14 years;Caribbean Netherlands;Saba;2022;0;0;0
7123;Total male and female;10 to 14 years;Caribbean Netherlands;Saba;2023;0;0;0
7124;Total male and female;10 to 14 years;European Union (including Netherlands);Caribbean Netherlands;2011;32;9;23
7125;Total male and female;10 to 14 years;European Union (including Netherlands);Caribbean Netherlands;2012;25;33;-8
7126;Total male and female;10 to 14 years;European Union (including Netherlands);Caribbean Netherlands;2013;56;29;27
7127;Total male and female;10 to 14 years;European Union (including Netherlands);Caribbean Netherlands;2014;40;34;6
7128;Total male and female;10 to 14 years;European Union (including Netherlands);Caribbean Netherlands;2015;34;39;-5
7129;Total male and female;10 to 14 years;European Union (including Netherlands);Caribbean Netherlands;2016;27;32;-5
7130;Total male and female;10 to 14 years;European Union (including Netherlands);Caribbean Netherlands;2017;29;35;-6
7131;Total male and female;10 to 14 years;European Union (including Netherlands);Caribbean Netherlands;2018;34;29;5
7132;Total male and female;10 to 14 years;European Union (including Netherlands);Caribbean Netherlands;2019;34;23;11
7133;Total male and female;10 to 14 years;European Union (including Netherlands);Caribbean Netherlands;2020;25;17;8
7134;Total male and female;10 to 14 years;European Union (including Netherlands);Caribbean Netherlands;2021;37;31;6
7135;Total male and female;10 to 14 years;European Union (including Netherlands);Caribbean Netherlands;2022;51;28;23
7136;Total male and female;10 to 14 years;European Union (including Netherlands);Caribbean Netherlands;2023;29;27;2
7137;Total male and female;10 to 14 years;European Union (including Netherlands);Bonaire;2011;29;8;21
7138;Total male and female;10 to 14 years;European Union (including Netherlands);Bonaire;2012;22;29;-7
7139;Total male and female;10 to 14 years;European Union (including Netherlands);Bonaire;2013;52;24;28
7140;Total male and female;10 to 14 years;European Union (including Netherlands);Bonaire;2014;36;31;5
7141;Total male and female;10 to 14 years;European Union (including Netherlands);Bonaire;2015;28;37;-9
7142;Total male and female;10 to 14 years;European Union (including Netherlands);Bonaire;2016;22;28;-6
7143;Total male and female;10 to 14 years;European Union (including Netherlands);Bonaire;2017;23;34;-11
7144;Total male and female;10 to 14 years;European Union (including Netherlands);Bonaire;2018;30;22;8
7145;Total male and female;10 to 14 years;European Union (including Netherlands);Bonaire;2019;30;19;11
7146;Total male and female;10 to 14 years;European Union (including Netherlands);Bonaire;2020;21;14;7
7147;Total male and female;10 to 14 years;European Union (including Netherlands);Bonaire;2021;33;25;8
7148;Total male and female;10 to 14 years;European Union (including Netherlands);Bonaire;2022;47;25;22
7149;Total male and female;10 to 14 years;European Union (including Netherlands);Bonaire;2023;28;23;5
7150;Total male and female;10 to 14 years;European Union (including Netherlands);St Eustatius;2011;2;1;1
7151;Total male and female;10 to 14 years;European Union (including Netherlands);St Eustatius;2012;3;4;-1
7152;Total male and female;10 to 14 years;European Union (including Netherlands);St Eustatius;2013;3;2;1
7153;Total male and female;10 to 14 years;European Union (including Netherlands);St Eustatius;2014;1;3;-2
7154;Total male and female;10 to 14 years;European Union (including Netherlands);St Eustatius;2015;3;1;2
7155;Total male and female;10 to 14 years;European Union (including Netherlands);St Eustatius;2016;3;3;0
7156;Total male and female;10 to 14 years;European Union (including Netherlands);St Eustatius;2017;4;0;4
7157;Total male and female;10 to 14 years;European Union (including Netherlands);St Eustatius;2018;4;4;0
7158;Total male and female;10 to 14 years;European Union (including Netherlands);St Eustatius;2019;4;1;3
7159;Total male and female;10 to 14 years;European Union (including Netherlands);St Eustatius;2020;0;3;-3
7160;Total male and female;10 to 14 years;European Union (including Netherlands);St Eustatius;2021;0;1;-1
7161;Total male and female;10 to 14 years;European Union (including Netherlands);St Eustatius;2022;2;1;1
7162;Total male and female;10 to 14 years;European Union (including Netherlands);St Eustatius;2023;1;2;-1
7163;Total male and female;10 to 14 years;European Union (including Netherlands);Saba;2011;1;0;1
7164;Total male and female;10 to 14 years;European Union (including Netherlands);Saba;2012;0;0;0
7165;Total male and female;10 to 14 years;European Union (including Netherlands);Saba;2013;1;3;-2
7166;Total male and female;10 to 14 years;European Union (including Netherlands);Saba;2014;3;0;3
7167;Total male and female;10 to 14 years;European Union (including Netherlands);Saba;2015;3;1;2
7168;Total male and female;10 to 14 years;European Union (including Netherlands);Saba;2016;2;1;1
7169;Total male and female;10 to 14 years;European Union (including Netherlands);Saba;2017;2;1;1
7170;Total male and female;10 to 14 years;European Union (including Netherlands);Saba;2018;0;3;-3
7171;Total male and female;10 to 14 years;European Union (including Netherlands);Saba;2019;0;3;-3
7172;Total male and female;10 to 14 years;European Union (including Netherlands);Saba;2020;4;0;4
7173;Total male and female;10 to 14 years;European Union (including Netherlands);Saba;2021;4;5;-1
7174;Total male and female;10 to 14 years;European Union (including Netherlands);Saba;2022;2;2;0
7175;Total male and female;10 to 14 years;European Union (including Netherlands);Saba;2023;0;2;-2
7176;Total male and female;10 to 14 years;European Union (excluding Netherlands);Caribbean Netherlands;2011;2;0;2
7177;Total male and female;10 to 14 years;European Union (excluding Netherlands);Caribbean Netherlands;2012;2;1;1
7178;Total male and female;10 to 14 years;European Union (excluding Netherlands);Caribbean Netherlands;2013;1;2;-1
7179;Total male and female;10 to 14 years;European Union (excluding Netherlands);Caribbean Netherlands;2014;2;1;1
7180;Total male and female;10 to 14 years;European Union (excluding Netherlands);Caribbean Netherlands;2015;3;3;0
7181;Total male and female;10 to 14 years;European Union (excluding Netherlands);Caribbean Netherlands;2016;1;1;0
7182;Total male and female;10 to 14 years;European Union (excluding Netherlands);Caribbean Netherlands;2017;1;0;1
7183;Total male and female;10 to 14 years;European Union (excluding Netherlands);Caribbean Netherlands;2018;1;4;-3
7184;Total male and female;10 to 14 years;European Union (excluding Netherlands);Caribbean Netherlands;2019;0;0;0
7185;Total male and female;10 to 14 years;European Union (excluding Netherlands);Caribbean Netherlands;2020;3;0;3
7186;Total male and female;10 to 14 years;European Union (excluding Netherlands);Caribbean Netherlands;2021;1;0;1
7187;Total male and female;10 to 14 years;European Union (excluding Netherlands);Caribbean Netherlands;2022;1;1;0
7188;Total male and female;10 to 14 years;European Union (excluding Netherlands);Caribbean Netherlands;2023;1;0;1
7189;Total male and female;10 to 14 years;European Union (excluding Netherlands);Bonaire;2011;2;0;2
7190;Total male and female;10 to 14 years;European Union (excluding Netherlands);Bonaire;2012;2;1;1
7191;Total male and female;10 to 14 years;European Union (excluding Netherlands);Bonaire;2013;0;0;0
7192;Total male and female;10 to 14 years;European Union (excluding Netherlands);Bonaire;2014;2;0;2
7193;Total male and female;10 to 14 years;European Union (excluding Netherlands);Bonaire;2015;0;3;-3
7194;Total male and female;10 to 14 years;European Union (excluding Netherlands);Bonaire;2016;1;1;0
7195;Total male and female;10 to 14 years;European Union (excluding Netherlands);Bonaire;2017;0;0;0
7196;Total male and female;10 to 14 years;European Union (excluding Netherlands);Bonaire;2018;0;1;-1
7197;Total male and female;10 to 14 years;European Union (excluding Netherlands);Bonaire;2019;0;0;0
7198;Total male and female;10 to 14 years;European Union (excluding Netherlands);Bonaire;2020;3;0;3
7199;Total male and female;10 to 14 years;European Union (excluding Netherlands);Bonaire;2021;0;0;0
7200;Total male and female;10 to 14 years;European Union (excluding Netherlands);Bonaire;2022;1;1;0
7201;Total male and female;10 to 14 years;European Union (excluding Netherlands);Bonaire;2023;0;0;0
7202;Total male and female;10 to 14 years;European Union (excluding Netherlands);St Eustatius;2011;0;0;0
7203;Total male and female;10 to 14 years;European Union (excluding Netherlands);St Eustatius;2012;0;0;0
7204;Total male and female;10 to 14 years;European Union (excluding Netherlands);St Eustatius;2013;1;0;1
7205;Total male and female;10 to 14 years;European Union (excluding Netherlands);St Eustatius;2014;0;1;-1
7206;Total male and female;10 to 14 years;European Union (excluding Netherlands);St Eustatius;2015;1;0;1
7207;Total male and female;10 to 14 years;European Union (excluding Netherlands);St Eustatius;2016;0;0;0
7208;Total male and female;10 to 14 years;European Union (excluding Netherlands);St Eustatius;2017;0;0;0
7209;Total male and female;10 to 14 years;European Union (excluding Netherlands);St Eustatius;2018;1;1;0
7210;Total male and female;10 to 14 years;European Union (excluding Netherlands);St Eustatius;2019;0;0;0
7211;Total male and female;10 to 14 years;European Union (excluding Netherlands);St Eustatius;2020;0;0;0
7212;Total male and female;10 to 14 years;European Union (excluding Netherlands);St Eustatius;2021;0;0;0
7213;Total male and female;10 to 14 years;European Union (excluding Netherlands);St Eustatius;2022;0;0;0
7214;Total male and female;10 to 14 years;European Union (excluding Netherlands);St Eustatius;2023;1;0;1
7215;Total male and female;10 to 14 years;European Union (excluding Netherlands);Saba;2011;0;0;0
7216;Total male and female;10 to 14 years;European Union (excluding Netherlands);Saba;2012;0;0;0
7217;Total male and female;10 to 14 years;European Union (excluding Netherlands);Saba;2013;0;2;-2
7218;Total male and female;10 to 14 years;European Union (excluding Netherlands);Saba;2014;0;0;0
7219;Total male and female;10 to 14 years;European Union (excluding Netherlands);Saba;2015;2;0;2
7220;Total male and female;10 to 14 years;European Union (excluding Netherlands);Saba;2016;0;0;0
7221;Total male and female;10 to 14 years;European Union (excluding Netherlands);Saba;2017;1;0;1
7222;Total male and female;10 to 14 years;European Union (excluding Netherlands);Saba;2018;0;2;-2
7223;Total male and female;10 to 14 years;European Union (excluding Netherlands);Saba;2019;0;0;0
7224;Total male and female;10 to 14 years;European Union (excluding Netherlands);Saba;2020;0;0;0
7225;Total male and female;10 to 14 years;European Union (excluding Netherlands);Saba;2021;1;0;1
7226;Total male and female;10 to 14 years;European Union (excluding Netherlands);Saba;2022;0;0;0
7227;Total male and female;10 to 14 years;European Union (excluding Netherlands);Saba;2023;0;0;0
7228;Total male and female;10 to 14 years;Central and South America (excl Dutch..);Caribbean Netherlands;2011;18;9;9
7229;Total male and female;10 to 14 years;Central and South America (excl Dutch..);Caribbean Netherlands;2012;23;5;18
7230;Total male and female;10 to 14 years;Central and South America (excl Dutch..);Caribbean Netherlands;2013;12;3;9
7231;Total male and female;10 to 14 years;Central and South America (excl Dutch..);Caribbean Netherlands;2014;11;4;7
7232;Total male and female;10 to 14 years;Central and South America (excl Dutch..);Caribbean Netherlands;2015;21;5;16
7233;Total male and female;10 to 14 years;Central and South America (excl Dutch..);Caribbean Netherlands;2016;23;6;17
7234;Total male and female;10 to 14 years;Central and South America (excl Dutch..);Caribbean Netherlands;2017;15;12;3
7235;Total male and female;10 to 14 years;Central and South America (excl Dutch..);Caribbean Netherlands;2018;25;3;22
7236;Total male and female;10 to 14 years;Central and South America (excl Dutch..);Caribbean Netherlands;2019;22;2;20
7237;Total male and female;10 to 14 years;Central and South America (excl Dutch..);Caribbean Netherlands;2020;17;3;14
7238;Total male and female;10 to 14 years;Central and South America (excl Dutch..);Caribbean Netherlands;2021;25;5;20
7239;Total male and female;10 to 14 years;Central and South America (excl Dutch..);Caribbean Netherlands;2022;45;-1;46
7240;Total male and female;10 to 14 years;Central and South America (excl Dutch..);Caribbean Netherlands;2023;52;11;41
7241;Total male and female;10 to 14 years;Central and South America (excl Dutch..);Bonaire;2011;13;2;11
7242;Total male and female;10 to 14 years;Central and South America (excl Dutch..);Bonaire;2012;18;3;15
7243;Total male and female;10 to 14 years;Central and South America (excl Dutch..);Bonaire;2013;8;0;8
7244;Total male and female;10 to 14 years;Central and South America (excl Dutch..);Bonaire;2014;7;1;6
7245;Total male and female;10 to 14 years;Central and South America (excl Dutch..);Bonaire;2015;14;1;13
7246;Total male and female;10 to 14 years;Central and South America (excl Dutch..);Bonaire;2016;19;5;14
7247;Total male and female;10 to 14 years;Central and South America (excl Dutch..);Bonaire;2017;11;7;4
7248;Total male and female;10 to 14 years;Central and South America (excl Dutch..);Bonaire;2018;22;3;19
7249;Total male and female;10 to 14 years;Central and South America (excl Dutch..);Bonaire;2019;17;0;17
7250;Total male and female;10 to 14 years;Central and South America (excl Dutch..);Bonaire;2020;11;1;10
7251;Total male and female;10 to 14 years;Central and South America (excl Dutch..);Bonaire;2021;18;5;13
7252;Total male and female;10 to 14 years;Central and South America (excl Dutch..);Bonaire;2022;38;-1;39
7253;Total male and female;10 to 14 years;Central and South America (excl Dutch..);Bonaire;2023;41;3;38
7254;Total male and female;10 to 14 years;Central and South America (excl Dutch..);St Eustatius;2011;3;1;2
7255;Total male and female;10 to 14 years;Central and South America (excl Dutch..);St Eustatius;2012;3;1;2
7256;Total male and female;10 to 14 years;Central and South America (excl Dutch..);St Eustatius;2013;3;3;0
7257;Total male and female;10 to 14 years;Central and South America (excl Dutch..);St Eustatius;2014;3;3;0
7258;Total male and female;10 to 14 years;Central and South America (excl Dutch..);St Eustatius;2015;5;4;1
7259;Total male and female;10 to 14 years;Central and South America (excl Dutch..);St Eustatius;2016;4;1;3
7260;Total male and female;10 to 14 years;Central and South America (excl Dutch..);St Eustatius;2017;3;2;1
7261;Total male and female;10 to 14 years;Central and South America (excl Dutch..);St Eustatius;2018;1;0;1
7262;Total male and female;10 to 14 years;Central and South America (excl Dutch..);St Eustatius;2019;4;1;3
7263;Total male and female;10 to 14 years;Central and South America (excl Dutch..);St Eustatius;2020;1;0;1
7264;Total male and female;10 to 14 years;Central and South America (excl Dutch..);St Eustatius;2021;3;0;3
7265;Total male and female;10 to 14 years;Central and South America (excl Dutch..);St Eustatius;2022;4;0;4
7266;Total male and female;10 to 14 years;Central and South America (excl Dutch..);St Eustatius;2023;7;8;-1
7267;Total male and female;10 to 14 years;Central and South America (excl Dutch..);Saba;2011;2;6;-4
7268;Total male and female;10 to 14 years;Central and South America (excl Dutch..);Saba;2012;2;1;1
7269;Total male and female;10 to 14 years;Central and South America (excl Dutch..);Saba;2013;1;0;1
7270;Total male and female;10 to 14 years;Central and South America (excl Dutch..);Saba;2014;1;0;1
7271;Total male and female;10 to 14 years;Central and South America (excl Dutch..);Saba;2015;2;0;2
7272;Total male and female;10 to 14 years;Central and South America (excl Dutch..);Saba;2016;0;0;0
7273;Total male and female;10 to 14 years;Central and South America (excl Dutch..);Saba;2017;1;3;-2
7274;Total male and female;10 to 14 years;Central and South America (excl Dutch..);Saba;2018;2;0;2
7275;Total male and female;10 to 14 years;Central and South America (excl Dutch..);Saba;2019;1;1;0
7276;Total male and female;10 to 14 years;Central and South America (excl Dutch..);Saba;2020;5;2;3
7277;Total male and female;10 to 14 years;Central and South America (excl Dutch..);Saba;2021;4;0;4
7278;Total male and female;10 to 14 years;Central and South America (excl Dutch..);Saba;2022;3;0;3
7279;Total male and female;10 to 14 years;Central and South America (excl Dutch..);Saba;2023;4;0;4
7280;Total male and female;10 to 14 years;Aruba;Caribbean Netherlands;2011;7;1;6
7281;Total male and female;10 to 14 years;Aruba;Caribbean Netherlands;2012;5;4;1
7282;Total male and female;10 to 14 years;Aruba;Caribbean Netherlands;2013;4;1;3
7283;Total male and female;10 to 14 years;Aruba;Caribbean Netherlands;2014;4;1;3
7284;Total male and female;10 to 14 years;Aruba;Caribbean Netherlands;2015;1;2;-1
7285;Total male and female;10 to 14 years;Aruba;Caribbean Netherlands;2016;3;2;1
7286;Total male and female;10 to 14 years;Aruba;Caribbean Netherlands;2017;3;3;0
7287;Total male and female;10 to 14 years;Aruba;Caribbean Netherlands;2018;3;1;2
7288;Total male and female;10 to 14 years;Aruba;Caribbean Netherlands;2019;2;0;2
7289;Total male and female;10 to 14 years;Aruba;Caribbean Netherlands;2020;1;1;0
7290;Total male and female;10 to 14 years;Aruba;Caribbean Netherlands;2021;3;0;3
7291;Total male and female;10 to 14 years;Aruba;Caribbean Netherlands;2022;0;4;-4
7292;Total male and female;10 to 14 years;Aruba;Caribbean Netherlands;2023;4;3;1
7293;Total male and female;10 to 14 years;Aruba;Bonaire;2011;7;1;6
7294;Total male and female;10 to 14 years;Aruba;Bonaire;2012;4;3;1
7295;Total male and female;10 to 14 years;Aruba;Bonaire;2013;4;1;3
7296;Total male and female;10 to 14 years;Aruba;Bonaire;2014;4;0;4
7297;Total male and female;10 to 14 years;Aruba;Bonaire;2015;1;2;-1
7298;Total male and female;10 to 14 years;Aruba;Bonaire;2016;3;2;1
7299;Total male and female;10 to 14 years;Aruba;Bonaire;2017;3;3;0
7300;Total male and female;10 to 14 years;Aruba;Bonaire;2018;3;1;2
7301;Total male and female;10 to 14 years;Aruba;Bonaire;2019;2;0;2
7302;Total male and female;10 to 14 years;Aruba;Bonaire;2020;1;1;0
7303;Total male and female;10 to 14 years;Aruba;Bonaire;2021;3;0;3
7304;Total male and female;10 to 14 years;Aruba;Bonaire;2022;0;4;-4
7305;Total male and female;10 to 14 years;Aruba;Bonaire;2023;3;3;0
7306;Total male and female;10 to 14 years;Aruba;St Eustatius;2011;0;0;0
7307;Total male and female;10 to 14 years;Aruba;St Eustatius;2012;1;0;1
7308;Total male and female;10 to 14 years;Aruba;St Eustatius;2013;0;0;0
7309;Total male and female;10 to 14 years;Aruba;St Eustatius;2014;0;1;-1
7310;Total male and female;10 to 14 years;Aruba;St Eustatius;2015;0;0;0
7311;Total male and female;10 to 14 years;Aruba;St Eustatius;2016;0;0;0
7312;Total male and female;10 to 14 years;Aruba;St Eustatius;2017;0;0;0
7313;Total male and female;10 to 14 years;Aruba;St Eustatius;2018;0;0;0
7314;Total male and female;10 to 14 years;Aruba;St Eustatius;2019;0;0;0
7315;Total male and female;10 to 14 years;Aruba;St Eustatius;2020;0;0;0
7316;Total male and female;10 to 14 years;Aruba;St Eustatius;2021;0;0;0
7317;Total male and female;10 to 14 years;Aruba;St Eustatius;2022;0;0;0
7318;Total male and female;10 to 14 years;Aruba;St Eustatius;2023;0;0;0
7319;Total male and female;10 to 14 years;Aruba;Saba;2011;0;0;0
7320;Total male and female;10 to 14 years;Aruba;Saba;2012;0;1;-1
7321;Total male and female;10 to 14 years;Aruba;Saba;2013;0;0;0
7322;Total male and female;10 to 14 years;Aruba;Saba;2014;0;0;0
7323;Total male and female;10 to 14 years;Aruba;Saba;2015;0;0;0
7324;Total male and female;10 to 14 years;Aruba;Saba;2016;0;0;0
7325;Total male and female;10 to 14 years;Aruba;Saba;2017;0;0;0
7326;Total male and female;10 to 14 years;Aruba;Saba;2018;0;0;0
7327;Total male and female;10 to 14 years;Aruba;Saba;2019;0;0;0
7328;Total male and female;10 to 14 years;Aruba;Saba;2020;0;0;0
7329;Total male and female;10 to 14 years;Aruba;Saba;2021;0;0;0
7330;Total male and female;10 to 14 years;Aruba;Saba;2022;0;0;0
7331;Total male and female;10 to 14 years;Aruba;Saba;2023;1;0;1
7332;Total male and female;10 to 14 years;Bonaire;Caribbean Netherlands;2011;6;5;1
7333;Total male and female;10 to 14 years;Bonaire;Caribbean Netherlands;2012;3;12;-9
7334;Total male and female;10 to 14 years;Bonaire;Caribbean Netherlands;2013;7;6;1
7335;Total male and female;10 to 14 years;Bonaire;Caribbean Netherlands;2014;6;6;0
7336;Total male and female;10 to 14 years;Bonaire;Caribbean Netherlands;2015;5;9;-4
7337;Total male and female;10 to 14 years;Bonaire;Caribbean Netherlands;2016;6;8;-2
7338;Total male and female;10 to 14 years;Bonaire;Caribbean Netherlands;2017;7;11;-4
7339;Total male and female;10 to 14 years;Bonaire;Caribbean Netherlands;2018;7;15;-8
7340;Total male and female;10 to 14 years;Bonaire;Caribbean Netherlands;2019;9;10;-1
7341;Total male and female;10 to 14 years;Bonaire;Caribbean Netherlands;2020;9;11;-2
7342;Total male and female;10 to 14 years;Bonaire;Caribbean Netherlands;2021;4;10;-6
7343;Total male and female;10 to 14 years;Bonaire;Caribbean Netherlands;2022;8;19;-11
7344;Total male and female;10 to 14 years;Bonaire;Caribbean Netherlands;2023;3;24;-21
7345;Total male and female;10 to 14 years;Bonaire;Bonaire;2011;6;5;1
7346;Total male and female;10 to 14 years;Bonaire;Bonaire;2012;3;12;-9
7347;Total male and female;10 to 14 years;Bonaire;Bonaire;2013;7;6;1
7348;Total male and female;10 to 14 years;Bonaire;Bonaire;2014;6;6;0
7349;Total male and female;10 to 14 years;Bonaire;Bonaire;2015;5;9;-4
7350;Total male and female;10 to 14 years;Bonaire;Bonaire;2016;6;8;-2
7351;Total male and female;10 to 14 years;Bonaire;Bonaire;2017;7;11;-4
7352;Total male and female;10 to 14 years;Bonaire;Bonaire;2018;7;15;-8
7353;Total male and female;10 to 14 years;Bonaire;Bonaire;2019;9;10;-1
7354;Total male and female;10 to 14 years;Bonaire;Bonaire;2020;9;11;-2
7355;Total male and female;10 to 14 years;Bonaire;Bonaire;2021;4;10;-6
7356;Total male and female;10 to 14 years;Bonaire;Bonaire;2022;8;19;-11
7357;Total male and female;10 to 14 years;Bonaire;Bonaire;2023;3;24;-21
7358;Total male and female;10 to 14 years;Bonaire;St Eustatius;2011;0;0;0
7359;Total male and female;10 to 14 years;Bonaire;St Eustatius;2012;0;0;0
7360;Total male and female;10 to 14 years;Bonaire;St Eustatius;2013;0;0;0
7361;Total male and female;10 to 14 years;Bonaire;St Eustatius;2014;0;0;0
7362;Total male and female;10 to 14 years;Bonaire;St Eustatius;2015;0;0;0
7363;Total male and female;10 to 14 years;Bonaire;St Eustatius;2016;0;0;0
7364;Total male and female;10 to 14 years;Bonaire;St Eustatius;2017;0;0;0
7365;Total male and female;10 to 14 years;Bonaire;St Eustatius;2018;0;0;0
7366;Total male and female;10 to 14 years;Bonaire;St Eustatius;2019;0;0;0
7367;Total male and female;10 to 14 years;Bonaire;St Eustatius;2020;0;0;0
7368;Total male and female;10 to 14 years;Bonaire;St Eustatius;2021;0;0;0
7369;Total male and female;10 to 14 years;Bonaire;St Eustatius;2022;0;0;0
7370;Total male and female;10 to 14 years;Bonaire;St Eustatius;2023;0;0;0
7371;Total male and female;10 to 14 years;Bonaire;Saba;2011;0;0;0
7372;Total male and female;10 to 14 years;Bonaire;Saba;2012;0;0;0
7373;Total male and female;10 to 14 years;Bonaire;Saba;2013;0;0;0
7374;Total male and female;10 to 14 years;Bonaire;Saba;2014;0;0;0
7375;Total male and female;10 to 14 years;Bonaire;Saba;2015;0;0;0
7376;Total male and female;10 to 14 years;Bonaire;Saba;2016;0;0;0
7377;Total male and female;10 to 14 years;Bonaire;Saba;2017;0;0;0
7378;Total male and female;10 to 14 years;Bonaire;Saba;2018;0;0;0
7379;Total male and female;10 to 14 years;Bonaire;Saba;2019;0;0;0
7380;Total male and female;10 to 14 years;Bonaire;Saba;2020;0;0;0
7381;Total male and female;10 to 14 years;Bonaire;Saba;2021;0;0;0
7382;Total male and female;10 to 14 years;Bonaire;Saba;2022;0;0;0
7383;Total male and female;10 to 14 years;Bonaire;Saba;2023;0;0;0
7384;Total male and female;10 to 14 years;Canada;Caribbean Netherlands;2011;1;1;0
7385;Total male and female;10 to 14 years;Canada;Caribbean Netherlands;2012;1;0;1
7386;Total male and female;10 to 14 years;Canada;Caribbean Netherlands;2013;2;5;-3
7387;Total male and female;10 to 14 years;Canada;Caribbean Netherlands;2014;0;1;-1
7388;Total male and female;10 to 14 years;Canada;Caribbean Netherlands;2015;0;1;-1
7389;Total male and female;10 to 14 years;Canada;Caribbean Netherlands;2016;0;0;0
7390;Total male and female;10 to 14 years;Canada;Caribbean Netherlands;2017;0;0;0
7391;Total male and female;10 to 14 years;Canada;Caribbean Netherlands;2018;0;1;-1
7392;Total male and female;10 to 14 years;Canada;Caribbean Netherlands;2019;1;0;1
7393;Total male and female;10 to 14 years;Canada;Caribbean Netherlands;2020;0;0;0
7394;Total male and female;10 to 14 years;Canada;Caribbean Netherlands;2021;0;1;-1
7395;Total male and female;10 to 14 years;Canada;Caribbean Netherlands;2022;0;0;0
7396;Total male and female;10 to 14 years;Canada;Caribbean Netherlands;2023;0;0;0
7397;Total male and female;10 to 14 years;Canada;Bonaire;2011;0;0;0
7398;Total male and female;10 to 14 years;Canada;Bonaire;2012;0;0;0
7399;Total male and female;10 to 14 years;Canada;Bonaire;2013;0;0;0
7400;Total male and female;10 to 14 years;Canada;Bonaire;2014;0;0;0
7401;Total male and female;10 to 14 years;Canada;Bonaire;2015;0;0;0
7402;Total male and female;10 to 14 years;Canada;Bonaire;2016;0;0;0
7403;Total male and female;10 to 14 years;Canada;Bonaire;2017;0;0;0
7404;Total male and female;10 to 14 years;Canada;Bonaire;2018;0;0;0
7405;Total male and female;10 to 14 years;Canada;Bonaire;2019;1;0;1
7406;Total male and female;10 to 14 years;Canada;Bonaire;2020;0;0;0
7407;Total male and female;10 to 14 years;Canada;Bonaire;2021;0;0;0
7408;Total male and female;10 to 14 years;Canada;Bonaire;2022;0;0;0
7409;Total male and female;10 to 14 years;Canada;Bonaire;2023;0;0;0
7410;Total male and female;10 to 14 years;Canada;St Eustatius;2011;1;1;0
7411;Total male and female;10 to 14 years;Canada;St Eustatius;2012;1;0;1
7412;Total male and female;10 to 14 years;Canada;St Eustatius;2013;2;5;-3
7413;Total male and female;10 to 14 years;Canada;St Eustatius;2014;0;1;-1
7414;Total male and female;10 to 14 years;Canada;St Eustatius;2015;0;1;-1
7415;Total male and female;10 to 14 years;Canada;St Eustatius;2016;0;0;0
7416;Total male and female;10 to 14 years;Canada;St Eustatius;2017;0;0;0
7417;Total male and female;10 to 14 years;Canada;St Eustatius;2018;0;0;0
7418;Total male and female;10 to 14 years;Canada;St Eustatius;2019;0;0;0
7419;Total male and female;10 to 14 years;Canada;St Eustatius;2020;0;0;0
7420;Total male and female;10 to 14 years;Canada;St Eustatius;2021;0;0;0
7421;Total male and female;10 to 14 years;Canada;St Eustatius;2022;0;0;0
7422;Total male and female;10 to 14 years;Canada;St Eustatius;2023;0;0;0
7423;Total male and female;10 to 14 years;Canada;Saba;2011;0;0;0
7424;Total male and female;10 to 14 years;Canada;Saba;2012;0;0;0
7425;Total male and female;10 to 14 years;Canada;Saba;2013;0;0;0
7426;Total male and female;10 to 14 years;Canada;Saba;2014;0;0;0
7427;Total male and female;10 to 14 years;Canada;Saba;2015;0;0;0
7428;Total male and female;10 to 14 years;Canada;Saba;2016;0;0;0
7429;Total male and female;10 to 14 years;Canada;Saba;2017;0;0;0
7430;Total male and female;10 to 14 years;Canada;Saba;2018;0;1;-1
7431;Total male and female;10 to 14 years;Canada;Saba;2019;0;0;0
7432;Total male and female;10 to 14 years;Canada;Saba;2020;0;0;0
7433;Total male and female;10 to 14 years;Canada;Saba;2021;0;1;-1
7434;Total male and female;10 to 14 years;Canada;Saba;2022;0;0;0
7435;Total male and female;10 to 14 years;Canada;Saba;2023;0;0;0
7436;Total male and female;10 to 14 years;China;Caribbean Netherlands;2011;1;0;1
7437;Total male and female;10 to 14 years;China;Caribbean Netherlands;2012;1;0;1
7438;Total male and female;10 to 14 years;China;Caribbean Netherlands;2013;3;0;3
7439;Total male and female;10 to 14 years;China;Caribbean Netherlands;2014;1;0;1
7440;Total male and female;10 to 14 years;China;Caribbean Netherlands;2015;1;1;0
7441;Total male and female;10 to 14 years;China;Caribbean Netherlands;2016;2;1;1
7442;Total male and female;10 to 14 years;China;Caribbean Netherlands;2017;0;0;0
7443;Total male and female;10 to 14 years;China;Caribbean Netherlands;2018;1;0;1
7444;Total male and female;10 to 14 years;China;Caribbean Netherlands;2019;0;0;0
7445;Total male and female;10 to 14 years;China;Caribbean Netherlands;2020;0;0;0
7446;Total male and female;10 to 14 years;China;Caribbean Netherlands;2021;0;0;0
7447;Total male and female;10 to 14 years;China;Caribbean Netherlands;2022;0;0;0
7448;Total male and female;10 to 14 years;China;Caribbean Netherlands;2023;0;0;0
7449;Total male and female;10 to 14 years;China;Bonaire;2011;1;0;1
7450;Total male and female;10 to 14 years;China;Bonaire;2012;1;0;1
7451;Total male and female;10 to 14 years;China;Bonaire;2013;3;0;3
7452;Total male and female;10 to 14 years;China;Bonaire;2014;1;0;1
7453;Total male and female;10 to 14 years;China;Bonaire;2015;1;1;0
7454;Total male and female;10 to 14 years;China;Bonaire;2016;2;1;1
7455;Total male and female;10 to 14 years;China;Bonaire;2017;0;0;0
7456;Total male and female;10 to 14 years;China;Bonaire;2018;1;0;1
7457;Total male and female;10 to 14 years;China;Bonaire;2019;0;0;0
7458;Total male and female;10 to 14 years;China;Bonaire;2020;0;0;0
7459;Total male and female;10 to 14 years;China;Bonaire;2021;0;0;0
7460;Total male and female;10 to 14 years;China;Bonaire;2022;0;0;0
7461;Total male and female;10 to 14 years;China;Bonaire;2023;0;0;0
7462;Total male and female;10 to 14 years;China;St Eustatius;2011;0;0;0
7463;Total male and female;10 to 14 years;China;St Eustatius;2012;0;0;0
7464;Total male and female;10 to 14 years;China;St Eustatius;2013;0;0;0
7465;Total male and female;10 to 14 years;China;St Eustatius;2014;0;0;0
7466;Total male and female;10 to 14 years;China;St Eustatius;2015;0;0;0
7467;Total male and female;10 to 14 years;China;St Eustatius;2016;0;0;0
7468;Total male and female;10 to 14 years;China;St Eustatius;2017;0;0;0
7469;Total male and female;10 to 14 years;China;St Eustatius;2018;0;0;0
7470;Total male and female;10 to 14 years;China;St Eustatius;2019;0;0;0
7471;Total male and female;10 to 14 years;China;St Eustatius;2020;0;0;0
7472;Total male and female;10 to 14 years;China;St Eustatius;2021;0;0;0
7473;Total male and female;10 to 14 years;China;St Eustatius;2022;0;0;0
7474;Total male and female;10 to 14 years;China;St Eustatius;2023;0;0;0
7475;Total male and female;10 to 14 years;China;Saba;2011;0;0;0
7476;Total male and female;10 to 14 years;China;Saba;2012;0;0;0
7477;Total male and female;10 to 14 years;China;Saba;2013;0;0;0
7478;Total male and female;10 to 14 years;China;Saba;2014;0;0;0
7479;Total male and female;10 to 14 years;China;Saba;2015;0;0;0
7480;Total male and female;10 to 14 years;China;Saba;2016;0;0;0
7481;Total male and female;10 to 14 years;China;Saba;2017;0;0;0
7482;Total male and female;10 to 14 years;China;Saba;2018;0;0;0
7483;Total male and female;10 to 14 years;China;Saba;2019;0;0;0
7484;Total male and female;10 to 14 years;China;Saba;2020;0;0;0
7485;Total male and female;10 to 14 years;China;Saba;2021;0;0;0
7486;Total male and female;10 to 14 years;China;Saba;2022;0;0;0
7487;Total male and female;10 to 14 years;China;Saba;2023;0;0;0
7488;Total male and female;10 to 14 years;Colombia;Caribbean Netherlands;2011;2;1;1
7489;Total male and female;10 to 14 years;Colombia;Caribbean Netherlands;2012;4;1;3
7490;Total male and female;10 to 14 years;Colombia;Caribbean Netherlands;2013;1;0;1
7491;Total male and female;10 to 14 years;Colombia;Caribbean Netherlands;2014;3;1;2
7492;Total male and female;10 to 14 years;Colombia;Caribbean Netherlands;2015;0;0;0
7493;Total male and female;10 to 14 years;Colombia;Caribbean Netherlands;2016;3;1;2
7494;Total male and female;10 to 14 years;Colombia;Caribbean Netherlands;2017;2;3;-1
7495;Total male and female;10 to 14 years;Colombia;Caribbean Netherlands;2018;2;0;2
7496;Total male and female;10 to 14 years;Colombia;Caribbean Netherlands;2019;2;1;1
7497;Total male and female;10 to 14 years;Colombia;Caribbean Netherlands;2020;1;1;0
7498;Total male and female;10 to 14 years;Colombia;Caribbean Netherlands;2021;4;2;2
7499;Total male and female;10 to 14 years;Colombia;Caribbean Netherlands;2022;6;-1;7
7500;Total male and female;10 to 14 years;Colombia;Caribbean Netherlands;2023;5;0;5
7501;Total male and female;10 to 14 years;Colombia;Bonaire;2011;2;1;1
7502;Total male and female;10 to 14 years;Colombia;Bonaire;2012;4;0;4
7503;Total male and female;10 to 14 years;Colombia;Bonaire;2013;1;0;1
7504;Total male and female;10 to 14 years;Colombia;Bonaire;2014;3;1;2
7505;Total male and female;10 to 14 years;Colombia;Bonaire;2015;0;0;0
7506;Total male and female;10 to 14 years;Colombia;Bonaire;2016;3;1;2
7507;Total male and female;10 to 14 years;Colombia;Bonaire;2017;1;3;-2
7508;Total male and female;10 to 14 years;Colombia;Bonaire;2018;1;0;1
7509;Total male and female;10 to 14 years;Colombia;Bonaire;2019;2;0;2
7510;Total male and female;10 to 14 years;Colombia;Bonaire;2020;0;1;-1
7511;Total male and female;10 to 14 years;Colombia;Bonaire;2021;1;2;-1
7512;Total male and female;10 to 14 years;Colombia;Bonaire;2022;6;-1;7
7513;Total male and female;10 to 14 years;Colombia;Bonaire;2023;3;0;3
7514;Total male and female;10 to 14 years;Colombia;St Eustatius;2011;0;0;0
7515;Total male and female;10 to 14 years;Colombia;St Eustatius;2012;0;0;0
7516;Total male and female;10 to 14 years;Colombia;St Eustatius;2013;0;0;0
7517;Total male and female;10 to 14 years;Colombia;St Eustatius;2014;0;0;0
7518;Total male and female;10 to 14 years;Colombia;St Eustatius;2015;0;0;0
7519;Total male and female;10 to 14 years;Colombia;St Eustatius;2016;0;0;0
7520;Total male and female;10 to 14 years;Colombia;St Eustatius;2017;0;0;0
7521;Total male and female;10 to 14 years;Colombia;St Eustatius;2018;0;0;0
7522;Total male and female;10 to 14 years;Colombia;St Eustatius;2019;0;0;0
7523;Total male and female;10 to 14 years;Colombia;St Eustatius;2020;0;0;0
7524;Total male and female;10 to 14 years;Colombia;St Eustatius;2021;0;0;0
7525;Total male and female;10 to 14 years;Colombia;St Eustatius;2022;0;0;0
7526;Total male and female;10 to 14 years;Colombia;St Eustatius;2023;2;0;2
7527;Total male and female;10 to 14 years;Colombia;Saba;2011;0;0;0
7528;Total male and female;10 to 14 years;Colombia;Saba;2012;0;1;-1
7529;Total male and female;10 to 14 years;Colombia;Saba;2013;0;0;0
7530;Total male and female;10 to 14 years;Colombia;Saba;2014;0;0;0
7531;Total male and female;10 to 14 years;Colombia;Saba;2015;0;0;0
7532;Total male and female;10 to 14 years;Colombia;Saba;2016;0;0;0
7533;Total male and female;10 to 14 years;Colombia;Saba;2017;1;0;1
7534;Total male and female;10 to 14 years;Colombia;Saba;2018;1;0;1
7535;Total male and female;10 to 14 years;Colombia;Saba;2019;0;1;-1
7536;Total male and female;10 to 14 years;Colombia;Saba;2020;1;0;1
7537;Total male and female;10 to 14 years;Colombia;Saba;2021;3;0;3
7538;Total male and female;10 to 14 years;Colombia;Saba;2022;0;0;0
7539;Total male and female;10 to 14 years;Colombia;Saba;2023;0;0;0
7540;Total male and female;10 to 14 years;Curaçao;Caribbean Netherlands;2011;12;4;8
7541;Total male and female;10 to 14 years;Curaçao;Caribbean Netherlands;2012;15;13;2
7542;Total male and female;10 to 14 years;Curaçao;Caribbean Netherlands;2013;13;6;7
7543;Total male and female;10 to 14 years;Curaçao;Caribbean Netherlands;2014;16;11;5
7544;Total male and female;10 to 14 years;Curaçao;Caribbean Netherlands;2015;13;10;3
7545;Total male and female;10 to 14 years;Curaçao;Caribbean Netherlands;2016;12;9;3
7546;Total male and female;10 to 14 years;Curaçao;Caribbean Netherlands;2017;4;9;-5
7547;Total male and female;10 to 14 years;Curaçao;Caribbean Netherlands;2018;15;10;5
7548;Total male and female;10 to 14 years;Curaçao;Caribbean Netherlands;2019;13;9;4
7549;Total male and female;10 to 14 years;Curaçao;Caribbean Netherlands;2020;13;5;8
7550;Total male and female;10 to 14 years;Curaçao;Caribbean Netherlands;2021;27;11;16
7551;Total male and female;10 to 14 years;Curaçao;Caribbean Netherlands;2022;24;16;8
7552;Total male and female;10 to 14 years;Curaçao;Caribbean Netherlands;2023;11;14;-3
7553;Total male and female;10 to 14 years;Curaçao;Bonaire;2011;12;4;8
7554;Total male and female;10 to 14 years;Curaçao;Bonaire;2012;15;12;3
7555;Total male and female;10 to 14 years;Curaçao;Bonaire;2013;12;5;7
7556;Total male and female;10 to 14 years;Curaçao;Bonaire;2014;16;10;6
7557;Total male and female;10 to 14 years;Curaçao;Bonaire;2015;12;8;4
7558;Total male and female;10 to 14 years;Curaçao;Bonaire;2016;11;8;3
7559;Total male and female;10 to 14 years;Curaçao;Bonaire;2017;2;8;-6
7560;Total male and female;10 to 14 years;Curaçao;Bonaire;2018;13;8;5
7561;Total male and female;10 to 14 years;Curaçao;Bonaire;2019;13;9;4
7562;Total male and female;10 to 14 years;Curaçao;Bonaire;2020;13;5;8
7563;Total male and female;10 to 14 years;Curaçao;Bonaire;2021;23;9;14
7564;Total male and female;10 to 14 years;Curaçao;Bonaire;2022;24;14;10
7565;Total male and female;10 to 14 years;Curaçao;Bonaire;2023;10;14;-4
7566;Total male and female;10 to 14 years;Curaçao;St Eustatius;2011;0;0;0
7567;Total male and female;10 to 14 years;Curaçao;St Eustatius;2012;0;1;-1
7568;Total male and female;10 to 14 years;Curaçao;St Eustatius;2013;1;1;0
7569;Total male and female;10 to 14 years;Curaçao;St Eustatius;2014;0;1;-1
7570;Total male and female;10 to 14 years;Curaçao;St Eustatius;2015;1;2;-1
7571;Total male and female;10 to 14 years;Curaçao;St Eustatius;2016;1;1;0
7572;Total male and female;10 to 14 years;Curaçao;St Eustatius;2017;2;0;2
7573;Total male and female;10 to 14 years;Curaçao;St Eustatius;2018;2;2;0
7574;Total male and female;10 to 14 years;Curaçao;St Eustatius;2019;0;0;0
7575;Total male and female;10 to 14 years;Curaçao;St Eustatius;2020;0;0;0
7576;Total male and female;10 to 14 years;Curaçao;St Eustatius;2021;4;1;3
7577;Total male and female;10 to 14 years;Curaçao;St Eustatius;2022;0;2;-2
7578;Total male and female;10 to 14 years;Curaçao;St Eustatius;2023;0;0;0
7579;Total male and female;10 to 14 years;Curaçao;Saba;2011;0;0;0
7580;Total male and female;10 to 14 years;Curaçao;Saba;2012;0;0;0
7581;Total male and female;10 to 14 years;Curaçao;Saba;2013;0;0;0
7582;Total male and female;10 to 14 years;Curaçao;Saba;2014;0;0;0
7583;Total male and female;10 to 14 years;Curaçao;Saba;2015;0;0;0
7584;Total male and female;10 to 14 years;Curaçao;Saba;2016;0;0;0
7585;Total male and female;10 to 14 years;Curaçao;Saba;2017;0;1;-1
7586;Total male and female;10 to 14 years;Curaçao;Saba;2018;0;0;0
7587;Total male and female;10 to 14 years;Curaçao;Saba;2019;0;0;0
7588;Total male and female;10 to 14 years;Curaçao;Saba;2020;0;0;0
7589;Total male and female;10 to 14 years;Curaçao;Saba;2021;0;1;-1
7590;Total male and female;10 to 14 years;Curaçao;Saba;2022;0;0;0
7591;Total male and female;10 to 14 years;Curaçao;Saba;2023;1;0;1
7592;Total male and female;10 to 14 years;Dominican Republic;Caribbean Netherlands;2011;4;2;2
7593;Total male and female;10 to 14 years;Dominican Republic;Caribbean Netherlands;2012;9;1;8
7594;Total male and female;10 to 14 years;Dominican Republic;Caribbean Netherlands;2013;7;0;7
7595;Total male and female;10 to 14 years;Dominican Republic;Caribbean Netherlands;2014;4;2;2
7596;Total male and female;10 to 14 years;Dominican Republic;Caribbean Netherlands;2015;9;2;7
7597;Total male and female;10 to 14 years;Dominican Republic;Caribbean Netherlands;2016;16;1;15
7598;Total male and female;10 to 14 years;Dominican Republic;Caribbean Netherlands;2017;5;0;5
7599;Total male and female;10 to 14 years;Dominican Republic;Caribbean Netherlands;2018;13;1;12
7600;Total male and female;10 to 14 years;Dominican Republic;Caribbean Netherlands;2019;9;1;8
7601;Total male and female;10 to 14 years;Dominican Republic;Caribbean Netherlands;2020;5;2;3
7602;Total male and female;10 to 14 years;Dominican Republic;Caribbean Netherlands;2021;7;1;6
7603;Total male and female;10 to 14 years;Dominican Republic;Caribbean Netherlands;2022;19;0;19
7604;Total male and female;10 to 14 years;Dominican Republic;Caribbean Netherlands;2023;17;6;11
7605;Total male and female;10 to 14 years;Dominican Republic;Bonaire;2011;2;1;1
7606;Total male and female;10 to 14 years;Dominican Republic;Bonaire;2012;5;1;4
7607;Total male and female;10 to 14 years;Dominican Republic;Bonaire;2013;5;0;5
7608;Total male and female;10 to 14 years;Dominican Republic;Bonaire;2014;3;0;3
7609;Total male and female;10 to 14 years;Dominican Republic;Bonaire;2015;8;1;7
7610;Total male and female;10 to 14 years;Dominican Republic;Bonaire;2016;13;1;12
7611;Total male and female;10 to 14 years;Dominican Republic;Bonaire;2017;2;0;2
7612;Total male and female;10 to 14 years;Dominican Republic;Bonaire;2018;11;1;10
7613;Total male and female;10 to 14 years;Dominican Republic;Bonaire;2019;5;0;5
7614;Total male and female;10 to 14 years;Dominican Republic;Bonaire;2020;2;0;2
7615;Total male and female;10 to 14 years;Dominican Republic;Bonaire;2021;6;1;5
7616;Total male and female;10 to 14 years;Dominican Republic;Bonaire;2022;14;0;14
7617;Total male and female;10 to 14 years;Dominican Republic;Bonaire;2023;17;0;17
7618;Total male and female;10 to 14 years;Dominican Republic;St Eustatius;2011;2;1;1
7619;Total male and female;10 to 14 years;Dominican Republic;St Eustatius;2012;3;0;3
7620;Total male and female;10 to 14 years;Dominican Republic;St Eustatius;2013;1;0;1
7621;Total male and female;10 to 14 years;Dominican Republic;St Eustatius;2014;1;2;-1
7622;Total male and female;10 to 14 years;Dominican Republic;St Eustatius;2015;1;1;0
7623;Total male and female;10 to 14 years;Dominican Republic;St Eustatius;2016;3;0;3
7624;Total male and female;10 to 14 years;Dominican Republic;St Eustatius;2017;3;0;3
7625;Total male and female;10 to 14 years;Dominican Republic;St Eustatius;2018;1;0;1
7626;Total male and female;10 to 14 years;Dominican Republic;St Eustatius;2019;3;1;2
7627;Total male and female;10 to 14 years;Dominican Republic;St Eustatius;2020;1;0;1
7628;Total male and female;10 to 14 years;Dominican Republic;St Eustatius;2021;1;0;1
7629;Total male and female;10 to 14 years;Dominican Republic;St Eustatius;2022;3;0;3
7630;Total male and female;10 to 14 years;Dominican Republic;St Eustatius;2023;0;6;-6
7631;Total male and female;10 to 14 years;Dominican Republic;Saba;2011;0;0;0
7632;Total male and female;10 to 14 years;Dominican Republic;Saba;2012;1;0;1
7633;Total male and female;10 to 14 years;Dominican Republic;Saba;2013;1;0;1
7634;Total male and female;10 to 14 years;Dominican Republic;Saba;2014;0;0;0
7635;Total male and female;10 to 14 years;Dominican Republic;Saba;2015;0;0;0
7636;Total male and female;10 to 14 years;Dominican Republic;Saba;2016;0;0;0
7637;Total male and female;10 to 14 years;Dominican Republic;Saba;2017;0;0;0
7638;Total male and female;10 to 14 years;Dominican Republic;Saba;2018;1;0;1
7639;Total male and female;10 to 14 years;Dominican Republic;Saba;2019;1;0;1
7640;Total male and female;10 to 14 years;Dominican Republic;Saba;2020;2;2;0
7641;Total male and female;10 to 14 years;Dominican Republic;Saba;2021;0;0;0
7642;Total male and female;10 to 14 years;Dominican Republic;Saba;2022;2;0;2
7643;Total male and female;10 to 14 years;Dominican Republic;Saba;2023;0;0;0
7644;Total male and female;10 to 14 years;Ecuador;Caribbean Netherlands;2011;0;0;0
7645;Total male and female;10 to 14 years;Ecuador;Caribbean Netherlands;2012;2;0;2
7646;Total male and female;10 to 14 years;Ecuador;Caribbean Netherlands;2013;0;0;0
7647;Total male and female;10 to 14 years;Ecuador;Caribbean Netherlands;2014;0;0;0
7648;Total male and female;10 to 14 years;Ecuador;Caribbean Netherlands;2015;0;0;0
7649;Total male and female;10 to 14 years;Ecuador;Caribbean Netherlands;2016;0;0;0
7650;Total male and female;10 to 14 years;Ecuador;Caribbean Netherlands;2017;0;0;0
7651;Total male and female;10 to 14 years;Ecuador;Caribbean Netherlands;2018;0;0;0
7652;Total male and female;10 to 14 years;Ecuador;Caribbean Netherlands;2019;1;0;1
7653;Total male and female;10 to 14 years;Ecuador;Caribbean Netherlands;2020;0;0;0
7654;Total male and female;10 to 14 years;Ecuador;Caribbean Netherlands;2021;1;1;0
7655;Total male and female;10 to 14 years;Ecuador;Caribbean Netherlands;2022;1;0;1
7656;Total male and female;10 to 14 years;Ecuador;Caribbean Netherlands;2023;2;0;2
7657;Total male and female;10 to 14 years;Ecuador;Bonaire;2011;0;0;0
7658;Total male and female;10 to 14 years;Ecuador;Bonaire;2012;2;0;2
7659;Total male and female;10 to 14 years;Ecuador;Bonaire;2013;0;0;0
7660;Total male and female;10 to 14 years;Ecuador;Bonaire;2014;0;0;0
7661;Total male and female;10 to 14 years;Ecuador;Bonaire;2015;0;0;0
7662;Total male and female;10 to 14 years;Ecuador;Bonaire;2016;0;0;0
7663;Total male and female;10 to 14 years;Ecuador;Bonaire;2017;0;0;0
7664;Total male and female;10 to 14 years;Ecuador;Bonaire;2018;0;0;0
7665;Total male and female;10 to 14 years;Ecuador;Bonaire;2019;1;0;1
7666;Total male and female;10 to 14 years;Ecuador;Bonaire;2020;0;0;0
7667;Total male and female;10 to 14 years;Ecuador;Bonaire;2021;1;1;0
7668;Total male and female;10 to 14 years;Ecuador;Bonaire;2022;1;0;1
7669;Total male and female;10 to 14 years;Ecuador;Bonaire;2023;2;0;2
7670;Total male and female;10 to 14 years;Ecuador;St Eustatius;2011;0;0;0
7671;Total male and female;10 to 14 years;Ecuador;St Eustatius;2012;0;0;0
7672;Total male and female;10 to 14 years;Ecuador;St Eustatius;2013;0;0;0
7673;Total male and female;10 to 14 years;Ecuador;St Eustatius;2014;0;0;0
7674;Total male and female;10 to 14 years;Ecuador;St Eustatius;2015;0;0;0
7675;Total male and female;10 to 14 years;Ecuador;St Eustatius;2016;0;0;0
7676;Total male and female;10 to 14 years;Ecuador;St Eustatius;2017;0;0;0
7677;Total male and female;10 to 14 years;Ecuador;St Eustatius;2018;0;0;0
7678;Total male and female;10 to 14 years;Ecuador;St Eustatius;2019;0;0;0
7679;Total male and female;10 to 14 years;Ecuador;St Eustatius;2020;0;0;0
7680;Total male and female;10 to 14 years;Ecuador;St Eustatius;2021;0;0;0
7681;Total male and female;10 to 14 years;Ecuador;St Eustatius;2022;0;0;0
7682;Total male and female;10 to 14 years;Ecuador;St Eustatius;2023;0;0;0
7683;Total male and female;10 to 14 years;Ecuador;Saba;2011;0;0;0
7684;Total male and female;10 to 14 years;Ecuador;Saba;2012;0;0;0
7685;Total male and female;10 to 14 years;Ecuador;Saba;2013;0;0;0
7686;Total male and female;10 to 14 years;Ecuador;Saba;2014;0;0;0
7687;Total male and female;10 to 14 years;Ecuador;Saba;2015;0;0;0
7688;Total male and female;10 to 14 years;Ecuador;Saba;2016;0;0;0
7689;Total male and female;10 to 14 years;Ecuador;Saba;2017;0;0;0
7690;Total male and female;10 to 14 years;Ecuador;Saba;2018;0;0;0
7691;Total male and female;10 to 14 years;Ecuador;Saba;2019;0;0;0
7692;Total male and female;10 to 14 years;Ecuador;Saba;2020;0;0;0
7693;Total male and female;10 to 14 years;Ecuador;Saba;2021;0;0;0
7694;Total male and female;10 to 14 years;Ecuador;Saba;2022;0;0;0
7695;Total male and female;10 to 14 years;Ecuador;Saba;2023;0;0;0
7696;Total male and female;10 to 14 years;Guyana;Caribbean Netherlands;2011;0;2;-2
7697;Total male and female;10 to 14 years;Guyana;Caribbean Netherlands;2012;0;0;0
7698;Total male and female;10 to 14 years;Guyana;Caribbean Netherlands;2013;0;0;0
7699;Total male and female;10 to 14 years;Guyana;Caribbean Netherlands;2014;0;0;0
7700;Total male and female;10 to 14 years;Guyana;Caribbean Netherlands;2015;0;0;0
7701;Total male and female;10 to 14 years;Guyana;Caribbean Netherlands;2016;0;1;-1
7702;Total male and female;10 to 14 years;Guyana;Caribbean Netherlands;2017;0;3;-3
7703;Total male and female;10 to 14 years;Guyana;Caribbean Netherlands;2018;0;0;0
7704;Total male and female;10 to 14 years;Guyana;Caribbean Netherlands;2019;0;0;0
7705;Total male and female;10 to 14 years;Guyana;Caribbean Netherlands;2020;0;0;0
7706;Total male and female;10 to 14 years;Guyana;Caribbean Netherlands;2021;0;0;0
7707;Total male and female;10 to 14 years;Guyana;Caribbean Netherlands;2022;0;0;0
7708;Total male and female;10 to 14 years;Guyana;Caribbean Netherlands;2023;1;0;1
7709;Total male and female;10 to 14 years;Guyana;Bonaire;2011;0;0;0
7710;Total male and female;10 to 14 years;Guyana;Bonaire;2012;0;0;0
7711;Total male and female;10 to 14 years;Guyana;Bonaire;2013;0;0;0
7712;Total male and female;10 to 14 years;Guyana;Bonaire;2014;0;0;0
7713;Total male and female;10 to 14 years;Guyana;Bonaire;2015;0;0;0
7714;Total male and female;10 to 14 years;Guyana;Bonaire;2016;0;0;0
7715;Total male and female;10 to 14 years;Guyana;Bonaire;2017;0;0;0
7716;Total male and female;10 to 14 years;Guyana;Bonaire;2018;0;0;0
7717;Total male and female;10 to 14 years;Guyana;Bonaire;2019;0;0;0
7718;Total male and female;10 to 14 years;Guyana;Bonaire;2020;0;0;0
7719;Total male and female;10 to 14 years;Guyana;Bonaire;2021;0;0;0
7720;Total male and female;10 to 14 years;Guyana;Bonaire;2022;0;0;0
7721;Total male and female;10 to 14 years;Guyana;Bonaire;2023;0;0;0
7722;Total male and female;10 to 14 years;Guyana;St Eustatius;2011;0;0;0
7723;Total male and female;10 to 14 years;Guyana;St Eustatius;2012;0;0;0
7724;Total male and female;10 to 14 years;Guyana;St Eustatius;2013;0;0;0
7725;Total male and female;10 to 14 years;Guyana;St Eustatius;2014;0;0;0
7726;Total male and female;10 to 14 years;Guyana;St Eustatius;2015;0;0;0
7727;Total male and female;10 to 14 years;Guyana;St Eustatius;2016;0;1;-1
7728;Total male and female;10 to 14 years;Guyana;St Eustatius;2017;0;0;0
7729;Total male and female;10 to 14 years;Guyana;St Eustatius;2018;0;0;0
7730;Total male and female;10 to 14 years;Guyana;St Eustatius;2019;0;0;0
7731;Total male and female;10 to 14 years;Guyana;St Eustatius;2020;0;0;0
7732;Total male and female;10 to 14 years;Guyana;St Eustatius;2021;0;0;0
7733;Total male and female;10 to 14 years;Guyana;St Eustatius;2022;0;0;0
7734;Total male and female;10 to 14 years;Guyana;St Eustatius;2023;1;0;1
7735;Total male and female;10 to 14 years;Guyana;Saba;2011;0;2;-2
7736;Total male and female;10 to 14 years;Guyana;Saba;2012;0;0;0
7737;Total male and female;10 to 14 years;Guyana;Saba;2013;0;0;0
7738;Total male and female;10 to 14 years;Guyana;Saba;2014;0;0;0
7739;Total male and female;10 to 14 years;Guyana;Saba;2015;0;0;0
7740;Total male and female;10 to 14 years;Guyana;Saba;2016;0;0;0
7741;Total male and female;10 to 14 years;Guyana;Saba;2017;0;3;-3
7742;Total male and female;10 to 14 years;Guyana;Saba;2018;0;0;0
7743;Total male and female;10 to 14 years;Guyana;Saba;2019;0;0;0
7744;Total male and female;10 to 14 years;Guyana;Saba;2020;0;0;0
7745;Total male and female;10 to 14 years;Guyana;Saba;2021;0;0;0
7746;Total male and female;10 to 14 years;Guyana;Saba;2022;0;0;0
7747;Total male and female;10 to 14 years;Guyana;Saba;2023;0;0;0
7748;Total male and female;10 to 14 years;Haiti;Caribbean Netherlands;2011;0;0;0
7749;Total male and female;10 to 14 years;Haiti;Caribbean Netherlands;2012;1;0;1
7750;Total male and female;10 to 14 years;Haiti;Caribbean Netherlands;2013;1;0;1
7751;Total male and female;10 to 14 years;Haiti;Caribbean Netherlands;2014;0;0;0
7752;Total male and female;10 to 14 years;Haiti;Caribbean Netherlands;2015;1;0;1
7753;Total male and female;10 to 14 years;Haiti;Caribbean Netherlands;2016;0;0;0
7754;Total male and female;10 to 14 years;Haiti;Caribbean Netherlands;2017;1;0;1
7755;Total male and female;10 to 14 years;Haiti;Caribbean Netherlands;2018;1;0;1
7756;Total male and female;10 to 14 years;Haiti;Caribbean Netherlands;2019;0;0;0
7757;Total male and female;10 to 14 years;Haiti;Caribbean Netherlands;2020;2;0;2
7758;Total male and female;10 to 14 years;Haiti;Caribbean Netherlands;2021;1;0;1
7759;Total male and female;10 to 14 years;Haiti;Caribbean Netherlands;2022;2;0;2
7760;Total male and female;10 to 14 years;Haiti;Caribbean Netherlands;2023;2;0;2
7761;Total male and female;10 to 14 years;Haiti;Bonaire;2011;0;0;0
7762;Total male and female;10 to 14 years;Haiti;Bonaire;2012;1;0;1
7763;Total male and female;10 to 14 years;Haiti;Bonaire;2013;0;0;0
7764;Total male and female;10 to 14 years;Haiti;Bonaire;2014;0;0;0
7765;Total male and female;10 to 14 years;Haiti;Bonaire;2015;1;0;1
7766;Total male and female;10 to 14 years;Haiti;Bonaire;2016;0;0;0
7767;Total male and female;10 to 14 years;Haiti;Bonaire;2017;1;0;1
7768;Total male and female;10 to 14 years;Haiti;Bonaire;2018;1;0;1
7769;Total male and female;10 to 14 years;Haiti;Bonaire;2019;0;0;0
7770;Total male and female;10 to 14 years;Haiti;Bonaire;2020;2;0;2
7771;Total male and female;10 to 14 years;Haiti;Bonaire;2021;1;0;1
7772;Total male and female;10 to 14 years;Haiti;Bonaire;2022;2;0;2
7773;Total male and female;10 to 14 years;Haiti;Bonaire;2023;2;0;2
7774;Total male and female;10 to 14 years;Haiti;St Eustatius;2011;0;0;0
7775;Total male and female;10 to 14 years;Haiti;St Eustatius;2012;0;0;0
7776;Total male and female;10 to 14 years;Haiti;St Eustatius;2013;1;0;1
7777;Total male and female;10 to 14 years;Haiti;St Eustatius;2014;0;0;0
7778;Total male and female;10 to 14 years;Haiti;St Eustatius;2015;0;0;0
7779;Total male and female;10 to 14 years;Haiti;St Eustatius;2016;0;0;0
7780;Total male and female;10 to 14 years;Haiti;St Eustatius;2017;0;0;0
7781;Total male and female;10 to 14 years;Haiti;St Eustatius;2018;0;0;0
7782;Total male and female;10 to 14 years;Haiti;St Eustatius;2019;0;0;0
7783;Total male and female;10 to 14 years;Haiti;St Eustatius;2020;0;0;0
7784;Total male and female;10 to 14 years;Haiti;St Eustatius;2021;0;0;0
7785;Total male and female;10 to 14 years;Haiti;St Eustatius;2022;0;0;0
7786;Total male and female;10 to 14 years;Haiti;St Eustatius;2023;0;0;0
7787;Total male and female;10 to 14 years;Haiti;Saba;2011;0;0;0
7788;Total male and female;10 to 14 years;Haiti;Saba;2012;0;0;0
7789;Total male and female;10 to 14 years;Haiti;Saba;2013;0;0;0
7790;Total male and female;10 to 14 years;Haiti;Saba;2014;0;0;0
7791;Total male and female;10 to 14 years;Haiti;Saba;2015;0;0;0
7792;Total male and female;10 to 14 years;Haiti;Saba;2016;0;0;0
7793;Total male and female;10 to 14 years;Haiti;Saba;2017;0;0;0
7794;Total male and female;10 to 14 years;Haiti;Saba;2018;0;0;0
7795;Total male and female;10 to 14 years;Haiti;Saba;2019;0;0;0
7796;Total male and female;10 to 14 years;Haiti;Saba;2020;0;0;0
7797;Total male and female;10 to 14 years;Haiti;Saba;2021;0;0;0
7798;Total male and female;10 to 14 years;Haiti;Saba;2022;0;0;0
7799;Total male and female;10 to 14 years;Haiti;Saba;2023;0;0;0
7800;Total male and female;10 to 14 years;Jamaica;Caribbean Netherlands;2011;1;0;1
7801;Total male and female;10 to 14 years;Jamaica;Caribbean Netherlands;2012;1;0;1
7802;Total male and female;10 to 14 years;Jamaica;Caribbean Netherlands;2013;0;1;-1
7803;Total male and female;10 to 14 years;Jamaica;Caribbean Netherlands;2014;1;0;1
7804;Total male and female;10 to 14 years;Jamaica;Caribbean Netherlands;2015;1;0;1
7805;Total male and female;10 to 14 years;Jamaica;Caribbean Netherlands;2016;0;0;0
7806;Total male and female;10 to 14 years;Jamaica;Caribbean Netherlands;2017;1;0;1
7807;Total male and female;10 to 14 years;Jamaica;Caribbean Netherlands;2018;3;0;3
7808;Total male and female;10 to 14 years;Jamaica;Caribbean Netherlands;2019;1;0;1
7809;Total male and female;10 to 14 years;Jamaica;Caribbean Netherlands;2020;0;0;0
7810;Total male and female;10 to 14 years;Jamaica;Caribbean Netherlands;2021;0;0;0
7811;Total male and female;10 to 14 years;Jamaica;Caribbean Netherlands;2022;3;0;3
7812;Total male and female;10 to 14 years;Jamaica;Caribbean Netherlands;2023;3;1;2
7813;Total male and female;10 to 14 years;Jamaica;Bonaire;2011;0;0;0
7814;Total male and female;10 to 14 years;Jamaica;Bonaire;2012;0;0;0
7815;Total male and female;10 to 14 years;Jamaica;Bonaire;2013;0;0;0
7816;Total male and female;10 to 14 years;Jamaica;Bonaire;2014;0;0;0
7817;Total male and female;10 to 14 years;Jamaica;Bonaire;2015;0;0;0
7818;Total male and female;10 to 14 years;Jamaica;Bonaire;2016;0;0;0
7819;Total male and female;10 to 14 years;Jamaica;Bonaire;2017;1;0;1
7820;Total male and female;10 to 14 years;Jamaica;Bonaire;2018;3;0;3
7821;Total male and female;10 to 14 years;Jamaica;Bonaire;2019;1;0;1
7822;Total male and female;10 to 14 years;Jamaica;Bonaire;2020;0;0;0
7823;Total male and female;10 to 14 years;Jamaica;Bonaire;2021;0;0;0
7824;Total male and female;10 to 14 years;Jamaica;Bonaire;2022;1;0;1
7825;Total male and female;10 to 14 years;Jamaica;Bonaire;2023;0;0;0
7826;Total male and female;10 to 14 years;Jamaica;St Eustatius;2011;0;0;0
7827;Total male and female;10 to 14 years;Jamaica;St Eustatius;2012;0;0;0
7828;Total male and female;10 to 14 years;Jamaica;St Eustatius;2013;0;1;-1
7829;Total male and female;10 to 14 years;Jamaica;St Eustatius;2014;0;0;0
7830;Total male and female;10 to 14 years;Jamaica;St Eustatius;2015;0;0;0
7831;Total male and female;10 to 14 years;Jamaica;St Eustatius;2016;0;0;0
7832;Total male and female;10 to 14 years;Jamaica;St Eustatius;2017;0;0;0
7833;Total male and female;10 to 14 years;Jamaica;St Eustatius;2018;0;0;0
7834;Total male and female;10 to 14 years;Jamaica;St Eustatius;2019;0;0;0
7835;Total male and female;10 to 14 years;Jamaica;St Eustatius;2020;0;0;0
7836;Total male and female;10 to 14 years;Jamaica;St Eustatius;2021;0;0;0
7837;Total male and female;10 to 14 years;Jamaica;St Eustatius;2022;1;0;1
7838;Total male and female;10 to 14 years;Jamaica;St Eustatius;2023;3;1;2
7839;Total male and female;10 to 14 years;Jamaica;Saba;2011;1;0;1
7840;Total male and female;10 to 14 years;Jamaica;Saba;2012;1;0;1
7841;Total male and female;10 to 14 years;Jamaica;Saba;2013;0;0;0
7842;Total male and female;10 to 14 years;Jamaica;Saba;2014;1;0;1
7843;Total male and female;10 to 14 years;Jamaica;Saba;2015;1;0;1
7844;Total male and female;10 to 14 years;Jamaica;Saba;2016;0;0;0
7845;Total male and female;10 to 14 years;Jamaica;Saba;2017;0;0;0
7846;Total male and female;10 to 14 years;Jamaica;Saba;2018;0;0;0
7847;Total male and female;10 to 14 years;Jamaica;Saba;2019;0;0;0
7848;Total male and female;10 to 14 years;Jamaica;Saba;2020;0;0;0
7849;Total male and female;10 to 14 years;Jamaica;Saba;2021;0;0;0
7850;Total male and female;10 to 14 years;Jamaica;Saba;2022;1;0;1
7851;Total male and female;10 to 14 years;Jamaica;Saba;2023;0;0;0
7852;Total male and female;10 to 14 years;The Netherlands;Caribbean Netherlands;2011;30;9;21
7853;Total male and female;10 to 14 years;The Netherlands;Caribbean Netherlands;2012;23;32;-9
7854;Total male and female;10 to 14 years;The Netherlands;Caribbean Netherlands;2013;55;27;28
7855;Total male and female;10 to 14 years;The Netherlands;Caribbean Netherlands;2014;38;33;5
7856;Total male and female;10 to 14 years;The Netherlands;Caribbean Netherlands;2015;31;36;-5
7857;Total male and female;10 to 14 years;The Netherlands;Caribbean Netherlands;2016;26;31;-5
7858;Total male and female;10 to 14 years;The Netherlands;Caribbean Netherlands;2017;28;35;-7
7859;Total male and female;10 to 14 years;The Netherlands;Caribbean Netherlands;2018;33;25;8
7860;Total male and female;10 to 14 years;The Netherlands;Caribbean Netherlands;2019;34;23;11
7861;Total male and female;10 to 14 years;The Netherlands;Caribbean Netherlands;2020;22;17;5
7862;Total male and female;10 to 14 years;The Netherlands;Caribbean Netherlands;2021;36;31;5
7863;Total male and female;10 to 14 years;The Netherlands;Caribbean Netherlands;2022;50;27;23
7864;Total male and female;10 to 14 years;The Netherlands;Caribbean Netherlands;2023;28;27;1
7865;Total male and female;10 to 14 years;The Netherlands;Bonaire;2011;27;8;19
7866;Total male and female;10 to 14 years;The Netherlands;Bonaire;2012;20;28;-8
7867;Total male and female;10 to 14 years;The Netherlands;Bonaire;2013;52;24;28
7868;Total male and female;10 to 14 years;The Netherlands;Bonaire;2014;34;31;3
7869;Total male and female;10 to 14 years;The Netherlands;Bonaire;2015;28;34;-6
7870;Total male and female;10 to 14 years;The Netherlands;Bonaire;2016;21;27;-6
7871;Total male and female;10 to 14 years;The Netherlands;Bonaire;2017;23;34;-11
7872;Total male and female;10 to 14 years;The Netherlands;Bonaire;2018;30;21;9
7873;Total male and female;10 to 14 years;The Netherlands;Bonaire;2019;30;19;11
7874;Total male and female;10 to 14 years;The Netherlands;Bonaire;2020;18;14;4
7875;Total male and female;10 to 14 years;The Netherlands;Bonaire;2021;33;25;8
7876;Total male and female;10 to 14 years;The Netherlands;Bonaire;2022;46;24;22
7877;Total male and female;10 to 14 years;The Netherlands;Bonaire;2023;28;23;5
7878;Total male and female;10 to 14 years;The Netherlands;St Eustatius;2011;2;1;1
7879;Total male and female;10 to 14 years;The Netherlands;St Eustatius;2012;3;4;-1
7880;Total male and female;10 to 14 years;The Netherlands;St Eustatius;2013;2;2;0
7881;Total male and female;10 to 14 years;The Netherlands;St Eustatius;2014;1;2;-1
7882;Total male and female;10 to 14 years;The Netherlands;St Eustatius;2015;2;1;1
7883;Total male and female;10 to 14 years;The Netherlands;St Eustatius;2016;3;3;0
7884;Total male and female;10 to 14 years;The Netherlands;St Eustatius;2017;4;0;4
7885;Total male and female;10 to 14 years;The Netherlands;St Eustatius;2018;3;3;0
7886;Total male and female;10 to 14 years;The Netherlands;St Eustatius;2019;4;1;3
7887;Total male and female;10 to 14 years;The Netherlands;St Eustatius;2020;0;3;-3
7888;Total male and female;10 to 14 years;The Netherlands;St Eustatius;2021;0;1;-1
7889;Total male and female;10 to 14 years;The Netherlands;St Eustatius;2022;2;1;1
7890;Total male and female;10 to 14 years;The Netherlands;St Eustatius;2023;0;2;-2
7891;Total male and female;10 to 14 years;The Netherlands;Saba;2011;1;0;1
7892;Total male and female;10 to 14 years;The Netherlands;Saba;2012;0;0;0
7893;Total male and female;10 to 14 years;The Netherlands;Saba;2013;1;1;0
7894;Total male and female;10 to 14 years;The Netherlands;Saba;2014;3;0;3
7895;Total male and female;10 to 14 years;The Netherlands;Saba;2015;1;1;0
7896;Total male and female;10 to 14 years;The Netherlands;Saba;2016;2;1;1
7897;Total male and female;10 to 14 years;The Netherlands;Saba;2017;1;1;0
7898;Total male and female;10 to 14 years;The Netherlands;Saba;2018;0;1;-1
7899;Total male and female;10 to 14 years;The Netherlands;Saba;2019;0;3;-3
7900;Total male and female;10 to 14 years;The Netherlands;Saba;2020;4;0;4
7901;Total male and female;10 to 14 years;The Netherlands;Saba;2021;3;5;-2
7902;Total male and female;10 to 14 years;The Netherlands;Saba;2022;2;2;0
7903;Total male and female;10 to 14 years;The Netherlands;Saba;2023;0;2;-2
7904;Total male and female;10 to 14 years;Peru;Caribbean Netherlands;2011;0;0;0
7905;Total male and female;10 to 14 years;Peru;Caribbean Netherlands;2012;4;0;4
7906;Total male and female;10 to 14 years;Peru;Caribbean Netherlands;2013;2;0;2
7907;Total male and female;10 to 14 years;Peru;Caribbean Netherlands;2014;1;0;1
7908;Total male and female;10 to 14 years;Peru;Caribbean Netherlands;2015;0;0;0
7909;Total male and female;10 to 14 years;Peru;Caribbean Netherlands;2016;0;2;-2
7910;Total male and female;10 to 14 years;Peru;Caribbean Netherlands;2017;1;0;1
7911;Total male and female;10 to 14 years;Peru;Caribbean Netherlands;2018;1;0;1
7912;Total male and female;10 to 14 years;Peru;Caribbean Netherlands;2019;1;0;1
7913;Total male and female;10 to 14 years;Peru;Caribbean Netherlands;2020;0;0;0
7914;Total male and female;10 to 14 years;Peru;Caribbean Netherlands;2021;1;0;1
7915;Total male and female;10 to 14 years;Peru;Caribbean Netherlands;2022;0;0;0
7916;Total male and female;10 to 14 years;Peru;Caribbean Netherlands;2023;4;0;4
7917;Total male and female;10 to 14 years;Peru;Bonaire;2011;0;0;0
7918;Total male and female;10 to 14 years;Peru;Bonaire;2012;4;0;4
7919;Total male and female;10 to 14 years;Peru;Bonaire;2013;2;0;2
7920;Total male and female;10 to 14 years;Peru;Bonaire;2014;1;0;1
7921;Total male and female;10 to 14 years;Peru;Bonaire;2015;0;0;0
7922;Total male and female;10 to 14 years;Peru;Bonaire;2016;0;2;-2
7923;Total male and female;10 to 14 years;Peru;Bonaire;2017;1;0;1
7924;Total male and female;10 to 14 years;Peru;Bonaire;2018;1;0;1
7925;Total male and female;10 to 14 years;Peru;Bonaire;2019;1;0;1
7926;Total male and female;10 to 14 years;Peru;Bonaire;2020;0;0;0
7927;Total male and female;10 to 14 years;Peru;Bonaire;2021;1;0;1
7928;Total male and female;10 to 14 years;Peru;Bonaire;2022;0;0;0
7929;Total male and female;10 to 14 years;Peru;Bonaire;2023;4;0;4
7930;Total male and female;10 to 14 years;Peru;St Eustatius;2011;0;0;0
7931;Total male and female;10 to 14 years;Peru;St Eustatius;2012;0;0;0
7932;Total male and female;10 to 14 years;Peru;St Eustatius;2013;0;0;0
7933;Total male and female;10 to 14 years;Peru;St Eustatius;2014;0;0;0
7934;Total male and female;10 to 14 years;Peru;St Eustatius;2015;0;0;0
7935;Total male and female;10 to 14 years;Peru;St Eustatius;2016;0;0;0
7936;Total male and female;10 to 14 years;Peru;St Eustatius;2017;0;0;0
7937;Total male and female;10 to 14 years;Peru;St Eustatius;2018;0;0;0
7938;Total male and female;10 to 14 years;Peru;St Eustatius;2019;0;0;0
7939;Total male and female;10 to 14 years;Peru;St Eustatius;2020;0;0;0
7940;Total male and female;10 to 14 years;Peru;St Eustatius;2021;0;0;0
7941;Total male and female;10 to 14 years;Peru;St Eustatius;2022;0;0;0
7942;Total male and female;10 to 14 years;Peru;St Eustatius;2023;0;0;0
7943;Total male and female;10 to 14 years;Peru;Saba;2011;0;0;0
7944;Total male and female;10 to 14 years;Peru;Saba;2012;0;0;0
7945;Total male and female;10 to 14 years;Peru;Saba;2013;0;0;0
7946;Total male and female;10 to 14 years;Peru;Saba;2014;0;0;0
7947;Total male and female;10 to 14 years;Peru;Saba;2015;0;0;0
7948;Total male and female;10 to 14 years;Peru;Saba;2016;0;0;0
7949;Total male and female;10 to 14 years;Peru;Saba;2017;0;0;0
7950;Total male and female;10 to 14 years;Peru;Saba;2018;0;0;0
7951;Total male and female;10 to 14 years;Peru;Saba;2019;0;0;0
7952;Total male and female;10 to 14 years;Peru;Saba;2020;0;0;0
7953;Total male and female;10 to 14 years;Peru;Saba;2021;0;0;0
7954;Total male and female;10 to 14 years;Peru;Saba;2022;0;0;0
7955;Total male and female;10 to 14 years;Peru;Saba;2023;0;0;0
7956;Total male and female;10 to 14 years;St Eustatius;Caribbean Netherlands;2011;0;1;-1
7957;Total male and female;10 to 14 years;St Eustatius;Caribbean Netherlands;2012;0;1;-1
7958;Total male and female;10 to 14 years;St Eustatius;Caribbean Netherlands;2013;0;5;-5
7959;Total male and female;10 to 14 years;St Eustatius;Caribbean Netherlands;2014;1;0;1
7960;Total male and female;10 to 14 years;St Eustatius;Caribbean Netherlands;2015;1;1;0
7961;Total male and female;10 to 14 years;St Eustatius;Caribbean Netherlands;2016;0;0;0
7962;Total male and female;10 to 14 years;St Eustatius;Caribbean Netherlands;2017;0;0;0
7963;Total male and female;10 to 14 years;St Eustatius;Caribbean Netherlands;2018;0;6;-6
7964;Total male and female;10 to 14 years;St Eustatius;Caribbean Netherlands;2019;0;0;0
7965;Total male and female;10 to 14 years;St Eustatius;Caribbean Netherlands;2020;0;0;0
7966;Total male and female;10 to 14 years;St Eustatius;Caribbean Netherlands;2021;1;1;0
7967;Total male and female;10 to 14 years;St Eustatius;Caribbean Netherlands;2022;0;2;-2
7968;Total male and female;10 to 14 years;St Eustatius;Caribbean Netherlands;2023;1;5;-4
7969;Total male and female;10 to 14 years;St Eustatius;Bonaire;2011;0;0;0
7970;Total male and female;10 to 14 years;St Eustatius;Bonaire;2012;0;0;0
7971;Total male and female;10 to 14 years;St Eustatius;Bonaire;2013;0;0;0
7972;Total male and female;10 to 14 years;St Eustatius;Bonaire;2014;0;0;0
7973;Total male and female;10 to 14 years;St Eustatius;Bonaire;2015;0;0;0
7974;Total male and female;10 to 14 years;St Eustatius;Bonaire;2016;0;0;0
7975;Total male and female;10 to 14 years;St Eustatius;Bonaire;2017;0;0;0
7976;Total male and female;10 to 14 years;St Eustatius;Bonaire;2018;0;0;0
7977;Total male and female;10 to 14 years;St Eustatius;Bonaire;2019;0;0;0
7978;Total male and female;10 to 14 years;St Eustatius;Bonaire;2020;0;0;0
7979;Total male and female;10 to 14 years;St Eustatius;Bonaire;2021;0;0;0
7980;Total male and female;10 to 14 years;St Eustatius;Bonaire;2022;0;0;0
7981;Total male and female;10 to 14 years;St Eustatius;Bonaire;2023;0;0;0
7982;Total male and female;10 to 14 years;St Eustatius;St Eustatius;2011;0;1;-1
7983;Total male and female;10 to 14 years;St Eustatius;St Eustatius;2012;0;1;-1
7984;Total male and female;10 to 14 years;St Eustatius;St Eustatius;2013;0;5;-5
7985;Total male and female;10 to 14 years;St Eustatius;St Eustatius;2014;1;0;1
7986;Total male and female;10 to 14 years;St Eustatius;St Eustatius;2015;1;1;0
7987;Total male and female;10 to 14 years;St Eustatius;St Eustatius;2016;0;0;0
7988;Total male and female;10 to 14 years;St Eustatius;St Eustatius;2017;0;0;0
7989;Total male and female;10 to 14 years;St Eustatius;St Eustatius;2018;0;6;-6
7990;Total male and female;10 to 14 years;St Eustatius;St Eustatius;2019;0;0;0
7991;Total male and female;10 to 14 years;St Eustatius;St Eustatius;2020;0;0;0
7992;Total male and female;10 to 14 years;St Eustatius;St Eustatius;2021;1;1;0
7993;Total male and female;10 to 14 years;St Eustatius;St Eustatius;2022;0;2;-2
7994;Total male and female;10 to 14 years;St Eustatius;St Eustatius;2023;1;5;-4
7995;Total male and female;10 to 14 years;St Eustatius;Saba;2011;0;0;0
7996;Total male and female;10 to 14 years;St Eustatius;Saba;2012;0;0;0
7997;Total male and female;10 to 14 years;St Eustatius;Saba;2013;0;0;0
7998;Total male and female;10 to 14 years;St Eustatius;Saba;2014;0;0;0
7999;Total male and female;10 to 14 years;St Eustatius;Saba;2015;0;0;0
8000;Total male and female;10 to 14 years;St Eustatius;Saba;2016;0;0;0
8001;Total male and female;10 to 14 years;St Eustatius;Saba;2017;0;0;0
8002;Total male and female;10 to 14 years;St Eustatius;Saba;2018;0;0;0
8003;Total male and female;10 to 14 years;St Eustatius;Saba;2019;0;0;0
8004;Total male and female;10 to 14 years;St Eustatius;Saba;2020;0;0;0
8005;Total male and female;10 to 14 years;St Eustatius;Saba;2021;0;0;0
8006;Total male and female;10 to 14 years;St Eustatius;Saba;2022;0;0;0
8007;Total male and female;10 to 14 years;St Eustatius;Saba;2023;0;0;0
8008;Total male and female;10 to 14 years;St Kitts and Nevis;Caribbean Netherlands;2011;0;0;0
8009;Total male and female;10 to 14 years;St Kitts and Nevis;Caribbean Netherlands;2012;0;0;0
8010;Total male and female;10 to 14 years;St Kitts and Nevis;Caribbean Netherlands;2013;0;1;-1
8011;Total male and female;10 to 14 years;St Kitts and Nevis;Caribbean Netherlands;2014;0;0;0
8012;Total male and female;10 to 14 years;St Kitts and Nevis;Caribbean Netherlands;2015;0;1;-1
8013;Total male and female;10 to 14 years;St Kitts and Nevis;Caribbean Netherlands;2016;0;0;0
8014;Total male and female;10 to 14 years;St Kitts and Nevis;Caribbean Netherlands;2017;0;1;-1
8015;Total male and female;10 to 14 years;St Kitts and Nevis;Caribbean Netherlands;2018;0;0;0
8016;Total male and female;10 to 14 years;St Kitts and Nevis;Caribbean Netherlands;2019;0;0;0
8017;Total male and female;10 to 14 years;St Kitts and Nevis;Caribbean Netherlands;2020;0;0;0
8018;Total male and female;10 to 14 years;St Kitts and Nevis;Caribbean Netherlands;2021;0;0;0
8019;Total male and female;10 to 14 years;St Kitts and Nevis;Caribbean Netherlands;2022;0;0;0
8020;Total male and female;10 to 14 years;St Kitts and Nevis;Caribbean Netherlands;2023;1;0;1
8021;Total male and female;10 to 14 years;St Kitts and Nevis;Bonaire;2011;0;0;0
8022;Total male and female;10 to 14 years;St Kitts and Nevis;Bonaire;2012;0;0;0
8023;Total male and female;10 to 14 years;St Kitts and Nevis;Bonaire;2013;0;0;0
8024;Total male and female;10 to 14 years;St Kitts and Nevis;Bonaire;2014;0;0;0
8025;Total male and female;10 to 14 years;St Kitts and Nevis;Bonaire;2015;0;0;0
8026;Total male and female;10 to 14 years;St Kitts and Nevis;Bonaire;2016;0;0;0
8027;Total male and female;10 to 14 years;St Kitts and Nevis;Bonaire;2017;0;0;0
8028;Total male and female;10 to 14 years;St Kitts and Nevis;Bonaire;2018;0;0;0
8029;Total male and female;10 to 14 years;St Kitts and Nevis;Bonaire;2019;0;0;0
8030;Total male and female;10 to 14 years;St Kitts and Nevis;Bonaire;2020;0;0;0
8031;Total male and female;10 to 14 years;St Kitts and Nevis;Bonaire;2021;0;0;0
8032;Total male and female;10 to 14 years;St Kitts and Nevis;Bonaire;2022;0;0;0
8033;Total male and female;10 to 14 years;St Kitts and Nevis;Bonaire;2023;0;0;0
8034;Total male and female;10 to 14 years;St Kitts and Nevis;St Eustatius;2011;0;0;0
8035;Total male and female;10 to 14 years;St Kitts and Nevis;St Eustatius;2012;0;0;0
8036;Total male and female;10 to 14 years;St Kitts and Nevis;St Eustatius;2013;0;1;-1
8037;Total male and female;10 to 14 years;St Kitts and Nevis;St Eustatius;2014;0;0;0
8038;Total male and female;10 to 14 years;St Kitts and Nevis;St Eustatius;2015;0;1;-1
8039;Total male and female;10 to 14 years;St Kitts and Nevis;St Eustatius;2016;0;0;0
8040;Total male and female;10 to 14 years;St Kitts and Nevis;St Eustatius;2017;0;1;-1
8041;Total male and female;10 to 14 years;St Kitts and Nevis;St Eustatius;2018;0;0;0
8042;Total male and female;10 to 14 years;St Kitts and Nevis;St Eustatius;2019;0;0;0
8043;Total male and female;10 to 14 years;St Kitts and Nevis;St Eustatius;2020;0;0;0
8044;Total male and female;10 to 14 years;St Kitts and Nevis;St Eustatius;2021;0;0;0
8045;Total male and female;10 to 14 years;St Kitts and Nevis;St Eustatius;2022;0;0;0
8046;Total male and female;10 to 14 years;St Kitts and Nevis;St Eustatius;2023;1;0;1
8047;Total male and female;10 to 14 years;St Kitts and Nevis;Saba;2011;0;0;0
8048;Total male and female;10 to 14 years;St Kitts and Nevis;Saba;2012;0;0;0
8049;Total male and female;10 to 14 years;St Kitts and Nevis;Saba;2013;0;0;0
8050;Total male and female;10 to 14 years;St Kitts and Nevis;Saba;2014;0;0;0
8051;Total male and female;10 to 14 years;St Kitts and Nevis;Saba;2015;0;0;0
8052;Total male and female;10 to 14 years;St Kitts and Nevis;Saba;2016;0;0;0
8053;Total male and female;10 to 14 years;St Kitts and Nevis;Saba;2017;0;0;0
8054;Total male and female;10 to 14 years;St Kitts and Nevis;Saba;2018;0;0;0
8055;Total male and female;10 to 14 years;St Kitts and Nevis;Saba;2019;0;0;0
8056;Total male and female;10 to 14 years;St Kitts and Nevis;Saba;2020;0;0;0
8057;Total male and female;10 to 14 years;St Kitts and Nevis;Saba;2021;0;0;0
8058;Total male and female;10 to 14 years;St Kitts and Nevis;Saba;2022;0;0;0
8059;Total male and female;10 to 14 years;St Kitts and Nevis;Saba;2023;0;0;0
8060;Total male and female;10 to 14 years;Saba;Caribbean Netherlands;2011;0;1;-1
8061;Total male and female;10 to 14 years;Saba;Caribbean Netherlands;2012;0;0;0
8062;Total male and female;10 to 14 years;Saba;Caribbean Netherlands;2013;0;0;0
8063;Total male and female;10 to 14 years;Saba;Caribbean Netherlands;2014;0;0;0
8064;Total male and female;10 to 14 years;Saba;Caribbean Netherlands;2015;0;0;0
8065;Total male and female;10 to 14 years;Saba;Caribbean Netherlands;2016;0;1;-1
8066;Total male and female;10 to 14 years;Saba;Caribbean Netherlands;2017;0;0;0
8067;Total male and female;10 to 14 years;Saba;Caribbean Netherlands;2018;0;1;-1
8068;Total male and female;10 to 14 years;Saba;Caribbean Netherlands;2019;0;0;0
8069;Total male and female;10 to 14 years;Saba;Caribbean Netherlands;2020;1;0;1
8070;Total male and female;10 to 14 years;Saba;Caribbean Netherlands;2021;0;1;-1
8071;Total male and female;10 to 14 years;Saba;Caribbean Netherlands;2022;0;0;0
8072;Total male and female;10 to 14 years;Saba;Caribbean Netherlands;2023;0;0;0
8073;Total male and female;10 to 14 years;Saba;Bonaire;2011;0;0;0
8074;Total male and female;10 to 14 years;Saba;Bonaire;2012;0;0;0
8075;Total male and female;10 to 14 years;Saba;Bonaire;2013;0;0;0
8076;Total male and female;10 to 14 years;Saba;Bonaire;2014;0;0;0
8077;Total male and female;10 to 14 years;Saba;Bonaire;2015;0;0;0
8078;Total male and female;10 to 14 years;Saba;Bonaire;2016;0;0;0
8079;Total male and female;10 to 14 years;Saba;Bonaire;2017;0;0;0
8080;Total male and female;10 to 14 years;Saba;Bonaire;2018;0;0;0
8081;Total male and female;10 to 14 years;Saba;Bonaire;2019;0;0;0
8082;Total male and female;10 to 14 years;Saba;Bonaire;2020;0;0;0
8083;Total male and female;10 to 14 years;Saba;Bonaire;2021;0;0;0
8084;Total male and female;10 to 14 years;Saba;Bonaire;2022;0;0;0
8085;Total male and female;10 to 14 years;Saba;Bonaire;2023;0;0;0
8086;Total male and female;10 to 14 years;Saba;St Eustatius;2011;0;0;0
8087;Total male and female;10 to 14 years;Saba;St Eustatius;2012;0;0;0
8088;Total male and female;10 to 14 years;Saba;St Eustatius;2013;0;0;0
8089;Total male and female;10 to 14 years;Saba;St Eustatius;2014;0;0;0
8090;Total male and female;10 to 14 years;Saba;St Eustatius;2015;0;0;0
8091;Total male and female;10 to 14 years;Saba;St Eustatius;2016;0;0;0
8092;Total male and female;10 to 14 years;Saba;St Eustatius;2017;0;0;0
8093;Total male and female;10 to 14 years;Saba;St Eustatius;2018;0;0;0
8094;Total male and female;10 to 14 years;Saba;St Eustatius;2019;0;0;0
8095;Total male and female;10 to 14 years;Saba;St Eustatius;2020;0;0;0
8096;Total male and female;10 to 14 years;Saba;St Eustatius;2021;0;0;0
8097;Total male and female;10 to 14 years;Saba;St Eustatius;2022;0;0;0
8098;Total male and female;10 to 14 years;Saba;St Eustatius;2023;0;0;0
8099;Total male and female;10 to 14 years;Saba;Saba;2011;0;1;-1
8100;Total male and female;10 to 14 years;Saba;Saba;2012;0;0;0
8101;Total male and female;10 to 14 years;Saba;Saba;2013;0;0;0
8102;Total male and female;10 to 14 years;Saba;Saba;2014;0;0;0
8103;Total male and female;10 to 14 years;Saba;Saba;2015;0;0;0
8104;Total male and female;10 to 14 years;Saba;Saba;2016;0;1;-1
8105;Total male and female;10 to 14 years;Saba;Saba;2017;0;0;0
8106;Total male and female;10 to 14 years;Saba;Saba;2018;0;1;-1
8107;Total male and female;10 to 14 years;Saba;Saba;2019;0;0;0
8108;Total male and female;10 to 14 years;Saba;Saba;2020;1;0;1
8109;Total male and female;10 to 14 years;Saba;Saba;2021;0;1;-1
8110;Total male and female;10 to 14 years;Saba;Saba;2022;0;0;0
8111;Total male and female;10 to 14 years;Saba;Saba;2023;0;0;0
8112;Total male and female;10 to 14 years;St Maarten (Dutch part);Caribbean Netherlands;2011;3;0;3
8113;Total male and female;10 to 14 years;St Maarten (Dutch part);Caribbean Netherlands;2012;2;0;2
8114;Total male and female;10 to 14 years;St Maarten (Dutch part);Caribbean Netherlands;2013;0;3;-3
8115;Total male and female;10 to 14 years;St Maarten (Dutch part);Caribbean Netherlands;2014;0;5;-5
8116;Total male and female;10 to 14 years;St Maarten (Dutch part);Caribbean Netherlands;2015;1;2;-1
8117;Total male and female;10 to 14 years;St Maarten (Dutch part);Caribbean Netherlands;2016;4;4;0
8118;Total male and female;10 to 14 years;St Maarten (Dutch part);Caribbean Netherlands;2017;6;4;2
8119;Total male and female;10 to 14 years;St Maarten (Dutch part);Caribbean Netherlands;2018;7;12;-5
8120;Total male and female;10 to 14 years;St Maarten (Dutch part);Caribbean Netherlands;2019;2;4;-2
8121;Total male and female;10 to 14 years;St Maarten (Dutch part);Caribbean Netherlands;2020;2;5;-3
8122;Total male and female;10 to 14 years;St Maarten (Dutch part);Caribbean Netherlands;2021;6;3;3
8123;Total male and female;10 to 14 years;St Maarten (Dutch part);Caribbean Netherlands;2022;4;6;-2
8124;Total male and female;10 to 14 years;St Maarten (Dutch part);Caribbean Netherlands;2023;4;8;-4
8125;Total male and female;10 to 14 years;St Maarten (Dutch part);Bonaire;2011;1;0;1
8126;Total male and female;10 to 14 years;St Maarten (Dutch part);Bonaire;2012;0;0;0
8127;Total male and female;10 to 14 years;St Maarten (Dutch part);Bonaire;2013;0;0;0
8128;Total male and female;10 to 14 years;St Maarten (Dutch part);Bonaire;2014;0;0;0
8129;Total male and female;10 to 14 years;St Maarten (Dutch part);Bonaire;2015;0;0;0
8130;Total male and female;10 to 14 years;St Maarten (Dutch part);Bonaire;2016;0;0;0
8131;Total male and female;10 to 14 years;St Maarten (Dutch part);Bonaire;2017;0;0;0
8132;Total male and female;10 to 14 years;St Maarten (Dutch part);Bonaire;2018;0;1;-1
8133;Total male and female;10 to 14 years;St Maarten (Dutch part);Bonaire;2019;1;0;1
8134;Total male and female;10 to 14 years;St Maarten (Dutch part);Bonaire;2020;0;0;0
8135;Total male and female;10 to 14 years;St Maarten (Dutch part);Bonaire;2021;0;0;0
8136;Total male and female;10 to 14 years;St Maarten (Dutch part);Bonaire;2022;1;0;1
8137;Total male and female;10 to 14 years;St Maarten (Dutch part);Bonaire;2023;1;1;0
8138;Total male and female;10 to 14 years;St Maarten (Dutch part);St Eustatius;2011;1;0;1
8139;Total male and female;10 to 14 years;St Maarten (Dutch part);St Eustatius;2012;1;0;1
8140;Total male and female;10 to 14 years;St Maarten (Dutch part);St Eustatius;2013;0;3;-3
8141;Total male and female;10 to 14 years;St Maarten (Dutch part);St Eustatius;2014;0;4;-4
8142;Total male and female;10 to 14 years;St Maarten (Dutch part);St Eustatius;2015;1;2;-1
8143;Total male and female;10 to 14 years;St Maarten (Dutch part);St Eustatius;2016;4;2;2
8144;Total male and female;10 to 14 years;St Maarten (Dutch part);St Eustatius;2017;4;2;2
8145;Total male and female;10 to 14 years;St Maarten (Dutch part);St Eustatius;2018;3;6;-3
8146;Total male and female;10 to 14 years;St Maarten (Dutch part);St Eustatius;2019;1;1;0
8147;Total male and female;10 to 14 years;St Maarten (Dutch part);St Eustatius;2020;2;1;1
8148;Total male and female;10 to 14 years;St Maarten (Dutch part);St Eustatius;2021;3;2;1
8149;Total male and female;10 to 14 years;St Maarten (Dutch part);St Eustatius;2022;2;6;-4
8150;Total male and female;10 to 14 years;St Maarten (Dutch part);St Eustatius;2023;3;6;-3
8151;Total male and female;10 to 14 years;St Maarten (Dutch part);Saba;2011;1;0;1
8152;Total male and female;10 to 14 years;St Maarten (Dutch part);Saba;2012;1;0;1
8153;Total male and female;10 to 14 years;St Maarten (Dutch part);Saba;2013;0;0;0
8154;Total male and female;10 to 14 years;St Maarten (Dutch part);Saba;2014;0;1;-1
8155;Total male and female;10 to 14 years;St Maarten (Dutch part);Saba;2015;0;0;0
8156;Total male and female;10 to 14 years;St Maarten (Dutch part);Saba;2016;0;2;-2
8157;Total male and female;10 to 14 years;St Maarten (Dutch part);Saba;2017;2;2;0
8158;Total male and female;10 to 14 years;St Maarten (Dutch part);Saba;2018;4;5;-1
8159;Total male and female;10 to 14 years;St Maarten (Dutch part);Saba;2019;0;3;-3
8160;Total male and female;10 to 14 years;St Maarten (Dutch part);Saba;2020;0;4;-4
8161;Total male and female;10 to 14 years;St Maarten (Dutch part);Saba;2021;3;1;2
8162;Total male and female;10 to 14 years;St Maarten (Dutch part);Saba;2022;1;0;1
8163;Total male and female;10 to 14 years;St Maarten (Dutch part);Saba;2023;0;1;-1
8164;Total male and female;10 to 14 years;Surinam;Caribbean Netherlands;2011;7;3;4
8165;Total male and female;10 to 14 years;Surinam;Caribbean Netherlands;2012;1;1;0
8166;Total male and female;10 to 14 years;Surinam;Caribbean Netherlands;2013;0;1;-1
8167;Total male and female;10 to 14 years;Surinam;Caribbean Netherlands;2014;1;0;1
8168;Total male and female;10 to 14 years;Surinam;Caribbean Netherlands;2015;2;0;2
8169;Total male and female;10 to 14 years;Surinam;Caribbean Netherlands;2016;1;1;0
8170;Total male and female;10 to 14 years;Surinam;Caribbean Netherlands;2017;0;0;0
8171;Total male and female;10 to 14 years;Surinam;Caribbean Netherlands;2018;1;1;0
8172;Total male and female;10 to 14 years;Surinam;Caribbean Netherlands;2019;3;0;3
8173;Total male and female;10 to 14 years;Surinam;Caribbean Netherlands;2020;3;0;3
8174;Total male and female;10 to 14 years;Surinam;Caribbean Netherlands;2021;4;0;4
8175;Total male and female;10 to 14 years;Surinam;Caribbean Netherlands;2022;7;0;7
8176;Total male and female;10 to 14 years;Surinam;Caribbean Netherlands;2023;3;3;0
8177;Total male and female;10 to 14 years;Surinam;Bonaire;2011;6;0;6
8178;Total male and female;10 to 14 years;Surinam;Bonaire;2012;1;1;0
8179;Total male and female;10 to 14 years;Surinam;Bonaire;2013;0;0;0
8180;Total male and female;10 to 14 years;Surinam;Bonaire;2014;0;0;0
8181;Total male and female;10 to 14 years;Surinam;Bonaire;2015;1;0;1
8182;Total male and female;10 to 14 years;Surinam;Bonaire;2016;1;1;0
8183;Total male and female;10 to 14 years;Surinam;Bonaire;2017;0;0;0
8184;Total male and female;10 to 14 years;Surinam;Bonaire;2018;1;1;0
8185;Total male and female;10 to 14 years;Surinam;Bonaire;2019;3;0;3
8186;Total male and female;10 to 14 years;Surinam;Bonaire;2020;1;0;1
8187;Total male and female;10 to 14 years;Surinam;Bonaire;2021;3;0;3
8188;Total male and female;10 to 14 years;Surinam;Bonaire;2022;7;0;7
8189;Total male and female;10 to 14 years;Surinam;Bonaire;2023;1;2;-1
8190;Total male and female;10 to 14 years;Surinam;St Eustatius;2011;1;0;1
8191;Total male and female;10 to 14 years;Surinam;St Eustatius;2012;0;0;0
8192;Total male and female;10 to 14 years;Surinam;St Eustatius;2013;0;1;-1
8193;Total male and female;10 to 14 years;Surinam;St Eustatius;2014;1;0;1
8194;Total male and female;10 to 14 years;Surinam;St Eustatius;2015;1;0;1
8195;Total male and female;10 to 14 years;Surinam;St Eustatius;2016;0;0;0
8196;Total male and female;10 to 14 years;Surinam;St Eustatius;2017;0;0;0
8197;Total male and female;10 to 14 years;Surinam;St Eustatius;2018;0;0;0
8198;Total male and female;10 to 14 years;Surinam;St Eustatius;2019;0;0;0
8199;Total male and female;10 to 14 years;Surinam;St Eustatius;2020;0;0;0
8200;Total male and female;10 to 14 years;Surinam;St Eustatius;2021;1;0;1
8201;Total male and female;10 to 14 years;Surinam;St Eustatius;2022;0;0;0
8202;Total male and female;10 to 14 years;Surinam;St Eustatius;2023;0;1;-1
8203;Total male and female;10 to 14 years;Surinam;Saba;2011;0;3;-3
8204;Total male and female;10 to 14 years;Surinam;Saba;2012;0;0;0
8205;Total male and female;10 to 14 years;Surinam;Saba;2013;0;0;0
8206;Total male and female;10 to 14 years;Surinam;Saba;2014;0;0;0
8207;Total male and female;10 to 14 years;Surinam;Saba;2015;0;0;0
8208;Total male and female;10 to 14 years;Surinam;Saba;2016;0;0;0
8209;Total male and female;10 to 14 years;Surinam;Saba;2017;0;0;0
8210;Total male and female;10 to 14 years;Surinam;Saba;2018;0;0;0
8211;Total male and female;10 to 14 years;Surinam;Saba;2019;0;0;0
8212;Total male and female;10 to 14 years;Surinam;Saba;2020;2;0;2
8213;Total male and female;10 to 14 years;Surinam;Saba;2021;0;0;0
8214;Total male and female;10 to 14 years;Surinam;Saba;2022;0;0;0
8215;Total male and female;10 to 14 years;Surinam;Saba;2023;2;0;2
8216;Total male and female;10 to 14 years;Trinidad and Tobago;Caribbean Netherlands;2011;0;0;0
8217;Total male and female;10 to 14 years;Trinidad and Tobago;Caribbean Netherlands;2012;0;0;0
8218;Total male and female;10 to 14 years;Trinidad and Tobago;Caribbean Netherlands;2013;0;0;0
8219;Total male and female;10 to 14 years;Trinidad and Tobago;Caribbean Netherlands;2014;0;0;0
8220;Total male and female;10 to 14 years;Trinidad and Tobago;Caribbean Netherlands;2015;0;0;0
8221;Total male and female;10 to 14 years;Trinidad and Tobago;Caribbean Netherlands;2016;0;0;0
8222;Total male and female;10 to 14 years;Trinidad and Tobago;Caribbean Netherlands;2017;0;0;0
8223;Total male and female;10 to 14 years;Trinidad and Tobago;Caribbean Netherlands;2018;0;0;0
8224;Total male and female;10 to 14 years;Trinidad and Tobago;Caribbean Netherlands;2019;0;0;0
8225;Total male and female;10 to 14 years;Trinidad and Tobago;Caribbean Netherlands;2020;0;0;0
8226;Total male and female;10 to 14 years;Trinidad and Tobago;Caribbean Netherlands;2021;0;0;0
8227;Total male and female;10 to 14 years;Trinidad and Tobago;Caribbean Netherlands;2022;0;0;0
8228;Total male and female;10 to 14 years;Trinidad and Tobago;Caribbean Netherlands;2023;0;0;0
8229;Total male and female;10 to 14 years;Trinidad and Tobago;Bonaire;2011;0;0;0
8230;Total male and female;10 to 14 years;Trinidad and Tobago;Bonaire;2012;0;0;0
8231;Total male and female;10 to 14 years;Trinidad and Tobago;Bonaire;2013;0;0;0
8232;Total male and female;10 to 14 years;Trinidad and Tobago;Bonaire;2014;0;0;0
8233;Total male and female;10 to 14 years;Trinidad and Tobago;Bonaire;2015;0;0;0
8234;Total male and female;10 to 14 years;Trinidad and Tobago;Bonaire;2016;0;0;0
8235;Total male and female;10 to 14 years;Trinidad and Tobago;Bonaire;2017;0;0;0
8236;Total male and female;10 to 14 years;Trinidad and Tobago;Bonaire;2018;0;0;0
8237;Total male and female;10 to 14 years;Trinidad and Tobago;Bonaire;2019;0;0;0
8238;Total male and female;10 to 14 years;Trinidad and Tobago;Bonaire;2020;0;0;0
8239;Total male and female;10 to 14 years;Trinidad and Tobago;Bonaire;2021;0;0;0
8240;Total male and female;10 to 14 years;Trinidad and Tobago;Bonaire;2022;0;0;0
8241;Total male and female;10 to 14 years;Trinidad and Tobago;Bonaire;2023;0;0;0
8242;Total male and female;10 to 14 years;Trinidad and Tobago;St Eustatius;2011;0;0;0
8243;Total male and female;10 to 14 years;Trinidad and Tobago;St Eustatius;2012;0;0;0
8244;Total male and female;10 to 14 years;Trinidad and Tobago;St Eustatius;2013;0;0;0
8245;Total male and female;10 to 14 years;Trinidad and Tobago;St Eustatius;2014;0;0;0
8246;Total male and female;10 to 14 years;Trinidad and Tobago;St Eustatius;2015;0;0;0
8247;Total male and female;10 to 14 years;Trinidad and Tobago;St Eustatius;2016;0;0;0
8248;Total male and female;10 to 14 years;Trinidad and Tobago;St Eustatius;2017;0;0;0
8249;Total male and female;10 to 14 years;Trinidad and Tobago;St Eustatius;2018;0;0;0
8250;Total male and female;10 to 14 years;Trinidad and Tobago;St Eustatius;2019;0;0;0
8251;Total male and female;10 to 14 years;Trinidad and Tobago;St Eustatius;2020;0;0;0
8252;Total male and female;10 to 14 years;Trinidad and Tobago;St Eustatius;2021;0;0;0
8253;Total male and female;10 to 14 years;Trinidad and Tobago;St Eustatius;2022;0;0;0
8254;Total male and female;10 to 14 years;Trinidad and Tobago;St Eustatius;2023;0;0;0
8255;Total male and female;10 to 14 years;Trinidad and Tobago;Saba;2011;0;0;0
8256;Total male and female;10 to 14 years;Trinidad and Tobago;Saba;2012;0;0;0
8257;Total male and female;10 to 14 years;Trinidad and Tobago;Saba;2013;0;0;0
8258;Total male and female;10 to 14 years;Trinidad and Tobago;Saba;2014;0;0;0
8259;Total male and female;10 to 14 years;Trinidad and Tobago;Saba;2015;0;0;0
8260;Total male and female;10 to 14 years;Trinidad and Tobago;Saba;2016;0;0;0
8261;Total male and female;10 to 14 years;Trinidad and Tobago;Saba;2017;0;0;0
8262;Total male and female;10 to 14 years;Trinidad and Tobago;Saba;2018;0;0;0
8263;Total male and female;10 to 14 years;Trinidad and Tobago;Saba;2019;0;0;0
8264;Total male and female;10 to 14 years;Trinidad and Tobago;Saba;2020;0;0;0
8265;Total male and female;10 to 14 years;Trinidad and Tobago;Saba;2021;0;0;0
8266;Total male and female;10 to 14 years;Trinidad and Tobago;Saba;2022;0;0;0
8267;Total male and female;10 to 14 years;Trinidad and Tobago;Saba;2023;0;0;0
8268;Total male and female;10 to 14 years;Venezuela;Caribbean Netherlands;2011;3;1;2
8269;Total male and female;10 to 14 years;Venezuela;Caribbean Netherlands;2012;1;1;0
8270;Total male and female;10 to 14 years;Venezuela;Caribbean Netherlands;2013;0;0;0
8271;Total male and female;10 to 14 years;Venezuela;Caribbean Netherlands;2014;0;0;0
8272;Total male and female;10 to 14 years;Venezuela;Caribbean Netherlands;2015;4;1;3
8273;Total male and female;10 to 14 years;Venezuela;Caribbean Netherlands;2016;2;0;2
8274;Total male and female;10 to 14 years;Venezuela;Caribbean Netherlands;2017;5;3;2
8275;Total male and female;10 to 14 years;Venezuela;Caribbean Netherlands;2018;4;1;3
8276;Total male and female;10 to 14 years;Venezuela;Caribbean Netherlands;2019;5;0;5
8277;Total male and female;10 to 14 years;Venezuela;Caribbean Netherlands;2020;6;0;6
8278;Total male and female;10 to 14 years;Venezuela;Caribbean Netherlands;2021;6;0;6
8279;Total male and female;10 to 14 years;Venezuela;Caribbean Netherlands;2022;7;0;7
8280;Total male and female;10 to 14 years;Venezuela;Caribbean Netherlands;2023;12;1;11
8281;Total male and female;10 to 14 years;Venezuela;Bonaire;2011;3;0;3
8282;Total male and female;10 to 14 years;Venezuela;Bonaire;2012;1;1;0
8283;Total male and female;10 to 14 years;Venezuela;Bonaire;2013;0;0;0
8284;Total male and female;10 to 14 years;Venezuela;Bonaire;2014;0;0;0
8285;Total male and female;10 to 14 years;Venezuela;Bonaire;2015;4;0;4
8286;Total male and female;10 to 14 years;Venezuela;Bonaire;2016;2;0;2
8287;Total male and female;10 to 14 years;Venezuela;Bonaire;2017;5;3;2
8288;Total male and female;10 to 14 years;Venezuela;Bonaire;2018;4;1;3
8289;Total male and female;10 to 14 years;Venezuela;Bonaire;2019;4;0;4
8290;Total male and female;10 to 14 years;Venezuela;Bonaire;2020;6;0;6
8291;Total male and female;10 to 14 years;Venezuela;Bonaire;2021;5;0;5
8292;Total male and female;10 to 14 years;Venezuela;Bonaire;2022;7;0;7
8293;Total male and female;10 to 14 years;Venezuela;Bonaire;2023;12;1;11
8294;Total male and female;10 to 14 years;Venezuela;St Eustatius;2011;0;0;0
8295;Total male and female;10 to 14 years;Venezuela;St Eustatius;2012;0;0;0
8296;Total male and female;10 to 14 years;Venezuela;St Eustatius;2013;0;0;0
8297;Total male and female;10 to 14 years;Venezuela;St Eustatius;2014;0;0;0
8298;Total male and female;10 to 14 years;Venezuela;St Eustatius;2015;0;1;-1
8299;Total male and female;10 to 14 years;Venezuela;St Eustatius;2016;0;0;0
8300;Total male and female;10 to 14 years;Venezuela;St Eustatius;2017;0;0;0
8301;Total male and female;10 to 14 years;Venezuela;St Eustatius;2018;0;0;0
8302;Total male and female;10 to 14 years;Venezuela;St Eustatius;2019;1;0;1
8303;Total male and female;10 to 14 years;Venezuela;St Eustatius;2020;0;0;0
8304;Total male and female;10 to 14 years;Venezuela;St Eustatius;2021;1;0;1
8305;Total male and female;10 to 14 years;Venezuela;St Eustatius;2022;0;0;0
8306;Total male and female;10 to 14 years;Venezuela;St Eustatius;2023;0;0;0
8307;Total male and female;10 to 14 years;Venezuela;Saba;2011;0;1;-1
8308;Total male and female;10 to 14 years;Venezuela;Saba;2012;0;0;0
8309;Total male and female;10 to 14 years;Venezuela;Saba;2013;0;0;0
8310;Total male and female;10 to 14 years;Venezuela;Saba;2014;0;0;0
8311;Total male and female;10 to 14 years;Venezuela;Saba;2015;0;0;0
8312;Total male and female;10 to 14 years;Venezuela;Saba;2016;0;0;0
8313;Total male and female;10 to 14 years;Venezuela;Saba;2017;0;0;0
8314;Total male and female;10 to 14 years;Venezuela;Saba;2018;0;0;0
8315;Total male and female;10 to 14 years;Venezuela;Saba;2019;0;0;0
8316;Total male and female;10 to 14 years;Venezuela;Saba;2020;0;0;0
8317;Total male and female;10 to 14 years;Venezuela;Saba;2021;0;0;0
8318;Total male and female;10 to 14 years;Venezuela;Saba;2022;0;0;0
8319;Total male and female;10 to 14 years;Venezuela;Saba;2023;0;0;0
8320;Total male and female;10 to 14 years;United States of America;Caribbean Netherlands;2011;0;2;-2
8321;Total male and female;10 to 14 years;United States of America;Caribbean Netherlands;2012;4;0;4
8322;Total male and female;10 to 14 years;United States of America;Caribbean Netherlands;2013;3;1;2
8323;Total male and female;10 to 14 years;United States of America;Caribbean Netherlands;2014;0;2;-2
8324;Total male and female;10 to 14 years;United States of America;Caribbean Netherlands;2015;0;2;-2
8325;Total male and female;10 to 14 years;United States of America;Caribbean Netherlands;2016;2;1;1
8326;Total male and female;10 to 14 years;United States of America;Caribbean Netherlands;2017;1;3;-2
8327;Total male and female;10 to 14 years;United States of America;Caribbean Netherlands;2018;0;2;-2
8328;Total male and female;10 to 14 years;United States of America;Caribbean Netherlands;2019;6;1;5
8329;Total male and female;10 to 14 years;United States of America;Caribbean Netherlands;2020;0;0;0
8330;Total male and female;10 to 14 years;United States of America;Caribbean Netherlands;2021;0;0;0
8331;Total male and female;10 to 14 years;United States of America;Caribbean Netherlands;2022;1;1;0
8332;Total male and female;10 to 14 years;United States of America;Caribbean Netherlands;2023;0;0;0
8333;Total male and female;10 to 14 years;United States of America;Bonaire;2011;0;0;0
8334;Total male and female;10 to 14 years;United States of America;Bonaire;2012;3;0;3
8335;Total male and female;10 to 14 years;United States of America;Bonaire;2013;0;0;0
8336;Total male and female;10 to 14 years;United States of America;Bonaire;2014;0;1;-1
8337;Total male and female;10 to 14 years;United States of America;Bonaire;2015;0;1;-1
8338;Total male and female;10 to 14 years;United States of America;Bonaire;2016;2;1;1
8339;Total male and female;10 to 14 years;United States of America;Bonaire;2017;0;1;-1
8340;Total male and female;10 to 14 years;United States of America;Bonaire;2018;0;0;0
8341;Total male and female;10 to 14 years;United States of America;Bonaire;2019;1;1;0
8342;Total male and female;10 to 14 years;United States of America;Bonaire;2020;0;0;0
8343;Total male and female;10 to 14 years;United States of America;Bonaire;2021;0;0;0
8344;Total male and female;10 to 14 years;United States of America;Bonaire;2022;1;0;1
8345;Total male and female;10 to 14 years;United States of America;Bonaire;2023;0;0;0
8346;Total male and female;10 to 14 years;United States of America;St Eustatius;2011;0;0;0
8347;Total male and female;10 to 14 years;United States of America;St Eustatius;2012;1;0;1
8348;Total male and female;10 to 14 years;United States of America;St Eustatius;2013;3;1;2
8349;Total male and female;10 to 14 years;United States of America;St Eustatius;2014;0;1;-1
8350;Total male and female;10 to 14 years;United States of America;St Eustatius;2015;0;1;-1
8351;Total male and female;10 to 14 years;United States of America;St Eustatius;2016;0;0;0
8352;Total male and female;10 to 14 years;United States of America;St Eustatius;2017;1;2;-1
8353;Total male and female;10 to 14 years;United States of America;St Eustatius;2018;0;2;-2
8354;Total male and female;10 to 14 years;United States of America;St Eustatius;2019;2;0;2
8355;Total male and female;10 to 14 years;United States of America;St Eustatius;2020;0;0;0
8356;Total male and female;10 to 14 years;United States of America;St Eustatius;2021;0;0;0
8357;Total male and female;10 to 14 years;United States of America;St Eustatius;2022;0;1;-1
8358;Total male and female;10 to 14 years;United States of America;St Eustatius;2023;0;0;0
8359;Total male and female;10 to 14 years;United States of America;Saba;2011;0;2;-2
8360;Total male and female;10 to 14 years;United States of America;Saba;2012;0;0;0
8361;Total male and female;10 to 14 years;United States of America;Saba;2013;0;0;0
8362;Total male and female;10 to 14 years;United States of America;Saba;2014;0;0;0
8363;Total male and female;10 to 14 years;United States of America;Saba;2015;0;0;0
8364;Total male and female;10 to 14 years;United States of America;Saba;2016;0;0;0
8365;Total male and female;10 to 14 years;United States of America;Saba;2017;0;0;0
8366;Total male and female;10 to 14 years;United States of America;Saba;2018;0;0;0
8367;Total male and female;10 to 14 years;United States of America;Saba;2019;3;0;3
8368;Total male and female;10 to 14 years;United States of America;Saba;2020;0;0;0
8369;Total male and female;10 to 14 years;United States of America;Saba;2021;0;0;0
8370;Total male and female;10 to 14 years;United States of America;Saba;2022;0;0;0
8371;Total male and female;10 to 14 years;United States of America;Saba;2023;0;0;0
8372;Total male and female;10 to 14 years;Other Asia;Caribbean Netherlands;2011;4;0;4
8373;Total male and female;10 to 14 years;Other Asia;Caribbean Netherlands;2012;0;2;-2
8374;Total male and female;10 to 14 years;Other Asia;Caribbean Netherlands;2013;0;1;-1
8375;Total male and female;10 to 14 years;Other Asia;Caribbean Netherlands;2014;0;2;-2
8376;Total male and female;10 to 14 years;Other Asia;Caribbean Netherlands;2015;0;0;0
8377;Total male and female;10 to 14 years;Other Asia;Caribbean Netherlands;2016;0;1;-1
8378;Total male and female;10 to 14 years;Other Asia;Caribbean Netherlands;2017;0;0;0
8379;Total male and female;10 to 14 years;Other Asia;Caribbean Netherlands;2018;0;0;0
8380;Total male and female;10 to 14 years;Other Asia;Caribbean Netherlands;2019;0;0;0
8381;Total male and female;10 to 14 years;Other Asia;Caribbean Netherlands;2020;0;0;0
8382;Total male and female;10 to 14 years;Other Asia;Caribbean Netherlands;2021;1;0;1
8383;Total male and female;10 to 14 years;Other Asia;Caribbean Netherlands;2022;2;0;2
8384;Total male and female;10 to 14 years;Other Asia;Caribbean Netherlands;2023;1;2;-1
8385;Total male and female;10 to 14 years;Other Asia;Bonaire;2011;2;0;2
8386;Total male and female;10 to 14 years;Other Asia;Bonaire;2012;0;0;0
8387;Total male and female;10 to 14 years;Other Asia;Bonaire;2013;0;0;0
8388;Total male and female;10 to 14 years;Other Asia;Bonaire;2014;0;0;0
8389;Total male and female;10 to 14 years;Other Asia;Bonaire;2015;0;0;0
8390;Total male and female;10 to 14 years;Other Asia;Bonaire;2016;0;1;-1
8391;Total male and female;10 to 14 years;Other Asia;Bonaire;2017;0;0;0
8392;Total male and female;10 to 14 years;Other Asia;Bonaire;2018;0;0;0
8393;Total male and female;10 to 14 years;Other Asia;Bonaire;2019;0;0;0
8394;Total male and female;10 to 14 years;Other Asia;Bonaire;2020;0;0;0
8395;Total male and female;10 to 14 years;Other Asia;Bonaire;2021;1;0;1
8396;Total male and female;10 to 14 years;Other Asia;Bonaire;2022;0;0;0
8397;Total male and female;10 to 14 years;Other Asia;Bonaire;2023;1;1;0
8398;Total male and female;10 to 14 years;Other Asia;St Eustatius;2011;2;0;2
8399;Total male and female;10 to 14 years;Other Asia;St Eustatius;2012;0;0;0
8400;Total male and female;10 to 14 years;Other Asia;St Eustatius;2013;0;1;-1
8401;Total male and female;10 to 14 years;Other Asia;St Eustatius;2014;0;2;-2
8402;Total male and female;10 to 14 years;Other Asia;St Eustatius;2015;0;0;0
8403;Total male and female;10 to 14 years;Other Asia;St Eustatius;2016;0;0;0
8404;Total male and female;10 to 14 years;Other Asia;St Eustatius;2017;0;0;0
8405;Total male and female;10 to 14 years;Other Asia;St Eustatius;2018;0;0;0
8406;Total male and female;10 to 14 years;Other Asia;St Eustatius;2019;0;0;0
8407;Total male and female;10 to 14 years;Other Asia;St Eustatius;2020;0;0;0
8408;Total male and female;10 to 14 years;Other Asia;St Eustatius;2021;0;0;0
8409;Total male and female;10 to 14 years;Other Asia;St Eustatius;2022;0;0;0
8410;Total male and female;10 to 14 years;Other Asia;St Eustatius;2023;0;0;0
8411;Total male and female;10 to 14 years;Other Asia;Saba;2011;0;0;0
8412;Total male and female;10 to 14 years;Other Asia;Saba;2012;0;2;-2
8413;Total male and female;10 to 14 years;Other Asia;Saba;2013;0;0;0
8414;Total male and female;10 to 14 years;Other Asia;Saba;2014;0;0;0
8415;Total male and female;10 to 14 years;Other Asia;Saba;2015;0;0;0
8416;Total male and female;10 to 14 years;Other Asia;Saba;2016;0;0;0
8417;Total male and female;10 to 14 years;Other Asia;Saba;2017;0;0;0
8418;Total male and female;10 to 14 years;Other Asia;Saba;2018;0;0;0
8419;Total male and female;10 to 14 years;Other Asia;Saba;2019;0;0;0
8420;Total male and female;10 to 14 years;Other Asia;Saba;2020;0;0;0
8421;Total male and female;10 to 14 years;Other Asia;Saba;2021;0;0;0
8422;Total male and female;10 to 14 years;Other Asia;Saba;2022;2;0;2
8423;Total male and female;10 to 14 years;Other Asia;Saba;2023;0;1;-1
8424;Total male and female;10 to 14 years;Other Central and South America;Caribbean Netherlands;2011;1;0;1
8425;Total male and female;10 to 14 years;Other Central and South America;Caribbean Netherlands;2012;0;1;-1
8426;Total male and female;10 to 14 years;Other Central and South America;Caribbean Netherlands;2013;1;0;1
8427;Total male and female;10 to 14 years;Other Central and South America;Caribbean Netherlands;2014;1;1;0
8428;Total male and female;10 to 14 years;Other Central and South America;Caribbean Netherlands;2015;4;1;3
8429;Total male and female;10 to 14 years;Other Central and South America;Caribbean Netherlands;2016;1;0;1
8430;Total male and female;10 to 14 years;Other Central and South America;Caribbean Netherlands;2017;0;2;-2
8431;Total male and female;10 to 14 years;Other Central and South America;Caribbean Netherlands;2018;0;0;0
8432;Total male and female;10 to 14 years;Other Central and South America;Caribbean Netherlands;2019;0;0;0
8433;Total male and female;10 to 14 years;Other Central and South America;Caribbean Netherlands;2020;0;0;0
8434;Total male and female;10 to 14 years;Other Central and South America;Caribbean Netherlands;2021;1;1;0
8435;Total male and female;10 to 14 years;Other Central and South America;Caribbean Netherlands;2022;0;0;0
8436;Total male and female;10 to 14 years;Other Central and South America;Caribbean Netherlands;2023;2;0;2
8437;Total male and female;10 to 14 years;Other Central and South America;Bonaire;2011;0;0;0
8438;Total male and female;10 to 14 years;Other Central and South America;Bonaire;2012;0;0;0
8439;Total male and female;10 to 14 years;Other Central and South America;Bonaire;2013;0;0;0
8440;Total male and female;10 to 14 years;Other Central and South America;Bonaire;2014;0;0;0
8441;Total male and female;10 to 14 years;Other Central and South America;Bonaire;2015;0;0;0
8442;Total male and female;10 to 14 years;Other Central and South America;Bonaire;2016;0;0;0
8443;Total male and female;10 to 14 years;Other Central and South America;Bonaire;2017;0;1;-1
8444;Total male and female;10 to 14 years;Other Central and South America;Bonaire;2018;0;0;0
8445;Total male and female;10 to 14 years;Other Central and South America;Bonaire;2019;0;0;0
8446;Total male and female;10 to 14 years;Other Central and South America;Bonaire;2020;0;0;0
8447;Total male and female;10 to 14 years;Other Central and South America;Bonaire;2021;0;1;-1
8448;Total male and female;10 to 14 years;Other Central and South America;Bonaire;2022;0;0;0
8449;Total male and female;10 to 14 years;Other Central and South America;Bonaire;2023;0;0;0
8450;Total male and female;10 to 14 years;Other Central and South America;St Eustatius;2011;0;0;0
8451;Total male and female;10 to 14 years;Other Central and South America;St Eustatius;2012;0;1;-1
8452;Total male and female;10 to 14 years;Other Central and South America;St Eustatius;2013;1;0;1
8453;Total male and female;10 to 14 years;Other Central and South America;St Eustatius;2014;1;1;0
8454;Total male and female;10 to 14 years;Other Central and South America;St Eustatius;2015;3;1;2
8455;Total male and female;10 to 14 years;Other Central and South America;St Eustatius;2016;1;0;1
8456;Total male and female;10 to 14 years;Other Central and South America;St Eustatius;2017;0;1;-1
8457;Total male and female;10 to 14 years;Other Central and South America;St Eustatius;2018;0;0;0
8458;Total male and female;10 to 14 years;Other Central and South America;St Eustatius;2019;0;0;0
8459;Total male and female;10 to 14 years;Other Central and South America;St Eustatius;2020;0;0;0
8460;Total male and female;10 to 14 years;Other Central and South America;St Eustatius;2021;0;0;0
8461;Total male and female;10 to 14 years;Other Central and South America;St Eustatius;2022;0;0;0
8462;Total male and female;10 to 14 years;Other Central and South America;St Eustatius;2023;0;0;0
8463;Total male and female;10 to 14 years;Other Central and South America;Saba;2011;1;0;1
8464;Total male and female;10 to 14 years;Other Central and South America;Saba;2012;0;0;0
8465;Total male and female;10 to 14 years;Other Central and South America;Saba;2013;0;0;0
8466;Total male and female;10 to 14 years;Other Central and South America;Saba;2014;0;0;0
8467;Total male and female;10 to 14 years;Other Central and South America;Saba;2015;1;0;1
8468;Total male and female;10 to 14 years;Other Central and South America;Saba;2016;0;0;0
8469;Total male and female;10 to 14 years;Other Central and South America;Saba;2017;0;0;0
8470;Total male and female;10 to 14 years;Other Central and South America;Saba;2018;0;0;0
8471;Total male and female;10 to 14 years;Other Central and South America;Saba;2019;0;0;0
8472;Total male and female;10 to 14 years;Other Central and South America;Saba;2020;0;0;0
8473;Total male and female;10 to 14 years;Other Central and South America;Saba;2021;1;0;1
8474;Total male and female;10 to 14 years;Other Central and South America;Saba;2022;0;0;0
8475;Total male and female;10 to 14 years;Other Central and South America;Saba;2023;2;0;2
8476;Total male and female;10 to 14 years;Other Europe;Caribbean Netherlands;2011;0;0;0
8477;Total male and female;10 to 14 years;Other Europe;Caribbean Netherlands;2012;0;0;0
8478;Total male and female;10 to 14 years;Other Europe;Caribbean Netherlands;2013;0;0;0
8479;Total male and female;10 to 14 years;Other Europe;Caribbean Netherlands;2014;0;0;0
8480;Total male and female;10 to 14 years;Other Europe;Caribbean Netherlands;2015;0;0;0
8481;Total male and female;10 to 14 years;Other Europe;Caribbean Netherlands;2016;0;0;0
8482;Total male and female;10 to 14 years;Other Europe;Caribbean Netherlands;2017;2;1;1
8483;Total male and female;10 to 14 years;Other Europe;Caribbean Netherlands;2018;0;1;-1
8484;Total male and female;10 to 14 years;Other Europe;Caribbean Netherlands;2019;1;0;1
8485;Total male and female;10 to 14 years;Other Europe;Caribbean Netherlands;2020;0;2;-2
8486;Total male and female;10 to 14 years;Other Europe;Caribbean Netherlands;2021;0;0;0
8487;Total male and female;10 to 14 years;Other Europe;Caribbean Netherlands;2022;0;0;0
8488;Total male and female;10 to 14 years;Other Europe;Caribbean Netherlands;2023;0;0;0
8489;Total male and female;10 to 14 years;Other Europe;Bonaire;2011;0;0;0
8490;Total male and female;10 to 14 years;Other Europe;Bonaire;2012;0;0;0
8491;Total male and female;10 to 14 years;Other Europe;Bonaire;2013;0;0;0
8492;Total male and female;10 to 14 years;Other Europe;Bonaire;2014;0;0;0
8493;Total male and female;10 to 14 years;Other Europe;Bonaire;2015;0;0;0
8494;Total male and female;10 to 14 years;Other Europe;Bonaire;2016;0;0;0
8495;Total male and female;10 to 14 years;Other Europe;Bonaire;2017;2;1;1
8496;Total male and female;10 to 14 years;Other Europe;Bonaire;2018;0;1;-1
8497;Total male and female;10 to 14 years;Other Europe;Bonaire;2019;1;0;1
8498;Total male and female;10 to 14 years;Other Europe;Bonaire;2020;0;1;-1
8499;Total male and female;10 to 14 years;Other Europe;Bonaire;2021;0;0;0
8500;Total male and female;10 to 14 years;Other Europe;Bonaire;2022;0;0;0
8501;Total male and female;10 to 14 years;Other Europe;Bonaire;2023;0;0;0
8502;Total male and female;10 to 14 years;Other Europe;St Eustatius;2011;0;0;0
8503;Total male and female;10 to 14 years;Other Europe;St Eustatius;2012;0;0;0
8504;Total male and female;10 to 14 years;Other Europe;St Eustatius;2013;0;0;0
8505;Total male and female;10 to 14 years;Other Europe;St Eustatius;2014;0;0;0
8506;Total male and female;10 to 14 years;Other Europe;St Eustatius;2015;0;0;0
8507;Total male and female;10 to 14 years;Other Europe;St Eustatius;2016;0;0;0
8508;Total male and female;10 to 14 years;Other Europe;St Eustatius;2017;0;0;0
8509;Total male and female;10 to 14 years;Other Europe;St Eustatius;2018;0;0;0
8510;Total male and female;10 to 14 years;Other Europe;St Eustatius;2019;0;0;0
8511;Total male and female;10 to 14 years;Other Europe;St Eustatius;2020;0;1;-1
8512;Total male and female;10 to 14 years;Other Europe;St Eustatius;2021;0;0;0
8513;Total male and female;10 to 14 years;Other Europe;St Eustatius;2022;0;0;0
8514;Total male and female;10 to 14 years;Other Europe;St Eustatius;2023;0;0;0
8515;Total male and female;10 to 14 years;Other Europe;Saba;2011;0;0;0
8516;Total male and female;10 to 14 years;Other Europe;Saba;2012;0;0;0
8517;Total male and female;10 to 14 years;Other Europe;Saba;2013;0;0;0
8518;Total male and female;10 to 14 years;Other Europe;Saba;2014;0;0;0
8519;Total male and female;10 to 14 years;Other Europe;Saba;2015;0;0;0
8520;Total male and female;10 to 14 years;Other Europe;Saba;2016;0;0;0
8521;Total male and female;10 to 14 years;Other Europe;Saba;2017;0;0;0
8522;Total male and female;10 to 14 years;Other Europe;Saba;2018;0;0;0
8523;Total male and female;10 to 14 years;Other Europe;Saba;2019;0;0;0
8524;Total male and female;10 to 14 years;Other Europe;Saba;2020;0;0;0
8525;Total male and female;10 to 14 years;Other Europe;Saba;2021;0;0;0
8526;Total male and female;10 to 14 years;Other Europe;Saba;2022;0;0;0
8527;Total male and female;10 to 14 years;Other Europe;Saba;2023;0;0;0
8528;Total male and female;15 to 19 years;Total;Caribbean Netherlands;2011;78;137;-59
8529;Total male and female;15 to 19 years;Total;Caribbean Netherlands;2012;76;127;-51
8530;Total male and female;15 to 19 years;Total;Caribbean Netherlands;2013;88;114;-26
8531;Total male and female;15 to 19 years;Total;Caribbean Netherlands;2014;60;102;-42
8532;Total male and female;15 to 19 years;Total;Caribbean Netherlands;2015;70;121;-51
8533;Total male and female;15 to 19 years;Total;Caribbean Netherlands;2016;72;112;-40
8534;Total male and female;15 to 19 years;Total;Caribbean Netherlands;2017;62;131;-69
8535;Total male and female;15 to 19 years;Total;Caribbean Netherlands;2018;65;148;-83
8536;Total male and female;15 to 19 years;Total;Caribbean Netherlands;2019;64;132;-68
8537;Total male and female;15 to 19 years;Total;Caribbean Netherlands;2020;72;88;-16
8538;Total male and female;15 to 19 years;Total;Caribbean Netherlands;2021;90;93;-3
8539;Total male and female;15 to 19 years;Total;Caribbean Netherlands;2022;91;106;-15
8540;Total male and female;15 to 19 years;Total;Caribbean Netherlands;2023;90;137;-47
8541;Total male and female;15 to 19 years;Total;Bonaire;2011;70;100;-30
8542;Total male and female;15 to 19 years;Total;Bonaire;2012;60;96;-36
8543;Total male and female;15 to 19 years;Total;Bonaire;2013;72;71;1
8544;Total male and female;15 to 19 years;Total;Bonaire;2014;50;65;-15
8545;Total male and female;15 to 19 years;Total;Bonaire;2015;58;81;-23
8546;Total male and female;15 to 19 years;Total;Bonaire;2016;54;92;-38
8547;Total male and female;15 to 19 years;Total;Bonaire;2017;52;100;-48
8548;Total male and female;15 to 19 years;Total;Bonaire;2018;51;92;-41
8549;Total male and female;15 to 19 years;Total;Bonaire;2019;53;105;-52
8550;Total male and female;15 to 19 years;Total;Bonaire;2020;61;74;-13
8551;Total male and female;15 to 19 years;Total;Bonaire;2021;75;76;-1
8552;Total male and female;15 to 19 years;Total;Bonaire;2022;82;72;10
8553;Total male and female;15 to 19 years;Total;Bonaire;2023;75;95;-20
8554;Total male and female;15 to 19 years;Total;St Eustatius;2011;6;28;-22
8555;Total male and female;15 to 19 years;Total;St Eustatius;2012;10;23;-13
8556;Total male and female;15 to 19 years;Total;St Eustatius;2013;10;39;-29
8557;Total male and female;15 to 19 years;Total;St Eustatius;2014;9;32;-23
8558;Total male and female;15 to 19 years;Total;St Eustatius;2015;9;33;-24
8559;Total male and female;15 to 19 years;Total;St Eustatius;2016;14;16;-2
8560;Total male and female;15 to 19 years;Total;St Eustatius;2017;6;22;-16
8561;Total male and female;15 to 19 years;Total;St Eustatius;2018;11;46;-35
8562;Total male and female;15 to 19 years;Total;St Eustatius;2019;9;19;-10
8563;Total male and female;15 to 19 years;Total;St Eustatius;2020;11;12;-1
8564;Total male and female;15 to 19 years;Total;St Eustatius;2021;12;13;-1
8565;Total male and female;15 to 19 years;Total;St Eustatius;2022;7;25;-18
8566;Total male and female;15 to 19 years;Total;St Eustatius;2023;7;35;-28
8567;Total male and female;15 to 19 years;Total;Saba;2011;2;9;-7
8568;Total male and female;15 to 19 years;Total;Saba;2012;6;8;-2
8569;Total male and female;15 to 19 years;Total;Saba;2013;6;4;2
8570;Total male and female;15 to 19 years;Total;Saba;2014;1;5;-4
8571;Total male and female;15 to 19 years;Total;Saba;2015;3;7;-4
8572;Total male and female;15 to 19 years;Total;Saba;2016;4;4;0
8573;Total male and female;15 to 19 years;Total;Saba;2017;4;9;-5
8574;Total male and female;15 to 19 years;Total;Saba;2018;3;10;-7
8575;Total male and female;15 to 19 years;Total;Saba;2019;2;8;-6
8576;Total male and female;15 to 19 years;Total;Saba;2020;0;2;-2
8577;Total male and female;15 to 19 years;Total;Saba;2021;3;4;-1
8578;Total male and female;15 to 19 years;Total;Saba;2022;2;9;-7
8579;Total male and female;15 to 19 years;Total;Saba;2023;8;7;1
8580;Total male and female;15 to 19 years;Born outside the Caribbean Netherlands;Caribbean Netherlands;2011;62;77;-15
8581;Total male and female;15 to 19 years;Born outside the Caribbean Netherlands;Caribbean Netherlands;2012;60;74;-14
8582;Total male and female;15 to 19 years;Born outside the Caribbean Netherlands;Caribbean Netherlands;2013;72;76;-4
8583;Total male and female;15 to 19 years;Born outside the Caribbean Netherlands;Caribbean Netherlands;2014;50;68;-18
8584;Total male and female;15 to 19 years;Born outside the Caribbean Netherlands;Caribbean Netherlands;2015;61;88;-27
8585;Total male and female;15 to 19 years;Born outside the Caribbean Netherlands;Caribbean Netherlands;2016;61;82;-21
8586;Total male and female;15 to 19 years;Born outside the Caribbean Netherlands;Caribbean Netherlands;2017;53;104;-51
8587;Total male and female;15 to 19 years;Born outside the Caribbean Netherlands;Caribbean Netherlands;2018;58;103;-45
8588;Total male and female;15 to 19 years;Born outside the Caribbean Netherlands;Caribbean Netherlands;2019;57;103;-46
8589;Total male and female;15 to 19 years;Born outside the Caribbean Netherlands;Caribbean Netherlands;2020;60;59;1
8590;Total male and female;15 to 19 years;Born outside the Caribbean Netherlands;Caribbean Netherlands;2021;80;67;13
8591;Total male and female;15 to 19 years;Born outside the Caribbean Netherlands;Caribbean Netherlands;2022;85;69;16
8592;Total male and female;15 to 19 years;Born outside the Caribbean Netherlands;Caribbean Netherlands;2023;78;93;-15
8593;Total male and female;15 to 19 years;Born outside the Caribbean Netherlands;Bonaire;2011;56;57;-1
8594;Total male and female;15 to 19 years;Born outside the Caribbean Netherlands;Bonaire;2012;50;61;-11
8595;Total male and female;15 to 19 years;Born outside the Caribbean Netherlands;Bonaire;2013;60;51;9
8596;Total male and female;15 to 19 years;Born outside the Caribbean Netherlands;Bonaire;2014;44;47;-3
8597;Total male and female;15 to 19 years;Born outside the Caribbean Netherlands;Bonaire;2015;51;65;-14
8598;Total male and female;15 to 19 years;Born outside the Caribbean Netherlands;Bonaire;2016;47;68;-21
8599;Total male and female;15 to 19 years;Born outside the Caribbean Netherlands;Bonaire;2017;45;82;-37
8600;Total male and female;15 to 19 years;Born outside the Caribbean Netherlands;Bonaire;2018;44;74;-30
8601;Total male and female;15 to 19 years;Born outside the Caribbean Netherlands;Bonaire;2019;50;83;-33
8602;Total male and female;15 to 19 years;Born outside the Caribbean Netherlands;Bonaire;2020;52;50;2
8603;Total male and female;15 to 19 years;Born outside the Caribbean Netherlands;Bonaire;2021;69;57;12
8604;Total male and female;15 to 19 years;Born outside the Caribbean Netherlands;Bonaire;2022;77;47;30
8605;Total male and female;15 to 19 years;Born outside the Caribbean Netherlands;Bonaire;2023;66;61;5
8606;Total male and female;15 to 19 years;Born outside the Caribbean Netherlands;St Eustatius;2011;4;13;-9
8607;Total male and female;15 to 19 years;Born outside the Caribbean Netherlands;St Eustatius;2012;5;9;-4
8608;Total male and female;15 to 19 years;Born outside the Caribbean Netherlands;St Eustatius;2013;8;22;-14
8609;Total male and female;15 to 19 years;Born outside the Caribbean Netherlands;St Eustatius;2014;5;19;-14
8610;Total male and female;15 to 19 years;Born outside the Caribbean Netherlands;St Eustatius;2015;7;17;-10
8611;Total male and female;15 to 19 years;Born outside the Caribbean Netherlands;St Eustatius;2016;10;11;-1
8612;Total male and female;15 to 19 years;Born outside the Caribbean Netherlands;St Eustatius;2017;4;14;-10
8613;Total male and female;15 to 19 years;Born outside the Caribbean Netherlands;St Eustatius;2018;11;21;-10
8614;Total male and female;15 to 19 years;Born outside the Caribbean Netherlands;St Eustatius;2019;5;14;-9
8615;Total male and female;15 to 19 years;Born outside the Caribbean Netherlands;St Eustatius;2020;8;7;1
8616;Total male and female;15 to 19 years;Born outside the Caribbean Netherlands;St Eustatius;2021;9;8;1
8617;Total male and female;15 to 19 years;Born outside the Caribbean Netherlands;St Eustatius;2022;6;15;-9
8618;Total male and female;15 to 19 years;Born outside the Caribbean Netherlands;St Eustatius;2023;5;26;-21
8619;Total male and female;15 to 19 years;Born outside the Caribbean Netherlands;Saba;2011;2;7;-5
8620;Total male and female;15 to 19 years;Born outside the Caribbean Netherlands;Saba;2012;5;4;1
8621;Total male and female;15 to 19 years;Born outside the Caribbean Netherlands;Saba;2013;4;3;1
8622;Total male and female;15 to 19 years;Born outside the Caribbean Netherlands;Saba;2014;1;2;-1
8623;Total male and female;15 to 19 years;Born outside the Caribbean Netherlands;Saba;2015;3;6;-3
8624;Total male and female;15 to 19 years;Born outside the Caribbean Netherlands;Saba;2016;4;3;1
8625;Total male and female;15 to 19 years;Born outside the Caribbean Netherlands;Saba;2017;4;8;-4
8626;Total male and female;15 to 19 years;Born outside the Caribbean Netherlands;Saba;2018;3;8;-5
8627;Total male and female;15 to 19 years;Born outside the Caribbean Netherlands;Saba;2019;2;6;-4
8628;Total male and female;15 to 19 years;Born outside the Caribbean Netherlands;Saba;2020;0;2;-2
8629;Total male and female;15 to 19 years;Born outside the Caribbean Netherlands;Saba;2021;2;2;0
8630;Total male and female;15 to 19 years;Born outside the Caribbean Netherlands;Saba;2022;2;7;-5
8631;Total male and female;15 to 19 years;Born outside the Caribbean Netherlands;Saba;2023;7;6;1
8632;Total male and female;15 to 19 years;Born outside Dutch Caribbean;Caribbean Netherlands;2011;43;37;6
8633;Total male and female;15 to 19 years;Born outside Dutch Caribbean;Caribbean Netherlands;2012;41;29;12
8634;Total male and female;15 to 19 years;Born outside Dutch Caribbean;Caribbean Netherlands;2013;51;43;8
8635;Total male and female;15 to 19 years;Born outside Dutch Caribbean;Caribbean Netherlands;2014;29;36;-7
8636;Total male and female;15 to 19 years;Born outside Dutch Caribbean;Caribbean Netherlands;2015;39;45;-6
8637;Total male and female;15 to 19 years;Born outside Dutch Caribbean;Caribbean Netherlands;2016;36;51;-15
8638;Total male and female;15 to 19 years;Born outside Dutch Caribbean;Caribbean Netherlands;2017;31;61;-30
8639;Total male and female;15 to 19 years;Born outside Dutch Caribbean;Caribbean Netherlands;2018;45;55;-10
8640;Total male and female;15 to 19 years;Born outside Dutch Caribbean;Caribbean Netherlands;2019;43;71;-28
8641;Total male and female;15 to 19 years;Born outside Dutch Caribbean;Caribbean Netherlands;2020;37;36;1
8642;Total male and female;15 to 19 years;Born outside Dutch Caribbean;Caribbean Netherlands;2021;59;43;16
8643;Total male and female;15 to 19 years;Born outside Dutch Caribbean;Caribbean Netherlands;2022;57;40;17
8644;Total male and female;15 to 19 years;Born outside Dutch Caribbean;Caribbean Netherlands;2023;56;50;6
8645;Total male and female;15 to 19 years;Born outside Dutch Caribbean;Bonaire;2011;40;24;16
8646;Total male and female;15 to 19 years;Born outside Dutch Caribbean;Bonaire;2012;33;24;9
8647;Total male and female;15 to 19 years;Born outside Dutch Caribbean;Bonaire;2013;40;27;13
8648;Total male and female;15 to 19 years;Born outside Dutch Caribbean;Bonaire;2014;26;23;3
8649;Total male and female;15 to 19 years;Born outside Dutch Caribbean;Bonaire;2015;33;31;2
8650;Total male and female;15 to 19 years;Born outside Dutch Caribbean;Bonaire;2016;30;42;-12
8651;Total male and female;15 to 19 years;Born outside Dutch Caribbean;Bonaire;2017;27;46;-19
8652;Total male and female;15 to 19 years;Born outside Dutch Caribbean;Bonaire;2018;36;42;-6
8653;Total male and female;15 to 19 years;Born outside Dutch Caribbean;Bonaire;2019;37;56;-19
8654;Total male and female;15 to 19 years;Born outside Dutch Caribbean;Bonaire;2020;33;31;2
8655;Total male and female;15 to 19 years;Born outside Dutch Caribbean;Bonaire;2021;51;36;15
8656;Total male and female;15 to 19 years;Born outside Dutch Caribbean;Bonaire;2022;51;29;22
8657;Total male and female;15 to 19 years;Born outside Dutch Caribbean;Bonaire;2023;48;36;12
8658;Total male and female;15 to 19 years;Born outside Dutch Caribbean;St Eustatius;2011;2;8;-6
8659;Total male and female;15 to 19 years;Born outside Dutch Caribbean;St Eustatius;2012;3;3;0
8660;Total male and female;15 to 19 years;Born outside Dutch Caribbean;St Eustatius;2013;7;13;-6
8661;Total male and female;15 to 19 years;Born outside Dutch Caribbean;St Eustatius;2014;3;11;-8
8662;Total male and female;15 to 19 years;Born outside Dutch Caribbean;St Eustatius;2015;4;12;-8
8663;Total male and female;15 to 19 years;Born outside Dutch Caribbean;St Eustatius;2016;4;8;-4
8664;Total male and female;15 to 19 years;Born outside Dutch Caribbean;St Eustatius;2017;1;10;-9
8665;Total male and female;15 to 19 years;Born outside Dutch Caribbean;St Eustatius;2018;7;10;-3
8666;Total male and female;15 to 19 years;Born outside Dutch Caribbean;St Eustatius;2019;4;11;-7
8667;Total male and female;15 to 19 years;Born outside Dutch Caribbean;St Eustatius;2020;4;3;1
8668;Total male and female;15 to 19 years;Born outside Dutch Caribbean;St Eustatius;2021;8;6;2
8669;Total male and female;15 to 19 years;Born outside Dutch Caribbean;St Eustatius;2022;5;8;-3
8670;Total male and female;15 to 19 years;Born outside Dutch Caribbean;St Eustatius;2023;2;11;-9
8671;Total male and female;15 to 19 years;Born outside Dutch Caribbean;Saba;2011;1;5;-4
8672;Total male and female;15 to 19 years;Born outside Dutch Caribbean;Saba;2012;5;2;3
8673;Total male and female;15 to 19 years;Born outside Dutch Caribbean;Saba;2013;4;3;1
8674;Total male and female;15 to 19 years;Born outside Dutch Caribbean;Saba;2014;0;2;-2
8675;Total male and female;15 to 19 years;Born outside Dutch Caribbean;Saba;2015;2;2;0
8676;Total male and female;15 to 19 years;Born outside Dutch Caribbean;Saba;2016;2;1;1
8677;Total male and female;15 to 19 years;Born outside Dutch Caribbean;Saba;2017;3;5;-2
8678;Total male and female;15 to 19 years;Born outside Dutch Caribbean;Saba;2018;2;3;-1
8679;Total male and female;15 to 19 years;Born outside Dutch Caribbean;Saba;2019;2;4;-2
8680;Total male and female;15 to 19 years;Born outside Dutch Caribbean;Saba;2020;0;2;-2
8681;Total male and female;15 to 19 years;Born outside Dutch Caribbean;Saba;2021;0;1;-1
8682;Total male and female;15 to 19 years;Born outside Dutch Caribbean;Saba;2022;1;3;-2
8683;Total male and female;15 to 19 years;Born outside Dutch Caribbean;Saba;2023;6;3;3
8684;Total male and female;15 to 19 years;Born outside Kingdom of the Netherlands;Caribbean Netherlands;2011;23;23;0
8685;Total male and female;15 to 19 years;Born outside Kingdom of the Netherlands;Caribbean Netherlands;2012;24;11;13
8686;Total male and female;15 to 19 years;Born outside Kingdom of the Netherlands;Caribbean Netherlands;2013;32;18;14
8687;Total male and female;15 to 19 years;Born outside Kingdom of the Netherlands;Caribbean Netherlands;2014;12;20;-8
8688;Total male and female;15 to 19 years;Born outside Kingdom of the Netherlands;Caribbean Netherlands;2015;22;17;5
8689;Total male and female;15 to 19 years;Born outside Kingdom of the Netherlands;Caribbean Netherlands;2016;17;15;2
8690;Total male and female;15 to 19 years;Born outside Kingdom of the Netherlands;Caribbean Netherlands;2017;24;28;-4
8691;Total male and female;15 to 19 years;Born outside Kingdom of the Netherlands;Caribbean Netherlands;2018;30;18;12
8692;Total male and female;15 to 19 years;Born outside Kingdom of the Netherlands;Caribbean Netherlands;2019;19;23;-4
8693;Total male and female;15 to 19 years;Born outside Kingdom of the Netherlands;Caribbean Netherlands;2020;13;8;5
8694;Total male and female;15 to 19 years;Born outside Kingdom of the Netherlands;Caribbean Netherlands;2021;31;10;21
8695;Total male and female;15 to 19 years;Born outside Kingdom of the Netherlands;Caribbean Netherlands;2022;28;8;20
8696;Total male and female;15 to 19 years;Born outside Kingdom of the Netherlands;Caribbean Netherlands;2023;38;15;23
8697;Total male and female;15 to 19 years;Born outside Kingdom of the Netherlands;Bonaire;2011;20;12;8
8698;Total male and female;15 to 19 years;Born outside Kingdom of the Netherlands;Bonaire;2012;16;8;8
8699;Total male and female;15 to 19 years;Born outside Kingdom of the Netherlands;Bonaire;2013;24;5;19
8700;Total male and female;15 to 19 years;Born outside Kingdom of the Netherlands;Bonaire;2014;10;9;1
8701;Total male and female;15 to 19 years;Born outside Kingdom of the Netherlands;Bonaire;2015;18;7;11
8702;Total male and female;15 to 19 years;Born outside Kingdom of the Netherlands;Bonaire;2016;14;10;4
8703;Total male and female;15 to 19 years;Born outside Kingdom of the Netherlands;Bonaire;2017;21;21;0
8704;Total male and female;15 to 19 years;Born outside Kingdom of the Netherlands;Bonaire;2018;23;9;14
8705;Total male and female;15 to 19 years;Born outside Kingdom of the Netherlands;Bonaire;2019;15;18;-3
8706;Total male and female;15 to 19 years;Born outside Kingdom of the Netherlands;Bonaire;2020;11;7;4
8707;Total male and female;15 to 19 years;Born outside Kingdom of the Netherlands;Bonaire;2021;24;8;16
8708;Total male and female;15 to 19 years;Born outside Kingdom of the Netherlands;Bonaire;2022;24;3;21
8709;Total male and female;15 to 19 years;Born outside Kingdom of the Netherlands;Bonaire;2023;31;7;24
8710;Total male and female;15 to 19 years;Born outside Kingdom of the Netherlands;St Eustatius;2011;2;6;-4
8711;Total male and female;15 to 19 years;Born outside Kingdom of the Netherlands;St Eustatius;2012;3;2;1
8712;Total male and female;15 to 19 years;Born outside Kingdom of the Netherlands;St Eustatius;2013;5;10;-5
8713;Total male and female;15 to 19 years;Born outside Kingdom of the Netherlands;St Eustatius;2014;2;9;-7
8714;Total male and female;15 to 19 years;Born outside Kingdom of the Netherlands;St Eustatius;2015;4;9;-5
8715;Total male and female;15 to 19 years;Born outside Kingdom of the Netherlands;St Eustatius;2016;2;4;-2
8716;Total male and female;15 to 19 years;Born outside Kingdom of the Netherlands;St Eustatius;2017;1;4;-3
8717;Total male and female;15 to 19 years;Born outside Kingdom of the Netherlands;St Eustatius;2018;5;7;-2
8718;Total male and female;15 to 19 years;Born outside Kingdom of the Netherlands;St Eustatius;2019;2;2;0
8719;Total male and female;15 to 19 years;Born outside Kingdom of the Netherlands;St Eustatius;2020;2;0;2
8720;Total male and female;15 to 19 years;Born outside Kingdom of the Netherlands;St Eustatius;2021;7;1;6
8721;Total male and female;15 to 19 years;Born outside Kingdom of the Netherlands;St Eustatius;2022;3;4;-1
8722;Total male and female;15 to 19 years;Born outside Kingdom of the Netherlands;St Eustatius;2023;1;7;-6
8723;Total male and female;15 to 19 years;Born outside Kingdom of the Netherlands;Saba;2011;1;5;-4
8724;Total male and female;15 to 19 years;Born outside Kingdom of the Netherlands;Saba;2012;5;1;4
8725;Total male and female;15 to 19 years;Born outside Kingdom of the Netherlands;Saba;2013;3;3;0
8726;Total male and female;15 to 19 years;Born outside Kingdom of the Netherlands;Saba;2014;0;2;-2
8727;Total male and female;15 to 19 years;Born outside Kingdom of the Netherlands;Saba;2015;0;1;-1
8728;Total male and female;15 to 19 years;Born outside Kingdom of the Netherlands;Saba;2016;1;1;0
8729;Total male and female;15 to 19 years;Born outside Kingdom of the Netherlands;Saba;2017;2;3;-1
8730;Total male and female;15 to 19 years;Born outside Kingdom of the Netherlands;Saba;2018;2;2;0
8731;Total male and female;15 to 19 years;Born outside Kingdom of the Netherlands;Saba;2019;2;3;-1
8732;Total male and female;15 to 19 years;Born outside Kingdom of the Netherlands;Saba;2020;0;1;-1
8733;Total male and female;15 to 19 years;Born outside Kingdom of the Netherlands;Saba;2021;0;1;-1
8734;Total male and female;15 to 19 years;Born outside Kingdom of the Netherlands;Saba;2022;1;1;0
8735;Total male and female;15 to 19 years;Born outside Kingdom of the Netherlands;Saba;2023;6;1;5
8736;Total male and female;15 to 19 years;Africa;Caribbean Netherlands;2011;0;2;-2
8737;Total male and female;15 to 19 years;Africa;Caribbean Netherlands;2012;0;0;0
8738;Total male and female;15 to 19 years;Africa;Caribbean Netherlands;2013;0;0;0
8739;Total male and female;15 to 19 years;Africa;Caribbean Netherlands;2014;0;0;0
8740;Total male and female;15 to 19 years;Africa;Caribbean Netherlands;2015;0;0;0
8741;Total male and female;15 to 19 years;Africa;Caribbean Netherlands;2016;0;0;0
8742;Total male and female;15 to 19 years;Africa;Caribbean Netherlands;2017;0;0;0
8743;Total male and female;15 to 19 years;Africa;Caribbean Netherlands;2018;0;0;0
8744;Total male and female;15 to 19 years;Africa;Caribbean Netherlands;2019;0;1;-1
8745;Total male and female;15 to 19 years;Africa;Caribbean Netherlands;2020;0;0;0
8746;Total male and female;15 to 19 years;Africa;Caribbean Netherlands;2021;0;0;0
8747;Total male and female;15 to 19 years;Africa;Caribbean Netherlands;2022;0;0;0
8748;Total male and female;15 to 19 years;Africa;Caribbean Netherlands;2023;0;0;0
8749;Total male and female;15 to 19 years;Africa;Bonaire;2011;0;2;-2
8750;Total male and female;15 to 19 years;Africa;Bonaire;2012;0;0;0
8751;Total male and female;15 to 19 years;Africa;Bonaire;2013;0;0;0
8752;Total male and female;15 to 19 years;Africa;Bonaire;2014;0;0;0
8753;Total male and female;15 to 19 years;Africa;Bonaire;2015;0;0;0
8754;Total male and female;15 to 19 years;Africa;Bonaire;2016;0;0;0
8755;Total male and female;15 to 19 years;Africa;Bonaire;2017;0;0;0
8756;Total male and female;15 to 19 years;Africa;Bonaire;2018;0;0;0
8757;Total male and female;15 to 19 years;Africa;Bonaire;2019;0;1;-1
8758;Total male and female;15 to 19 years;Africa;Bonaire;2020;0;0;0
8759;Total male and female;15 to 19 years;Africa;Bonaire;2021;0;0;0
8760;Total male and female;15 to 19 years;Africa;Bonaire;2022;0;0;0
8761;Total male and female;15 to 19 years;Africa;Bonaire;2023;0;0;0
8762;Total male and female;15 to 19 years;Africa;St Eustatius;2011;0;0;0
8763;Total male and female;15 to 19 years;Africa;St Eustatius;2012;0;0;0
8764;Total male and female;15 to 19 years;Africa;St Eustatius;2013;0;0;0
8765;Total male and female;15 to 19 years;Africa;St Eustatius;2014;0;0;0
8766;Total male and female;15 to 19 years;Africa;St Eustatius;2015;0;0;0
8767;Total male and female;15 to 19 years;Africa;St Eustatius;2016;0;0;0
8768;Total male and female;15 to 19 years;Africa;St Eustatius;2017;0;0;0
8769;Total male and female;15 to 19 years;Africa;St Eustatius;2018;0;0;0
8770;Total male and female;15 to 19 years;Africa;St Eustatius;2019;0;0;0
8771;Total male and female;15 to 19 years;Africa;St Eustatius;2020;0;0;0
8772;Total male and female;15 to 19 years;Africa;St Eustatius;2021;0;0;0
8773;Total male and female;15 to 19 years;Africa;St Eustatius;2022;0;0;0
8774;Total male and female;15 to 19 years;Africa;St Eustatius;2023;0;0;0
8775;Total male and female;15 to 19 years;Africa;Saba;2011;0;0;0
8776;Total male and female;15 to 19 years;Africa;Saba;2012;0;0;0
8777;Total male and female;15 to 19 years;Africa;Saba;2013;0;0;0
8778;Total male and female;15 to 19 years;Africa;Saba;2014;0;0;0
8779;Total male and female;15 to 19 years;Africa;Saba;2015;0;0;0
8780;Total male and female;15 to 19 years;Africa;Saba;2016;0;0;0
8781;Total male and female;15 to 19 years;Africa;Saba;2017;0;0;0
8782;Total male and female;15 to 19 years;Africa;Saba;2018;0;0;0
8783;Total male and female;15 to 19 years;Africa;Saba;2019;0;0;0
8784;Total male and female;15 to 19 years;Africa;Saba;2020;0;0;0
8785;Total male and female;15 to 19 years;Africa;Saba;2021;0;0;0
8786;Total male and female;15 to 19 years;Africa;Saba;2022;0;0;0
8787;Total male and female;15 to 19 years;Africa;Saba;2023;0;0;0
8788;Total male and female;15 to 19 years;America;Caribbean Netherlands;2011;53;119;-66
8789;Total male and female;15 to 19 years;America;Caribbean Netherlands;2012;52;109;-57
8790;Total male and female;15 to 19 years;America;Caribbean Netherlands;2013;60;88;-28
8791;Total male and female;15 to 19 years;America;Caribbean Netherlands;2014;41;86;-45
8792;Total male and female;15 to 19 years;America;Caribbean Netherlands;2015;47;92;-45
8793;Total male and female;15 to 19 years;America;Caribbean Netherlands;2016;50;73;-23
8794;Total male and female;15 to 19 years;America;Caribbean Netherlands;2017;49;95;-46
8795;Total male and female;15 to 19 years;America;Caribbean Netherlands;2018;48;109;-61
8796;Total male and female;15 to 19 years;America;Caribbean Netherlands;2019;40;75;-35
8797;Total male and female;15 to 19 years;America;Caribbean Netherlands;2020;47;57;-10
8798;Total male and female;15 to 19 years;America;Caribbean Netherlands;2021;61;58;3
8799;Total male and female;15 to 19 years;America;Caribbean Netherlands;2022;61;72;-11
8800;Total male and female;15 to 19 years;America;Caribbean Netherlands;2023;71;101;-30
8801;Total male and female;15 to 19 years;America;Bonaire;2011;45;85;-40
8802;Total male and female;15 to 19 years;America;Bonaire;2012;36;80;-44
8803;Total male and female;15 to 19 years;America;Bonaire;2013;49;49;0
8804;Total male and female;15 to 19 years;America;Bonaire;2014;32;51;-19
8805;Total male and female;15 to 19 years;America;Bonaire;2015;37;56;-19
8806;Total male and female;15 to 19 years;America;Bonaire;2016;35;57;-22
8807;Total male and female;15 to 19 years;America;Bonaire;2017;41;73;-32
8808;Total male and female;15 to 19 years;America;Bonaire;2018;37;58;-21
8809;Total male and female;15 to 19 years;America;Bonaire;2019;31;60;-29
8810;Total male and female;15 to 19 years;America;Bonaire;2020;38;48;-10
8811;Total male and female;15 to 19 years;America;Bonaire;2021;47;46;1
8812;Total male and female;15 to 19 years;America;Bonaire;2022;55;45;10
8813;Total male and female;15 to 19 years;America;Bonaire;2023;57;66;-9
8814;Total male and female;15 to 19 years;America;St Eustatius;2011;6;25;-19
8815;Total male and female;15 to 19 years;America;St Eustatius;2012;10;22;-12
8816;Total male and female;15 to 19 years;America;St Eustatius;2013;6;35;-29
8817;Total male and female;15 to 19 years;America;St Eustatius;2014;8;30;-22
8818;Total male and female;15 to 19 years;America;St Eustatius;2015;9;30;-21
8819;Total male and female;15 to 19 years;America;St Eustatius;2016;12;12;0
8820;Total male and female;15 to 19 years;America;St Eustatius;2017;6;15;-9
8821;Total male and female;15 to 19 years;America;St Eustatius;2018;8;43;-35
8822;Total male and female;15 to 19 years;America;St Eustatius;2019;7;9;-2
8823;Total male and female;15 to 19 years;America;St Eustatius;2020;9;9;0
8824;Total male and female;15 to 19 years;America;St Eustatius;2021;11;8;3
8825;Total male and female;15 to 19 years;America;St Eustatius;2022;5;20;-15
8826;Total male and female;15 to 19 years;America;St Eustatius;2023;6;31;-25
8827;Total male and female;15 to 19 years;America;Saba;2011;2;9;-7
8828;Total male and female;15 to 19 years;America;Saba;2012;6;7;-1
8829;Total male and female;15 to 19 years;America;Saba;2013;5;4;1
8830;Total male and female;15 to 19 years;America;Saba;2014;1;5;-4
8831;Total male and female;15 to 19 years;America;Saba;2015;1;6;-5
8832;Total male and female;15 to 19 years;America;Saba;2016;3;4;-1
8833;Total male and female;15 to 19 years;America;Saba;2017;2;7;-5
8834;Total male and female;15 to 19 years;America;Saba;2018;3;8;-5
8835;Total male and female;15 to 19 years;America;Saba;2019;2;6;-4
8836;Total male and female;15 to 19 years;America;Saba;2020;0;0;0
8837;Total male and female;15 to 19 years;America;Saba;2021;3;4;-1
8838;Total male and female;15 to 19 years;America;Saba;2022;1;7;-6
8839;Total male and female;15 to 19 years;America;Saba;2023;8;4;4
8840;Total male and female;15 to 19 years;Asia;Caribbean Netherlands;2011;5;1;4
8841;Total male and female;15 to 19 years;Asia;Caribbean Netherlands;2012;7;0;7
8842;Total male and female;15 to 19 years;Asia;Caribbean Netherlands;2013;7;1;6
8843;Total male and female;15 to 19 years;Asia;Caribbean Netherlands;2014;1;0;1
8844;Total male and female;15 to 19 years;Asia;Caribbean Netherlands;2015;4;0;4
8845;Total male and female;15 to 19 years;Asia;Caribbean Netherlands;2016;3;0;3
8846;Total male and female;15 to 19 years;Asia;Caribbean Netherlands;2017;4;1;3
8847;Total male and female;15 to 19 years;Asia;Caribbean Netherlands;2018;2;0;2
8848;Total male and female;15 to 19 years;Asia;Caribbean Netherlands;2019;0;2;-2
8849;Total male and female;15 to 19 years;Asia;Caribbean Netherlands;2020;0;1;-1
8850;Total male and female;15 to 19 years;Asia;Caribbean Netherlands;2021;0;0;0
8851;Total male and female;15 to 19 years;Asia;Caribbean Netherlands;2022;1;0;1
8852;Total male and female;15 to 19 years;Asia;Caribbean Netherlands;2023;1;0;1
8853;Total male and female;15 to 19 years;Asia;Bonaire;2011;5;0;5
8854;Total male and female;15 to 19 years;Asia;Bonaire;2012;7;0;7
8855;Total male and female;15 to 19 years;Asia;Bonaire;2013;5;0;5
8856;Total male and female;15 to 19 years;Asia;Bonaire;2014;1;0;1
8857;Total male and female;15 to 19 years;Asia;Bonaire;2015;4;0;4
8858;Total male and female;15 to 19 years;Asia;Bonaire;2016;3;0;3
8859;Total male and female;15 to 19 years;Asia;Bonaire;2017;4;0;4
8860;Total male and female;15 to 19 years;Asia;Bonaire;2018;1;0;1
8861;Total male and female;15 to 19 years;Asia;Bonaire;2019;0;2;-2
8862;Total male and female;15 to 19 years;Asia;Bonaire;2020;0;1;-1
8863;Total male and female;15 to 19 years;Asia;Bonaire;2021;0;0;0
8864;Total male and female;15 to 19 years;Asia;Bonaire;2022;0;0;0
8865;Total male and female;15 to 19 years;Asia;Bonaire;2023;1;0;1
8866;Total male and female;15 to 19 years;Asia;St Eustatius;2011;0;1;-1
8867;Total male and female;15 to 19 years;Asia;St Eustatius;2012;0;0;0
8868;Total male and female;15 to 19 years;Asia;St Eustatius;2013;2;1;1
8869;Total male and female;15 to 19 years;Asia;St Eustatius;2014;0;0;0
8870;Total male and female;15 to 19 years;Asia;St Eustatius;2015;0;0;0
8871;Total male and female;15 to 19 years;Asia;St Eustatius;2016;0;0;0
8872;Total male and female;15 to 19 years;Asia;St Eustatius;2017;0;1;-1
8873;Total male and female;15 to 19 years;Asia;St Eustatius;2018;1;0;1
8874;Total male and female;15 to 19 years;Asia;St Eustatius;2019;0;0;0
8875;Total male and female;15 to 19 years;Asia;St Eustatius;2020;0;0;0
8876;Total male and female;15 to 19 years;Asia;St Eustatius;2021;0;0;0
8877;Total male and female;15 to 19 years;Asia;St Eustatius;2022;0;0;0
8878;Total male and female;15 to 19 years;Asia;St Eustatius;2023;0;0;0
8879;Total male and female;15 to 19 years;Asia;Saba;2011;0;0;0
8880;Total male and female;15 to 19 years;Asia;Saba;2012;0;0;0
8881;Total male and female;15 to 19 years;Asia;Saba;2013;0;0;0
8882;Total male and female;15 to 19 years;Asia;Saba;2014;0;0;0
8883;Total male and female;15 to 19 years;Asia;Saba;2015;0;0;0
8884;Total male and female;15 to 19 years;Asia;Saba;2016;0;0;0
8885;Total male and female;15 to 19 years;Asia;Saba;2017;0;0;0
8886;Total male and female;15 to 19 years;Asia;Saba;2018;0;0;0
8887;Total male and female;15 to 19 years;Asia;Saba;2019;0;0;0
8888;Total male and female;15 to 19 years;Asia;Saba;2020;0;0;0
8889;Total male and female;15 to 19 years;Asia;Saba;2021;0;0;0
8890;Total male and female;15 to 19 years;Asia;Saba;2022;1;0;1
8891;Total male and female;15 to 19 years;Asia;Saba;2023;0;0;0
8892;Total male and female;15 to 19 years;Europe (including the Netherlands);Caribbean Netherlands;2011;20;15;5
8893;Total male and female;15 to 19 years;Europe (including the Netherlands);Caribbean Netherlands;2012;17;18;-1
8894;Total male and female;15 to 19 years;Europe (including the Netherlands);Caribbean Netherlands;2013;21;25;-4
8895;Total male and female;15 to 19 years;Europe (including the Netherlands);Caribbean Netherlands;2014;18;16;2
8896;Total male and female;15 to 19 years;Europe (including the Netherlands);Caribbean Netherlands;2015;19;29;-10
8897;Total male and female;15 to 19 years;Europe (including the Netherlands);Caribbean Netherlands;2016;19;39;-20
8898;Total male and female;15 to 19 years;Europe (including the Netherlands);Caribbean Netherlands;2017;8;35;-27
8899;Total male and female;15 to 19 years;Europe (including the Netherlands);Caribbean Netherlands;2018;15;39;-24
8900;Total male and female;15 to 19 years;Europe (including the Netherlands);Caribbean Netherlands;2019;24;54;-30
8901;Total male and female;15 to 19 years;Europe (including the Netherlands);Caribbean Netherlands;2020;25;30;-5
8902;Total male and female;15 to 19 years;Europe (including the Netherlands);Caribbean Netherlands;2021;28;34;-6
8903;Total male and female;15 to 19 years;Europe (including the Netherlands);Caribbean Netherlands;2022;29;33;-4
8904;Total male and female;15 to 19 years;Europe (including the Netherlands);Caribbean Netherlands;2023;18;36;-18
8905;Total male and female;15 to 19 years;Europe (including the Netherlands);Bonaire;2011;20;13;7
8906;Total male and female;15 to 19 years;Europe (including the Netherlands);Bonaire;2012;17;16;1
8907;Total male and female;15 to 19 years;Europe (including the Netherlands);Bonaire;2013;18;22;-4
8908;Total male and female;15 to 19 years;Europe (including the Netherlands);Bonaire;2014;17;14;3
8909;Total male and female;15 to 19 years;Europe (including the Netherlands);Bonaire;2015;17;25;-8
8910;Total male and female;15 to 19 years;Europe (including the Netherlands);Bonaire;2016;16;35;-19
8911;Total male and female;15 to 19 years;Europe (including the Netherlands);Bonaire;2017;6;27;-21
8912;Total male and female;15 to 19 years;Europe (including the Netherlands);Bonaire;2018;13;34;-21
8913;Total male and female;15 to 19 years;Europe (including the Netherlands);Bonaire;2019;22;42;-20
8914;Total male and female;15 to 19 years;Europe (including the Netherlands);Bonaire;2020;23;25;-2
8915;Total male and female;15 to 19 years;Europe (including the Netherlands);Bonaire;2021;27;29;-2
8916;Total male and female;15 to 19 years;Europe (including the Netherlands);Bonaire;2022;27;26;1
8917;Total male and female;15 to 19 years;Europe (including the Netherlands);Bonaire;2023;17;29;-12
8918;Total male and female;15 to 19 years;Europe (including the Netherlands);St Eustatius;2011;0;2;-2
8919;Total male and female;15 to 19 years;Europe (including the Netherlands);St Eustatius;2012;0;1;-1
8920;Total male and female;15 to 19 years;Europe (including the Netherlands);St Eustatius;2013;2;3;-1
8921;Total male and female;15 to 19 years;Europe (including the Netherlands);St Eustatius;2014;1;2;-1
8922;Total male and female;15 to 19 years;Europe (including the Netherlands);St Eustatius;2015;0;3;-3
8923;Total male and female;15 to 19 years;Europe (including the Netherlands);St Eustatius;2016;2;4;-2
8924;Total male and female;15 to 19 years;Europe (including the Netherlands);St Eustatius;2017;0;6;-6
8925;Total male and female;15 to 19 years;Europe (including the Netherlands);St Eustatius;2018;2;3;-1
8926;Total male and female;15 to 19 years;Europe (including the Netherlands);St Eustatius;2019;2;10;-8
8927;Total male and female;15 to 19 years;Europe (including the Netherlands);St Eustatius;2020;2;3;-1
8928;Total male and female;15 to 19 years;Europe (including the Netherlands);St Eustatius;2021;1;5;-4
8929;Total male and female;15 to 19 years;Europe (including the Netherlands);St Eustatius;2022;2;5;-3
8930;Total male and female;15 to 19 years;Europe (including the Netherlands);St Eustatius;2023;1;4;-3
8931;Total male and female;15 to 19 years;Europe (including the Netherlands);Saba;2011;0;0;0
8932;Total male and female;15 to 19 years;Europe (including the Netherlands);Saba;2012;0;1;-1
8933;Total male and female;15 to 19 years;Europe (including the Netherlands);Saba;2013;1;0;1
8934;Total male and female;15 to 19 years;Europe (including the Netherlands);Saba;2014;0;0;0
8935;Total male and female;15 to 19 years;Europe (including the Netherlands);Saba;2015;2;1;1
8936;Total male and female;15 to 19 years;Europe (including the Netherlands);Saba;2016;1;0;1
8937;Total male and female;15 to 19 years;Europe (including the Netherlands);Saba;2017;2;2;0
8938;Total male and female;15 to 19 years;Europe (including the Netherlands);Saba;2018;0;2;-2
8939;Total male and female;15 to 19 years;Europe (including the Netherlands);Saba;2019;0;2;-2
8940;Total male and female;15 to 19 years;Europe (including the Netherlands);Saba;2020;0;2;-2
8941;Total male and female;15 to 19 years;Europe (including the Netherlands);Saba;2021;0;0;0
8942;Total male and female;15 to 19 years;Europe (including the Netherlands);Saba;2022;0;2;-2
8943;Total male and female;15 to 19 years;Europe (including the Netherlands);Saba;2023;0;3;-3
8944;Total male and female;15 to 19 years;Europe (excluding the Netherlands);Caribbean Netherlands;2011;0;1;-1
8945;Total male and female;15 to 19 years;Europe (excluding the Netherlands);Caribbean Netherlands;2012;0;0;0
8946;Total male and female;15 to 19 years;Europe (excluding the Netherlands);Caribbean Netherlands;2013;2;0;2
8947;Total male and female;15 to 19 years;Europe (excluding the Netherlands);Caribbean Netherlands;2014;1;0;1
8948;Total male and female;15 to 19 years;Europe (excluding the Netherlands);Caribbean Netherlands;2015;2;1;1
8949;Total male and female;15 to 19 years;Europe (excluding the Netherlands);Caribbean Netherlands;2016;0;3;-3
8950;Total male and female;15 to 19 years;Europe (excluding the Netherlands);Caribbean Netherlands;2017;1;2;-1
8951;Total male and female;15 to 19 years;Europe (excluding the Netherlands);Caribbean Netherlands;2018;0;2;-2
8952;Total male and female;15 to 19 years;Europe (excluding the Netherlands);Caribbean Netherlands;2019;0;6;-6
8953;Total male and female;15 to 19 years;Europe (excluding the Netherlands);Caribbean Netherlands;2020;1;2;-1
8954;Total male and female;15 to 19 years;Europe (excluding the Netherlands);Caribbean Netherlands;2021;0;1;-1
8955;Total male and female;15 to 19 years;Europe (excluding the Netherlands);Caribbean Netherlands;2022;0;1;-1
8956;Total male and female;15 to 19 years;Europe (excluding the Netherlands);Caribbean Netherlands;2023;0;1;-1
8957;Total male and female;15 to 19 years;Europe (excluding the Netherlands);Bonaire;2011;0;1;-1
8958;Total male and female;15 to 19 years;Europe (excluding the Netherlands);Bonaire;2012;0;0;0
8959;Total male and female;15 to 19 years;Europe (excluding the Netherlands);Bonaire;2013;2;0;2
8960;Total male and female;15 to 19 years;Europe (excluding the Netherlands);Bonaire;2014;1;0;1
8961;Total male and female;15 to 19 years;Europe (excluding the Netherlands);Bonaire;2015;2;1;1
8962;Total male and female;15 to 19 years;Europe (excluding the Netherlands);Bonaire;2016;0;3;-3
8963;Total male and female;15 to 19 years;Europe (excluding the Netherlands);Bonaire;2017;0;2;-2
8964;Total male and female;15 to 19 years;Europe (excluding the Netherlands);Bonaire;2018;0;1;-1
8965;Total male and female;15 to 19 years;Europe (excluding the Netherlands);Bonaire;2019;0;4;-4
8966;Total male and female;15 to 19 years;Europe (excluding the Netherlands);Bonaire;2020;1;1;0
8967;Total male and female;15 to 19 years;Europe (excluding the Netherlands);Bonaire;2021;0;1;-1
8968;Total male and female;15 to 19 years;Europe (excluding the Netherlands);Bonaire;2022;0;0;0
8969;Total male and female;15 to 19 years;Europe (excluding the Netherlands);Bonaire;2023;0;0;0
8970;Total male and female;15 to 19 years;Europe (excluding the Netherlands);St Eustatius;2011;0;0;0
8971;Total male and female;15 to 19 years;Europe (excluding the Netherlands);St Eustatius;2012;0;0;0
8972;Total male and female;15 to 19 years;Europe (excluding the Netherlands);St Eustatius;2013;0;0;0
8973;Total male and female;15 to 19 years;Europe (excluding the Netherlands);St Eustatius;2014;0;0;0
8974;Total male and female;15 to 19 years;Europe (excluding the Netherlands);St Eustatius;2015;0;0;0
8975;Total male and female;15 to 19 years;Europe (excluding the Netherlands);St Eustatius;2016;0;0;0
8976;Total male and female;15 to 19 years;Europe (excluding the Netherlands);St Eustatius;2017;0;0;0
8977;Total male and female;15 to 19 years;Europe (excluding the Netherlands);St Eustatius;2018;0;0;0
8978;Total male and female;15 to 19 years;Europe (excluding the Netherlands);St Eustatius;2019;0;1;-1
8979;Total male and female;15 to 19 years;Europe (excluding the Netherlands);St Eustatius;2020;0;0;0
8980;Total male and female;15 to 19 years;Europe (excluding the Netherlands);St Eustatius;2021;0;0;0
8981;Total male and female;15 to 19 years;Europe (excluding the Netherlands);St Eustatius;2022;0;1;-1
8982;Total male and female;15 to 19 years;Europe (excluding the Netherlands);St Eustatius;2023;0;0;0
8983;Total male and female;15 to 19 years;Europe (excluding the Netherlands);Saba;2011;0;0;0
8984;Total male and female;15 to 19 years;Europe (excluding the Netherlands);Saba;2012;0;0;0
8985;Total male and female;15 to 19 years;Europe (excluding the Netherlands);Saba;2013;0;0;0
8986;Total male and female;15 to 19 years;Europe (excluding the Netherlands);Saba;2014;0;0;0
8987;Total male and female;15 to 19 years;Europe (excluding the Netherlands);Saba;2015;0;0;0
8988;Total male and female;15 to 19 years;Europe (excluding the Netherlands);Saba;2016;0;0;0
8989;Total male and female;15 to 19 years;Europe (excluding the Netherlands);Saba;2017;1;0;1
8990;Total male and female;15 to 19 years;Europe (excluding the Netherlands);Saba;2018;0;1;-1
8991;Total male and female;15 to 19 years;Europe (excluding the Netherlands);Saba;2019;0;1;-1
8992;Total male and female;15 to 19 years;Europe (excluding the Netherlands);Saba;2020;0;1;-1
8993;Total male and female;15 to 19 years;Europe (excluding the Netherlands);Saba;2021;0;0;0
8994;Total male and female;15 to 19 years;Europe (excluding the Netherlands);Saba;2022;0;0;0
8995;Total male and female;15 to 19 years;Europe (excluding the Netherlands);Saba;2023;0;1;-1
8996;Total male and female;15 to 19 years;Oceania;Caribbean Netherlands;2011;0;0;0
8997;Total male and female;15 to 19 years;Oceania;Caribbean Netherlands;2012;0;0;0
8998;Total male and female;15 to 19 years;Oceania;Caribbean Netherlands;2013;0;0;0
8999;Total male and female;15 to 19 years;Oceania;Caribbean Netherlands;2014;0;0;0
9000;Total male and female;15 to 19 years;Oceania;Caribbean Netherlands;2015;0;0;0
9001;Total male and female;15 to 19 years;Oceania;Caribbean Netherlands;2016;0;0;0
9002;Total male and female;15 to 19 years;Oceania;Caribbean Netherlands;2017;1;0;1
9003;Total male and female;15 to 19 years;Oceania;Caribbean Netherlands;2018;0;0;0
9004;Total male and female;15 to 19 years;Oceania;Caribbean Netherlands;2019;0;0;0
9005;Total male and female;15 to 19 years;Oceania;Caribbean Netherlands;2020;0;0;0
9006;Total male and female;15 to 19 years;Oceania;Caribbean Netherlands;2021;1;1;0
9007;Total male and female;15 to 19 years;Oceania;Caribbean Netherlands;2022;0;1;-1
9008;Total male and female;15 to 19 years;Oceania;Caribbean Netherlands;2023;0;0;0
9009;Total male and female;15 to 19 years;Oceania;Bonaire;2011;0;0;0
9010;Total male and female;15 to 19 years;Oceania;Bonaire;2012;0;0;0
9011;Total male and female;15 to 19 years;Oceania;Bonaire;2013;0;0;0
9012;Total male and female;15 to 19 years;Oceania;Bonaire;2014;0;0;0
9013;Total male and female;15 to 19 years;Oceania;Bonaire;2015;0;0;0
9014;Total male and female;15 to 19 years;Oceania;Bonaire;2016;0;0;0
9015;Total male and female;15 to 19 years;Oceania;Bonaire;2017;1;0;1
9016;Total male and female;15 to 19 years;Oceania;Bonaire;2018;0;0;0
9017;Total male and female;15 to 19 years;Oceania;Bonaire;2019;0;0;0
9018;Total male and female;15 to 19 years;Oceania;Bonaire;2020;0;0;0
9019;Total male and female;15 to 19 years;Oceania;Bonaire;2021;1;1;0
9020;Total male and female;15 to 19 years;Oceania;Bonaire;2022;0;1;-1
9021;Total male and female;15 to 19 years;Oceania;Bonaire;2023;0;0;0
9022;Total male and female;15 to 19 years;Oceania;St Eustatius;2011;0;0;0
9023;Total male and female;15 to 19 years;Oceania;St Eustatius;2012;0;0;0
9024;Total male and female;15 to 19 years;Oceania;St Eustatius;2013;0;0;0
9025;Total male and female;15 to 19 years;Oceania;St Eustatius;2014;0;0;0
9026;Total male and female;15 to 19 years;Oceania;St Eustatius;2015;0;0;0
9027;Total male and female;15 to 19 years;Oceania;St Eustatius;2016;0;0;0
9028;Total male and female;15 to 19 years;Oceania;St Eustatius;2017;0;0;0
9029;Total male and female;15 to 19 years;Oceania;St Eustatius;2018;0;0;0
9030;Total male and female;15 to 19 years;Oceania;St Eustatius;2019;0;0;0
9031;Total male and female;15 to 19 years;Oceania;St Eustatius;2020;0;0;0
9032;Total male and female;15 to 19 years;Oceania;St Eustatius;2021;0;0;0
9033;Total male and female;15 to 19 years;Oceania;St Eustatius;2022;0;0;0
9034;Total male and female;15 to 19 years;Oceania;St Eustatius;2023;0;0;0
9035;Total male and female;15 to 19 years;Oceania;Saba;2011;0;0;0
9036;Total male and female;15 to 19 years;Oceania;Saba;2012;0;0;0
9037;Total male and female;15 to 19 years;Oceania;Saba;2013;0;0;0
9038;Total male and female;15 to 19 years;Oceania;Saba;2014;0;0;0
9039;Total male and female;15 to 19 years;Oceania;Saba;2015;0;0;0
9040;Total male and female;15 to 19 years;Oceania;Saba;2016;0;0;0
9041;Total male and female;15 to 19 years;Oceania;Saba;2017;0;0;0
9042;Total male and female;15 to 19 years;Oceania;Saba;2018;0;0;0
9043;Total male and female;15 to 19 years;Oceania;Saba;2019;0;0;0
9044;Total male and female;15 to 19 years;Oceania;Saba;2020;0;0;0
9045;Total male and female;15 to 19 years;Oceania;Saba;2021;0;0;0
9046;Total male and female;15 to 19 years;Oceania;Saba;2022;0;0;0
9047;Total male and female;15 to 19 years;Oceania;Saba;2023;0;0;0
9048;Total male and female;15 to 19 years;Central and South America;Caribbean Netherlands;2011;50;119;-69
9049;Total male and female;15 to 19 years;Central and South America;Caribbean Netherlands;2012;48;109;-61
9050;Total male and female;15 to 19 years;Central and South America;Caribbean Netherlands;2013;58;85;-27
9051;Total male and female;15 to 19 years;Central and South America;Caribbean Netherlands;2014;41;82;-41
9052;Total male and female;15 to 19 years;Central and South America;Caribbean Netherlands;2015;47;87;-40
9053;Total male and female;15 to 19 years;Central and South America;Caribbean Netherlands;2016;49;72;-23
9054;Total male and female;15 to 19 years;Central and South America;Caribbean Netherlands;2017;48;92;-44
9055;Total male and female;15 to 19 years;Central and South America;Caribbean Netherlands;2018;48;109;-61
9056;Total male and female;15 to 19 years;Central and South America;Caribbean Netherlands;2019;39;74;-35
9057;Total male and female;15 to 19 years;Central and South America;Caribbean Netherlands;2020;47;57;-10
9058;Total male and female;15 to 19 years;Central and South America;Caribbean Netherlands;2021;60;57;3
9059;Total male and female;15 to 19 years;Central and South America;Caribbean Netherlands;2022;58;71;-13
9060;Total male and female;15 to 19 years;Central and South America;Caribbean Netherlands;2023;71;99;-28
9061;Total male and female;15 to 19 years;Central and South America;Bonaire;2011;42;85;-43
9062;Total male and female;15 to 19 years;Central and South America;Bonaire;2012;34;80;-46
9063;Total male and female;15 to 19 years;Central and South America;Bonaire;2013;49;49;0
9064;Total male and female;15 to 19 years;Central and South America;Bonaire;2014;32;49;-17
9065;Total male and female;15 to 19 years;Central and South America;Bonaire;2015;37;54;-17
9066;Total male and female;15 to 19 years;Central and South America;Bonaire;2016;34;56;-22
9067;Total male and female;15 to 19 years;Central and South America;Bonaire;2017;40;71;-31
9068;Total male and female;15 to 19 years;Central and South America;Bonaire;2018;37;58;-21
9069;Total male and female;15 to 19 years;Central and South America;Bonaire;2019;30;59;-29
9070;Total male and female;15 to 19 years;Central and South America;Bonaire;2020;38;48;-10
9071;Total male and female;15 to 19 years;Central and South America;Bonaire;2021;46;45;1
9072;Total male and female;15 to 19 years;Central and South America;Bonaire;2022;53;45;8
9073;Total male and female;15 to 19 years;Central and South America;Bonaire;2023;57;65;-8
9074;Total male and female;15 to 19 years;Central and South America;St Eustatius;2011;6;25;-19
9075;Total male and female;15 to 19 years;Central and South America;St Eustatius;2012;8;22;-14
9076;Total male and female;15 to 19 years;Central and South America;St Eustatius;2013;4;32;-28
9077;Total male and female;15 to 19 years;Central and South America;St Eustatius;2014;8;28;-20
9078;Total male and female;15 to 19 years;Central and South America;St Eustatius;2015;9;27;-18
9079;Total male and female;15 to 19 years;Central and South America;St Eustatius;2016;12;12;0
9080;Total male and female;15 to 19 years;Central and South America;St Eustatius;2017;6;14;-8
9081;Total male and female;15 to 19 years;Central and South America;St Eustatius;2018;8;43;-35
9082;Total male and female;15 to 19 years;Central and South America;St Eustatius;2019;7;9;-2
9083;Total male and female;15 to 19 years;Central and South America;St Eustatius;2020;9;9;0
9084;Total male and female;15 to 19 years;Central and South America;St Eustatius;2021;11;8;3
9085;Total male and female;15 to 19 years;Central and South America;St Eustatius;2022;4;19;-15
9086;Total male and female;15 to 19 years;Central and South America;St Eustatius;2023;6;30;-24
9087;Total male and female;15 to 19 years;Central and South America;Saba;2011;2;9;-7
9088;Total male and female;15 to 19 years;Central and South America;Saba;2012;6;7;-1
9089;Total male and female;15 to 19 years;Central and South America;Saba;2013;5;4;1
9090;Total male and female;15 to 19 years;Central and South America;Saba;2014;1;5;-4
9091;Total male and female;15 to 19 years;Central and South America;Saba;2015;1;6;-5
9092;Total male and female;15 to 19 years;Central and South America;Saba;2016;3;4;-1
9093;Total male and female;15 to 19 years;Central and South America;Saba;2017;2;7;-5
9094;Total male and female;15 to 19 years;Central and South America;Saba;2018;3;8;-5
9095;Total male and female;15 to 19 years;Central and South America;Saba;2019;2;6;-4
9096;Total male and female;15 to 19 years;Central and South America;Saba;2020;0;0;0
9097;Total male and female;15 to 19 years;Central and South America;Saba;2021;3;4;-1
9098;Total male and female;15 to 19 years;Central and South America;Saba;2022;1;7;-6
9099;Total male and female;15 to 19 years;Central and South America;Saba;2023;8;4;4
9100;Total male and female;15 to 19 years;North America;Caribbean Netherlands;2011;3;0;3
9101;Total male and female;15 to 19 years;North America;Caribbean Netherlands;2012;4;0;4
9102;Total male and female;15 to 19 years;North America;Caribbean Netherlands;2013;2;3;-1
9103;Total male and female;15 to 19 years;North America;Caribbean Netherlands;2014;0;4;-4
9104;Total male and female;15 to 19 years;North America;Caribbean Netherlands;2015;0;5;-5
9105;Total male and female;15 to 19 years;North America;Caribbean Netherlands;2016;1;1;0
9106;Total male and female;15 to 19 years;North America;Caribbean Netherlands;2017;1;3;-2
9107;Total male and female;15 to 19 years;North America;Caribbean Netherlands;2018;0;0;0
9108;Total male and female;15 to 19 years;North America;Caribbean Netherlands;2019;1;1;0
9109;Total male and female;15 to 19 years;North America;Caribbean Netherlands;2020;0;0;0
9110;Total male and female;15 to 19 years;North America;Caribbean Netherlands;2021;1;1;0
9111;Total male and female;15 to 19 years;North America;Caribbean Netherlands;2022;3;1;2
9112;Total male and female;15 to 19 years;North America;Caribbean Netherlands;2023;0;2;-2
9113;Total male and female;15 to 19 years;North America;Bonaire;2011;3;0;3
9114;Total male and female;15 to 19 years;North America;Bonaire;2012;2;0;2
9115;Total male and female;15 to 19 years;North America;Bonaire;2013;0;0;0
9116;Total male and female;15 to 19 years;North America;Bonaire;2014;0;2;-2
9117;Total male and female;15 to 19 years;North America;Bonaire;2015;0;2;-2
9118;Total male and female;15 to 19 years;North America;Bonaire;2016;1;1;0
9119;Total male and female;15 to 19 years;North America;Bonaire;2017;1;2;-1
9120;Total male and female;15 to 19 years;North America;Bonaire;2018;0;0;0
9121;Total male and female;15 to 19 years;North America;Bonaire;2019;1;1;0
9122;Total male and female;15 to 19 years;North America;Bonaire;2020;0;0;0
9123;Total male and female;15 to 19 years;North America;Bonaire;2021;1;1;0
9124;Total male and female;15 to 19 years;North America;Bonaire;2022;2;0;2
9125;Total male and female;15 to 19 years;North America;Bonaire;2023;0;1;-1
9126;Total male and female;15 to 19 years;North America;St Eustatius;2011;0;0;0
9127;Total male and female;15 to 19 years;North America;St Eustatius;2012;2;0;2
9128;Total male and female;15 to 19 years;North America;St Eustatius;2013;2;3;-1
9129;Total male and female;15 to 19 years;North America;St Eustatius;2014;0;2;-2
9130;Total male and female;15 to 19 years;North America;St Eustatius;2015;0;3;-3
9131;Total male and female;15 to 19 years;North America;St Eustatius;2016;0;0;0
9132;Total male and female;15 to 19 years;North America;St Eustatius;2017;0;1;-1
9133;Total male and female;15 to 19 years;North America;St Eustatius;2018;0;0;0
9134;Total male and female;15 to 19 years;North America;St Eustatius;2019;0;0;0
9135;Total male and female;15 to 19 years;North America;St Eustatius;2020;0;0;0
9136;Total male and female;15 to 19 years;North America;St Eustatius;2021;0;0;0
9137;Total male and female;15 to 19 years;North America;St Eustatius;2022;1;1;0
9138;Total male and female;15 to 19 years;North America;St Eustatius;2023;0;1;-1
9139;Total male and female;15 to 19 years;North America;Saba;2011;0;0;0
9140;Total male and female;15 to 19 years;North America;Saba;2012;0;0;0
9141;Total male and female;15 to 19 years;North America;Saba;2013;0;0;0
9142;Total male and female;15 to 19 years;North America;Saba;2014;0;0;0
9143;Total male and female;15 to 19 years;North America;Saba;2015;0;0;0
9144;Total male and female;15 to 19 years;North America;Saba;2016;0;0;0
9145;Total male and female;15 to 19 years;North America;Saba;2017;0;0;0
9146;Total male and female;15 to 19 years;North America;Saba;2018;0;0;0
9147;Total male and female;15 to 19 years;North America;Saba;2019;0;0;0
9148;Total male and female;15 to 19 years;North America;Saba;2020;0;0;0
9149;Total male and female;15 to 19 years;North America;Saba;2021;0;0;0
9150;Total male and female;15 to 19 years;North America;Saba;2022;0;0;0
9151;Total male and female;15 to 19 years;North America;Saba;2023;0;0;0
9152;Total male and female;15 to 19 years;Aruba, Curaçao, St Maarten;Caribbean Netherlands;2011;19;40;-21
9153;Total male and female;15 to 19 years;Aruba, Curaçao, St Maarten;Caribbean Netherlands;2012;19;45;-26
9154;Total male and female;15 to 19 years;Aruba, Curaçao, St Maarten;Caribbean Netherlands;2013;21;33;-12
9155;Total male and female;15 to 19 years;Aruba, Curaçao, St Maarten;Caribbean Netherlands;2014;21;32;-11
9156;Total male and female;15 to 19 years;Aruba, Curaçao, St Maarten;Caribbean Netherlands;2015;22;43;-21
9157;Total male and female;15 to 19 years;Aruba, Curaçao, St Maarten;Caribbean Netherlands;2016;25;31;-6
9158;Total male and female;15 to 19 years;Aruba, Curaçao, St Maarten;Caribbean Netherlands;2017;22;43;-21
9159;Total male and female;15 to 19 years;Aruba, Curaçao, St Maarten;Caribbean Netherlands;2018;13;48;-35
9160;Total male and female;15 to 19 years;Aruba, Curaçao, St Maarten;Caribbean Netherlands;2019;14;32;-18
9161;Total male and female;15 to 19 years;Aruba, Curaçao, St Maarten;Caribbean Netherlands;2020;23;23;0
9162;Total male and female;15 to 19 years;Aruba, Curaçao, St Maarten;Caribbean Netherlands;2021;21;24;-3
9163;Total male and female;15 to 19 years;Aruba, Curaçao, St Maarten;Caribbean Netherlands;2022;28;29;-1
9164;Total male and female;15 to 19 years;Aruba, Curaçao, St Maarten;Caribbean Netherlands;2023;22;43;-21
9165;Total male and female;15 to 19 years;Aruba, Curaçao, St Maarten;Bonaire;2011;16;33;-17
9166;Total male and female;15 to 19 years;Aruba, Curaçao, St Maarten;Bonaire;2012;17;37;-20
9167;Total male and female;15 to 19 years;Aruba, Curaçao, St Maarten;Bonaire;2013;20;24;-4
9168;Total male and female;15 to 19 years;Aruba, Curaçao, St Maarten;Bonaire;2014;18;24;-6
9169;Total male and female;15 to 19 years;Aruba, Curaçao, St Maarten;Bonaire;2015;18;34;-16
9170;Total male and female;15 to 19 years;Aruba, Curaçao, St Maarten;Bonaire;2016;17;26;-9
9171;Total male and female;15 to 19 years;Aruba, Curaçao, St Maarten;Bonaire;2017;18;36;-18
9172;Total male and female;15 to 19 years;Aruba, Curaçao, St Maarten;Bonaire;2018;8;32;-24
9173;Total male and female;15 to 19 years;Aruba, Curaçao, St Maarten;Bonaire;2019;13;27;-14
9174;Total male and female;15 to 19 years;Aruba, Curaçao, St Maarten;Bonaire;2020;19;19;0
9175;Total male and female;15 to 19 years;Aruba, Curaçao, St Maarten;Bonaire;2021;18;21;-3
9176;Total male and female;15 to 19 years;Aruba, Curaçao, St Maarten;Bonaire;2022;26;18;8
9177;Total male and female;15 to 19 years;Aruba, Curaçao, St Maarten;Bonaire;2023;18;25;-7
9178;Total male and female;15 to 19 years;Aruba, Curaçao, St Maarten;St Eustatius;2011;2;5;-3
9179;Total male and female;15 to 19 years;Aruba, Curaçao, St Maarten;St Eustatius;2012;2;6;-4
9180;Total male and female;15 to 19 years;Aruba, Curaçao, St Maarten;St Eustatius;2013;1;9;-8
9181;Total male and female;15 to 19 years;Aruba, Curaçao, St Maarten;St Eustatius;2014;2;8;-6
9182;Total male and female;15 to 19 years;Aruba, Curaçao, St Maarten;St Eustatius;2015;3;5;-2
9183;Total male and female;15 to 19 years;Aruba, Curaçao, St Maarten;St Eustatius;2016;6;3;3
9184;Total male and female;15 to 19 years;Aruba, Curaçao, St Maarten;St Eustatius;2017;3;4;-1
9185;Total male and female;15 to 19 years;Aruba, Curaçao, St Maarten;St Eustatius;2018;4;11;-7
9186;Total male and female;15 to 19 years;Aruba, Curaçao, St Maarten;St Eustatius;2019;1;3;-2
9187;Total male and female;15 to 19 years;Aruba, Curaçao, St Maarten;St Eustatius;2020;4;4;0
9188;Total male and female;15 to 19 years;Aruba, Curaçao, St Maarten;St Eustatius;2021;1;2;-1
9189;Total male and female;15 to 19 years;Aruba, Curaçao, St Maarten;St Eustatius;2022;1;7;-6
9190;Total male and female;15 to 19 years;Aruba, Curaçao, St Maarten;St Eustatius;2023;3;15;-12
9191;Total male and female;15 to 19 years;Aruba, Curaçao, St Maarten;Saba;2011;1;2;-1
9192;Total male and female;15 to 19 years;Aruba, Curaçao, St Maarten;Saba;2012;0;2;-2
9193;Total male and female;15 to 19 years;Aruba, Curaçao, St Maarten;Saba;2013;0;0;0
9194;Total male and female;15 to 19 years;Aruba, Curaçao, St Maarten;Saba;2014;1;0;1
9195;Total male and female;15 to 19 years;Aruba, Curaçao, St Maarten;Saba;2015;1;4;-3
9196;Total male and female;15 to 19 years;Aruba, Curaçao, St Maarten;Saba;2016;2;2;0
9197;Total male and female;15 to 19 years;Aruba, Curaçao, St Maarten;Saba;2017;1;3;-2
9198;Total male and female;15 to 19 years;Aruba, Curaçao, St Maarten;Saba;2018;1;5;-4
9199;Total male and female;15 to 19 years;Aruba, Curaçao, St Maarten;Saba;2019;0;2;-2
9200;Total male and female;15 to 19 years;Aruba, Curaçao, St Maarten;Saba;2020;0;0;0
9201;Total male and female;15 to 19 years;Aruba, Curaçao, St Maarten;Saba;2021;2;1;1
9202;Total male and female;15 to 19 years;Aruba, Curaçao, St Maarten;Saba;2022;1;4;-3
9203;Total male and female;15 to 19 years;Aruba, Curaçao, St Maarten;Saba;2023;1;3;-2
9204;Total male and female;15 to 19 years;Caribbean Netherlands;Caribbean Netherlands;2011;16;60;-44
9205;Total male and female;15 to 19 years;Caribbean Netherlands;Caribbean Netherlands;2012;16;53;-37
9206;Total male and female;15 to 19 years;Caribbean Netherlands;Caribbean Netherlands;2013;16;38;-22
9207;Total male and female;15 to 19 years;Caribbean Netherlands;Caribbean Netherlands;2014;10;34;-24
9208;Total male and female;15 to 19 years;Caribbean Netherlands;Caribbean Netherlands;2015;9;33;-24
9209;Total male and female;15 to 19 years;Caribbean Netherlands;Caribbean Netherlands;2016;11;30;-19
9210;Total male and female;15 to 19 years;Caribbean Netherlands;Caribbean Netherlands;2017;9;27;-18
9211;Total male and female;15 to 19 years;Caribbean Netherlands;Caribbean Netherlands;2018;7;45;-38
9212;Total male and female;15 to 19 years;Caribbean Netherlands;Caribbean Netherlands;2019;7;29;-22
9213;Total male and female;15 to 19 years;Caribbean Netherlands;Caribbean Netherlands;2020;12;29;-17
9214;Total male and female;15 to 19 years;Caribbean Netherlands;Caribbean Netherlands;2021;10;26;-16
9215;Total male and female;15 to 19 years;Caribbean Netherlands;Caribbean Netherlands;2022;6;37;-31
9216;Total male and female;15 to 19 years;Caribbean Netherlands;Caribbean Netherlands;2023;12;44;-32
9217;Total male and female;15 to 19 years;Caribbean Netherlands;Bonaire;2011;14;43;-29
9218;Total male and female;15 to 19 years;Caribbean Netherlands;Bonaire;2012;10;35;-25
9219;Total male and female;15 to 19 years;Caribbean Netherlands;Bonaire;2013;12;20;-8
9220;Total male and female;15 to 19 years;Caribbean Netherlands;Bonaire;2014;6;18;-12
9221;Total male and female;15 to 19 years;Caribbean Netherlands;Bonaire;2015;7;16;-9
9222;Total male and female;15 to 19 years;Caribbean Netherlands;Bonaire;2016;7;24;-17
9223;Total male and female;15 to 19 years;Caribbean Netherlands;Bonaire;2017;7;18;-11
9224;Total male and female;15 to 19 years;Caribbean Netherlands;Bonaire;2018;7;18;-11
9225;Total male and female;15 to 19 years;Caribbean Netherlands;Bonaire;2019;3;22;-19
9226;Total male and female;15 to 19 years;Caribbean Netherlands;Bonaire;2020;9;24;-15
9227;Total male and female;15 to 19 years;Caribbean Netherlands;Bonaire;2021;6;19;-13
9228;Total male and female;15 to 19 years;Caribbean Netherlands;Bonaire;2022;5;25;-20
9229;Total male and female;15 to 19 years;Caribbean Netherlands;Bonaire;2023;9;34;-25
9230;Total male and female;15 to 19 years;Caribbean Netherlands;St Eustatius;2011;2;15;-13
9231;Total male and female;15 to 19 years;Caribbean Netherlands;St Eustatius;2012;5;14;-9
9232;Total male and female;15 to 19 years;Caribbean Netherlands;St Eustatius;2013;2;17;-15
9233;Total male and female;15 to 19 years;Caribbean Netherlands;St Eustatius;2014;4;13;-9
9234;Total male and female;15 to 19 years;Caribbean Netherlands;St Eustatius;2015;2;16;-14
9235;Total male and female;15 to 19 years;Caribbean Netherlands;St Eustatius;2016;4;5;-1
9236;Total male and female;15 to 19 years;Caribbean Netherlands;St Eustatius;2017;2;8;-6
9237;Total male and female;15 to 19 years;Caribbean Netherlands;St Eustatius;2018;0;25;-25
9238;Total male and female;15 to 19 years;Caribbean Netherlands;St Eustatius;2019;4;5;-1
9239;Total male and female;15 to 19 years;Caribbean Netherlands;St Eustatius;2020;3;5;-2
9240;Total male and female;15 to 19 years;Caribbean Netherlands;St Eustatius;2021;3;5;-2
9241;Total male and female;15 to 19 years;Caribbean Netherlands;St Eustatius;2022;1;10;-9
9242;Total male and female;15 to 19 years;Caribbean Netherlands;St Eustatius;2023;2;9;-7
9243;Total male and female;15 to 19 years;Caribbean Netherlands;Saba;2011;0;2;-2
9244;Total male and female;15 to 19 years;Caribbean Netherlands;Saba;2012;1;4;-3
9245;Total male and female;15 to 19 years;Caribbean Netherlands;Saba;2013;2;1;1
9246;Total male and female;15 to 19 years;Caribbean Netherlands;Saba;2014;0;3;-3
9247;Total male and female;15 to 19 years;Caribbean Netherlands;Saba;2015;0;1;-1
9248;Total male and female;15 to 19 years;Caribbean Netherlands;Saba;2016;0;1;-1
9249;Total male and female;15 to 19 years;Caribbean Netherlands;Saba;2017;0;1;-1
9250;Total male and female;15 to 19 years;Caribbean Netherlands;Saba;2018;0;2;-2
9251;Total male and female;15 to 19 years;Caribbean Netherlands;Saba;2019;0;2;-2
9252;Total male and female;15 to 19 years;Caribbean Netherlands;Saba;2020;0;0;0
9253;Total male and female;15 to 19 years;Caribbean Netherlands;Saba;2021;1;2;-1
9254;Total male and female;15 to 19 years;Caribbean Netherlands;Saba;2022;0;2;-2
9255;Total male and female;15 to 19 years;Caribbean Netherlands;Saba;2023;1;1;0
9256;Total male and female;15 to 19 years;European Union (including Netherlands);Caribbean Netherlands;2011;20;15;5
9257;Total male and female;15 to 19 years;European Union (including Netherlands);Caribbean Netherlands;2012;17;18;-1
9258;Total male and female;15 to 19 years;European Union (including Netherlands);Caribbean Netherlands;2013;21;25;-4
9259;Total male and female;15 to 19 years;European Union (including Netherlands);Caribbean Netherlands;2014;18;16;2
9260;Total male and female;15 to 19 years;European Union (including Netherlands);Caribbean Netherlands;2015;18;29;-11
9261;Total male and female;15 to 19 years;European Union (including Netherlands);Caribbean Netherlands;2016;19;39;-20
9262;Total male and female;15 to 19 years;European Union (including Netherlands);Caribbean Netherlands;2017;8;35;-27
9263;Total male and female;15 to 19 years;European Union (including Netherlands);Caribbean Netherlands;2018;15;39;-24
9264;Total male and female;15 to 19 years;European Union (including Netherlands);Caribbean Netherlands;2019;24;52;-28
9265;Total male and female;15 to 19 years;European Union (including Netherlands);Caribbean Netherlands;2020;25;29;-4
9266;Total male and female;15 to 19 years;European Union (including Netherlands);Caribbean Netherlands;2021;28;34;-6
9267;Total male and female;15 to 19 years;European Union (including Netherlands);Caribbean Netherlands;2022;29;33;-4
9268;Total male and female;15 to 19 years;European Union (including Netherlands);Caribbean Netherlands;2023;18;36;-18
9269;Total male and female;15 to 19 years;European Union (including Netherlands);Bonaire;2011;20;13;7
9270;Total male and female;15 to 19 years;European Union (including Netherlands);Bonaire;2012;17;16;1
9271;Total male and female;15 to 19 years;European Union (including Netherlands);Bonaire;2013;18;22;-4
9272;Total male and female;15 to 19 years;European Union (including Netherlands);Bonaire;2014;17;14;3
9273;Total male and female;15 to 19 years;European Union (including Netherlands);Bonaire;2015;16;25;-9
9274;Total male and female;15 to 19 years;European Union (including Netherlands);Bonaire;2016;16;35;-19
9275;Total male and female;15 to 19 years;European Union (including Netherlands);Bonaire;2017;6;27;-21
9276;Total male and female;15 to 19 years;European Union (including Netherlands);Bonaire;2018;13;34;-21
9277;Total male and female;15 to 19 years;European Union (including Netherlands);Bonaire;2019;22;40;-18
9278;Total male and female;15 to 19 years;European Union (including Netherlands);Bonaire;2020;23;24;-1
9279;Total male and female;15 to 19 years;European Union (including Netherlands);Bonaire;2021;27;29;-2
9280;Total male and female;15 to 19 years;European Union (including Netherlands);Bonaire;2022;27;26;1
9281;Total male and female;15 to 19 years;European Union (including Netherlands);Bonaire;2023;17;29;-12
9282;Total male and female;15 to 19 years;European Union (including Netherlands);St Eustatius;2011;0;2;-2
9283;Total male and female;15 to 19 years;European Union (including Netherlands);St Eustatius;2012;0;1;-1
9284;Total male and female;15 to 19 years;European Union (including Netherlands);St Eustatius;2013;2;3;-1
9285;Total male and female;15 to 19 years;European Union (including Netherlands);St Eustatius;2014;1;2;-1
9286;Total male and female;15 to 19 years;European Union (including Netherlands);St Eustatius;2015;0;3;-3
9287;Total male and female;15 to 19 years;European Union (including Netherlands);St Eustatius;2016;2;4;-2
9288;Total male and female;15 to 19 years;European Union (including Netherlands);St Eustatius;2017;0;6;-6
9289;Total male and female;15 to 19 years;European Union (including Netherlands);St Eustatius;2018;2;3;-1
9290;Total male and female;15 to 19 years;European Union (including Netherlands);St Eustatius;2019;2;10;-8
9291;Total male and female;15 to 19 years;European Union (including Netherlands);St Eustatius;2020;2;3;-1
9292;Total male and female;15 to 19 years;European Union (including Netherlands);St Eustatius;2021;1;5;-4
9293;Total male and female;15 to 19 years;European Union (including Netherlands);St Eustatius;2022;2;5;-3
9294;Total male and female;15 to 19 years;European Union (including Netherlands);St Eustatius;2023;1;4;-3
9295;Total male and female;15 to 19 years;European Union (including Netherlands);Saba;2011;0;0;0
9296;Total male and female;15 to 19 years;European Union (including Netherlands);Saba;2012;0;1;-1
9297;Total male and female;15 to 19 years;European Union (including Netherlands);Saba;2013;1;0;1
9298;Total male and female;15 to 19 years;European Union (including Netherlands);Saba;2014;0;0;0
9299;Total male and female;15 to 19 years;European Union (including Netherlands);Saba;2015;2;1;1
9300;Total male and female;15 to 19 years;European Union (including Netherlands);Saba;2016;1;0;1
9301;Total male and female;15 to 19 years;European Union (including Netherlands);Saba;2017;2;2;0
9302;Total male and female;15 to 19 years;European Union (including Netherlands);Saba;2018;0;2;-2
9303;Total male and female;15 to 19 years;European Union (including Netherlands);Saba;2019;0;2;-2
9304;Total male and female;15 to 19 years;European Union (including Netherlands);Saba;2020;0;2;-2
9305;Total male and female;15 to 19 years;European Union (including Netherlands);Saba;2021;0;0;0
9306;Total male and female;15 to 19 years;European Union (including Netherlands);Saba;2022;0;2;-2
9307;Total male and female;15 to 19 years;European Union (including Netherlands);Saba;2023;0;3;-3
9308;Total male and female;15 to 19 years;European Union (excluding Netherlands);Caribbean Netherlands;2011;0;1;-1
9309;Total male and female;15 to 19 years;European Union (excluding Netherlands);Caribbean Netherlands;2012;0;0;0
9310;Total male and female;15 to 19 years;European Union (excluding Netherlands);Caribbean Netherlands;2013;2;0;2
9311;Total male and female;15 to 19 years;European Union (excluding Netherlands);Caribbean Netherlands;2014;1;0;1
9312;Total male and female;15 to 19 years;European Union (excluding Netherlands);Caribbean Netherlands;2015;1;1;0
9313;Total male and female;15 to 19 years;European Union (excluding Netherlands);Caribbean Netherlands;2016;0;3;-3
9314;Total male and female;15 to 19 years;European Union (excluding Netherlands);Caribbean Netherlands;2017;1;2;-1
9315;Total male and female;15 to 19 years;European Union (excluding Netherlands);Caribbean Netherlands;2018;0;2;-2
9316;Total male and female;15 to 19 years;European Union (excluding Netherlands);Caribbean Netherlands;2019;0;4;-4
9317;Total male and female;15 to 19 years;European Union (excluding Netherlands);Caribbean Netherlands;2020;1;1;0
9318;Total male and female;15 to 19 years;European Union (excluding Netherlands);Caribbean Netherlands;2021;0;1;-1
9319;Total male and female;15 to 19 years;European Union (excluding Netherlands);Caribbean Netherlands;2022;0;1;-1
9320;Total male and female;15 to 19 years;European Union (excluding Netherlands);Caribbean Netherlands;2023;0;1;-1
9321;Total male and female;15 to 19 years;European Union (excluding Netherlands);Bonaire;2011;0;1;-1
9322;Total male and female;15 to 19 years;European Union (excluding Netherlands);Bonaire;2012;0;0;0
9323;Total male and female;15 to 19 years;European Union (excluding Netherlands);Bonaire;2013;2;0;2
9324;Total male and female;15 to 19 years;European Union (excluding Netherlands);Bonaire;2014;1;0;1
9325;Total male and female;15 to 19 years;European Union (excluding Netherlands);Bonaire;2015;1;1;0
9326;Total male and female;15 to 19 years;European Union (excluding Netherlands);Bonaire;2016;0;3;-3
9327;Total male and female;15 to 19 years;European Union (excluding Netherlands);Bonaire;2017;0;2;-2
9328;Total male and female;15 to 19 years;European Union (excluding Netherlands);Bonaire;2018;0;1;-1
9329;Total male and female;15 to 19 years;European Union (excluding Netherlands);Bonaire;2019;0;2;-2
9330;Total male and female;15 to 19 years;European Union (excluding Netherlands);Bonaire;2020;1;0;1
9331;Total male and female;15 to 19 years;European Union (excluding Netherlands);Bonaire;2021;0;1;-1
9332;Total male and female;15 to 19 years;European Union (excluding Netherlands);Bonaire;2022;0;0;0
9333;Total male and female;15 to 19 years;European Union (excluding Netherlands);Bonaire;2023;0;0;0
9334;Total male and female;15 to 19 years;European Union (excluding Netherlands);St Eustatius;2011;0;0;0
9335;Total male and female;15 to 19 years;European Union (excluding Netherlands);St Eustatius;2012;0;0;0
9336;Total male and female;15 to 19 years;European Union (excluding Netherlands);St Eustatius;2013;0;0;0
9337;Total male and female;15 to 19 years;European Union (excluding Netherlands);St Eustatius;2014;0;0;0
9338;Total male and female;15 to 19 years;European Union (excluding Netherlands);St Eustatius;2015;0;0;0
9339;Total male and female;15 to 19 years;European Union (excluding Netherlands);St Eustatius;2016;0;0;0
9340;Total male and female;15 to 19 years;European Union (excluding Netherlands);St Eustatius;2017;0;0;0
9341;Total male and female;15 to 19 years;European Union (excluding Netherlands);St Eustatius;2018;0;0;0
9342;Total male and female;15 to 19 years;European Union (excluding Netherlands);St Eustatius;2019;0;1;-1
9343;Total male and female;15 to 19 years;European Union (excluding Netherlands);St Eustatius;2020;0;0;0
9344;Total male and female;15 to 19 years;European Union (excluding Netherlands);St Eustatius;2021;0;0;0
9345;Total male and female;15 to 19 years;European Union (excluding Netherlands);St Eustatius;2022;0;1;-1
9346;Total male and female;15 to 19 years;European Union (excluding Netherlands);St Eustatius;2023;0;0;0
9347;Total male and female;15 to 19 years;European Union (excluding Netherlands);Saba;2011;0;0;0
9348;Total male and female;15 to 19 years;European Union (excluding Netherlands);Saba;2012;0;0;0
9349;Total male and female;15 to 19 years;European Union (excluding Netherlands);Saba;2013;0;0;0
9350;Total male and female;15 to 19 years;European Union (excluding Netherlands);Saba;2014;0;0;0
9351;Total male and female;15 to 19 years;European Union (excluding Netherlands);Saba;2015;0;0;0
9352;Total male and female;15 to 19 years;European Union (excluding Netherlands);Saba;2016;0;0;0
9353;Total male and female;15 to 19 years;European Union (excluding Netherlands);Saba;2017;1;0;1
9354;Total male and female;15 to 19 years;European Union (excluding Netherlands);Saba;2018;0;1;-1
9355;Total male and female;15 to 19 years;European Union (excluding Netherlands);Saba;2019;0;1;-1
9356;Total male and female;15 to 19 years;European Union (excluding Netherlands);Saba;2020;0;1;-1
9357;Total male and female;15 to 19 years;European Union (excluding Netherlands);Saba;2021;0;0;0
9358;Total male and female;15 to 19 years;European Union (excluding Netherlands);Saba;2022;0;0;0
9359;Total male and female;15 to 19 years;European Union (excluding Netherlands);Saba;2023;0;1;-1
9360;Total male and female;15 to 19 years;Central and South America (excl Dutch..);Caribbean Netherlands;2011;15;19;-4
9361;Total male and female;15 to 19 years;Central and South America (excl Dutch..);Caribbean Netherlands;2012;13;11;2
9362;Total male and female;15 to 19 years;Central and South America (excl Dutch..);Caribbean Netherlands;2013;21;14;7
9363;Total male and female;15 to 19 years;Central and South America (excl Dutch..);Caribbean Netherlands;2014;10;16;-6
9364;Total male and female;15 to 19 years;Central and South America (excl Dutch..);Caribbean Netherlands;2015;16;11;5
9365;Total male and female;15 to 19 years;Central and South America (excl Dutch..);Caribbean Netherlands;2016;13;11;2
9366;Total male and female;15 to 19 years;Central and South America (excl Dutch..);Caribbean Netherlands;2017;17;22;-5
9367;Total male and female;15 to 19 years;Central and South America (excl Dutch..);Caribbean Netherlands;2018;28;16;12
9368;Total male and female;15 to 19 years;Central and South America (excl Dutch..);Caribbean Netherlands;2019;18;13;5
9369;Total male and female;15 to 19 years;Central and South America (excl Dutch..);Caribbean Netherlands;2020;12;5;7
9370;Total male and female;15 to 19 years;Central and South America (excl Dutch..);Caribbean Netherlands;2021;29;7;22
9371;Total male and female;15 to 19 years;Central and South America (excl Dutch..);Caribbean Netherlands;2022;24;5;19
9372;Total male and female;15 to 19 years;Central and South America (excl Dutch..);Caribbean Netherlands;2023;37;12;25
9373;Total male and female;15 to 19 years;Central and South America (excl Dutch..);Bonaire;2011;12;9;3
9374;Total male and female;15 to 19 years;Central and South America (excl Dutch..);Bonaire;2012;7;8;-1
9375;Total male and female;15 to 19 years;Central and South America (excl Dutch..);Bonaire;2013;17;5;12
9376;Total male and female;15 to 19 years;Central and South America (excl Dutch..);Bonaire;2014;8;7;1
9377;Total male and female;15 to 19 years;Central and South America (excl Dutch..);Bonaire;2015;12;4;8
9378;Total male and female;15 to 19 years;Central and South America (excl Dutch..);Bonaire;2016;10;6;4
9379;Total male and female;15 to 19 years;Central and South America (excl Dutch..);Bonaire;2017;15;17;-2
9380;Total male and female;15 to 19 years;Central and South America (excl Dutch..);Bonaire;2018;22;8;14
9381;Total male and female;15 to 19 years;Central and South America (excl Dutch..);Bonaire;2019;14;10;4
9382;Total male and female;15 to 19 years;Central and South America (excl Dutch..);Bonaire;2020;10;5;5
9383;Total male and female;15 to 19 years;Central and South America (excl Dutch..);Bonaire;2021;22;5;17
9384;Total male and female;15 to 19 years;Central and South America (excl Dutch..);Bonaire;2022;22;2;20
9385;Total male and female;15 to 19 years;Central and South America (excl Dutch..);Bonaire;2023;30;6;24
9386;Total male and female;15 to 19 years;Central and South America (excl Dutch..);St Eustatius;2011;2;5;-3
9387;Total male and female;15 to 19 years;Central and South America (excl Dutch..);St Eustatius;2012;1;2;-1
9388;Total male and female;15 to 19 years;Central and South America (excl Dutch..);St Eustatius;2013;1;6;-5
9389;Total male and female;15 to 19 years;Central and South America (excl Dutch..);St Eustatius;2014;2;7;-5
9390;Total male and female;15 to 19 years;Central and South America (excl Dutch..);St Eustatius;2015;4;6;-2
9391;Total male and female;15 to 19 years;Central and South America (excl Dutch..);St Eustatius;2016;2;4;-2
9392;Total male and female;15 to 19 years;Central and South America (excl Dutch..);St Eustatius;2017;1;2;-1
9393;Total male and female;15 to 19 years;Central and South America (excl Dutch..);St Eustatius;2018;4;7;-3
9394;Total male and female;15 to 19 years;Central and South America (excl Dutch..);St Eustatius;2019;2;1;1
9395;Total male and female;15 to 19 years;Central and South America (excl Dutch..);St Eustatius;2020;2;0;2
9396;Total male and female;15 to 19 years;Central and South America (excl Dutch..);St Eustatius;2021;7;1;6
9397;Total male and female;15 to 19 years;Central and South America (excl Dutch..);St Eustatius;2022;2;2;0
9398;Total male and female;15 to 19 years;Central and South America (excl Dutch..);St Eustatius;2023;1;6;-5
9399;Total male and female;15 to 19 years;Central and South America (excl Dutch..);Saba;2011;1;5;-4
9400;Total male and female;15 to 19 years;Central and South America (excl Dutch..);Saba;2012;5;1;4
9401;Total male and female;15 to 19 years;Central and South America (excl Dutch..);Saba;2013;3;3;0
9402;Total male and female;15 to 19 years;Central and South America (excl Dutch..);Saba;2014;0;2;-2
9403;Total male and female;15 to 19 years;Central and South America (excl Dutch..);Saba;2015;0;1;-1
9404;Total male and female;15 to 19 years;Central and South America (excl Dutch..);Saba;2016;1;1;0
9405;Total male and female;15 to 19 years;Central and South America (excl Dutch..);Saba;2017;1;3;-2
9406;Total male and female;15 to 19 years;Central and South America (excl Dutch..);Saba;2018;2;1;1
9407;Total male and female;15 to 19 years;Central and South America (excl Dutch..);Saba;2019;2;2;0
9408;Total male and female;15 to 19 years;Central and South America (excl Dutch..);Saba;2020;0;0;0
9409;Total male and female;15 to 19 years;Central and South America (excl Dutch..);Saba;2021;0;1;-1
9410;Total male and female;15 to 19 years;Central and South America (excl Dutch..);Saba;2022;0;1;-1
9411;Total male and female;15 to 19 years;Central and South America (excl Dutch..);Saba;2023;6;0;6
9412;Total male and female;15 to 19 years;Aruba;Caribbean Netherlands;2011;3;1;2
9413;Total male and female;15 to 19 years;Aruba;Caribbean Netherlands;2012;2;2;0
9414;Total male and female;15 to 19 years;Aruba;Caribbean Netherlands;2013;1;0;1
9415;Total male and female;15 to 19 years;Aruba;Caribbean Netherlands;2014;2;2;0
9416;Total male and female;15 to 19 years;Aruba;Caribbean Netherlands;2015;0;1;-1
9417;Total male and female;15 to 19 years;Aruba;Caribbean Netherlands;2016;3;1;2
9418;Total male and female;15 to 19 years;Aruba;Caribbean Netherlands;2017;3;4;-1
9419;Total male and female;15 to 19 years;Aruba;Caribbean Netherlands;2018;2;2;0
9420;Total male and female;15 to 19 years;Aruba;Caribbean Netherlands;2019;0;3;-3
9421;Total male and female;15 to 19 years;Aruba;Caribbean Netherlands;2020;1;3;-2
9422;Total male and female;15 to 19 years;Aruba;Caribbean Netherlands;2021;0;0;0
9423;Total male and female;15 to 19 years;Aruba;Caribbean Netherlands;2022;4;2;2
9424;Total male and female;15 to 19 years;Aruba;Caribbean Netherlands;2023;5;4;1
9425;Total male and female;15 to 19 years;Aruba;Bonaire;2011;3;1;2
9426;Total male and female;15 to 19 years;Aruba;Bonaire;2012;2;2;0
9427;Total male and female;15 to 19 years;Aruba;Bonaire;2013;1;0;1
9428;Total male and female;15 to 19 years;Aruba;Bonaire;2014;2;2;0
9429;Total male and female;15 to 19 years;Aruba;Bonaire;2015;0;1;-1
9430;Total male and female;15 to 19 years;Aruba;Bonaire;2016;1;1;0
9431;Total male and female;15 to 19 years;Aruba;Bonaire;2017;3;4;-1
9432;Total male and female;15 to 19 years;Aruba;Bonaire;2018;2;2;0
9433;Total male and female;15 to 19 years;Aruba;Bonaire;2019;0;3;-3
9434;Total male and female;15 to 19 years;Aruba;Bonaire;2020;1;3;-2
9435;Total male and female;15 to 19 years;Aruba;Bonaire;2021;0;0;0
9436;Total male and female;15 to 19 years;Aruba;Bonaire;2022;4;2;2
9437;Total male and female;15 to 19 years;Aruba;Bonaire;2023;5;4;1
9438;Total male and female;15 to 19 years;Aruba;St Eustatius;2011;0;0;0
9439;Total male and female;15 to 19 years;Aruba;St Eustatius;2012;0;0;0
9440;Total male and female;15 to 19 years;Aruba;St Eustatius;2013;0;0;0
9441;Total male and female;15 to 19 years;Aruba;St Eustatius;2014;0;0;0
9442;Total male and female;15 to 19 years;Aruba;St Eustatius;2015;0;0;0
9443;Total male and female;15 to 19 years;Aruba;St Eustatius;2016;2;0;2
9444;Total male and female;15 to 19 years;Aruba;St Eustatius;2017;0;0;0
9445;Total male and female;15 to 19 years;Aruba;St Eustatius;2018;0;0;0
9446;Total male and female;15 to 19 years;Aruba;St Eustatius;2019;0;0;0
9447;Total male and female;15 to 19 years;Aruba;St Eustatius;2020;0;0;0
9448;Total male and female;15 to 19 years;Aruba;St Eustatius;2021;0;0;0
9449;Total male and female;15 to 19 years;Aruba;St Eustatius;2022;0;0;0
9450;Total male and female;15 to 19 years;Aruba;St Eustatius;2023;0;0;0
9451;Total male and female;15 to 19 years;Aruba;Saba;2011;0;0;0
9452;Total male and female;15 to 19 years;Aruba;Saba;2012;0;0;0
9453;Total male and female;15 to 19 years;Aruba;Saba;2013;0;0;0
9454;Total male and female;15 to 19 years;Aruba;Saba;2014;0;0;0
9455;Total male and female;15 to 19 years;Aruba;Saba;2015;0;0;0
9456;Total male and female;15 to 19 years;Aruba;Saba;2016;0;0;0
9457;Total male and female;15 to 19 years;Aruba;Saba;2017;0;0;0
9458;Total male and female;15 to 19 years;Aruba;Saba;2018;0;0;0
9459;Total male and female;15 to 19 years;Aruba;Saba;2019;0;0;0
9460;Total male and female;15 to 19 years;Aruba;Saba;2020;0;0;0
9461;Total male and female;15 to 19 years;Aruba;Saba;2021;0;0;0
9462;Total male and female;15 to 19 years;Aruba;Saba;2022;0;0;0
9463;Total male and female;15 to 19 years;Aruba;Saba;2023;0;0;0
9464;Total male and female;15 to 19 years;Bonaire;Caribbean Netherlands;2011;14;43;-29
9465;Total male and female;15 to 19 years;Bonaire;Caribbean Netherlands;2012;10;35;-25
9466;Total male and female;15 to 19 years;Bonaire;Caribbean Netherlands;2013;12;20;-8
9467;Total male and female;15 to 19 years;Bonaire;Caribbean Netherlands;2014;6;19;-13
9468;Total male and female;15 to 19 years;Bonaire;Caribbean Netherlands;2015;7;16;-9
9469;Total male and female;15 to 19 years;Bonaire;Caribbean Netherlands;2016;7;24;-17
9470;Total male and female;15 to 19 years;Bonaire;Caribbean Netherlands;2017;7;18;-11
9471;Total male and female;15 to 19 years;Bonaire;Caribbean Netherlands;2018;7;18;-11
9472;Total male and female;15 to 19 years;Bonaire;Caribbean Netherlands;2019;3;22;-19
9473;Total male and female;15 to 19 years;Bonaire;Caribbean Netherlands;2020;9;24;-15
9474;Total male and female;15 to 19 years;Bonaire;Caribbean Netherlands;2021;6;19;-13
9475;Total male and female;15 to 19 years;Bonaire;Caribbean Netherlands;2022;5;25;-20
9476;Total male and female;15 to 19 years;Bonaire;Caribbean Netherlands;2023;9;34;-25
9477;Total male and female;15 to 19 years;Bonaire;Bonaire;2011;14;43;-29
9478;Total male and female;15 to 19 years;Bonaire;Bonaire;2012;10;35;-25
9479;Total male and female;15 to 19 years;Bonaire;Bonaire;2013;12;20;-8
9480;Total male and female;15 to 19 years;Bonaire;Bonaire;2014;6;18;-12
9481;Total male and female;15 to 19 years;Bonaire;Bonaire;2015;7;16;-9
9482;Total male and female;15 to 19 years;Bonaire;Bonaire;2016;7;24;-17
9483;Total male and female;15 to 19 years;Bonaire;Bonaire;2017;7;18;-11
9484;Total male and female;15 to 19 years;Bonaire;Bonaire;2018;7;18;-11
9485;Total male and female;15 to 19 years;Bonaire;Bonaire;2019;3;22;-19
9486;Total male and female;15 to 19 years;Bonaire;Bonaire;2020;9;24;-15
9487;Total male and female;15 to 19 years;Bonaire;Bonaire;2021;6;19;-13
9488;Total male and female;15 to 19 years;Bonaire;Bonaire;2022;5;25;-20
9489;Total male and female;15 to 19 years;Bonaire;Bonaire;2023;9;34;-25
9490;Total male and female;15 to 19 years;Bonaire;St Eustatius;2011;0;0;0
9491;Total male and female;15 to 19 years;Bonaire;St Eustatius;2012;0;0;0
9492;Total male and female;15 to 19 years;Bonaire;St Eustatius;2013;0;0;0
9493;Total male and female;15 to 19 years;Bonaire;St Eustatius;2014;0;0;0
9494;Total male and female;15 to 19 years;Bonaire;St Eustatius;2015;0;0;0
9495;Total male and female;15 to 19 years;Bonaire;St Eustatius;2016;0;0;0
9496;Total male and female;15 to 19 years;Bonaire;St Eustatius;2017;0;0;0
9497;Total male and female;15 to 19 years;Bonaire;St Eustatius;2018;0;0;0
9498;Total male and female;15 to 19 years;Bonaire;St Eustatius;2019;0;0;0
9499;Total male and female;15 to 19 years;Bonaire;St Eustatius;2020;0;0;0
9500;Total male and female;15 to 19 years;Bonaire;St Eustatius;2021;0;0;0
9501;Total male and female;15 to 19 years;Bonaire;St Eustatius;2022;0;0;0
9502;Total male and female;15 to 19 years;Bonaire;St Eustatius;2023;0;0;0
9503;Total male and female;15 to 19 years;Bonaire;Saba;2011;0;0;0
9504;Total male and female;15 to 19 years;Bonaire;Saba;2012;0;0;0
9505;Total male and female;15 to 19 years;Bonaire;Saba;2013;0;0;0
9506;Total male and female;15 to 19 years;Bonaire;Saba;2014;0;1;-1
9507;Total male and female;15 to 19 years;Bonaire;Saba;2015;0;0;0
9508;Total male and female;15 to 19 years;Bonaire;Saba;2016;0;0;0
9509;Total male and female;15 to 19 years;Bonaire;Saba;2017;0;0;0
9510;Total male and female;15 to 19 years;Bonaire;Saba;2018;0;0;0
9511;Total male and female;15 to 19 years;Bonaire;Saba;2019;0;0;0
9512;Total male and female;15 to 19 years;Bonaire;Saba;2020;0;0;0
9513;Total male and female;15 to 19 years;Bonaire;Saba;2021;0;0;0
9514;Total male and female;15 to 19 years;Bonaire;Saba;2022;0;0;0
9515;Total male and female;15 to 19 years;Bonaire;Saba;2023;0;0;0
9516;Total male and female;15 to 19 years;Canada;Caribbean Netherlands;2011;1;0;1
9517;Total male and female;15 to 19 years;Canada;Caribbean Netherlands;2012;1;0;1
9518;Total male and female;15 to 19 years;Canada;Caribbean Netherlands;2013;2;3;-1
9519;Total male and female;15 to 19 years;Canada;Caribbean Netherlands;2014;0;0;0
9520;Total male and female;15 to 19 years;Canada;Caribbean Netherlands;2015;0;3;-3
9521;Total male and female;15 to 19 years;Canada;Caribbean Netherlands;2016;0;0;0
9522;Total male and female;15 to 19 years;Canada;Caribbean Netherlands;2017;0;0;0
9523;Total male and female;15 to 19 years;Canada;Caribbean Netherlands;2018;0;0;0
9524;Total male and female;15 to 19 years;Canada;Caribbean Netherlands;2019;1;0;1
9525;Total male and female;15 to 19 years;Canada;Caribbean Netherlands;2020;0;0;0
9526;Total male and female;15 to 19 years;Canada;Caribbean Netherlands;2021;0;1;-1
9527;Total male and female;15 to 19 years;Canada;Caribbean Netherlands;2022;0;0;0
9528;Total male and female;15 to 19 years;Canada;Caribbean Netherlands;2023;0;0;0
9529;Total male and female;15 to 19 years;Canada;Bonaire;2011;1;0;1
9530;Total male and female;15 to 19 years;Canada;Bonaire;2012;0;0;0
9531;Total male and female;15 to 19 years;Canada;Bonaire;2013;0;0;0
9532;Total male and female;15 to 19 years;Canada;Bonaire;2014;0;0;0
9533;Total male and female;15 to 19 years;Canada;Bonaire;2015;0;0;0
9534;Total male and female;15 to 19 years;Canada;Bonaire;2016;0;0;0
9535;Total male and female;15 to 19 years;Canada;Bonaire;2017;0;0;0
9536;Total male and female;15 to 19 years;Canada;Bonaire;2018;0;0;0
9537;Total male and female;15 to 19 years;Canada;Bonaire;2019;1;0;1
9538;Total male and female;15 to 19 years;Canada;Bonaire;2020;0;0;0
9539;Total male and female;15 to 19 years;Canada;Bonaire;2021;0;1;-1
9540;Total male and female;15 to 19 years;Canada;Bonaire;2022;0;0;0
9541;Total male and female;15 to 19 years;Canada;Bonaire;2023;0;0;0
9542;Total male and female;15 to 19 years;Canada;St Eustatius;2011;0;0;0
9543;Total male and female;15 to 19 years;Canada;St Eustatius;2012;1;0;1
9544;Total male and female;15 to 19 years;Canada;St Eustatius;2013;2;3;-1
9545;Total male and female;15 to 19 years;Canada;St Eustatius;2014;0;0;0
9546;Total male and female;15 to 19 years;Canada;St Eustatius;2015;0;3;-3
9547;Total male and female;15 to 19 years;Canada;St Eustatius;2016;0;0;0
9548;Total male and female;15 to 19 years;Canada;St Eustatius;2017;0;0;0
9549;Total male and female;15 to 19 years;Canada;St Eustatius;2018;0;0;0
9550;Total male and female;15 to 19 years;Canada;St Eustatius;2019;0;0;0
9551;Total male and female;15 to 19 years;Canada;St Eustatius;2020;0;0;0
9552;Total male and female;15 to 19 years;Canada;St Eustatius;2021;0;0;0
9553;Total male and female;15 to 19 years;Canada;St Eustatius;2022;0;0;0
9554;Total male and female;15 to 19 years;Canada;St Eustatius;2023;0;0;0
9555;Total male and female;15 to 19 years;Canada;Saba;2011;0;0;0
9556;Total male and female;15 to 19 years;Canada;Saba;2012;0;0;0
9557;Total male and female;15 to 19 years;Canada;Saba;2013;0;0;0
9558;Total male and female;15 to 19 years;Canada;Saba;2014;0;0;0
9559;Total male and female;15 to 19 years;Canada;Saba;2015;0;0;0
9560;Total male and female;15 to 19 years;Canada;Saba;2016;0;0;0
9561;Total male and female;15 to 19 years;Canada;Saba;2017;0;0;0
9562;Total male and female;15 to 19 years;Canada;Saba;2018;0;0;0
9563;Total male and female;15 to 19 years;Canada;Saba;2019;0;0;0
9564;Total male and female;15 to 19 years;Canada;Saba;2020;0;0;0
9565;Total male and female;15 to 19 years;Canada;Saba;2021;0;0;0
9566;Total male and female;15 to 19 years;Canada;Saba;2022;0;0;0
9567;Total male and female;15 to 19 years;Canada;Saba;2023;0;0;0
9568;Total male and female;15 to 19 years;China;Caribbean Netherlands;2011;4;0;4
9569;Total male and female;15 to 19 years;China;Caribbean Netherlands;2012;7;0;7
9570;Total male and female;15 to 19 years;China;Caribbean Netherlands;2013;6;0;6
9571;Total male and female;15 to 19 years;China;Caribbean Netherlands;2014;1;0;1
9572;Total male and female;15 to 19 years;China;Caribbean Netherlands;2015;4;0;4
9573;Total male and female;15 to 19 years;China;Caribbean Netherlands;2016;3;0;3
9574;Total male and female;15 to 19 years;China;Caribbean Netherlands;2017;4;0;4
9575;Total male and female;15 to 19 years;China;Caribbean Netherlands;2018;2;0;2
9576;Total male and female;15 to 19 years;China;Caribbean Netherlands;2019;0;1;-1
9577;Total male and female;15 to 19 years;China;Caribbean Netherlands;2020;0;1;-1
9578;Total male and female;15 to 19 years;China;Caribbean Netherlands;2021;0;0;0
9579;Total male and female;15 to 19 years;China;Caribbean Netherlands;2022;0;0;0
9580;Total male and female;15 to 19 years;China;Caribbean Netherlands;2023;1;0;1
9581;Total male and female;15 to 19 years;China;Bonaire;2011;4;0;4
9582;Total male and female;15 to 19 years;China;Bonaire;2012;7;0;7
9583;Total male and female;15 to 19 years;China;Bonaire;2013;5;0;5
9584;Total male and female;15 to 19 years;China;Bonaire;2014;1;0;1
9585;Total male and female;15 to 19 years;China;Bonaire;2015;4;0;4
9586;Total male and female;15 to 19 years;China;Bonaire;2016;3;0;3
9587;Total male and female;15 to 19 years;China;Bonaire;2017;4;0;4
9588;Total male and female;15 to 19 years;China;Bonaire;2018;1;0;1
9589;Total male and female;15 to 19 years;China;Bonaire;2019;0;1;-1
9590;Total male and female;15 to 19 years;China;Bonaire;2020;0;1;-1
9591;Total male and female;15 to 19 years;China;Bonaire;2021;0;0;0
9592;Total male and female;15 to 19 years;China;Bonaire;2022;0;0;0
9593;Total male and female;15 to 19 years;China;Bonaire;2023;1;0;1
9594;Total male and female;15 to 19 years;China;St Eustatius;2011;0;0;0
9595;Total male and female;15 to 19 years;China;St Eustatius;2012;0;0;0
9596;Total male and female;15 to 19 years;China;St Eustatius;2013;1;0;1
9597;Total male and female;15 to 19 years;China;St Eustatius;2014;0;0;0
9598;Total male and female;15 to 19 years;China;St Eustatius;2015;0;0;0
9599;Total male and female;15 to 19 years;China;St Eustatius;2016;0;0;0
9600;Total male and female;15 to 19 years;China;St Eustatius;2017;0;0;0
9601;Total male and female;15 to 19 years;China;St Eustatius;2018;1;0;1
9602;Total male and female;15 to 19 years;China;St Eustatius;2019;0;0;0
9603;Total male and female;15 to 19 years;China;St Eustatius;2020;0;0;0
9604;Total male and female;15 to 19 years;China;St Eustatius;2021;0;0;0
9605;Total male and female;15 to 19 years;China;St Eustatius;2022;0;0;0
9606;Total male and female;15 to 19 years;China;St Eustatius;2023;0;0;0
9607;Total male and female;15 to 19 years;China;Saba;2011;0;0;0
9608;Total male and female;15 to 19 years;China;Saba;2012;0;0;0
9609;Total male and female;15 to 19 years;China;Saba;2013;0;0;0
9610;Total male and female;15 to 19 years;China;Saba;2014;0;0;0
9611;Total male and female;15 to 19 years;China;Saba;2015;0;0;0
9612;Total male and female;15 to 19 years;China;Saba;2016;0;0;0
9613;Total male and female;15 to 19 years;China;Saba;2017;0;0;0
9614;Total male and female;15 to 19 years;China;Saba;2018;0;0;0
9615;Total male and female;15 to 19 years;China;Saba;2019;0;0;0
9616;Total male and female;15 to 19 years;China;Saba;2020;0;0;0
9617;Total male and female;15 to 19 years;China;Saba;2021;0;0;0
9618;Total male and female;15 to 19 years;China;Saba;2022;0;0;0
9619;Total male and female;15 to 19 years;China;Saba;2023;0;0;0
9620;Total male and female;15 to 19 years;Colombia;Caribbean Netherlands;2011;3;4;-1
9621;Total male and female;15 to 19 years;Colombia;Caribbean Netherlands;2012;1;1;0
9622;Total male and female;15 to 19 years;Colombia;Caribbean Netherlands;2013;7;1;6
9623;Total male and female;15 to 19 years;Colombia;Caribbean Netherlands;2014;4;2;2
9624;Total male and female;15 to 19 years;Colombia;Caribbean Netherlands;2015;1;1;0
9625;Total male and female;15 to 19 years;Colombia;Caribbean Netherlands;2016;1;0;1
9626;Total male and female;15 to 19 years;Colombia;Caribbean Netherlands;2017;1;7;-6
9627;Total male and female;15 to 19 years;Colombia;Caribbean Netherlands;2018;6;0;6
9628;Total male and female;15 to 19 years;Colombia;Caribbean Netherlands;2019;3;3;0
9629;Total male and female;15 to 19 years;Colombia;Caribbean Netherlands;2020;1;0;1
9630;Total male and female;15 to 19 years;Colombia;Caribbean Netherlands;2021;2;0;2
9631;Total male and female;15 to 19 years;Colombia;Caribbean Netherlands;2022;0;0;0
9632;Total male and female;15 to 19 years;Colombia;Caribbean Netherlands;2023;3;1;2
9633;Total male and female;15 to 19 years;Colombia;Bonaire;2011;2;2;0
9634;Total male and female;15 to 19 years;Colombia;Bonaire;2012;0;1;-1
9635;Total male and female;15 to 19 years;Colombia;Bonaire;2013;7;1;6
9636;Total male and female;15 to 19 years;Colombia;Bonaire;2014;4;2;2
9637;Total male and female;15 to 19 years;Colombia;Bonaire;2015;1;1;0
9638;Total male and female;15 to 19 years;Colombia;Bonaire;2016;1;0;1
9639;Total male and female;15 to 19 years;Colombia;Bonaire;2017;1;7;-6
9640;Total male and female;15 to 19 years;Colombia;Bonaire;2018;6;0;6
9641;Total male and female;15 to 19 years;Colombia;Bonaire;2019;2;3;-1
9642;Total male and female;15 to 19 years;Colombia;Bonaire;2020;1;0;1
9643;Total male and female;15 to 19 years;Colombia;Bonaire;2021;2;0;2
9644;Total male and female;15 to 19 years;Colombia;Bonaire;2022;0;0;0
9645;Total male and female;15 to 19 years;Colombia;Bonaire;2023;3;1;2
9646;Total male and female;15 to 19 years;Colombia;St Eustatius;2011;0;0;0
9647;Total male and female;15 to 19 years;Colombia;St Eustatius;2012;0;0;0
9648;Total male and female;15 to 19 years;Colombia;St Eustatius;2013;0;0;0
9649;Total male and female;15 to 19 years;Colombia;St Eustatius;2014;0;0;0
9650;Total male and female;15 to 19 years;Colombia;St Eustatius;2015;0;0;0
9651;Total male and female;15 to 19 years;Colombia;St Eustatius;2016;0;0;0
9652;Total male and female;15 to 19 years;Colombia;St Eustatius;2017;0;0;0
9653;Total male and female;15 to 19 years;Colombia;St Eustatius;2018;0;0;0
9654;Total male and female;15 to 19 years;Colombia;St Eustatius;2019;1;0;1
9655;Total male and female;15 to 19 years;Colombia;St Eustatius;2020;0;0;0
9656;Total male and female;15 to 19 years;Colombia;St Eustatius;2021;0;0;0
9657;Total male and female;15 to 19 years;Colombia;St Eustatius;2022;0;0;0
9658;Total male and female;15 to 19 years;Colombia;St Eustatius;2023;0;0;0
9659;Total male and female;15 to 19 years;Colombia;Saba;2011;1;2;-1
9660;Total male and female;15 to 19 years;Colombia;Saba;2012;1;0;1
9661;Total male and female;15 to 19 years;Colombia;Saba;2013;0;0;0
9662;Total male and female;15 to 19 years;Colombia;Saba;2014;0;0;0
9663;Total male and female;15 to 19 years;Colombia;Saba;2015;0;0;0
9664;Total male and female;15 to 19 years;Colombia;Saba;2016;0;0;0
9665;Total male and female;15 to 19 years;Colombia;Saba;2017;0;0;0
9666;Total male and female;15 to 19 years;Colombia;Saba;2018;0;0;0
9667;Total male and female;15 to 19 years;Colombia;Saba;2019;0;0;0
9668;Total male and female;15 to 19 years;Colombia;Saba;2020;0;0;0
9669;Total male and female;15 to 19 years;Colombia;Saba;2021;0;0;0
9670;Total male and female;15 to 19 years;Colombia;Saba;2022;0;0;0
9671;Total male and female;15 to 19 years;Colombia;Saba;2023;0;0;0
9672;Total male and female;15 to 19 years;Curaçao;Caribbean Netherlands;2011;14;32;-18
9673;Total male and female;15 to 19 years;Curaçao;Caribbean Netherlands;2012;14;38;-24
9674;Total male and female;15 to 19 years;Curaçao;Caribbean Netherlands;2013;19;26;-7
9675;Total male and female;15 to 19 years;Curaçao;Caribbean Netherlands;2014;16;23;-7
9676;Total male and female;15 to 19 years;Curaçao;Caribbean Netherlands;2015;18;32;-14
9677;Total male and female;15 to 19 years;Curaçao;Caribbean Netherlands;2016;16;24;-8
9678;Total male and female;15 to 19 years;Curaçao;Caribbean Netherlands;2017;15;33;-18
9679;Total male and female;15 to 19 years;Curaçao;Caribbean Netherlands;2018;6;32;-26
9680;Total male and female;15 to 19 years;Curaçao;Caribbean Netherlands;2019;12;24;-12
9681;Total male and female;15 to 19 years;Curaçao;Caribbean Netherlands;2020;19;16;3
9682;Total male and female;15 to 19 years;Curaçao;Caribbean Netherlands;2021;18;21;-3
9683;Total male and female;15 to 19 years;Curaçao;Caribbean Netherlands;2022;22;17;5
9684;Total male and female;15 to 19 years;Curaçao;Caribbean Netherlands;2023;13;22;-9
9685;Total male and female;15 to 19 years;Curaçao;Bonaire;2011;13;30;-17
9686;Total male and female;15 to 19 years;Curaçao;Bonaire;2012;14;35;-21
9687;Total male and female;15 to 19 years;Curaçao;Bonaire;2013;19;24;-5
9688;Total male and female;15 to 19 years;Curaçao;Bonaire;2014;15;22;-7
9689;Total male and female;15 to 19 years;Curaçao;Bonaire;2015;18;31;-13
9690;Total male and female;15 to 19 years;Curaçao;Bonaire;2016;15;23;-8
9691;Total male and female;15 to 19 years;Curaçao;Bonaire;2017;15;32;-17
9692;Total male and female;15 to 19 years;Curaçao;Bonaire;2018;6;30;-24
9693;Total male and female;15 to 19 years;Curaçao;Bonaire;2019;12;24;-12
9694;Total male and female;15 to 19 years;Curaçao;Bonaire;2020;18;15;3
9695;Total male and female;15 to 19 years;Curaçao;Bonaire;2021;17;21;-4
9696;Total male and female;15 to 19 years;Curaçao;Bonaire;2022;22;16;6
9697;Total male and female;15 to 19 years;Curaçao;Bonaire;2023;13;19;-6
9698;Total male and female;15 to 19 years;Curaçao;St Eustatius;2011;1;1;0
9699;Total male and female;15 to 19 years;Curaçao;St Eustatius;2012;0;3;-3
9700;Total male and female;15 to 19 years;Curaçao;St Eustatius;2013;0;2;-2
9701;Total male and female;15 to 19 years;Curaçao;St Eustatius;2014;1;1;0
9702;Total male and female;15 to 19 years;Curaçao;St Eustatius;2015;0;0;0
9703;Total male and female;15 to 19 years;Curaçao;St Eustatius;2016;1;1;0
9704;Total male and female;15 to 19 years;Curaçao;St Eustatius;2017;0;1;-1
9705;Total male and female;15 to 19 years;Curaçao;St Eustatius;2018;0;2;-2
9706;Total male and female;15 to 19 years;Curaçao;St Eustatius;2019;0;0;0
9707;Total male and female;15 to 19 years;Curaçao;St Eustatius;2020;1;1;0
9708;Total male and female;15 to 19 years;Curaçao;St Eustatius;2021;0;0;0
9709;Total male and female;15 to 19 years;Curaçao;St Eustatius;2022;0;1;-1
9710;Total male and female;15 to 19 years;Curaçao;St Eustatius;2023;0;3;-3
9711;Total male and female;15 to 19 years;Curaçao;Saba;2011;0;1;-1
9712;Total male and female;15 to 19 years;Curaçao;Saba;2012;0;0;0
9713;Total male and female;15 to 19 years;Curaçao;Saba;2013;0;0;0
9714;Total male and female;15 to 19 years;Curaçao;Saba;2014;0;0;0
9715;Total male and female;15 to 19 years;Curaçao;Saba;2015;0;1;-1
9716;Total male and female;15 to 19 years;Curaçao;Saba;2016;0;0;0
9717;Total male and female;15 to 19 years;Curaçao;Saba;2017;0;0;0
9718;Total male and female;15 to 19 years;Curaçao;Saba;2018;0;0;0
9719;Total male and female;15 to 19 years;Curaçao;Saba;2019;0;0;0
9720;Total male and female;15 to 19 years;Curaçao;Saba;2020;0;0;0
9721;Total male and female;15 to 19 years;Curaçao;Saba;2021;1;0;1
9722;Total male and female;15 to 19 years;Curaçao;Saba;2022;0;0;0
9723;Total male and female;15 to 19 years;Curaçao;Saba;2023;0;0;0
9724;Total male and female;15 to 19 years;Dominican Republic;Caribbean Netherlands;2011;6;4;2
9725;Total male and female;15 to 19 years;Dominican Republic;Caribbean Netherlands;2012;4;2;2
9726;Total male and female;15 to 19 years;Dominican Republic;Caribbean Netherlands;2013;6;5;1
9727;Total male and female;15 to 19 years;Dominican Republic;Caribbean Netherlands;2014;2;4;-2
9728;Total male and female;15 to 19 years;Dominican Republic;Caribbean Netherlands;2015;5;4;1
9729;Total male and female;15 to 19 years;Dominican Republic;Caribbean Netherlands;2016;9;4;5
9730;Total male and female;15 to 19 years;Dominican Republic;Caribbean Netherlands;2017;6;4;2
9731;Total male and female;15 to 19 years;Dominican Republic;Caribbean Netherlands;2018;12;5;7
9732;Total male and female;15 to 19 years;Dominican Republic;Caribbean Netherlands;2019;8;5;3
9733;Total male and female;15 to 19 years;Dominican Republic;Caribbean Netherlands;2020;4;0;4
9734;Total male and female;15 to 19 years;Dominican Republic;Caribbean Netherlands;2021;8;4;4
9735;Total male and female;15 to 19 years;Dominican Republic;Caribbean Netherlands;2022;5;0;5
9736;Total male and female;15 to 19 years;Dominican Republic;Caribbean Netherlands;2023;16;4;12
9737;Total male and female;15 to 19 years;Dominican Republic;Bonaire;2011;6;2;4
9738;Total male and female;15 to 19 years;Dominican Republic;Bonaire;2012;2;1;1
9739;Total male and female;15 to 19 years;Dominican Republic;Bonaire;2013;4;2;2
9740;Total male and female;15 to 19 years;Dominican Republic;Bonaire;2014;2;1;1
9741;Total male and female;15 to 19 years;Dominican Republic;Bonaire;2015;4;1;3
9742;Total male and female;15 to 19 years;Dominican Republic;Bonaire;2016;8;2;6
9743;Total male and female;15 to 19 years;Dominican Republic;Bonaire;2017;6;2;4
9744;Total male and female;15 to 19 years;Dominican Republic;Bonaire;2018;7;2;5
9745;Total male and female;15 to 19 years;Dominican Republic;Bonaire;2019;7;2;5
9746;Total male and female;15 to 19 years;Dominican Republic;Bonaire;2020;3;0;3
9747;Total male and female;15 to 19 years;Dominican Republic;Bonaire;2021;6;3;3
9748;Total male and female;15 to 19 years;Dominican Republic;Bonaire;2022;4;0;4
9749;Total male and female;15 to 19 years;Dominican Republic;Bonaire;2023;13;2;11
9750;Total male and female;15 to 19 years;Dominican Republic;St Eustatius;2011;0;0;0
9751;Total male and female;15 to 19 years;Dominican Republic;St Eustatius;2012;0;1;-1
9752;Total male and female;15 to 19 years;Dominican Republic;St Eustatius;2013;1;2;-1
9753;Total male and female;15 to 19 years;Dominican Republic;St Eustatius;2014;0;2;-2
9754;Total male and female;15 to 19 years;Dominican Republic;St Eustatius;2015;1;2;-1
9755;Total male and female;15 to 19 years;Dominican Republic;St Eustatius;2016;1;2;-1
9756;Total male and female;15 to 19 years;Dominican Republic;St Eustatius;2017;0;0;0
9757;Total male and female;15 to 19 years;Dominican Republic;St Eustatius;2018;3;3;0
9758;Total male and female;15 to 19 years;Dominican Republic;St Eustatius;2019;1;1;0
9759;Total male and female;15 to 19 years;Dominican Republic;St Eustatius;2020;1;0;1
9760;Total male and female;15 to 19 years;Dominican Republic;St Eustatius;2021;2;1;1
9761;Total male and female;15 to 19 years;Dominican Republic;St Eustatius;2022;1;0;1
9762;Total male and female;15 to 19 years;Dominican Republic;St Eustatius;2023;0;2;-2
9763;Total male and female;15 to 19 years;Dominican Republic;Saba;2011;0;2;-2
9764;Total male and female;15 to 19 years;Dominican Republic;Saba;2012;2;0;2
9765;Total male and female;15 to 19 years;Dominican Republic;Saba;2013;1;1;0
9766;Total male and female;15 to 19 years;Dominican Republic;Saba;2014;0;1;-1
9767;Total male and female;15 to 19 years;Dominican Republic;Saba;2015;0;1;-1
9768;Total male and female;15 to 19 years;Dominican Republic;Saba;2016;0;0;0
9769;Total male and female;15 to 19 years;Dominican Republic;Saba;2017;0;2;-2
9770;Total male and female;15 to 19 years;Dominican Republic;Saba;2018;2;0;2
9771;Total male and female;15 to 19 years;Dominican Republic;Saba;2019;0;2;-2
9772;Total male and female;15 to 19 years;Dominican Republic;Saba;2020;0;0;0
9773;Total male and female;15 to 19 years;Dominican Republic;Saba;2021;0;0;0
9774;Total male and female;15 to 19 years;Dominican Republic;Saba;2022;0;0;0
9775;Total male and female;15 to 19 years;Dominican Republic;Saba;2023;3;0;3
9776;Total male and female;15 to 19 years;Ecuador;Caribbean Netherlands;2011;0;0;0
9777;Total male and female;15 to 19 years;Ecuador;Caribbean Netherlands;2012;1;0;1
9778;Total male and female;15 to 19 years;Ecuador;Caribbean Netherlands;2013;3;0;3
9779;Total male and female;15 to 19 years;Ecuador;Caribbean Netherlands;2014;0;0;0
9780;Total male and female;15 to 19 years;Ecuador;Caribbean Netherlands;2015;0;0;0
9781;Total male and female;15 to 19 years;Ecuador;Caribbean Netherlands;2016;0;0;0
9782;Total male and female;15 to 19 years;Ecuador;Caribbean Netherlands;2017;0;0;0
9783;Total male and female;15 to 19 years;Ecuador;Caribbean Netherlands;2018;0;0;0
9784;Total male and female;15 to 19 years;Ecuador;Caribbean Netherlands;2019;1;0;1
9785;Total male and female;15 to 19 years;Ecuador;Caribbean Netherlands;2020;0;0;0
9786;Total male and female;15 to 19 years;Ecuador;Caribbean Netherlands;2021;0;0;0
9787;Total male and female;15 to 19 years;Ecuador;Caribbean Netherlands;2022;0;0;0
9788;Total male and female;15 to 19 years;Ecuador;Caribbean Netherlands;2023;1;0;1
9789;Total male and female;15 to 19 years;Ecuador;Bonaire;2011;0;0;0
9790;Total male and female;15 to 19 years;Ecuador;Bonaire;2012;1;0;1
9791;Total male and female;15 to 19 years;Ecuador;Bonaire;2013;3;0;3
9792;Total male and female;15 to 19 years;Ecuador;Bonaire;2014;0;0;0
9793;Total male and female;15 to 19 years;Ecuador;Bonaire;2015;0;0;0
9794;Total male and female;15 to 19 years;Ecuador;Bonaire;2016;0;0;0
9795;Total male and female;15 to 19 years;Ecuador;Bonaire;2017;0;0;0
9796;Total male and female;15 to 19 years;Ecuador;Bonaire;2018;0;0;0
9797;Total male and female;15 to 19 years;Ecuador;Bonaire;2019;1;0;1
9798;Total male and female;15 to 19 years;Ecuador;Bonaire;2020;0;0;0
9799;Total male and female;15 to 19 years;Ecuador;Bonaire;2021;0;0;0
9800;Total male and female;15 to 19 years;Ecuador;Bonaire;2022;0;0;0
9801;Total male and female;15 to 19 years;Ecuador;Bonaire;2023;1;0;1
9802;Total male and female;15 to 19 years;Ecuador;St Eustatius;2011;0;0;0
9803;Total male and female;15 to 19 years;Ecuador;St Eustatius;2012;0;0;0
9804;Total male and female;15 to 19 years;Ecuador;St Eustatius;2013;0;0;0
9805;Total male and female;15 to 19 years;Ecuador;St Eustatius;2014;0;0;0
9806;Total male and female;15 to 19 years;Ecuador;St Eustatius;2015;0;0;0
9807;Total male and female;15 to 19 years;Ecuador;St Eustatius;2016;0;0;0
9808;Total male and female;15 to 19 years;Ecuador;St Eustatius;2017;0;0;0
9809;Total male and female;15 to 19 years;Ecuador;St Eustatius;2018;0;0;0
9810;Total male and female;15 to 19 years;Ecuador;St Eustatius;2019;0;0;0
9811;Total male and female;15 to 19 years;Ecuador;St Eustatius;2020;0;0;0
9812;Total male and female;15 to 19 years;Ecuador;St Eustatius;2021;0;0;0
9813;Total male and female;15 to 19 years;Ecuador;St Eustatius;2022;0;0;0
9814;Total male and female;15 to 19 years;Ecuador;St Eustatius;2023;0;0;0
9815;Total male and female;15 to 19 years;Ecuador;Saba;2011;0;0;0
9816;Total male and female;15 to 19 years;Ecuador;Saba;2012;0;0;0
9817;Total male and female;15 to 19 years;Ecuador;Saba;2013;0;0;0
9818;Total male and female;15 to 19 years;Ecuador;Saba;2014;0;0;0
9819;Total male and female;15 to 19 years;Ecuador;Saba;2015;0;0;0
9820;Total male and female;15 to 19 years;Ecuador;Saba;2016;0;0;0
9821;Total male and female;15 to 19 years;Ecuador;Saba;2017;0;0;0
9822;Total male and female;15 to 19 years;Ecuador;Saba;2018;0;0;0
9823;Total male and female;15 to 19 years;Ecuador;Saba;2019;0;0;0
9824;Total male and female;15 to 19 years;Ecuador;Saba;2020;0;0;0
9825;Total male and female;15 to 19 years;Ecuador;Saba;2021;0;0;0
9826;Total male and female;15 to 19 years;Ecuador;Saba;2022;0;0;0
9827;Total male and female;15 to 19 years;Ecuador;Saba;2023;0;0;0
9828;Total male and female;15 to 19 years;Guyana;Caribbean Netherlands;2011;0;2;-2
9829;Total male and female;15 to 19 years;Guyana;Caribbean Netherlands;2012;0;0;0
9830;Total male and female;15 to 19 years;Guyana;Caribbean Netherlands;2013;0;1;-1
9831;Total male and female;15 to 19 years;Guyana;Caribbean Netherlands;2014;0;2;-2
9832;Total male and female;15 to 19 years;Guyana;Caribbean Netherlands;2015;0;1;-1
9833;Total male and female;15 to 19 years;Guyana;Caribbean Netherlands;2016;0;1;-1
9834;Total male and female;15 to 19 years;Guyana;Caribbean Netherlands;2017;0;1;-1
9835;Total male and female;15 to 19 years;Guyana;Caribbean Netherlands;2018;1;0;1
9836;Total male and female;15 to 19 years;Guyana;Caribbean Netherlands;2019;0;0;0
9837;Total male and female;15 to 19 years;Guyana;Caribbean Netherlands;2020;0;0;0
9838;Total male and female;15 to 19 years;Guyana;Caribbean Netherlands;2021;0;0;0
9839;Total male and female;15 to 19 years;Guyana;Caribbean Netherlands;2022;0;0;0
9840;Total male and female;15 to 19 years;Guyana;Caribbean Netherlands;2023;0;0;0
9841;Total male and female;15 to 19 years;Guyana;Bonaire;2011;0;0;0
9842;Total male and female;15 to 19 years;Guyana;Bonaire;2012;0;0;0
9843;Total male and female;15 to 19 years;Guyana;Bonaire;2013;0;0;0
9844;Total male and female;15 to 19 years;Guyana;Bonaire;2014;0;0;0
9845;Total male and female;15 to 19 years;Guyana;Bonaire;2015;0;0;0
9846;Total male and female;15 to 19 years;Guyana;Bonaire;2016;0;0;0
9847;Total male and female;15 to 19 years;Guyana;Bonaire;2017;0;0;0
9848;Total male and female;15 to 19 years;Guyana;Bonaire;2018;1;0;1
9849;Total male and female;15 to 19 years;Guyana;Bonaire;2019;0;0;0
9850;Total male and female;15 to 19 years;Guyana;Bonaire;2020;0;0;0
9851;Total male and female;15 to 19 years;Guyana;Bonaire;2021;0;0;0
9852;Total male and female;15 to 19 years;Guyana;Bonaire;2022;0;0;0
9853;Total male and female;15 to 19 years;Guyana;Bonaire;2023;0;0;0
9854;Total male and female;15 to 19 years;Guyana;St Eustatius;2011;0;1;-1
9855;Total male and female;15 to 19 years;Guyana;St Eustatius;2012;0;0;0
9856;Total male and female;15 to 19 years;Guyana;St Eustatius;2013;0;1;-1
9857;Total male and female;15 to 19 years;Guyana;St Eustatius;2014;0;2;-2
9858;Total male and female;15 to 19 years;Guyana;St Eustatius;2015;0;1;-1
9859;Total male and female;15 to 19 years;Guyana;St Eustatius;2016;0;1;-1
9860;Total male and female;15 to 19 years;Guyana;St Eustatius;2017;0;1;-1
9861;Total male and female;15 to 19 years;Guyana;St Eustatius;2018;0;0;0
9862;Total male and female;15 to 19 years;Guyana;St Eustatius;2019;0;0;0
9863;Total male and female;15 to 19 years;Guyana;St Eustatius;2020;0;0;0
9864;Total male and female;15 to 19 years;Guyana;St Eustatius;2021;0;0;0
9865;Total male and female;15 to 19 years;Guyana;St Eustatius;2022;0;0;0
9866;Total male and female;15 to 19 years;Guyana;St Eustatius;2023;0;0;0
9867;Total male and female;15 to 19 years;Guyana;Saba;2011;0;1;-1
9868;Total male and female;15 to 19 years;Guyana;Saba;2012;0;0;0
9869;Total male and female;15 to 19 years;Guyana;Saba;2013;0;0;0
9870;Total male and female;15 to 19 years;Guyana;Saba;2014;0;0;0
9871;Total male and female;15 to 19 years;Guyana;Saba;2015;0;0;0
9872;Total male and female;15 to 19 years;Guyana;Saba;2016;0;0;0
9873;Total male and female;15 to 19 years;Guyana;Saba;2017;0;0;0
9874;Total male and female;15 to 19 years;Guyana;Saba;2018;0;0;0
9875;Total male and female;15 to 19 years;Guyana;Saba;2019;0;0;0
9876;Total male and female;15 to 19 years;Guyana;Saba;2020;0;0;0
9877;Total male and female;15 to 19 years;Guyana;Saba;2021;0;0;0
9878;Total male and female;15 to 19 years;Guyana;Saba;2022;0;0;0
9879;Total male and female;15 to 19 years;Guyana;Saba;2023;0;0;0
9880;Total male and female;15 to 19 years;Haiti;Caribbean Netherlands;2011;0;0;0
9881;Total male and female;15 to 19 years;Haiti;Caribbean Netherlands;2012;1;0;1
9882;Total male and female;15 to 19 years;Haiti;Caribbean Netherlands;2013;0;1;-1
9883;Total male and female;15 to 19 years;Haiti;Caribbean Netherlands;2014;0;0;0
9884;Total male and female;15 to 19 years;Haiti;Caribbean Netherlands;2015;0;0;0
9885;Total male and female;15 to 19 years;Haiti;Caribbean Netherlands;2016;0;0;0
9886;Total male and female;15 to 19 years;Haiti;Caribbean Netherlands;2017;1;0;1
9887;Total male and female;15 to 19 years;Haiti;Caribbean Netherlands;2018;0;0;0
9888;Total male and female;15 to 19 years;Haiti;Caribbean Netherlands;2019;0;0;0
9889;Total male and female;15 to 19 years;Haiti;Caribbean Netherlands;2020;0;0;0
9890;Total male and female;15 to 19 years;Haiti;Caribbean Netherlands;2021;0;0;0
9891;Total male and female;15 to 19 years;Haiti;Caribbean Netherlands;2022;1;0;1
9892;Total male and female;15 to 19 years;Haiti;Caribbean Netherlands;2023;3;0;3
9893;Total male and female;15 to 19 years;Haiti;Bonaire;2011;0;0;0
9894;Total male and female;15 to 19 years;Haiti;Bonaire;2012;1;0;1
9895;Total male and female;15 to 19 years;Haiti;Bonaire;2013;0;0;0
9896;Total male and female;15 to 19 years;Haiti;Bonaire;2014;0;0;0
9897;Total male and female;15 to 19 years;Haiti;Bonaire;2015;0;0;0
9898;Total male and female;15 to 19 years;Haiti;Bonaire;2016;0;0;0
9899;Total male and female;15 to 19 years;Haiti;Bonaire;2017;1;0;1
9900;Total male and female;15 to 19 years;Haiti;Bonaire;2018;0;0;0
9901;Total male and female;15 to 19 years;Haiti;Bonaire;2019;0;0;0
9902;Total male and female;15 to 19 years;Haiti;Bonaire;2020;0;0;0
9903;Total male and female;15 to 19 years;Haiti;Bonaire;2021;0;0;0
9904;Total male and female;15 to 19 years;Haiti;Bonaire;2022;1;0;1
9905;Total male and female;15 to 19 years;Haiti;Bonaire;2023;3;0;3
9906;Total male and female;15 to 19 years;Haiti;St Eustatius;2011;0;0;0
9907;Total male and female;15 to 19 years;Haiti;St Eustatius;2012;0;0;0
9908;Total male and female;15 to 19 years;Haiti;St Eustatius;2013;0;1;-1
9909;Total male and female;15 to 19 years;Haiti;St Eustatius;2014;0;0;0
9910;Total male and female;15 to 19 years;Haiti;St Eustatius;2015;0;0;0
9911;Total male and female;15 to 19 years;Haiti;St Eustatius;2016;0;0;0
9912;Total male and female;15 to 19 years;Haiti;St Eustatius;2017;0;0;0
9913;Total male and female;15 to 19 years;Haiti;St Eustatius;2018;0;0;0
9914;Total male and female;15 to 19 years;Haiti;St Eustatius;2019;0;0;0
9915;Total male and female;15 to 19 years;Haiti;St Eustatius;2020;0;0;0
9916;Total male and female;15 to 19 years;Haiti;St Eustatius;2021;0;0;0
9917;Total male and female;15 to 19 years;Haiti;St Eustatius;2022;0;0;0
9918;Total male and female;15 to 19 years;Haiti;St Eustatius;2023;0;0;0
9919;Total male and female;15 to 19 years;Haiti;Saba;2011;0;0;0
9920;Total male and female;15 to 19 years;Haiti;Saba;2012;0;0;0
9921;Total male and female;15 to 19 years;Haiti;Saba;2013;0;0;0
9922;Total male and female;15 to 19 years;Haiti;Saba;2014;0;0;0
9923;Total male and female;15 to 19 years;Haiti;Saba;2015;0;0;0
9924;Total male and female;15 to 19 years;Haiti;Saba;2016;0;0;0
9925;Total male and female;15 to 19 years;Haiti;Saba;2017;0;0;0
9926;Total male and female;15 to 19 years;Haiti;Saba;2018;0;0;0
9927;Total male and female;15 to 19 years;Haiti;Saba;2019;0;0;0
9928;Total male and female;15 to 19 years;Haiti;Saba;2020;0;0;0
9929;Total male and female;15 to 19 years;Haiti;Saba;2021;0;0;0
9930;Total male and female;15 to 19 years;Haiti;Saba;2022;0;0;0
9931;Total male and female;15 to 19 years;Haiti;Saba;2023;0;0;0
9932;Total male and female;15 to 19 years;Jamaica;Caribbean Netherlands;2011;0;0;0
9933;Total male and female;15 to 19 years;Jamaica;Caribbean Netherlands;2012;1;0;1
9934;Total male and female;15 to 19 years;Jamaica;Caribbean Netherlands;2013;1;0;1
9935;Total male and female;15 to 19 years;Jamaica;Caribbean Netherlands;2014;0;0;0
9936;Total male and female;15 to 19 years;Jamaica;Caribbean Netherlands;2015;0;0;0
9937;Total male and female;15 to 19 years;Jamaica;Caribbean Netherlands;2016;2;0;2
9938;Total male and female;15 to 19 years;Jamaica;Caribbean Netherlands;2017;0;1;-1
9939;Total male and female;15 to 19 years;Jamaica;Caribbean Netherlands;2018;2;0;2
9940;Total male and female;15 to 19 years;Jamaica;Caribbean Netherlands;2019;0;0;0
9941;Total male and female;15 to 19 years;Jamaica;Caribbean Netherlands;2020;1;0;1
9942;Total male and female;15 to 19 years;Jamaica;Caribbean Netherlands;2021;0;0;0
9943;Total male and female;15 to 19 years;Jamaica;Caribbean Netherlands;2022;0;0;0
9944;Total male and female;15 to 19 years;Jamaica;Caribbean Netherlands;2023;2;0;2
9945;Total male and female;15 to 19 years;Jamaica;Bonaire;2011;0;0;0
9946;Total male and female;15 to 19 years;Jamaica;Bonaire;2012;0;0;0
9947;Total male and female;15 to 19 years;Jamaica;Bonaire;2013;0;0;0
9948;Total male and female;15 to 19 years;Jamaica;Bonaire;2014;0;0;0
9949;Total male and female;15 to 19 years;Jamaica;Bonaire;2015;0;0;0
9950;Total male and female;15 to 19 years;Jamaica;Bonaire;2016;0;0;0
9951;Total male and female;15 to 19 years;Jamaica;Bonaire;2017;0;0;0
9952;Total male and female;15 to 19 years;Jamaica;Bonaire;2018;2;0;2
9953;Total male and female;15 to 19 years;Jamaica;Bonaire;2019;0;0;0
9954;Total male and female;15 to 19 years;Jamaica;Bonaire;2020;0;0;0
9955;Total male and female;15 to 19 years;Jamaica;Bonaire;2021;0;0;0
9956;Total male and female;15 to 19 years;Jamaica;Bonaire;2022;0;0;0
9957;Total male and female;15 to 19 years;Jamaica;Bonaire;2023;0;0;0
9958;Total male and female;15 to 19 years;Jamaica;St Eustatius;2011;0;0;0
9959;Total male and female;15 to 19 years;Jamaica;St Eustatius;2012;0;0;0
9960;Total male and female;15 to 19 years;Jamaica;St Eustatius;2013;0;0;0
9961;Total male and female;15 to 19 years;Jamaica;St Eustatius;2014;0;0;0
9962;Total male and female;15 to 19 years;Jamaica;St Eustatius;2015;0;0;0
9963;Total male and female;15 to 19 years;Jamaica;St Eustatius;2016;1;0;1
9964;Total male and female;15 to 19 years;Jamaica;St Eustatius;2017;0;0;0
9965;Total male and female;15 to 19 years;Jamaica;St Eustatius;2018;0;0;0
9966;Total male and female;15 to 19 years;Jamaica;St Eustatius;2019;0;0;0
9967;Total male and female;15 to 19 years;Jamaica;St Eustatius;2020;1;0;1
9968;Total male and female;15 to 19 years;Jamaica;St Eustatius;2021;0;0;0
9969;Total male and female;15 to 19 years;Jamaica;St Eustatius;2022;0;0;0
9970;Total male and female;15 to 19 years;Jamaica;St Eustatius;2023;0;0;0
9971;Total male and female;15 to 19 years;Jamaica;Saba;2011;0;0;0
9972;Total male and female;15 to 19 years;Jamaica;Saba;2012;1;0;1
9973;Total male and female;15 to 19 years;Jamaica;Saba;2013;1;0;1
9974;Total male and female;15 to 19 years;Jamaica;Saba;2014;0;0;0
9975;Total male and female;15 to 19 years;Jamaica;Saba;2015;0;0;0
9976;Total male and female;15 to 19 years;Jamaica;Saba;2016;1;0;1
9977;Total male and female;15 to 19 years;Jamaica;Saba;2017;0;1;-1
9978;Total male and female;15 to 19 years;Jamaica;Saba;2018;0;0;0
9979;Total male and female;15 to 19 years;Jamaica;Saba;2019;0;0;0
9980;Total male and female;15 to 19 years;Jamaica;Saba;2020;0;0;0
9981;Total male and female;15 to 19 years;Jamaica;Saba;2021;0;0;0
9982;Total male and female;15 to 19 years;Jamaica;Saba;2022;0;0;0
9983;Total male and female;15 to 19 years;Jamaica;Saba;2023;2;0;2
9984;Total male and female;15 to 19 years;The Netherlands;Caribbean Netherlands;2011;20;14;6
9985;Total male and female;15 to 19 years;The Netherlands;Caribbean Netherlands;2012;17;18;-1
9986;Total male and female;15 to 19 years;The Netherlands;Caribbean Netherlands;2013;19;25;-6
9987;Total male and female;15 to 19 years;The Netherlands;Caribbean Netherlands;2014;17;16;1
9988;Total male and female;15 to 19 years;The Netherlands;Caribbean Netherlands;2015;17;28;-11
9989;Total male and female;15 to 19 years;The Netherlands;Caribbean Netherlands;2016;19;36;-17
9990;Total male and female;15 to 19 years;The Netherlands;Caribbean Netherlands;2017;7;33;-26
9991;Total male and female;15 to 19 years;The Netherlands;Caribbean Netherlands;2018;15;37;-22
9992;Total male and female;15 to 19 years;The Netherlands;Caribbean Netherlands;2019;24;48;-24
9993;Total male and female;15 to 19 years;The Netherlands;Caribbean Netherlands;2020;24;28;-4
9994;Total male and female;15 to 19 years;The Netherlands;Caribbean Netherlands;2021;28;33;-5
9995;Total male and female;15 to 19 years;The Netherlands;Caribbean Netherlands;2022;29;32;-3
9996;Total male and female;15 to 19 years;The Netherlands;Caribbean Netherlands;2023;18;35;-17
9997;Total male and female;15 to 19 years;The Netherlands;Bonaire;2011;20;12;8
9998;Total male and female;15 to 19 years;The Netherlands;Bonaire;2012;17;16;1
9999;Total male and female;15 to 19 years;The Netherlands;Bonaire;2013;16;22;-6
