ID;Geslacht;Leeftijd;Geboorteland;CaribischNederland;Perioden;Immigratie_1;EmigratieInclusiefAdministratieveC_2;MigratiesaldoInclusiefAdministratie_3
0;Totaal mannen en vrouwen;Totaal;Totaal;Caribisch Nederland;2011;2234;1285;949
1;Totaal mannen en vrouwen;Totaal;Totaal;Caribisch Nederland;2012;2261;1382;879
2;Totaal mannen en vrouwen;Totaal;Totaal;Caribisch Nederland;2013;2184;1360;824
3;Totaal mannen en vrouwen;Totaal;Totaal;Caribisch Nederland;2014;1737;1523;214
4;Totaal mannen en vrouwen;Totaal;Totaal;Caribisch Nederland;2015;1740;1879;-139
5;Totaal mannen en vrouwen;Totaal;Totaal;Caribisch Nederland;2016;1799;2034;-235
6;Totaal mannen en vrouwen;Totaal;Totaal;Caribisch Nederland;2017;1901;1406;495
7;Totaal mannen en vrouwen;Totaal;Totaal;Caribisch Nederland;2018;1681;1737;-56
8;Totaal mannen en vrouwen;Totaal;Totaal;Caribisch Nederland;2019;1904;1214;690
9;Totaal mannen en vrouwen;Totaal;Totaal;Caribisch Nederland;2020;1667;999;668
10;Totaal mannen en vrouwen;Totaal;Totaal;Caribisch Nederland;2021;1961;1152;809
11;Totaal mannen en vrouwen;Totaal;Totaal;Caribisch Nederland;2022;2675;1101;1574
12;Totaal mannen en vrouwen;Totaal;Totaal;Caribisch Nederland;2023;2288;1388;900
13;Totaal mannen en vrouwen;Totaal;Totaal;Bonaire;2011;1539;849;690
14;Totaal mannen en vrouwen;Totaal;Totaal;Bonaire;2012;1523;820;703
15;Totaal mannen en vrouwen;Totaal;Totaal;Bonaire;2013;1525;658;867
16;Totaal mannen en vrouwen;Totaal;Totaal;Bonaire;2014;1213;822;391
17;Totaal mannen en vrouwen;Totaal;Totaal;Bonaire;2015;1245;826;419
18;Totaal mannen en vrouwen;Totaal;Totaal;Bonaire;2016;1291;1649;-358
19;Totaal mannen en vrouwen;Totaal;Totaal;Bonaire;2017;1381;1115;266
20;Totaal mannen en vrouwen;Totaal;Totaal;Bonaire;2018;1283;879;404
21;Totaal mannen en vrouwen;Totaal;Totaal;Bonaire;2019;1475;758;717
22;Totaal mannen en vrouwen;Totaal;Totaal;Bonaire;2020;1418;699;719
23;Totaal mannen en vrouwen;Totaal;Totaal;Bonaire;2021;1586;857;729
24;Totaal mannen en vrouwen;Totaal;Totaal;Bonaire;2022;2261;848;1413
25;Totaal mannen en vrouwen;Totaal;Totaal;Bonaire;2023;1874;933;941
26;Totaal mannen en vrouwen;Totaal;Totaal;Sint Eustatius;2011;289;183;106
27;Totaal mannen en vrouwen;Totaal;Totaal;Sint Eustatius;2012;270;140;130
28;Totaal mannen en vrouwen;Totaal;Totaal;Sint Eustatius;2013;356;271;85
29;Totaal mannen en vrouwen;Totaal;Totaal;Sint Eustatius;2014;171;310;-139
30;Totaal mannen en vrouwen;Totaal;Totaal;Sint Eustatius;2015;170;849;-679
31;Totaal mannen en vrouwen;Totaal;Totaal;Sint Eustatius;2016;170;110;60
32;Totaal mannen en vrouwen;Totaal;Totaal;Sint Eustatius;2017;232;141;91
33;Totaal mannen en vrouwen;Totaal;Totaal;Sint Eustatius;2018;169;386;-217
34;Totaal mannen en vrouwen;Totaal;Totaal;Sint Eustatius;2019;201;213;-12
35;Totaal mannen en vrouwen;Totaal;Totaal;Sint Eustatius;2020;115;146;-31
36;Totaal mannen en vrouwen;Totaal;Totaal;Sint Eustatius;2021;180;117;63
37;Totaal mannen en vrouwen;Totaal;Totaal;Sint Eustatius;2022;166;119;47
38;Totaal mannen en vrouwen;Totaal;Totaal;Sint Eustatius;2023;168;269;-101
39;Totaal mannen en vrouwen;Totaal;Totaal;Saba;2011;406;253;153
40;Totaal mannen en vrouwen;Totaal;Totaal;Saba;2012;468;422;46
41;Totaal mannen en vrouwen;Totaal;Totaal;Saba;2013;303;431;-128
42;Totaal mannen en vrouwen;Totaal;Totaal;Saba;2014;353;391;-38
43;Totaal mannen en vrouwen;Totaal;Totaal;Saba;2015;325;204;121
44;Totaal mannen en vrouwen;Totaal;Totaal;Saba;2016;338;275;63
45;Totaal mannen en vrouwen;Totaal;Totaal;Saba;2017;288;150;138
46;Totaal mannen en vrouwen;Totaal;Totaal;Saba;2018;229;472;-243
47;Totaal mannen en vrouwen;Totaal;Totaal;Saba;2019;228;243;-15
48;Totaal mannen en vrouwen;Totaal;Totaal;Saba;2020;134;154;-20
49;Totaal mannen en vrouwen;Totaal;Totaal;Saba;2021;195;178;17
50;Totaal mannen en vrouwen;Totaal;Totaal;Saba;2022;248;134;114
51;Totaal mannen en vrouwen;Totaal;Totaal;Saba;2023;246;186;60
52;Totaal mannen en vrouwen;Totaal;Buiten Caribisch Nederland geboren;Caribisch Nederland;2011;2006;1042;964
53;Totaal mannen en vrouwen;Totaal;Buiten Caribisch Nederland geboren;Caribisch Nederland;2012;2052;1160;892
54;Totaal mannen en vrouwen;Totaal;Buiten Caribisch Nederland geboren;Caribisch Nederland;2013;1943;1154;789
55;Totaal mannen en vrouwen;Totaal;Buiten Caribisch Nederland geboren;Caribisch Nederland;2014;1537;1368;169
56;Totaal mannen en vrouwen;Totaal;Buiten Caribisch Nederland geboren;Caribisch Nederland;2015;1581;1716;-135
57;Totaal mannen en vrouwen;Totaal;Buiten Caribisch Nederland geboren;Caribisch Nederland;2016;1617;1834;-217
58;Totaal mannen en vrouwen;Totaal;Buiten Caribisch Nederland geboren;Caribisch Nederland;2017;1728;1192;536
59;Totaal mannen en vrouwen;Totaal;Buiten Caribisch Nederland geboren;Caribisch Nederland;2018;1552;1506;46
60;Totaal mannen en vrouwen;Totaal;Buiten Caribisch Nederland geboren;Caribisch Nederland;2019;1766;1017;749
61;Totaal mannen en vrouwen;Totaal;Buiten Caribisch Nederland geboren;Caribisch Nederland;2020;1522;851;671
62;Totaal mannen en vrouwen;Totaal;Buiten Caribisch Nederland geboren;Caribisch Nederland;2021;1814;980;834
63;Totaal mannen en vrouwen;Totaal;Buiten Caribisch Nederland geboren;Caribisch Nederland;2022;2536;892;1644
64;Totaal mannen en vrouwen;Totaal;Buiten Caribisch Nederland geboren;Caribisch Nederland;2023;2158;1147;1011
65;Totaal mannen en vrouwen;Totaal;Buiten Caribisch Nederland geboren;Bonaire;2011;1357;658;699
66;Totaal mannen en vrouwen;Totaal;Buiten Caribisch Nederland geboren;Bonaire;2012;1355;643;712
67;Totaal mannen en vrouwen;Totaal;Buiten Caribisch Nederland geboren;Bonaire;2013;1342;508;834
68;Totaal mannen en vrouwen;Totaal;Buiten Caribisch Nederland geboren;Bonaire;2014;1043;706;337
69;Totaal mannen en vrouwen;Totaal;Buiten Caribisch Nederland geboren;Bonaire;2015;1121;696;425
70;Totaal mannen en vrouwen;Totaal;Buiten Caribisch Nederland geboren;Bonaire;2016;1152;1487;-335
71;Totaal mannen en vrouwen;Totaal;Buiten Caribisch Nederland geboren;Bonaire;2017;1245;929;316
72;Totaal mannen en vrouwen;Totaal;Buiten Caribisch Nederland geboren;Bonaire;2018;1174;714;460
73;Totaal mannen en vrouwen;Totaal;Buiten Caribisch Nederland geboren;Bonaire;2019;1361;594;767
74;Totaal mannen en vrouwen;Totaal;Buiten Caribisch Nederland geboren;Bonaire;2020;1298;580;718
75;Totaal mannen en vrouwen;Totaal;Buiten Caribisch Nederland geboren;Bonaire;2021;1471;718;753
76;Totaal mannen en vrouwen;Totaal;Buiten Caribisch Nederland geboren;Bonaire;2022;2140;676;1464
77;Totaal mannen en vrouwen;Totaal;Buiten Caribisch Nederland geboren;Bonaire;2023;1772;746;1026
78;Totaal mannen en vrouwen;Totaal;Buiten Caribisch Nederland geboren;Sint Eustatius;2011;257;148;109
79;Totaal mannen en vrouwen;Totaal;Buiten Caribisch Nederland geboren;Sint Eustatius;2012;240;106;134
80;Totaal mannen en vrouwen;Totaal;Buiten Caribisch Nederland geboren;Sint Eustatius;2013;313;228;85
81;Totaal mannen en vrouwen;Totaal;Buiten Caribisch Nederland geboren;Sint Eustatius;2014;152;281;-129
82;Totaal mannen en vrouwen;Totaal;Buiten Caribisch Nederland geboren;Sint Eustatius;2015;147;819;-672
83;Totaal mannen en vrouwen;Totaal;Buiten Caribisch Nederland geboren;Sint Eustatius;2016;137;87;50
84;Totaal mannen en vrouwen;Totaal;Buiten Caribisch Nederland geboren;Sint Eustatius;2017;202;119;83
85;Totaal mannen en vrouwen;Totaal;Buiten Caribisch Nederland geboren;Sint Eustatius;2018;153;329;-176
86;Totaal mannen en vrouwen;Totaal;Buiten Caribisch Nederland geboren;Sint Eustatius;2019;182;188;-6
87;Totaal mannen en vrouwen;Totaal;Buiten Caribisch Nederland geboren;Sint Eustatius;2020;97;127;-30
88;Totaal mannen en vrouwen;Totaal;Buiten Caribisch Nederland geboren;Sint Eustatius;2021;157;91;66
89;Totaal mannen en vrouwen;Totaal;Buiten Caribisch Nederland geboren;Sint Eustatius;2022;153;91;62
90;Totaal mannen en vrouwen;Totaal;Buiten Caribisch Nederland geboren;Sint Eustatius;2023;145;222;-77
91;Totaal mannen en vrouwen;Totaal;Buiten Caribisch Nederland geboren;Saba;2011;392;236;156
92;Totaal mannen en vrouwen;Totaal;Buiten Caribisch Nederland geboren;Saba;2012;457;411;46
93;Totaal mannen en vrouwen;Totaal;Buiten Caribisch Nederland geboren;Saba;2013;288;418;-130
94;Totaal mannen en vrouwen;Totaal;Buiten Caribisch Nederland geboren;Saba;2014;342;381;-39
95;Totaal mannen en vrouwen;Totaal;Buiten Caribisch Nederland geboren;Saba;2015;313;201;112
96;Totaal mannen en vrouwen;Totaal;Buiten Caribisch Nederland geboren;Saba;2016;328;260;68
97;Totaal mannen en vrouwen;Totaal;Buiten Caribisch Nederland geboren;Saba;2017;281;144;137
98;Totaal mannen en vrouwen;Totaal;Buiten Caribisch Nederland geboren;Saba;2018;225;463;-238
99;Totaal mannen en vrouwen;Totaal;Buiten Caribisch Nederland geboren;Saba;2019;223;235;-12
100;Totaal mannen en vrouwen;Totaal;Buiten Caribisch Nederland geboren;Saba;2020;127;144;-17
101;Totaal mannen en vrouwen;Totaal;Buiten Caribisch Nederland geboren;Saba;2021;186;171;15
102;Totaal mannen en vrouwen;Totaal;Buiten Caribisch Nederland geboren;Saba;2022;243;125;118
103;Totaal mannen en vrouwen;Totaal;Buiten Caribisch Nederland geboren;Saba;2023;241;179;62
104;Totaal mannen en vrouwen;Totaal;Buiten Nederlandse Cariben geboren;Caribisch Nederland;2011;1726;786;940
105;Totaal mannen en vrouwen;Totaal;Buiten Nederlandse Cariben geboren;Caribisch Nederland;2012;1701;909;792
106;Totaal mannen en vrouwen;Totaal;Buiten Nederlandse Cariben geboren;Caribisch Nederland;2013;1551;936;615
107;Totaal mannen en vrouwen;Totaal;Buiten Nederlandse Cariben geboren;Caribisch Nederland;2014;1209;1135;74
108;Totaal mannen en vrouwen;Totaal;Buiten Nederlandse Cariben geboren;Caribisch Nederland;2015;1256;1505;-249
109;Totaal mannen en vrouwen;Totaal;Buiten Nederlandse Cariben geboren;Caribisch Nederland;2016;1314;1624;-310
110;Totaal mannen en vrouwen;Totaal;Buiten Nederlandse Cariben geboren;Caribisch Nederland;2017;1447;943;504
111;Totaal mannen en vrouwen;Totaal;Buiten Nederlandse Cariben geboren;Caribisch Nederland;2018;1238;1227;11
112;Totaal mannen en vrouwen;Totaal;Buiten Nederlandse Cariben geboren;Caribisch Nederland;2019;1420;802;618
113;Totaal mannen en vrouwen;Totaal;Buiten Nederlandse Cariben geboren;Caribisch Nederland;2020;1098;676;422
114;Totaal mannen en vrouwen;Totaal;Buiten Nederlandse Cariben geboren;Caribisch Nederland;2021;1415;761;654
115;Totaal mannen en vrouwen;Totaal;Buiten Nederlandse Cariben geboren;Caribisch Nederland;2022;2060;650;1410
116;Totaal mannen en vrouwen;Totaal;Buiten Nederlandse Cariben geboren;Caribisch Nederland;2023;1812;854;958
117;Totaal mannen en vrouwen;Totaal;Buiten Nederlandse Cariben geboren;Bonaire;2011;1129;451;678
118;Totaal mannen en vrouwen;Totaal;Buiten Nederlandse Cariben geboren;Bonaire;2012;1041;439;602
119;Totaal mannen en vrouwen;Totaal;Buiten Nederlandse Cariben geboren;Bonaire;2013;1012;351;661
120;Totaal mannen en vrouwen;Totaal;Buiten Nederlandse Cariben geboren;Bonaire;2014;766;522;244
121;Totaal mannen en vrouwen;Totaal;Buiten Nederlandse Cariben geboren;Bonaire;2015;836;526;310
122;Totaal mannen en vrouwen;Totaal;Buiten Nederlandse Cariben geboren;Bonaire;2016;896;1319;-423
123;Totaal mannen en vrouwen;Totaal;Buiten Nederlandse Cariben geboren;Bonaire;2017;1022;714;308
124;Totaal mannen en vrouwen;Totaal;Buiten Nederlandse Cariben geboren;Bonaire;2018;917;519;398
125;Totaal mannen en vrouwen;Totaal;Buiten Nederlandse Cariben geboren;Bonaire;2019;1043;427;616
126;Totaal mannen en vrouwen;Totaal;Buiten Nederlandse Cariben geboren;Bonaire;2020;903;438;465
127;Totaal mannen en vrouwen;Totaal;Buiten Nederlandse Cariben geboren;Bonaire;2021;1130;535;595
128;Totaal mannen en vrouwen;Totaal;Buiten Nederlandse Cariben geboren;Bonaire;2022;1711;478;1233
129;Totaal mannen en vrouwen;Totaal;Buiten Nederlandse Cariben geboren;Bonaire;2023;1477;533;944
130;Totaal mannen en vrouwen;Totaal;Buiten Nederlandse Cariben geboren;Sint Eustatius;2011;222;119;103
131;Totaal mannen en vrouwen;Totaal;Buiten Nederlandse Cariben geboren;Sint Eustatius;2012;209;75;134
132;Totaal mannen en vrouwen;Totaal;Buiten Nederlandse Cariben geboren;Sint Eustatius;2013;267;177;90
133;Totaal mannen en vrouwen;Totaal;Buiten Nederlandse Cariben geboren;Sint Eustatius;2014;122;247;-125
134;Totaal mannen en vrouwen;Totaal;Buiten Nederlandse Cariben geboren;Sint Eustatius;2015;115;785;-670
135;Totaal mannen en vrouwen;Totaal;Buiten Nederlandse Cariben geboren;Sint Eustatius;2016;107;59;48
136;Totaal mannen en vrouwen;Totaal;Buiten Nederlandse Cariben geboren;Sint Eustatius;2017;163;99;64
137;Totaal mannen en vrouwen;Totaal;Buiten Nederlandse Cariben geboren;Sint Eustatius;2018;116;269;-153
138;Totaal mannen en vrouwen;Totaal;Buiten Nederlandse Cariben geboren;Sint Eustatius;2019;161;157;4
139;Totaal mannen en vrouwen;Totaal;Buiten Nederlandse Cariben geboren;Sint Eustatius;2020;77;104;-27
140;Totaal mannen en vrouwen;Totaal;Buiten Nederlandse Cariben geboren;Sint Eustatius;2021;117;70;47
141;Totaal mannen en vrouwen;Totaal;Buiten Nederlandse Cariben geboren;Sint Eustatius;2022;122;62;60
142;Totaal mannen en vrouwen;Totaal;Buiten Nederlandse Cariben geboren;Sint Eustatius;2023;114;158;-44
143;Totaal mannen en vrouwen;Totaal;Buiten Nederlandse Cariben geboren;Saba;2011;375;216;159
144;Totaal mannen en vrouwen;Totaal;Buiten Nederlandse Cariben geboren;Saba;2012;451;395;56
145;Totaal mannen en vrouwen;Totaal;Buiten Nederlandse Cariben geboren;Saba;2013;272;408;-136
146;Totaal mannen en vrouwen;Totaal;Buiten Nederlandse Cariben geboren;Saba;2014;321;366;-45
147;Totaal mannen en vrouwen;Totaal;Buiten Nederlandse Cariben geboren;Saba;2015;305;194;111
148;Totaal mannen en vrouwen;Totaal;Buiten Nederlandse Cariben geboren;Saba;2016;311;246;65
149;Totaal mannen en vrouwen;Totaal;Buiten Nederlandse Cariben geboren;Saba;2017;262;130;132
150;Totaal mannen en vrouwen;Totaal;Buiten Nederlandse Cariben geboren;Saba;2018;205;439;-234
151;Totaal mannen en vrouwen;Totaal;Buiten Nederlandse Cariben geboren;Saba;2019;216;218;-2
152;Totaal mannen en vrouwen;Totaal;Buiten Nederlandse Cariben geboren;Saba;2020;118;134;-16
153;Totaal mannen en vrouwen;Totaal;Buiten Nederlandse Cariben geboren;Saba;2021;168;156;12
154;Totaal mannen en vrouwen;Totaal;Buiten Nederlandse Cariben geboren;Saba;2022;227;110;117
155;Totaal mannen en vrouwen;Totaal;Buiten Nederlandse Cariben geboren;Saba;2023;221;163;58
156;Totaal mannen en vrouwen;Totaal;Buiten Koninkrijk der Nederlanden gebo..;Caribisch Nederland;2011;1129;543;586
157;Totaal mannen en vrouwen;Totaal;Buiten Koninkrijk der Nederlanden gebo..;Caribisch Nederland;2012;1217;653;564
158;Totaal mannen en vrouwen;Totaal;Buiten Koninkrijk der Nederlanden gebo..;Caribisch Nederland;2013;972;638;334
159;Totaal mannen en vrouwen;Totaal;Buiten Koninkrijk der Nederlanden gebo..;Caribisch Nederland;2014;743;782;-39
160;Totaal mannen en vrouwen;Totaal;Buiten Koninkrijk der Nederlanden gebo..;Caribisch Nederland;2015;775;1104;-329
161;Totaal mannen en vrouwen;Totaal;Buiten Koninkrijk der Nederlanden gebo..;Caribisch Nederland;2016;803;1236;-433
162;Totaal mannen en vrouwen;Totaal;Buiten Koninkrijk der Nederlanden gebo..;Caribisch Nederland;2017;910;554;356
163;Totaal mannen en vrouwen;Totaal;Buiten Koninkrijk der Nederlanden gebo..;Caribisch Nederland;2018;736;802;-66
164;Totaal mannen en vrouwen;Totaal;Buiten Koninkrijk der Nederlanden gebo..;Caribisch Nederland;2019;883;451;432
165;Totaal mannen en vrouwen;Totaal;Buiten Koninkrijk der Nederlanden gebo..;Caribisch Nederland;2020;513;291;222
166;Totaal mannen en vrouwen;Totaal;Buiten Koninkrijk der Nederlanden gebo..;Caribisch Nederland;2021;842;388;454
167;Totaal mannen en vrouwen;Totaal;Buiten Koninkrijk der Nederlanden gebo..;Caribisch Nederland;2022;1174;211;963
168;Totaal mannen en vrouwen;Totaal;Buiten Koninkrijk der Nederlanden gebo..;Caribisch Nederland;2023;1234;377;857
169;Totaal mannen en vrouwen;Totaal;Buiten Koninkrijk der Nederlanden gebo..;Bonaire;2011;602;253;349
170;Totaal mannen en vrouwen;Totaal;Buiten Koninkrijk der Nederlanden gebo..;Bonaire;2012;619;219;400
171;Totaal mannen en vrouwen;Totaal;Buiten Koninkrijk der Nederlanden gebo..;Bonaire;2013;529;90;439
172;Totaal mannen en vrouwen;Totaal;Buiten Koninkrijk der Nederlanden gebo..;Bonaire;2014;367;214;153
173;Totaal mannen en vrouwen;Totaal;Buiten Koninkrijk der Nederlanden gebo..;Bonaire;2015;407;182;225
174;Totaal mannen en vrouwen;Totaal;Buiten Koninkrijk der Nederlanden gebo..;Bonaire;2016;436;981;-545
175;Totaal mannen en vrouwen;Totaal;Buiten Koninkrijk der Nederlanden gebo..;Bonaire;2017;535;365;170
176;Totaal mannen en vrouwen;Totaal;Buiten Koninkrijk der Nederlanden gebo..;Bonaire;2018;468;146;322
177;Totaal mannen en vrouwen;Totaal;Buiten Koninkrijk der Nederlanden gebo..;Bonaire;2019;548;135;413
178;Totaal mannen en vrouwen;Totaal;Buiten Koninkrijk der Nederlanden gebo..;Bonaire;2020;377;94;283
179;Totaal mannen en vrouwen;Totaal;Buiten Koninkrijk der Nederlanden gebo..;Bonaire;2021;611;233;378
180;Totaal mannen en vrouwen;Totaal;Buiten Koninkrijk der Nederlanden gebo..;Bonaire;2022;872;88;784
181;Totaal mannen en vrouwen;Totaal;Buiten Koninkrijk der Nederlanden gebo..;Bonaire;2023;938;112;826
182;Totaal mannen en vrouwen;Totaal;Buiten Koninkrijk der Nederlanden gebo..;Sint Eustatius;2011;171;81;90
183;Totaal mannen en vrouwen;Totaal;Buiten Koninkrijk der Nederlanden gebo..;Sint Eustatius;2012;167;50;117
184;Totaal mannen en vrouwen;Totaal;Buiten Koninkrijk der Nederlanden gebo..;Sint Eustatius;2013;195;156;39
185;Totaal mannen en vrouwen;Totaal;Buiten Koninkrijk der Nederlanden gebo..;Sint Eustatius;2014;87;214;-127
186;Totaal mannen en vrouwen;Totaal;Buiten Koninkrijk der Nederlanden gebo..;Sint Eustatius;2015;92;744;-652
187;Totaal mannen en vrouwen;Totaal;Buiten Koninkrijk der Nederlanden gebo..;Sint Eustatius;2016;80;27;53
188;Totaal mannen en vrouwen;Totaal;Buiten Koninkrijk der Nederlanden gebo..;Sint Eustatius;2017;131;73;58
189;Totaal mannen en vrouwen;Totaal;Buiten Koninkrijk der Nederlanden gebo..;Sint Eustatius;2018;80;232;-152
190;Totaal mannen en vrouwen;Totaal;Buiten Koninkrijk der Nederlanden gebo..;Sint Eustatius;2019;128;125;3
191;Totaal mannen en vrouwen;Totaal;Buiten Koninkrijk der Nederlanden gebo..;Sint Eustatius;2020;44;83;-39
192;Totaal mannen en vrouwen;Totaal;Buiten Koninkrijk der Nederlanden gebo..;Sint Eustatius;2021;89;22;67
193;Totaal mannen en vrouwen;Totaal;Buiten Koninkrijk der Nederlanden gebo..;Sint Eustatius;2022;93;42;51
194;Totaal mannen en vrouwen;Totaal;Buiten Koninkrijk der Nederlanden gebo..;Sint Eustatius;2023;95;119;-24
195;Totaal mannen en vrouwen;Totaal;Buiten Koninkrijk der Nederlanden gebo..;Saba;2011;356;209;147
196;Totaal mannen en vrouwen;Totaal;Buiten Koninkrijk der Nederlanden gebo..;Saba;2012;431;384;47
197;Totaal mannen en vrouwen;Totaal;Buiten Koninkrijk der Nederlanden gebo..;Saba;2013;248;392;-144
198;Totaal mannen en vrouwen;Totaal;Buiten Koninkrijk der Nederlanden gebo..;Saba;2014;289;354;-65
199;Totaal mannen en vrouwen;Totaal;Buiten Koninkrijk der Nederlanden gebo..;Saba;2015;276;178;98
200;Totaal mannen en vrouwen;Totaal;Buiten Koninkrijk der Nederlanden gebo..;Saba;2016;287;228;59
201;Totaal mannen en vrouwen;Totaal;Buiten Koninkrijk der Nederlanden gebo..;Saba;2017;244;116;128
202;Totaal mannen en vrouwen;Totaal;Buiten Koninkrijk der Nederlanden gebo..;Saba;2018;188;424;-236
203;Totaal mannen en vrouwen;Totaal;Buiten Koninkrijk der Nederlanden gebo..;Saba;2019;207;191;16
204;Totaal mannen en vrouwen;Totaal;Buiten Koninkrijk der Nederlanden gebo..;Saba;2020;92;114;-22
205;Totaal mannen en vrouwen;Totaal;Buiten Koninkrijk der Nederlanden gebo..;Saba;2021;142;133;9
206;Totaal mannen en vrouwen;Totaal;Buiten Koninkrijk der Nederlanden gebo..;Saba;2022;209;81;128
207;Totaal mannen en vrouwen;Totaal;Buiten Koninkrijk der Nederlanden gebo..;Saba;2023;201;146;55
208;Totaal mannen en vrouwen;Totaal;Afrika;Caribisch Nederland;2011;37;19;18
209;Totaal mannen en vrouwen;Totaal;Afrika;Caribisch Nederland;2012;54;18;36
210;Totaal mannen en vrouwen;Totaal;Afrika;Caribisch Nederland;2013;22;24;-2
211;Totaal mannen en vrouwen;Totaal;Afrika;Caribisch Nederland;2014;17;28;-11
212;Totaal mannen en vrouwen;Totaal;Afrika;Caribisch Nederland;2015;28;40;-12
213;Totaal mannen en vrouwen;Totaal;Afrika;Caribisch Nederland;2016;23;63;-40
214;Totaal mannen en vrouwen;Totaal;Afrika;Caribisch Nederland;2017;28;28;0
215;Totaal mannen en vrouwen;Totaal;Afrika;Caribisch Nederland;2018;15;27;-12
216;Totaal mannen en vrouwen;Totaal;Afrika;Caribisch Nederland;2019;16;14;2
217;Totaal mannen en vrouwen;Totaal;Afrika;Caribisch Nederland;2020;10;7;3
218;Totaal mannen en vrouwen;Totaal;Afrika;Caribisch Nederland;2021;7;17;-10
219;Totaal mannen en vrouwen;Totaal;Afrika;Caribisch Nederland;2022;25;6;19
220;Totaal mannen en vrouwen;Totaal;Afrika;Caribisch Nederland;2023;25;15;10
221;Totaal mannen en vrouwen;Totaal;Afrika;Bonaire;2011;22;10;12
222;Totaal mannen en vrouwen;Totaal;Afrika;Bonaire;2012;26;3;23
223;Totaal mannen en vrouwen;Totaal;Afrika;Bonaire;2013;14;1;13
224;Totaal mannen en vrouwen;Totaal;Afrika;Bonaire;2014;6;8;-2
225;Totaal mannen en vrouwen;Totaal;Afrika;Bonaire;2015;7;8;-1
226;Totaal mannen en vrouwen;Totaal;Afrika;Bonaire;2016;7;45;-38
227;Totaal mannen en vrouwen;Totaal;Afrika;Bonaire;2017;6;17;-11
228;Totaal mannen en vrouwen;Totaal;Afrika;Bonaire;2018;9;5;4
229;Totaal mannen en vrouwen;Totaal;Afrika;Bonaire;2019;6;5;1
230;Totaal mannen en vrouwen;Totaal;Afrika;Bonaire;2020;4;1;3
231;Totaal mannen en vrouwen;Totaal;Afrika;Bonaire;2021;3;5;-2
232;Totaal mannen en vrouwen;Totaal;Afrika;Bonaire;2022;6;2;4
233;Totaal mannen en vrouwen;Totaal;Afrika;Bonaire;2023;15;5;10
234;Totaal mannen en vrouwen;Totaal;Afrika;Sint Eustatius;2011;5;6;-1
235;Totaal mannen en vrouwen;Totaal;Afrika;Sint Eustatius;2012;6;2;4
236;Totaal mannen en vrouwen;Totaal;Afrika;Sint Eustatius;2013;1;4;-3
237;Totaal mannen en vrouwen;Totaal;Afrika;Sint Eustatius;2014;1;7;-6
238;Totaal mannen en vrouwen;Totaal;Afrika;Sint Eustatius;2015;1;27;-26
239;Totaal mannen en vrouwen;Totaal;Afrika;Sint Eustatius;2016;0;0;0
240;Totaal mannen en vrouwen;Totaal;Afrika;Sint Eustatius;2017;1;0;1
241;Totaal mannen en vrouwen;Totaal;Afrika;Sint Eustatius;2018;0;1;-1
242;Totaal mannen en vrouwen;Totaal;Afrika;Sint Eustatius;2019;0;1;-1
243;Totaal mannen en vrouwen;Totaal;Afrika;Sint Eustatius;2020;4;0;4
244;Totaal mannen en vrouwen;Totaal;Afrika;Sint Eustatius;2021;0;2;-2
245;Totaal mannen en vrouwen;Totaal;Afrika;Sint Eustatius;2022;4;0;4
246;Totaal mannen en vrouwen;Totaal;Afrika;Sint Eustatius;2023;3;2;1
247;Totaal mannen en vrouwen;Totaal;Afrika;Saba;2011;10;3;7
248;Totaal mannen en vrouwen;Totaal;Afrika;Saba;2012;22;13;9
249;Totaal mannen en vrouwen;Totaal;Afrika;Saba;2013;7;19;-12
250;Totaal mannen en vrouwen;Totaal;Afrika;Saba;2014;10;13;-3
251;Totaal mannen en vrouwen;Totaal;Afrika;Saba;2015;20;5;15
252;Totaal mannen en vrouwen;Totaal;Afrika;Saba;2016;16;18;-2
253;Totaal mannen en vrouwen;Totaal;Afrika;Saba;2017;21;11;10
254;Totaal mannen en vrouwen;Totaal;Afrika;Saba;2018;6;21;-15
255;Totaal mannen en vrouwen;Totaal;Afrika;Saba;2019;10;8;2
256;Totaal mannen en vrouwen;Totaal;Afrika;Saba;2020;2;6;-4
257;Totaal mannen en vrouwen;Totaal;Afrika;Saba;2021;4;10;-6
258;Totaal mannen en vrouwen;Totaal;Afrika;Saba;2022;15;4;11
259;Totaal mannen en vrouwen;Totaal;Afrika;Saba;2023;7;8;-1
260;Totaal mannen en vrouwen;Totaal;Amerika;Caribisch Nederland;2011;1246;841;405
261;Totaal mannen en vrouwen;Totaal;Amerika;Caribisch Nederland;2012;1368;888;480
262;Totaal mannen en vrouwen;Totaal;Amerika;Caribisch Nederland;2013;1311;836;475
263;Totaal mannen en vrouwen;Totaal;Amerika;Caribisch Nederland;2014;1063;890;173
264;Totaal mannen en vrouwen;Totaal;Amerika;Caribisch Nederland;2015;1026;1236;-210
265;Totaal mannen en vrouwen;Totaal;Amerika;Caribisch Nederland;2016;1070;1263;-193
266;Totaal mannen en vrouwen;Totaal;Amerika;Caribisch Nederland;2017;1148;883;265
267;Totaal mannen en vrouwen;Totaal;Amerika;Caribisch Nederland;2018;1013;1059;-46
268;Totaal mannen en vrouwen;Totaal;Amerika;Caribisch Nederland;2019;1197;726;471
269;Totaal mannen en vrouwen;Totaal;Amerika;Caribisch Nederland;2020;975;536;439
270;Totaal mannen en vrouwen;Totaal;Amerika;Caribisch Nederland;2021;1250;674;576
271;Totaal mannen en vrouwen;Totaal;Amerika;Caribisch Nederland;2022;1581;583;998
272;Totaal mannen en vrouwen;Totaal;Amerika;Caribisch Nederland;2023;1513;802;711
273;Totaal mannen en vrouwen;Totaal;Amerika;Bonaire;2011;812;561;251
274;Totaal mannen en vrouwen;Totaal;Amerika;Bonaire;2012;912;517;395
275;Totaal mannen en vrouwen;Totaal;Amerika;Bonaire;2013;894;377;517
276;Totaal mannen en vrouwen;Totaal;Amerika;Bonaire;2014;736;458;278
277;Totaal mannen en vrouwen;Totaal;Amerika;Bonaire;2015;713;411;302
278;Totaal mannen en vrouwen;Totaal;Amerika;Bonaire;2016;723;1034;-311
279;Totaal mannen en vrouwen;Totaal;Amerika;Bonaire;2017;780;689;91
280;Totaal mannen en vrouwen;Totaal;Amerika;Bonaire;2018;757;459;298
281;Totaal mannen en vrouwen;Totaal;Amerika;Bonaire;2019;896;421;475
282;Totaal mannen en vrouwen;Totaal;Amerika;Bonaire;2020;825;326;499
283;Totaal mannen en vrouwen;Totaal;Amerika;Bonaire;2021;1000;503;497
284;Totaal mannen en vrouwen;Totaal;Amerika;Bonaire;2022;1313;430;883
285;Totaal mannen en vrouwen;Totaal;Amerika;Bonaire;2023;1210;476;734
286;Totaal mannen en vrouwen;Totaal;Amerika;Sint Eustatius;2011;176;111;65
287;Totaal mannen en vrouwen;Totaal;Amerika;Sint Eustatius;2012;169;98;71
288;Totaal mannen en vrouwen;Totaal;Amerika;Sint Eustatius;2013;244;202;42
289;Totaal mannen en vrouwen;Totaal;Amerika;Sint Eustatius;2014;117;197;-80
290;Totaal mannen en vrouwen;Totaal;Amerika;Sint Eustatius;2015;125;711;-586
291;Totaal mannen en vrouwen;Totaal;Amerika;Sint Eustatius;2016;129;75;54
292;Totaal mannen en vrouwen;Totaal;Amerika;Sint Eustatius;2017;190;92;98
293;Totaal mannen en vrouwen;Totaal;Amerika;Sint Eustatius;2018;109;295;-186
294;Totaal mannen en vrouwen;Totaal;Amerika;Sint Eustatius;2019;145;153;-8
295;Totaal mannen en vrouwen;Totaal;Amerika;Sint Eustatius;2020;71;119;-48
296;Totaal mannen en vrouwen;Totaal;Amerika;Sint Eustatius;2021;124;63;61
297;Totaal mannen en vrouwen;Totaal;Amerika;Sint Eustatius;2022;115;86;29
298;Totaal mannen en vrouwen;Totaal;Amerika;Sint Eustatius;2023;133;211;-78
299;Totaal mannen en vrouwen;Totaal;Amerika;Saba;2011;258;169;89
300;Totaal mannen en vrouwen;Totaal;Amerika;Saba;2012;287;273;14
301;Totaal mannen en vrouwen;Totaal;Amerika;Saba;2013;173;257;-84
302;Totaal mannen en vrouwen;Totaal;Amerika;Saba;2014;210;235;-25
303;Totaal mannen en vrouwen;Totaal;Amerika;Saba;2015;188;114;74
304;Totaal mannen en vrouwen;Totaal;Amerika;Saba;2016;218;154;64
305;Totaal mannen en vrouwen;Totaal;Amerika;Saba;2017;178;102;76
306;Totaal mannen en vrouwen;Totaal;Amerika;Saba;2018;147;305;-158
307;Totaal mannen en vrouwen;Totaal;Amerika;Saba;2019;156;152;4
308;Totaal mannen en vrouwen;Totaal;Amerika;Saba;2020;79;91;-12
309;Totaal mannen en vrouwen;Totaal;Amerika;Saba;2021;126;108;18
310;Totaal mannen en vrouwen;Totaal;Amerika;Saba;2022;153;67;86
311;Totaal mannen en vrouwen;Totaal;Amerika;Saba;2023;170;115;55
312;Totaal mannen en vrouwen;Totaal;Azië;Caribisch Nederland;2011;216;130;86
313;Totaal mannen en vrouwen;Totaal;Azië;Caribisch Nederland;2012;250;169;81
314;Totaal mannen en vrouwen;Totaal;Azië;Caribisch Nederland;2013;168;153;15
315;Totaal mannen en vrouwen;Totaal;Azië;Caribisch Nederland;2014;114;157;-43
316;Totaal mannen en vrouwen;Totaal;Azië;Caribisch Nederland;2015;132;143;-11
317;Totaal mannen en vrouwen;Totaal;Azië;Caribisch Nederland;2016;122;216;-94
318;Totaal mannen en vrouwen;Totaal;Azië;Caribisch Nederland;2017;115;61;54
319;Totaal mannen en vrouwen;Totaal;Azië;Caribisch Nederland;2018;77;122;-45
320;Totaal mannen en vrouwen;Totaal;Azië;Caribisch Nederland;2019;70;68;2
321;Totaal mannen en vrouwen;Totaal;Azië;Caribisch Nederland;2020;35;40;-5
322;Totaal mannen en vrouwen;Totaal;Azië;Caribisch Nederland;2021;67;50;17
323;Totaal mannen en vrouwen;Totaal;Azië;Caribisch Nederland;2022;88;26;62
324;Totaal mannen en vrouwen;Totaal;Azië;Caribisch Nederland;2023;100;47;53
325;Totaal mannen en vrouwen;Totaal;Azië;Bonaire;2011;112;57;55
326;Totaal mannen en vrouwen;Totaal;Azië;Bonaire;2012;107;55;52
327;Totaal mannen en vrouwen;Totaal;Azië;Bonaire;2013;70;9;61
328;Totaal mannen en vrouwen;Totaal;Azië;Bonaire;2014;31;26;5
329;Totaal mannen en vrouwen;Totaal;Azië;Bonaire;2015;60;46;14
330;Totaal mannen en vrouwen;Totaal;Azië;Bonaire;2016;52;149;-97
331;Totaal mannen en vrouwen;Totaal;Azië;Bonaire;2017;55;31;24
332;Totaal mannen en vrouwen;Totaal;Azië;Bonaire;2018;29;14;15
333;Totaal mannen en vrouwen;Totaal;Azië;Bonaire;2019;20;16;4
334;Totaal mannen en vrouwen;Totaal;Azië;Bonaire;2020;18;11;7
335;Totaal mannen en vrouwen;Totaal;Azië;Bonaire;2021;29;23;6
336;Totaal mannen en vrouwen;Totaal;Azië;Bonaire;2022;29;5;24
337;Totaal mannen en vrouwen;Totaal;Azië;Bonaire;2023;52;4;48
338;Totaal mannen en vrouwen;Totaal;Azië;Sint Eustatius;2011;24;21;3
339;Totaal mannen en vrouwen;Totaal;Azië;Sint Eustatius;2012;32;9;23
340;Totaal mannen en vrouwen;Totaal;Azië;Sint Eustatius;2013;25;38;-13
341;Totaal mannen en vrouwen;Totaal;Azië;Sint Eustatius;2014;9;24;-15
342;Totaal mannen en vrouwen;Totaal;Azië;Sint Eustatius;2015;10;44;-34
343;Totaal mannen en vrouwen;Totaal;Azië;Sint Eustatius;2016;6;2;4
344;Totaal mannen en vrouwen;Totaal;Azië;Sint Eustatius;2017;3;12;-9
345;Totaal mannen en vrouwen;Totaal;Azië;Sint Eustatius;2018;4;16;-12
346;Totaal mannen en vrouwen;Totaal;Azië;Sint Eustatius;2019;6;14;-8
347;Totaal mannen en vrouwen;Totaal;Azië;Sint Eustatius;2020;0;2;-2
348;Totaal mannen en vrouwen;Totaal;Azië;Sint Eustatius;2021;23;0;23
349;Totaal mannen en vrouwen;Totaal;Azië;Sint Eustatius;2022;9;3;6
350;Totaal mannen en vrouwen;Totaal;Azië;Sint Eustatius;2023;3;9;-6
351;Totaal mannen en vrouwen;Totaal;Azië;Saba;2011;80;52;28
352;Totaal mannen en vrouwen;Totaal;Azië;Saba;2012;111;105;6
353;Totaal mannen en vrouwen;Totaal;Azië;Saba;2013;73;106;-33
354;Totaal mannen en vrouwen;Totaal;Azië;Saba;2014;74;107;-33
355;Totaal mannen en vrouwen;Totaal;Azië;Saba;2015;62;53;9
356;Totaal mannen en vrouwen;Totaal;Azië;Saba;2016;64;65;-1
357;Totaal mannen en vrouwen;Totaal;Azië;Saba;2017;57;18;39
358;Totaal mannen en vrouwen;Totaal;Azië;Saba;2018;44;92;-48
359;Totaal mannen en vrouwen;Totaal;Azië;Saba;2019;44;38;6
360;Totaal mannen en vrouwen;Totaal;Azië;Saba;2020;17;27;-10
361;Totaal mannen en vrouwen;Totaal;Azië;Saba;2021;15;27;-12
362;Totaal mannen en vrouwen;Totaal;Azië;Saba;2022;50;18;32
363;Totaal mannen en vrouwen;Totaal;Azië;Saba;2023;45;34;11
364;Totaal mannen en vrouwen;Totaal;Europa (inclusief Nederland);Caribisch Nederland;2011;733;291;442
365;Totaal mannen en vrouwen;Totaal;Europa (inclusief Nederland);Caribisch Nederland;2012;587;307;280
366;Totaal mannen en vrouwen;Totaal;Europa (inclusief Nederland);Caribisch Nederland;2013;679;345;334
367;Totaal mannen en vrouwen;Totaal;Europa (inclusief Nederland);Caribisch Nederland;2014;541;447;94
368;Totaal mannen en vrouwen;Totaal;Europa (inclusief Nederland);Caribisch Nederland;2015;552;455;97
369;Totaal mannen en vrouwen;Totaal;Europa (inclusief Nederland);Caribisch Nederland;2016;583;489;94
370;Totaal mannen en vrouwen;Totaal;Europa (inclusief Nederland);Caribisch Nederland;2017;608;431;177
371;Totaal mannen en vrouwen;Totaal;Europa (inclusief Nederland);Caribisch Nederland;2018;576;527;49
372;Totaal mannen en vrouwen;Totaal;Europa (inclusief Nederland);Caribisch Nederland;2019;617;404;213
373;Totaal mannen en vrouwen;Totaal;Europa (inclusief Nederland);Caribisch Nederland;2020;643;415;228
374;Totaal mannen en vrouwen;Totaal;Europa (inclusief Nederland);Caribisch Nederland;2021;635;408;227
375;Totaal mannen en vrouwen;Totaal;Europa (inclusief Nederland);Caribisch Nederland;2022;977;481;496
376;Totaal mannen en vrouwen;Totaal;Europa (inclusief Nederland);Caribisch Nederland;2023;649;522;127
377;Totaal mannen en vrouwen;Totaal;Europa (inclusief Nederland);Bonaire;2011;591;220;371
378;Totaal mannen en vrouwen;Totaal;Europa (inclusief Nederland);Bonaire;2012;478;245;233
379;Totaal mannen en vrouwen;Totaal;Europa (inclusief Nederland);Bonaire;2013;545;271;274
380;Totaal mannen en vrouwen;Totaal;Europa (inclusief Nederland);Bonaire;2014;439;330;109
381;Totaal mannen en vrouwen;Totaal;Europa (inclusief Nederland);Bonaire;2015;464;360;104
382;Totaal mannen en vrouwen;Totaal;Europa (inclusief Nederland);Bonaire;2016;509;420;89
383;Totaal mannen en vrouwen;Totaal;Europa (inclusief Nederland);Bonaire;2017;538;375;163
384;Totaal mannen en vrouwen;Totaal;Europa (inclusief Nederland);Bonaire;2018;488;400;88
385;Totaal mannen en vrouwen;Totaal;Europa (inclusief Nederland);Bonaire;2019;549;315;234
386;Totaal mannen en vrouwen;Totaal;Europa (inclusief Nederland);Bonaire;2020;570;360;210
387;Totaal mannen en vrouwen;Totaal;Europa (inclusief Nederland);Bonaire;2021;553;323;230
388;Totaal mannen en vrouwen;Totaal;Europa (inclusief Nederland);Bonaire;2022;909;409;500
389;Totaal mannen en vrouwen;Totaal;Europa (inclusief Nederland);Bonaire;2023;596;447;149
390;Totaal mannen en vrouwen;Totaal;Europa (inclusief Nederland);Sint Eustatius;2011;84;45;39
391;Totaal mannen en vrouwen;Totaal;Europa (inclusief Nederland);Sint Eustatius;2012;63;31;32
392;Totaal mannen en vrouwen;Totaal;Europa (inclusief Nederland);Sint Eustatius;2013;86;27;59
393;Totaal mannen en vrouwen;Totaal;Europa (inclusief Nederland);Sint Eustatius;2014;44;82;-38
394;Totaal mannen en vrouwen;Totaal;Europa (inclusief Nederland);Sint Eustatius;2015;34;63;-29
395;Totaal mannen en vrouwen;Totaal;Europa (inclusief Nederland);Sint Eustatius;2016;35;33;2
396;Totaal mannen en vrouwen;Totaal;Europa (inclusief Nederland);Sint Eustatius;2017;38;37;1
397;Totaal mannen en vrouwen;Totaal;Europa (inclusief Nederland);Sint Eustatius;2018;56;74;-18
398;Totaal mannen en vrouwen;Totaal;Europa (inclusief Nederland);Sint Eustatius;2019;50;45;5
399;Totaal mannen en vrouwen;Totaal;Europa (inclusief Nederland);Sint Eustatius;2020;40;25;15
400;Totaal mannen en vrouwen;Totaal;Europa (inclusief Nederland);Sint Eustatius;2021;33;52;-19
401;Totaal mannen en vrouwen;Totaal;Europa (inclusief Nederland);Sint Eustatius;2022;38;30;8
402;Totaal mannen en vrouwen;Totaal;Europa (inclusief Nederland);Sint Eustatius;2023;29;47;-18
403;Totaal mannen en vrouwen;Totaal;Europa (inclusief Nederland);Saba;2011;58;26;32
404;Totaal mannen en vrouwen;Totaal;Europa (inclusief Nederland);Saba;2012;46;31;15
405;Totaal mannen en vrouwen;Totaal;Europa (inclusief Nederland);Saba;2013;48;47;1
406;Totaal mannen en vrouwen;Totaal;Europa (inclusief Nederland);Saba;2014;58;35;23
407;Totaal mannen en vrouwen;Totaal;Europa (inclusief Nederland);Saba;2015;54;32;22
408;Totaal mannen en vrouwen;Totaal;Europa (inclusief Nederland);Saba;2016;39;36;3
409;Totaal mannen en vrouwen;Totaal;Europa (inclusief Nederland);Saba;2017;32;19;13
410;Totaal mannen en vrouwen;Totaal;Europa (inclusief Nederland);Saba;2018;32;53;-21
411;Totaal mannen en vrouwen;Totaal;Europa (inclusief Nederland);Saba;2019;18;44;-26
412;Totaal mannen en vrouwen;Totaal;Europa (inclusief Nederland);Saba;2020;33;30;3
413;Totaal mannen en vrouwen;Totaal;Europa (inclusief Nederland);Saba;2021;49;33;16
414;Totaal mannen en vrouwen;Totaal;Europa (inclusief Nederland);Saba;2022;30;42;-12
415;Totaal mannen en vrouwen;Totaal;Europa (inclusief Nederland);Saba;2023;24;28;-4
416;Totaal mannen en vrouwen;Totaal;Europa (exclusief Nederland);Caribisch Nederland;2011;136;48;88
417;Totaal mannen en vrouwen;Totaal;Europa (exclusief Nederland);Caribisch Nederland;2012;103;51;52
418;Totaal mannen en vrouwen;Totaal;Europa (exclusief Nederland);Caribisch Nederland;2013;100;47;53
419;Totaal mannen en vrouwen;Totaal;Europa (exclusief Nederland);Caribisch Nederland;2014;75;94;-19
420;Totaal mannen en vrouwen;Totaal;Europa (exclusief Nederland);Caribisch Nederland;2015;71;54;17
421;Totaal mannen en vrouwen;Totaal;Europa (exclusief Nederland);Caribisch Nederland;2016;72;101;-29
422;Totaal mannen en vrouwen;Totaal;Europa (exclusief Nederland);Caribisch Nederland;2017;71;42;29
423;Totaal mannen en vrouwen;Totaal;Europa (exclusief Nederland);Caribisch Nederland;2018;74;102;-28
424;Totaal mannen en vrouwen;Totaal;Europa (exclusief Nederland);Caribisch Nederland;2019;80;53;27
425;Totaal mannen en vrouwen;Totaal;Europa (exclusief Nederland);Caribisch Nederland;2020;58;30;28
426;Totaal mannen en vrouwen;Totaal;Europa (exclusief Nederland);Caribisch Nederland;2021;62;35;27
427;Totaal mannen en vrouwen;Totaal;Europa (exclusief Nederland);Caribisch Nederland;2022;91;42;49
428;Totaal mannen en vrouwen;Totaal;Europa (exclusief Nederland);Caribisch Nederland;2023;71;45;26
429;Totaal mannen en vrouwen;Totaal;Europa (exclusief Nederland);Bonaire;2011;64;22;42
430;Totaal mannen en vrouwen;Totaal;Europa (exclusief Nederland);Bonaire;2012;56;25;31
431;Totaal mannen en vrouwen;Totaal;Europa (exclusief Nederland);Bonaire;2013;62;10;52
432;Totaal mannen en vrouwen;Totaal;Europa (exclusief Nederland);Bonaire;2014;40;22;18
433;Totaal mannen en vrouwen;Totaal;Europa (exclusief Nederland);Bonaire;2015;35;16;19
434;Totaal mannen en vrouwen;Totaal;Europa (exclusief Nederland);Bonaire;2016;49;82;-33
435;Totaal mannen en vrouwen;Totaal;Europa (exclusief Nederland);Bonaire;2017;51;26;25
436;Totaal mannen en vrouwen;Totaal;Europa (exclusief Nederland);Bonaire;2018;39;27;12
437;Totaal mannen en vrouwen;Totaal;Europa (exclusief Nederland);Bonaire;2019;54;23;31
438;Totaal mannen en vrouwen;Totaal;Europa (exclusief Nederland);Bonaire;2020;44;16;28
439;Totaal mannen en vrouwen;Totaal;Europa (exclusief Nederland);Bonaire;2021;34;21;13
440;Totaal mannen en vrouwen;Totaal;Europa (exclusief Nederland);Bonaire;2022;70;19;51
441;Totaal mannen en vrouwen;Totaal;Europa (exclusief Nederland);Bonaire;2023;57;26;31
442;Totaal mannen en vrouwen;Totaal;Europa (exclusief Nederland);Sint Eustatius;2011;33;7;26
443;Totaal mannen en vrouwen;Totaal;Europa (exclusief Nederland);Sint Eustatius;2012;21;6;15
444;Totaal mannen en vrouwen;Totaal;Europa (exclusief Nederland);Sint Eustatius;2013;14;6;8
445;Totaal mannen en vrouwen;Totaal;Europa (exclusief Nederland);Sint Eustatius;2014;9;49;-40
446;Totaal mannen en vrouwen;Totaal;Europa (exclusief Nederland);Sint Eustatius;2015;11;22;-11
447;Totaal mannen en vrouwen;Totaal;Europa (exclusief Nederland);Sint Eustatius;2016;8;1;7
448;Totaal mannen en vrouwen;Totaal;Europa (exclusief Nederland);Sint Eustatius;2017;6;11;-5
449;Totaal mannen en vrouwen;Totaal;Europa (exclusief Nederland);Sint Eustatius;2018;20;37;-17
450;Totaal mannen en vrouwen;Totaal;Europa (exclusief Nederland);Sint Eustatius;2019;17;13;4
451;Totaal mannen en vrouwen;Totaal;Europa (exclusief Nederland);Sint Eustatius;2020;7;4;3
452;Totaal mannen en vrouwen;Totaal;Europa (exclusief Nederland);Sint Eustatius;2021;5;4;1
453;Totaal mannen en vrouwen;Totaal;Europa (exclusief Nederland);Sint Eustatius;2022;9;10;-1
454;Totaal mannen en vrouwen;Totaal;Europa (exclusief Nederland);Sint Eustatius;2023;10;8;2
455;Totaal mannen en vrouwen;Totaal;Europa (exclusief Nederland);Saba;2011;39;19;20
456;Totaal mannen en vrouwen;Totaal;Europa (exclusief Nederland);Saba;2012;26;20;6
457;Totaal mannen en vrouwen;Totaal;Europa (exclusief Nederland);Saba;2013;24;31;-7
458;Totaal mannen en vrouwen;Totaal;Europa (exclusief Nederland);Saba;2014;26;23;3
459;Totaal mannen en vrouwen;Totaal;Europa (exclusief Nederland);Saba;2015;25;16;9
460;Totaal mannen en vrouwen;Totaal;Europa (exclusief Nederland);Saba;2016;15;18;-3
461;Totaal mannen en vrouwen;Totaal;Europa (exclusief Nederland);Saba;2017;14;5;9
462;Totaal mannen en vrouwen;Totaal;Europa (exclusief Nederland);Saba;2018;15;38;-23
463;Totaal mannen en vrouwen;Totaal;Europa (exclusief Nederland);Saba;2019;9;17;-8
464;Totaal mannen en vrouwen;Totaal;Europa (exclusief Nederland);Saba;2020;7;10;-3
465;Totaal mannen en vrouwen;Totaal;Europa (exclusief Nederland);Saba;2021;23;10;13
466;Totaal mannen en vrouwen;Totaal;Europa (exclusief Nederland);Saba;2022;12;13;-1
467;Totaal mannen en vrouwen;Totaal;Europa (exclusief Nederland);Saba;2023;4;11;-7
468;Totaal mannen en vrouwen;Totaal;Oceanië;Caribisch Nederland;2011;2;4;-2
469;Totaal mannen en vrouwen;Totaal;Oceanië;Caribisch Nederland;2012;2;0;2
470;Totaal mannen en vrouwen;Totaal;Oceanië;Caribisch Nederland;2013;4;2;2
471;Totaal mannen en vrouwen;Totaal;Oceanië;Caribisch Nederland;2014;2;1;1
472;Totaal mannen en vrouwen;Totaal;Oceanië;Caribisch Nederland;2015;2;5;-3
473;Totaal mannen en vrouwen;Totaal;Oceanië;Caribisch Nederland;2016;1;3;-2
474;Totaal mannen en vrouwen;Totaal;Oceanië;Caribisch Nederland;2017;2;3;-1
475;Totaal mannen en vrouwen;Totaal;Oceanië;Caribisch Nederland;2018;0;2;-2
476;Totaal mannen en vrouwen;Totaal;Oceanië;Caribisch Nederland;2019;4;2;2
477;Totaal mannen en vrouwen;Totaal;Oceanië;Caribisch Nederland;2020;4;1;3
478;Totaal mannen en vrouwen;Totaal;Oceanië;Caribisch Nederland;2021;2;3;-1
479;Totaal mannen en vrouwen;Totaal;Oceanië;Caribisch Nederland;2022;4;5;-1
480;Totaal mannen en vrouwen;Totaal;Oceanië;Caribisch Nederland;2023;1;2;-1
481;Totaal mannen en vrouwen;Totaal;Oceanië;Bonaire;2011;2;1;1
482;Totaal mannen en vrouwen;Totaal;Oceanië;Bonaire;2012;0;0;0
483;Totaal mannen en vrouwen;Totaal;Oceanië;Bonaire;2013;2;0;2
484;Totaal mannen en vrouwen;Totaal;Oceanië;Bonaire;2014;1;0;1
485;Totaal mannen en vrouwen;Totaal;Oceanië;Bonaire;2015;1;1;0
486;Totaal mannen en vrouwen;Totaal;Oceanië;Bonaire;2016;0;1;-1
487;Totaal mannen en vrouwen;Totaal;Oceanië;Bonaire;2017;2;3;-1
488;Totaal mannen en vrouwen;Totaal;Oceanië;Bonaire;2018;0;1;-1
489;Totaal mannen en vrouwen;Totaal;Oceanië;Bonaire;2019;4;1;3
490;Totaal mannen en vrouwen;Totaal;Oceanië;Bonaire;2020;1;1;0
491;Totaal mannen en vrouwen;Totaal;Oceanië;Bonaire;2021;1;3;-2
492;Totaal mannen en vrouwen;Totaal;Oceanië;Bonaire;2022;4;2;2
493;Totaal mannen en vrouwen;Totaal;Oceanië;Bonaire;2023;1;1;0
494;Totaal mannen en vrouwen;Totaal;Oceanië;Sint Eustatius;2011;0;0;0
495;Totaal mannen en vrouwen;Totaal;Oceanië;Sint Eustatius;2012;0;0;0
496;Totaal mannen en vrouwen;Totaal;Oceanië;Sint Eustatius;2013;0;0;0
497;Totaal mannen en vrouwen;Totaal;Oceanië;Sint Eustatius;2014;0;0;0
498;Totaal mannen en vrouwen;Totaal;Oceanië;Sint Eustatius;2015;0;4;-4
499;Totaal mannen en vrouwen;Totaal;Oceanië;Sint Eustatius;2016;0;0;0
500;Totaal mannen en vrouwen;Totaal;Oceanië;Sint Eustatius;2017;0;0;0
501;Totaal mannen en vrouwen;Totaal;Oceanië;Sint Eustatius;2018;0;0;0
502;Totaal mannen en vrouwen;Totaal;Oceanië;Sint Eustatius;2019;0;0;0
503;Totaal mannen en vrouwen;Totaal;Oceanië;Sint Eustatius;2020;0;0;0
504;Totaal mannen en vrouwen;Totaal;Oceanië;Sint Eustatius;2021;0;0;0
505;Totaal mannen en vrouwen;Totaal;Oceanië;Sint Eustatius;2022;0;0;0
506;Totaal mannen en vrouwen;Totaal;Oceanië;Sint Eustatius;2023;0;0;0
507;Totaal mannen en vrouwen;Totaal;Oceanië;Saba;2011;0;3;-3
508;Totaal mannen en vrouwen;Totaal;Oceanië;Saba;2012;2;0;2
509;Totaal mannen en vrouwen;Totaal;Oceanië;Saba;2013;2;2;0
510;Totaal mannen en vrouwen;Totaal;Oceanië;Saba;2014;1;1;0
511;Totaal mannen en vrouwen;Totaal;Oceanië;Saba;2015;1;0;1
512;Totaal mannen en vrouwen;Totaal;Oceanië;Saba;2016;1;2;-1
513;Totaal mannen en vrouwen;Totaal;Oceanië;Saba;2017;0;0;0
514;Totaal mannen en vrouwen;Totaal;Oceanië;Saba;2018;0;1;-1
515;Totaal mannen en vrouwen;Totaal;Oceanië;Saba;2019;0;1;-1
516;Totaal mannen en vrouwen;Totaal;Oceanië;Saba;2020;3;0;3
517;Totaal mannen en vrouwen;Totaal;Oceanië;Saba;2021;1;0;1
518;Totaal mannen en vrouwen;Totaal;Oceanië;Saba;2022;0;3;-3
519;Totaal mannen en vrouwen;Totaal;Oceanië;Saba;2023;0;1;-1
520;Totaal mannen en vrouwen;Totaal;Midden- en Zuid-Amerika;Caribisch Nederland;2011;864;676;188
521;Totaal mannen en vrouwen;Totaal;Midden- en Zuid-Amerika;Caribisch Nederland;2012;983;624;359
522;Totaal mannen en vrouwen;Totaal;Midden- en Zuid-Amerika;Caribisch Nederland;2013;1071;535;536
523;Totaal mannen en vrouwen;Totaal;Midden- en Zuid-Amerika;Caribisch Nederland;2014;864;598;266
524;Totaal mannen en vrouwen;Totaal;Midden- en Zuid-Amerika;Caribisch Nederland;2015;844;842;2
525;Totaal mannen en vrouwen;Totaal;Midden- en Zuid-Amerika;Caribisch Nederland;2016;877;871;6
526;Totaal mannen en vrouwen;Totaal;Midden- en Zuid-Amerika;Caribisch Nederland;2017;966;754;212
527;Totaal mannen en vrouwen;Totaal;Midden- en Zuid-Amerika;Caribisch Nederland;2018;867;804;63
528;Totaal mannen en vrouwen;Totaal;Midden- en Zuid-Amerika;Caribisch Nederland;2019;1029;600;429
529;Totaal mannen en vrouwen;Totaal;Midden- en Zuid-Amerika;Caribisch Nederland;2020;880;477;403
530;Totaal mannen en vrouwen;Totaal;Midden- en Zuid-Amerika;Caribisch Nederland;2021;1159;590;569
531;Totaal mannen en vrouwen;Totaal;Midden- en Zuid-Amerika;Caribisch Nederland;2022;1385;542;843
532;Totaal mannen en vrouwen;Totaal;Midden- en Zuid-Amerika;Caribisch Nederland;2023;1371;713;658
533;Totaal mannen en vrouwen;Totaal;Midden- en Zuid-Amerika;Bonaire;2011;675;520;155
534;Totaal mannen en vrouwen;Totaal;Midden- en Zuid-Amerika;Bonaire;2012;801;484;317
535;Totaal mannen en vrouwen;Totaal;Midden- en Zuid-Amerika;Bonaire;2013;810;372;438
536;Totaal mannen en vrouwen;Totaal;Midden- en Zuid-Amerika;Bonaire;2014;685;425;260
537;Totaal mannen en vrouwen;Totaal;Midden- en Zuid-Amerika;Bonaire;2015;667;382;285
538;Totaal mannen en vrouwen;Totaal;Midden- en Zuid-Amerika;Bonaire;2016;691;751;-60
539;Totaal mannen en vrouwen;Totaal;Midden- en Zuid-Amerika;Bonaire;2017;727;634;93
540;Totaal mannen en vrouwen;Totaal;Midden- en Zuid-Amerika;Bonaire;2018;715;449;266
541;Totaal mannen en vrouwen;Totaal;Midden- en Zuid-Amerika;Bonaire;2019;832;409;423
542;Totaal mannen en vrouwen;Totaal;Midden- en Zuid-Amerika;Bonaire;2020;776;318;458
543;Totaal mannen en vrouwen;Totaal;Midden- en Zuid-Amerika;Bonaire;2021;956;493;463
544;Totaal mannen en vrouwen;Totaal;Midden- en Zuid-Amerika;Bonaire;2022;1198;427;771
545;Totaal mannen en vrouwen;Totaal;Midden- en Zuid-Amerika;Bonaire;2023;1143;471;672
546;Totaal mannen en vrouwen;Totaal;Midden- en Zuid-Amerika;Sint Eustatius;2011;128;86;42
547;Totaal mannen en vrouwen;Totaal;Midden- en Zuid-Amerika;Sint Eustatius;2012;119;80;39
548;Totaal mannen en vrouwen;Totaal;Midden- en Zuid-Amerika;Sint Eustatius;2013;188;122;66
549;Totaal mannen en vrouwen;Totaal;Midden- en Zuid-Amerika;Sint Eustatius;2014;105;120;-15
550;Totaal mannen en vrouwen;Totaal;Midden- en Zuid-Amerika;Sint Eustatius;2015;116;439;-323
551;Totaal mannen en vrouwen;Totaal;Midden- en Zuid-Amerika;Sint Eustatius;2016;126;73;53
552;Totaal mannen en vrouwen;Totaal;Midden- en Zuid-Amerika;Sint Eustatius;2017;184;81;103
553;Totaal mannen en vrouwen;Totaal;Midden- en Zuid-Amerika;Sint Eustatius;2018;98;261;-163
554;Totaal mannen en vrouwen;Totaal;Midden- en Zuid-Amerika;Sint Eustatius;2019;137;139;-2
555;Totaal mannen en vrouwen;Totaal;Midden- en Zuid-Amerika;Sint Eustatius;2020;67;118;-51
556;Totaal mannen en vrouwen;Totaal;Midden- en Zuid-Amerika;Sint Eustatius;2021;119;60;59
557;Totaal mannen en vrouwen;Totaal;Midden- en Zuid-Amerika;Sint Eustatius;2022;101;82;19
558;Totaal mannen en vrouwen;Totaal;Midden- en Zuid-Amerika;Sint Eustatius;2023;130;194;-64
559;Totaal mannen en vrouwen;Totaal;Midden- en Zuid-Amerika;Saba;2011;61;70;-9
560;Totaal mannen en vrouwen;Totaal;Midden- en Zuid-Amerika;Saba;2012;63;60;3
561;Totaal mannen en vrouwen;Totaal;Midden- en Zuid-Amerika;Saba;2013;73;41;32
562;Totaal mannen en vrouwen;Totaal;Midden- en Zuid-Amerika;Saba;2014;74;53;21
563;Totaal mannen en vrouwen;Totaal;Midden- en Zuid-Amerika;Saba;2015;61;21;40
564;Totaal mannen en vrouwen;Totaal;Midden- en Zuid-Amerika;Saba;2016;60;47;13
565;Totaal mannen en vrouwen;Totaal;Midden- en Zuid-Amerika;Saba;2017;55;39;16
566;Totaal mannen en vrouwen;Totaal;Midden- en Zuid-Amerika;Saba;2018;54;94;-40
567;Totaal mannen en vrouwen;Totaal;Midden- en Zuid-Amerika;Saba;2019;60;52;8
568;Totaal mannen en vrouwen;Totaal;Midden- en Zuid-Amerika;Saba;2020;37;41;-4
569;Totaal mannen en vrouwen;Totaal;Midden- en Zuid-Amerika;Saba;2021;84;37;47
570;Totaal mannen en vrouwen;Totaal;Midden- en Zuid-Amerika;Saba;2022;86;33;53
571;Totaal mannen en vrouwen;Totaal;Midden- en Zuid-Amerika;Saba;2023;98;48;50
572;Totaal mannen en vrouwen;Totaal;Noord-Amerika;Caribisch Nederland;2011;382;165;217
573;Totaal mannen en vrouwen;Totaal;Noord-Amerika;Caribisch Nederland;2012;385;264;121
574;Totaal mannen en vrouwen;Totaal;Noord-Amerika;Caribisch Nederland;2013;240;301;-61
575;Totaal mannen en vrouwen;Totaal;Noord-Amerika;Caribisch Nederland;2014;199;292;-93
576;Totaal mannen en vrouwen;Totaal;Noord-Amerika;Caribisch Nederland;2015;182;394;-212
577;Totaal mannen en vrouwen;Totaal;Noord-Amerika;Caribisch Nederland;2016;193;392;-199
578;Totaal mannen en vrouwen;Totaal;Noord-Amerika;Caribisch Nederland;2017;182;129;53
579;Totaal mannen en vrouwen;Totaal;Noord-Amerika;Caribisch Nederland;2018;146;255;-109
580;Totaal mannen en vrouwen;Totaal;Noord-Amerika;Caribisch Nederland;2019;168;126;42
581;Totaal mannen en vrouwen;Totaal;Noord-Amerika;Caribisch Nederland;2020;95;59;36
582;Totaal mannen en vrouwen;Totaal;Noord-Amerika;Caribisch Nederland;2021;91;84;7
583;Totaal mannen en vrouwen;Totaal;Noord-Amerika;Caribisch Nederland;2022;196;41;155
584;Totaal mannen en vrouwen;Totaal;Noord-Amerika;Caribisch Nederland;2023;142;89;53
585;Totaal mannen en vrouwen;Totaal;Noord-Amerika;Bonaire;2011;137;41;96
586;Totaal mannen en vrouwen;Totaal;Noord-Amerika;Bonaire;2012;111;33;78
587;Totaal mannen en vrouwen;Totaal;Noord-Amerika;Bonaire;2013;84;5;79
588;Totaal mannen en vrouwen;Totaal;Noord-Amerika;Bonaire;2014;51;33;18
589;Totaal mannen en vrouwen;Totaal;Noord-Amerika;Bonaire;2015;46;29;17
590;Totaal mannen en vrouwen;Totaal;Noord-Amerika;Bonaire;2016;32;283;-251
591;Totaal mannen en vrouwen;Totaal;Noord-Amerika;Bonaire;2017;53;55;-2
592;Totaal mannen en vrouwen;Totaal;Noord-Amerika;Bonaire;2018;42;10;32
593;Totaal mannen en vrouwen;Totaal;Noord-Amerika;Bonaire;2019;64;12;52
594;Totaal mannen en vrouwen;Totaal;Noord-Amerika;Bonaire;2020;49;8;41
595;Totaal mannen en vrouwen;Totaal;Noord-Amerika;Bonaire;2021;44;10;34
596;Totaal mannen en vrouwen;Totaal;Noord-Amerika;Bonaire;2022;115;3;112
597;Totaal mannen en vrouwen;Totaal;Noord-Amerika;Bonaire;2023;67;5;62
598;Totaal mannen en vrouwen;Totaal;Noord-Amerika;Sint Eustatius;2011;48;25;23
599;Totaal mannen en vrouwen;Totaal;Noord-Amerika;Sint Eustatius;2012;50;18;32
600;Totaal mannen en vrouwen;Totaal;Noord-Amerika;Sint Eustatius;2013;56;80;-24
601;Totaal mannen en vrouwen;Totaal;Noord-Amerika;Sint Eustatius;2014;12;77;-65
602;Totaal mannen en vrouwen;Totaal;Noord-Amerika;Sint Eustatius;2015;9;272;-263
603;Totaal mannen en vrouwen;Totaal;Noord-Amerika;Sint Eustatius;2016;3;2;1
604;Totaal mannen en vrouwen;Totaal;Noord-Amerika;Sint Eustatius;2017;6;11;-5
605;Totaal mannen en vrouwen;Totaal;Noord-Amerika;Sint Eustatius;2018;11;34;-23
606;Totaal mannen en vrouwen;Totaal;Noord-Amerika;Sint Eustatius;2019;8;14;-6
607;Totaal mannen en vrouwen;Totaal;Noord-Amerika;Sint Eustatius;2020;4;1;3
608;Totaal mannen en vrouwen;Totaal;Noord-Amerika;Sint Eustatius;2021;5;3;2
609;Totaal mannen en vrouwen;Totaal;Noord-Amerika;Sint Eustatius;2022;14;4;10
610;Totaal mannen en vrouwen;Totaal;Noord-Amerika;Sint Eustatius;2023;3;17;-14
611;Totaal mannen en vrouwen;Totaal;Noord-Amerika;Saba;2011;197;99;98
612;Totaal mannen en vrouwen;Totaal;Noord-Amerika;Saba;2012;224;213;11
613;Totaal mannen en vrouwen;Totaal;Noord-Amerika;Saba;2013;100;216;-116
614;Totaal mannen en vrouwen;Totaal;Noord-Amerika;Saba;2014;136;182;-46
615;Totaal mannen en vrouwen;Totaal;Noord-Amerika;Saba;2015;127;93;34
616;Totaal mannen en vrouwen;Totaal;Noord-Amerika;Saba;2016;158;107;51
617;Totaal mannen en vrouwen;Totaal;Noord-Amerika;Saba;2017;123;63;60
618;Totaal mannen en vrouwen;Totaal;Noord-Amerika;Saba;2018;93;211;-118
619;Totaal mannen en vrouwen;Totaal;Noord-Amerika;Saba;2019;96;100;-4
620;Totaal mannen en vrouwen;Totaal;Noord-Amerika;Saba;2020;42;50;-8
621;Totaal mannen en vrouwen;Totaal;Noord-Amerika;Saba;2021;42;71;-29
622;Totaal mannen en vrouwen;Totaal;Noord-Amerika;Saba;2022;67;34;33
623;Totaal mannen en vrouwen;Totaal;Noord-Amerika;Saba;2023;72;67;5
624;Totaal mannen en vrouwen;Totaal;Aruba, Curaçao, Sint Maarten;Caribisch Nederland;2011;280;256;24
625;Totaal mannen en vrouwen;Totaal;Aruba, Curaçao, Sint Maarten;Caribisch Nederland;2012;351;251;100
626;Totaal mannen en vrouwen;Totaal;Aruba, Curaçao, Sint Maarten;Caribisch Nederland;2013;392;218;174
627;Totaal mannen en vrouwen;Totaal;Aruba, Curaçao, Sint Maarten;Caribisch Nederland;2014;328;233;95
628;Totaal mannen en vrouwen;Totaal;Aruba, Curaçao, Sint Maarten;Caribisch Nederland;2015;325;211;114
629;Totaal mannen en vrouwen;Totaal;Aruba, Curaçao, Sint Maarten;Caribisch Nederland;2016;303;210;93
630;Totaal mannen en vrouwen;Totaal;Aruba, Curaçao, Sint Maarten;Caribisch Nederland;2017;281;249;32
631;Totaal mannen en vrouwen;Totaal;Aruba, Curaçao, Sint Maarten;Caribisch Nederland;2018;314;279;35
632;Totaal mannen en vrouwen;Totaal;Aruba, Curaçao, Sint Maarten;Caribisch Nederland;2019;346;215;131
633;Totaal mannen en vrouwen;Totaal;Aruba, Curaçao, Sint Maarten;Caribisch Nederland;2020;424;175;249
634;Totaal mannen en vrouwen;Totaal;Aruba, Curaçao, Sint Maarten;Caribisch Nederland;2021;399;219;180
635;Totaal mannen en vrouwen;Totaal;Aruba, Curaçao, Sint Maarten;Caribisch Nederland;2022;476;242;234
636;Totaal mannen en vrouwen;Totaal;Aruba, Curaçao, Sint Maarten;Caribisch Nederland;2023;346;293;53
637;Totaal mannen en vrouwen;Totaal;Aruba, Curaçao, Sint Maarten;Bonaire;2011;228;207;21
638;Totaal mannen en vrouwen;Totaal;Aruba, Curaçao, Sint Maarten;Bonaire;2012;314;204;110
639;Totaal mannen en vrouwen;Totaal;Aruba, Curaçao, Sint Maarten;Bonaire;2013;330;157;173
640;Totaal mannen en vrouwen;Totaal;Aruba, Curaçao, Sint Maarten;Bonaire;2014;277;184;93
641;Totaal mannen en vrouwen;Totaal;Aruba, Curaçao, Sint Maarten;Bonaire;2015;285;170;115
642;Totaal mannen en vrouwen;Totaal;Aruba, Curaçao, Sint Maarten;Bonaire;2016;256;168;88
643;Totaal mannen en vrouwen;Totaal;Aruba, Curaçao, Sint Maarten;Bonaire;2017;223;215;8
644;Totaal mannen en vrouwen;Totaal;Aruba, Curaçao, Sint Maarten;Bonaire;2018;257;195;62
645;Totaal mannen en vrouwen;Totaal;Aruba, Curaçao, Sint Maarten;Bonaire;2019;318;167;151
646;Totaal mannen en vrouwen;Totaal;Aruba, Curaçao, Sint Maarten;Bonaire;2020;395;142;253
647;Totaal mannen en vrouwen;Totaal;Aruba, Curaçao, Sint Maarten;Bonaire;2021;341;183;158
648;Totaal mannen en vrouwen;Totaal;Aruba, Curaçao, Sint Maarten;Bonaire;2022;429;198;231
649;Totaal mannen en vrouwen;Totaal;Aruba, Curaçao, Sint Maarten;Bonaire;2023;295;213;82
650;Totaal mannen en vrouwen;Totaal;Aruba, Curaçao, Sint Maarten;Sint Eustatius;2011;35;29;6
651;Totaal mannen en vrouwen;Totaal;Aruba, Curaçao, Sint Maarten;Sint Eustatius;2012;31;31;0
652;Totaal mannen en vrouwen;Totaal;Aruba, Curaçao, Sint Maarten;Sint Eustatius;2013;46;51;-5
653;Totaal mannen en vrouwen;Totaal;Aruba, Curaçao, Sint Maarten;Sint Eustatius;2014;30;34;-4
654;Totaal mannen en vrouwen;Totaal;Aruba, Curaçao, Sint Maarten;Sint Eustatius;2015;32;34;-2
655;Totaal mannen en vrouwen;Totaal;Aruba, Curaçao, Sint Maarten;Sint Eustatius;2016;30;28;2
656;Totaal mannen en vrouwen;Totaal;Aruba, Curaçao, Sint Maarten;Sint Eustatius;2017;39;20;19
657;Totaal mannen en vrouwen;Totaal;Aruba, Curaçao, Sint Maarten;Sint Eustatius;2018;37;60;-23
658;Totaal mannen en vrouwen;Totaal;Aruba, Curaçao, Sint Maarten;Sint Eustatius;2019;21;31;-10
659;Totaal mannen en vrouwen;Totaal;Aruba, Curaçao, Sint Maarten;Sint Eustatius;2020;20;23;-3
660;Totaal mannen en vrouwen;Totaal;Aruba, Curaçao, Sint Maarten;Sint Eustatius;2021;40;21;19
661;Totaal mannen en vrouwen;Totaal;Aruba, Curaçao, Sint Maarten;Sint Eustatius;2022;31;29;2
662;Totaal mannen en vrouwen;Totaal;Aruba, Curaçao, Sint Maarten;Sint Eustatius;2023;31;64;-33
663;Totaal mannen en vrouwen;Totaal;Aruba, Curaçao, Sint Maarten;Saba;2011;17;20;-3
664;Totaal mannen en vrouwen;Totaal;Aruba, Curaçao, Sint Maarten;Saba;2012;6;16;-10
665;Totaal mannen en vrouwen;Totaal;Aruba, Curaçao, Sint Maarten;Saba;2013;16;10;6
666;Totaal mannen en vrouwen;Totaal;Aruba, Curaçao, Sint Maarten;Saba;2014;21;15;6
667;Totaal mannen en vrouwen;Totaal;Aruba, Curaçao, Sint Maarten;Saba;2015;8;7;1
668;Totaal mannen en vrouwen;Totaal;Aruba, Curaçao, Sint Maarten;Saba;2016;17;14;3
669;Totaal mannen en vrouwen;Totaal;Aruba, Curaçao, Sint Maarten;Saba;2017;19;14;5
670;Totaal mannen en vrouwen;Totaal;Aruba, Curaçao, Sint Maarten;Saba;2018;20;24;-4
671;Totaal mannen en vrouwen;Totaal;Aruba, Curaçao, Sint Maarten;Saba;2019;7;17;-10
672;Totaal mannen en vrouwen;Totaal;Aruba, Curaçao, Sint Maarten;Saba;2020;9;10;-1
673;Totaal mannen en vrouwen;Totaal;Aruba, Curaçao, Sint Maarten;Saba;2021;18;15;3
674;Totaal mannen en vrouwen;Totaal;Aruba, Curaçao, Sint Maarten;Saba;2022;16;15;1
675;Totaal mannen en vrouwen;Totaal;Aruba, Curaçao, Sint Maarten;Saba;2023;20;16;4
676;Totaal mannen en vrouwen;Totaal;Caribisch Nederland;Caribisch Nederland;2011;228;243;-15
677;Totaal mannen en vrouwen;Totaal;Caribisch Nederland;Caribisch Nederland;2012;209;222;-13
678;Totaal mannen en vrouwen;Totaal;Caribisch Nederland;Caribisch Nederland;2013;241;206;35
679;Totaal mannen en vrouwen;Totaal;Caribisch Nederland;Caribisch Nederland;2014;200;155;45
680;Totaal mannen en vrouwen;Totaal;Caribisch Nederland;Caribisch Nederland;2015;159;163;-4
681;Totaal mannen en vrouwen;Totaal;Caribisch Nederland;Caribisch Nederland;2016;182;200;-18
682;Totaal mannen en vrouwen;Totaal;Caribisch Nederland;Caribisch Nederland;2017;173;214;-41
683;Totaal mannen en vrouwen;Totaal;Caribisch Nederland;Caribisch Nederland;2018;129;231;-102
684;Totaal mannen en vrouwen;Totaal;Caribisch Nederland;Caribisch Nederland;2019;138;197;-59
685;Totaal mannen en vrouwen;Totaal;Caribisch Nederland;Caribisch Nederland;2020;145;148;-3
686;Totaal mannen en vrouwen;Totaal;Caribisch Nederland;Caribisch Nederland;2021;147;172;-25
687;Totaal mannen en vrouwen;Totaal;Caribisch Nederland;Caribisch Nederland;2022;139;209;-70
688;Totaal mannen en vrouwen;Totaal;Caribisch Nederland;Caribisch Nederland;2023;130;241;-111
689;Totaal mannen en vrouwen;Totaal;Caribisch Nederland;Bonaire;2011;182;191;-9
690;Totaal mannen en vrouwen;Totaal;Caribisch Nederland;Bonaire;2012;168;177;-9
691;Totaal mannen en vrouwen;Totaal;Caribisch Nederland;Bonaire;2013;183;150;33
692;Totaal mannen en vrouwen;Totaal;Caribisch Nederland;Bonaire;2014;170;116;54
693;Totaal mannen en vrouwen;Totaal;Caribisch Nederland;Bonaire;2015;124;130;-6
694;Totaal mannen en vrouwen;Totaal;Caribisch Nederland;Bonaire;2016;139;162;-23
695;Totaal mannen en vrouwen;Totaal;Caribisch Nederland;Bonaire;2017;136;186;-50
696;Totaal mannen en vrouwen;Totaal;Caribisch Nederland;Bonaire;2018;109;165;-56
697;Totaal mannen en vrouwen;Totaal;Caribisch Nederland;Bonaire;2019;114;164;-50
698;Totaal mannen en vrouwen;Totaal;Caribisch Nederland;Bonaire;2020;120;119;1
699;Totaal mannen en vrouwen;Totaal;Caribisch Nederland;Bonaire;2021;115;139;-24
700;Totaal mannen en vrouwen;Totaal;Caribisch Nederland;Bonaire;2022;121;172;-51
701;Totaal mannen en vrouwen;Totaal;Caribisch Nederland;Bonaire;2023;102;187;-85
702;Totaal mannen en vrouwen;Totaal;Caribisch Nederland;Sint Eustatius;2011;32;35;-3
703;Totaal mannen en vrouwen;Totaal;Caribisch Nederland;Sint Eustatius;2012;30;34;-4
704;Totaal mannen en vrouwen;Totaal;Caribisch Nederland;Sint Eustatius;2013;43;43;0
705;Totaal mannen en vrouwen;Totaal;Caribisch Nederland;Sint Eustatius;2014;19;29;-10
706;Totaal mannen en vrouwen;Totaal;Caribisch Nederland;Sint Eustatius;2015;23;30;-7
707;Totaal mannen en vrouwen;Totaal;Caribisch Nederland;Sint Eustatius;2016;33;23;10
708;Totaal mannen en vrouwen;Totaal;Caribisch Nederland;Sint Eustatius;2017;30;22;8
709;Totaal mannen en vrouwen;Totaal;Caribisch Nederland;Sint Eustatius;2018;16;57;-41
710;Totaal mannen en vrouwen;Totaal;Caribisch Nederland;Sint Eustatius;2019;19;25;-6
711;Totaal mannen en vrouwen;Totaal;Caribisch Nederland;Sint Eustatius;2020;18;19;-1
712;Totaal mannen en vrouwen;Totaal;Caribisch Nederland;Sint Eustatius;2021;23;26;-3
713;Totaal mannen en vrouwen;Totaal;Caribisch Nederland;Sint Eustatius;2022;13;28;-15
714;Totaal mannen en vrouwen;Totaal;Caribisch Nederland;Sint Eustatius;2023;23;47;-24
715;Totaal mannen en vrouwen;Totaal;Caribisch Nederland;Saba;2011;14;17;-3
716;Totaal mannen en vrouwen;Totaal;Caribisch Nederland;Saba;2012;11;11;0
717;Totaal mannen en vrouwen;Totaal;Caribisch Nederland;Saba;2013;15;13;2
718;Totaal mannen en vrouwen;Totaal;Caribisch Nederland;Saba;2014;11;10;1
719;Totaal mannen en vrouwen;Totaal;Caribisch Nederland;Saba;2015;12;3;9
720;Totaal mannen en vrouwen;Totaal;Caribisch Nederland;Saba;2016;10;15;-5
721;Totaal mannen en vrouwen;Totaal;Caribisch Nederland;Saba;2017;7;6;1
722;Totaal mannen en vrouwen;Totaal;Caribisch Nederland;Saba;2018;4;9;-5
723;Totaal mannen en vrouwen;Totaal;Caribisch Nederland;Saba;2019;5;8;-3
724;Totaal mannen en vrouwen;Totaal;Caribisch Nederland;Saba;2020;7;10;-3
725;Totaal mannen en vrouwen;Totaal;Caribisch Nederland;Saba;2021;9;7;2
726;Totaal mannen en vrouwen;Totaal;Caribisch Nederland;Saba;2022;5;9;-4
727;Totaal mannen en vrouwen;Totaal;Caribisch Nederland;Saba;2023;5;7;-2
728;Totaal mannen en vrouwen;Totaal;Europese Unie (inclusief Nederland);Caribisch Nederland;2011;718;278;440
729;Totaal mannen en vrouwen;Totaal;Europese Unie (inclusief Nederland);Caribisch Nederland;2012;578;296;282
730;Totaal mannen en vrouwen;Totaal;Europese Unie (inclusief Nederland);Caribisch Nederland;2013;664;335;329
731;Totaal mannen en vrouwen;Totaal;Europese Unie (inclusief Nederland);Caribisch Nederland;2014;530;436;94
732;Totaal mannen en vrouwen;Totaal;Europese Unie (inclusief Nederland);Caribisch Nederland;2015;535;442;93
733;Totaal mannen en vrouwen;Totaal;Europese Unie (inclusief Nederland);Caribisch Nederland;2016;576;475;101
734;Totaal mannen en vrouwen;Totaal;Europese Unie (inclusief Nederland);Caribisch Nederland;2017;594;427;167
735;Totaal mannen en vrouwen;Totaal;Europese Unie (inclusief Nederland);Caribisch Nederland;2018;571;507;64
736;Totaal mannen en vrouwen;Totaal;Europese Unie (inclusief Nederland);Caribisch Nederland;2019;602;394;208
737;Totaal mannen en vrouwen;Totaal;Europese Unie (inclusief Nederland);Caribisch Nederland;2020;632;403;229
738;Totaal mannen en vrouwen;Totaal;Europese Unie (inclusief Nederland);Caribisch Nederland;2021;618;399;219
739;Totaal mannen en vrouwen;Totaal;Europese Unie (inclusief Nederland);Caribisch Nederland;2022;952;470;482
740;Totaal mannen en vrouwen;Totaal;Europese Unie (inclusief Nederland);Caribisch Nederland;2023;627;509;118
741;Totaal mannen en vrouwen;Totaal;Europese Unie (inclusief Nederland);Bonaire;2011;585;216;369
742;Totaal mannen en vrouwen;Totaal;Europese Unie (inclusief Nederland);Bonaire;2012;475;241;234
743;Totaal mannen en vrouwen;Totaal;Europese Unie (inclusief Nederland);Bonaire;2013;542;270;272
744;Totaal mannen en vrouwen;Totaal;Europese Unie (inclusief Nederland);Bonaire;2014;438;330;108
745;Totaal mannen en vrouwen;Totaal;Europese Unie (inclusief Nederland);Bonaire;2015;455;360;95
746;Totaal mannen en vrouwen;Totaal;Europese Unie (inclusief Nederland);Bonaire;2016;507;413;94
747;Totaal mannen en vrouwen;Totaal;Europese Unie (inclusief Nederland);Bonaire;2017;527;371;156
748;Totaal mannen en vrouwen;Totaal;Europese Unie (inclusief Nederland);Bonaire;2018;485;395;90
749;Totaal mannen en vrouwen;Totaal;Europese Unie (inclusief Nederland);Bonaire;2019;537;309;228
750;Totaal mannen en vrouwen;Totaal;Europese Unie (inclusief Nederland);Bonaire;2020;563;356;207
751;Totaal mannen en vrouwen;Totaal;Europese Unie (inclusief Nederland);Bonaire;2021;545;317;228
752;Totaal mannen en vrouwen;Totaal;Europese Unie (inclusief Nederland);Bonaire;2022;892;405;487
753;Totaal mannen en vrouwen;Totaal;Europese Unie (inclusief Nederland);Bonaire;2023;582;441;141
754;Totaal mannen en vrouwen;Totaal;Europese Unie (inclusief Nederland);Sint Eustatius;2011;83;44;39
755;Totaal mannen en vrouwen;Totaal;Europese Unie (inclusief Nederland);Sint Eustatius;2012;62;28;34
756;Totaal mannen en vrouwen;Totaal;Europese Unie (inclusief Nederland);Sint Eustatius;2013;83;26;57
757;Totaal mannen en vrouwen;Totaal;Europese Unie (inclusief Nederland);Sint Eustatius;2014;44;79;-35
758;Totaal mannen en vrouwen;Totaal;Europese Unie (inclusief Nederland);Sint Eustatius;2015;32;61;-29
759;Totaal mannen en vrouwen;Totaal;Europese Unie (inclusief Nederland);Sint Eustatius;2016;34;33;1
760;Totaal mannen en vrouwen;Totaal;Europese Unie (inclusief Nederland);Sint Eustatius;2017;38;37;1
761;Totaal mannen en vrouwen;Totaal;Europese Unie (inclusief Nederland);Sint Eustatius;2018;55;65;-10
762;Totaal mannen en vrouwen;Totaal;Europese Unie (inclusief Nederland);Sint Eustatius;2019;49;44;5
763;Totaal mannen en vrouwen;Totaal;Europese Unie (inclusief Nederland);Sint Eustatius;2020;39;21;18
764;Totaal mannen en vrouwen;Totaal;Europese Unie (inclusief Nederland);Sint Eustatius;2021;33;52;-19
765;Totaal mannen en vrouwen;Totaal;Europese Unie (inclusief Nederland);Sint Eustatius;2022;33;27;6
766;Totaal mannen en vrouwen;Totaal;Europese Unie (inclusief Nederland);Sint Eustatius;2023;24;46;-22
767;Totaal mannen en vrouwen;Totaal;Europese Unie (inclusief Nederland);Saba;2011;50;18;32
768;Totaal mannen en vrouwen;Totaal;Europese Unie (inclusief Nederland);Saba;2012;41;27;14
769;Totaal mannen en vrouwen;Totaal;Europese Unie (inclusief Nederland);Saba;2013;39;39;0
770;Totaal mannen en vrouwen;Totaal;Europese Unie (inclusief Nederland);Saba;2014;48;27;21
771;Totaal mannen en vrouwen;Totaal;Europese Unie (inclusief Nederland);Saba;2015;48;21;27
772;Totaal mannen en vrouwen;Totaal;Europese Unie (inclusief Nederland);Saba;2016;35;29;6
773;Totaal mannen en vrouwen;Totaal;Europese Unie (inclusief Nederland);Saba;2017;29;19;10
774;Totaal mannen en vrouwen;Totaal;Europese Unie (inclusief Nederland);Saba;2018;31;47;-16
775;Totaal mannen en vrouwen;Totaal;Europese Unie (inclusief Nederland);Saba;2019;16;41;-25
776;Totaal mannen en vrouwen;Totaal;Europese Unie (inclusief Nederland);Saba;2020;30;26;4
777;Totaal mannen en vrouwen;Totaal;Europese Unie (inclusief Nederland);Saba;2021;40;30;10
778;Totaal mannen en vrouwen;Totaal;Europese Unie (inclusief Nederland);Saba;2022;27;38;-11
779;Totaal mannen en vrouwen;Totaal;Europese Unie (inclusief Nederland);Saba;2023;21;22;-1
780;Totaal mannen en vrouwen;Totaal;Europese Unie (exclusief Nederland);Caribisch Nederland;2011;121;35;86
781;Totaal mannen en vrouwen;Totaal;Europese Unie (exclusief Nederland);Caribisch Nederland;2012;94;40;54
782;Totaal mannen en vrouwen;Totaal;Europese Unie (exclusief Nederland);Caribisch Nederland;2013;85;37;48
783;Totaal mannen en vrouwen;Totaal;Europese Unie (exclusief Nederland);Caribisch Nederland;2014;64;83;-19
784;Totaal mannen en vrouwen;Totaal;Europese Unie (exclusief Nederland);Caribisch Nederland;2015;54;41;13
785;Totaal mannen en vrouwen;Totaal;Europese Unie (exclusief Nederland);Caribisch Nederland;2016;65;87;-22
786;Totaal mannen en vrouwen;Totaal;Europese Unie (exclusief Nederland);Caribisch Nederland;2017;57;38;19
787;Totaal mannen en vrouwen;Totaal;Europese Unie (exclusief Nederland);Caribisch Nederland;2018;69;82;-13
788;Totaal mannen en vrouwen;Totaal;Europese Unie (exclusief Nederland);Caribisch Nederland;2019;65;43;22
789;Totaal mannen en vrouwen;Totaal;Europese Unie (exclusief Nederland);Caribisch Nederland;2020;47;18;29
790;Totaal mannen en vrouwen;Totaal;Europese Unie (exclusief Nederland);Caribisch Nederland;2021;45;26;19
791;Totaal mannen en vrouwen;Totaal;Europese Unie (exclusief Nederland);Caribisch Nederland;2022;66;31;35
792;Totaal mannen en vrouwen;Totaal;Europese Unie (exclusief Nederland);Caribisch Nederland;2023;49;32;17
793;Totaal mannen en vrouwen;Totaal;Europese Unie (exclusief Nederland);Bonaire;2011;58;18;40
794;Totaal mannen en vrouwen;Totaal;Europese Unie (exclusief Nederland);Bonaire;2012;53;21;32
795;Totaal mannen en vrouwen;Totaal;Europese Unie (exclusief Nederland);Bonaire;2013;59;9;50
796;Totaal mannen en vrouwen;Totaal;Europese Unie (exclusief Nederland);Bonaire;2014;39;22;17
797;Totaal mannen en vrouwen;Totaal;Europese Unie (exclusief Nederland);Bonaire;2015;26;16;10
798;Totaal mannen en vrouwen;Totaal;Europese Unie (exclusief Nederland);Bonaire;2016;47;75;-28
799;Totaal mannen en vrouwen;Totaal;Europese Unie (exclusief Nederland);Bonaire;2017;40;22;18
800;Totaal mannen en vrouwen;Totaal;Europese Unie (exclusief Nederland);Bonaire;2018;36;22;14
801;Totaal mannen en vrouwen;Totaal;Europese Unie (exclusief Nederland);Bonaire;2019;42;17;25
802;Totaal mannen en vrouwen;Totaal;Europese Unie (exclusief Nederland);Bonaire;2020;37;12;25
803;Totaal mannen en vrouwen;Totaal;Europese Unie (exclusief Nederland);Bonaire;2021;26;15;11
804;Totaal mannen en vrouwen;Totaal;Europese Unie (exclusief Nederland);Bonaire;2022;53;15;38
805;Totaal mannen en vrouwen;Totaal;Europese Unie (exclusief Nederland);Bonaire;2023;43;20;23
806;Totaal mannen en vrouwen;Totaal;Europese Unie (exclusief Nederland);Sint Eustatius;2011;32;6;26
807;Totaal mannen en vrouwen;Totaal;Europese Unie (exclusief Nederland);Sint Eustatius;2012;20;3;17
808;Totaal mannen en vrouwen;Totaal;Europese Unie (exclusief Nederland);Sint Eustatius;2013;11;5;6
809;Totaal mannen en vrouwen;Totaal;Europese Unie (exclusief Nederland);Sint Eustatius;2014;9;46;-37
810;Totaal mannen en vrouwen;Totaal;Europese Unie (exclusief Nederland);Sint Eustatius;2015;9;20;-11
811;Totaal mannen en vrouwen;Totaal;Europese Unie (exclusief Nederland);Sint Eustatius;2016;7;1;6
812;Totaal mannen en vrouwen;Totaal;Europese Unie (exclusief Nederland);Sint Eustatius;2017;6;11;-5
813;Totaal mannen en vrouwen;Totaal;Europese Unie (exclusief Nederland);Sint Eustatius;2018;19;28;-9
814;Totaal mannen en vrouwen;Totaal;Europese Unie (exclusief Nederland);Sint Eustatius;2019;16;12;4
815;Totaal mannen en vrouwen;Totaal;Europese Unie (exclusief Nederland);Sint Eustatius;2020;6;0;6
816;Totaal mannen en vrouwen;Totaal;Europese Unie (exclusief Nederland);Sint Eustatius;2021;5;4;1
817;Totaal mannen en vrouwen;Totaal;Europese Unie (exclusief Nederland);Sint Eustatius;2022;4;7;-3
818;Totaal mannen en vrouwen;Totaal;Europese Unie (exclusief Nederland);Sint Eustatius;2023;5;7;-2
819;Totaal mannen en vrouwen;Totaal;Europese Unie (exclusief Nederland);Saba;2011;31;11;20
820;Totaal mannen en vrouwen;Totaal;Europese Unie (exclusief Nederland);Saba;2012;21;16;5
821;Totaal mannen en vrouwen;Totaal;Europese Unie (exclusief Nederland);Saba;2013;15;23;-8
822;Totaal mannen en vrouwen;Totaal;Europese Unie (exclusief Nederland);Saba;2014;16;15;1
823;Totaal mannen en vrouwen;Totaal;Europese Unie (exclusief Nederland);Saba;2015;19;5;14
824;Totaal mannen en vrouwen;Totaal;Europese Unie (exclusief Nederland);Saba;2016;11;11;0
825;Totaal mannen en vrouwen;Totaal;Europese Unie (exclusief Nederland);Saba;2017;11;5;6
826;Totaal mannen en vrouwen;Totaal;Europese Unie (exclusief Nederland);Saba;2018;14;32;-18
827;Totaal mannen en vrouwen;Totaal;Europese Unie (exclusief Nederland);Saba;2019;7;14;-7
828;Totaal mannen en vrouwen;Totaal;Europese Unie (exclusief Nederland);Saba;2020;4;6;-2
829;Totaal mannen en vrouwen;Totaal;Europese Unie (exclusief Nederland);Saba;2021;14;7;7
830;Totaal mannen en vrouwen;Totaal;Europese Unie (exclusief Nederland);Saba;2022;9;9;0
831;Totaal mannen en vrouwen;Totaal;Europese Unie (exclusief Nederland);Saba;2023;1;5;-4
832;Totaal mannen en vrouwen;Totaal;Midden- en Zuid-Amerika (excl Ned Ca...);Caribisch Nederland;2011;356;177;179
833;Totaal mannen en vrouwen;Totaal;Midden- en Zuid-Amerika (excl Ned Ca...);Caribisch Nederland;2012;423;151;272
834;Totaal mannen en vrouwen;Totaal;Midden- en Zuid-Amerika (excl Ned Ca...);Caribisch Nederland;2013;438;111;327
835;Totaal mannen en vrouwen;Totaal;Midden- en Zuid-Amerika (excl Ned Ca...);Caribisch Nederland;2014;336;210;126
836;Totaal mannen en vrouwen;Totaal;Midden- en Zuid-Amerika (excl Ned Ca...);Caribisch Nederland;2015;360;468;-108
837;Totaal mannen en vrouwen;Totaal;Midden- en Zuid-Amerika (excl Ned Ca...);Caribisch Nederland;2016;392;461;-69
838;Totaal mannen en vrouwen;Totaal;Midden- en Zuid-Amerika (excl Ned Ca...);Caribisch Nederland;2017;512;291;221
839;Totaal mannen en vrouwen;Totaal;Midden- en Zuid-Amerika (excl Ned Ca...);Caribisch Nederland;2018;424;294;130
840;Totaal mannen en vrouwen;Totaal;Midden- en Zuid-Amerika (excl Ned Ca...);Caribisch Nederland;2019;545;188;357
841;Totaal mannen en vrouwen;Totaal;Midden- en Zuid-Amerika (excl Ned Ca...);Caribisch Nederland;2020;311;154;157
842;Totaal mannen en vrouwen;Totaal;Midden- en Zuid-Amerika (excl Ned Ca...);Caribisch Nederland;2021;613;199;414
843;Totaal mannen en vrouwen;Totaal;Midden- en Zuid-Amerika (excl Ned Ca...);Caribisch Nederland;2022;770;91;679
844;Totaal mannen en vrouwen;Totaal;Midden- en Zuid-Amerika (excl Ned Ca...);Caribisch Nederland;2023;895;179;716
845;Totaal mannen en vrouwen;Totaal;Midden- en Zuid-Amerika (excl Ned Ca...);Bonaire;2011;265;122;143
846;Totaal mannen en vrouwen;Totaal;Midden- en Zuid-Amerika (excl Ned Ca...);Bonaire;2012;319;103;216
847;Totaal mannen en vrouwen;Totaal;Midden- en Zuid-Amerika (excl Ned Ca...);Bonaire;2013;297;65;232
848;Totaal mannen en vrouwen;Totaal;Midden- en Zuid-Amerika (excl Ned Ca...);Bonaire;2014;238;125;113
849;Totaal mannen en vrouwen;Totaal;Midden- en Zuid-Amerika (excl Ned Ca...);Bonaire;2015;258;82;176
850;Totaal mannen en vrouwen;Totaal;Midden- en Zuid-Amerika (excl Ned Ca...);Bonaire;2016;296;421;-125
851;Totaal mannen en vrouwen;Totaal;Midden- en Zuid-Amerika (excl Ned Ca...);Bonaire;2017;368;233;135
852;Totaal mannen en vrouwen;Totaal;Midden- en Zuid-Amerika (excl Ned Ca...);Bonaire;2018;349;89;260
853;Totaal mannen en vrouwen;Totaal;Midden- en Zuid-Amerika (excl Ned Ca...);Bonaire;2019;400;78;322
854;Totaal mannen en vrouwen;Totaal;Midden- en Zuid-Amerika (excl Ned Ca...);Bonaire;2020;261;57;204
855;Totaal mannen en vrouwen;Totaal;Midden- en Zuid-Amerika (excl Ned Ca...);Bonaire;2021;500;171;329
856;Totaal mannen en vrouwen;Totaal;Midden- en Zuid-Amerika (excl Ned Ca...);Bonaire;2022;648;57;591
857;Totaal mannen en vrouwen;Totaal;Midden- en Zuid-Amerika (excl Ned Ca...);Bonaire;2023;746;71;675
858;Totaal mannen en vrouwen;Totaal;Midden- en Zuid-Amerika (excl Ned Ca...);Sint Eustatius;2011;61;22;39
859;Totaal mannen en vrouwen;Totaal;Midden- en Zuid-Amerika (excl Ned Ca...);Sint Eustatius;2012;58;15;43
860;Totaal mannen en vrouwen;Totaal;Midden- en Zuid-Amerika (excl Ned Ca...);Sint Eustatius;2013;99;28;71
861;Totaal mannen en vrouwen;Totaal;Midden- en Zuid-Amerika (excl Ned Ca...);Sint Eustatius;2014;56;57;-1
862;Totaal mannen en vrouwen;Totaal;Midden- en Zuid-Amerika (excl Ned Ca...);Sint Eustatius;2015;61;375;-314
863;Totaal mannen en vrouwen;Totaal;Midden- en Zuid-Amerika (excl Ned Ca...);Sint Eustatius;2016;63;22;41
864;Totaal mannen en vrouwen;Totaal;Midden- en Zuid-Amerika (excl Ned Ca...);Sint Eustatius;2017;115;39;76
865;Totaal mannen en vrouwen;Totaal;Midden- en Zuid-Amerika (excl Ned Ca...);Sint Eustatius;2018;45;144;-99
866;Totaal mannen en vrouwen;Totaal;Midden- en Zuid-Amerika (excl Ned Ca...);Sint Eustatius;2019;97;83;14
867;Totaal mannen en vrouwen;Totaal;Midden- en Zuid-Amerika (excl Ned Ca...);Sint Eustatius;2020;29;76;-47
868;Totaal mannen en vrouwen;Totaal;Midden- en Zuid-Amerika (excl Ned Ca...);Sint Eustatius;2021;56;13;43
869;Totaal mannen en vrouwen;Totaal;Midden- en Zuid-Amerika (excl Ned Ca...);Sint Eustatius;2022;57;25;32
870;Totaal mannen en vrouwen;Totaal;Midden- en Zuid-Amerika (excl Ned Ca...);Sint Eustatius;2023;76;83;-7
871;Totaal mannen en vrouwen;Totaal;Midden- en Zuid-Amerika (excl Ned Ca...);Saba;2011;30;33;-3
872;Totaal mannen en vrouwen;Totaal;Midden- en Zuid-Amerika (excl Ned Ca...);Saba;2012;46;33;13
873;Totaal mannen en vrouwen;Totaal;Midden- en Zuid-Amerika (excl Ned Ca...);Saba;2013;42;18;24
874;Totaal mannen en vrouwen;Totaal;Midden- en Zuid-Amerika (excl Ned Ca...);Saba;2014;42;28;14
875;Totaal mannen en vrouwen;Totaal;Midden- en Zuid-Amerika (excl Ned Ca...);Saba;2015;41;11;30
876;Totaal mannen en vrouwen;Totaal;Midden- en Zuid-Amerika (excl Ned Ca...);Saba;2016;33;18;15
877;Totaal mannen en vrouwen;Totaal;Midden- en Zuid-Amerika (excl Ned Ca...);Saba;2017;29;19;10
878;Totaal mannen en vrouwen;Totaal;Midden- en Zuid-Amerika (excl Ned Ca...);Saba;2018;30;61;-31
879;Totaal mannen en vrouwen;Totaal;Midden- en Zuid-Amerika (excl Ned Ca...);Saba;2019;48;27;21
880;Totaal mannen en vrouwen;Totaal;Midden- en Zuid-Amerika (excl Ned Ca...);Saba;2020;21;21;0
881;Totaal mannen en vrouwen;Totaal;Midden- en Zuid-Amerika (excl Ned Ca...);Saba;2021;57;15;42
882;Totaal mannen en vrouwen;Totaal;Midden- en Zuid-Amerika (excl Ned Ca...);Saba;2022;65;9;56
883;Totaal mannen en vrouwen;Totaal;Midden- en Zuid-Amerika (excl Ned Ca...);Saba;2023;73;25;48
884;Totaal mannen en vrouwen;Totaal;Aruba;Caribisch Nederland;2011;67;25;42
885;Totaal mannen en vrouwen;Totaal;Aruba;Caribisch Nederland;2012;58;44;14
886;Totaal mannen en vrouwen;Totaal;Aruba;Caribisch Nederland;2013;62;38;24
887;Totaal mannen en vrouwen;Totaal;Aruba;Caribisch Nederland;2014;57;27;30
888;Totaal mannen en vrouwen;Totaal;Aruba;Caribisch Nederland;2015;42;29;13
889;Totaal mannen en vrouwen;Totaal;Aruba;Caribisch Nederland;2016;46;33;13
890;Totaal mannen en vrouwen;Totaal;Aruba;Caribisch Nederland;2017;46;28;18
891;Totaal mannen en vrouwen;Totaal;Aruba;Caribisch Nederland;2018;26;29;-3
892;Totaal mannen en vrouwen;Totaal;Aruba;Caribisch Nederland;2019;36;28;8
893;Totaal mannen en vrouwen;Totaal;Aruba;Caribisch Nederland;2020;34;18;16
894;Totaal mannen en vrouwen;Totaal;Aruba;Caribisch Nederland;2021;28;20;8
895;Totaal mannen en vrouwen;Totaal;Aruba;Caribisch Nederland;2022;48;21;27
896;Totaal mannen en vrouwen;Totaal;Aruba;Caribisch Nederland;2023;46;34;12
897;Totaal mannen en vrouwen;Totaal;Aruba;Bonaire;2011;59;21;38
898;Totaal mannen en vrouwen;Totaal;Aruba;Bonaire;2012;51;41;10
899;Totaal mannen en vrouwen;Totaal;Aruba;Bonaire;2013;55;34;21
900;Totaal mannen en vrouwen;Totaal;Aruba;Bonaire;2014;44;22;22
901;Totaal mannen en vrouwen;Totaal;Aruba;Bonaire;2015;34;27;7
902;Totaal mannen en vrouwen;Totaal;Aruba;Bonaire;2016;37;23;14
903;Totaal mannen en vrouwen;Totaal;Aruba;Bonaire;2017;36;24;12
904;Totaal mannen en vrouwen;Totaal;Aruba;Bonaire;2018;25;22;3
905;Totaal mannen en vrouwen;Totaal;Aruba;Bonaire;2019;30;22;8
906;Totaal mannen en vrouwen;Totaal;Aruba;Bonaire;2020;32;18;14
907;Totaal mannen en vrouwen;Totaal;Aruba;Bonaire;2021;18;16;2
908;Totaal mannen en vrouwen;Totaal;Aruba;Bonaire;2022;42;20;22
909;Totaal mannen en vrouwen;Totaal;Aruba;Bonaire;2023;39;30;9
910;Totaal mannen en vrouwen;Totaal;Aruba;Sint Eustatius;2011;7;4;3
911;Totaal mannen en vrouwen;Totaal;Aruba;Sint Eustatius;2012;7;1;6
912;Totaal mannen en vrouwen;Totaal;Aruba;Sint Eustatius;2013;6;3;3
913;Totaal mannen en vrouwen;Totaal;Aruba;Sint Eustatius;2014;8;3;5
914;Totaal mannen en vrouwen;Totaal;Aruba;Sint Eustatius;2015;8;2;6
915;Totaal mannen en vrouwen;Totaal;Aruba;Sint Eustatius;2016;7;8;-1
916;Totaal mannen en vrouwen;Totaal;Aruba;Sint Eustatius;2017;6;2;4
917;Totaal mannen en vrouwen;Totaal;Aruba;Sint Eustatius;2018;0;7;-7
918;Totaal mannen en vrouwen;Totaal;Aruba;Sint Eustatius;2019;6;5;1
919;Totaal mannen en vrouwen;Totaal;Aruba;Sint Eustatius;2020;0;-1;1
920;Totaal mannen en vrouwen;Totaal;Aruba;Sint Eustatius;2021;5;3;2
921;Totaal mannen en vrouwen;Totaal;Aruba;Sint Eustatius;2022;3;1;2
922;Totaal mannen en vrouwen;Totaal;Aruba;Sint Eustatius;2023;3;4;-1
923;Totaal mannen en vrouwen;Totaal;Aruba;Saba;2011;1;0;1
924;Totaal mannen en vrouwen;Totaal;Aruba;Saba;2012;0;2;-2
925;Totaal mannen en vrouwen;Totaal;Aruba;Saba;2013;1;1;0
926;Totaal mannen en vrouwen;Totaal;Aruba;Saba;2014;5;2;3
927;Totaal mannen en vrouwen;Totaal;Aruba;Saba;2015;0;0;0
928;Totaal mannen en vrouwen;Totaal;Aruba;Saba;2016;2;2;0
929;Totaal mannen en vrouwen;Totaal;Aruba;Saba;2017;4;2;2
930;Totaal mannen en vrouwen;Totaal;Aruba;Saba;2018;1;0;1
931;Totaal mannen en vrouwen;Totaal;Aruba;Saba;2019;0;1;-1
932;Totaal mannen en vrouwen;Totaal;Aruba;Saba;2020;2;1;1
933;Totaal mannen en vrouwen;Totaal;Aruba;Saba;2021;5;1;4
934;Totaal mannen en vrouwen;Totaal;Aruba;Saba;2022;3;0;3
935;Totaal mannen en vrouwen;Totaal;Aruba;Saba;2023;4;0;4
936;Totaal mannen en vrouwen;Totaal;Bonaire;Caribisch Nederland;2011;182;191;-9
937;Totaal mannen en vrouwen;Totaal;Bonaire;Caribisch Nederland;2012;167;177;-10
938;Totaal mannen en vrouwen;Totaal;Bonaire;Caribisch Nederland;2013;182;150;32
939;Totaal mannen en vrouwen;Totaal;Bonaire;Caribisch Nederland;2014;170;116;54
940;Totaal mannen en vrouwen;Totaal;Bonaire;Caribisch Nederland;2015;125;128;-3
941;Totaal mannen en vrouwen;Totaal;Bonaire;Caribisch Nederland;2016;138;162;-24
942;Totaal mannen en vrouwen;Totaal;Bonaire;Caribisch Nederland;2017;136;186;-50
943;Totaal mannen en vrouwen;Totaal;Bonaire;Caribisch Nederland;2018;109;166;-57
944;Totaal mannen en vrouwen;Totaal;Bonaire;Caribisch Nederland;2019;114;161;-47
945;Totaal mannen en vrouwen;Totaal;Bonaire;Caribisch Nederland;2020;120;119;1
946;Totaal mannen en vrouwen;Totaal;Bonaire;Caribisch Nederland;2021;114;138;-24
947;Totaal mannen en vrouwen;Totaal;Bonaire;Caribisch Nederland;2022;122;171;-49
948;Totaal mannen en vrouwen;Totaal;Bonaire;Caribisch Nederland;2023;102;187;-85
949;Totaal mannen en vrouwen;Totaal;Bonaire;Bonaire;2011;182;191;-9
950;Totaal mannen en vrouwen;Totaal;Bonaire;Bonaire;2012;167;177;-10
951;Totaal mannen en vrouwen;Totaal;Bonaire;Bonaire;2013;182;150;32
952;Totaal mannen en vrouwen;Totaal;Bonaire;Bonaire;2014;170;115;55
953;Totaal mannen en vrouwen;Totaal;Bonaire;Bonaire;2015;124;128;-4
954;Totaal mannen en vrouwen;Totaal;Bonaire;Bonaire;2016;138;162;-24
955;Totaal mannen en vrouwen;Totaal;Bonaire;Bonaire;2017;135;186;-51
956;Totaal mannen en vrouwen;Totaal;Bonaire;Bonaire;2018;109;165;-56
957;Totaal mannen en vrouwen;Totaal;Bonaire;Bonaire;2019;114;161;-47
958;Totaal mannen en vrouwen;Totaal;Bonaire;Bonaire;2020;120;119;1
959;Totaal mannen en vrouwen;Totaal;Bonaire;Bonaire;2021;114;138;-24
960;Totaal mannen en vrouwen;Totaal;Bonaire;Bonaire;2022;121;171;-50
961;Totaal mannen en vrouwen;Totaal;Bonaire;Bonaire;2023;102;187;-85
962;Totaal mannen en vrouwen;Totaal;Bonaire;Sint Eustatius;2011;0;0;0
963;Totaal mannen en vrouwen;Totaal;Bonaire;Sint Eustatius;2012;0;0;0
964;Totaal mannen en vrouwen;Totaal;Bonaire;Sint Eustatius;2013;0;0;0
965;Totaal mannen en vrouwen;Totaal;Bonaire;Sint Eustatius;2014;0;0;0
966;Totaal mannen en vrouwen;Totaal;Bonaire;Sint Eustatius;2015;1;0;1
967;Totaal mannen en vrouwen;Totaal;Bonaire;Sint Eustatius;2016;0;0;0
968;Totaal mannen en vrouwen;Totaal;Bonaire;Sint Eustatius;2017;0;0;0
969;Totaal mannen en vrouwen;Totaal;Bonaire;Sint Eustatius;2018;0;0;0
970;Totaal mannen en vrouwen;Totaal;Bonaire;Sint Eustatius;2019;0;0;0
971;Totaal mannen en vrouwen;Totaal;Bonaire;Sint Eustatius;2020;0;0;0
972;Totaal mannen en vrouwen;Totaal;Bonaire;Sint Eustatius;2021;0;0;0
973;Totaal mannen en vrouwen;Totaal;Bonaire;Sint Eustatius;2022;1;0;1
974;Totaal mannen en vrouwen;Totaal;Bonaire;Sint Eustatius;2023;0;0;0
975;Totaal mannen en vrouwen;Totaal;Bonaire;Saba;2011;0;0;0
976;Totaal mannen en vrouwen;Totaal;Bonaire;Saba;2012;0;0;0
977;Totaal mannen en vrouwen;Totaal;Bonaire;Saba;2013;0;0;0
978;Totaal mannen en vrouwen;Totaal;Bonaire;Saba;2014;0;1;-1
979;Totaal mannen en vrouwen;Totaal;Bonaire;Saba;2015;0;0;0
980;Totaal mannen en vrouwen;Totaal;Bonaire;Saba;2016;0;0;0
981;Totaal mannen en vrouwen;Totaal;Bonaire;Saba;2017;1;0;1
982;Totaal mannen en vrouwen;Totaal;Bonaire;Saba;2018;0;1;-1
983;Totaal mannen en vrouwen;Totaal;Bonaire;Saba;2019;0;0;0
984;Totaal mannen en vrouwen;Totaal;Bonaire;Saba;2020;0;0;0
985;Totaal mannen en vrouwen;Totaal;Bonaire;Saba;2021;0;0;0
986;Totaal mannen en vrouwen;Totaal;Bonaire;Saba;2022;0;0;0
987;Totaal mannen en vrouwen;Totaal;Bonaire;Saba;2023;0;0;0
988;Totaal mannen en vrouwen;Totaal;Canada;Caribisch Nederland;2011;159;91;68
989;Totaal mannen en vrouwen;Totaal;Canada;Caribisch Nederland;2012;164;126;38
990;Totaal mannen en vrouwen;Totaal;Canada;Caribisch Nederland;2013;99;167;-68
991;Totaal mannen en vrouwen;Totaal;Canada;Caribisch Nederland;2014;84;122;-38
992;Totaal mannen en vrouwen;Totaal;Canada;Caribisch Nederland;2015;68;100;-32
993;Totaal mannen en vrouwen;Totaal;Canada;Caribisch Nederland;2016;67;123;-56
994;Totaal mannen en vrouwen;Totaal;Canada;Caribisch Nederland;2017;61;40;21
995;Totaal mannen en vrouwen;Totaal;Canada;Caribisch Nederland;2018;42;103;-61
996;Totaal mannen en vrouwen;Totaal;Canada;Caribisch Nederland;2019;44;47;-3
997;Totaal mannen en vrouwen;Totaal;Canada;Caribisch Nederland;2020;11;27;-16
998;Totaal mannen en vrouwen;Totaal;Canada;Caribisch Nederland;2021;13;25;-12
999;Totaal mannen en vrouwen;Totaal;Canada;Caribisch Nederland;2022;39;8;31
1000;Totaal mannen en vrouwen;Totaal;Canada;Caribisch Nederland;2023;30;24;6
1001;Totaal mannen en vrouwen;Totaal;Canada;Bonaire;2011;32;20;12
1002;Totaal mannen en vrouwen;Totaal;Canada;Bonaire;2012;25;8;17
1003;Totaal mannen en vrouwen;Totaal;Canada;Bonaire;2013;15;3;12
1004;Totaal mannen en vrouwen;Totaal;Canada;Bonaire;2014;6;2;4
1005;Totaal mannen en vrouwen;Totaal;Canada;Bonaire;2015;8;4;4
1006;Totaal mannen en vrouwen;Totaal;Canada;Bonaire;2016;2;58;-56
1007;Totaal mannen en vrouwen;Totaal;Canada;Bonaire;2017;7;11;-4
1008;Totaal mannen en vrouwen;Totaal;Canada;Bonaire;2018;5;1;4
1009;Totaal mannen en vrouwen;Totaal;Canada;Bonaire;2019;7;3;4
1010;Totaal mannen en vrouwen;Totaal;Canada;Bonaire;2020;2;1;1
1011;Totaal mannen en vrouwen;Totaal;Canada;Bonaire;2021;2;2;0
1012;Totaal mannen en vrouwen;Totaal;Canada;Bonaire;2022;15;0;15
1013;Totaal mannen en vrouwen;Totaal;Canada;Bonaire;2023;7;1;6
1014;Totaal mannen en vrouwen;Totaal;Canada;Sint Eustatius;2011;19;10;9
1015;Totaal mannen en vrouwen;Totaal;Canada;Sint Eustatius;2012;15;6;9
1016;Totaal mannen en vrouwen;Totaal;Canada;Sint Eustatius;2013;30;50;-20
1017;Totaal mannen en vrouwen;Totaal;Canada;Sint Eustatius;2014;1;7;-6
1018;Totaal mannen en vrouwen;Totaal;Canada;Sint Eustatius;2015;0;36;-36
1019;Totaal mannen en vrouwen;Totaal;Canada;Sint Eustatius;2016;0;0;0
1020;Totaal mannen en vrouwen;Totaal;Canada;Sint Eustatius;2017;1;0;1
1021;Totaal mannen en vrouwen;Totaal;Canada;Sint Eustatius;2018;5;3;2
1022;Totaal mannen en vrouwen;Totaal;Canada;Sint Eustatius;2019;2;7;-5
1023;Totaal mannen en vrouwen;Totaal;Canada;Sint Eustatius;2020;0;0;0
1024;Totaal mannen en vrouwen;Totaal;Canada;Sint Eustatius;2021;2;0;2
1025;Totaal mannen en vrouwen;Totaal;Canada;Sint Eustatius;2022;1;0;1
1026;Totaal mannen en vrouwen;Totaal;Canada;Sint Eustatius;2023;0;1;-1
1027;Totaal mannen en vrouwen;Totaal;Canada;Saba;2011;108;61;47
1028;Totaal mannen en vrouwen;Totaal;Canada;Saba;2012;124;112;12
1029;Totaal mannen en vrouwen;Totaal;Canada;Saba;2013;54;114;-60
1030;Totaal mannen en vrouwen;Totaal;Canada;Saba;2014;77;113;-36
1031;Totaal mannen en vrouwen;Totaal;Canada;Saba;2015;60;60;0
1032;Totaal mannen en vrouwen;Totaal;Canada;Saba;2016;65;65;0
1033;Totaal mannen en vrouwen;Totaal;Canada;Saba;2017;53;29;24
1034;Totaal mannen en vrouwen;Totaal;Canada;Saba;2018;32;99;-67
1035;Totaal mannen en vrouwen;Totaal;Canada;Saba;2019;35;37;-2
1036;Totaal mannen en vrouwen;Totaal;Canada;Saba;2020;9;26;-17
1037;Totaal mannen en vrouwen;Totaal;Canada;Saba;2021;9;23;-14
1038;Totaal mannen en vrouwen;Totaal;Canada;Saba;2022;23;8;15
1039;Totaal mannen en vrouwen;Totaal;Canada;Saba;2023;23;22;1
1040;Totaal mannen en vrouwen;Totaal;China;Caribisch Nederland;2011;40;22;18
1041;Totaal mannen en vrouwen;Totaal;China;Caribisch Nederland;2012;67;23;44
1042;Totaal mannen en vrouwen;Totaal;China;Caribisch Nederland;2013;44;18;26
1043;Totaal mannen en vrouwen;Totaal;China;Caribisch Nederland;2014;25;20;5
1044;Totaal mannen en vrouwen;Totaal;China;Caribisch Nederland;2015;43;18;25
1045;Totaal mannen en vrouwen;Totaal;China;Caribisch Nederland;2016;47;23;24
1046;Totaal mannen en vrouwen;Totaal;China;Caribisch Nederland;2017;39;13;26
1047;Totaal mannen en vrouwen;Totaal;China;Caribisch Nederland;2018;15;15;0
1048;Totaal mannen en vrouwen;Totaal;China;Caribisch Nederland;2019;15;21;-6
1049;Totaal mannen en vrouwen;Totaal;China;Caribisch Nederland;2020;8;10;-2
1050;Totaal mannen en vrouwen;Totaal;China;Caribisch Nederland;2021;28;10;18
1051;Totaal mannen en vrouwen;Totaal;China;Caribisch Nederland;2022;26;5;21
1052;Totaal mannen en vrouwen;Totaal;China;Caribisch Nederland;2023;31;4;27
1053;Totaal mannen en vrouwen;Totaal;China;Bonaire;2011;28;13;15
1054;Totaal mannen en vrouwen;Totaal;China;Bonaire;2012;49;14;35
1055;Totaal mannen en vrouwen;Totaal;China;Bonaire;2013;36;8;28
1056;Totaal mannen en vrouwen;Totaal;China;Bonaire;2014;12;10;2
1057;Totaal mannen en vrouwen;Totaal;China;Bonaire;2015;35;10;25
1058;Totaal mannen en vrouwen;Totaal;China;Bonaire;2016;39;19;20
1059;Totaal mannen en vrouwen;Totaal;China;Bonaire;2017;34;5;29
1060;Totaal mannen en vrouwen;Totaal;China;Bonaire;2018;13;3;10
1061;Totaal mannen en vrouwen;Totaal;China;Bonaire;2019;11;7;4
1062;Totaal mannen en vrouwen;Totaal;China;Bonaire;2020;8;6;2
1063;Totaal mannen en vrouwen;Totaal;China;Bonaire;2021;7;10;-3
1064;Totaal mannen en vrouwen;Totaal;China;Bonaire;2022;18;3;15
1065;Totaal mannen en vrouwen;Totaal;China;Bonaire;2023;28;-1;29
1066;Totaal mannen en vrouwen;Totaal;China;Sint Eustatius;2011;5;7;-2
1067;Totaal mannen en vrouwen;Totaal;China;Sint Eustatius;2012;12;3;9
1068;Totaal mannen en vrouwen;Totaal;China;Sint Eustatius;2013;7;6;1
1069;Totaal mannen en vrouwen;Totaal;China;Sint Eustatius;2014;7;6;1
1070;Totaal mannen en vrouwen;Totaal;China;Sint Eustatius;2015;7;2;5
1071;Totaal mannen en vrouwen;Totaal;China;Sint Eustatius;2016;5;2;3
1072;Totaal mannen en vrouwen;Totaal;China;Sint Eustatius;2017;2;7;-5
1073;Totaal mannen en vrouwen;Totaal;China;Sint Eustatius;2018;2;10;-8
1074;Totaal mannen en vrouwen;Totaal;China;Sint Eustatius;2019;3;14;-11
1075;Totaal mannen en vrouwen;Totaal;China;Sint Eustatius;2020;0;1;-1
1076;Totaal mannen en vrouwen;Totaal;China;Sint Eustatius;2021;21;0;21
1077;Totaal mannen en vrouwen;Totaal;China;Sint Eustatius;2022;8;2;6
1078;Totaal mannen en vrouwen;Totaal;China;Sint Eustatius;2023;3;5;-2
1079;Totaal mannen en vrouwen;Totaal;China;Saba;2011;7;2;5
1080;Totaal mannen en vrouwen;Totaal;China;Saba;2012;6;6;0
1081;Totaal mannen en vrouwen;Totaal;China;Saba;2013;1;4;-3
1082;Totaal mannen en vrouwen;Totaal;China;Saba;2014;6;4;2
1083;Totaal mannen en vrouwen;Totaal;China;Saba;2015;1;6;-5
1084;Totaal mannen en vrouwen;Totaal;China;Saba;2016;3;2;1
1085;Totaal mannen en vrouwen;Totaal;China;Saba;2017;3;1;2
1086;Totaal mannen en vrouwen;Totaal;China;Saba;2018;0;2;-2
1087;Totaal mannen en vrouwen;Totaal;China;Saba;2019;1;0;1
1088;Totaal mannen en vrouwen;Totaal;China;Saba;2020;0;3;-3
1089;Totaal mannen en vrouwen;Totaal;China;Saba;2021;0;0;0
1090;Totaal mannen en vrouwen;Totaal;China;Saba;2022;0;0;0
1091;Totaal mannen en vrouwen;Totaal;China;Saba;2023;0;0;0
1092;Totaal mannen en vrouwen;Totaal;Colombia;Caribisch Nederland;2011;76;47;29
1093;Totaal mannen en vrouwen;Totaal;Colombia;Caribisch Nederland;2012;93;35;58
1094;Totaal mannen en vrouwen;Totaal;Colombia;Caribisch Nederland;2013;90;18;72
1095;Totaal mannen en vrouwen;Totaal;Colombia;Caribisch Nederland;2014;61;34;27
1096;Totaal mannen en vrouwen;Totaal;Colombia;Caribisch Nederland;2015;38;22;16
1097;Totaal mannen en vrouwen;Totaal;Colombia;Caribisch Nederland;2016;51;106;-55
1098;Totaal mannen en vrouwen;Totaal;Colombia;Caribisch Nederland;2017;92;66;26
1099;Totaal mannen en vrouwen;Totaal;Colombia;Caribisch Nederland;2018;73;43;30
1100;Totaal mannen en vrouwen;Totaal;Colombia;Caribisch Nederland;2019;69;25;44
1101;Totaal mannen en vrouwen;Totaal;Colombia;Caribisch Nederland;2020;59;29;30
1102;Totaal mannen en vrouwen;Totaal;Colombia;Caribisch Nederland;2021;88;32;56
1103;Totaal mannen en vrouwen;Totaal;Colombia;Caribisch Nederland;2022;139;16;123
1104;Totaal mannen en vrouwen;Totaal;Colombia;Caribisch Nederland;2023;172;22;150
1105;Totaal mannen en vrouwen;Totaal;Colombia;Bonaire;2011;64;45;19
1106;Totaal mannen en vrouwen;Totaal;Colombia;Bonaire;2012;80;31;49
1107;Totaal mannen en vrouwen;Totaal;Colombia;Bonaire;2013;77;13;64
1108;Totaal mannen en vrouwen;Totaal;Colombia;Bonaire;2014;51;30;21
1109;Totaal mannen en vrouwen;Totaal;Colombia;Bonaire;2015;33;14;19
1110;Totaal mannen en vrouwen;Totaal;Colombia;Bonaire;2016;42;101;-59
1111;Totaal mannen en vrouwen;Totaal;Colombia;Bonaire;2017;63;66;-3
1112;Totaal mannen en vrouwen;Totaal;Colombia;Bonaire;2018;66;13;53
1113;Totaal mannen en vrouwen;Totaal;Colombia;Bonaire;2019;49;13;36
1114;Totaal mannen en vrouwen;Totaal;Colombia;Bonaire;2020;54;8;46
1115;Totaal mannen en vrouwen;Totaal;Colombia;Bonaire;2021;72;29;43
1116;Totaal mannen en vrouwen;Totaal;Colombia;Bonaire;2022;122;14;108
1117;Totaal mannen en vrouwen;Totaal;Colombia;Bonaire;2023;150;12;138
1118;Totaal mannen en vrouwen;Totaal;Colombia;Sint Eustatius;2011;1;0;1
1119;Totaal mannen en vrouwen;Totaal;Colombia;Sint Eustatius;2012;3;0;3
1120;Totaal mannen en vrouwen;Totaal;Colombia;Sint Eustatius;2013;3;0;3
1121;Totaal mannen en vrouwen;Totaal;Colombia;Sint Eustatius;2014;0;1;-1
1122;Totaal mannen en vrouwen;Totaal;Colombia;Sint Eustatius;2015;0;7;-7
1123;Totaal mannen en vrouwen;Totaal;Colombia;Sint Eustatius;2016;3;0;3
1124;Totaal mannen en vrouwen;Totaal;Colombia;Sint Eustatius;2017;19;0;19
1125;Totaal mannen en vrouwen;Totaal;Colombia;Sint Eustatius;2018;0;14;-14
1126;Totaal mannen en vrouwen;Totaal;Colombia;Sint Eustatius;2019;13;4;9
1127;Totaal mannen en vrouwen;Totaal;Colombia;Sint Eustatius;2020;1;18;-17
1128;Totaal mannen en vrouwen;Totaal;Colombia;Sint Eustatius;2021;4;1;3
1129;Totaal mannen en vrouwen;Totaal;Colombia;Sint Eustatius;2022;1;1;0
1130;Totaal mannen en vrouwen;Totaal;Colombia;Sint Eustatius;2023;5;1;4
1131;Totaal mannen en vrouwen;Totaal;Colombia;Saba;2011;11;2;9
1132;Totaal mannen en vrouwen;Totaal;Colombia;Saba;2012;10;4;6
1133;Totaal mannen en vrouwen;Totaal;Colombia;Saba;2013;10;5;5
1134;Totaal mannen en vrouwen;Totaal;Colombia;Saba;2014;10;3;7
1135;Totaal mannen en vrouwen;Totaal;Colombia;Saba;2015;5;1;4
1136;Totaal mannen en vrouwen;Totaal;Colombia;Saba;2016;6;5;1
1137;Totaal mannen en vrouwen;Totaal;Colombia;Saba;2017;10;0;10
1138;Totaal mannen en vrouwen;Totaal;Colombia;Saba;2018;7;16;-9
1139;Totaal mannen en vrouwen;Totaal;Colombia;Saba;2019;7;8;-1
1140;Totaal mannen en vrouwen;Totaal;Colombia;Saba;2020;4;3;1
1141;Totaal mannen en vrouwen;Totaal;Colombia;Saba;2021;12;2;10
1142;Totaal mannen en vrouwen;Totaal;Colombia;Saba;2022;16;1;15
1143;Totaal mannen en vrouwen;Totaal;Colombia;Saba;2023;17;9;8
1144;Totaal mannen en vrouwen;Totaal;Curaçao;Caribisch Nederland;2011;186;201;-15
1145;Totaal mannen en vrouwen;Totaal;Curaçao;Caribisch Nederland;2012;266;179;87
1146;Totaal mannen en vrouwen;Totaal;Curaçao;Caribisch Nederland;2013;304;133;171
1147;Totaal mannen en vrouwen;Totaal;Curaçao;Caribisch Nederland;2014;236;172;64
1148;Totaal mannen en vrouwen;Totaal;Curaçao;Caribisch Nederland;2015;261;153;108
1149;Totaal mannen en vrouwen;Totaal;Curaçao;Caribisch Nederland;2016;226;145;81
1150;Totaal mannen en vrouwen;Totaal;Curaçao;Caribisch Nederland;2017;200;198;2
1151;Totaal mannen en vrouwen;Totaal;Curaçao;Caribisch Nederland;2018;240;190;50
1152;Totaal mannen en vrouwen;Totaal;Curaçao;Caribisch Nederland;2019;292;149;143
1153;Totaal mannen en vrouwen;Totaal;Curaçao;Caribisch Nederland;2020;369;129;240
1154;Totaal mannen en vrouwen;Totaal;Curaçao;Caribisch Nederland;2021;334;174;160
1155;Totaal mannen en vrouwen;Totaal;Curaçao;Caribisch Nederland;2022;400;185;215
1156;Totaal mannen en vrouwen;Totaal;Curaçao;Caribisch Nederland;2023;264;192;72
1157;Totaal mannen en vrouwen;Totaal;Curaçao;Bonaire;2011;167;183;-16
1158;Totaal mannen en vrouwen;Totaal;Curaçao;Bonaire;2012;259;160;99
1159;Totaal mannen en vrouwen;Totaal;Curaçao;Bonaire;2013;273;118;155
1160;Totaal mannen en vrouwen;Totaal;Curaçao;Bonaire;2014;227;162;65
1161;Totaal mannen en vrouwen;Totaal;Curaçao;Bonaire;2015;250;140;110
1162;Totaal mannen en vrouwen;Totaal;Curaçao;Bonaire;2016;214;140;74
1163;Totaal mannen en vrouwen;Totaal;Curaçao;Bonaire;2017;183;189;-6
1164;Totaal mannen en vrouwen;Totaal;Curaçao;Bonaire;2018;228;170;58
1165;Totaal mannen en vrouwen;Totaal;Curaçao;Bonaire;2019;284;142;142
1166;Totaal mannen en vrouwen;Totaal;Curaçao;Bonaire;2020;361;120;241
1167;Totaal mannen en vrouwen;Totaal;Curaçao;Bonaire;2021;318;163;155
1168;Totaal mannen en vrouwen;Totaal;Curaçao;Bonaire;2022;384;176;208
1169;Totaal mannen en vrouwen;Totaal;Curaçao;Bonaire;2023;250;176;74
1170;Totaal mannen en vrouwen;Totaal;Curaçao;Sint Eustatius;2011;18;9;9
1171;Totaal mannen en vrouwen;Totaal;Curaçao;Sint Eustatius;2012;6;15;-9
1172;Totaal mannen en vrouwen;Totaal;Curaçao;Sint Eustatius;2013;22;14;8
1173;Totaal mannen en vrouwen;Totaal;Curaçao;Sint Eustatius;2014;7;8;-1
1174;Totaal mannen en vrouwen;Totaal;Curaçao;Sint Eustatius;2015;9;10;-1
1175;Totaal mannen en vrouwen;Totaal;Curaçao;Sint Eustatius;2016;9;4;5
1176;Totaal mannen en vrouwen;Totaal;Curaçao;Sint Eustatius;2017;16;6;10
1177;Totaal mannen en vrouwen;Totaal;Curaçao;Sint Eustatius;2018;11;20;-9
1178;Totaal mannen en vrouwen;Totaal;Curaçao;Sint Eustatius;2019;7;7;0
1179;Totaal mannen en vrouwen;Totaal;Curaçao;Sint Eustatius;2020;7;9;-2
1180;Totaal mannen en vrouwen;Totaal;Curaçao;Sint Eustatius;2021;13;7;6
1181;Totaal mannen en vrouwen;Totaal;Curaçao;Sint Eustatius;2022;14;8;6
1182;Totaal mannen en vrouwen;Totaal;Curaçao;Sint Eustatius;2023;11;13;-2
1183;Totaal mannen en vrouwen;Totaal;Curaçao;Saba;2011;1;9;-8
1184;Totaal mannen en vrouwen;Totaal;Curaçao;Saba;2012;1;4;-3
1185;Totaal mannen en vrouwen;Totaal;Curaçao;Saba;2013;9;1;8
1186;Totaal mannen en vrouwen;Totaal;Curaçao;Saba;2014;2;2;0
1187;Totaal mannen en vrouwen;Totaal;Curaçao;Saba;2015;2;3;-1
1188;Totaal mannen en vrouwen;Totaal;Curaçao;Saba;2016;3;1;2
1189;Totaal mannen en vrouwen;Totaal;Curaçao;Saba;2017;1;3;-2
1190;Totaal mannen en vrouwen;Totaal;Curaçao;Saba;2018;1;0;1
1191;Totaal mannen en vrouwen;Totaal;Curaçao;Saba;2019;1;0;1
1192;Totaal mannen en vrouwen;Totaal;Curaçao;Saba;2020;1;0;1
1193;Totaal mannen en vrouwen;Totaal;Curaçao;Saba;2021;3;4;-1
1194;Totaal mannen en vrouwen;Totaal;Curaçao;Saba;2022;2;1;1
1195;Totaal mannen en vrouwen;Totaal;Curaçao;Saba;2023;3;3;0
1196;Totaal mannen en vrouwen;Totaal;Dominicaanse Republiek;Caribisch Nederland;2011;77;31;46
1197;Totaal mannen en vrouwen;Totaal;Dominicaanse Republiek;Caribisch Nederland;2012;102;21;81
1198;Totaal mannen en vrouwen;Totaal;Dominicaanse Republiek;Caribisch Nederland;2013;123;21;102
1199;Totaal mannen en vrouwen;Totaal;Dominicaanse Republiek;Caribisch Nederland;2014;110;42;68
1200;Totaal mannen en vrouwen;Totaal;Dominicaanse Republiek;Caribisch Nederland;2015;122;86;36
1201;Totaal mannen en vrouwen;Totaal;Dominicaanse Republiek;Caribisch Nederland;2016;106;69;37
1202;Totaal mannen en vrouwen;Totaal;Dominicaanse Republiek;Caribisch Nederland;2017;108;43;65
1203;Totaal mannen en vrouwen;Totaal;Dominicaanse Republiek;Caribisch Nederland;2018;92;74;18
1204;Totaal mannen en vrouwen;Totaal;Dominicaanse Republiek;Caribisch Nederland;2019;143;45;98
1205;Totaal mannen en vrouwen;Totaal;Dominicaanse Republiek;Caribisch Nederland;2020;69;28;41
1206;Totaal mannen en vrouwen;Totaal;Dominicaanse Republiek;Caribisch Nederland;2021;170;50;120
1207;Totaal mannen en vrouwen;Totaal;Dominicaanse Republiek;Caribisch Nederland;2022;209;20;189
1208;Totaal mannen en vrouwen;Totaal;Dominicaanse Republiek;Caribisch Nederland;2023;211;49;162
1209;Totaal mannen en vrouwen;Totaal;Dominicaanse Republiek;Bonaire;2011;60;19;41
1210;Totaal mannen en vrouwen;Totaal;Dominicaanse Republiek;Bonaire;2012;86;13;73
1211;Totaal mannen en vrouwen;Totaal;Dominicaanse Republiek;Bonaire;2013;84;12;72
1212;Totaal mannen en vrouwen;Totaal;Dominicaanse Republiek;Bonaire;2014;93;24;69
1213;Totaal mannen en vrouwen;Totaal;Dominicaanse Republiek;Bonaire;2015;97;20;77
1214;Totaal mannen en vrouwen;Totaal;Dominicaanse Republiek;Bonaire;2016;88;61;27
1215;Totaal mannen en vrouwen;Totaal;Dominicaanse Republiek;Bonaire;2017;79;31;48
1216;Totaal mannen en vrouwen;Totaal;Dominicaanse Republiek;Bonaire;2018;65;22;43
1217;Totaal mannen en vrouwen;Totaal;Dominicaanse Republiek;Bonaire;2019;100;19;81
1218;Totaal mannen en vrouwen;Totaal;Dominicaanse Republiek;Bonaire;2020;55;12;43
1219;Totaal mannen en vrouwen;Totaal;Dominicaanse Republiek;Bonaire;2021;134;44;90
1220;Totaal mannen en vrouwen;Totaal;Dominicaanse Republiek;Bonaire;2022;176;9;167
1221;Totaal mannen en vrouwen;Totaal;Dominicaanse Republiek;Bonaire;2023;182;12;170
1222;Totaal mannen en vrouwen;Totaal;Dominicaanse Republiek;Sint Eustatius;2011;13;6;7
1223;Totaal mannen en vrouwen;Totaal;Dominicaanse Republiek;Sint Eustatius;2012;9;4;5
1224;Totaal mannen en vrouwen;Totaal;Dominicaanse Republiek;Sint Eustatius;2013;27;7;20
1225;Totaal mannen en vrouwen;Totaal;Dominicaanse Republiek;Sint Eustatius;2014;12;12;0
1226;Totaal mannen en vrouwen;Totaal;Dominicaanse Republiek;Sint Eustatius;2015;19;64;-45
1227;Totaal mannen en vrouwen;Totaal;Dominicaanse Republiek;Sint Eustatius;2016;14;5;9
1228;Totaal mannen en vrouwen;Totaal;Dominicaanse Republiek;Sint Eustatius;2017;26;8;18
1229;Totaal mannen en vrouwen;Totaal;Dominicaanse Republiek;Sint Eustatius;2018;20;40;-20
1230;Totaal mannen en vrouwen;Totaal;Dominicaanse Republiek;Sint Eustatius;2019;27;20;7
1231;Totaal mannen en vrouwen;Totaal;Dominicaanse Republiek;Sint Eustatius;2020;9;8;1
1232;Totaal mannen en vrouwen;Totaal;Dominicaanse Republiek;Sint Eustatius;2021;15;2;13
1233;Totaal mannen en vrouwen;Totaal;Dominicaanse Republiek;Sint Eustatius;2022;18;9;9
1234;Totaal mannen en vrouwen;Totaal;Dominicaanse Republiek;Sint Eustatius;2023;19;34;-15
1235;Totaal mannen en vrouwen;Totaal;Dominicaanse Republiek;Saba;2011;4;6;-2
1236;Totaal mannen en vrouwen;Totaal;Dominicaanse Republiek;Saba;2012;7;4;3
1237;Totaal mannen en vrouwen;Totaal;Dominicaanse Republiek;Saba;2013;12;2;10
1238;Totaal mannen en vrouwen;Totaal;Dominicaanse Republiek;Saba;2014;5;6;-1
1239;Totaal mannen en vrouwen;Totaal;Dominicaanse Republiek;Saba;2015;6;2;4
1240;Totaal mannen en vrouwen;Totaal;Dominicaanse Republiek;Saba;2016;4;3;1
1241;Totaal mannen en vrouwen;Totaal;Dominicaanse Republiek;Saba;2017;3;4;-1
1242;Totaal mannen en vrouwen;Totaal;Dominicaanse Republiek;Saba;2018;7;12;-5
1243;Totaal mannen en vrouwen;Totaal;Dominicaanse Republiek;Saba;2019;16;6;10
1244;Totaal mannen en vrouwen;Totaal;Dominicaanse Republiek;Saba;2020;5;8;-3
1245;Totaal mannen en vrouwen;Totaal;Dominicaanse Republiek;Saba;2021;21;4;17
1246;Totaal mannen en vrouwen;Totaal;Dominicaanse Republiek;Saba;2022;15;2;13
1247;Totaal mannen en vrouwen;Totaal;Dominicaanse Republiek;Saba;2023;10;3;7
1248;Totaal mannen en vrouwen;Totaal;Ecuador;Caribisch Nederland;2011;11;1;10
1249;Totaal mannen en vrouwen;Totaal;Ecuador;Caribisch Nederland;2012;8;2;6
1250;Totaal mannen en vrouwen;Totaal;Ecuador;Caribisch Nederland;2013;6;1;5
1251;Totaal mannen en vrouwen;Totaal;Ecuador;Caribisch Nederland;2014;4;3;1
1252;Totaal mannen en vrouwen;Totaal;Ecuador;Caribisch Nederland;2015;3;0;3
1253;Totaal mannen en vrouwen;Totaal;Ecuador;Caribisch Nederland;2016;6;20;-14
1254;Totaal mannen en vrouwen;Totaal;Ecuador;Caribisch Nederland;2017;6;6;0
1255;Totaal mannen en vrouwen;Totaal;Ecuador;Caribisch Nederland;2018;3;1;2
1256;Totaal mannen en vrouwen;Totaal;Ecuador;Caribisch Nederland;2019;15;1;14
1257;Totaal mannen en vrouwen;Totaal;Ecuador;Caribisch Nederland;2020;3;1;2
1258;Totaal mannen en vrouwen;Totaal;Ecuador;Caribisch Nederland;2021;18;3;15
1259;Totaal mannen en vrouwen;Totaal;Ecuador;Caribisch Nederland;2022;13;0;13
1260;Totaal mannen en vrouwen;Totaal;Ecuador;Caribisch Nederland;2023;14;2;12
1261;Totaal mannen en vrouwen;Totaal;Ecuador;Bonaire;2011;10;1;9
1262;Totaal mannen en vrouwen;Totaal;Ecuador;Bonaire;2012;8;2;6
1263;Totaal mannen en vrouwen;Totaal;Ecuador;Bonaire;2013;6;1;5
1264;Totaal mannen en vrouwen;Totaal;Ecuador;Bonaire;2014;4;3;1
1265;Totaal mannen en vrouwen;Totaal;Ecuador;Bonaire;2015;3;0;3
1266;Totaal mannen en vrouwen;Totaal;Ecuador;Bonaire;2016;6;20;-14
1267;Totaal mannen en vrouwen;Totaal;Ecuador;Bonaire;2017;6;6;0
1268;Totaal mannen en vrouwen;Totaal;Ecuador;Bonaire;2018;3;1;2
1269;Totaal mannen en vrouwen;Totaal;Ecuador;Bonaire;2019;14;1;13
1270;Totaal mannen en vrouwen;Totaal;Ecuador;Bonaire;2020;3;0;3
1271;Totaal mannen en vrouwen;Totaal;Ecuador;Bonaire;2021;18;3;15
1272;Totaal mannen en vrouwen;Totaal;Ecuador;Bonaire;2022;13;0;13
1273;Totaal mannen en vrouwen;Totaal;Ecuador;Bonaire;2023;13;2;11
1274;Totaal mannen en vrouwen;Totaal;Ecuador;Sint Eustatius;2011;1;0;1
1275;Totaal mannen en vrouwen;Totaal;Ecuador;Sint Eustatius;2012;0;0;0
1276;Totaal mannen en vrouwen;Totaal;Ecuador;Sint Eustatius;2013;0;0;0
1277;Totaal mannen en vrouwen;Totaal;Ecuador;Sint Eustatius;2014;0;0;0
1278;Totaal mannen en vrouwen;Totaal;Ecuador;Sint Eustatius;2015;0;0;0
1279;Totaal mannen en vrouwen;Totaal;Ecuador;Sint Eustatius;2016;0;0;0
1280;Totaal mannen en vrouwen;Totaal;Ecuador;Sint Eustatius;2017;0;0;0
1281;Totaal mannen en vrouwen;Totaal;Ecuador;Sint Eustatius;2018;0;0;0
1282;Totaal mannen en vrouwen;Totaal;Ecuador;Sint Eustatius;2019;1;0;1
1283;Totaal mannen en vrouwen;Totaal;Ecuador;Sint Eustatius;2020;0;1;-1
1284;Totaal mannen en vrouwen;Totaal;Ecuador;Sint Eustatius;2021;0;0;0
1285;Totaal mannen en vrouwen;Totaal;Ecuador;Sint Eustatius;2022;0;0;0
1286;Totaal mannen en vrouwen;Totaal;Ecuador;Sint Eustatius;2023;0;0;0
1287;Totaal mannen en vrouwen;Totaal;Ecuador;Saba;2011;0;0;0
1288;Totaal mannen en vrouwen;Totaal;Ecuador;Saba;2012;0;0;0
1289;Totaal mannen en vrouwen;Totaal;Ecuador;Saba;2013;0;0;0
1290;Totaal mannen en vrouwen;Totaal;Ecuador;Saba;2014;0;0;0
1291;Totaal mannen en vrouwen;Totaal;Ecuador;Saba;2015;0;0;0
1292;Totaal mannen en vrouwen;Totaal;Ecuador;Saba;2016;0;0;0
1293;Totaal mannen en vrouwen;Totaal;Ecuador;Saba;2017;0;0;0
1294;Totaal mannen en vrouwen;Totaal;Ecuador;Saba;2018;0;0;0
1295;Totaal mannen en vrouwen;Totaal;Ecuador;Saba;2019;0;0;0
1296;Totaal mannen en vrouwen;Totaal;Ecuador;Saba;2020;0;0;0
1297;Totaal mannen en vrouwen;Totaal;Ecuador;Saba;2021;0;0;0
1298;Totaal mannen en vrouwen;Totaal;Ecuador;Saba;2022;0;0;0
1299;Totaal mannen en vrouwen;Totaal;Ecuador;Saba;2023;1;0;1
1300;Totaal mannen en vrouwen;Totaal;Guyana;Caribisch Nederland;2011;6;11;-5
1301;Totaal mannen en vrouwen;Totaal;Guyana;Caribisch Nederland;2012;11;3;8
1302;Totaal mannen en vrouwen;Totaal;Guyana;Caribisch Nederland;2013;7;3;4
1303;Totaal mannen en vrouwen;Totaal;Guyana;Caribisch Nederland;2014;4;14;-10
1304;Totaal mannen en vrouwen;Totaal;Guyana;Caribisch Nederland;2015;7;42;-35
1305;Totaal mannen en vrouwen;Totaal;Guyana;Caribisch Nederland;2016;12;7;5
1306;Totaal mannen en vrouwen;Totaal;Guyana;Caribisch Nederland;2017;7;16;-9
1307;Totaal mannen en vrouwen;Totaal;Guyana;Caribisch Nederland;2018;8;12;-4
1308;Totaal mannen en vrouwen;Totaal;Guyana;Caribisch Nederland;2019;7;10;-3
1309;Totaal mannen en vrouwen;Totaal;Guyana;Caribisch Nederland;2020;6;2;4
1310;Totaal mannen en vrouwen;Totaal;Guyana;Caribisch Nederland;2021;8;1;7
1311;Totaal mannen en vrouwen;Totaal;Guyana;Caribisch Nederland;2022;8;5;3
1312;Totaal mannen en vrouwen;Totaal;Guyana;Caribisch Nederland;2023;10;9;1
1313;Totaal mannen en vrouwen;Totaal;Guyana;Bonaire;2011;1;0;1
1314;Totaal mannen en vrouwen;Totaal;Guyana;Bonaire;2012;1;0;1
1315;Totaal mannen en vrouwen;Totaal;Guyana;Bonaire;2013;2;0;2
1316;Totaal mannen en vrouwen;Totaal;Guyana;Bonaire;2014;0;0;0
1317;Totaal mannen en vrouwen;Totaal;Guyana;Bonaire;2015;0;0;0
1318;Totaal mannen en vrouwen;Totaal;Guyana;Bonaire;2016;2;3;-1
1319;Totaal mannen en vrouwen;Totaal;Guyana;Bonaire;2017;0;8;-8
1320;Totaal mannen en vrouwen;Totaal;Guyana;Bonaire;2018;1;1;0
1321;Totaal mannen en vrouwen;Totaal;Guyana;Bonaire;2019;0;1;-1
1322;Totaal mannen en vrouwen;Totaal;Guyana;Bonaire;2020;2;0;2
1323;Totaal mannen en vrouwen;Totaal;Guyana;Bonaire;2021;1;0;1
1324;Totaal mannen en vrouwen;Totaal;Guyana;Bonaire;2022;0;0;0
1325;Totaal mannen en vrouwen;Totaal;Guyana;Bonaire;2023;0;0;0
1326;Totaal mannen en vrouwen;Totaal;Guyana;Sint Eustatius;2011;4;4;0
1327;Totaal mannen en vrouwen;Totaal;Guyana;Sint Eustatius;2012;8;1;7
1328;Totaal mannen en vrouwen;Totaal;Guyana;Sint Eustatius;2013;3;2;1
1329;Totaal mannen en vrouwen;Totaal;Guyana;Sint Eustatius;2014;2;13;-11
1330;Totaal mannen en vrouwen;Totaal;Guyana;Sint Eustatius;2015;6;41;-35
1331;Totaal mannen en vrouwen;Totaal;Guyana;Sint Eustatius;2016;8;4;4
1332;Totaal mannen en vrouwen;Totaal;Guyana;Sint Eustatius;2017;7;2;5
1333;Totaal mannen en vrouwen;Totaal;Guyana;Sint Eustatius;2018;7;9;-2
1334;Totaal mannen en vrouwen;Totaal;Guyana;Sint Eustatius;2019;7;9;-2
1335;Totaal mannen en vrouwen;Totaal;Guyana;Sint Eustatius;2020;4;1;3
1336;Totaal mannen en vrouwen;Totaal;Guyana;Sint Eustatius;2021;4;1;3
1337;Totaal mannen en vrouwen;Totaal;Guyana;Sint Eustatius;2022;6;3;3
1338;Totaal mannen en vrouwen;Totaal;Guyana;Sint Eustatius;2023;8;8;0
1339;Totaal mannen en vrouwen;Totaal;Guyana;Saba;2011;1;7;-6
1340;Totaal mannen en vrouwen;Totaal;Guyana;Saba;2012;2;2;0
1341;Totaal mannen en vrouwen;Totaal;Guyana;Saba;2013;2;1;1
1342;Totaal mannen en vrouwen;Totaal;Guyana;Saba;2014;2;1;1
1343;Totaal mannen en vrouwen;Totaal;Guyana;Saba;2015;1;1;0
1344;Totaal mannen en vrouwen;Totaal;Guyana;Saba;2016;2;0;2
1345;Totaal mannen en vrouwen;Totaal;Guyana;Saba;2017;0;6;-6
1346;Totaal mannen en vrouwen;Totaal;Guyana;Saba;2018;0;2;-2
1347;Totaal mannen en vrouwen;Totaal;Guyana;Saba;2019;0;0;0
1348;Totaal mannen en vrouwen;Totaal;Guyana;Saba;2020;0;1;-1
1349;Totaal mannen en vrouwen;Totaal;Guyana;Saba;2021;3;0;3
1350;Totaal mannen en vrouwen;Totaal;Guyana;Saba;2022;2;2;0
1351;Totaal mannen en vrouwen;Totaal;Guyana;Saba;2023;2;1;1
1352;Totaal mannen en vrouwen;Totaal;Haïti;Caribisch Nederland;2011;11;4;7
1353;Totaal mannen en vrouwen;Totaal;Haïti;Caribisch Nederland;2012;16;5;11
1354;Totaal mannen en vrouwen;Totaal;Haïti;Caribisch Nederland;2013;13;3;10
1355;Totaal mannen en vrouwen;Totaal;Haïti;Caribisch Nederland;2014;14;3;11
1356;Totaal mannen en vrouwen;Totaal;Haïti;Caribisch Nederland;2015;17;8;9
1357;Totaal mannen en vrouwen;Totaal;Haïti;Caribisch Nederland;2016;15;6;9
1358;Totaal mannen en vrouwen;Totaal;Haïti;Caribisch Nederland;2017;28;5;23
1359;Totaal mannen en vrouwen;Totaal;Haïti;Caribisch Nederland;2018;20;5;15
1360;Totaal mannen en vrouwen;Totaal;Haïti;Caribisch Nederland;2019;35;4;31
1361;Totaal mannen en vrouwen;Totaal;Haïti;Caribisch Nederland;2020;36;3;33
1362;Totaal mannen en vrouwen;Totaal;Haïti;Caribisch Nederland;2021;65;2;63
1363;Totaal mannen en vrouwen;Totaal;Haïti;Caribisch Nederland;2022;48;4;44
1364;Totaal mannen en vrouwen;Totaal;Haïti;Caribisch Nederland;2023;100;2;98
1365;Totaal mannen en vrouwen;Totaal;Haïti;Bonaire;2011;10;2;8
1366;Totaal mannen en vrouwen;Totaal;Haïti;Bonaire;2012;8;1;7
1367;Totaal mannen en vrouwen;Totaal;Haïti;Bonaire;2013;7;0;7
1368;Totaal mannen en vrouwen;Totaal;Haïti;Bonaire;2014;11;1;10
1369;Totaal mannen en vrouwen;Totaal;Haïti;Bonaire;2015;11;1;10
1370;Totaal mannen en vrouwen;Totaal;Haïti;Bonaire;2016;11;6;5
1371;Totaal mannen en vrouwen;Totaal;Haïti;Bonaire;2017;28;3;25
1372;Totaal mannen en vrouwen;Totaal;Haïti;Bonaire;2018;19;1;18
1373;Totaal mannen en vrouwen;Totaal;Haïti;Bonaire;2019;33;2;31
1374;Totaal mannen en vrouwen;Totaal;Haïti;Bonaire;2020;35;1;34
1375;Totaal mannen en vrouwen;Totaal;Haïti;Bonaire;2021;65;2;63
1376;Totaal mannen en vrouwen;Totaal;Haïti;Bonaire;2022;43;3;40
1377;Totaal mannen en vrouwen;Totaal;Haïti;Bonaire;2023;95;2;93
1378;Totaal mannen en vrouwen;Totaal;Haïti;Sint Eustatius;2011;1;0;1
1379;Totaal mannen en vrouwen;Totaal;Haïti;Sint Eustatius;2012;5;1;4
1380;Totaal mannen en vrouwen;Totaal;Haïti;Sint Eustatius;2013;6;2;4
1381;Totaal mannen en vrouwen;Totaal;Haïti;Sint Eustatius;2014;0;0;0
1382;Totaal mannen en vrouwen;Totaal;Haïti;Sint Eustatius;2015;0;7;-7
1383;Totaal mannen en vrouwen;Totaal;Haïti;Sint Eustatius;2016;2;0;2
1384;Totaal mannen en vrouwen;Totaal;Haïti;Sint Eustatius;2017;0;1;-1
1385;Totaal mannen en vrouwen;Totaal;Haïti;Sint Eustatius;2018;0;0;0
1386;Totaal mannen en vrouwen;Totaal;Haïti;Sint Eustatius;2019;0;1;-1
1387;Totaal mannen en vrouwen;Totaal;Haïti;Sint Eustatius;2020;1;0;1
1388;Totaal mannen en vrouwen;Totaal;Haïti;Sint Eustatius;2021;0;0;0
1389;Totaal mannen en vrouwen;Totaal;Haïti;Sint Eustatius;2022;0;1;-1
1390;Totaal mannen en vrouwen;Totaal;Haïti;Sint Eustatius;2023;1;0;1
1391;Totaal mannen en vrouwen;Totaal;Haïti;Saba;2011;0;2;-2
1392;Totaal mannen en vrouwen;Totaal;Haïti;Saba;2012;3;3;0
1393;Totaal mannen en vrouwen;Totaal;Haïti;Saba;2013;0;1;-1
1394;Totaal mannen en vrouwen;Totaal;Haïti;Saba;2014;3;2;1
1395;Totaal mannen en vrouwen;Totaal;Haïti;Saba;2015;6;0;6
1396;Totaal mannen en vrouwen;Totaal;Haïti;Saba;2016;2;0;2
1397;Totaal mannen en vrouwen;Totaal;Haïti;Saba;2017;0;1;-1
1398;Totaal mannen en vrouwen;Totaal;Haïti;Saba;2018;1;4;-3
1399;Totaal mannen en vrouwen;Totaal;Haïti;Saba;2019;2;1;1
1400;Totaal mannen en vrouwen;Totaal;Haïti;Saba;2020;0;2;-2
1401;Totaal mannen en vrouwen;Totaal;Haïti;Saba;2021;0;0;0
1402;Totaal mannen en vrouwen;Totaal;Haïti;Saba;2022;5;0;5
1403;Totaal mannen en vrouwen;Totaal;Haïti;Saba;2023;4;0;4
1404;Totaal mannen en vrouwen;Totaal;Jamaica;Caribisch Nederland;2011;9;3;6
1405;Totaal mannen en vrouwen;Totaal;Jamaica;Caribisch Nederland;2012;18;5;13
1406;Totaal mannen en vrouwen;Totaal;Jamaica;Caribisch Nederland;2013;17;3;14
1407;Totaal mannen en vrouwen;Totaal;Jamaica;Caribisch Nederland;2014;19;7;12
1408;Totaal mannen en vrouwen;Totaal;Jamaica;Caribisch Nederland;2015;17;32;-15
1409;Totaal mannen en vrouwen;Totaal;Jamaica;Caribisch Nederland;2016;12;14;-2
1410;Totaal mannen en vrouwen;Totaal;Jamaica;Caribisch Nederland;2017;16;11;5
1411;Totaal mannen en vrouwen;Totaal;Jamaica;Caribisch Nederland;2018;9;16;-7
1412;Totaal mannen en vrouwen;Totaal;Jamaica;Caribisch Nederland;2019;6;8;-2
1413;Totaal mannen en vrouwen;Totaal;Jamaica;Caribisch Nederland;2020;10;4;6
1414;Totaal mannen en vrouwen;Totaal;Jamaica;Caribisch Nederland;2021;4;2;2
1415;Totaal mannen en vrouwen;Totaal;Jamaica;Caribisch Nederland;2022;19;2;17
1416;Totaal mannen en vrouwen;Totaal;Jamaica;Caribisch Nederland;2023;17;4;13
1417;Totaal mannen en vrouwen;Totaal;Jamaica;Bonaire;2011;3;1;2
1418;Totaal mannen en vrouwen;Totaal;Jamaica;Bonaire;2012;7;1;6
1419;Totaal mannen en vrouwen;Totaal;Jamaica;Bonaire;2013;12;0;12
1420;Totaal mannen en vrouwen;Totaal;Jamaica;Bonaire;2014;8;2;6
1421;Totaal mannen en vrouwen;Totaal;Jamaica;Bonaire;2015;5;1;4
1422;Totaal mannen en vrouwen;Totaal;Jamaica;Bonaire;2016;4;12;-8
1423;Totaal mannen en vrouwen;Totaal;Jamaica;Bonaire;2017;3;5;-2
1424;Totaal mannen en vrouwen;Totaal;Jamaica;Bonaire;2018;6;1;5
1425;Totaal mannen en vrouwen;Totaal;Jamaica;Bonaire;2019;1;0;1
1426;Totaal mannen en vrouwen;Totaal;Jamaica;Bonaire;2020;1;0;1
1427;Totaal mannen en vrouwen;Totaal;Jamaica;Bonaire;2021;0;1;-1
1428;Totaal mannen en vrouwen;Totaal;Jamaica;Bonaire;2022;3;0;3
1429;Totaal mannen en vrouwen;Totaal;Jamaica;Bonaire;2023;2;0;2
1430;Totaal mannen en vrouwen;Totaal;Jamaica;Sint Eustatius;2011;0;0;0
1431;Totaal mannen en vrouwen;Totaal;Jamaica;Sint Eustatius;2012;4;0;4
1432;Totaal mannen en vrouwen;Totaal;Jamaica;Sint Eustatius;2013;3;2;1
1433;Totaal mannen en vrouwen;Totaal;Jamaica;Sint Eustatius;2014;4;4;0
1434;Totaal mannen en vrouwen;Totaal;Jamaica;Sint Eustatius;2015;5;30;-25
1435;Totaal mannen en vrouwen;Totaal;Jamaica;Sint Eustatius;2016;4;2;2
1436;Totaal mannen en vrouwen;Totaal;Jamaica;Sint Eustatius;2017;11;0;11
1437;Totaal mannen en vrouwen;Totaal;Jamaica;Sint Eustatius;2018;2;13;-11
1438;Totaal mannen en vrouwen;Totaal;Jamaica;Sint Eustatius;2019;4;5;-1
1439;Totaal mannen en vrouwen;Totaal;Jamaica;Sint Eustatius;2020;6;3;3
1440;Totaal mannen en vrouwen;Totaal;Jamaica;Sint Eustatius;2021;3;0;3
1441;Totaal mannen en vrouwen;Totaal;Jamaica;Sint Eustatius;2022;5;0;5
1442;Totaal mannen en vrouwen;Totaal;Jamaica;Sint Eustatius;2023;11;3;8
1443;Totaal mannen en vrouwen;Totaal;Jamaica;Saba;2011;6;2;4
1444;Totaal mannen en vrouwen;Totaal;Jamaica;Saba;2012;7;4;3
1445;Totaal mannen en vrouwen;Totaal;Jamaica;Saba;2013;2;1;1
1446;Totaal mannen en vrouwen;Totaal;Jamaica;Saba;2014;7;1;6
1447;Totaal mannen en vrouwen;Totaal;Jamaica;Saba;2015;7;1;6
1448;Totaal mannen en vrouwen;Totaal;Jamaica;Saba;2016;4;0;4
1449;Totaal mannen en vrouwen;Totaal;Jamaica;Saba;2017;2;6;-4
1450;Totaal mannen en vrouwen;Totaal;Jamaica;Saba;2018;1;2;-1
1451;Totaal mannen en vrouwen;Totaal;Jamaica;Saba;2019;1;3;-2
1452;Totaal mannen en vrouwen;Totaal;Jamaica;Saba;2020;3;1;2
1453;Totaal mannen en vrouwen;Totaal;Jamaica;Saba;2021;1;1;0
1454;Totaal mannen en vrouwen;Totaal;Jamaica;Saba;2022;11;2;9
1455;Totaal mannen en vrouwen;Totaal;Jamaica;Saba;2023;4;1;3
1456;Totaal mannen en vrouwen;Totaal;Nederland;Caribisch Nederland;2011;597;243;354
1457;Totaal mannen en vrouwen;Totaal;Nederland;Caribisch Nederland;2012;484;256;228
1458;Totaal mannen en vrouwen;Totaal;Nederland;Caribisch Nederland;2013;579;298;281
1459;Totaal mannen en vrouwen;Totaal;Nederland;Caribisch Nederland;2014;466;353;113
1460;Totaal mannen en vrouwen;Totaal;Nederland;Caribisch Nederland;2015;481;401;80
1461;Totaal mannen en vrouwen;Totaal;Nederland;Caribisch Nederland;2016;511;388;123
1462;Totaal mannen en vrouwen;Totaal;Nederland;Caribisch Nederland;2017;537;389;148
1463;Totaal mannen en vrouwen;Totaal;Nederland;Caribisch Nederland;2018;502;425;77
1464;Totaal mannen en vrouwen;Totaal;Nederland;Caribisch Nederland;2019;537;351;186
1465;Totaal mannen en vrouwen;Totaal;Nederland;Caribisch Nederland;2020;585;385;200
1466;Totaal mannen en vrouwen;Totaal;Nederland;Caribisch Nederland;2021;573;373;200
1467;Totaal mannen en vrouwen;Totaal;Nederland;Caribisch Nederland;2022;886;439;447
1468;Totaal mannen en vrouwen;Totaal;Nederland;Caribisch Nederland;2023;578;477;101
1469;Totaal mannen en vrouwen;Totaal;Nederland;Bonaire;2011;527;198;329
1470;Totaal mannen en vrouwen;Totaal;Nederland;Bonaire;2012;422;220;202
1471;Totaal mannen en vrouwen;Totaal;Nederland;Bonaire;2013;483;261;222
1472;Totaal mannen en vrouwen;Totaal;Nederland;Bonaire;2014;399;308;91
1473;Totaal mannen en vrouwen;Totaal;Nederland;Bonaire;2015;429;344;85
1474;Totaal mannen en vrouwen;Totaal;Nederland;Bonaire;2016;460;338;122
1475;Totaal mannen en vrouwen;Totaal;Nederland;Bonaire;2017;487;349;138
1476;Totaal mannen en vrouwen;Totaal;Nederland;Bonaire;2018;449;373;76
1477;Totaal mannen en vrouwen;Totaal;Nederland;Bonaire;2019;495;292;203
1478;Totaal mannen en vrouwen;Totaal;Nederland;Bonaire;2020;526;344;182
1479;Totaal mannen en vrouwen;Totaal;Nederland;Bonaire;2021;519;302;217
1480;Totaal mannen en vrouwen;Totaal;Nederland;Bonaire;2022;839;390;449
1481;Totaal mannen en vrouwen;Totaal;Nederland;Bonaire;2023;539;421;118
1482;Totaal mannen en vrouwen;Totaal;Nederland;Sint Eustatius;2011;51;38;13
1483;Totaal mannen en vrouwen;Totaal;Nederland;Sint Eustatius;2012;42;25;17
1484;Totaal mannen en vrouwen;Totaal;Nederland;Sint Eustatius;2013;72;21;51
1485;Totaal mannen en vrouwen;Totaal;Nederland;Sint Eustatius;2014;35;33;2
1486;Totaal mannen en vrouwen;Totaal;Nederland;Sint Eustatius;2015;23;41;-18
1487;Totaal mannen en vrouwen;Totaal;Nederland;Sint Eustatius;2016;27;32;-5
1488;Totaal mannen en vrouwen;Totaal;Nederland;Sint Eustatius;2017;32;26;6
1489;Totaal mannen en vrouwen;Totaal;Nederland;Sint Eustatius;2018;36;37;-1
1490;Totaal mannen en vrouwen;Totaal;Nederland;Sint Eustatius;2019;33;32;1
1491;Totaal mannen en vrouwen;Totaal;Nederland;Sint Eustatius;2020;33;21;12
1492;Totaal mannen en vrouwen;Totaal;Nederland;Sint Eustatius;2021;28;48;-20
1493;Totaal mannen en vrouwen;Totaal;Nederland;Sint Eustatius;2022;29;20;9
1494;Totaal mannen en vrouwen;Totaal;Nederland;Sint Eustatius;2023;19;39;-20
1495;Totaal mannen en vrouwen;Totaal;Nederland;Saba;2011;19;7;12
1496;Totaal mannen en vrouwen;Totaal;Nederland;Saba;2012;20;11;9
1497;Totaal mannen en vrouwen;Totaal;Nederland;Saba;2013;24;16;8
1498;Totaal mannen en vrouwen;Totaal;Nederland;Saba;2014;32;12;20
1499;Totaal mannen en vrouwen;Totaal;Nederland;Saba;2015;29;16;13
1500;Totaal mannen en vrouwen;Totaal;Nederland;Saba;2016;24;18;6
1501;Totaal mannen en vrouwen;Totaal;Nederland;Saba;2017;18;14;4
1502;Totaal mannen en vrouwen;Totaal;Nederland;Saba;2018;17;15;2
1503;Totaal mannen en vrouwen;Totaal;Nederland;Saba;2019;9;27;-18
1504;Totaal mannen en vrouwen;Totaal;Nederland;Saba;2020;26;20;6
1505;Totaal mannen en vrouwen;Totaal;Nederland;Saba;2021;26;23;3
1506;Totaal mannen en vrouwen;Totaal;Nederland;Saba;2022;18;29;-11
1507;Totaal mannen en vrouwen;Totaal;Nederland;Saba;2023;20;17;3
1508;Totaal mannen en vrouwen;Totaal;Peru;Caribisch Nederland;2011;34;28;6
1509;Totaal mannen en vrouwen;Totaal;Peru;Caribisch Nederland;2012;48;18;30
1510;Totaal mannen en vrouwen;Totaal;Peru;Caribisch Nederland;2013;43;19;24
1511;Totaal mannen en vrouwen;Totaal;Peru;Caribisch Nederland;2014;18;31;-13
1512;Totaal mannen en vrouwen;Totaal;Peru;Caribisch Nederland;2015;18;17;1
1513;Totaal mannen en vrouwen;Totaal;Peru;Caribisch Nederland;2016;22;127;-105
1514;Totaal mannen en vrouwen;Totaal;Peru;Caribisch Nederland;2017;58;27;31
1515;Totaal mannen en vrouwen;Totaal;Peru;Caribisch Nederland;2018;41;12;29
1516;Totaal mannen en vrouwen;Totaal;Peru;Caribisch Nederland;2019;65;11;54
1517;Totaal mannen en vrouwen;Totaal;Peru;Caribisch Nederland;2020;14;5;9
1518;Totaal mannen en vrouwen;Totaal;Peru;Caribisch Nederland;2021;55;19;36
1519;Totaal mannen en vrouwen;Totaal;Peru;Caribisch Nederland;2022;77;7;70
1520;Totaal mannen en vrouwen;Totaal;Peru;Caribisch Nederland;2023;94;-1;95
1521;Totaal mannen en vrouwen;Totaal;Peru;Bonaire;2011;34;28;6
1522;Totaal mannen en vrouwen;Totaal;Peru;Bonaire;2012;47;17;30
1523;Totaal mannen en vrouwen;Totaal;Peru;Bonaire;2013;43;19;24
1524;Totaal mannen en vrouwen;Totaal;Peru;Bonaire;2014;16;30;-14
1525;Totaal mannen en vrouwen;Totaal;Peru;Bonaire;2015;18;17;1
1526;Totaal mannen en vrouwen;Totaal;Peru;Bonaire;2016;18;127;-109
1527;Totaal mannen en vrouwen;Totaal;Peru;Bonaire;2017;56;27;29
1528;Totaal mannen en vrouwen;Totaal;Peru;Bonaire;2018;41;6;35
1529;Totaal mannen en vrouwen;Totaal;Peru;Bonaire;2019;65;9;56
1530;Totaal mannen en vrouwen;Totaal;Peru;Bonaire;2020;14;1;13
1531;Totaal mannen en vrouwen;Totaal;Peru;Bonaire;2021;54;19;35
1532;Totaal mannen en vrouwen;Totaal;Peru;Bonaire;2022;77;7;70
1533;Totaal mannen en vrouwen;Totaal;Peru;Bonaire;2023;91;-1;92
1534;Totaal mannen en vrouwen;Totaal;Peru;Sint Eustatius;2011;0;0;0
1535;Totaal mannen en vrouwen;Totaal;Peru;Sint Eustatius;2012;0;0;0
1536;Totaal mannen en vrouwen;Totaal;Peru;Sint Eustatius;2013;0;0;0
1537;Totaal mannen en vrouwen;Totaal;Peru;Sint Eustatius;2014;2;1;1
1538;Totaal mannen en vrouwen;Totaal;Peru;Sint Eustatius;2015;0;0;0
1539;Totaal mannen en vrouwen;Totaal;Peru;Sint Eustatius;2016;4;0;4
1540;Totaal mannen en vrouwen;Totaal;Peru;Sint Eustatius;2017;2;0;2
1541;Totaal mannen en vrouwen;Totaal;Peru;Sint Eustatius;2018;0;4;-4
1542;Totaal mannen en vrouwen;Totaal;Peru;Sint Eustatius;2019;0;1;-1
1543;Totaal mannen en vrouwen;Totaal;Peru;Sint Eustatius;2020;0;4;-4
1544;Totaal mannen en vrouwen;Totaal;Peru;Sint Eustatius;2021;0;0;0
1545;Totaal mannen en vrouwen;Totaal;Peru;Sint Eustatius;2022;0;0;0
1546;Totaal mannen en vrouwen;Totaal;Peru;Sint Eustatius;2023;1;0;1
1547;Totaal mannen en vrouwen;Totaal;Peru;Saba;2011;0;0;0
1548;Totaal mannen en vrouwen;Totaal;Peru;Saba;2012;1;1;0
1549;Totaal mannen en vrouwen;Totaal;Peru;Saba;2013;0;0;0
1550;Totaal mannen en vrouwen;Totaal;Peru;Saba;2014;0;0;0
1551;Totaal mannen en vrouwen;Totaal;Peru;Saba;2015;0;0;0
1552;Totaal mannen en vrouwen;Totaal;Peru;Saba;2016;0;0;0
1553;Totaal mannen en vrouwen;Totaal;Peru;Saba;2017;0;0;0
1554;Totaal mannen en vrouwen;Totaal;Peru;Saba;2018;0;2;-2
1555;Totaal mannen en vrouwen;Totaal;Peru;Saba;2019;0;1;-1
1556;Totaal mannen en vrouwen;Totaal;Peru;Saba;2020;0;0;0
1557;Totaal mannen en vrouwen;Totaal;Peru;Saba;2021;1;0;1
1558;Totaal mannen en vrouwen;Totaal;Peru;Saba;2022;0;0;0
1559;Totaal mannen en vrouwen;Totaal;Peru;Saba;2023;2;0;2
1560;Totaal mannen en vrouwen;Totaal;Saint Kitts en Nevis;Caribisch Nederland;2011;2;5;-3
1561;Totaal mannen en vrouwen;Totaal;Saint Kitts en Nevis;Caribisch Nederland;2012;8;2;6
1562;Totaal mannen en vrouwen;Totaal;Saint Kitts en Nevis;Caribisch Nederland;2013;9;7;2
1563;Totaal mannen en vrouwen;Totaal;Saint Kitts en Nevis;Caribisch Nederland;2014;3;2;1
1564;Totaal mannen en vrouwen;Totaal;Saint Kitts en Nevis;Caribisch Nederland;2015;8;13;-5
1565;Totaal mannen en vrouwen;Totaal;Saint Kitts en Nevis;Caribisch Nederland;2016;5;3;2
1566;Totaal mannen en vrouwen;Totaal;Saint Kitts en Nevis;Caribisch Nederland;2017;4;7;-3
1567;Totaal mannen en vrouwen;Totaal;Saint Kitts en Nevis;Caribisch Nederland;2018;6;22;-16
1568;Totaal mannen en vrouwen;Totaal;Saint Kitts en Nevis;Caribisch Nederland;2019;4;9;-5
1569;Totaal mannen en vrouwen;Totaal;Saint Kitts en Nevis;Caribisch Nederland;2020;2;0;2
1570;Totaal mannen en vrouwen;Totaal;Saint Kitts en Nevis;Caribisch Nederland;2021;5;2;3
1571;Totaal mannen en vrouwen;Totaal;Saint Kitts en Nevis;Caribisch Nederland;2022;5;2;3
1572;Totaal mannen en vrouwen;Totaal;Saint Kitts en Nevis;Caribisch Nederland;2023;6;3;3
1573;Totaal mannen en vrouwen;Totaal;Saint Kitts en Nevis;Bonaire;2011;0;0;0
1574;Totaal mannen en vrouwen;Totaal;Saint Kitts en Nevis;Bonaire;2012;0;0;0
1575;Totaal mannen en vrouwen;Totaal;Saint Kitts en Nevis;Bonaire;2013;0;0;0
1576;Totaal mannen en vrouwen;Totaal;Saint Kitts en Nevis;Bonaire;2014;0;0;0
1577;Totaal mannen en vrouwen;Totaal;Saint Kitts en Nevis;Bonaire;2015;1;0;1
1578;Totaal mannen en vrouwen;Totaal;Saint Kitts en Nevis;Bonaire;2016;1;0;1
1579;Totaal mannen en vrouwen;Totaal;Saint Kitts en Nevis;Bonaire;2017;0;0;0
1580;Totaal mannen en vrouwen;Totaal;Saint Kitts en Nevis;Bonaire;2018;3;2;1
1581;Totaal mannen en vrouwen;Totaal;Saint Kitts en Nevis;Bonaire;2019;0;0;0
1582;Totaal mannen en vrouwen;Totaal;Saint Kitts en Nevis;Bonaire;2020;0;0;0
1583;Totaal mannen en vrouwen;Totaal;Saint Kitts en Nevis;Bonaire;2021;0;1;-1
1584;Totaal mannen en vrouwen;Totaal;Saint Kitts en Nevis;Bonaire;2022;0;0;0
1585;Totaal mannen en vrouwen;Totaal;Saint Kitts en Nevis;Bonaire;2023;1;0;1
1586;Totaal mannen en vrouwen;Totaal;Saint Kitts en Nevis;Sint Eustatius;2011;2;4;-2
1587;Totaal mannen en vrouwen;Totaal;Saint Kitts en Nevis;Sint Eustatius;2012;8;2;6
1588;Totaal mannen en vrouwen;Totaal;Saint Kitts en Nevis;Sint Eustatius;2013;9;7;2
1589;Totaal mannen en vrouwen;Totaal;Saint Kitts en Nevis;Sint Eustatius;2014;3;2;1
1590;Totaal mannen en vrouwen;Totaal;Saint Kitts en Nevis;Sint Eustatius;2015;7;13;-6
1591;Totaal mannen en vrouwen;Totaal;Saint Kitts en Nevis;Sint Eustatius;2016;4;3;1
1592;Totaal mannen en vrouwen;Totaal;Saint Kitts en Nevis;Sint Eustatius;2017;4;7;-3
1593;Totaal mannen en vrouwen;Totaal;Saint Kitts en Nevis;Sint Eustatius;2018;3;20;-17
1594;Totaal mannen en vrouwen;Totaal;Saint Kitts en Nevis;Sint Eustatius;2019;4;9;-5
1595;Totaal mannen en vrouwen;Totaal;Saint Kitts en Nevis;Sint Eustatius;2020;2;0;2
1596;Totaal mannen en vrouwen;Totaal;Saint Kitts en Nevis;Sint Eustatius;2021;3;1;2
1597;Totaal mannen en vrouwen;Totaal;Saint Kitts en Nevis;Sint Eustatius;2022;5;2;3
1598;Totaal mannen en vrouwen;Totaal;Saint Kitts en Nevis;Sint Eustatius;2023;5;3;2
1599;Totaal mannen en vrouwen;Totaal;Saint Kitts en Nevis;Saba;2011;0;1;-1
1600;Totaal mannen en vrouwen;Totaal;Saint Kitts en Nevis;Saba;2012;0;0;0
1601;Totaal mannen en vrouwen;Totaal;Saint Kitts en Nevis;Saba;2013;0;0;0
1602;Totaal mannen en vrouwen;Totaal;Saint Kitts en Nevis;Saba;2014;0;0;0
1603;Totaal mannen en vrouwen;Totaal;Saint Kitts en Nevis;Saba;2015;0;0;0
1604;Totaal mannen en vrouwen;Totaal;Saint Kitts en Nevis;Saba;2016;0;0;0
1605;Totaal mannen en vrouwen;Totaal;Saint Kitts en Nevis;Saba;2017;0;0;0
1606;Totaal mannen en vrouwen;Totaal;Saint Kitts en Nevis;Saba;2018;0;0;0
1607;Totaal mannen en vrouwen;Totaal;Saint Kitts en Nevis;Saba;2019;0;0;0
1608;Totaal mannen en vrouwen;Totaal;Saint Kitts en Nevis;Saba;2020;0;0;0
1609;Totaal mannen en vrouwen;Totaal;Saint Kitts en Nevis;Saba;2021;2;0;2
1610;Totaal mannen en vrouwen;Totaal;Saint Kitts en Nevis;Saba;2022;0;0;0
1611;Totaal mannen en vrouwen;Totaal;Saint Kitts en Nevis;Saba;2023;0;0;0
1612;Totaal mannen en vrouwen;Totaal;Sint Eustatius;Caribisch Nederland;2011;32;36;-4
1613;Totaal mannen en vrouwen;Totaal;Sint Eustatius;Caribisch Nederland;2012;31;33;-2
1614;Totaal mannen en vrouwen;Totaal;Sint Eustatius;Caribisch Nederland;2013;43;43;0
1615;Totaal mannen en vrouwen;Totaal;Sint Eustatius;Caribisch Nederland;2014;19;27;-8
1616;Totaal mannen en vrouwen;Totaal;Sint Eustatius;Caribisch Nederland;2015;22;31;-9
1617;Totaal mannen en vrouwen;Totaal;Sint Eustatius;Caribisch Nederland;2016;33;23;10
1618;Totaal mannen en vrouwen;Totaal;Sint Eustatius;Caribisch Nederland;2017;31;22;9
1619;Totaal mannen en vrouwen;Totaal;Sint Eustatius;Caribisch Nederland;2018;16;57;-41
1620;Totaal mannen en vrouwen;Totaal;Sint Eustatius;Caribisch Nederland;2019;19;28;-9
1621;Totaal mannen en vrouwen;Totaal;Sint Eustatius;Caribisch Nederland;2020;18;19;-1
1622;Totaal mannen en vrouwen;Totaal;Sint Eustatius;Caribisch Nederland;2021;24;27;-3
1623;Totaal mannen en vrouwen;Totaal;Sint Eustatius;Caribisch Nederland;2022;12;29;-17
1624;Totaal mannen en vrouwen;Totaal;Sint Eustatius;Caribisch Nederland;2023;23;47;-24
1625;Totaal mannen en vrouwen;Totaal;Sint Eustatius;Bonaire;2011;0;0;0
1626;Totaal mannen en vrouwen;Totaal;Sint Eustatius;Bonaire;2012;1;0;1
1627;Totaal mannen en vrouwen;Totaal;Sint Eustatius;Bonaire;2013;1;0;1
1628;Totaal mannen en vrouwen;Totaal;Sint Eustatius;Bonaire;2014;0;0;0
1629;Totaal mannen en vrouwen;Totaal;Sint Eustatius;Bonaire;2015;0;1;-1
1630;Totaal mannen en vrouwen;Totaal;Sint Eustatius;Bonaire;2016;0;0;0
1631;Totaal mannen en vrouwen;Totaal;Sint Eustatius;Bonaire;2017;1;0;1
1632;Totaal mannen en vrouwen;Totaal;Sint Eustatius;Bonaire;2018;0;0;0
1633;Totaal mannen en vrouwen;Totaal;Sint Eustatius;Bonaire;2019;0;3;-3
1634;Totaal mannen en vrouwen;Totaal;Sint Eustatius;Bonaire;2020;0;0;0
1635;Totaal mannen en vrouwen;Totaal;Sint Eustatius;Bonaire;2021;1;1;0
1636;Totaal mannen en vrouwen;Totaal;Sint Eustatius;Bonaire;2022;0;1;-1
1637;Totaal mannen en vrouwen;Totaal;Sint Eustatius;Bonaire;2023;0;0;0
1638;Totaal mannen en vrouwen;Totaal;Sint Eustatius;Sint Eustatius;2011;32;35;-3
1639;Totaal mannen en vrouwen;Totaal;Sint Eustatius;Sint Eustatius;2012;30;33;-3
1640;Totaal mannen en vrouwen;Totaal;Sint Eustatius;Sint Eustatius;2013;42;43;-1
1641;Totaal mannen en vrouwen;Totaal;Sint Eustatius;Sint Eustatius;2014;19;27;-8
1642;Totaal mannen en vrouwen;Totaal;Sint Eustatius;Sint Eustatius;2015;22;30;-8
1643;Totaal mannen en vrouwen;Totaal;Sint Eustatius;Sint Eustatius;2016;33;23;10
1644;Totaal mannen en vrouwen;Totaal;Sint Eustatius;Sint Eustatius;2017;30;22;8
1645;Totaal mannen en vrouwen;Totaal;Sint Eustatius;Sint Eustatius;2018;16;57;-41
1646;Totaal mannen en vrouwen;Totaal;Sint Eustatius;Sint Eustatius;2019;19;25;-6
1647;Totaal mannen en vrouwen;Totaal;Sint Eustatius;Sint Eustatius;2020;18;19;-1
1648;Totaal mannen en vrouwen;Totaal;Sint Eustatius;Sint Eustatius;2021;23;26;-3
1649;Totaal mannen en vrouwen;Totaal;Sint Eustatius;Sint Eustatius;2022;12;28;-16
1650;Totaal mannen en vrouwen;Totaal;Sint Eustatius;Sint Eustatius;2023;23;47;-24
1651;Totaal mannen en vrouwen;Totaal;Sint Eustatius;Saba;2011;0;1;-1
1652;Totaal mannen en vrouwen;Totaal;Sint Eustatius;Saba;2012;0;0;0
1653;Totaal mannen en vrouwen;Totaal;Sint Eustatius;Saba;2013;0;0;0
1654;Totaal mannen en vrouwen;Totaal;Sint Eustatius;Saba;2014;0;0;0
1655;Totaal mannen en vrouwen;Totaal;Sint Eustatius;Saba;2015;0;0;0
1656;Totaal mannen en vrouwen;Totaal;Sint Eustatius;Saba;2016;0;0;0
1657;Totaal mannen en vrouwen;Totaal;Sint Eustatius;Saba;2017;0;0;0
1658;Totaal mannen en vrouwen;Totaal;Sint Eustatius;Saba;2018;0;0;0
1659;Totaal mannen en vrouwen;Totaal;Sint Eustatius;Saba;2019;0;0;0
1660;Totaal mannen en vrouwen;Totaal;Sint Eustatius;Saba;2020;0;0;0
1661;Totaal mannen en vrouwen;Totaal;Sint Eustatius;Saba;2021;0;0;0
1662;Totaal mannen en vrouwen;Totaal;Sint Eustatius;Saba;2022;0;0;0
1663;Totaal mannen en vrouwen;Totaal;Sint Eustatius;Saba;2023;0;0;0
1664;Totaal mannen en vrouwen;Totaal;Sint Maarten (Nederlands deel);Caribisch Nederland;2011;27;30;-3
1665;Totaal mannen en vrouwen;Totaal;Sint Maarten (Nederlands deel);Caribisch Nederland;2012;27;28;-1
1666;Totaal mannen en vrouwen;Totaal;Sint Maarten (Nederlands deel);Caribisch Nederland;2013;26;47;-21
1667;Totaal mannen en vrouwen;Totaal;Sint Maarten (Nederlands deel);Caribisch Nederland;2014;35;34;1
1668;Totaal mannen en vrouwen;Totaal;Sint Maarten (Nederlands deel);Caribisch Nederland;2015;22;29;-7
1669;Totaal mannen en vrouwen;Totaal;Sint Maarten (Nederlands deel);Caribisch Nederland;2016;31;32;-1
1670;Totaal mannen en vrouwen;Totaal;Sint Maarten (Nederlands deel);Caribisch Nederland;2017;35;23;12
1671;Totaal mannen en vrouwen;Totaal;Sint Maarten (Nederlands deel);Caribisch Nederland;2018;48;60;-12
1672;Totaal mannen en vrouwen;Totaal;Sint Maarten (Nederlands deel);Caribisch Nederland;2019;18;38;-20
1673;Totaal mannen en vrouwen;Totaal;Sint Maarten (Nederlands deel);Caribisch Nederland;2020;21;28;-7
1674;Totaal mannen en vrouwen;Totaal;Sint Maarten (Nederlands deel);Caribisch Nederland;2021;37;25;12
1675;Totaal mannen en vrouwen;Totaal;Sint Maarten (Nederlands deel);Caribisch Nederland;2022;28;36;-8
1676;Totaal mannen en vrouwen;Totaal;Sint Maarten (Nederlands deel);Caribisch Nederland;2023;36;67;-31
1677;Totaal mannen en vrouwen;Totaal;Sint Maarten (Nederlands deel);Bonaire;2011;2;3;-1
1678;Totaal mannen en vrouwen;Totaal;Sint Maarten (Nederlands deel);Bonaire;2012;4;3;1
1679;Totaal mannen en vrouwen;Totaal;Sint Maarten (Nederlands deel);Bonaire;2013;2;5;-3
1680;Totaal mannen en vrouwen;Totaal;Sint Maarten (Nederlands deel);Bonaire;2014;6;0;6
1681;Totaal mannen en vrouwen;Totaal;Sint Maarten (Nederlands deel);Bonaire;2015;1;3;-2
1682;Totaal mannen en vrouwen;Totaal;Sint Maarten (Nederlands deel);Bonaire;2016;5;5;0
1683;Totaal mannen en vrouwen;Totaal;Sint Maarten (Nederlands deel);Bonaire;2017;4;2;2
1684;Totaal mannen en vrouwen;Totaal;Sint Maarten (Nederlands deel);Bonaire;2018;4;3;1
1685;Totaal mannen en vrouwen;Totaal;Sint Maarten (Nederlands deel);Bonaire;2019;4;3;1
1686;Totaal mannen en vrouwen;Totaal;Sint Maarten (Nederlands deel);Bonaire;2020;2;4;-2
1687;Totaal mannen en vrouwen;Totaal;Sint Maarten (Nederlands deel);Bonaire;2021;5;4;1
1688;Totaal mannen en vrouwen;Totaal;Sint Maarten (Nederlands deel);Bonaire;2022;3;2;1
1689;Totaal mannen en vrouwen;Totaal;Sint Maarten (Nederlands deel);Bonaire;2023;6;7;-1
1690;Totaal mannen en vrouwen;Totaal;Sint Maarten (Nederlands deel);Sint Eustatius;2011;10;16;-6
1691;Totaal mannen en vrouwen;Totaal;Sint Maarten (Nederlands deel);Sint Eustatius;2012;18;15;3
1692;Totaal mannen en vrouwen;Totaal;Sint Maarten (Nederlands deel);Sint Eustatius;2013;18;34;-16
1693;Totaal mannen en vrouwen;Totaal;Sint Maarten (Nederlands deel);Sint Eustatius;2014;15;23;-8
1694;Totaal mannen en vrouwen;Totaal;Sint Maarten (Nederlands deel);Sint Eustatius;2015;15;22;-7
1695;Totaal mannen en vrouwen;Totaal;Sint Maarten (Nederlands deel);Sint Eustatius;2016;14;16;-2
1696;Totaal mannen en vrouwen;Totaal;Sint Maarten (Nederlands deel);Sint Eustatius;2017;17;12;5
1697;Totaal mannen en vrouwen;Totaal;Sint Maarten (Nederlands deel);Sint Eustatius;2018;26;33;-7
1698;Totaal mannen en vrouwen;Totaal;Sint Maarten (Nederlands deel);Sint Eustatius;2019;8;19;-11
1699;Totaal mannen en vrouwen;Totaal;Sint Maarten (Nederlands deel);Sint Eustatius;2020;13;15;-2
1700;Totaal mannen en vrouwen;Totaal;Sint Maarten (Nederlands deel);Sint Eustatius;2021;22;11;11
1701;Totaal mannen en vrouwen;Totaal;Sint Maarten (Nederlands deel);Sint Eustatius;2022;14;20;-6
1702;Totaal mannen en vrouwen;Totaal;Sint Maarten (Nederlands deel);Sint Eustatius;2023;17;47;-30
1703;Totaal mannen en vrouwen;Totaal;Sint Maarten (Nederlands deel);Saba;2011;15;11;4
1704;Totaal mannen en vrouwen;Totaal;Sint Maarten (Nederlands deel);Saba;2012;5;10;-5
1705;Totaal mannen en vrouwen;Totaal;Sint Maarten (Nederlands deel);Saba;2013;6;8;-2
1706;Totaal mannen en vrouwen;Totaal;Sint Maarten (Nederlands deel);Saba;2014;14;11;3
1707;Totaal mannen en vrouwen;Totaal;Sint Maarten (Nederlands deel);Saba;2015;6;4;2
1708;Totaal mannen en vrouwen;Totaal;Sint Maarten (Nederlands deel);Saba;2016;12;11;1
1709;Totaal mannen en vrouwen;Totaal;Sint Maarten (Nederlands deel);Saba;2017;14;9;5
1710;Totaal mannen en vrouwen;Totaal;Sint Maarten (Nederlands deel);Saba;2018;18;24;-6
1711;Totaal mannen en vrouwen;Totaal;Sint Maarten (Nederlands deel);Saba;2019;6;16;-10
1712;Totaal mannen en vrouwen;Totaal;Sint Maarten (Nederlands deel);Saba;2020;6;9;-3
1713;Totaal mannen en vrouwen;Totaal;Sint Maarten (Nederlands deel);Saba;2021;10;10;0
1714;Totaal mannen en vrouwen;Totaal;Sint Maarten (Nederlands deel);Saba;2022;11;14;-3
1715;Totaal mannen en vrouwen;Totaal;Sint Maarten (Nederlands deel);Saba;2023;13;13;0
1716;Totaal mannen en vrouwen;Totaal;Saba;Caribisch Nederland;2011;14;16;-2
1717;Totaal mannen en vrouwen;Totaal;Saba;Caribisch Nederland;2012;11;12;-1
1718;Totaal mannen en vrouwen;Totaal;Saba;Caribisch Nederland;2013;16;13;3
1719;Totaal mannen en vrouwen;Totaal;Saba;Caribisch Nederland;2014;11;12;-1
1720;Totaal mannen en vrouwen;Totaal;Saba;Caribisch Nederland;2015;12;4;8
1721;Totaal mannen en vrouwen;Totaal;Saba;Caribisch Nederland;2016;11;15;-4
1722;Totaal mannen en vrouwen;Totaal;Saba;Caribisch Nederland;2017;6;6;0
1723;Totaal mannen en vrouwen;Totaal;Saba;Caribisch Nederland;2018;4;8;-4
1724;Totaal mannen en vrouwen;Totaal;Saba;Caribisch Nederland;2019;5;8;-3
1725;Totaal mannen en vrouwen;Totaal;Saba;Caribisch Nederland;2020;7;10;-3
1726;Totaal mannen en vrouwen;Totaal;Saba;Caribisch Nederland;2021;9;7;2
1727;Totaal mannen en vrouwen;Totaal;Saba;Caribisch Nederland;2022;5;9;-4
1728;Totaal mannen en vrouwen;Totaal;Saba;Caribisch Nederland;2023;5;7;-2
1729;Totaal mannen en vrouwen;Totaal;Saba;Bonaire;2011;0;0;0
1730;Totaal mannen en vrouwen;Totaal;Saba;Bonaire;2012;0;0;0
1731;Totaal mannen en vrouwen;Totaal;Saba;Bonaire;2013;0;0;0
1732;Totaal mannen en vrouwen;Totaal;Saba;Bonaire;2014;0;1;-1
1733;Totaal mannen en vrouwen;Totaal;Saba;Bonaire;2015;0;1;-1
1734;Totaal mannen en vrouwen;Totaal;Saba;Bonaire;2016;1;0;1
1735;Totaal mannen en vrouwen;Totaal;Saba;Bonaire;2017;0;0;0
1736;Totaal mannen en vrouwen;Totaal;Saba;Bonaire;2018;0;0;0
1737;Totaal mannen en vrouwen;Totaal;Saba;Bonaire;2019;0;0;0
1738;Totaal mannen en vrouwen;Totaal;Saba;Bonaire;2020;0;0;0
1739;Totaal mannen en vrouwen;Totaal;Saba;Bonaire;2021;0;0;0
1740;Totaal mannen en vrouwen;Totaal;Saba;Bonaire;2022;0;0;0
1741;Totaal mannen en vrouwen;Totaal;Saba;Bonaire;2023;0;0;0
1742;Totaal mannen en vrouwen;Totaal;Saba;Sint Eustatius;2011;0;0;0
1743;Totaal mannen en vrouwen;Totaal;Saba;Sint Eustatius;2012;0;1;-1
1744;Totaal mannen en vrouwen;Totaal;Saba;Sint Eustatius;2013;1;0;1
1745;Totaal mannen en vrouwen;Totaal;Saba;Sint Eustatius;2014;0;2;-2
1746;Totaal mannen en vrouwen;Totaal;Saba;Sint Eustatius;2015;0;0;0
1747;Totaal mannen en vrouwen;Totaal;Saba;Sint Eustatius;2016;0;0;0
1748;Totaal mannen en vrouwen;Totaal;Saba;Sint Eustatius;2017;0;0;0
1749;Totaal mannen en vrouwen;Totaal;Saba;Sint Eustatius;2018;0;0;0
1750;Totaal mannen en vrouwen;Totaal;Saba;Sint Eustatius;2019;0;0;0
1751;Totaal mannen en vrouwen;Totaal;Saba;Sint Eustatius;2020;0;0;0
1752;Totaal mannen en vrouwen;Totaal;Saba;Sint Eustatius;2021;0;0;0
1753;Totaal mannen en vrouwen;Totaal;Saba;Sint Eustatius;2022;0;0;0
1754;Totaal mannen en vrouwen;Totaal;Saba;Sint Eustatius;2023;0;0;0
1755;Totaal mannen en vrouwen;Totaal;Saba;Saba;2011;14;16;-2
1756;Totaal mannen en vrouwen;Totaal;Saba;Saba;2012;11;11;0
1757;Totaal mannen en vrouwen;Totaal;Saba;Saba;2013;15;13;2
1758;Totaal mannen en vrouwen;Totaal;Saba;Saba;2014;11;9;2
1759;Totaal mannen en vrouwen;Totaal;Saba;Saba;2015;12;3;9
1760;Totaal mannen en vrouwen;Totaal;Saba;Saba;2016;10;15;-5
1761;Totaal mannen en vrouwen;Totaal;Saba;Saba;2017;6;6;0
1762;Totaal mannen en vrouwen;Totaal;Saba;Saba;2018;4;8;-4
1763;Totaal mannen en vrouwen;Totaal;Saba;Saba;2019;5;8;-3
1764;Totaal mannen en vrouwen;Totaal;Saba;Saba;2020;7;10;-3
1765;Totaal mannen en vrouwen;Totaal;Saba;Saba;2021;9;7;2
1766;Totaal mannen en vrouwen;Totaal;Saba;Saba;2022;5;9;-4
1767;Totaal mannen en vrouwen;Totaal;Saba;Saba;2023;5;7;-2
1768;Totaal mannen en vrouwen;Totaal;Suriname;Caribisch Nederland;2011;49;20;29
1769;Totaal mannen en vrouwen;Totaal;Suriname;Caribisch Nederland;2012;34;19;15
1770;Totaal mannen en vrouwen;Totaal;Suriname;Caribisch Nederland;2013;31;12;19
1771;Totaal mannen en vrouwen;Totaal;Suriname;Caribisch Nederland;2014;30;27;3
1772;Totaal mannen en vrouwen;Totaal;Suriname;Caribisch Nederland;2015;37;30;7
1773;Totaal mannen en vrouwen;Totaal;Suriname;Caribisch Nederland;2016;37;27;10
1774;Totaal mannen en vrouwen;Totaal;Suriname;Caribisch Nederland;2017;33;31;2
1775;Totaal mannen en vrouwen;Totaal;Suriname;Caribisch Nederland;2018;25;22;3
1776;Totaal mannen en vrouwen;Totaal;Suriname;Caribisch Nederland;2019;37;13;24
1777;Totaal mannen en vrouwen;Totaal;Suriname;Caribisch Nederland;2020;21;19;2
1778;Totaal mannen en vrouwen;Totaal;Suriname;Caribisch Nederland;2021;43;18;25
1779;Totaal mannen en vrouwen;Totaal;Suriname;Caribisch Nederland;2022;71;15;56
1780;Totaal mannen en vrouwen;Totaal;Suriname;Caribisch Nederland;2023;78;36;42
1781;Totaal mannen en vrouwen;Totaal;Suriname;Bonaire;2011;38;11;27
1782;Totaal mannen en vrouwen;Totaal;Suriname;Bonaire;2012;29;13;16
1783;Totaal mannen en vrouwen;Totaal;Suriname;Bonaire;2013;25;6;19
1784;Totaal mannen en vrouwen;Totaal;Suriname;Bonaire;2014;17;18;-1
1785;Totaal mannen en vrouwen;Totaal;Suriname;Bonaire;2015;27;19;8
1786;Totaal mannen en vrouwen;Totaal;Suriname;Bonaire;2016;24;22;2
1787;Totaal mannen en vrouwen;Totaal;Suriname;Bonaire;2017;28;21;7
1788;Totaal mannen en vrouwen;Totaal;Suriname;Bonaire;2018;23;16;7
1789;Totaal mannen en vrouwen;Totaal;Suriname;Bonaire;2019;26;11;15
1790;Totaal mannen en vrouwen;Totaal;Suriname;Bonaire;2020;15;17;-2
1791;Totaal mannen en vrouwen;Totaal;Suriname;Bonaire;2021;31;12;19
1792;Totaal mannen en vrouwen;Totaal;Suriname;Bonaire;2022;59;12;47
1793;Totaal mannen en vrouwen;Totaal;Suriname;Bonaire;2023;48;21;27
1794;Totaal mannen en vrouwen;Totaal;Suriname;Sint Eustatius;2011;10;2;8
1795;Totaal mannen en vrouwen;Totaal;Suriname;Sint Eustatius;2012;0;2;-2
1796;Totaal mannen en vrouwen;Totaal;Suriname;Sint Eustatius;2013;3;6;-3
1797;Totaal mannen en vrouwen;Totaal;Suriname;Sint Eustatius;2014;9;7;2
1798;Totaal mannen en vrouwen;Totaal;Suriname;Sint Eustatius;2015;9;8;1
1799;Totaal mannen en vrouwen;Totaal;Suriname;Sint Eustatius;2016;13;4;9
1800;Totaal mannen en vrouwen;Totaal;Suriname;Sint Eustatius;2017;4;10;-6
1801;Totaal mannen en vrouwen;Totaal;Suriname;Sint Eustatius;2018;2;6;-4
1802;Totaal mannen en vrouwen;Totaal;Suriname;Sint Eustatius;2019;3;2;1
1803;Totaal mannen en vrouwen;Totaal;Suriname;Sint Eustatius;2020;1;2;-1
1804;Totaal mannen en vrouwen;Totaal;Suriname;Sint Eustatius;2021;8;4;4
1805;Totaal mannen en vrouwen;Totaal;Suriname;Sint Eustatius;2022;6;2;4
1806;Totaal mannen en vrouwen;Totaal;Suriname;Sint Eustatius;2023;16;9;7
1807;Totaal mannen en vrouwen;Totaal;Suriname;Saba;2011;1;7;-6
1808;Totaal mannen en vrouwen;Totaal;Suriname;Saba;2012;5;4;1
1809;Totaal mannen en vrouwen;Totaal;Suriname;Saba;2013;3;0;3
1810;Totaal mannen en vrouwen;Totaal;Suriname;Saba;2014;4;2;2
1811;Totaal mannen en vrouwen;Totaal;Suriname;Saba;2015;1;3;-2
1812;Totaal mannen en vrouwen;Totaal;Suriname;Saba;2016;0;1;-1
1813;Totaal mannen en vrouwen;Totaal;Suriname;Saba;2017;1;0;1
1814;Totaal mannen en vrouwen;Totaal;Suriname;Saba;2018;0;0;0
1815;Totaal mannen en vrouwen;Totaal;Suriname;Saba;2019;8;0;8
1816;Totaal mannen en vrouwen;Totaal;Suriname;Saba;2020;5;0;5
1817;Totaal mannen en vrouwen;Totaal;Suriname;Saba;2021;4;2;2
1818;Totaal mannen en vrouwen;Totaal;Suriname;Saba;2022;6;1;5
1819;Totaal mannen en vrouwen;Totaal;Suriname;Saba;2023;14;6;8
1820;Totaal mannen en vrouwen;Totaal;Trinidad en Tobago;Caribisch Nederland;2011;1;1;0
1821;Totaal mannen en vrouwen;Totaal;Trinidad en Tobago;Caribisch Nederland;2012;10;4;6
1822;Totaal mannen en vrouwen;Totaal;Trinidad en Tobago;Caribisch Nederland;2013;5;2;3
1823;Totaal mannen en vrouwen;Totaal;Trinidad en Tobago;Caribisch Nederland;2014;4;5;-1
1824;Totaal mannen en vrouwen;Totaal;Trinidad en Tobago;Caribisch Nederland;2015;1;76;-75
1825;Totaal mannen en vrouwen;Totaal;Trinidad en Tobago;Caribisch Nederland;2016;5;2;3
1826;Totaal mannen en vrouwen;Totaal;Trinidad en Tobago;Caribisch Nederland;2017;5;5;0
1827;Totaal mannen en vrouwen;Totaal;Trinidad en Tobago;Caribisch Nederland;2018;6;9;-3
1828;Totaal mannen en vrouwen;Totaal;Trinidad en Tobago;Caribisch Nederland;2019;6;7;-1
1829;Totaal mannen en vrouwen;Totaal;Trinidad en Tobago;Caribisch Nederland;2020;2;5;-3
1830;Totaal mannen en vrouwen;Totaal;Trinidad en Tobago;Caribisch Nederland;2021;3;4;-1
1831;Totaal mannen en vrouwen;Totaal;Trinidad en Tobago;Caribisch Nederland;2022;16;2;14
1832;Totaal mannen en vrouwen;Totaal;Trinidad en Tobago;Caribisch Nederland;2023;9;6;3
1833;Totaal mannen en vrouwen;Totaal;Trinidad en Tobago;Bonaire;2011;0;0;0
1834;Totaal mannen en vrouwen;Totaal;Trinidad en Tobago;Bonaire;2012;1;2;-1
1835;Totaal mannen en vrouwen;Totaal;Trinidad en Tobago;Bonaire;2013;3;0;3
1836;Totaal mannen en vrouwen;Totaal;Trinidad en Tobago;Bonaire;2014;1;0;1
1837;Totaal mannen en vrouwen;Totaal;Trinidad en Tobago;Bonaire;2015;0;0;0
1838;Totaal mannen en vrouwen;Totaal;Trinidad en Tobago;Bonaire;2016;1;2;-1
1839;Totaal mannen en vrouwen;Totaal;Trinidad en Tobago;Bonaire;2017;0;3;-3
1840;Totaal mannen en vrouwen;Totaal;Trinidad en Tobago;Bonaire;2018;2;0;2
1841;Totaal mannen en vrouwen;Totaal;Trinidad en Tobago;Bonaire;2019;1;1;0
1842;Totaal mannen en vrouwen;Totaal;Trinidad en Tobago;Bonaire;2020;0;1;-1
1843;Totaal mannen en vrouwen;Totaal;Trinidad en Tobago;Bonaire;2021;1;3;-2
1844;Totaal mannen en vrouwen;Totaal;Trinidad en Tobago;Bonaire;2022;5;-2;7
1845;Totaal mannen en vrouwen;Totaal;Trinidad en Tobago;Bonaire;2023;1;0;1
1846;Totaal mannen en vrouwen;Totaal;Trinidad en Tobago;Sint Eustatius;2011;0;1;-1
1847;Totaal mannen en vrouwen;Totaal;Trinidad en Tobago;Sint Eustatius;2012;9;0;9
1848;Totaal mannen en vrouwen;Totaal;Trinidad en Tobago;Sint Eustatius;2013;2;1;1
1849;Totaal mannen en vrouwen;Totaal;Trinidad en Tobago;Sint Eustatius;2014;2;4;-2
1850;Totaal mannen en vrouwen;Totaal;Trinidad en Tobago;Sint Eustatius;2015;1;76;-75
1851;Totaal mannen en vrouwen;Totaal;Trinidad en Tobago;Sint Eustatius;2016;1;0;1
1852;Totaal mannen en vrouwen;Totaal;Trinidad en Tobago;Sint Eustatius;2017;4;1;3
1853;Totaal mannen en vrouwen;Totaal;Trinidad en Tobago;Sint Eustatius;2018;2;7;-5
1854;Totaal mannen en vrouwen;Totaal;Trinidad en Tobago;Sint Eustatius;2019;2;4;-2
1855;Totaal mannen en vrouwen;Totaal;Trinidad en Tobago;Sint Eustatius;2020;1;3;-2
1856;Totaal mannen en vrouwen;Totaal;Trinidad en Tobago;Sint Eustatius;2021;1;0;1
1857;Totaal mannen en vrouwen;Totaal;Trinidad en Tobago;Sint Eustatius;2022;7;4;3
1858;Totaal mannen en vrouwen;Totaal;Trinidad en Tobago;Sint Eustatius;2023;4;6;-2
1859;Totaal mannen en vrouwen;Totaal;Trinidad en Tobago;Saba;2011;1;0;1
1860;Totaal mannen en vrouwen;Totaal;Trinidad en Tobago;Saba;2012;0;2;-2
1861;Totaal mannen en vrouwen;Totaal;Trinidad en Tobago;Saba;2013;0;1;-1
1862;Totaal mannen en vrouwen;Totaal;Trinidad en Tobago;Saba;2014;1;1;0
1863;Totaal mannen en vrouwen;Totaal;Trinidad en Tobago;Saba;2015;0;0;0
1864;Totaal mannen en vrouwen;Totaal;Trinidad en Tobago;Saba;2016;3;0;3
1865;Totaal mannen en vrouwen;Totaal;Trinidad en Tobago;Saba;2017;1;1;0
1866;Totaal mannen en vrouwen;Totaal;Trinidad en Tobago;Saba;2018;2;2;0
1867;Totaal mannen en vrouwen;Totaal;Trinidad en Tobago;Saba;2019;3;2;1
1868;Totaal mannen en vrouwen;Totaal;Trinidad en Tobago;Saba;2020;1;1;0
1869;Totaal mannen en vrouwen;Totaal;Trinidad en Tobago;Saba;2021;1;1;0
1870;Totaal mannen en vrouwen;Totaal;Trinidad en Tobago;Saba;2022;4;0;4
1871;Totaal mannen en vrouwen;Totaal;Trinidad en Tobago;Saba;2023;4;0;4
1872;Totaal mannen en vrouwen;Totaal;Venezuela;Caribisch Nederland;2011;45;13;32
1873;Totaal mannen en vrouwen;Totaal;Venezuela;Caribisch Nederland;2012;43;20;23
1874;Totaal mannen en vrouwen;Totaal;Venezuela;Caribisch Nederland;2013;30;12;18
1875;Totaal mannen en vrouwen;Totaal;Venezuela;Caribisch Nederland;2014;27;18;9
1876;Totaal mannen en vrouwen;Totaal;Venezuela;Caribisch Nederland;2015;61;20;41
1877;Totaal mannen en vrouwen;Totaal;Venezuela;Caribisch Nederland;2016;92;52;40
1878;Totaal mannen en vrouwen;Totaal;Venezuela;Caribisch Nederland;2017;97;49;48
1879;Totaal mannen en vrouwen;Totaal;Venezuela;Caribisch Nederland;2018;115;25;90
1880;Totaal mannen en vrouwen;Totaal;Venezuela;Caribisch Nederland;2019;91;18;73
1881;Totaal mannen en vrouwen;Totaal;Venezuela;Caribisch Nederland;2020;75;18;57
1882;Totaal mannen en vrouwen;Totaal;Venezuela;Caribisch Nederland;2021;122;46;76
1883;Totaal mannen en vrouwen;Totaal;Venezuela;Caribisch Nederland;2022;137;13;124
1884;Totaal mannen en vrouwen;Totaal;Venezuela;Caribisch Nederland;2023;143;28;115
1885;Totaal mannen en vrouwen;Totaal;Venezuela;Bonaire;2011;37;12;25
1886;Totaal mannen en vrouwen;Totaal;Venezuela;Bonaire;2012;39;19;20
1887;Totaal mannen en vrouwen;Totaal;Venezuela;Bonaire;2013;27;11;16
1888;Totaal mannen en vrouwen;Totaal;Venezuela;Bonaire;2014;26;12;14
1889;Totaal mannen en vrouwen;Totaal;Venezuela;Bonaire;2015;57;4;53
1890;Totaal mannen en vrouwen;Totaal;Venezuela;Bonaire;2016;88;51;37
1891;Totaal mannen en vrouwen;Totaal;Venezuela;Bonaire;2017;88;49;39
1892;Totaal mannen en vrouwen;Totaal;Venezuela;Bonaire;2018;108;19;89
1893;Totaal mannen en vrouwen;Totaal;Venezuela;Bonaire;2019;88;18;70
1894;Totaal mannen en vrouwen;Totaal;Venezuela;Bonaire;2020;75;13;62
1895;Totaal mannen en vrouwen;Totaal;Venezuela;Bonaire;2021;114;44;70
1896;Totaal mannen en vrouwen;Totaal;Venezuela;Bonaire;2022;136;13;123
1897;Totaal mannen en vrouwen;Totaal;Venezuela;Bonaire;2023;143;19;124
1898;Totaal mannen en vrouwen;Totaal;Venezuela;Sint Eustatius;2011;7;0;7
1899;Totaal mannen en vrouwen;Totaal;Venezuela;Sint Eustatius;2012;3;1;2
1900;Totaal mannen en vrouwen;Totaal;Venezuela;Sint Eustatius;2013;3;0;3
1901;Totaal mannen en vrouwen;Totaal;Venezuela;Sint Eustatius;2014;0;4;-4
1902;Totaal mannen en vrouwen;Totaal;Venezuela;Sint Eustatius;2015;2;16;-14
1903;Totaal mannen en vrouwen;Totaal;Venezuela;Sint Eustatius;2016;3;1;2
1904;Totaal mannen en vrouwen;Totaal;Venezuela;Sint Eustatius;2017;8;0;8
1905;Totaal mannen en vrouwen;Totaal;Venezuela;Sint Eustatius;2018;4;3;1
1906;Totaal mannen en vrouwen;Totaal;Venezuela;Sint Eustatius;2019;3;0;3
1907;Totaal mannen en vrouwen;Totaal;Venezuela;Sint Eustatius;2020;0;5;-5
1908;Totaal mannen en vrouwen;Totaal;Venezuela;Sint Eustatius;2021;7;0;7
1909;Totaal mannen en vrouwen;Totaal;Venezuela;Sint Eustatius;2022;0;0;0
1910;Totaal mannen en vrouwen;Totaal;Venezuela;Sint Eustatius;2023;0;8;-8
1911;Totaal mannen en vrouwen;Totaal;Venezuela;Saba;2011;1;1;0
1912;Totaal mannen en vrouwen;Totaal;Venezuela;Saba;2012;1;0;1
1913;Totaal mannen en vrouwen;Totaal;Venezuela;Saba;2013;0;1;-1
1914;Totaal mannen en vrouwen;Totaal;Venezuela;Saba;2014;1;2;-1
1915;Totaal mannen en vrouwen;Totaal;Venezuela;Saba;2015;2;0;2
1916;Totaal mannen en vrouwen;Totaal;Venezuela;Saba;2016;1;0;1
1917;Totaal mannen en vrouwen;Totaal;Venezuela;Saba;2017;1;0;1
1918;Totaal mannen en vrouwen;Totaal;Venezuela;Saba;2018;3;3;0
1919;Totaal mannen en vrouwen;Totaal;Venezuela;Saba;2019;0;0;0
1920;Totaal mannen en vrouwen;Totaal;Venezuela;Saba;2020;0;0;0
1921;Totaal mannen en vrouwen;Totaal;Venezuela;Saba;2021;1;2;-1
1922;Totaal mannen en vrouwen;Totaal;Venezuela;Saba;2022;1;0;1
1923;Totaal mannen en vrouwen;Totaal;Venezuela;Saba;2023;0;1;-1
1924;Totaal mannen en vrouwen;Totaal;Verenigde Staten van Amerika;Caribisch Nederland;2011;223;74;149
1925;Totaal mannen en vrouwen;Totaal;Verenigde Staten van Amerika;Caribisch Nederland;2012;221;138;83
1926;Totaal mannen en vrouwen;Totaal;Verenigde Staten van Amerika;Caribisch Nederland;2013;141;134;7
1927;Totaal mannen en vrouwen;Totaal;Verenigde Staten van Amerika;Caribisch Nederland;2014;115;170;-55
1928;Totaal mannen en vrouwen;Totaal;Verenigde Staten van Amerika;Caribisch Nederland;2015;114;294;-180
1929;Totaal mannen en vrouwen;Totaal;Verenigde Staten van Amerika;Caribisch Nederland;2016;126;269;-143
1930;Totaal mannen en vrouwen;Totaal;Verenigde Staten van Amerika;Caribisch Nederland;2017;121;89;32
1931;Totaal mannen en vrouwen;Totaal;Verenigde Staten van Amerika;Caribisch Nederland;2018;104;152;-48
1932;Totaal mannen en vrouwen;Totaal;Verenigde Staten van Amerika;Caribisch Nederland;2019;124;79;45
1933;Totaal mannen en vrouwen;Totaal;Verenigde Staten van Amerika;Caribisch Nederland;2020;84;32;52
1934;Totaal mannen en vrouwen;Totaal;Verenigde Staten van Amerika;Caribisch Nederland;2021;78;59;19
1935;Totaal mannen en vrouwen;Totaal;Verenigde Staten van Amerika;Caribisch Nederland;2022;157;33;124
1936;Totaal mannen en vrouwen;Totaal;Verenigde Staten van Amerika;Caribisch Nederland;2023;112;65;47
1937;Totaal mannen en vrouwen;Totaal;Verenigde Staten van Amerika;Bonaire;2011;105;21;84
1938;Totaal mannen en vrouwen;Totaal;Verenigde Staten van Amerika;Bonaire;2012;86;25;61
1939;Totaal mannen en vrouwen;Totaal;Verenigde Staten van Amerika;Bonaire;2013;69;2;67
1940;Totaal mannen en vrouwen;Totaal;Verenigde Staten van Amerika;Bonaire;2014;45;31;14
1941;Totaal mannen en vrouwen;Totaal;Verenigde Staten van Amerika;Bonaire;2015;38;25;13
1942;Totaal mannen en vrouwen;Totaal;Verenigde Staten van Amerika;Bonaire;2016;30;225;-195
1943;Totaal mannen en vrouwen;Totaal;Verenigde Staten van Amerika;Bonaire;2017;46;44;2
1944;Totaal mannen en vrouwen;Totaal;Verenigde Staten van Amerika;Bonaire;2018;37;9;28
1945;Totaal mannen en vrouwen;Totaal;Verenigde Staten van Amerika;Bonaire;2019;57;9;48
1946;Totaal mannen en vrouwen;Totaal;Verenigde Staten van Amerika;Bonaire;2020;47;7;40
1947;Totaal mannen en vrouwen;Totaal;Verenigde Staten van Amerika;Bonaire;2021;42;8;34
1948;Totaal mannen en vrouwen;Totaal;Verenigde Staten van Amerika;Bonaire;2022;100;3;97
1949;Totaal mannen en vrouwen;Totaal;Verenigde Staten van Amerika;Bonaire;2023;60;4;56
1950;Totaal mannen en vrouwen;Totaal;Verenigde Staten van Amerika;Sint Eustatius;2011;29;15;14
1951;Totaal mannen en vrouwen;Totaal;Verenigde Staten van Amerika;Sint Eustatius;2012;35;12;23
1952;Totaal mannen en vrouwen;Totaal;Verenigde Staten van Amerika;Sint Eustatius;2013;26;30;-4
1953;Totaal mannen en vrouwen;Totaal;Verenigde Staten van Amerika;Sint Eustatius;2014;11;70;-59
1954;Totaal mannen en vrouwen;Totaal;Verenigde Staten van Amerika;Sint Eustatius;2015;9;236;-227
1955;Totaal mannen en vrouwen;Totaal;Verenigde Staten van Amerika;Sint Eustatius;2016;3;2;1
1956;Totaal mannen en vrouwen;Totaal;Verenigde Staten van Amerika;Sint Eustatius;2017;5;11;-6
1957;Totaal mannen en vrouwen;Totaal;Verenigde Staten van Amerika;Sint Eustatius;2018;6;31;-25
1958;Totaal mannen en vrouwen;Totaal;Verenigde Staten van Amerika;Sint Eustatius;2019;6;7;-1
1959;Totaal mannen en vrouwen;Totaal;Verenigde Staten van Amerika;Sint Eustatius;2020;4;1;3
1960;Totaal mannen en vrouwen;Totaal;Verenigde Staten van Amerika;Sint Eustatius;2021;3;3;0
1961;Totaal mannen en vrouwen;Totaal;Verenigde Staten van Amerika;Sint Eustatius;2022;13;4;9
1962;Totaal mannen en vrouwen;Totaal;Verenigde Staten van Amerika;Sint Eustatius;2023;3;16;-13
1963;Totaal mannen en vrouwen;Totaal;Verenigde Staten van Amerika;Saba;2011;89;38;51
1964;Totaal mannen en vrouwen;Totaal;Verenigde Staten van Amerika;Saba;2012;100;101;-1
1965;Totaal mannen en vrouwen;Totaal;Verenigde Staten van Amerika;Saba;2013;46;102;-56
1966;Totaal mannen en vrouwen;Totaal;Verenigde Staten van Amerika;Saba;2014;59;69;-10
1967;Totaal mannen en vrouwen;Totaal;Verenigde Staten van Amerika;Saba;2015;67;33;34
1968;Totaal mannen en vrouwen;Totaal;Verenigde Staten van Amerika;Saba;2016;93;42;51
1969;Totaal mannen en vrouwen;Totaal;Verenigde Staten van Amerika;Saba;2017;70;34;36
1970;Totaal mannen en vrouwen;Totaal;Verenigde Staten van Amerika;Saba;2018;61;112;-51
1971;Totaal mannen en vrouwen;Totaal;Verenigde Staten van Amerika;Saba;2019;61;63;-2
1972;Totaal mannen en vrouwen;Totaal;Verenigde Staten van Amerika;Saba;2020;33;24;9
1973;Totaal mannen en vrouwen;Totaal;Verenigde Staten van Amerika;Saba;2021;33;48;-15
1974;Totaal mannen en vrouwen;Totaal;Verenigde Staten van Amerika;Saba;2022;44;26;18
1975;Totaal mannen en vrouwen;Totaal;Verenigde Staten van Amerika;Saba;2023;49;45;4
1976;Totaal mannen en vrouwen;Totaal;Overig Azië;Caribisch Nederland;2011;176;108;68
1977;Totaal mannen en vrouwen;Totaal;Overig Azië;Caribisch Nederland;2012;183;146;37
1978;Totaal mannen en vrouwen;Totaal;Overig Azië;Caribisch Nederland;2013;124;135;-11
1979;Totaal mannen en vrouwen;Totaal;Overig Azië;Caribisch Nederland;2014;89;137;-48
1980;Totaal mannen en vrouwen;Totaal;Overig Azië;Caribisch Nederland;2015;89;125;-36
1981;Totaal mannen en vrouwen;Totaal;Overig Azië;Caribisch Nederland;2016;75;193;-118
1982;Totaal mannen en vrouwen;Totaal;Overig Azië;Caribisch Nederland;2017;76;48;28
1983;Totaal mannen en vrouwen;Totaal;Overig Azië;Caribisch Nederland;2018;62;107;-45
1984;Totaal mannen en vrouwen;Totaal;Overig Azië;Caribisch Nederland;2019;55;47;8
1985;Totaal mannen en vrouwen;Totaal;Overig Azië;Caribisch Nederland;2020;27;30;-3
1986;Totaal mannen en vrouwen;Totaal;Overig Azië;Caribisch Nederland;2021;39;40;-1
1987;Totaal mannen en vrouwen;Totaal;Overig Azië;Caribisch Nederland;2022;62;21;41
1988;Totaal mannen en vrouwen;Totaal;Overig Azië;Caribisch Nederland;2023;69;43;26
1989;Totaal mannen en vrouwen;Totaal;Overig Azië;Bonaire;2011;84;44;40
1990;Totaal mannen en vrouwen;Totaal;Overig Azië;Bonaire;2012;58;41;17
1991;Totaal mannen en vrouwen;Totaal;Overig Azië;Bonaire;2013;34;1;33
1992;Totaal mannen en vrouwen;Totaal;Overig Azië;Bonaire;2014;19;16;3
1993;Totaal mannen en vrouwen;Totaal;Overig Azië;Bonaire;2015;25;36;-11
1994;Totaal mannen en vrouwen;Totaal;Overig Azië;Bonaire;2016;13;130;-117
1995;Totaal mannen en vrouwen;Totaal;Overig Azië;Bonaire;2017;21;26;-5
1996;Totaal mannen en vrouwen;Totaal;Overig Azië;Bonaire;2018;16;11;5
1997;Totaal mannen en vrouwen;Totaal;Overig Azië;Bonaire;2019;9;9;0
1998;Totaal mannen en vrouwen;Totaal;Overig Azië;Bonaire;2020;10;5;5
1999;Totaal mannen en vrouwen;Totaal;Overig Azië;Bonaire;2021;22;13;9
2000;Totaal mannen en vrouwen;Totaal;Overig Azië;Bonaire;2022;11;2;9
2001;Totaal mannen en vrouwen;Totaal;Overig Azië;Bonaire;2023;24;5;19
2002;Totaal mannen en vrouwen;Totaal;Overig Azië;Sint Eustatius;2011;19;14;5
2003;Totaal mannen en vrouwen;Totaal;Overig Azië;Sint Eustatius;2012;20;6;14
2004;Totaal mannen en vrouwen;Totaal;Overig Azië;Sint Eustatius;2013;18;32;-14
2005;Totaal mannen en vrouwen;Totaal;Overig Azië;Sint Eustatius;2014;2;18;-16
2006;Totaal mannen en vrouwen;Totaal;Overig Azië;Sint Eustatius;2015;3;42;-39
2007;Totaal mannen en vrouwen;Totaal;Overig Azië;Sint Eustatius;2016;1;0;1
2008;Totaal mannen en vrouwen;Totaal;Overig Azië;Sint Eustatius;2017;1;5;-4
2009;Totaal mannen en vrouwen;Totaal;Overig Azië;Sint Eustatius;2018;2;6;-4
2010;Totaal mannen en vrouwen;Totaal;Overig Azië;Sint Eustatius;2019;3;0;3
2011;Totaal mannen en vrouwen;Totaal;Overig Azië;Sint Eustatius;2020;0;1;-1
2012;Totaal mannen en vrouwen;Totaal;Overig Azië;Sint Eustatius;2021;2;0;2
2013;Totaal mannen en vrouwen;Totaal;Overig Azië;Sint Eustatius;2022;1;1;0
2014;Totaal mannen en vrouwen;Totaal;Overig Azië;Sint Eustatius;2023;0;4;-4
2015;Totaal mannen en vrouwen;Totaal;Overig Azië;Saba;2011;73;50;23
2016;Totaal mannen en vrouwen;Totaal;Overig Azië;Saba;2012;105;99;6
2017;Totaal mannen en vrouwen;Totaal;Overig Azië;Saba;2013;72;102;-30
2018;Totaal mannen en vrouwen;Totaal;Overig Azië;Saba;2014;68;103;-35
2019;Totaal mannen en vrouwen;Totaal;Overig Azië;Saba;2015;61;47;14
2020;Totaal mannen en vrouwen;Totaal;Overig Azië;Saba;2016;61;63;-2
2021;Totaal mannen en vrouwen;Totaal;Overig Azië;Saba;2017;54;17;37
2022;Totaal mannen en vrouwen;Totaal;Overig Azië;Saba;2018;44;90;-46
2023;Totaal mannen en vrouwen;Totaal;Overig Azië;Saba;2019;43;38;5
2024;Totaal mannen en vrouwen;Totaal;Overig Azië;Saba;2020;17;24;-7
2025;Totaal mannen en vrouwen;Totaal;Overig Azië;Saba;2021;15;27;-12
2026;Totaal mannen en vrouwen;Totaal;Overig Azië;Saba;2022;50;18;32
2027;Totaal mannen en vrouwen;Totaal;Overig Azië;Saba;2023;45;34;11
2028;Totaal mannen en vrouwen;Totaal;Overig Europa;Caribisch Nederland;2011;15;13;2
2029;Totaal mannen en vrouwen;Totaal;Overig Europa;Caribisch Nederland;2012;9;11;-2
2030;Totaal mannen en vrouwen;Totaal;Overig Europa;Caribisch Nederland;2013;15;10;5
2031;Totaal mannen en vrouwen;Totaal;Overig Europa;Caribisch Nederland;2014;11;11;0
2032;Totaal mannen en vrouwen;Totaal;Overig Europa;Caribisch Nederland;2015;17;13;4
2033;Totaal mannen en vrouwen;Totaal;Overig Europa;Caribisch Nederland;2016;7;14;-7
2034;Totaal mannen en vrouwen;Totaal;Overig Europa;Caribisch Nederland;2017;14;4;10
2035;Totaal mannen en vrouwen;Totaal;Overig Europa;Caribisch Nederland;2018;5;20;-15
2036;Totaal mannen en vrouwen;Totaal;Overig Europa;Caribisch Nederland;2019;15;10;5
2037;Totaal mannen en vrouwen;Totaal;Overig Europa;Caribisch Nederland;2020;11;12;-1
2038;Totaal mannen en vrouwen;Totaal;Overig Europa;Caribisch Nederland;2021;17;9;8
2039;Totaal mannen en vrouwen;Totaal;Overig Europa;Caribisch Nederland;2022;25;11;14
2040;Totaal mannen en vrouwen;Totaal;Overig Europa;Caribisch Nederland;2023;22;13;9
2041;Totaal mannen en vrouwen;Totaal;Overig Europa;Bonaire;2011;6;4;2
2042;Totaal mannen en vrouwen;Totaal;Overig Europa;Bonaire;2012;3;4;-1
2043;Totaal mannen en vrouwen;Totaal;Overig Europa;Bonaire;2013;3;1;2
2044;Totaal mannen en vrouwen;Totaal;Overig Europa;Bonaire;2014;1;0;1
2045;Totaal mannen en vrouwen;Totaal;Overig Europa;Bonaire;2015;9;0;9
2046;Totaal mannen en vrouwen;Totaal;Overig Europa;Bonaire;2016;2;7;-5
2047;Totaal mannen en vrouwen;Totaal;Overig Europa;Bonaire;2017;11;4;7
2048;Totaal mannen en vrouwen;Totaal;Overig Europa;Bonaire;2018;3;5;-2
2049;Totaal mannen en vrouwen;Totaal;Overig Europa;Bonaire;2019;12;6;6
2050;Totaal mannen en vrouwen;Totaal;Overig Europa;Bonaire;2020;7;4;3
2051;Totaal mannen en vrouwen;Totaal;Overig Europa;Bonaire;2021;8;6;2
2052;Totaal mannen en vrouwen;Totaal;Overig Europa;Bonaire;2022;17;4;13
2053;Totaal mannen en vrouwen;Totaal;Overig Europa;Bonaire;2023;14;6;8
2054;Totaal mannen en vrouwen;Totaal;Overig Europa;Sint Eustatius;2011;1;1;0
2055;Totaal mannen en vrouwen;Totaal;Overig Europa;Sint Eustatius;2012;1;3;-2
2056;Totaal mannen en vrouwen;Totaal;Overig Europa;Sint Eustatius;2013;3;1;2
2057;Totaal mannen en vrouwen;Totaal;Overig Europa;Sint Eustatius;2014;0;3;-3
2058;Totaal mannen en vrouwen;Totaal;Overig Europa;Sint Eustatius;2015;2;2;0
2059;Totaal mannen en vrouwen;Totaal;Overig Europa;Sint Eustatius;2016;1;0;1
2060;Totaal mannen en vrouwen;Totaal;Overig Europa;Sint Eustatius;2017;0;0;0
2061;Totaal mannen en vrouwen;Totaal;Overig Europa;Sint Eustatius;2018;1;9;-8
2062;Totaal mannen en vrouwen;Totaal;Overig Europa;Sint Eustatius;2019;1;1;0
2063;Totaal mannen en vrouwen;Totaal;Overig Europa;Sint Eustatius;2020;1;4;-3
2064;Totaal mannen en vrouwen;Totaal;Overig Europa;Sint Eustatius;2021;0;0;0
2065;Totaal mannen en vrouwen;Totaal;Overig Europa;Sint Eustatius;2022;5;3;2
2066;Totaal mannen en vrouwen;Totaal;Overig Europa;Sint Eustatius;2023;5;1;4
2067;Totaal mannen en vrouwen;Totaal;Overig Europa;Saba;2011;8;8;0
2068;Totaal mannen en vrouwen;Totaal;Overig Europa;Saba;2012;5;4;1
2069;Totaal mannen en vrouwen;Totaal;Overig Europa;Saba;2013;9;8;1
2070;Totaal mannen en vrouwen;Totaal;Overig Europa;Saba;2014;10;8;2
2071;Totaal mannen en vrouwen;Totaal;Overig Europa;Saba;2015;6;11;-5
2072;Totaal mannen en vrouwen;Totaal;Overig Europa;Saba;2016;4;7;-3
2073;Totaal mannen en vrouwen;Totaal;Overig Europa;Saba;2017;3;0;3
2074;Totaal mannen en vrouwen;Totaal;Overig Europa;Saba;2018;1;6;-5
2075;Totaal mannen en vrouwen;Totaal;Overig Europa;Saba;2019;2;3;-1
2076;Totaal mannen en vrouwen;Totaal;Overig Europa;Saba;2020;3;4;-1
2077;Totaal mannen en vrouwen;Totaal;Overig Europa;Saba;2021;9;3;6
2078;Totaal mannen en vrouwen;Totaal;Overig Europa;Saba;2022;3;4;-1
2079;Totaal mannen en vrouwen;Totaal;Overig Europa;Saba;2023;3;6;-3
2080;Totaal mannen en vrouwen;Totaal;Overig Midden- en Zuid-Amerika;Caribisch Nederland;2011;35;13;22
2081;Totaal mannen en vrouwen;Totaal;Overig Midden- en Zuid-Amerika;Caribisch Nederland;2012;32;17;15
2082;Totaal mannen en vrouwen;Totaal;Overig Midden- en Zuid-Amerika;Caribisch Nederland;2013;64;10;54
2083;Totaal mannen en vrouwen;Totaal;Overig Midden- en Zuid-Amerika;Caribisch Nederland;2014;42;24;18
2084;Totaal mannen en vrouwen;Totaal;Overig Midden- en Zuid-Amerika;Caribisch Nederland;2015;31;122;-91
2085;Totaal mannen en vrouwen;Totaal;Overig Midden- en Zuid-Amerika;Caribisch Nederland;2016;29;28;1
2086;Totaal mannen en vrouwen;Totaal;Overig Midden- en Zuid-Amerika;Caribisch Nederland;2017;58;25;33
2087;Totaal mannen en vrouwen;Totaal;Overig Midden- en Zuid-Amerika;Caribisch Nederland;2018;26;53;-27
2088;Totaal mannen en vrouwen;Totaal;Overig Midden- en Zuid-Amerika;Caribisch Nederland;2019;67;37;30
2089;Totaal mannen en vrouwen;Totaal;Overig Midden- en Zuid-Amerika;Caribisch Nederland;2020;14;40;-26
2090;Totaal mannen en vrouwen;Totaal;Overig Midden- en Zuid-Amerika;Caribisch Nederland;2021;32;20;12
2091;Totaal mannen en vrouwen;Totaal;Overig Midden- en Zuid-Amerika;Caribisch Nederland;2022;28;5;23
2092;Totaal mannen en vrouwen;Totaal;Overig Midden- en Zuid-Amerika;Caribisch Nederland;2023;41;19;22
2093;Totaal mannen en vrouwen;Totaal;Overig Midden- en Zuid-Amerika;Bonaire;2011;8;3;5
2094;Totaal mannen en vrouwen;Totaal;Overig Midden- en Zuid-Amerika;Bonaire;2012;13;4;9
2095;Totaal mannen en vrouwen;Totaal;Overig Midden- en Zuid-Amerika;Bonaire;2013;11;3;8
2096;Totaal mannen en vrouwen;Totaal;Overig Midden- en Zuid-Amerika;Bonaire;2014;11;5;6
2097;Totaal mannen en vrouwen;Totaal;Overig Midden- en Zuid-Amerika;Bonaire;2015;6;6;0
2098;Totaal mannen en vrouwen;Totaal;Overig Midden- en Zuid-Amerika;Bonaire;2016;11;16;-5
2099;Totaal mannen en vrouwen;Totaal;Overig Midden- en Zuid-Amerika;Bonaire;2017;17;14;3
2100;Totaal mannen en vrouwen;Totaal;Overig Midden- en Zuid-Amerika;Bonaire;2018;12;7;5
2101;Totaal mannen en vrouwen;Totaal;Overig Midden- en Zuid-Amerika;Bonaire;2019;23;3;20
2102;Totaal mannen en vrouwen;Totaal;Overig Midden- en Zuid-Amerika;Bonaire;2020;7;4;3
2103;Totaal mannen en vrouwen;Totaal;Overig Midden- en Zuid-Amerika;Bonaire;2021;10;13;-3
2104;Totaal mannen en vrouwen;Totaal;Overig Midden- en Zuid-Amerika;Bonaire;2022;14;1;13
2105;Totaal mannen en vrouwen;Totaal;Overig Midden- en Zuid-Amerika;Bonaire;2023;20;4;16
2106;Totaal mannen en vrouwen;Totaal;Overig Midden- en Zuid-Amerika;Sint Eustatius;2011;22;5;17
2107;Totaal mannen en vrouwen;Totaal;Overig Midden- en Zuid-Amerika;Sint Eustatius;2012;9;4;5
2108;Totaal mannen en vrouwen;Totaal;Overig Midden- en Zuid-Amerika;Sint Eustatius;2013;40;1;39
2109;Totaal mannen en vrouwen;Totaal;Overig Midden- en Zuid-Amerika;Sint Eustatius;2014;22;9;13
2110;Totaal mannen en vrouwen;Totaal;Overig Midden- en Zuid-Amerika;Sint Eustatius;2015;12;113;-101
2111;Totaal mannen en vrouwen;Totaal;Overig Midden- en Zuid-Amerika;Sint Eustatius;2016;7;3;4
2112;Totaal mannen en vrouwen;Totaal;Overig Midden- en Zuid-Amerika;Sint Eustatius;2017;30;10;20
2113;Totaal mannen en vrouwen;Totaal;Overig Midden- en Zuid-Amerika;Sint Eustatius;2018;5;28;-23
2114;Totaal mannen en vrouwen;Totaal;Overig Midden- en Zuid-Amerika;Sint Eustatius;2019;33;28;5
2115;Totaal mannen en vrouwen;Totaal;Overig Midden- en Zuid-Amerika;Sint Eustatius;2020;4;31;-27
2116;Totaal mannen en vrouwen;Totaal;Overig Midden- en Zuid-Amerika;Sint Eustatius;2021;11;4;7
2117;Totaal mannen en vrouwen;Totaal;Overig Midden- en Zuid-Amerika;Sint Eustatius;2022;9;3;6
2118;Totaal mannen en vrouwen;Totaal;Overig Midden- en Zuid-Amerika;Sint Eustatius;2023;6;11;-5
2119;Totaal mannen en vrouwen;Totaal;Overig Midden- en Zuid-Amerika;Saba;2011;5;5;0
2120;Totaal mannen en vrouwen;Totaal;Overig Midden- en Zuid-Amerika;Saba;2012;10;9;1
2121;Totaal mannen en vrouwen;Totaal;Overig Midden- en Zuid-Amerika;Saba;2013;13;6;7
2122;Totaal mannen en vrouwen;Totaal;Overig Midden- en Zuid-Amerika;Saba;2014;9;10;-1
2123;Totaal mannen en vrouwen;Totaal;Overig Midden- en Zuid-Amerika;Saba;2015;13;3;10
2124;Totaal mannen en vrouwen;Totaal;Overig Midden- en Zuid-Amerika;Saba;2016;11;9;2
2125;Totaal mannen en vrouwen;Totaal;Overig Midden- en Zuid-Amerika;Saba;2017;11;1;10
2126;Totaal mannen en vrouwen;Totaal;Overig Midden- en Zuid-Amerika;Saba;2018;9;18;-9
2127;Totaal mannen en vrouwen;Totaal;Overig Midden- en Zuid-Amerika;Saba;2019;11;6;5
2128;Totaal mannen en vrouwen;Totaal;Overig Midden- en Zuid-Amerika;Saba;2020;3;5;-2
2129;Totaal mannen en vrouwen;Totaal;Overig Midden- en Zuid-Amerika;Saba;2021;11;3;8
2130;Totaal mannen en vrouwen;Totaal;Overig Midden- en Zuid-Amerika;Saba;2022;5;1;4
2131;Totaal mannen en vrouwen;Totaal;Overig Midden- en Zuid-Amerika;Saba;2023;15;4;11
2132;Totaal mannen en vrouwen;0 tot 5 jaar;Totaal;Caribisch Nederland;2011;122;73;49
2133;Totaal mannen en vrouwen;0 tot 5 jaar;Totaal;Caribisch Nederland;2012;110;54;56
2134;Totaal mannen en vrouwen;0 tot 5 jaar;Totaal;Caribisch Nederland;2013;123;57;66
2135;Totaal mannen en vrouwen;0 tot 5 jaar;Totaal;Caribisch Nederland;2014;110;54;56
2136;Totaal mannen en vrouwen;0 tot 5 jaar;Totaal;Caribisch Nederland;2015;100;44;56
2137;Totaal mannen en vrouwen;0 tot 5 jaar;Totaal;Caribisch Nederland;2016;81;71;10
2138;Totaal mannen en vrouwen;0 tot 5 jaar;Totaal;Caribisch Nederland;2017;113;59;54
2139;Totaal mannen en vrouwen;0 tot 5 jaar;Totaal;Caribisch Nederland;2018;95;64;31
2140;Totaal mannen en vrouwen;0 tot 5 jaar;Totaal;Caribisch Nederland;2019;67;43;24
2141;Totaal mannen en vrouwen;0 tot 5 jaar;Totaal;Caribisch Nederland;2020;103;46;57
2142;Totaal mannen en vrouwen;0 tot 5 jaar;Totaal;Caribisch Nederland;2021;85;54;31
2143;Totaal mannen en vrouwen;0 tot 5 jaar;Totaal;Caribisch Nederland;2022;108;65;43
2144;Totaal mannen en vrouwen;0 tot 5 jaar;Totaal;Caribisch Nederland;2023;98;52;46
2145;Totaal mannen en vrouwen;0 tot 5 jaar;Totaal;Bonaire;2011;86;50;36
2146;Totaal mannen en vrouwen;0 tot 5 jaar;Totaal;Bonaire;2012;88;42;46
2147;Totaal mannen en vrouwen;0 tot 5 jaar;Totaal;Bonaire;2013;88;42;46
2148;Totaal mannen en vrouwen;0 tot 5 jaar;Totaal;Bonaire;2014;81;42;39
2149;Totaal mannen en vrouwen;0 tot 5 jaar;Totaal;Bonaire;2015;84;35;49
2150;Totaal mannen en vrouwen;0 tot 5 jaar;Totaal;Bonaire;2016;61;54;7
2151;Totaal mannen en vrouwen;0 tot 5 jaar;Totaal;Bonaire;2017;86;51;35
2152;Totaal mannen en vrouwen;0 tot 5 jaar;Totaal;Bonaire;2018;65;50;15
2153;Totaal mannen en vrouwen;0 tot 5 jaar;Totaal;Bonaire;2019;52;32;20
2154;Totaal mannen en vrouwen;0 tot 5 jaar;Totaal;Bonaire;2020;93;40;53
2155;Totaal mannen en vrouwen;0 tot 5 jaar;Totaal;Bonaire;2021;69;38;31
2156;Totaal mannen en vrouwen;0 tot 5 jaar;Totaal;Bonaire;2022;83;58;25
2157;Totaal mannen en vrouwen;0 tot 5 jaar;Totaal;Bonaire;2023;72;39;33
2158;Totaal mannen en vrouwen;0 tot 5 jaar;Totaal;Sint Eustatius;2011;19;16;3
2159;Totaal mannen en vrouwen;0 tot 5 jaar;Totaal;Sint Eustatius;2012;13;8;5
2160;Totaal mannen en vrouwen;0 tot 5 jaar;Totaal;Sint Eustatius;2013;23;10;13
2161;Totaal mannen en vrouwen;0 tot 5 jaar;Totaal;Sint Eustatius;2014;15;6;9
2162;Totaal mannen en vrouwen;0 tot 5 jaar;Totaal;Sint Eustatius;2015;8;9;-1
2163;Totaal mannen en vrouwen;0 tot 5 jaar;Totaal;Sint Eustatius;2016;12;7;5
2164;Totaal mannen en vrouwen;0 tot 5 jaar;Totaal;Sint Eustatius;2017;16;6;10
2165;Totaal mannen en vrouwen;0 tot 5 jaar;Totaal;Sint Eustatius;2018;13;9;4
2166;Totaal mannen en vrouwen;0 tot 5 jaar;Totaal;Sint Eustatius;2019;8;4;4
2167;Totaal mannen en vrouwen;0 tot 5 jaar;Totaal;Sint Eustatius;2020;5;4;1
2168;Totaal mannen en vrouwen;0 tot 5 jaar;Totaal;Sint Eustatius;2021;8;11;-3
2169;Totaal mannen en vrouwen;0 tot 5 jaar;Totaal;Sint Eustatius;2022;15;2;13
2170;Totaal mannen en vrouwen;0 tot 5 jaar;Totaal;Sint Eustatius;2023;6;11;-5
2171;Totaal mannen en vrouwen;0 tot 5 jaar;Totaal;Saba;2011;17;7;10
2172;Totaal mannen en vrouwen;0 tot 5 jaar;Totaal;Saba;2012;9;4;5
2173;Totaal mannen en vrouwen;0 tot 5 jaar;Totaal;Saba;2013;12;5;7
2174;Totaal mannen en vrouwen;0 tot 5 jaar;Totaal;Saba;2014;14;6;8
2175;Totaal mannen en vrouwen;0 tot 5 jaar;Totaal;Saba;2015;8;0;8
2176;Totaal mannen en vrouwen;0 tot 5 jaar;Totaal;Saba;2016;8;10;-2
2177;Totaal mannen en vrouwen;0 tot 5 jaar;Totaal;Saba;2017;11;2;9
2178;Totaal mannen en vrouwen;0 tot 5 jaar;Totaal;Saba;2018;17;5;12
2179;Totaal mannen en vrouwen;0 tot 5 jaar;Totaal;Saba;2019;7;7;0
2180;Totaal mannen en vrouwen;0 tot 5 jaar;Totaal;Saba;2020;5;2;3
2181;Totaal mannen en vrouwen;0 tot 5 jaar;Totaal;Saba;2021;8;5;3
2182;Totaal mannen en vrouwen;0 tot 5 jaar;Totaal;Saba;2022;10;5;5
2183;Totaal mannen en vrouwen;0 tot 5 jaar;Totaal;Saba;2023;20;2;18
2184;Totaal mannen en vrouwen;0 tot 5 jaar;Buiten Caribisch Nederland geboren;Caribisch Nederland;2011;114;46;68
2185;Totaal mannen en vrouwen;0 tot 5 jaar;Buiten Caribisch Nederland geboren;Caribisch Nederland;2012;96;30;66
2186;Totaal mannen en vrouwen;0 tot 5 jaar;Buiten Caribisch Nederland geboren;Caribisch Nederland;2013;111;32;79
2187;Totaal mannen en vrouwen;0 tot 5 jaar;Buiten Caribisch Nederland geboren;Caribisch Nederland;2014;106;34;72
2188;Totaal mannen en vrouwen;0 tot 5 jaar;Buiten Caribisch Nederland geboren;Caribisch Nederland;2015;94;23;71
2189;Totaal mannen en vrouwen;0 tot 5 jaar;Buiten Caribisch Nederland geboren;Caribisch Nederland;2016;77;36;41
2190;Totaal mannen en vrouwen;0 tot 5 jaar;Buiten Caribisch Nederland geboren;Caribisch Nederland;2017;99;24;75
2191;Totaal mannen en vrouwen;0 tot 5 jaar;Buiten Caribisch Nederland geboren;Caribisch Nederland;2018;91;33;58
2192;Totaal mannen en vrouwen;0 tot 5 jaar;Buiten Caribisch Nederland geboren;Caribisch Nederland;2019;63;23;40
2193;Totaal mannen en vrouwen;0 tot 5 jaar;Buiten Caribisch Nederland geboren;Caribisch Nederland;2020;96;22;74
2194;Totaal mannen en vrouwen;0 tot 5 jaar;Buiten Caribisch Nederland geboren;Caribisch Nederland;2021;80;29;51
2195;Totaal mannen en vrouwen;0 tot 5 jaar;Buiten Caribisch Nederland geboren;Caribisch Nederland;2022;102;29;73
2196;Totaal mannen en vrouwen;0 tot 5 jaar;Buiten Caribisch Nederland geboren;Caribisch Nederland;2023;91;23;68
2197;Totaal mannen en vrouwen;0 tot 5 jaar;Buiten Caribisch Nederland geboren;Bonaire;2011;79;27;52
2198;Totaal mannen en vrouwen;0 tot 5 jaar;Buiten Caribisch Nederland geboren;Bonaire;2012;76;21;55
2199;Totaal mannen en vrouwen;0 tot 5 jaar;Buiten Caribisch Nederland geboren;Bonaire;2013;79;19;60
2200;Totaal mannen en vrouwen;0 tot 5 jaar;Buiten Caribisch Nederland geboren;Bonaire;2014;77;23;54
2201;Totaal mannen en vrouwen;0 tot 5 jaar;Buiten Caribisch Nederland geboren;Bonaire;2015;79;16;63
2202;Totaal mannen en vrouwen;0 tot 5 jaar;Buiten Caribisch Nederland geboren;Bonaire;2016;57;22;35
2203;Totaal mannen en vrouwen;0 tot 5 jaar;Buiten Caribisch Nederland geboren;Bonaire;2017;72;18;54
2204;Totaal mannen en vrouwen;0 tot 5 jaar;Buiten Caribisch Nederland geboren;Bonaire;2018;62;23;39
2205;Totaal mannen en vrouwen;0 tot 5 jaar;Buiten Caribisch Nederland geboren;Bonaire;2019;48;14;34
2206;Totaal mannen en vrouwen;0 tot 5 jaar;Buiten Caribisch Nederland geboren;Bonaire;2020;87;16;71
2207;Totaal mannen en vrouwen;0 tot 5 jaar;Buiten Caribisch Nederland geboren;Bonaire;2021;64;15;49
2208;Totaal mannen en vrouwen;0 tot 5 jaar;Buiten Caribisch Nederland geboren;Bonaire;2022;77;23;54
2209;Totaal mannen en vrouwen;0 tot 5 jaar;Buiten Caribisch Nederland geboren;Bonaire;2023;65;12;53
2210;Totaal mannen en vrouwen;0 tot 5 jaar;Buiten Caribisch Nederland geboren;Sint Eustatius;2011;18;13;5
2211;Totaal mannen en vrouwen;0 tot 5 jaar;Buiten Caribisch Nederland geboren;Sint Eustatius;2012;11;5;6
2212;Totaal mannen en vrouwen;0 tot 5 jaar;Buiten Caribisch Nederland geboren;Sint Eustatius;2013;20;8;12
2213;Totaal mannen en vrouwen;0 tot 5 jaar;Buiten Caribisch Nederland geboren;Sint Eustatius;2014;15;5;10
2214;Totaal mannen en vrouwen;0 tot 5 jaar;Buiten Caribisch Nederland geboren;Sint Eustatius;2015;7;7;0
2215;Totaal mannen en vrouwen;0 tot 5 jaar;Buiten Caribisch Nederland geboren;Sint Eustatius;2016;12;6;6
2216;Totaal mannen en vrouwen;0 tot 5 jaar;Buiten Caribisch Nederland geboren;Sint Eustatius;2017;16;4;12
2217;Totaal mannen en vrouwen;0 tot 5 jaar;Buiten Caribisch Nederland geboren;Sint Eustatius;2018;12;5;7
2218;Totaal mannen en vrouwen;0 tot 5 jaar;Buiten Caribisch Nederland geboren;Sint Eustatius;2019;8;3;5
2219;Totaal mannen en vrouwen;0 tot 5 jaar;Buiten Caribisch Nederland geboren;Sint Eustatius;2020;4;4;0
2220;Totaal mannen en vrouwen;0 tot 5 jaar;Buiten Caribisch Nederland geboren;Sint Eustatius;2021;8;9;-1
2221;Totaal mannen en vrouwen;0 tot 5 jaar;Buiten Caribisch Nederland geboren;Sint Eustatius;2022;15;2;13
2222;Totaal mannen en vrouwen;0 tot 5 jaar;Buiten Caribisch Nederland geboren;Sint Eustatius;2023;6;9;-3
2223;Totaal mannen en vrouwen;0 tot 5 jaar;Buiten Caribisch Nederland geboren;Saba;2011;17;6;11
2224;Totaal mannen en vrouwen;0 tot 5 jaar;Buiten Caribisch Nederland geboren;Saba;2012;9;4;5
2225;Totaal mannen en vrouwen;0 tot 5 jaar;Buiten Caribisch Nederland geboren;Saba;2013;12;5;7
2226;Totaal mannen en vrouwen;0 tot 5 jaar;Buiten Caribisch Nederland geboren;Saba;2014;14;6;8
2227;Totaal mannen en vrouwen;0 tot 5 jaar;Buiten Caribisch Nederland geboren;Saba;2015;8;0;8
2228;Totaal mannen en vrouwen;0 tot 5 jaar;Buiten Caribisch Nederland geboren;Saba;2016;8;8;0
2229;Totaal mannen en vrouwen;0 tot 5 jaar;Buiten Caribisch Nederland geboren;Saba;2017;11;2;9
2230;Totaal mannen en vrouwen;0 tot 5 jaar;Buiten Caribisch Nederland geboren;Saba;2018;17;5;12
2231;Totaal mannen en vrouwen;0 tot 5 jaar;Buiten Caribisch Nederland geboren;Saba;2019;7;6;1
2232;Totaal mannen en vrouwen;0 tot 5 jaar;Buiten Caribisch Nederland geboren;Saba;2020;5;2;3
2233;Totaal mannen en vrouwen;0 tot 5 jaar;Buiten Caribisch Nederland geboren;Saba;2021;8;5;3
2234;Totaal mannen en vrouwen;0 tot 5 jaar;Buiten Caribisch Nederland geboren;Saba;2022;10;4;6
2235;Totaal mannen en vrouwen;0 tot 5 jaar;Buiten Caribisch Nederland geboren;Saba;2023;20;2;18
2236;Totaal mannen en vrouwen;0 tot 5 jaar;Buiten Nederlandse Cariben geboren;Caribisch Nederland;2011;88;26;62
2237;Totaal mannen en vrouwen;0 tot 5 jaar;Buiten Nederlandse Cariben geboren;Caribisch Nederland;2012;62;16;46
2238;Totaal mannen en vrouwen;0 tot 5 jaar;Buiten Nederlandse Cariben geboren;Caribisch Nederland;2013;72;23;49
2239;Totaal mannen en vrouwen;0 tot 5 jaar;Buiten Nederlandse Cariben geboren;Caribisch Nederland;2014;76;17;59
2240;Totaal mannen en vrouwen;0 tot 5 jaar;Buiten Nederlandse Cariben geboren;Caribisch Nederland;2015;62;18;44
2241;Totaal mannen en vrouwen;0 tot 5 jaar;Buiten Nederlandse Cariben geboren;Caribisch Nederland;2016;59;26;33
2242;Totaal mannen en vrouwen;0 tot 5 jaar;Buiten Nederlandse Cariben geboren;Caribisch Nederland;2017;75;12;63
2243;Totaal mannen en vrouwen;0 tot 5 jaar;Buiten Nederlandse Cariben geboren;Caribisch Nederland;2018;57;21;36
2244;Totaal mannen en vrouwen;0 tot 5 jaar;Buiten Nederlandse Cariben geboren;Caribisch Nederland;2019;38;15;23
2245;Totaal mannen en vrouwen;0 tot 5 jaar;Buiten Nederlandse Cariben geboren;Caribisch Nederland;2020;50;16;34
2246;Totaal mannen en vrouwen;0 tot 5 jaar;Buiten Nederlandse Cariben geboren;Caribisch Nederland;2021;47;22;25
2247;Totaal mannen en vrouwen;0 tot 5 jaar;Buiten Nederlandse Cariben geboren;Caribisch Nederland;2022;73;16;57
2248;Totaal mannen en vrouwen;0 tot 5 jaar;Buiten Nederlandse Cariben geboren;Caribisch Nederland;2023;60;17;43
2249;Totaal mannen en vrouwen;0 tot 5 jaar;Buiten Nederlandse Cariben geboren;Bonaire;2011;62;14;48
2250;Totaal mannen en vrouwen;0 tot 5 jaar;Buiten Nederlandse Cariben geboren;Bonaire;2012;49;12;37
2251;Totaal mannen en vrouwen;0 tot 5 jaar;Buiten Nederlandse Cariben geboren;Bonaire;2013;49;15;34
2252;Totaal mannen en vrouwen;0 tot 5 jaar;Buiten Nederlandse Cariben geboren;Bonaire;2014;58;14;44
2253;Totaal mannen en vrouwen;0 tot 5 jaar;Buiten Nederlandse Cariben geboren;Bonaire;2015;53;14;39
2254;Totaal mannen en vrouwen;0 tot 5 jaar;Buiten Nederlandse Cariben geboren;Bonaire;2016;45;19;26
2255;Totaal mannen en vrouwen;0 tot 5 jaar;Buiten Nederlandse Cariben geboren;Bonaire;2017;58;11;47
2256;Totaal mannen en vrouwen;0 tot 5 jaar;Buiten Nederlandse Cariben geboren;Bonaire;2018;39;16;23
2257;Totaal mannen en vrouwen;0 tot 5 jaar;Buiten Nederlandse Cariben geboren;Bonaire;2019;26;9;17
2258;Totaal mannen en vrouwen;0 tot 5 jaar;Buiten Nederlandse Cariben geboren;Bonaire;2020;43;14;29
2259;Totaal mannen en vrouwen;0 tot 5 jaar;Buiten Nederlandse Cariben geboren;Bonaire;2021;38;12;26
2260;Totaal mannen en vrouwen;0 tot 5 jaar;Buiten Nederlandse Cariben geboren;Bonaire;2022;55;13;42
2261;Totaal mannen en vrouwen;0 tot 5 jaar;Buiten Nederlandse Cariben geboren;Bonaire;2023;48;11;37
2262;Totaal mannen en vrouwen;0 tot 5 jaar;Buiten Nederlandse Cariben geboren;Sint Eustatius;2011;15;8;7
2263;Totaal mannen en vrouwen;0 tot 5 jaar;Buiten Nederlandse Cariben geboren;Sint Eustatius;2012;6;2;4
2264;Totaal mannen en vrouwen;0 tot 5 jaar;Buiten Nederlandse Cariben geboren;Sint Eustatius;2013;14;4;10
2265;Totaal mannen en vrouwen;0 tot 5 jaar;Buiten Nederlandse Cariben geboren;Sint Eustatius;2014;9;2;7
2266;Totaal mannen en vrouwen;0 tot 5 jaar;Buiten Nederlandse Cariben geboren;Sint Eustatius;2015;2;4;-2
2267;Totaal mannen en vrouwen;0 tot 5 jaar;Buiten Nederlandse Cariben geboren;Sint Eustatius;2016;7;1;6
2268;Totaal mannen en vrouwen;0 tot 5 jaar;Buiten Nederlandse Cariben geboren;Sint Eustatius;2017;10;1;9
2269;Totaal mannen en vrouwen;0 tot 5 jaar;Buiten Nederlandse Cariben geboren;Sint Eustatius;2018;6;2;4
2270;Totaal mannen en vrouwen;0 tot 5 jaar;Buiten Nederlandse Cariben geboren;Sint Eustatius;2019;6;2;4
2271;Totaal mannen en vrouwen;0 tot 5 jaar;Buiten Nederlandse Cariben geboren;Sint Eustatius;2020;4;0;4
2272;Totaal mannen en vrouwen;0 tot 5 jaar;Buiten Nederlandse Cariben geboren;Sint Eustatius;2021;5;6;-1
2273;Totaal mannen en vrouwen;0 tot 5 jaar;Buiten Nederlandse Cariben geboren;Sint Eustatius;2022;11;1;10
2274;Totaal mannen en vrouwen;0 tot 5 jaar;Buiten Nederlandse Cariben geboren;Sint Eustatius;2023;2;5;-3
2275;Totaal mannen en vrouwen;0 tot 5 jaar;Buiten Nederlandse Cariben geboren;Saba;2011;11;4;7
2276;Totaal mannen en vrouwen;0 tot 5 jaar;Buiten Nederlandse Cariben geboren;Saba;2012;7;2;5
2277;Totaal mannen en vrouwen;0 tot 5 jaar;Buiten Nederlandse Cariben geboren;Saba;2013;9;4;5
2278;Totaal mannen en vrouwen;0 tot 5 jaar;Buiten Nederlandse Cariben geboren;Saba;2014;9;1;8
2279;Totaal mannen en vrouwen;0 tot 5 jaar;Buiten Nederlandse Cariben geboren;Saba;2015;7;0;7
2280;Totaal mannen en vrouwen;0 tot 5 jaar;Buiten Nederlandse Cariben geboren;Saba;2016;7;6;1
2281;Totaal mannen en vrouwen;0 tot 5 jaar;Buiten Nederlandse Cariben geboren;Saba;2017;7;0;7
2282;Totaal mannen en vrouwen;0 tot 5 jaar;Buiten Nederlandse Cariben geboren;Saba;2018;12;3;9
2283;Totaal mannen en vrouwen;0 tot 5 jaar;Buiten Nederlandse Cariben geboren;Saba;2019;6;4;2
2284;Totaal mannen en vrouwen;0 tot 5 jaar;Buiten Nederlandse Cariben geboren;Saba;2020;3;2;1
2285;Totaal mannen en vrouwen;0 tot 5 jaar;Buiten Nederlandse Cariben geboren;Saba;2021;4;4;0
2286;Totaal mannen en vrouwen;0 tot 5 jaar;Buiten Nederlandse Cariben geboren;Saba;2022;7;2;5
2287;Totaal mannen en vrouwen;0 tot 5 jaar;Buiten Nederlandse Cariben geboren;Saba;2023;10;1;9
2288;Totaal mannen en vrouwen;0 tot 5 jaar;Buiten Koninkrijk der Nederlanden gebo..;Caribisch Nederland;2011;23;7;16
2289;Totaal mannen en vrouwen;0 tot 5 jaar;Buiten Koninkrijk der Nederlanden gebo..;Caribisch Nederland;2012;25;5;20
2290;Totaal mannen en vrouwen;0 tot 5 jaar;Buiten Koninkrijk der Nederlanden gebo..;Caribisch Nederland;2013;31;10;21
2291;Totaal mannen en vrouwen;0 tot 5 jaar;Buiten Koninkrijk der Nederlanden gebo..;Caribisch Nederland;2014;27;5;22
2292;Totaal mannen en vrouwen;0 tot 5 jaar;Buiten Koninkrijk der Nederlanden gebo..;Caribisch Nederland;2015;29;4;25
2293;Totaal mannen en vrouwen;0 tot 5 jaar;Buiten Koninkrijk der Nederlanden gebo..;Caribisch Nederland;2016;24;11;13
2294;Totaal mannen en vrouwen;0 tot 5 jaar;Buiten Koninkrijk der Nederlanden gebo..;Caribisch Nederland;2017;39;5;34
2295;Totaal mannen en vrouwen;0 tot 5 jaar;Buiten Koninkrijk der Nederlanden gebo..;Caribisch Nederland;2018;37;7;30
2296;Totaal mannen en vrouwen;0 tot 5 jaar;Buiten Koninkrijk der Nederlanden gebo..;Caribisch Nederland;2019;17;8;9
2297;Totaal mannen en vrouwen;0 tot 5 jaar;Buiten Koninkrijk der Nederlanden gebo..;Caribisch Nederland;2020;18;2;16
2298;Totaal mannen en vrouwen;0 tot 5 jaar;Buiten Koninkrijk der Nederlanden gebo..;Caribisch Nederland;2021;14;8;6
2299;Totaal mannen en vrouwen;0 tot 5 jaar;Buiten Koninkrijk der Nederlanden gebo..;Caribisch Nederland;2022;39;4;35
2300;Totaal mannen en vrouwen;0 tot 5 jaar;Buiten Koninkrijk der Nederlanden gebo..;Caribisch Nederland;2023;31;7;24
2301;Totaal mannen en vrouwen;0 tot 5 jaar;Buiten Koninkrijk der Nederlanden gebo..;Bonaire;2011;11;2;9
2302;Totaal mannen en vrouwen;0 tot 5 jaar;Buiten Koninkrijk der Nederlanden gebo..;Bonaire;2012;15;2;13
2303;Totaal mannen en vrouwen;0 tot 5 jaar;Buiten Koninkrijk der Nederlanden gebo..;Bonaire;2013;18;3;15
2304;Totaal mannen en vrouwen;0 tot 5 jaar;Buiten Koninkrijk der Nederlanden gebo..;Bonaire;2014;17;3;14
2305;Totaal mannen en vrouwen;0 tot 5 jaar;Buiten Koninkrijk der Nederlanden gebo..;Bonaire;2015;22;1;21
2306;Totaal mannen en vrouwen;0 tot 5 jaar;Buiten Koninkrijk der Nederlanden gebo..;Bonaire;2016;17;5;12
2307;Totaal mannen en vrouwen;0 tot 5 jaar;Buiten Koninkrijk der Nederlanden gebo..;Bonaire;2017;28;5;23
2308;Totaal mannen en vrouwen;0 tot 5 jaar;Buiten Koninkrijk der Nederlanden gebo..;Bonaire;2018;21;4;17
2309;Totaal mannen en vrouwen;0 tot 5 jaar;Buiten Koninkrijk der Nederlanden gebo..;Bonaire;2019;7;4;3
2310;Totaal mannen en vrouwen;0 tot 5 jaar;Buiten Koninkrijk der Nederlanden gebo..;Bonaire;2020;16;2;14
2311;Totaal mannen en vrouwen;0 tot 5 jaar;Buiten Koninkrijk der Nederlanden gebo..;Bonaire;2021;8;4;4
2312;Totaal mannen en vrouwen;0 tot 5 jaar;Buiten Koninkrijk der Nederlanden gebo..;Bonaire;2022;21;1;20
2313;Totaal mannen en vrouwen;0 tot 5 jaar;Buiten Koninkrijk der Nederlanden gebo..;Bonaire;2023;27;1;26
2314;Totaal mannen en vrouwen;0 tot 5 jaar;Buiten Koninkrijk der Nederlanden gebo..;Sint Eustatius;2011;6;2;4
2315;Totaal mannen en vrouwen;0 tot 5 jaar;Buiten Koninkrijk der Nederlanden gebo..;Sint Eustatius;2012;4;1;3
2316;Totaal mannen en vrouwen;0 tot 5 jaar;Buiten Koninkrijk der Nederlanden gebo..;Sint Eustatius;2013;6;3;3
2317;Totaal mannen en vrouwen;0 tot 5 jaar;Buiten Koninkrijk der Nederlanden gebo..;Sint Eustatius;2014;4;1;3
2318;Totaal mannen en vrouwen;0 tot 5 jaar;Buiten Koninkrijk der Nederlanden gebo..;Sint Eustatius;2015;1;3;-2
2319;Totaal mannen en vrouwen;0 tot 5 jaar;Buiten Koninkrijk der Nederlanden gebo..;Sint Eustatius;2016;2;0;2
2320;Totaal mannen en vrouwen;0 tot 5 jaar;Buiten Koninkrijk der Nederlanden gebo..;Sint Eustatius;2017;5;0;5
2321;Totaal mannen en vrouwen;0 tot 5 jaar;Buiten Koninkrijk der Nederlanden gebo..;Sint Eustatius;2018;5;1;4
2322;Totaal mannen en vrouwen;0 tot 5 jaar;Buiten Koninkrijk der Nederlanden gebo..;Sint Eustatius;2019;4;2;2
2323;Totaal mannen en vrouwen;0 tot 5 jaar;Buiten Koninkrijk der Nederlanden gebo..;Sint Eustatius;2020;1;0;1
2324;Totaal mannen en vrouwen;0 tot 5 jaar;Buiten Koninkrijk der Nederlanden gebo..;Sint Eustatius;2021;2;0;2
2325;Totaal mannen en vrouwen;0 tot 5 jaar;Buiten Koninkrijk der Nederlanden gebo..;Sint Eustatius;2022;11;1;10
2326;Totaal mannen en vrouwen;0 tot 5 jaar;Buiten Koninkrijk der Nederlanden gebo..;Sint Eustatius;2023;1;5;-4
2327;Totaal mannen en vrouwen;0 tot 5 jaar;Buiten Koninkrijk der Nederlanden gebo..;Saba;2011;6;3;3
2328;Totaal mannen en vrouwen;0 tot 5 jaar;Buiten Koninkrijk der Nederlanden gebo..;Saba;2012;6;2;4
2329;Totaal mannen en vrouwen;0 tot 5 jaar;Buiten Koninkrijk der Nederlanden gebo..;Saba;2013;7;4;3
2330;Totaal mannen en vrouwen;0 tot 5 jaar;Buiten Koninkrijk der Nederlanden gebo..;Saba;2014;6;1;5
2331;Totaal mannen en vrouwen;0 tot 5 jaar;Buiten Koninkrijk der Nederlanden gebo..;Saba;2015;6;0;6
2332;Totaal mannen en vrouwen;0 tot 5 jaar;Buiten Koninkrijk der Nederlanden gebo..;Saba;2016;5;6;-1
2333;Totaal mannen en vrouwen;0 tot 5 jaar;Buiten Koninkrijk der Nederlanden gebo..;Saba;2017;6;0;6
2334;Totaal mannen en vrouwen;0 tot 5 jaar;Buiten Koninkrijk der Nederlanden gebo..;Saba;2018;11;2;9
2335;Totaal mannen en vrouwen;0 tot 5 jaar;Buiten Koninkrijk der Nederlanden gebo..;Saba;2019;6;2;4
2336;Totaal mannen en vrouwen;0 tot 5 jaar;Buiten Koninkrijk der Nederlanden gebo..;Saba;2020;1;0;1
2337;Totaal mannen en vrouwen;0 tot 5 jaar;Buiten Koninkrijk der Nederlanden gebo..;Saba;2021;4;4;0
2338;Totaal mannen en vrouwen;0 tot 5 jaar;Buiten Koninkrijk der Nederlanden gebo..;Saba;2022;7;2;5
2339;Totaal mannen en vrouwen;0 tot 5 jaar;Buiten Koninkrijk der Nederlanden gebo..;Saba;2023;3;1;2
2340;Totaal mannen en vrouwen;0 tot 5 jaar;Afrika;Caribisch Nederland;2011;0;0;0
2341;Totaal mannen en vrouwen;0 tot 5 jaar;Afrika;Caribisch Nederland;2012;0;0;0
2342;Totaal mannen en vrouwen;0 tot 5 jaar;Afrika;Caribisch Nederland;2013;1;0;1
2343;Totaal mannen en vrouwen;0 tot 5 jaar;Afrika;Caribisch Nederland;2014;0;0;0
2344;Totaal mannen en vrouwen;0 tot 5 jaar;Afrika;Caribisch Nederland;2015;0;0;0
2345;Totaal mannen en vrouwen;0 tot 5 jaar;Afrika;Caribisch Nederland;2016;0;0;0
2346;Totaal mannen en vrouwen;0 tot 5 jaar;Afrika;Caribisch Nederland;2017;0;0;0
2347;Totaal mannen en vrouwen;0 tot 5 jaar;Afrika;Caribisch Nederland;2018;0;0;0
2348;Totaal mannen en vrouwen;0 tot 5 jaar;Afrika;Caribisch Nederland;2019;0;0;0
2349;Totaal mannen en vrouwen;0 tot 5 jaar;Afrika;Caribisch Nederland;2020;0;0;0
2350;Totaal mannen en vrouwen;0 tot 5 jaar;Afrika;Caribisch Nederland;2021;0;0;0
2351;Totaal mannen en vrouwen;0 tot 5 jaar;Afrika;Caribisch Nederland;2022;0;0;0
2352;Totaal mannen en vrouwen;0 tot 5 jaar;Afrika;Caribisch Nederland;2023;0;0;0
2353;Totaal mannen en vrouwen;0 tot 5 jaar;Afrika;Bonaire;2011;0;0;0
2354;Totaal mannen en vrouwen;0 tot 5 jaar;Afrika;Bonaire;2012;0;0;0
2355;Totaal mannen en vrouwen;0 tot 5 jaar;Afrika;Bonaire;2013;1;0;1
2356;Totaal mannen en vrouwen;0 tot 5 jaar;Afrika;Bonaire;2014;0;0;0
2357;Totaal mannen en vrouwen;0 tot 5 jaar;Afrika;Bonaire;2015;0;0;0
2358;Totaal mannen en vrouwen;0 tot 5 jaar;Afrika;Bonaire;2016;0;0;0
2359;Totaal mannen en vrouwen;0 tot 5 jaar;Afrika;Bonaire;2017;0;0;0
2360;Totaal mannen en vrouwen;0 tot 5 jaar;Afrika;Bonaire;2018;0;0;0
2361;Totaal mannen en vrouwen;0 tot 5 jaar;Afrika;Bonaire;2019;0;0;0
2362;Totaal mannen en vrouwen;0 tot 5 jaar;Afrika;Bonaire;2020;0;0;0
2363;Totaal mannen en vrouwen;0 tot 5 jaar;Afrika;Bonaire;2021;0;0;0
2364;Totaal mannen en vrouwen;0 tot 5 jaar;Afrika;Bonaire;2022;0;0;0
2365;Totaal mannen en vrouwen;0 tot 5 jaar;Afrika;Bonaire;2023;0;0;0
2366;Totaal mannen en vrouwen;0 tot 5 jaar;Afrika;Sint Eustatius;2011;0;0;0
2367;Totaal mannen en vrouwen;0 tot 5 jaar;Afrika;Sint Eustatius;2012;0;0;0
2368;Totaal mannen en vrouwen;0 tot 5 jaar;Afrika;Sint Eustatius;2013;0;0;0
2369;Totaal mannen en vrouwen;0 tot 5 jaar;Afrika;Sint Eustatius;2014;0;0;0
2370;Totaal mannen en vrouwen;0 tot 5 jaar;Afrika;Sint Eustatius;2015;0;0;0
2371;Totaal mannen en vrouwen;0 tot 5 jaar;Afrika;Sint Eustatius;2016;0;0;0
2372;Totaal mannen en vrouwen;0 tot 5 jaar;Afrika;Sint Eustatius;2017;0;0;0
2373;Totaal mannen en vrouwen;0 tot 5 jaar;Afrika;Sint Eustatius;2018;0;0;0
2374;Totaal mannen en vrouwen;0 tot 5 jaar;Afrika;Sint Eustatius;2019;0;0;0
2375;Totaal mannen en vrouwen;0 tot 5 jaar;Afrika;Sint Eustatius;2020;0;0;0
2376;Totaal mannen en vrouwen;0 tot 5 jaar;Afrika;Sint Eustatius;2021;0;0;0
2377;Totaal mannen en vrouwen;0 tot 5 jaar;Afrika;Sint Eustatius;2022;0;0;0
2378;Totaal mannen en vrouwen;0 tot 5 jaar;Afrika;Sint Eustatius;2023;0;0;0
2379;Totaal mannen en vrouwen;0 tot 5 jaar;Afrika;Saba;2011;0;0;0
2380;Totaal mannen en vrouwen;0 tot 5 jaar;Afrika;Saba;2012;0;0;0
2381;Totaal mannen en vrouwen;0 tot 5 jaar;Afrika;Saba;2013;0;0;0
2382;Totaal mannen en vrouwen;0 tot 5 jaar;Afrika;Saba;2014;0;0;0
2383;Totaal mannen en vrouwen;0 tot 5 jaar;Afrika;Saba;2015;0;0;0
2384;Totaal mannen en vrouwen;0 tot 5 jaar;Afrika;Saba;2016;0;0;0
2385;Totaal mannen en vrouwen;0 tot 5 jaar;Afrika;Saba;2017;0;0;0
2386;Totaal mannen en vrouwen;0 tot 5 jaar;Afrika;Saba;2018;0;0;0
2387;Totaal mannen en vrouwen;0 tot 5 jaar;Afrika;Saba;2019;0;0;0
2388;Totaal mannen en vrouwen;0 tot 5 jaar;Afrika;Saba;2020;0;0;0
2389;Totaal mannen en vrouwen;0 tot 5 jaar;Afrika;Saba;2021;0;0;0
2390;Totaal mannen en vrouwen;0 tot 5 jaar;Afrika;Saba;2022;0;0;0
2391;Totaal mannen en vrouwen;0 tot 5 jaar;Afrika;Saba;2023;0;0;0
2392;Totaal mannen en vrouwen;0 tot 5 jaar;Amerika;Caribisch Nederland;2011;52;54;-2
2393;Totaal mannen en vrouwen;0 tot 5 jaar;Amerika;Caribisch Nederland;2012;70;42;28
2394;Totaal mannen en vrouwen;0 tot 5 jaar;Amerika;Caribisch Nederland;2013;76;42;34
2395;Totaal mannen en vrouwen;0 tot 5 jaar;Amerika;Caribisch Nederland;2014;57;40;17
2396;Totaal mannen en vrouwen;0 tot 5 jaar;Amerika;Caribisch Nederland;2015;66;30;36
2397;Totaal mannen en vrouwen;0 tot 5 jaar;Amerika;Caribisch Nederland;2016;43;52;-9
2398;Totaal mannen en vrouwen;0 tot 5 jaar;Amerika;Caribisch Nederland;2017;72;50;22
2399;Totaal mannen en vrouwen;0 tot 5 jaar;Amerika;Caribisch Nederland;2018;70;50;20
2400;Totaal mannen en vrouwen;0 tot 5 jaar;Amerika;Caribisch Nederland;2019;42;35;7
2401;Totaal mannen en vrouwen;0 tot 5 jaar;Amerika;Caribisch Nederland;2020;68;32;36
2402;Totaal mannen en vrouwen;0 tot 5 jaar;Amerika;Caribisch Nederland;2021;48;39;9
2403;Totaal mannen en vrouwen;0 tot 5 jaar;Amerika;Caribisch Nederland;2022;67;50;17
2404;Totaal mannen en vrouwen;0 tot 5 jaar;Amerika;Caribisch Nederland;2023;69;41;28
2405;Totaal mannen en vrouwen;0 tot 5 jaar;Amerika;Bonaire;2011;31;38;-7
2406;Totaal mannen en vrouwen;0 tot 5 jaar;Amerika;Bonaire;2012;51;32;19
2407;Totaal mannen en vrouwen;0 tot 5 jaar;Amerika;Bonaire;2013;53;29;24
2408;Totaal mannen en vrouwen;0 tot 5 jaar;Amerika;Bonaire;2014;38;30;8
2409;Totaal mannen en vrouwen;0 tot 5 jaar;Amerika;Bonaire;2015;53;22;31
2410;Totaal mannen en vrouwen;0 tot 5 jaar;Amerika;Bonaire;2016;30;39;-9
2411;Totaal mannen en vrouwen;0 tot 5 jaar;Amerika;Bonaire;2017;51;43;8
2412;Totaal mannen en vrouwen;0 tot 5 jaar;Amerika;Bonaire;2018;46;38;8
2413;Totaal mannen en vrouwen;0 tot 5 jaar;Amerika;Bonaire;2019;30;26;4
2414;Totaal mannen en vrouwen;0 tot 5 jaar;Amerika;Bonaire;2020;64;28;36
2415;Totaal mannen en vrouwen;0 tot 5 jaar;Amerika;Bonaire;2021;36;29;7
2416;Totaal mannen en vrouwen;0 tot 5 jaar;Amerika;Bonaire;2022;42;45;-3
2417;Totaal mannen en vrouwen;0 tot 5 jaar;Amerika;Bonaire;2023;51;28;23
2418;Totaal mannen en vrouwen;0 tot 5 jaar;Amerika;Sint Eustatius;2011;10;10;0
2419;Totaal mannen en vrouwen;0 tot 5 jaar;Amerika;Sint Eustatius;2012;11;6;5
2420;Totaal mannen en vrouwen;0 tot 5 jaar;Amerika;Sint Eustatius;2013;15;9;6
2421;Totaal mannen en vrouwen;0 tot 5 jaar;Amerika;Sint Eustatius;2014;9;5;4
2422;Totaal mannen en vrouwen;0 tot 5 jaar;Amerika;Sint Eustatius;2015;7;8;-1
2423;Totaal mannen en vrouwen;0 tot 5 jaar;Amerika;Sint Eustatius;2016;7;6;1
2424;Totaal mannen en vrouwen;0 tot 5 jaar;Amerika;Sint Eustatius;2017;11;5;6
2425;Totaal mannen en vrouwen;0 tot 5 jaar;Amerika;Sint Eustatius;2018;12;8;4
2426;Totaal mannen en vrouwen;0 tot 5 jaar;Amerika;Sint Eustatius;2019;5;4;1
2427;Totaal mannen en vrouwen;0 tot 5 jaar;Amerika;Sint Eustatius;2020;2;4;-2
2428;Totaal mannen en vrouwen;0 tot 5 jaar;Amerika;Sint Eustatius;2021;5;5;0
2429;Totaal mannen en vrouwen;0 tot 5 jaar;Amerika;Sint Eustatius;2022;15;2;13
2430;Totaal mannen en vrouwen;0 tot 5 jaar;Amerika;Sint Eustatius;2023;5;11;-6
2431;Totaal mannen en vrouwen;0 tot 5 jaar;Amerika;Saba;2011;11;6;5
2432;Totaal mannen en vrouwen;0 tot 5 jaar;Amerika;Saba;2012;8;4;4
2433;Totaal mannen en vrouwen;0 tot 5 jaar;Amerika;Saba;2013;8;4;4
2434;Totaal mannen en vrouwen;0 tot 5 jaar;Amerika;Saba;2014;10;5;5
2435;Totaal mannen en vrouwen;0 tot 5 jaar;Amerika;Saba;2015;6;0;6
2436;Totaal mannen en vrouwen;0 tot 5 jaar;Amerika;Saba;2016;6;7;-1
2437;Totaal mannen en vrouwen;0 tot 5 jaar;Amerika;Saba;2017;10;2;8
2438;Totaal mannen en vrouwen;0 tot 5 jaar;Amerika;Saba;2018;12;4;8
2439;Totaal mannen en vrouwen;0 tot 5 jaar;Amerika;Saba;2019;7;5;2
2440;Totaal mannen en vrouwen;0 tot 5 jaar;Amerika;Saba;2020;2;0;2
2441;Totaal mannen en vrouwen;0 tot 5 jaar;Amerika;Saba;2021;7;5;2
2442;Totaal mannen en vrouwen;0 tot 5 jaar;Amerika;Saba;2022;10;3;7
2443;Totaal mannen en vrouwen;0 tot 5 jaar;Amerika;Saba;2023;13;2;11
2444;Totaal mannen en vrouwen;0 tot 5 jaar;Azië;Caribisch Nederland;2011;1;0;1
2445;Totaal mannen en vrouwen;0 tot 5 jaar;Azië;Caribisch Nederland;2012;0;0;0
2446;Totaal mannen en vrouwen;0 tot 5 jaar;Azië;Caribisch Nederland;2013;1;1;0
2447;Totaal mannen en vrouwen;0 tot 5 jaar;Azië;Caribisch Nederland;2014;0;0;0
2448;Totaal mannen en vrouwen;0 tot 5 jaar;Azië;Caribisch Nederland;2015;0;0;0
2449;Totaal mannen en vrouwen;0 tot 5 jaar;Azië;Caribisch Nederland;2016;0;1;-1
2450;Totaal mannen en vrouwen;0 tot 5 jaar;Azië;Caribisch Nederland;2017;3;0;3
2451;Totaal mannen en vrouwen;0 tot 5 jaar;Azië;Caribisch Nederland;2018;2;0;2
2452;Totaal mannen en vrouwen;0 tot 5 jaar;Azië;Caribisch Nederland;2019;1;0;1
2453;Totaal mannen en vrouwen;0 tot 5 jaar;Azië;Caribisch Nederland;2020;1;0;1
2454;Totaal mannen en vrouwen;0 tot 5 jaar;Azië;Caribisch Nederland;2021;1;0;1
2455;Totaal mannen en vrouwen;0 tot 5 jaar;Azië;Caribisch Nederland;2022;0;0;0
2456;Totaal mannen en vrouwen;0 tot 5 jaar;Azië;Caribisch Nederland;2023;0;0;0
2457;Totaal mannen en vrouwen;0 tot 5 jaar;Azië;Bonaire;2011;0;0;0
2458;Totaal mannen en vrouwen;0 tot 5 jaar;Azië;Bonaire;2012;0;0;0
2459;Totaal mannen en vrouwen;0 tot 5 jaar;Azië;Bonaire;2013;0;0;0
2460;Totaal mannen en vrouwen;0 tot 5 jaar;Azië;Bonaire;2014;0;0;0
2461;Totaal mannen en vrouwen;0 tot 5 jaar;Azië;Bonaire;2015;0;0;0
2462;Totaal mannen en vrouwen;0 tot 5 jaar;Azië;Bonaire;2016;0;0;0
2463;Totaal mannen en vrouwen;0 tot 5 jaar;Azië;Bonaire;2017;3;0;3
2464;Totaal mannen en vrouwen;0 tot 5 jaar;Azië;Bonaire;2018;0;0;0
2465;Totaal mannen en vrouwen;0 tot 5 jaar;Azië;Bonaire;2019;0;0;0
2466;Totaal mannen en vrouwen;0 tot 5 jaar;Azië;Bonaire;2020;1;0;1
2467;Totaal mannen en vrouwen;0 tot 5 jaar;Azië;Bonaire;2021;1;0;1
2468;Totaal mannen en vrouwen;0 tot 5 jaar;Azië;Bonaire;2022;0;0;0
2469;Totaal mannen en vrouwen;0 tot 5 jaar;Azië;Bonaire;2023;0;0;0
2470;Totaal mannen en vrouwen;0 tot 5 jaar;Azië;Sint Eustatius;2011;0;0;0
2471;Totaal mannen en vrouwen;0 tot 5 jaar;Azië;Sint Eustatius;2012;0;0;0
2472;Totaal mannen en vrouwen;0 tot 5 jaar;Azië;Sint Eustatius;2013;0;0;0
2473;Totaal mannen en vrouwen;0 tot 5 jaar;Azië;Sint Eustatius;2014;0;0;0
2474;Totaal mannen en vrouwen;0 tot 5 jaar;Azië;Sint Eustatius;2015;0;0;0
2475;Totaal mannen en vrouwen;0 tot 5 jaar;Azië;Sint Eustatius;2016;0;0;0
2476;Totaal mannen en vrouwen;0 tot 5 jaar;Azië;Sint Eustatius;2017;0;0;0
2477;Totaal mannen en vrouwen;0 tot 5 jaar;Azië;Sint Eustatius;2018;0;0;0
2478;Totaal mannen en vrouwen;0 tot 5 jaar;Azië;Sint Eustatius;2019;1;0;1
2479;Totaal mannen en vrouwen;0 tot 5 jaar;Azië;Sint Eustatius;2020;0;0;0
2480;Totaal mannen en vrouwen;0 tot 5 jaar;Azië;Sint Eustatius;2021;0;0;0
2481;Totaal mannen en vrouwen;0 tot 5 jaar;Azië;Sint Eustatius;2022;0;0;0
2482;Totaal mannen en vrouwen;0 tot 5 jaar;Azië;Sint Eustatius;2023;0;0;0
2483;Totaal mannen en vrouwen;0 tot 5 jaar;Azië;Saba;2011;1;0;1
2484;Totaal mannen en vrouwen;0 tot 5 jaar;Azië;Saba;2012;0;0;0
2485;Totaal mannen en vrouwen;0 tot 5 jaar;Azië;Saba;2013;1;1;0
2486;Totaal mannen en vrouwen;0 tot 5 jaar;Azië;Saba;2014;0;0;0
2487;Totaal mannen en vrouwen;0 tot 5 jaar;Azië;Saba;2015;0;0;0
2488;Totaal mannen en vrouwen;0 tot 5 jaar;Azië;Saba;2016;0;1;-1
2489;Totaal mannen en vrouwen;0 tot 5 jaar;Azië;Saba;2017;0;0;0
2490;Totaal mannen en vrouwen;0 tot 5 jaar;Azië;Saba;2018;2;0;2
2491;Totaal mannen en vrouwen;0 tot 5 jaar;Azië;Saba;2019;0;0;0
2492;Totaal mannen en vrouwen;0 tot 5 jaar;Azië;Saba;2020;0;0;0
2493;Totaal mannen en vrouwen;0 tot 5 jaar;Azië;Saba;2021;0;0;0
2494;Totaal mannen en vrouwen;0 tot 5 jaar;Azië;Saba;2022;0;0;0
2495;Totaal mannen en vrouwen;0 tot 5 jaar;Azië;Saba;2023;0;0;0
2496;Totaal mannen en vrouwen;0 tot 5 jaar;Europa (inclusief Nederland);Caribisch Nederland;2011;69;19;50
2497;Totaal mannen en vrouwen;0 tot 5 jaar;Europa (inclusief Nederland);Caribisch Nederland;2012;40;12;28
2498;Totaal mannen en vrouwen;0 tot 5 jaar;Europa (inclusief Nederland);Caribisch Nederland;2013;45;14;31
2499;Totaal mannen en vrouwen;0 tot 5 jaar;Europa (inclusief Nederland);Caribisch Nederland;2014;53;14;39
2500;Totaal mannen en vrouwen;0 tot 5 jaar;Europa (inclusief Nederland);Caribisch Nederland;2015;34;14;20
2501;Totaal mannen en vrouwen;0 tot 5 jaar;Europa (inclusief Nederland);Caribisch Nederland;2016;38;18;20
2502;Totaal mannen en vrouwen;0 tot 5 jaar;Europa (inclusief Nederland);Caribisch Nederland;2017;38;9;29
2503;Totaal mannen en vrouwen;0 tot 5 jaar;Europa (inclusief Nederland);Caribisch Nederland;2018;23;14;9
2504;Totaal mannen en vrouwen;0 tot 5 jaar;Europa (inclusief Nederland);Caribisch Nederland;2019;24;8;16
2505;Totaal mannen en vrouwen;0 tot 5 jaar;Europa (inclusief Nederland);Caribisch Nederland;2020;32;14;18
2506;Totaal mannen en vrouwen;0 tot 5 jaar;Europa (inclusief Nederland);Caribisch Nederland;2021;36;14;22
2507;Totaal mannen en vrouwen;0 tot 5 jaar;Europa (inclusief Nederland);Caribisch Nederland;2022;40;14;26
2508;Totaal mannen en vrouwen;0 tot 5 jaar;Europa (inclusief Nederland);Caribisch Nederland;2023;29;10;19
2509;Totaal mannen en vrouwen;0 tot 5 jaar;Europa (inclusief Nederland);Bonaire;2011;55;12;43
2510;Totaal mannen en vrouwen;0 tot 5 jaar;Europa (inclusief Nederland);Bonaire;2012;37;10;27
2511;Totaal mannen en vrouwen;0 tot 5 jaar;Europa (inclusief Nederland);Bonaire;2013;34;13;21
2512;Totaal mannen en vrouwen;0 tot 5 jaar;Europa (inclusief Nederland);Bonaire;2014;43;12;31
2513;Totaal mannen en vrouwen;0 tot 5 jaar;Europa (inclusief Nederland);Bonaire;2015;31;13;18
2514;Totaal mannen en vrouwen;0 tot 5 jaar;Europa (inclusief Nederland);Bonaire;2016;31;15;16
2515;Totaal mannen en vrouwen;0 tot 5 jaar;Europa (inclusief Nederland);Bonaire;2017;32;8;24
2516;Totaal mannen en vrouwen;0 tot 5 jaar;Europa (inclusief Nederland);Bonaire;2018;19;12;7
2517;Totaal mannen en vrouwen;0 tot 5 jaar;Europa (inclusief Nederland);Bonaire;2019;22;6;16
2518;Totaal mannen en vrouwen;0 tot 5 jaar;Europa (inclusief Nederland);Bonaire;2020;27;12;15
2519;Totaal mannen en vrouwen;0 tot 5 jaar;Europa (inclusief Nederland);Bonaire;2021;32;8;24
2520;Totaal mannen en vrouwen;0 tot 5 jaar;Europa (inclusief Nederland);Bonaire;2022;40;13;27
2521;Totaal mannen en vrouwen;0 tot 5 jaar;Europa (inclusief Nederland);Bonaire;2023;21;10;11
2522;Totaal mannen en vrouwen;0 tot 5 jaar;Europa (inclusief Nederland);Sint Eustatius;2011;9;6;3
2523;Totaal mannen en vrouwen;0 tot 5 jaar;Europa (inclusief Nederland);Sint Eustatius;2012;2;2;0
2524;Totaal mannen en vrouwen;0 tot 5 jaar;Europa (inclusief Nederland);Sint Eustatius;2013;8;1;7
2525;Totaal mannen en vrouwen;0 tot 5 jaar;Europa (inclusief Nederland);Sint Eustatius;2014;6;1;5
2526;Totaal mannen en vrouwen;0 tot 5 jaar;Europa (inclusief Nederland);Sint Eustatius;2015;1;1;0
2527;Totaal mannen en vrouwen;0 tot 5 jaar;Europa (inclusief Nederland);Sint Eustatius;2016;5;1;4
2528;Totaal mannen en vrouwen;0 tot 5 jaar;Europa (inclusief Nederland);Sint Eustatius;2017;5;1;4
2529;Totaal mannen en vrouwen;0 tot 5 jaar;Europa (inclusief Nederland);Sint Eustatius;2018;1;1;0
2530;Totaal mannen en vrouwen;0 tot 5 jaar;Europa (inclusief Nederland);Sint Eustatius;2019;2;0;2
2531;Totaal mannen en vrouwen;0 tot 5 jaar;Europa (inclusief Nederland);Sint Eustatius;2020;3;0;3
2532;Totaal mannen en vrouwen;0 tot 5 jaar;Europa (inclusief Nederland);Sint Eustatius;2021;3;6;-3
2533;Totaal mannen en vrouwen;0 tot 5 jaar;Europa (inclusief Nederland);Sint Eustatius;2022;0;0;0
2534;Totaal mannen en vrouwen;0 tot 5 jaar;Europa (inclusief Nederland);Sint Eustatius;2023;1;0;1
2535;Totaal mannen en vrouwen;0 tot 5 jaar;Europa (inclusief Nederland);Saba;2011;5;1;4
2536;Totaal mannen en vrouwen;0 tot 5 jaar;Europa (inclusief Nederland);Saba;2012;1;0;1
2537;Totaal mannen en vrouwen;0 tot 5 jaar;Europa (inclusief Nederland);Saba;2013;3;0;3
2538;Totaal mannen en vrouwen;0 tot 5 jaar;Europa (inclusief Nederland);Saba;2014;4;1;3
2539;Totaal mannen en vrouwen;0 tot 5 jaar;Europa (inclusief Nederland);Saba;2015;2;0;2
2540;Totaal mannen en vrouwen;0 tot 5 jaar;Europa (inclusief Nederland);Saba;2016;2;2;0
2541;Totaal mannen en vrouwen;0 tot 5 jaar;Europa (inclusief Nederland);Saba;2017;1;0;1
2542;Totaal mannen en vrouwen;0 tot 5 jaar;Europa (inclusief Nederland);Saba;2018;3;1;2
2543;Totaal mannen en vrouwen;0 tot 5 jaar;Europa (inclusief Nederland);Saba;2019;0;2;-2
2544;Totaal mannen en vrouwen;0 tot 5 jaar;Europa (inclusief Nederland);Saba;2020;2;2;0
2545;Totaal mannen en vrouwen;0 tot 5 jaar;Europa (inclusief Nederland);Saba;2021;1;0;1
2546;Totaal mannen en vrouwen;0 tot 5 jaar;Europa (inclusief Nederland);Saba;2022;0;1;-1
2547;Totaal mannen en vrouwen;0 tot 5 jaar;Europa (inclusief Nederland);Saba;2023;7;0;7
2548;Totaal mannen en vrouwen;0 tot 5 jaar;Europa (exclusief Nederland);Caribisch Nederland;2011;4;0;4
2549;Totaal mannen en vrouwen;0 tot 5 jaar;Europa (exclusief Nederland);Caribisch Nederland;2012;3;1;2
2550;Totaal mannen en vrouwen;0 tot 5 jaar;Europa (exclusief Nederland);Caribisch Nederland;2013;4;1;3
2551;Totaal mannen en vrouwen;0 tot 5 jaar;Europa (exclusief Nederland);Caribisch Nederland;2014;4;2;2
2552;Totaal mannen en vrouwen;0 tot 5 jaar;Europa (exclusief Nederland);Caribisch Nederland;2015;1;0;1
2553;Totaal mannen en vrouwen;0 tot 5 jaar;Europa (exclusief Nederland);Caribisch Nederland;2016;3;3;0
2554;Totaal mannen en vrouwen;0 tot 5 jaar;Europa (exclusief Nederland);Caribisch Nederland;2017;2;2;0
2555;Totaal mannen en vrouwen;0 tot 5 jaar;Europa (exclusief Nederland);Caribisch Nederland;2018;3;0;3
2556;Totaal mannen en vrouwen;0 tot 5 jaar;Europa (exclusief Nederland);Caribisch Nederland;2019;3;1;2
2557;Totaal mannen en vrouwen;0 tot 5 jaar;Europa (exclusief Nederland);Caribisch Nederland;2020;0;0;0
2558;Totaal mannen en vrouwen;0 tot 5 jaar;Europa (exclusief Nederland);Caribisch Nederland;2021;3;0;3
2559;Totaal mannen en vrouwen;0 tot 5 jaar;Europa (exclusief Nederland);Caribisch Nederland;2022;6;2;4
2560;Totaal mannen en vrouwen;0 tot 5 jaar;Europa (exclusief Nederland);Caribisch Nederland;2023;0;0;0
2561;Totaal mannen en vrouwen;0 tot 5 jaar;Europa (exclusief Nederland);Bonaire;2011;4;0;4
2562;Totaal mannen en vrouwen;0 tot 5 jaar;Europa (exclusief Nederland);Bonaire;2012;3;0;3
2563;Totaal mannen en vrouwen;0 tot 5 jaar;Europa (exclusief Nederland);Bonaire;2013;3;1;2
2564;Totaal mannen en vrouwen;0 tot 5 jaar;Europa (exclusief Nederland);Bonaire;2014;2;1;1
2565;Totaal mannen en vrouwen;0 tot 5 jaar;Europa (exclusief Nederland);Bonaire;2015;0;0;0
2566;Totaal mannen en vrouwen;0 tot 5 jaar;Europa (exclusief Nederland);Bonaire;2016;3;1;2
2567;Totaal mannen en vrouwen;0 tot 5 jaar;Europa (exclusief Nederland);Bonaire;2017;2;2;0
2568;Totaal mannen en vrouwen;0 tot 5 jaar;Europa (exclusief Nederland);Bonaire;2018;1;0;1
2569;Totaal mannen en vrouwen;0 tot 5 jaar;Europa (exclusief Nederland);Bonaire;2019;3;1;2
2570;Totaal mannen en vrouwen;0 tot 5 jaar;Europa (exclusief Nederland);Bonaire;2020;0;0;0
2571;Totaal mannen en vrouwen;0 tot 5 jaar;Europa (exclusief Nederland);Bonaire;2021;2;0;2
2572;Totaal mannen en vrouwen;0 tot 5 jaar;Europa (exclusief Nederland);Bonaire;2022;6;1;5
2573;Totaal mannen en vrouwen;0 tot 5 jaar;Europa (exclusief Nederland);Bonaire;2023;0;0;0
2574;Totaal mannen en vrouwen;0 tot 5 jaar;Europa (exclusief Nederland);Sint Eustatius;2011;0;0;0
2575;Totaal mannen en vrouwen;0 tot 5 jaar;Europa (exclusief Nederland);Sint Eustatius;2012;0;1;-1
2576;Totaal mannen en vrouwen;0 tot 5 jaar;Europa (exclusief Nederland);Sint Eustatius;2013;0;0;0
2577;Totaal mannen en vrouwen;0 tot 5 jaar;Europa (exclusief Nederland);Sint Eustatius;2014;1;0;1
2578;Totaal mannen en vrouwen;0 tot 5 jaar;Europa (exclusief Nederland);Sint Eustatius;2015;0;0;0
2579;Totaal mannen en vrouwen;0 tot 5 jaar;Europa (exclusief Nederland);Sint Eustatius;2016;0;0;0
2580;Totaal mannen en vrouwen;0 tot 5 jaar;Europa (exclusief Nederland);Sint Eustatius;2017;0;0;0
2581;Totaal mannen en vrouwen;0 tot 5 jaar;Europa (exclusief Nederland);Sint Eustatius;2018;0;0;0
2582;Totaal mannen en vrouwen;0 tot 5 jaar;Europa (exclusief Nederland);Sint Eustatius;2019;0;0;0
2583;Totaal mannen en vrouwen;0 tot 5 jaar;Europa (exclusief Nederland);Sint Eustatius;2020;0;0;0
2584;Totaal mannen en vrouwen;0 tot 5 jaar;Europa (exclusief Nederland);Sint Eustatius;2021;0;0;0
2585;Totaal mannen en vrouwen;0 tot 5 jaar;Europa (exclusief Nederland);Sint Eustatius;2022;0;0;0
2586;Totaal mannen en vrouwen;0 tot 5 jaar;Europa (exclusief Nederland);Sint Eustatius;2023;0;0;0
2587;Totaal mannen en vrouwen;0 tot 5 jaar;Europa (exclusief Nederland);Saba;2011;0;0;0
2588;Totaal mannen en vrouwen;0 tot 5 jaar;Europa (exclusief Nederland);Saba;2012;0;0;0
2589;Totaal mannen en vrouwen;0 tot 5 jaar;Europa (exclusief Nederland);Saba;2013;1;0;1
2590;Totaal mannen en vrouwen;0 tot 5 jaar;Europa (exclusief Nederland);Saba;2014;1;1;0
2591;Totaal mannen en vrouwen;0 tot 5 jaar;Europa (exclusief Nederland);Saba;2015;1;0;1
2592;Totaal mannen en vrouwen;0 tot 5 jaar;Europa (exclusief Nederland);Saba;2016;0;2;-2
2593;Totaal mannen en vrouwen;0 tot 5 jaar;Europa (exclusief Nederland);Saba;2017;0;0;0
2594;Totaal mannen en vrouwen;0 tot 5 jaar;Europa (exclusief Nederland);Saba;2018;2;0;2
2595;Totaal mannen en vrouwen;0 tot 5 jaar;Europa (exclusief Nederland);Saba;2019;0;0;0
2596;Totaal mannen en vrouwen;0 tot 5 jaar;Europa (exclusief Nederland);Saba;2020;0;0;0
2597;Totaal mannen en vrouwen;0 tot 5 jaar;Europa (exclusief Nederland);Saba;2021;1;0;1
2598;Totaal mannen en vrouwen;0 tot 5 jaar;Europa (exclusief Nederland);Saba;2022;0;1;-1
2599;Totaal mannen en vrouwen;0 tot 5 jaar;Europa (exclusief Nederland);Saba;2023;0;0;0
2600;Totaal mannen en vrouwen;0 tot 5 jaar;Oceanië;Caribisch Nederland;2011;0;0;0
2601;Totaal mannen en vrouwen;0 tot 5 jaar;Oceanië;Caribisch Nederland;2012;0;0;0
2602;Totaal mannen en vrouwen;0 tot 5 jaar;Oceanië;Caribisch Nederland;2013;0;0;0
2603;Totaal mannen en vrouwen;0 tot 5 jaar;Oceanië;Caribisch Nederland;2014;0;0;0
2604;Totaal mannen en vrouwen;0 tot 5 jaar;Oceanië;Caribisch Nederland;2015;0;0;0
2605;Totaal mannen en vrouwen;0 tot 5 jaar;Oceanië;Caribisch Nederland;2016;0;0;0
2606;Totaal mannen en vrouwen;0 tot 5 jaar;Oceanië;Caribisch Nederland;2017;0;0;0
2607;Totaal mannen en vrouwen;0 tot 5 jaar;Oceanië;Caribisch Nederland;2018;0;0;0
2608;Totaal mannen en vrouwen;0 tot 5 jaar;Oceanië;Caribisch Nederland;2019;0;0;0
2609;Totaal mannen en vrouwen;0 tot 5 jaar;Oceanië;Caribisch Nederland;2020;2;0;2
2610;Totaal mannen en vrouwen;0 tot 5 jaar;Oceanië;Caribisch Nederland;2021;0;1;-1
2611;Totaal mannen en vrouwen;0 tot 5 jaar;Oceanië;Caribisch Nederland;2022;1;1;0
2612;Totaal mannen en vrouwen;0 tot 5 jaar;Oceanië;Caribisch Nederland;2023;0;1;-1
2613;Totaal mannen en vrouwen;0 tot 5 jaar;Oceanië;Bonaire;2011;0;0;0
2614;Totaal mannen en vrouwen;0 tot 5 jaar;Oceanië;Bonaire;2012;0;0;0
2615;Totaal mannen en vrouwen;0 tot 5 jaar;Oceanië;Bonaire;2013;0;0;0
2616;Totaal mannen en vrouwen;0 tot 5 jaar;Oceanië;Bonaire;2014;0;0;0
2617;Totaal mannen en vrouwen;0 tot 5 jaar;Oceanië;Bonaire;2015;0;0;0
2618;Totaal mannen en vrouwen;0 tot 5 jaar;Oceanië;Bonaire;2016;0;0;0
2619;Totaal mannen en vrouwen;0 tot 5 jaar;Oceanië;Bonaire;2017;0;0;0
2620;Totaal mannen en vrouwen;0 tot 5 jaar;Oceanië;Bonaire;2018;0;0;0
2621;Totaal mannen en vrouwen;0 tot 5 jaar;Oceanië;Bonaire;2019;0;0;0
2622;Totaal mannen en vrouwen;0 tot 5 jaar;Oceanië;Bonaire;2020;1;0;1
2623;Totaal mannen en vrouwen;0 tot 5 jaar;Oceanië;Bonaire;2021;0;1;-1
2624;Totaal mannen en vrouwen;0 tot 5 jaar;Oceanië;Bonaire;2022;1;0;1
2625;Totaal mannen en vrouwen;0 tot 5 jaar;Oceanië;Bonaire;2023;0;1;-1
2626;Totaal mannen en vrouwen;0 tot 5 jaar;Oceanië;Sint Eustatius;2011;0;0;0
2627;Totaal mannen en vrouwen;0 tot 5 jaar;Oceanië;Sint Eustatius;2012;0;0;0
2628;Totaal mannen en vrouwen;0 tot 5 jaar;Oceanië;Sint Eustatius;2013;0;0;0
2629;Totaal mannen en vrouwen;0 tot 5 jaar;Oceanië;Sint Eustatius;2014;0;0;0
2630;Totaal mannen en vrouwen;0 tot 5 jaar;Oceanië;Sint Eustatius;2015;0;0;0
2631;Totaal mannen en vrouwen;0 tot 5 jaar;Oceanië;Sint Eustatius;2016;0;0;0
2632;Totaal mannen en vrouwen;0 tot 5 jaar;Oceanië;Sint Eustatius;2017;0;0;0
2633;Totaal mannen en vrouwen;0 tot 5 jaar;Oceanië;Sint Eustatius;2018;0;0;0
2634;Totaal mannen en vrouwen;0 tot 5 jaar;Oceanië;Sint Eustatius;2019;0;0;0
2635;Totaal mannen en vrouwen;0 tot 5 jaar;Oceanië;Sint Eustatius;2020;0;0;0
2636;Totaal mannen en vrouwen;0 tot 5 jaar;Oceanië;Sint Eustatius;2021;0;0;0
2637;Totaal mannen en vrouwen;0 tot 5 jaar;Oceanië;Sint Eustatius;2022;0;0;0
2638;Totaal mannen en vrouwen;0 tot 5 jaar;Oceanië;Sint Eustatius;2023;0;0;0
2639;Totaal mannen en vrouwen;0 tot 5 jaar;Oceanië;Saba;2011;0;0;0
2640;Totaal mannen en vrouwen;0 tot 5 jaar;Oceanië;Saba;2012;0;0;0
2641;Totaal mannen en vrouwen;0 tot 5 jaar;Oceanië;Saba;2013;0;0;0
2642;Totaal mannen en vrouwen;0 tot 5 jaar;Oceanië;Saba;2014;0;0;0
2643;Totaal mannen en vrouwen;0 tot 5 jaar;Oceanië;Saba;2015;0;0;0
2644;Totaal mannen en vrouwen;0 tot 5 jaar;Oceanië;Saba;2016;0;0;0
2645;Totaal mannen en vrouwen;0 tot 5 jaar;Oceanië;Saba;2017;0;0;0
2646;Totaal mannen en vrouwen;0 tot 5 jaar;Oceanië;Saba;2018;0;0;0
2647;Totaal mannen en vrouwen;0 tot 5 jaar;Oceanië;Saba;2019;0;0;0
2648;Totaal mannen en vrouwen;0 tot 5 jaar;Oceanië;Saba;2020;1;0;1
2649;Totaal mannen en vrouwen;0 tot 5 jaar;Oceanië;Saba;2021;0;0;0
2650;Totaal mannen en vrouwen;0 tot 5 jaar;Oceanië;Saba;2022;0;1;-1
2651;Totaal mannen en vrouwen;0 tot 5 jaar;Oceanië;Saba;2023;0;0;0
2652;Totaal mannen en vrouwen;0 tot 5 jaar;Midden- en Zuid-Amerika;Caribisch Nederland;2011;39;49;-10
2653;Totaal mannen en vrouwen;0 tot 5 jaar;Midden- en Zuid-Amerika;Caribisch Nederland;2012;60;38;22
2654;Totaal mannen en vrouwen;0 tot 5 jaar;Midden- en Zuid-Amerika;Caribisch Nederland;2013;66;36;30
2655;Totaal mannen en vrouwen;0 tot 5 jaar;Midden- en Zuid-Amerika;Caribisch Nederland;2014;50;38;12
2656;Totaal mannen en vrouwen;0 tot 5 jaar;Midden- en Zuid-Amerika;Caribisch Nederland;2015;60;27;33
2657;Totaal mannen en vrouwen;0 tot 5 jaar;Midden- en Zuid-Amerika;Caribisch Nederland;2016;38;50;-12
2658;Totaal mannen en vrouwen;0 tot 5 jaar;Midden- en Zuid-Amerika;Caribisch Nederland;2017;65;50;15
2659;Totaal mannen en vrouwen;0 tot 5 jaar;Midden- en Zuid-Amerika;Caribisch Nederland;2018;60;49;11
2660;Totaal mannen en vrouwen;0 tot 5 jaar;Midden- en Zuid-Amerika;Caribisch Nederland;2019;38;31;7
2661;Totaal mannen en vrouwen;0 tot 5 jaar;Midden- en Zuid-Amerika;Caribisch Nederland;2020;67;32;35
2662;Totaal mannen en vrouwen;0 tot 5 jaar;Midden- en Zuid-Amerika;Caribisch Nederland;2021;46;35;11
2663;Totaal mannen en vrouwen;0 tot 5 jaar;Midden- en Zuid-Amerika;Caribisch Nederland;2022;61;49;12
2664;Totaal mannen en vrouwen;0 tot 5 jaar;Midden- en Zuid-Amerika;Caribisch Nederland;2023;67;37;30
2665;Totaal mannen en vrouwen;0 tot 5 jaar;Midden- en Zuid-Amerika;Bonaire;2011;26;37;-11
2666;Totaal mannen en vrouwen;0 tot 5 jaar;Midden- en Zuid-Amerika;Bonaire;2012;49;30;19
2667;Totaal mannen en vrouwen;0 tot 5 jaar;Midden- en Zuid-Amerika;Bonaire;2013;49;29;20
2668;Totaal mannen en vrouwen;0 tot 5 jaar;Midden- en Zuid-Amerika;Bonaire;2014;35;29;6
2669;Totaal mannen en vrouwen;0 tot 5 jaar;Midden- en Zuid-Amerika;Bonaire;2015;50;22;28
2670;Totaal mannen en vrouwen;0 tot 5 jaar;Midden- en Zuid-Amerika;Bonaire;2016;29;39;-10
2671;Totaal mannen en vrouwen;0 tot 5 jaar;Midden- en Zuid-Amerika;Bonaire;2017;48;43;5
2672;Totaal mannen en vrouwen;0 tot 5 jaar;Midden- en Zuid-Amerika;Bonaire;2018;46;38;8
2673;Totaal mannen en vrouwen;0 tot 5 jaar;Midden- en Zuid-Amerika;Bonaire;2019;29;26;3
2674;Totaal mannen en vrouwen;0 tot 5 jaar;Midden- en Zuid-Amerika;Bonaire;2020;63;28;35
2675;Totaal mannen en vrouwen;0 tot 5 jaar;Midden- en Zuid-Amerika;Bonaire;2021;36;29;7
2676;Totaal mannen en vrouwen;0 tot 5 jaar;Midden- en Zuid-Amerika;Bonaire;2022;42;45;-3
2677;Totaal mannen en vrouwen;0 tot 5 jaar;Midden- en Zuid-Amerika;Bonaire;2023;50;28;22
2678;Totaal mannen en vrouwen;0 tot 5 jaar;Midden- en Zuid-Amerika;Sint Eustatius;2011;6;8;-2
2679;Totaal mannen en vrouwen;0 tot 5 jaar;Midden- en Zuid-Amerika;Sint Eustatius;2012;8;6;2
2680;Totaal mannen en vrouwen;0 tot 5 jaar;Midden- en Zuid-Amerika;Sint Eustatius;2013;10;6;4
2681;Totaal mannen en vrouwen;0 tot 5 jaar;Midden- en Zuid-Amerika;Sint Eustatius;2014;8;4;4
2682;Totaal mannen en vrouwen;0 tot 5 jaar;Midden- en Zuid-Amerika;Sint Eustatius;2015;7;5;2
2683;Totaal mannen en vrouwen;0 tot 5 jaar;Midden- en Zuid-Amerika;Sint Eustatius;2016;7;6;1
2684;Totaal mannen en vrouwen;0 tot 5 jaar;Midden- en Zuid-Amerika;Sint Eustatius;2017;11;5;6
2685;Totaal mannen en vrouwen;0 tot 5 jaar;Midden- en Zuid-Amerika;Sint Eustatius;2018;8;8;0
2686;Totaal mannen en vrouwen;0 tot 5 jaar;Midden- en Zuid-Amerika;Sint Eustatius;2019;5;2;3
2687;Totaal mannen en vrouwen;0 tot 5 jaar;Midden- en Zuid-Amerika;Sint Eustatius;2020;2;4;-2
2688;Totaal mannen en vrouwen;0 tot 5 jaar;Midden- en Zuid-Amerika;Sint Eustatius;2021;5;5;0
2689;Totaal mannen en vrouwen;0 tot 5 jaar;Midden- en Zuid-Amerika;Sint Eustatius;2022;11;1;10
2690;Totaal mannen en vrouwen;0 tot 5 jaar;Midden- en Zuid-Amerika;Sint Eustatius;2023;5;8;-3
2691;Totaal mannen en vrouwen;0 tot 5 jaar;Midden- en Zuid-Amerika;Saba;2011;7;4;3
2692;Totaal mannen en vrouwen;0 tot 5 jaar;Midden- en Zuid-Amerika;Saba;2012;3;2;1
2693;Totaal mannen en vrouwen;0 tot 5 jaar;Midden- en Zuid-Amerika;Saba;2013;7;1;6
2694;Totaal mannen en vrouwen;0 tot 5 jaar;Midden- en Zuid-Amerika;Saba;2014;7;5;2
2695;Totaal mannen en vrouwen;0 tot 5 jaar;Midden- en Zuid-Amerika;Saba;2015;3;0;3
2696;Totaal mannen en vrouwen;0 tot 5 jaar;Midden- en Zuid-Amerika;Saba;2016;2;5;-3
2697;Totaal mannen en vrouwen;0 tot 5 jaar;Midden- en Zuid-Amerika;Saba;2017;6;2;4
2698;Totaal mannen en vrouwen;0 tot 5 jaar;Midden- en Zuid-Amerika;Saba;2018;6;3;3
2699;Totaal mannen en vrouwen;0 tot 5 jaar;Midden- en Zuid-Amerika;Saba;2019;4;3;1
2700;Totaal mannen en vrouwen;0 tot 5 jaar;Midden- en Zuid-Amerika;Saba;2020;2;0;2
2701;Totaal mannen en vrouwen;0 tot 5 jaar;Midden- en Zuid-Amerika;Saba;2021;5;1;4
2702;Totaal mannen en vrouwen;0 tot 5 jaar;Midden- en Zuid-Amerika;Saba;2022;8;3;5
2703;Totaal mannen en vrouwen;0 tot 5 jaar;Midden- en Zuid-Amerika;Saba;2023;12;1;11
2704;Totaal mannen en vrouwen;0 tot 5 jaar;Noord-Amerika;Caribisch Nederland;2011;13;5;8
2705;Totaal mannen en vrouwen;0 tot 5 jaar;Noord-Amerika;Caribisch Nederland;2012;10;4;6
2706;Totaal mannen en vrouwen;0 tot 5 jaar;Noord-Amerika;Caribisch Nederland;2013;10;6;4
2707;Totaal mannen en vrouwen;0 tot 5 jaar;Noord-Amerika;Caribisch Nederland;2014;7;2;5
2708;Totaal mannen en vrouwen;0 tot 5 jaar;Noord-Amerika;Caribisch Nederland;2015;6;3;3
2709;Totaal mannen en vrouwen;0 tot 5 jaar;Noord-Amerika;Caribisch Nederland;2016;5;2;3
2710;Totaal mannen en vrouwen;0 tot 5 jaar;Noord-Amerika;Caribisch Nederland;2017;7;0;7
2711;Totaal mannen en vrouwen;0 tot 5 jaar;Noord-Amerika;Caribisch Nederland;2018;10;1;9
2712;Totaal mannen en vrouwen;0 tot 5 jaar;Noord-Amerika;Caribisch Nederland;2019;4;4;0
2713;Totaal mannen en vrouwen;0 tot 5 jaar;Noord-Amerika;Caribisch Nederland;2020;1;0;1
2714;Totaal mannen en vrouwen;0 tot 5 jaar;Noord-Amerika;Caribisch Nederland;2021;2;4;-2
2715;Totaal mannen en vrouwen;0 tot 5 jaar;Noord-Amerika;Caribisch Nederland;2022;6;1;5
2716;Totaal mannen en vrouwen;0 tot 5 jaar;Noord-Amerika;Caribisch Nederland;2023;2;4;-2
2717;Totaal mannen en vrouwen;0 tot 5 jaar;Noord-Amerika;Bonaire;2011;5;1;4
2718;Totaal mannen en vrouwen;0 tot 5 jaar;Noord-Amerika;Bonaire;2012;2;2;0
2719;Totaal mannen en vrouwen;0 tot 5 jaar;Noord-Amerika;Bonaire;2013;4;0;4
2720;Totaal mannen en vrouwen;0 tot 5 jaar;Noord-Amerika;Bonaire;2014;3;1;2
2721;Totaal mannen en vrouwen;0 tot 5 jaar;Noord-Amerika;Bonaire;2015;3;0;3
2722;Totaal mannen en vrouwen;0 tot 5 jaar;Noord-Amerika;Bonaire;2016;1;0;1
2723;Totaal mannen en vrouwen;0 tot 5 jaar;Noord-Amerika;Bonaire;2017;3;0;3
2724;Totaal mannen en vrouwen;0 tot 5 jaar;Noord-Amerika;Bonaire;2018;0;0;0
2725;Totaal mannen en vrouwen;0 tot 5 jaar;Noord-Amerika;Bonaire;2019;1;0;1
2726;Totaal mannen en vrouwen;0 tot 5 jaar;Noord-Amerika;Bonaire;2020;1;0;1
2727;Totaal mannen en vrouwen;0 tot 5 jaar;Noord-Amerika;Bonaire;2021;0;0;0
2728;Totaal mannen en vrouwen;0 tot 5 jaar;Noord-Amerika;Bonaire;2022;0;0;0
2729;Totaal mannen en vrouwen;0 tot 5 jaar;Noord-Amerika;Bonaire;2023;1;0;1
2730;Totaal mannen en vrouwen;0 tot 5 jaar;Noord-Amerika;Sint Eustatius;2011;4;2;2
2731;Totaal mannen en vrouwen;0 tot 5 jaar;Noord-Amerika;Sint Eustatius;2012;3;0;3
2732;Totaal mannen en vrouwen;0 tot 5 jaar;Noord-Amerika;Sint Eustatius;2013;5;3;2
2733;Totaal mannen en vrouwen;0 tot 5 jaar;Noord-Amerika;Sint Eustatius;2014;1;1;0
2734;Totaal mannen en vrouwen;0 tot 5 jaar;Noord-Amerika;Sint Eustatius;2015;0;3;-3
2735;Totaal mannen en vrouwen;0 tot 5 jaar;Noord-Amerika;Sint Eustatius;2016;0;0;0
2736;Totaal mannen en vrouwen;0 tot 5 jaar;Noord-Amerika;Sint Eustatius;2017;0;0;0
2737;Totaal mannen en vrouwen;0 tot 5 jaar;Noord-Amerika;Sint Eustatius;2018;4;0;4
2738;Totaal mannen en vrouwen;0 tot 5 jaar;Noord-Amerika;Sint Eustatius;2019;0;2;-2
2739;Totaal mannen en vrouwen;0 tot 5 jaar;Noord-Amerika;Sint Eustatius;2020;0;0;0
2740;Totaal mannen en vrouwen;0 tot 5 jaar;Noord-Amerika;Sint Eustatius;2021;0;0;0
2741;Totaal mannen en vrouwen;0 tot 5 jaar;Noord-Amerika;Sint Eustatius;2022;4;1;3
2742;Totaal mannen en vrouwen;0 tot 5 jaar;Noord-Amerika;Sint Eustatius;2023;0;3;-3
2743;Totaal mannen en vrouwen;0 tot 5 jaar;Noord-Amerika;Saba;2011;4;2;2
2744;Totaal mannen en vrouwen;0 tot 5 jaar;Noord-Amerika;Saba;2012;5;2;3
2745;Totaal mannen en vrouwen;0 tot 5 jaar;Noord-Amerika;Saba;2013;1;3;-2
2746;Totaal mannen en vrouwen;0 tot 5 jaar;Noord-Amerika;Saba;2014;3;0;3
2747;Totaal mannen en vrouwen;0 tot 5 jaar;Noord-Amerika;Saba;2015;3;0;3
2748;Totaal mannen en vrouwen;0 tot 5 jaar;Noord-Amerika;Saba;2016;4;2;2
2749;Totaal mannen en vrouwen;0 tot 5 jaar;Noord-Amerika;Saba;2017;4;0;4
2750;Totaal mannen en vrouwen;0 tot 5 jaar;Noord-Amerika;Saba;2018;6;1;5
2751;Totaal mannen en vrouwen;0 tot 5 jaar;Noord-Amerika;Saba;2019;3;2;1
2752;Totaal mannen en vrouwen;0 tot 5 jaar;Noord-Amerika;Saba;2020;0;0;0
2753;Totaal mannen en vrouwen;0 tot 5 jaar;Noord-Amerika;Saba;2021;2;4;-2
2754;Totaal mannen en vrouwen;0 tot 5 jaar;Noord-Amerika;Saba;2022;2;0;2
2755;Totaal mannen en vrouwen;0 tot 5 jaar;Noord-Amerika;Saba;2023;1;1;0
2756;Totaal mannen en vrouwen;0 tot 5 jaar;Aruba, Curaçao, Sint Maarten;Caribisch Nederland;2011;26;20;6
2757;Totaal mannen en vrouwen;0 tot 5 jaar;Aruba, Curaçao, Sint Maarten;Caribisch Nederland;2012;34;14;20
2758;Totaal mannen en vrouwen;0 tot 5 jaar;Aruba, Curaçao, Sint Maarten;Caribisch Nederland;2013;39;9;30
2759;Totaal mannen en vrouwen;0 tot 5 jaar;Aruba, Curaçao, Sint Maarten;Caribisch Nederland;2014;30;17;13
2760;Totaal mannen en vrouwen;0 tot 5 jaar;Aruba, Curaçao, Sint Maarten;Caribisch Nederland;2015;32;5;27
2761;Totaal mannen en vrouwen;0 tot 5 jaar;Aruba, Curaçao, Sint Maarten;Caribisch Nederland;2016;18;10;8
2762;Totaal mannen en vrouwen;0 tot 5 jaar;Aruba, Curaçao, Sint Maarten;Caribisch Nederland;2017;24;12;12
2763;Totaal mannen en vrouwen;0 tot 5 jaar;Aruba, Curaçao, Sint Maarten;Caribisch Nederland;2018;34;12;22
2764;Totaal mannen en vrouwen;0 tot 5 jaar;Aruba, Curaçao, Sint Maarten;Caribisch Nederland;2019;25;8;17
2765;Totaal mannen en vrouwen;0 tot 5 jaar;Aruba, Curaçao, Sint Maarten;Caribisch Nederland;2020;46;6;40
2766;Totaal mannen en vrouwen;0 tot 5 jaar;Aruba, Curaçao, Sint Maarten;Caribisch Nederland;2021;33;7;26
2767;Totaal mannen en vrouwen;0 tot 5 jaar;Aruba, Curaçao, Sint Maarten;Caribisch Nederland;2022;29;13;16
2768;Totaal mannen en vrouwen;0 tot 5 jaar;Aruba, Curaçao, Sint Maarten;Caribisch Nederland;2023;31;6;25
2769;Totaal mannen en vrouwen;0 tot 5 jaar;Aruba, Curaçao, Sint Maarten;Bonaire;2011;17;13;4
2770;Totaal mannen en vrouwen;0 tot 5 jaar;Aruba, Curaçao, Sint Maarten;Bonaire;2012;27;9;18
2771;Totaal mannen en vrouwen;0 tot 5 jaar;Aruba, Curaçao, Sint Maarten;Bonaire;2013;30;4;26
2772;Totaal mannen en vrouwen;0 tot 5 jaar;Aruba, Curaçao, Sint Maarten;Bonaire;2014;19;9;10
2773;Totaal mannen en vrouwen;0 tot 5 jaar;Aruba, Curaçao, Sint Maarten;Bonaire;2015;26;2;24
2774;Totaal mannen en vrouwen;0 tot 5 jaar;Aruba, Curaçao, Sint Maarten;Bonaire;2016;12;3;9
2775;Totaal mannen en vrouwen;0 tot 5 jaar;Aruba, Curaçao, Sint Maarten;Bonaire;2017;14;7;7
2776;Totaal mannen en vrouwen;0 tot 5 jaar;Aruba, Curaçao, Sint Maarten;Bonaire;2018;23;7;16
2777;Totaal mannen en vrouwen;0 tot 5 jaar;Aruba, Curaçao, Sint Maarten;Bonaire;2019;22;5;17
2778;Totaal mannen en vrouwen;0 tot 5 jaar;Aruba, Curaçao, Sint Maarten;Bonaire;2020;44;2;42
2779;Totaal mannen en vrouwen;0 tot 5 jaar;Aruba, Curaçao, Sint Maarten;Bonaire;2021;26;3;23
2780;Totaal mannen en vrouwen;0 tot 5 jaar;Aruba, Curaçao, Sint Maarten;Bonaire;2022;22;10;12
2781;Totaal mannen en vrouwen;0 tot 5 jaar;Aruba, Curaçao, Sint Maarten;Bonaire;2023;17;1;16
2782;Totaal mannen en vrouwen;0 tot 5 jaar;Aruba, Curaçao, Sint Maarten;Sint Eustatius;2011;3;5;-2
2783;Totaal mannen en vrouwen;0 tot 5 jaar;Aruba, Curaçao, Sint Maarten;Sint Eustatius;2012;5;3;2
2784;Totaal mannen en vrouwen;0 tot 5 jaar;Aruba, Curaçao, Sint Maarten;Sint Eustatius;2013;6;4;2
2785;Totaal mannen en vrouwen;0 tot 5 jaar;Aruba, Curaçao, Sint Maarten;Sint Eustatius;2014;6;3;3
2786;Totaal mannen en vrouwen;0 tot 5 jaar;Aruba, Curaçao, Sint Maarten;Sint Eustatius;2015;5;3;2
2787;Totaal mannen en vrouwen;0 tot 5 jaar;Aruba, Curaçao, Sint Maarten;Sint Eustatius;2016;5;5;0
2788;Totaal mannen en vrouwen;0 tot 5 jaar;Aruba, Curaçao, Sint Maarten;Sint Eustatius;2017;6;3;3
2789;Totaal mannen en vrouwen;0 tot 5 jaar;Aruba, Curaçao, Sint Maarten;Sint Eustatius;2018;6;3;3
2790;Totaal mannen en vrouwen;0 tot 5 jaar;Aruba, Curaçao, Sint Maarten;Sint Eustatius;2019;2;1;1
2791;Totaal mannen en vrouwen;0 tot 5 jaar;Aruba, Curaçao, Sint Maarten;Sint Eustatius;2020;0;4;-4
2792;Totaal mannen en vrouwen;0 tot 5 jaar;Aruba, Curaçao, Sint Maarten;Sint Eustatius;2021;3;3;0
2793;Totaal mannen en vrouwen;0 tot 5 jaar;Aruba, Curaçao, Sint Maarten;Sint Eustatius;2022;4;1;3
2794;Totaal mannen en vrouwen;0 tot 5 jaar;Aruba, Curaçao, Sint Maarten;Sint Eustatius;2023;4;4;0
2795;Totaal mannen en vrouwen;0 tot 5 jaar;Aruba, Curaçao, Sint Maarten;Saba;2011;6;2;4
2796;Totaal mannen en vrouwen;0 tot 5 jaar;Aruba, Curaçao, Sint Maarten;Saba;2012;2;2;0
2797;Totaal mannen en vrouwen;0 tot 5 jaar;Aruba, Curaçao, Sint Maarten;Saba;2013;3;1;2
2798;Totaal mannen en vrouwen;0 tot 5 jaar;Aruba, Curaçao, Sint Maarten;Saba;2014;5;5;0
2799;Totaal mannen en vrouwen;0 tot 5 jaar;Aruba, Curaçao, Sint Maarten;Saba;2015;1;0;1
2800;Totaal mannen en vrouwen;0 tot 5 jaar;Aruba, Curaçao, Sint Maarten;Saba;2016;1;2;-1
2801;Totaal mannen en vrouwen;0 tot 5 jaar;Aruba, Curaçao, Sint Maarten;Saba;2017;4;2;2
2802;Totaal mannen en vrouwen;0 tot 5 jaar;Aruba, Curaçao, Sint Maarten;Saba;2018;5;2;3
2803;Totaal mannen en vrouwen;0 tot 5 jaar;Aruba, Curaçao, Sint Maarten;Saba;2019;1;2;-1
2804;Totaal mannen en vrouwen;0 tot 5 jaar;Aruba, Curaçao, Sint Maarten;Saba;2020;2;0;2
2805;Totaal mannen en vrouwen;0 tot 5 jaar;Aruba, Curaçao, Sint Maarten;Saba;2021;4;1;3
2806;Totaal mannen en vrouwen;0 tot 5 jaar;Aruba, Curaçao, Sint Maarten;Saba;2022;3;2;1
2807;Totaal mannen en vrouwen;0 tot 5 jaar;Aruba, Curaçao, Sint Maarten;Saba;2023;10;1;9
2808;Totaal mannen en vrouwen;0 tot 5 jaar;Caribisch Nederland;Caribisch Nederland;2011;8;27;-19
2809;Totaal mannen en vrouwen;0 tot 5 jaar;Caribisch Nederland;Caribisch Nederland;2012;14;24;-10
2810;Totaal mannen en vrouwen;0 tot 5 jaar;Caribisch Nederland;Caribisch Nederland;2013;12;25;-13
2811;Totaal mannen en vrouwen;0 tot 5 jaar;Caribisch Nederland;Caribisch Nederland;2014;4;20;-16
2812;Totaal mannen en vrouwen;0 tot 5 jaar;Caribisch Nederland;Caribisch Nederland;2015;6;21;-15
2813;Totaal mannen en vrouwen;0 tot 5 jaar;Caribisch Nederland;Caribisch Nederland;2016;4;35;-31
2814;Totaal mannen en vrouwen;0 tot 5 jaar;Caribisch Nederland;Caribisch Nederland;2017;14;35;-21
2815;Totaal mannen en vrouwen;0 tot 5 jaar;Caribisch Nederland;Caribisch Nederland;2018;4;31;-27
2816;Totaal mannen en vrouwen;0 tot 5 jaar;Caribisch Nederland;Caribisch Nederland;2019;4;20;-16
2817;Totaal mannen en vrouwen;0 tot 5 jaar;Caribisch Nederland;Caribisch Nederland;2020;7;24;-17
2818;Totaal mannen en vrouwen;0 tot 5 jaar;Caribisch Nederland;Caribisch Nederland;2021;5;25;-20
2819;Totaal mannen en vrouwen;0 tot 5 jaar;Caribisch Nederland;Caribisch Nederland;2022;6;36;-30
2820;Totaal mannen en vrouwen;0 tot 5 jaar;Caribisch Nederland;Caribisch Nederland;2023;7;29;-22
2821;Totaal mannen en vrouwen;0 tot 5 jaar;Caribisch Nederland;Bonaire;2011;7;23;-16
2822;Totaal mannen en vrouwen;0 tot 5 jaar;Caribisch Nederland;Bonaire;2012;12;21;-9
2823;Totaal mannen en vrouwen;0 tot 5 jaar;Caribisch Nederland;Bonaire;2013;9;23;-14
2824;Totaal mannen en vrouwen;0 tot 5 jaar;Caribisch Nederland;Bonaire;2014;4;19;-15
2825;Totaal mannen en vrouwen;0 tot 5 jaar;Caribisch Nederland;Bonaire;2015;5;19;-14
2826;Totaal mannen en vrouwen;0 tot 5 jaar;Caribisch Nederland;Bonaire;2016;4;32;-28
2827;Totaal mannen en vrouwen;0 tot 5 jaar;Caribisch Nederland;Bonaire;2017;14;33;-19
2828;Totaal mannen en vrouwen;0 tot 5 jaar;Caribisch Nederland;Bonaire;2018;3;27;-24
2829;Totaal mannen en vrouwen;0 tot 5 jaar;Caribisch Nederland;Bonaire;2019;4;18;-14
2830;Totaal mannen en vrouwen;0 tot 5 jaar;Caribisch Nederland;Bonaire;2020;6;24;-18
2831;Totaal mannen en vrouwen;0 tot 5 jaar;Caribisch Nederland;Bonaire;2021;5;23;-18
2832;Totaal mannen en vrouwen;0 tot 5 jaar;Caribisch Nederland;Bonaire;2022;6;35;-29
2833;Totaal mannen en vrouwen;0 tot 5 jaar;Caribisch Nederland;Bonaire;2023;7;27;-20
2834;Totaal mannen en vrouwen;0 tot 5 jaar;Caribisch Nederland;Sint Eustatius;2011;1;3;-2
2835;Totaal mannen en vrouwen;0 tot 5 jaar;Caribisch Nederland;Sint Eustatius;2012;2;3;-1
2836;Totaal mannen en vrouwen;0 tot 5 jaar;Caribisch Nederland;Sint Eustatius;2013;3;2;1
2837;Totaal mannen en vrouwen;0 tot 5 jaar;Caribisch Nederland;Sint Eustatius;2014;0;1;-1
2838;Totaal mannen en vrouwen;0 tot 5 jaar;Caribisch Nederland;Sint Eustatius;2015;1;2;-1
2839;Totaal mannen en vrouwen;0 tot 5 jaar;Caribisch Nederland;Sint Eustatius;2016;0;1;-1
2840;Totaal mannen en vrouwen;0 tot 5 jaar;Caribisch Nederland;Sint Eustatius;2017;0;2;-2
2841;Totaal mannen en vrouwen;0 tot 5 jaar;Caribisch Nederland;Sint Eustatius;2018;1;4;-3
2842;Totaal mannen en vrouwen;0 tot 5 jaar;Caribisch Nederland;Sint Eustatius;2019;0;1;-1
2843;Totaal mannen en vrouwen;0 tot 5 jaar;Caribisch Nederland;Sint Eustatius;2020;1;0;1
2844;Totaal mannen en vrouwen;0 tot 5 jaar;Caribisch Nederland;Sint Eustatius;2021;0;2;-2
2845;Totaal mannen en vrouwen;0 tot 5 jaar;Caribisch Nederland;Sint Eustatius;2022;0;0;0
2846;Totaal mannen en vrouwen;0 tot 5 jaar;Caribisch Nederland;Sint Eustatius;2023;0;2;-2
2847;Totaal mannen en vrouwen;0 tot 5 jaar;Caribisch Nederland;Saba;2011;0;1;-1
2848;Totaal mannen en vrouwen;0 tot 5 jaar;Caribisch Nederland;Saba;2012;0;0;0
2849;Totaal mannen en vrouwen;0 tot 5 jaar;Caribisch Nederland;Saba;2013;0;0;0
2850;Totaal mannen en vrouwen;0 tot 5 jaar;Caribisch Nederland;Saba;2014;0;0;0
2851;Totaal mannen en vrouwen;0 tot 5 jaar;Caribisch Nederland;Saba;2015;0;0;0
2852;Totaal mannen en vrouwen;0 tot 5 jaar;Caribisch Nederland;Saba;2016;0;2;-2
2853;Totaal mannen en vrouwen;0 tot 5 jaar;Caribisch Nederland;Saba;2017;0;0;0
2854;Totaal mannen en vrouwen;0 tot 5 jaar;Caribisch Nederland;Saba;2018;0;0;0
2855;Totaal mannen en vrouwen;0 tot 5 jaar;Caribisch Nederland;Saba;2019;0;1;-1
2856;Totaal mannen en vrouwen;0 tot 5 jaar;Caribisch Nederland;Saba;2020;0;0;0
2857;Totaal mannen en vrouwen;0 tot 5 jaar;Caribisch Nederland;Saba;2021;0;0;0
2858;Totaal mannen en vrouwen;0 tot 5 jaar;Caribisch Nederland;Saba;2022;0;1;-1
2859;Totaal mannen en vrouwen;0 tot 5 jaar;Caribisch Nederland;Saba;2023;0;0;0
2860;Totaal mannen en vrouwen;0 tot 5 jaar;Europese Unie (inclusief Nederland);Caribisch Nederland;2011;69;19;50
2861;Totaal mannen en vrouwen;0 tot 5 jaar;Europese Unie (inclusief Nederland);Caribisch Nederland;2012;40;11;29
2862;Totaal mannen en vrouwen;0 tot 5 jaar;Europese Unie (inclusief Nederland);Caribisch Nederland;2013;45;14;31
2863;Totaal mannen en vrouwen;0 tot 5 jaar;Europese Unie (inclusief Nederland);Caribisch Nederland;2014;52;14;38
2864;Totaal mannen en vrouwen;0 tot 5 jaar;Europese Unie (inclusief Nederland);Caribisch Nederland;2015;34;14;20
2865;Totaal mannen en vrouwen;0 tot 5 jaar;Europese Unie (inclusief Nederland);Caribisch Nederland;2016;38;17;21
2866;Totaal mannen en vrouwen;0 tot 5 jaar;Europese Unie (inclusief Nederland);Caribisch Nederland;2017;37;9;28
2867;Totaal mannen en vrouwen;0 tot 5 jaar;Europese Unie (inclusief Nederland);Caribisch Nederland;2018;23;14;9
2868;Totaal mannen en vrouwen;0 tot 5 jaar;Europese Unie (inclusief Nederland);Caribisch Nederland;2019;24;8;16
2869;Totaal mannen en vrouwen;0 tot 5 jaar;Europese Unie (inclusief Nederland);Caribisch Nederland;2020;32;14;18
2870;Totaal mannen en vrouwen;0 tot 5 jaar;Europese Unie (inclusief Nederland);Caribisch Nederland;2021;35;14;21
2871;Totaal mannen en vrouwen;0 tot 5 jaar;Europese Unie (inclusief Nederland);Caribisch Nederland;2022;39;14;25
2872;Totaal mannen en vrouwen;0 tot 5 jaar;Europese Unie (inclusief Nederland);Caribisch Nederland;2023;29;10;19
2873;Totaal mannen en vrouwen;0 tot 5 jaar;Europese Unie (inclusief Nederland);Bonaire;2011;55;12;43
2874;Totaal mannen en vrouwen;0 tot 5 jaar;Europese Unie (inclusief Nederland);Bonaire;2012;37;10;27
2875;Totaal mannen en vrouwen;0 tot 5 jaar;Europese Unie (inclusief Nederland);Bonaire;2013;34;13;21
2876;Totaal mannen en vrouwen;0 tot 5 jaar;Europese Unie (inclusief Nederland);Bonaire;2014;43;12;31
2877;Totaal mannen en vrouwen;0 tot 5 jaar;Europese Unie (inclusief Nederland);Bonaire;2015;31;13;18
2878;Totaal mannen en vrouwen;0 tot 5 jaar;Europese Unie (inclusief Nederland);Bonaire;2016;31;15;16
2879;Totaal mannen en vrouwen;0 tot 5 jaar;Europese Unie (inclusief Nederland);Bonaire;2017;31;8;23
2880;Totaal mannen en vrouwen;0 tot 5 jaar;Europese Unie (inclusief Nederland);Bonaire;2018;19;12;7
2881;Totaal mannen en vrouwen;0 tot 5 jaar;Europese Unie (inclusief Nederland);Bonaire;2019;22;6;16
2882;Totaal mannen en vrouwen;0 tot 5 jaar;Europese Unie (inclusief Nederland);Bonaire;2020;27;12;15
2883;Totaal mannen en vrouwen;0 tot 5 jaar;Europese Unie (inclusief Nederland);Bonaire;2021;31;8;23
2884;Totaal mannen en vrouwen;0 tot 5 jaar;Europese Unie (inclusief Nederland);Bonaire;2022;39;13;26
2885;Totaal mannen en vrouwen;0 tot 5 jaar;Europese Unie (inclusief Nederland);Bonaire;2023;21;10;11
2886;Totaal mannen en vrouwen;0 tot 5 jaar;Europese Unie (inclusief Nederland);Sint Eustatius;2011;9;6;3
2887;Totaal mannen en vrouwen;0 tot 5 jaar;Europese Unie (inclusief Nederland);Sint Eustatius;2012;2;1;1
2888;Totaal mannen en vrouwen;0 tot 5 jaar;Europese Unie (inclusief Nederland);Sint Eustatius;2013;8;1;7
2889;Totaal mannen en vrouwen;0 tot 5 jaar;Europese Unie (inclusief Nederland);Sint Eustatius;2014;6;1;5
2890;Totaal mannen en vrouwen;0 tot 5 jaar;Europese Unie (inclusief Nederland);Sint Eustatius;2015;1;1;0
2891;Totaal mannen en vrouwen;0 tot 5 jaar;Europese Unie (inclusief Nederland);Sint Eustatius;2016;5;1;4
2892;Totaal mannen en vrouwen;0 tot 5 jaar;Europese Unie (inclusief Nederland);Sint Eustatius;2017;5;1;4
2893;Totaal mannen en vrouwen;0 tot 5 jaar;Europese Unie (inclusief Nederland);Sint Eustatius;2018;1;1;0
2894;Totaal mannen en vrouwen;0 tot 5 jaar;Europese Unie (inclusief Nederland);Sint Eustatius;2019;2;0;2
2895;Totaal mannen en vrouwen;0 tot 5 jaar;Europese Unie (inclusief Nederland);Sint Eustatius;2020;3;0;3
2896;Totaal mannen en vrouwen;0 tot 5 jaar;Europese Unie (inclusief Nederland);Sint Eustatius;2021;3;6;-3
2897;Totaal mannen en vrouwen;0 tot 5 jaar;Europese Unie (inclusief Nederland);Sint Eustatius;2022;0;0;0
2898;Totaal mannen en vrouwen;0 tot 5 jaar;Europese Unie (inclusief Nederland);Sint Eustatius;2023;1;0;1
2899;Totaal mannen en vrouwen;0 tot 5 jaar;Europese Unie (inclusief Nederland);Saba;2011;5;1;4
2900;Totaal mannen en vrouwen;0 tot 5 jaar;Europese Unie (inclusief Nederland);Saba;2012;1;0;1
2901;Totaal mannen en vrouwen;0 tot 5 jaar;Europese Unie (inclusief Nederland);Saba;2013;3;0;3
2902;Totaal mannen en vrouwen;0 tot 5 jaar;Europese Unie (inclusief Nederland);Saba;2014;3;1;2
2903;Totaal mannen en vrouwen;0 tot 5 jaar;Europese Unie (inclusief Nederland);Saba;2015;2;0;2
2904;Totaal mannen en vrouwen;0 tot 5 jaar;Europese Unie (inclusief Nederland);Saba;2016;2;1;1
2905;Totaal mannen en vrouwen;0 tot 5 jaar;Europese Unie (inclusief Nederland);Saba;2017;1;0;1
2906;Totaal mannen en vrouwen;0 tot 5 jaar;Europese Unie (inclusief Nederland);Saba;2018;3;1;2
2907;Totaal mannen en vrouwen;0 tot 5 jaar;Europese Unie (inclusief Nederland);Saba;2019;0;2;-2
2908;Totaal mannen en vrouwen;0 tot 5 jaar;Europese Unie (inclusief Nederland);Saba;2020;2;2;0
2909;Totaal mannen en vrouwen;0 tot 5 jaar;Europese Unie (inclusief Nederland);Saba;2021;1;0;1
2910;Totaal mannen en vrouwen;0 tot 5 jaar;Europese Unie (inclusief Nederland);Saba;2022;0;1;-1
2911;Totaal mannen en vrouwen;0 tot 5 jaar;Europese Unie (inclusief Nederland);Saba;2023;7;0;7
2912;Totaal mannen en vrouwen;0 tot 5 jaar;Europese Unie (exclusief Nederland);Caribisch Nederland;2011;4;0;4
2913;Totaal mannen en vrouwen;0 tot 5 jaar;Europese Unie (exclusief Nederland);Caribisch Nederland;2012;3;0;3
2914;Totaal mannen en vrouwen;0 tot 5 jaar;Europese Unie (exclusief Nederland);Caribisch Nederland;2013;4;1;3
2915;Totaal mannen en vrouwen;0 tot 5 jaar;Europese Unie (exclusief Nederland);Caribisch Nederland;2014;3;2;1
2916;Totaal mannen en vrouwen;0 tot 5 jaar;Europese Unie (exclusief Nederland);Caribisch Nederland;2015;1;0;1
2917;Totaal mannen en vrouwen;0 tot 5 jaar;Europese Unie (exclusief Nederland);Caribisch Nederland;2016;3;2;1
2918;Totaal mannen en vrouwen;0 tot 5 jaar;Europese Unie (exclusief Nederland);Caribisch Nederland;2017;1;2;-1
2919;Totaal mannen en vrouwen;0 tot 5 jaar;Europese Unie (exclusief Nederland);Caribisch Nederland;2018;3;0;3
2920;Totaal mannen en vrouwen;0 tot 5 jaar;Europese Unie (exclusief Nederland);Caribisch Nederland;2019;3;1;2
2921;Totaal mannen en vrouwen;0 tot 5 jaar;Europese Unie (exclusief Nederland);Caribisch Nederland;2020;0;0;0
2922;Totaal mannen en vrouwen;0 tot 5 jaar;Europese Unie (exclusief Nederland);Caribisch Nederland;2021;2;0;2
2923;Totaal mannen en vrouwen;0 tot 5 jaar;Europese Unie (exclusief Nederland);Caribisch Nederland;2022;5;2;3
2924;Totaal mannen en vrouwen;0 tot 5 jaar;Europese Unie (exclusief Nederland);Caribisch Nederland;2023;0;0;0
2925;Totaal mannen en vrouwen;0 tot 5 jaar;Europese Unie (exclusief Nederland);Bonaire;2011;4;0;4
2926;Totaal mannen en vrouwen;0 tot 5 jaar;Europese Unie (exclusief Nederland);Bonaire;2012;3;0;3
2927;Totaal mannen en vrouwen;0 tot 5 jaar;Europese Unie (exclusief Nederland);Bonaire;2013;3;1;2
2928;Totaal mannen en vrouwen;0 tot 5 jaar;Europese Unie (exclusief Nederland);Bonaire;2014;2;1;1
2929;Totaal mannen en vrouwen;0 tot 5 jaar;Europese Unie (exclusief Nederland);Bonaire;2015;0;0;0
2930;Totaal mannen en vrouwen;0 tot 5 jaar;Europese Unie (exclusief Nederland);Bonaire;2016;3;1;2
2931;Totaal mannen en vrouwen;0 tot 5 jaar;Europese Unie (exclusief Nederland);Bonaire;2017;1;2;-1
2932;Totaal mannen en vrouwen;0 tot 5 jaar;Europese Unie (exclusief Nederland);Bonaire;2018;1;0;1
2933;Totaal mannen en vrouwen;0 tot 5 jaar;Europese Unie (exclusief Nederland);Bonaire;2019;3;1;2
2934;Totaal mannen en vrouwen;0 tot 5 jaar;Europese Unie (exclusief Nederland);Bonaire;2020;0;0;0
2935;Totaal mannen en vrouwen;0 tot 5 jaar;Europese Unie (exclusief Nederland);Bonaire;2021;1;0;1
2936;Totaal mannen en vrouwen;0 tot 5 jaar;Europese Unie (exclusief Nederland);Bonaire;2022;5;1;4
2937;Totaal mannen en vrouwen;0 tot 5 jaar;Europese Unie (exclusief Nederland);Bonaire;2023;0;0;0
2938;Totaal mannen en vrouwen;0 tot 5 jaar;Europese Unie (exclusief Nederland);Sint Eustatius;2011;0;0;0
2939;Totaal mannen en vrouwen;0 tot 5 jaar;Europese Unie (exclusief Nederland);Sint Eustatius;2012;0;0;0
2940;Totaal mannen en vrouwen;0 tot 5 jaar;Europese Unie (exclusief Nederland);Sint Eustatius;2013;0;0;0
2941;Totaal mannen en vrouwen;0 tot 5 jaar;Europese Unie (exclusief Nederland);Sint Eustatius;2014;1;0;1
2942;Totaal mannen en vrouwen;0 tot 5 jaar;Europese Unie (exclusief Nederland);Sint Eustatius;2015;0;0;0
2943;Totaal mannen en vrouwen;0 tot 5 jaar;Europese Unie (exclusief Nederland);Sint Eustatius;2016;0;0;0
2944;Totaal mannen en vrouwen;0 tot 5 jaar;Europese Unie (exclusief Nederland);Sint Eustatius;2017;0;0;0
2945;Totaal mannen en vrouwen;0 tot 5 jaar;Europese Unie (exclusief Nederland);Sint Eustatius;2018;0;0;0
2946;Totaal mannen en vrouwen;0 tot 5 jaar;Europese Unie (exclusief Nederland);Sint Eustatius;2019;0;0;0
2947;Totaal mannen en vrouwen;0 tot 5 jaar;Europese Unie (exclusief Nederland);Sint Eustatius;2020;0;0;0
2948;Totaal mannen en vrouwen;0 tot 5 jaar;Europese Unie (exclusief Nederland);Sint Eustatius;2021;0;0;0
2949;Totaal mannen en vrouwen;0 tot 5 jaar;Europese Unie (exclusief Nederland);Sint Eustatius;2022;0;0;0
2950;Totaal mannen en vrouwen;0 tot 5 jaar;Europese Unie (exclusief Nederland);Sint Eustatius;2023;0;0;0
2951;Totaal mannen en vrouwen;0 tot 5 jaar;Europese Unie (exclusief Nederland);Saba;2011;0;0;0
2952;Totaal mannen en vrouwen;0 tot 5 jaar;Europese Unie (exclusief Nederland);Saba;2012;0;0;0
2953;Totaal mannen en vrouwen;0 tot 5 jaar;Europese Unie (exclusief Nederland);Saba;2013;1;0;1
2954;Totaal mannen en vrouwen;0 tot 5 jaar;Europese Unie (exclusief Nederland);Saba;2014;0;1;-1
2955;Totaal mannen en vrouwen;0 tot 5 jaar;Europese Unie (exclusief Nederland);Saba;2015;1;0;1
2956;Totaal mannen en vrouwen;0 tot 5 jaar;Europese Unie (exclusief Nederland);Saba;2016;0;1;-1
2957;Totaal mannen en vrouwen;0 tot 5 jaar;Europese Unie (exclusief Nederland);Saba;2017;0;0;0
2958;Totaal mannen en vrouwen;0 tot 5 jaar;Europese Unie (exclusief Nederland);Saba;2018;2;0;2
2959;Totaal mannen en vrouwen;0 tot 5 jaar;Europese Unie (exclusief Nederland);Saba;2019;0;0;0
2960;Totaal mannen en vrouwen;0 tot 5 jaar;Europese Unie (exclusief Nederland);Saba;2020;0;0;0
2961;Totaal mannen en vrouwen;0 tot 5 jaar;Europese Unie (exclusief Nederland);Saba;2021;1;0;1
2962;Totaal mannen en vrouwen;0 tot 5 jaar;Europese Unie (exclusief Nederland);Saba;2022;0;1;-1
2963;Totaal mannen en vrouwen;0 tot 5 jaar;Europese Unie (exclusief Nederland);Saba;2023;0;0;0
2964;Totaal mannen en vrouwen;0 tot 5 jaar;Midden- en Zuid-Amerika (excl Ned Ca...);Caribisch Nederland;2011;5;2;3
2965;Totaal mannen en vrouwen;0 tot 5 jaar;Midden- en Zuid-Amerika (excl Ned Ca...);Caribisch Nederland;2012;12;0;12
2966;Totaal mannen en vrouwen;0 tot 5 jaar;Midden- en Zuid-Amerika (excl Ned Ca...);Caribisch Nederland;2013;15;2;13
2967;Totaal mannen en vrouwen;0 tot 5 jaar;Midden- en Zuid-Amerika (excl Ned Ca...);Caribisch Nederland;2014;16;1;15
2968;Totaal mannen en vrouwen;0 tot 5 jaar;Midden- en Zuid-Amerika (excl Ned Ca...);Caribisch Nederland;2015;22;1;21
2969;Totaal mannen en vrouwen;0 tot 5 jaar;Midden- en Zuid-Amerika (excl Ned Ca...);Caribisch Nederland;2016;16;5;11
2970;Totaal mannen en vrouwen;0 tot 5 jaar;Midden- en Zuid-Amerika (excl Ned Ca...);Caribisch Nederland;2017;27;3;24
2971;Totaal mannen en vrouwen;0 tot 5 jaar;Midden- en Zuid-Amerika (excl Ned Ca...);Caribisch Nederland;2018;22;6;16
2972;Totaal mannen en vrouwen;0 tot 5 jaar;Midden- en Zuid-Amerika (excl Ned Ca...);Caribisch Nederland;2019;9;3;6
2973;Totaal mannen en vrouwen;0 tot 5 jaar;Midden- en Zuid-Amerika (excl Ned Ca...);Caribisch Nederland;2020;14;2;12
2974;Totaal mannen en vrouwen;0 tot 5 jaar;Midden- en Zuid-Amerika (excl Ned Ca...);Caribisch Nederland;2021;8;3;5
2975;Totaal mannen en vrouwen;0 tot 5 jaar;Midden- en Zuid-Amerika (excl Ned Ca...);Caribisch Nederland;2022;26;0;26
2976;Totaal mannen en vrouwen;0 tot 5 jaar;Midden- en Zuid-Amerika (excl Ned Ca...);Caribisch Nederland;2023;29;2;27
2977;Totaal mannen en vrouwen;0 tot 5 jaar;Midden- en Zuid-Amerika (excl Ned Ca...);Bonaire;2011;2;1;1
2978;Totaal mannen en vrouwen;0 tot 5 jaar;Midden- en Zuid-Amerika (excl Ned Ca...);Bonaire;2012;10;0;10
2979;Totaal mannen en vrouwen;0 tot 5 jaar;Midden- en Zuid-Amerika (excl Ned Ca...);Bonaire;2013;10;2;8
2980;Totaal mannen en vrouwen;0 tot 5 jaar;Midden- en Zuid-Amerika (excl Ned Ca...);Bonaire;2014;12;1;11
2981;Totaal mannen en vrouwen;0 tot 5 jaar;Midden- en Zuid-Amerika (excl Ned Ca...);Bonaire;2015;19;1;18
2982;Totaal mannen en vrouwen;0 tot 5 jaar;Midden- en Zuid-Amerika (excl Ned Ca...);Bonaire;2016;13;4;9
2983;Totaal mannen en vrouwen;0 tot 5 jaar;Midden- en Zuid-Amerika (excl Ned Ca...);Bonaire;2017;20;3;17
2984;Totaal mannen en vrouwen;0 tot 5 jaar;Midden- en Zuid-Amerika (excl Ned Ca...);Bonaire;2018;20;4;16
2985;Totaal mannen en vrouwen;0 tot 5 jaar;Midden- en Zuid-Amerika (excl Ned Ca...);Bonaire;2019;3;3;0
2986;Totaal mannen en vrouwen;0 tot 5 jaar;Midden- en Zuid-Amerika (excl Ned Ca...);Bonaire;2020;13;2;11
2987;Totaal mannen en vrouwen;0 tot 5 jaar;Midden- en Zuid-Amerika (excl Ned Ca...);Bonaire;2021;5;3;2
2988;Totaal mannen en vrouwen;0 tot 5 jaar;Midden- en Zuid-Amerika (excl Ned Ca...);Bonaire;2022;14;0;14
2989;Totaal mannen en vrouwen;0 tot 5 jaar;Midden- en Zuid-Amerika (excl Ned Ca...);Bonaire;2023;26;0;26
2990;Totaal mannen en vrouwen;0 tot 5 jaar;Midden- en Zuid-Amerika (excl Ned Ca...);Sint Eustatius;2011;2;0;2
2991;Totaal mannen en vrouwen;0 tot 5 jaar;Midden- en Zuid-Amerika (excl Ned Ca...);Sint Eustatius;2012;1;0;1
2992;Totaal mannen en vrouwen;0 tot 5 jaar;Midden- en Zuid-Amerika (excl Ned Ca...);Sint Eustatius;2013;1;0;1
2993;Totaal mannen en vrouwen;0 tot 5 jaar;Midden- en Zuid-Amerika (excl Ned Ca...);Sint Eustatius;2014;2;0;2
2994;Totaal mannen en vrouwen;0 tot 5 jaar;Midden- en Zuid-Amerika (excl Ned Ca...);Sint Eustatius;2015;1;0;1
2995;Totaal mannen en vrouwen;0 tot 5 jaar;Midden- en Zuid-Amerika (excl Ned Ca...);Sint Eustatius;2016;2;0;2
2996;Totaal mannen en vrouwen;0 tot 5 jaar;Midden- en Zuid-Amerika (excl Ned Ca...);Sint Eustatius;2017;5;0;5
2997;Totaal mannen en vrouwen;0 tot 5 jaar;Midden- en Zuid-Amerika (excl Ned Ca...);Sint Eustatius;2018;1;1;0
2998;Totaal mannen en vrouwen;0 tot 5 jaar;Midden- en Zuid-Amerika (excl Ned Ca...);Sint Eustatius;2019;3;0;3
2999;Totaal mannen en vrouwen;0 tot 5 jaar;Midden- en Zuid-Amerika (excl Ned Ca...);Sint Eustatius;2020;1;0;1
3000;Totaal mannen en vrouwen;0 tot 5 jaar;Midden- en Zuid-Amerika (excl Ned Ca...);Sint Eustatius;2021;2;0;2
3001;Totaal mannen en vrouwen;0 tot 5 jaar;Midden- en Zuid-Amerika (excl Ned Ca...);Sint Eustatius;2022;7;0;7
3002;Totaal mannen en vrouwen;0 tot 5 jaar;Midden- en Zuid-Amerika (excl Ned Ca...);Sint Eustatius;2023;1;2;-1
3003;Totaal mannen en vrouwen;0 tot 5 jaar;Midden- en Zuid-Amerika (excl Ned Ca...);Saba;2011;1;1;0
3004;Totaal mannen en vrouwen;0 tot 5 jaar;Midden- en Zuid-Amerika (excl Ned Ca...);Saba;2012;1;0;1
3005;Totaal mannen en vrouwen;0 tot 5 jaar;Midden- en Zuid-Amerika (excl Ned Ca...);Saba;2013;4;0;4
3006;Totaal mannen en vrouwen;0 tot 5 jaar;Midden- en Zuid-Amerika (excl Ned Ca...);Saba;2014;2;0;2
3007;Totaal mannen en vrouwen;0 tot 5 jaar;Midden- en Zuid-Amerika (excl Ned Ca...);Saba;2015;2;0;2
3008;Totaal mannen en vrouwen;0 tot 5 jaar;Midden- en Zuid-Amerika (excl Ned Ca...);Saba;2016;1;1;0
3009;Totaal mannen en vrouwen;0 tot 5 jaar;Midden- en Zuid-Amerika (excl Ned Ca...);Saba;2017;2;0;2
3010;Totaal mannen en vrouwen;0 tot 5 jaar;Midden- en Zuid-Amerika (excl Ned Ca...);Saba;2018;1;1;0
3011;Totaal mannen en vrouwen;0 tot 5 jaar;Midden- en Zuid-Amerika (excl Ned Ca...);Saba;2019;3;0;3
3012;Totaal mannen en vrouwen;0 tot 5 jaar;Midden- en Zuid-Amerika (excl Ned Ca...);Saba;2020;0;0;0
3013;Totaal mannen en vrouwen;0 tot 5 jaar;Midden- en Zuid-Amerika (excl Ned Ca...);Saba;2021;1;0;1
3014;Totaal mannen en vrouwen;0 tot 5 jaar;Midden- en Zuid-Amerika (excl Ned Ca...);Saba;2022;5;0;5
3015;Totaal mannen en vrouwen;0 tot 5 jaar;Midden- en Zuid-Amerika (excl Ned Ca...);Saba;2023;2;0;2
3016;Totaal mannen en vrouwen;0 tot 5 jaar;Aruba;Caribisch Nederland;2011;5;0;5
3017;Totaal mannen en vrouwen;0 tot 5 jaar;Aruba;Caribisch Nederland;2012;3;2;1
3018;Totaal mannen en vrouwen;0 tot 5 jaar;Aruba;Caribisch Nederland;2013;7;3;4
3019;Totaal mannen en vrouwen;0 tot 5 jaar;Aruba;Caribisch Nederland;2014;4;0;4
3020;Totaal mannen en vrouwen;0 tot 5 jaar;Aruba;Caribisch Nederland;2015;5;0;5
3021;Totaal mannen en vrouwen;0 tot 5 jaar;Aruba;Caribisch Nederland;2016;5;1;4
3022;Totaal mannen en vrouwen;0 tot 5 jaar;Aruba;Caribisch Nederland;2017;3;3;0
3023;Totaal mannen en vrouwen;0 tot 5 jaar;Aruba;Caribisch Nederland;2018;1;1;0
3024;Totaal mannen en vrouwen;0 tot 5 jaar;Aruba;Caribisch Nederland;2019;1;1;0
3025;Totaal mannen en vrouwen;0 tot 5 jaar;Aruba;Caribisch Nederland;2020;3;0;3
3026;Totaal mannen en vrouwen;0 tot 5 jaar;Aruba;Caribisch Nederland;2021;2;0;2
3027;Totaal mannen en vrouwen;0 tot 5 jaar;Aruba;Caribisch Nederland;2022;3;1;2
3028;Totaal mannen en vrouwen;0 tot 5 jaar;Aruba;Caribisch Nederland;2023;0;0;0
3029;Totaal mannen en vrouwen;0 tot 5 jaar;Aruba;Bonaire;2011;5;0;5
3030;Totaal mannen en vrouwen;0 tot 5 jaar;Aruba;Bonaire;2012;2;2;0
3031;Totaal mannen en vrouwen;0 tot 5 jaar;Aruba;Bonaire;2013;6;3;3
3032;Totaal mannen en vrouwen;0 tot 5 jaar;Aruba;Bonaire;2014;3;0;3
3033;Totaal mannen en vrouwen;0 tot 5 jaar;Aruba;Bonaire;2015;4;0;4
3034;Totaal mannen en vrouwen;0 tot 5 jaar;Aruba;Bonaire;2016;3;0;3
3035;Totaal mannen en vrouwen;0 tot 5 jaar;Aruba;Bonaire;2017;3;3;0
3036;Totaal mannen en vrouwen;0 tot 5 jaar;Aruba;Bonaire;2018;1;1;0
3037;Totaal mannen en vrouwen;0 tot 5 jaar;Aruba;Bonaire;2019;1;1;0
3038;Totaal mannen en vrouwen;0 tot 5 jaar;Aruba;Bonaire;2020;3;0;3
3039;Totaal mannen en vrouwen;0 tot 5 jaar;Aruba;Bonaire;2021;1;0;1
3040;Totaal mannen en vrouwen;0 tot 5 jaar;Aruba;Bonaire;2022;2;1;1
3041;Totaal mannen en vrouwen;0 tot 5 jaar;Aruba;Bonaire;2023;0;0;0
3042;Totaal mannen en vrouwen;0 tot 5 jaar;Aruba;Sint Eustatius;2011;0;0;0
3043;Totaal mannen en vrouwen;0 tot 5 jaar;Aruba;Sint Eustatius;2012;1;0;1
3044;Totaal mannen en vrouwen;0 tot 5 jaar;Aruba;Sint Eustatius;2013;1;0;1
3045;Totaal mannen en vrouwen;0 tot 5 jaar;Aruba;Sint Eustatius;2014;1;0;1
3046;Totaal mannen en vrouwen;0 tot 5 jaar;Aruba;Sint Eustatius;2015;1;0;1
3047;Totaal mannen en vrouwen;0 tot 5 jaar;Aruba;Sint Eustatius;2016;2;1;1
3048;Totaal mannen en vrouwen;0 tot 5 jaar;Aruba;Sint Eustatius;2017;0;0;0
3049;Totaal mannen en vrouwen;0 tot 5 jaar;Aruba;Sint Eustatius;2018;0;0;0
3050;Totaal mannen en vrouwen;0 tot 5 jaar;Aruba;Sint Eustatius;2019;0;0;0
3051;Totaal mannen en vrouwen;0 tot 5 jaar;Aruba;Sint Eustatius;2020;0;0;0
3052;Totaal mannen en vrouwen;0 tot 5 jaar;Aruba;Sint Eustatius;2021;0;0;0
3053;Totaal mannen en vrouwen;0 tot 5 jaar;Aruba;Sint Eustatius;2022;1;0;1
3054;Totaal mannen en vrouwen;0 tot 5 jaar;Aruba;Sint Eustatius;2023;0;0;0
3055;Totaal mannen en vrouwen;0 tot 5 jaar;Aruba;Saba;2011;0;0;0
3056;Totaal mannen en vrouwen;0 tot 5 jaar;Aruba;Saba;2012;0;0;0
3057;Totaal mannen en vrouwen;0 tot 5 jaar;Aruba;Saba;2013;0;0;0
3058;Totaal mannen en vrouwen;0 tot 5 jaar;Aruba;Saba;2014;0;0;0
3059;Totaal mannen en vrouwen;0 tot 5 jaar;Aruba;Saba;2015;0;0;0
3060;Totaal mannen en vrouwen;0 tot 5 jaar;Aruba;Saba;2016;0;0;0
3061;Totaal mannen en vrouwen;0 tot 5 jaar;Aruba;Saba;2017;0;0;0
3062;Totaal mannen en vrouwen;0 tot 5 jaar;Aruba;Saba;2018;0;0;0
3063;Totaal mannen en vrouwen;0 tot 5 jaar;Aruba;Saba;2019;0;0;0
3064;Totaal mannen en vrouwen;0 tot 5 jaar;Aruba;Saba;2020;0;0;0
3065;Totaal mannen en vrouwen;0 tot 5 jaar;Aruba;Saba;2021;1;0;1
3066;Totaal mannen en vrouwen;0 tot 5 jaar;Aruba;Saba;2022;0;0;0
3067;Totaal mannen en vrouwen;0 tot 5 jaar;Aruba;Saba;2023;0;0;0
3068;Totaal mannen en vrouwen;0 tot 5 jaar;Bonaire;Caribisch Nederland;2011;7;23;-16
3069;Totaal mannen en vrouwen;0 tot 5 jaar;Bonaire;Caribisch Nederland;2012;12;21;-9
3070;Totaal mannen en vrouwen;0 tot 5 jaar;Bonaire;Caribisch Nederland;2013;9;23;-14
3071;Totaal mannen en vrouwen;0 tot 5 jaar;Bonaire;Caribisch Nederland;2014;4;19;-15
3072;Totaal mannen en vrouwen;0 tot 5 jaar;Bonaire;Caribisch Nederland;2015;5;19;-14
3073;Totaal mannen en vrouwen;0 tot 5 jaar;Bonaire;Caribisch Nederland;2016;4;32;-28
3074;Totaal mannen en vrouwen;0 tot 5 jaar;Bonaire;Caribisch Nederland;2017;14;33;-19
3075;Totaal mannen en vrouwen;0 tot 5 jaar;Bonaire;Caribisch Nederland;2018;3;27;-24
3076;Totaal mannen en vrouwen;0 tot 5 jaar;Bonaire;Caribisch Nederland;2019;4;18;-14
3077;Totaal mannen en vrouwen;0 tot 5 jaar;Bonaire;Caribisch Nederland;2020;6;24;-18
3078;Totaal mannen en vrouwen;0 tot 5 jaar;Bonaire;Caribisch Nederland;2021;5;23;-18
3079;Totaal mannen en vrouwen;0 tot 5 jaar;Bonaire;Caribisch Nederland;2022;6;35;-29
3080;Totaal mannen en vrouwen;0 tot 5 jaar;Bonaire;Caribisch Nederland;2023;7;27;-20
3081;Totaal mannen en vrouwen;0 tot 5 jaar;Bonaire;Bonaire;2011;7;23;-16
3082;Totaal mannen en vrouwen;0 tot 5 jaar;Bonaire;Bonaire;2012;12;21;-9
3083;Totaal mannen en vrouwen;0 tot 5 jaar;Bonaire;Bonaire;2013;9;23;-14
3084;Totaal mannen en vrouwen;0 tot 5 jaar;Bonaire;Bonaire;2014;4;19;-15
3085;Totaal mannen en vrouwen;0 tot 5 jaar;Bonaire;Bonaire;2015;5;19;-14
3086;Totaal mannen en vrouwen;0 tot 5 jaar;Bonaire;Bonaire;2016;4;32;-28
3087;Totaal mannen en vrouwen;0 tot 5 jaar;Bonaire;Bonaire;2017;14;33;-19
3088;Totaal mannen en vrouwen;0 tot 5 jaar;Bonaire;Bonaire;2018;3;27;-24
3089;Totaal mannen en vrouwen;0 tot 5 jaar;Bonaire;Bonaire;2019;4;18;-14
3090;Totaal mannen en vrouwen;0 tot 5 jaar;Bonaire;Bonaire;2020;6;24;-18
3091;Totaal mannen en vrouwen;0 tot 5 jaar;Bonaire;Bonaire;2021;5;23;-18
3092;Totaal mannen en vrouwen;0 tot 5 jaar;Bonaire;Bonaire;2022;6;35;-29
3093;Totaal mannen en vrouwen;0 tot 5 jaar;Bonaire;Bonaire;2023;7;27;-20
3094;Totaal mannen en vrouwen;0 tot 5 jaar;Bonaire;Sint Eustatius;2011;0;0;0
3095;Totaal mannen en vrouwen;0 tot 5 jaar;Bonaire;Sint Eustatius;2012;0;0;0
3096;Totaal mannen en vrouwen;0 tot 5 jaar;Bonaire;Sint Eustatius;2013;0;0;0
3097;Totaal mannen en vrouwen;0 tot 5 jaar;Bonaire;Sint Eustatius;2014;0;0;0
3098;Totaal mannen en vrouwen;0 tot 5 jaar;Bonaire;Sint Eustatius;2015;0;0;0
3099;Totaal mannen en vrouwen;0 tot 5 jaar;Bonaire;Sint Eustatius;2016;0;0;0
3100;Totaal mannen en vrouwen;0 tot 5 jaar;Bonaire;Sint Eustatius;2017;0;0;0
3101;Totaal mannen en vrouwen;0 tot 5 jaar;Bonaire;Sint Eustatius;2018;0;0;0
3102;Totaal mannen en vrouwen;0 tot 5 jaar;Bonaire;Sint Eustatius;2019;0;0;0
3103;Totaal mannen en vrouwen;0 tot 5 jaar;Bonaire;Sint Eustatius;2020;0;0;0
3104;Totaal mannen en vrouwen;0 tot 5 jaar;Bonaire;Sint Eustatius;2021;0;0;0
3105;Totaal mannen en vrouwen;0 tot 5 jaar;Bonaire;Sint Eustatius;2022;0;0;0
3106;Totaal mannen en vrouwen;0 tot 5 jaar;Bonaire;Sint Eustatius;2023;0;0;0
3107;Totaal mannen en vrouwen;0 tot 5 jaar;Bonaire;Saba;2011;0;0;0
3108;Totaal mannen en vrouwen;0 tot 5 jaar;Bonaire;Saba;2012;0;0;0
3109;Totaal mannen en vrouwen;0 tot 5 jaar;Bonaire;Saba;2013;0;0;0
3110;Totaal mannen en vrouwen;0 tot 5 jaar;Bonaire;Saba;2014;0;0;0
3111;Totaal mannen en vrouwen;0 tot 5 jaar;Bonaire;Saba;2015;0;0;0
3112;Totaal mannen en vrouwen;0 tot 5 jaar;Bonaire;Saba;2016;0;0;0
3113;Totaal mannen en vrouwen;0 tot 5 jaar;Bonaire;Saba;2017;0;0;0
3114;Totaal mannen en vrouwen;0 tot 5 jaar;Bonaire;Saba;2018;0;0;0
3115;Totaal mannen en vrouwen;0 tot 5 jaar;Bonaire;Saba;2019;0;0;0
3116;Totaal mannen en vrouwen;0 tot 5 jaar;Bonaire;Saba;2020;0;0;0
3117;Totaal mannen en vrouwen;0 tot 5 jaar;Bonaire;Saba;2021;0;0;0
3118;Totaal mannen en vrouwen;0 tot 5 jaar;Bonaire;Saba;2022;0;0;0
3119;Totaal mannen en vrouwen;0 tot 5 jaar;Bonaire;Saba;2023;0;0;0
3120;Totaal mannen en vrouwen;0 tot 5 jaar;Canada;Caribisch Nederland;2011;3;2;1
3121;Totaal mannen en vrouwen;0 tot 5 jaar;Canada;Caribisch Nederland;2012;3;0;3
3122;Totaal mannen en vrouwen;0 tot 5 jaar;Canada;Caribisch Nederland;2013;5;4;1
3123;Totaal mannen en vrouwen;0 tot 5 jaar;Canada;Caribisch Nederland;2014;1;0;1
3124;Totaal mannen en vrouwen;0 tot 5 jaar;Canada;Caribisch Nederland;2015;0;2;-2
3125;Totaal mannen en vrouwen;0 tot 5 jaar;Canada;Caribisch Nederland;2016;3;2;1
3126;Totaal mannen en vrouwen;0 tot 5 jaar;Canada;Caribisch Nederland;2017;0;0;0
3127;Totaal mannen en vrouwen;0 tot 5 jaar;Canada;Caribisch Nederland;2018;5;1;4
3128;Totaal mannen en vrouwen;0 tot 5 jaar;Canada;Caribisch Nederland;2019;2;2;0
3129;Totaal mannen en vrouwen;0 tot 5 jaar;Canada;Caribisch Nederland;2020;0;0;0
3130;Totaal mannen en vrouwen;0 tot 5 jaar;Canada;Caribisch Nederland;2021;0;3;-3
3131;Totaal mannen en vrouwen;0 tot 5 jaar;Canada;Caribisch Nederland;2022;2;0;2
3132;Totaal mannen en vrouwen;0 tot 5 jaar;Canada;Caribisch Nederland;2023;0;1;-1
3133;Totaal mannen en vrouwen;0 tot 5 jaar;Canada;Bonaire;2011;0;0;0
3134;Totaal mannen en vrouwen;0 tot 5 jaar;Canada;Bonaire;2012;0;0;0
3135;Totaal mannen en vrouwen;0 tot 5 jaar;Canada;Bonaire;2013;0;0;0
3136;Totaal mannen en vrouwen;0 tot 5 jaar;Canada;Bonaire;2014;0;0;0
3137;Totaal mannen en vrouwen;0 tot 5 jaar;Canada;Bonaire;2015;0;0;0
3138;Totaal mannen en vrouwen;0 tot 5 jaar;Canada;Bonaire;2016;0;0;0
3139;Totaal mannen en vrouwen;0 tot 5 jaar;Canada;Bonaire;2017;0;0;0
3140;Totaal mannen en vrouwen;0 tot 5 jaar;Canada;Bonaire;2018;0;0;0
3141;Totaal mannen en vrouwen;0 tot 5 jaar;Canada;Bonaire;2019;0;0;0
3142;Totaal mannen en vrouwen;0 tot 5 jaar;Canada;Bonaire;2020;0;0;0
3143;Totaal mannen en vrouwen;0 tot 5 jaar;Canada;Bonaire;2021;0;0;0
3144;Totaal mannen en vrouwen;0 tot 5 jaar;Canada;Bonaire;2022;0;0;0
3145;Totaal mannen en vrouwen;0 tot 5 jaar;Canada;Bonaire;2023;0;0;0
3146;Totaal mannen en vrouwen;0 tot 5 jaar;Canada;Sint Eustatius;2011;2;2;0
3147;Totaal mannen en vrouwen;0 tot 5 jaar;Canada;Sint Eustatius;2012;1;0;1
3148;Totaal mannen en vrouwen;0 tot 5 jaar;Canada;Sint Eustatius;2013;5;3;2
3149;Totaal mannen en vrouwen;0 tot 5 jaar;Canada;Sint Eustatius;2014;0;0;0
3150;Totaal mannen en vrouwen;0 tot 5 jaar;Canada;Sint Eustatius;2015;0;2;-2
3151;Totaal mannen en vrouwen;0 tot 5 jaar;Canada;Sint Eustatius;2016;0;0;0
3152;Totaal mannen en vrouwen;0 tot 5 jaar;Canada;Sint Eustatius;2017;0;0;0
3153;Totaal mannen en vrouwen;0 tot 5 jaar;Canada;Sint Eustatius;2018;3;0;3
3154;Totaal mannen en vrouwen;0 tot 5 jaar;Canada;Sint Eustatius;2019;0;2;-2
3155;Totaal mannen en vrouwen;0 tot 5 jaar;Canada;Sint Eustatius;2020;0;0;0
3156;Totaal mannen en vrouwen;0 tot 5 jaar;Canada;Sint Eustatius;2021;0;0;0
3157;Totaal mannen en vrouwen;0 tot 5 jaar;Canada;Sint Eustatius;2022;0;0;0
3158;Totaal mannen en vrouwen;0 tot 5 jaar;Canada;Sint Eustatius;2023;0;0;0
3159;Totaal mannen en vrouwen;0 tot 5 jaar;Canada;Saba;2011;1;0;1
3160;Totaal mannen en vrouwen;0 tot 5 jaar;Canada;Saba;2012;2;0;2
3161;Totaal mannen en vrouwen;0 tot 5 jaar;Canada;Saba;2013;0;1;-1
3162;Totaal mannen en vrouwen;0 tot 5 jaar;Canada;Saba;2014;1;0;1
3163;Totaal mannen en vrouwen;0 tot 5 jaar;Canada;Saba;2015;0;0;0
3164;Totaal mannen en vrouwen;0 tot 5 jaar;Canada;Saba;2016;3;2;1
3165;Totaal mannen en vrouwen;0 tot 5 jaar;Canada;Saba;2017;0;0;0
3166;Totaal mannen en vrouwen;0 tot 5 jaar;Canada;Saba;2018;2;1;1
3167;Totaal mannen en vrouwen;0 tot 5 jaar;Canada;Saba;2019;2;0;2
3168;Totaal mannen en vrouwen;0 tot 5 jaar;Canada;Saba;2020;0;0;0
3169;Totaal mannen en vrouwen;0 tot 5 jaar;Canada;Saba;2021;0;3;-3
3170;Totaal mannen en vrouwen;0 tot 5 jaar;Canada;Saba;2022;2;0;2
3171;Totaal mannen en vrouwen;0 tot 5 jaar;Canada;Saba;2023;0;1;-1
3172;Totaal mannen en vrouwen;0 tot 5 jaar;China;Caribisch Nederland;2011;0;0;0
3173;Totaal mannen en vrouwen;0 tot 5 jaar;China;Caribisch Nederland;2012;0;0;0
3174;Totaal mannen en vrouwen;0 tot 5 jaar;China;Caribisch Nederland;2013;0;0;0
3175;Totaal mannen en vrouwen;0 tot 5 jaar;China;Caribisch Nederland;2014;0;0;0
3176;Totaal mannen en vrouwen;0 tot 5 jaar;China;Caribisch Nederland;2015;0;0;0
3177;Totaal mannen en vrouwen;0 tot 5 jaar;China;Caribisch Nederland;2016;0;0;0
3178;Totaal mannen en vrouwen;0 tot 5 jaar;China;Caribisch Nederland;2017;0;0;0
3179;Totaal mannen en vrouwen;0 tot 5 jaar;China;Caribisch Nederland;2018;0;0;0
3180;Totaal mannen en vrouwen;0 tot 5 jaar;China;Caribisch Nederland;2019;1;0;1
3181;Totaal mannen en vrouwen;0 tot 5 jaar;China;Caribisch Nederland;2020;1;0;1
3182;Totaal mannen en vrouwen;0 tot 5 jaar;China;Caribisch Nederland;2021;0;0;0
3183;Totaal mannen en vrouwen;0 tot 5 jaar;China;Caribisch Nederland;2022;0;0;0
3184;Totaal mannen en vrouwen;0 tot 5 jaar;China;Caribisch Nederland;2023;0;0;0
3185;Totaal mannen en vrouwen;0 tot 5 jaar;China;Bonaire;2011;0;0;0
3186;Totaal mannen en vrouwen;0 tot 5 jaar;China;Bonaire;2012;0;0;0
3187;Totaal mannen en vrouwen;0 tot 5 jaar;China;Bonaire;2013;0;0;0
3188;Totaal mannen en vrouwen;0 tot 5 jaar;China;Bonaire;2014;0;0;0
3189;Totaal mannen en vrouwen;0 tot 5 jaar;China;Bonaire;2015;0;0;0
3190;Totaal mannen en vrouwen;0 tot 5 jaar;China;Bonaire;2016;0;0;0
3191;Totaal mannen en vrouwen;0 tot 5 jaar;China;Bonaire;2017;0;0;0
3192;Totaal mannen en vrouwen;0 tot 5 jaar;China;Bonaire;2018;0;0;0
3193;Totaal mannen en vrouwen;0 tot 5 jaar;China;Bonaire;2019;0;0;0
3194;Totaal mannen en vrouwen;0 tot 5 jaar;China;Bonaire;2020;1;0;1
3195;Totaal mannen en vrouwen;0 tot 5 jaar;China;Bonaire;2021;0;0;0
3196;Totaal mannen en vrouwen;0 tot 5 jaar;China;Bonaire;2022;0;0;0
3197;Totaal mannen en vrouwen;0 tot 5 jaar;China;Bonaire;2023;0;0;0
3198;Totaal mannen en vrouwen;0 tot 5 jaar;China;Sint Eustatius;2011;0;0;0
3199;Totaal mannen en vrouwen;0 tot 5 jaar;China;Sint Eustatius;2012;0;0;0
3200;Totaal mannen en vrouwen;0 tot 5 jaar;China;Sint Eustatius;2013;0;0;0
3201;Totaal mannen en vrouwen;0 tot 5 jaar;China;Sint Eustatius;2014;0;0;0
3202;Totaal mannen en vrouwen;0 tot 5 jaar;China;Sint Eustatius;2015;0;0;0
3203;Totaal mannen en vrouwen;0 tot 5 jaar;China;Sint Eustatius;2016;0;0;0
3204;Totaal mannen en vrouwen;0 tot 5 jaar;China;Sint Eustatius;2017;0;0;0
3205;Totaal mannen en vrouwen;0 tot 5 jaar;China;Sint Eustatius;2018;0;0;0
3206;Totaal mannen en vrouwen;0 tot 5 jaar;China;Sint Eustatius;2019;1;0;1
3207;Totaal mannen en vrouwen;0 tot 5 jaar;China;Sint Eustatius;2020;0;0;0
3208;Totaal mannen en vrouwen;0 tot 5 jaar;China;Sint Eustatius;2021;0;0;0
3209;Totaal mannen en vrouwen;0 tot 5 jaar;China;Sint Eustatius;2022;0;0;0
3210;Totaal mannen en vrouwen;0 tot 5 jaar;China;Sint Eustatius;2023;0;0;0
3211;Totaal mannen en vrouwen;0 tot 5 jaar;China;Saba;2011;0;0;0
3212;Totaal mannen en vrouwen;0 tot 5 jaar;China;Saba;2012;0;0;0
3213;Totaal mannen en vrouwen;0 tot 5 jaar;China;Saba;2013;0;0;0
3214;Totaal mannen en vrouwen;0 tot 5 jaar;China;Saba;2014;0;0;0
3215;Totaal mannen en vrouwen;0 tot 5 jaar;China;Saba;2015;0;0;0
3216;Totaal mannen en vrouwen;0 tot 5 jaar;China;Saba;2016;0;0;0
3217;Totaal mannen en vrouwen;0 tot 5 jaar;China;Saba;2017;0;0;0
3218;Totaal mannen en vrouwen;0 tot 5 jaar;China;Saba;2018;0;0;0
3219;Totaal mannen en vrouwen;0 tot 5 jaar;China;Saba;2019;0;0;0
3220;Totaal mannen en vrouwen;0 tot 5 jaar;China;Saba;2020;0;0;0
3221;Totaal mannen en vrouwen;0 tot 5 jaar;China;Saba;2021;0;0;0
3222;Totaal mannen en vrouwen;0 tot 5 jaar;China;Saba;2022;0;0;0
3223;Totaal mannen en vrouwen;0 tot 5 jaar;China;Saba;2023;0;0;0
3224;Totaal mannen en vrouwen;0 tot 5 jaar;Colombia;Caribisch Nederland;2011;1;1;0
3225;Totaal mannen en vrouwen;0 tot 5 jaar;Colombia;Caribisch Nederland;2012;6;0;6
3226;Totaal mannen en vrouwen;0 tot 5 jaar;Colombia;Caribisch Nederland;2013;9;2;7
3227;Totaal mannen en vrouwen;0 tot 5 jaar;Colombia;Caribisch Nederland;2014;8;1;7
3228;Totaal mannen en vrouwen;0 tot 5 jaar;Colombia;Caribisch Nederland;2015;4;1;3
3229;Totaal mannen en vrouwen;0 tot 5 jaar;Colombia;Caribisch Nederland;2016;4;4;0
3230;Totaal mannen en vrouwen;0 tot 5 jaar;Colombia;Caribisch Nederland;2017;12;2;10
3231;Totaal mannen en vrouwen;0 tot 5 jaar;Colombia;Caribisch Nederland;2018;9;1;8
3232;Totaal mannen en vrouwen;0 tot 5 jaar;Colombia;Caribisch Nederland;2019;1;2;-1
3233;Totaal mannen en vrouwen;0 tot 5 jaar;Colombia;Caribisch Nederland;2020;9;2;7
3234;Totaal mannen en vrouwen;0 tot 5 jaar;Colombia;Caribisch Nederland;2021;1;3;-2
3235;Totaal mannen en vrouwen;0 tot 5 jaar;Colombia;Caribisch Nederland;2022;2;0;2
3236;Totaal mannen en vrouwen;0 tot 5 jaar;Colombia;Caribisch Nederland;2023;9;0;9
3237;Totaal mannen en vrouwen;0 tot 5 jaar;Colombia;Bonaire;2011;0;1;-1
3238;Totaal mannen en vrouwen;0 tot 5 jaar;Colombia;Bonaire;2012;6;0;6
3239;Totaal mannen en vrouwen;0 tot 5 jaar;Colombia;Bonaire;2013;6;2;4
3240;Totaal mannen en vrouwen;0 tot 5 jaar;Colombia;Bonaire;2014;6;1;5
3241;Totaal mannen en vrouwen;0 tot 5 jaar;Colombia;Bonaire;2015;3;1;2
3242;Totaal mannen en vrouwen;0 tot 5 jaar;Colombia;Bonaire;2016;3;3;0
3243;Totaal mannen en vrouwen;0 tot 5 jaar;Colombia;Bonaire;2017;10;2;8
3244;Totaal mannen en vrouwen;0 tot 5 jaar;Colombia;Bonaire;2018;9;0;9
3245;Totaal mannen en vrouwen;0 tot 5 jaar;Colombia;Bonaire;2019;1;2;-1
3246;Totaal mannen en vrouwen;0 tot 5 jaar;Colombia;Bonaire;2020;9;2;7
3247;Totaal mannen en vrouwen;0 tot 5 jaar;Colombia;Bonaire;2021;1;3;-2
3248;Totaal mannen en vrouwen;0 tot 5 jaar;Colombia;Bonaire;2022;2;0;2
3249;Totaal mannen en vrouwen;0 tot 5 jaar;Colombia;Bonaire;2023;8;0;8
3250;Totaal mannen en vrouwen;0 tot 5 jaar;Colombia;Sint Eustatius;2011;0;0;0
3251;Totaal mannen en vrouwen;0 tot 5 jaar;Colombia;Sint Eustatius;2012;0;0;0
3252;Totaal mannen en vrouwen;0 tot 5 jaar;Colombia;Sint Eustatius;2013;0;0;0
3253;Totaal mannen en vrouwen;0 tot 5 jaar;Colombia;Sint Eustatius;2014;0;0;0
3254;Totaal mannen en vrouwen;0 tot 5 jaar;Colombia;Sint Eustatius;2015;0;0;0
3255;Totaal mannen en vrouwen;0 tot 5 jaar;Colombia;Sint Eustatius;2016;0;0;0
3256;Totaal mannen en vrouwen;0 tot 5 jaar;Colombia;Sint Eustatius;2017;1;0;1
3257;Totaal mannen en vrouwen;0 tot 5 jaar;Colombia;Sint Eustatius;2018;0;0;0
3258;Totaal mannen en vrouwen;0 tot 5 jaar;Colombia;Sint Eustatius;2019;0;0;0
3259;Totaal mannen en vrouwen;0 tot 5 jaar;Colombia;Sint Eustatius;2020;0;0;0
3260;Totaal mannen en vrouwen;0 tot 5 jaar;Colombia;Sint Eustatius;2021;0;0;0
3261;Totaal mannen en vrouwen;0 tot 5 jaar;Colombia;Sint Eustatius;2022;0;0;0
3262;Totaal mannen en vrouwen;0 tot 5 jaar;Colombia;Sint Eustatius;2023;0;0;0
3263;Totaal mannen en vrouwen;0 tot 5 jaar;Colombia;Saba;2011;1;0;1
3264;Totaal mannen en vrouwen;0 tot 5 jaar;Colombia;Saba;2012;0;0;0
3265;Totaal mannen en vrouwen;0 tot 5 jaar;Colombia;Saba;2013;3;0;3
3266;Totaal mannen en vrouwen;0 tot 5 jaar;Colombia;Saba;2014;2;0;2
3267;Totaal mannen en vrouwen;0 tot 5 jaar;Colombia;Saba;2015;1;0;1
3268;Totaal mannen en vrouwen;0 tot 5 jaar;Colombia;Saba;2016;1;1;0
3269;Totaal mannen en vrouwen;0 tot 5 jaar;Colombia;Saba;2017;1;0;1
3270;Totaal mannen en vrouwen;0 tot 5 jaar;Colombia;Saba;2018;0;1;-1
3271;Totaal mannen en vrouwen;0 tot 5 jaar;Colombia;Saba;2019;0;0;0
3272;Totaal mannen en vrouwen;0 tot 5 jaar;Colombia;Saba;2020;0;0;0
3273;Totaal mannen en vrouwen;0 tot 5 jaar;Colombia;Saba;2021;0;0;0
3274;Totaal mannen en vrouwen;0 tot 5 jaar;Colombia;Saba;2022;0;0;0
3275;Totaal mannen en vrouwen;0 tot 5 jaar;Colombia;Saba;2023;1;0;1
3276;Totaal mannen en vrouwen;0 tot 5 jaar;Curaçao;Caribisch Nederland;2011;12;15;-3
3277;Totaal mannen en vrouwen;0 tot 5 jaar;Curaçao;Caribisch Nederland;2012;24;7;17
3278;Totaal mannen en vrouwen;0 tot 5 jaar;Curaçao;Caribisch Nederland;2013;27;1;26
3279;Totaal mannen en vrouwen;0 tot 5 jaar;Curaçao;Caribisch Nederland;2014;16;10;6
3280;Totaal mannen en vrouwen;0 tot 5 jaar;Curaçao;Caribisch Nederland;2015;24;3;21
3281;Totaal mannen en vrouwen;0 tot 5 jaar;Curaçao;Caribisch Nederland;2016;7;3;4
3282;Totaal mannen en vrouwen;0 tot 5 jaar;Curaçao;Caribisch Nederland;2017;13;4;9
3283;Totaal mannen en vrouwen;0 tot 5 jaar;Curaçao;Caribisch Nederland;2018;22;8;14
3284;Totaal mannen en vrouwen;0 tot 5 jaar;Curaçao;Caribisch Nederland;2019;23;4;19
3285;Totaal mannen en vrouwen;0 tot 5 jaar;Curaçao;Caribisch Nederland;2020;41;3;38
3286;Totaal mannen en vrouwen;0 tot 5 jaar;Curaçao;Caribisch Nederland;2021;26;5;21
3287;Totaal mannen en vrouwen;0 tot 5 jaar;Curaçao;Caribisch Nederland;2022;23;10;13
3288;Totaal mannen en vrouwen;0 tot 5 jaar;Curaçao;Caribisch Nederland;2023;17;1;16
3289;Totaal mannen en vrouwen;0 tot 5 jaar;Curaçao;Bonaire;2011;11;13;-2
3290;Totaal mannen en vrouwen;0 tot 5 jaar;Curaçao;Bonaire;2012;24;6;18
3291;Totaal mannen en vrouwen;0 tot 5 jaar;Curaçao;Bonaire;2013;24;1;23
3292;Totaal mannen en vrouwen;0 tot 5 jaar;Curaçao;Bonaire;2014;16;9;7
3293;Totaal mannen en vrouwen;0 tot 5 jaar;Curaçao;Bonaire;2015;21;2;19
3294;Totaal mannen en vrouwen;0 tot 5 jaar;Curaçao;Bonaire;2016;7;3;4
3295;Totaal mannen en vrouwen;0 tot 5 jaar;Curaçao;Bonaire;2017;9;4;5
3296;Totaal mannen en vrouwen;0 tot 5 jaar;Curaçao;Bonaire;2018;21;6;15
3297;Totaal mannen en vrouwen;0 tot 5 jaar;Curaçao;Bonaire;2019;21;4;17
3298;Totaal mannen en vrouwen;0 tot 5 jaar;Curaçao;Bonaire;2020;41;2;39
3299;Totaal mannen en vrouwen;0 tot 5 jaar;Curaçao;Bonaire;2021;25;3;22
3300;Totaal mannen en vrouwen;0 tot 5 jaar;Curaçao;Bonaire;2022;20;9;11
3301;Totaal mannen en vrouwen;0 tot 5 jaar;Curaçao;Bonaire;2023;17;1;16
3302;Totaal mannen en vrouwen;0 tot 5 jaar;Curaçao;Sint Eustatius;2011;1;1;0
3303;Totaal mannen en vrouwen;0 tot 5 jaar;Curaçao;Sint Eustatius;2012;0;1;-1
3304;Totaal mannen en vrouwen;0 tot 5 jaar;Curaçao;Sint Eustatius;2013;2;0;2
3305;Totaal mannen en vrouwen;0 tot 5 jaar;Curaçao;Sint Eustatius;2014;0;1;-1
3306;Totaal mannen en vrouwen;0 tot 5 jaar;Curaçao;Sint Eustatius;2015;3;1;2
3307;Totaal mannen en vrouwen;0 tot 5 jaar;Curaçao;Sint Eustatius;2016;0;0;0
3308;Totaal mannen en vrouwen;0 tot 5 jaar;Curaçao;Sint Eustatius;2017;4;0;4
3309;Totaal mannen en vrouwen;0 tot 5 jaar;Curaçao;Sint Eustatius;2018;1;2;-1
3310;Totaal mannen en vrouwen;0 tot 5 jaar;Curaçao;Sint Eustatius;2019;2;0;2
3311;Totaal mannen en vrouwen;0 tot 5 jaar;Curaçao;Sint Eustatius;2020;0;1;-1
3312;Totaal mannen en vrouwen;0 tot 5 jaar;Curaçao;Sint Eustatius;2021;1;2;-1
3313;Totaal mannen en vrouwen;0 tot 5 jaar;Curaçao;Sint Eustatius;2022;2;1;1
3314;Totaal mannen en vrouwen;0 tot 5 jaar;Curaçao;Sint Eustatius;2023;0;0;0
3315;Totaal mannen en vrouwen;0 tot 5 jaar;Curaçao;Saba;2011;0;1;-1
3316;Totaal mannen en vrouwen;0 tot 5 jaar;Curaçao;Saba;2012;0;0;0
3317;Totaal mannen en vrouwen;0 tot 5 jaar;Curaçao;Saba;2013;1;0;1
3318;Totaal mannen en vrouwen;0 tot 5 jaar;Curaçao;Saba;2014;0;0;0
3319;Totaal mannen en vrouwen;0 tot 5 jaar;Curaçao;Saba;2015;0;0;0
3320;Totaal mannen en vrouwen;0 tot 5 jaar;Curaçao;Saba;2016;0;0;0
3321;Totaal mannen en vrouwen;0 tot 5 jaar;Curaçao;Saba;2017;0;0;0
3322;Totaal mannen en vrouwen;0 tot 5 jaar;Curaçao;Saba;2018;0;0;0
3323;Totaal mannen en vrouwen;0 tot 5 jaar;Curaçao;Saba;2019;0;0;0
3324;Totaal mannen en vrouwen;0 tot 5 jaar;Curaçao;Saba;2020;0;0;0
3325;Totaal mannen en vrouwen;0 tot 5 jaar;Curaçao;Saba;2021;0;0;0
3326;Totaal mannen en vrouwen;0 tot 5 jaar;Curaçao;Saba;2022;1;0;1
3327;Totaal mannen en vrouwen;0 tot 5 jaar;Curaçao;Saba;2023;0;0;0
3328;Totaal mannen en vrouwen;0 tot 5 jaar;Dominicaanse Republiek;Caribisch Nederland;2011;0;1;-1
3329;Totaal mannen en vrouwen;0 tot 5 jaar;Dominicaanse Republiek;Caribisch Nederland;2012;2;0;2
3330;Totaal mannen en vrouwen;0 tot 5 jaar;Dominicaanse Republiek;Caribisch Nederland;2013;3;0;3
3331;Totaal mannen en vrouwen;0 tot 5 jaar;Dominicaanse Republiek;Caribisch Nederland;2014;2;0;2
3332;Totaal mannen en vrouwen;0 tot 5 jaar;Dominicaanse Republiek;Caribisch Nederland;2015;4;0;4
3333;Totaal mannen en vrouwen;0 tot 5 jaar;Dominicaanse Republiek;Caribisch Nederland;2016;4;0;4
3334;Totaal mannen en vrouwen;0 tot 5 jaar;Dominicaanse Republiek;Caribisch Nederland;2017;4;0;4
3335;Totaal mannen en vrouwen;0 tot 5 jaar;Dominicaanse Republiek;Caribisch Nederland;2018;2;2;0
3336;Totaal mannen en vrouwen;0 tot 5 jaar;Dominicaanse Republiek;Caribisch Nederland;2019;4;0;4
3337;Totaal mannen en vrouwen;0 tot 5 jaar;Dominicaanse Republiek;Caribisch Nederland;2020;2;0;2
3338;Totaal mannen en vrouwen;0 tot 5 jaar;Dominicaanse Republiek;Caribisch Nederland;2021;1;0;1
3339;Totaal mannen en vrouwen;0 tot 5 jaar;Dominicaanse Republiek;Caribisch Nederland;2022;9;0;9
3340;Totaal mannen en vrouwen;0 tot 5 jaar;Dominicaanse Republiek;Caribisch Nederland;2023;7;1;6
3341;Totaal mannen en vrouwen;0 tot 5 jaar;Dominicaanse Republiek;Bonaire;2011;0;0;0
3342;Totaal mannen en vrouwen;0 tot 5 jaar;Dominicaanse Republiek;Bonaire;2012;2;0;2
3343;Totaal mannen en vrouwen;0 tot 5 jaar;Dominicaanse Republiek;Bonaire;2013;1;0;1
3344;Totaal mannen en vrouwen;0 tot 5 jaar;Dominicaanse Republiek;Bonaire;2014;2;0;2
3345;Totaal mannen en vrouwen;0 tot 5 jaar;Dominicaanse Republiek;Bonaire;2015;3;0;3
3346;Totaal mannen en vrouwen;0 tot 5 jaar;Dominicaanse Republiek;Bonaire;2016;4;0;4
3347;Totaal mannen en vrouwen;0 tot 5 jaar;Dominicaanse Republiek;Bonaire;2017;0;0;0
3348;Totaal mannen en vrouwen;0 tot 5 jaar;Dominicaanse Republiek;Bonaire;2018;2;2;0
3349;Totaal mannen en vrouwen;0 tot 5 jaar;Dominicaanse Republiek;Bonaire;2019;0;0;0
3350;Totaal mannen en vrouwen;0 tot 5 jaar;Dominicaanse Republiek;Bonaire;2020;2;0;2
3351;Totaal mannen en vrouwen;0 tot 5 jaar;Dominicaanse Republiek;Bonaire;2021;1;0;1
3352;Totaal mannen en vrouwen;0 tot 5 jaar;Dominicaanse Republiek;Bonaire;2022;3;0;3
3353;Totaal mannen en vrouwen;0 tot 5 jaar;Dominicaanse Republiek;Bonaire;2023;6;0;6
3354;Totaal mannen en vrouwen;0 tot 5 jaar;Dominicaanse Republiek;Sint Eustatius;2011;0;0;0
3355;Totaal mannen en vrouwen;0 tot 5 jaar;Dominicaanse Republiek;Sint Eustatius;2012;0;0;0
3356;Totaal mannen en vrouwen;0 tot 5 jaar;Dominicaanse Republiek;Sint Eustatius;2013;1;0;1
3357;Totaal mannen en vrouwen;0 tot 5 jaar;Dominicaanse Republiek;Sint Eustatius;2014;0;0;0
3358;Totaal mannen en vrouwen;0 tot 5 jaar;Dominicaanse Republiek;Sint Eustatius;2015;0;0;0
3359;Totaal mannen en vrouwen;0 tot 5 jaar;Dominicaanse Republiek;Sint Eustatius;2016;0;0;0
3360;Totaal mannen en vrouwen;0 tot 5 jaar;Dominicaanse Republiek;Sint Eustatius;2017;3;0;3
3361;Totaal mannen en vrouwen;0 tot 5 jaar;Dominicaanse Republiek;Sint Eustatius;2018;0;0;0
3362;Totaal mannen en vrouwen;0 tot 5 jaar;Dominicaanse Republiek;Sint Eustatius;2019;2;0;2
3363;Totaal mannen en vrouwen;0 tot 5 jaar;Dominicaanse Republiek;Sint Eustatius;2020;0;0;0
3364;Totaal mannen en vrouwen;0 tot 5 jaar;Dominicaanse Republiek;Sint Eustatius;2021;0;0;0
3365;Totaal mannen en vrouwen;0 tot 5 jaar;Dominicaanse Republiek;Sint Eustatius;2022;2;0;2
3366;Totaal mannen en vrouwen;0 tot 5 jaar;Dominicaanse Republiek;Sint Eustatius;2023;0;1;-1
3367;Totaal mannen en vrouwen;0 tot 5 jaar;Dominicaanse Republiek;Saba;2011;0;1;-1
3368;Totaal mannen en vrouwen;0 tot 5 jaar;Dominicaanse Republiek;Saba;2012;0;0;0
3369;Totaal mannen en vrouwen;0 tot 5 jaar;Dominicaanse Republiek;Saba;2013;1;0;1
3370;Totaal mannen en vrouwen;0 tot 5 jaar;Dominicaanse Republiek;Saba;2014;0;0;0
3371;Totaal mannen en vrouwen;0 tot 5 jaar;Dominicaanse Republiek;Saba;2015;1;0;1
3372;Totaal mannen en vrouwen;0 tot 5 jaar;Dominicaanse Republiek;Saba;2016;0;0;0
3373;Totaal mannen en vrouwen;0 tot 5 jaar;Dominicaanse Republiek;Saba;2017;1;0;1
3374;Totaal mannen en vrouwen;0 tot 5 jaar;Dominicaanse Republiek;Saba;2018;0;0;0
3375;Totaal mannen en vrouwen;0 tot 5 jaar;Dominicaanse Republiek;Saba;2019;2;0;2
3376;Totaal mannen en vrouwen;0 tot 5 jaar;Dominicaanse Republiek;Saba;2020;0;0;0
3377;Totaal mannen en vrouwen;0 tot 5 jaar;Dominicaanse Republiek;Saba;2021;0;0;0
3378;Totaal mannen en vrouwen;0 tot 5 jaar;Dominicaanse Republiek;Saba;2022;4;0;4
3379;Totaal mannen en vrouwen;0 tot 5 jaar;Dominicaanse Republiek;Saba;2023;1;0;1
3380;Totaal mannen en vrouwen;0 tot 5 jaar;Ecuador;Caribisch Nederland;2011;0;0;0
3381;Totaal mannen en vrouwen;0 tot 5 jaar;Ecuador;Caribisch Nederland;2012;0;0;0
3382;Totaal mannen en vrouwen;0 tot 5 jaar;Ecuador;Caribisch Nederland;2013;0;0;0
3383;Totaal mannen en vrouwen;0 tot 5 jaar;Ecuador;Caribisch Nederland;2014;0;0;0
3384;Totaal mannen en vrouwen;0 tot 5 jaar;Ecuador;Caribisch Nederland;2015;0;0;0
3385;Totaal mannen en vrouwen;0 tot 5 jaar;Ecuador;Caribisch Nederland;2016;0;0;0
3386;Totaal mannen en vrouwen;0 tot 5 jaar;Ecuador;Caribisch Nederland;2017;0;0;0
3387;Totaal mannen en vrouwen;0 tot 5 jaar;Ecuador;Caribisch Nederland;2018;0;0;0
3388;Totaal mannen en vrouwen;0 tot 5 jaar;Ecuador;Caribisch Nederland;2019;1;0;1
3389;Totaal mannen en vrouwen;0 tot 5 jaar;Ecuador;Caribisch Nederland;2020;0;0;0
3390;Totaal mannen en vrouwen;0 tot 5 jaar;Ecuador;Caribisch Nederland;2021;0;0;0
3391;Totaal mannen en vrouwen;0 tot 5 jaar;Ecuador;Caribisch Nederland;2022;2;0;2
3392;Totaal mannen en vrouwen;0 tot 5 jaar;Ecuador;Caribisch Nederland;2023;0;0;0
3393;Totaal mannen en vrouwen;0 tot 5 jaar;Ecuador;Bonaire;2011;0;0;0
3394;Totaal mannen en vrouwen;0 tot 5 jaar;Ecuador;Bonaire;2012;0;0;0
3395;Totaal mannen en vrouwen;0 tot 5 jaar;Ecuador;Bonaire;2013;0;0;0
3396;Totaal mannen en vrouwen;0 tot 5 jaar;Ecuador;Bonaire;2014;0;0;0
3397;Totaal mannen en vrouwen;0 tot 5 jaar;Ecuador;Bonaire;2015;0;0;0
3398;Totaal mannen en vrouwen;0 tot 5 jaar;Ecuador;Bonaire;2016;0;0;0
3399;Totaal mannen en vrouwen;0 tot 5 jaar;Ecuador;Bonaire;2017;0;0;0
3400;Totaal mannen en vrouwen;0 tot 5 jaar;Ecuador;Bonaire;2018;0;0;0
3401;Totaal mannen en vrouwen;0 tot 5 jaar;Ecuador;Bonaire;2019;1;0;1
3402;Totaal mannen en vrouwen;0 tot 5 jaar;Ecuador;Bonaire;2020;0;0;0
3403;Totaal mannen en vrouwen;0 tot 5 jaar;Ecuador;Bonaire;2021;0;0;0
3404;Totaal mannen en vrouwen;0 tot 5 jaar;Ecuador;Bonaire;2022;2;0;2
3405;Totaal mannen en vrouwen;0 tot 5 jaar;Ecuador;Bonaire;2023;0;0;0
3406;Totaal mannen en vrouwen;0 tot 5 jaar;Ecuador;Sint Eustatius;2011;0;0;0
3407;Totaal mannen en vrouwen;0 tot 5 jaar;Ecuador;Sint Eustatius;2012;0;0;0
3408;Totaal mannen en vrouwen;0 tot 5 jaar;Ecuador;Sint Eustatius;2013;0;0;0
3409;Totaal mannen en vrouwen;0 tot 5 jaar;Ecuador;Sint Eustatius;2014;0;0;0
3410;Totaal mannen en vrouwen;0 tot 5 jaar;Ecuador;Sint Eustatius;2015;0;0;0
3411;Totaal mannen en vrouwen;0 tot 5 jaar;Ecuador;Sint Eustatius;2016;0;0;0
3412;Totaal mannen en vrouwen;0 tot 5 jaar;Ecuador;Sint Eustatius;2017;0;0;0
3413;Totaal mannen en vrouwen;0 tot 5 jaar;Ecuador;Sint Eustatius;2018;0;0;0
3414;Totaal mannen en vrouwen;0 tot 5 jaar;Ecuador;Sint Eustatius;2019;0;0;0
3415;Totaal mannen en vrouwen;0 tot 5 jaar;Ecuador;Sint Eustatius;2020;0;0;0
3416;Totaal mannen en vrouwen;0 tot 5 jaar;Ecuador;Sint Eustatius;2021;0;0;0
3417;Totaal mannen en vrouwen;0 tot 5 jaar;Ecuador;Sint Eustatius;2022;0;0;0
3418;Totaal mannen en vrouwen;0 tot 5 jaar;Ecuador;Sint Eustatius;2023;0;0;0
3419;Totaal mannen en vrouwen;0 tot 5 jaar;Ecuador;Saba;2011;0;0;0
3420;Totaal mannen en vrouwen;0 tot 5 jaar;Ecuador;Saba;2012;0;0;0
3421;Totaal mannen en vrouwen;0 tot 5 jaar;Ecuador;Saba;2013;0;0;0
3422;Totaal mannen en vrouwen;0 tot 5 jaar;Ecuador;Saba;2014;0;0;0
3423;Totaal mannen en vrouwen;0 tot 5 jaar;Ecuador;Saba;2015;0;0;0
3424;Totaal mannen en vrouwen;0 tot 5 jaar;Ecuador;Saba;2016;0;0;0
3425;Totaal mannen en vrouwen;0 tot 5 jaar;Ecuador;Saba;2017;0;0;0
3426;Totaal mannen en vrouwen;0 tot 5 jaar;Ecuador;Saba;2018;0;0;0
3427;Totaal mannen en vrouwen;0 tot 5 jaar;Ecuador;Saba;2019;0;0;0
3428;Totaal mannen en vrouwen;0 tot 5 jaar;Ecuador;Saba;2020;0;0;0
3429;Totaal mannen en vrouwen;0 tot 5 jaar;Ecuador;Saba;2021;0;0;0
3430;Totaal mannen en vrouwen;0 tot 5 jaar;Ecuador;Saba;2022;0;0;0
3431;Totaal mannen en vrouwen;0 tot 5 jaar;Ecuador;Saba;2023;0;0;0
3432;Totaal mannen en vrouwen;0 tot 5 jaar;Guyana;Caribisch Nederland;2011;0;0;0
3433;Totaal mannen en vrouwen;0 tot 5 jaar;Guyana;Caribisch Nederland;2012;0;0;0
3434;Totaal mannen en vrouwen;0 tot 5 jaar;Guyana;Caribisch Nederland;2013;0;0;0
3435;Totaal mannen en vrouwen;0 tot 5 jaar;Guyana;Caribisch Nederland;2014;0;0;0
3436;Totaal mannen en vrouwen;0 tot 5 jaar;Guyana;Caribisch Nederland;2015;1;0;1
3437;Totaal mannen en vrouwen;0 tot 5 jaar;Guyana;Caribisch Nederland;2016;0;0;0
3438;Totaal mannen en vrouwen;0 tot 5 jaar;Guyana;Caribisch Nederland;2017;0;0;0
3439;Totaal mannen en vrouwen;0 tot 5 jaar;Guyana;Caribisch Nederland;2018;0;0;0
3440;Totaal mannen en vrouwen;0 tot 5 jaar;Guyana;Caribisch Nederland;2019;0;0;0
3441;Totaal mannen en vrouwen;0 tot 5 jaar;Guyana;Caribisch Nederland;2020;0;0;0
3442;Totaal mannen en vrouwen;0 tot 5 jaar;Guyana;Caribisch Nederland;2021;1;0;1
3443;Totaal mannen en vrouwen;0 tot 5 jaar;Guyana;Caribisch Nederland;2022;2;0;2
3444;Totaal mannen en vrouwen;0 tot 5 jaar;Guyana;Caribisch Nederland;2023;0;0;0
3445;Totaal mannen en vrouwen;0 tot 5 jaar;Guyana;Bonaire;2011;0;0;0
3446;Totaal mannen en vrouwen;0 tot 5 jaar;Guyana;Bonaire;2012;0;0;0
3447;Totaal mannen en vrouwen;0 tot 5 jaar;Guyana;Bonaire;2013;0;0;0
3448;Totaal mannen en vrouwen;0 tot 5 jaar;Guyana;Bonaire;2014;0;0;0
3449;Totaal mannen en vrouwen;0 tot 5 jaar;Guyana;Bonaire;2015;0;0;0
3450;Totaal mannen en vrouwen;0 tot 5 jaar;Guyana;Bonaire;2016;0;0;0
3451;Totaal mannen en vrouwen;0 tot 5 jaar;Guyana;Bonaire;2017;0;0;0
3452;Totaal mannen en vrouwen;0 tot 5 jaar;Guyana;Bonaire;2018;0;0;0
3453;Totaal mannen en vrouwen;0 tot 5 jaar;Guyana;Bonaire;2019;0;0;0
3454;Totaal mannen en vrouwen;0 tot 5 jaar;Guyana;Bonaire;2020;0;0;0
3455;Totaal mannen en vrouwen;0 tot 5 jaar;Guyana;Bonaire;2021;0;0;0
3456;Totaal mannen en vrouwen;0 tot 5 jaar;Guyana;Bonaire;2022;0;0;0
3457;Totaal mannen en vrouwen;0 tot 5 jaar;Guyana;Bonaire;2023;0;0;0
3458;Totaal mannen en vrouwen;0 tot 5 jaar;Guyana;Sint Eustatius;2011;0;0;0
3459;Totaal mannen en vrouwen;0 tot 5 jaar;Guyana;Sint Eustatius;2012;0;0;0
3460;Totaal mannen en vrouwen;0 tot 5 jaar;Guyana;Sint Eustatius;2013;0;0;0
3461;Totaal mannen en vrouwen;0 tot 5 jaar;Guyana;Sint Eustatius;2014;0;0;0
3462;Totaal mannen en vrouwen;0 tot 5 jaar;Guyana;Sint Eustatius;2015;1;0;1
3463;Totaal mannen en vrouwen;0 tot 5 jaar;Guyana;Sint Eustatius;2016;0;0;0
3464;Totaal mannen en vrouwen;0 tot 5 jaar;Guyana;Sint Eustatius;2017;0;0;0
3465;Totaal mannen en vrouwen;0 tot 5 jaar;Guyana;Sint Eustatius;2018;0;0;0
3466;Totaal mannen en vrouwen;0 tot 5 jaar;Guyana;Sint Eustatius;2019;0;0;0
3467;Totaal mannen en vrouwen;0 tot 5 jaar;Guyana;Sint Eustatius;2020;0;0;0
3468;Totaal mannen en vrouwen;0 tot 5 jaar;Guyana;Sint Eustatius;2021;0;0;0
3469;Totaal mannen en vrouwen;0 tot 5 jaar;Guyana;Sint Eustatius;2022;2;0;2
3470;Totaal mannen en vrouwen;0 tot 5 jaar;Guyana;Sint Eustatius;2023;0;0;0
3471;Totaal mannen en vrouwen;0 tot 5 jaar;Guyana;Saba;2011;0;0;0
3472;Totaal mannen en vrouwen;0 tot 5 jaar;Guyana;Saba;2012;0;0;0
3473;Totaal mannen en vrouwen;0 tot 5 jaar;Guyana;Saba;2013;0;0;0
3474;Totaal mannen en vrouwen;0 tot 5 jaar;Guyana;Saba;2014;0;0;0
3475;Totaal mannen en vrouwen;0 tot 5 jaar;Guyana;Saba;2015;0;0;0
3476;Totaal mannen en vrouwen;0 tot 5 jaar;Guyana;Saba;2016;0;0;0
3477;Totaal mannen en vrouwen;0 tot 5 jaar;Guyana;Saba;2017;0;0;0
3478;Totaal mannen en vrouwen;0 tot 5 jaar;Guyana;Saba;2018;0;0;0
3479;Totaal mannen en vrouwen;0 tot 5 jaar;Guyana;Saba;2019;0;0;0
3480;Totaal mannen en vrouwen;0 tot 5 jaar;Guyana;Saba;2020;0;0;0
3481;Totaal mannen en vrouwen;0 tot 5 jaar;Guyana;Saba;2021;1;0;1
3482;Totaal mannen en vrouwen;0 tot 5 jaar;Guyana;Saba;2022;0;0;0
3483;Totaal mannen en vrouwen;0 tot 5 jaar;Guyana;Saba;2023;0;0;0
3484;Totaal mannen en vrouwen;0 tot 5 jaar;Haïti;Caribisch Nederland;2011;0;0;0
3485;Totaal mannen en vrouwen;0 tot 5 jaar;Haïti;Caribisch Nederland;2012;0;0;0
3486;Totaal mannen en vrouwen;0 tot 5 jaar;Haïti;Caribisch Nederland;2013;0;0;0
3487;Totaal mannen en vrouwen;0 tot 5 jaar;Haïti;Caribisch Nederland;2014;0;0;0
3488;Totaal mannen en vrouwen;0 tot 5 jaar;Haïti;Caribisch Nederland;2015;0;0;0
3489;Totaal mannen en vrouwen;0 tot 5 jaar;Haïti;Caribisch Nederland;2016;0;0;0
3490;Totaal mannen en vrouwen;0 tot 5 jaar;Haïti;Caribisch Nederland;2017;0;0;0
3491;Totaal mannen en vrouwen;0 tot 5 jaar;Haïti;Caribisch Nederland;2018;1;0;1
3492;Totaal mannen en vrouwen;0 tot 5 jaar;Haïti;Caribisch Nederland;2019;0;0;0
3493;Totaal mannen en vrouwen;0 tot 5 jaar;Haïti;Caribisch Nederland;2020;0;0;0
3494;Totaal mannen en vrouwen;0 tot 5 jaar;Haïti;Caribisch Nederland;2021;1;0;1
3495;Totaal mannen en vrouwen;0 tot 5 jaar;Haïti;Caribisch Nederland;2022;0;0;0
3496;Totaal mannen en vrouwen;0 tot 5 jaar;Haïti;Caribisch Nederland;2023;1;0;1
3497;Totaal mannen en vrouwen;0 tot 5 jaar;Haïti;Bonaire;2011;0;0;0
3498;Totaal mannen en vrouwen;0 tot 5 jaar;Haïti;Bonaire;2012;0;0;0
3499;Totaal mannen en vrouwen;0 tot 5 jaar;Haïti;Bonaire;2013;0;0;0
3500;Totaal mannen en vrouwen;0 tot 5 jaar;Haïti;Bonaire;2014;0;0;0
3501;Totaal mannen en vrouwen;0 tot 5 jaar;Haïti;Bonaire;2015;0;0;0
3502;Totaal mannen en vrouwen;0 tot 5 jaar;Haïti;Bonaire;2016;0;0;0
3503;Totaal mannen en vrouwen;0 tot 5 jaar;Haïti;Bonaire;2017;0;0;0
3504;Totaal mannen en vrouwen;0 tot 5 jaar;Haïti;Bonaire;2018;1;0;1
3505;Totaal mannen en vrouwen;0 tot 5 jaar;Haïti;Bonaire;2019;0;0;0
3506;Totaal mannen en vrouwen;0 tot 5 jaar;Haïti;Bonaire;2020;0;0;0
3507;Totaal mannen en vrouwen;0 tot 5 jaar;Haïti;Bonaire;2021;1;0;1
3508;Totaal mannen en vrouwen;0 tot 5 jaar;Haïti;Bonaire;2022;0;0;0
3509;Totaal mannen en vrouwen;0 tot 5 jaar;Haïti;Bonaire;2023;1;0;1
3510;Totaal mannen en vrouwen;0 tot 5 jaar;Haïti;Sint Eustatius;2011;0;0;0
3511;Totaal mannen en vrouwen;0 tot 5 jaar;Haïti;Sint Eustatius;2012;0;0;0
3512;Totaal mannen en vrouwen;0 tot 5 jaar;Haïti;Sint Eustatius;2013;0;0;0
3513;Totaal mannen en vrouwen;0 tot 5 jaar;Haïti;Sint Eustatius;2014;0;0;0
3514;Totaal mannen en vrouwen;0 tot 5 jaar;Haïti;Sint Eustatius;2015;0;0;0
3515;Totaal mannen en vrouwen;0 tot 5 jaar;Haïti;Sint Eustatius;2016;0;0;0
3516;Totaal mannen en vrouwen;0 tot 5 jaar;Haïti;Sint Eustatius;2017;0;0;0
3517;Totaal mannen en vrouwen;0 tot 5 jaar;Haïti;Sint Eustatius;2018;0;0;0
3518;Totaal mannen en vrouwen;0 tot 5 jaar;Haïti;Sint Eustatius;2019;0;0;0
3519;Totaal mannen en vrouwen;0 tot 5 jaar;Haïti;Sint Eustatius;2020;0;0;0
3520;Totaal mannen en vrouwen;0 tot 5 jaar;Haïti;Sint Eustatius;2021;0;0;0
3521;Totaal mannen en vrouwen;0 tot 5 jaar;Haïti;Sint Eustatius;2022;0;0;0
3522;Totaal mannen en vrouwen;0 tot 5 jaar;Haïti;Sint Eustatius;2023;0;0;0
3523;Totaal mannen en vrouwen;0 tot 5 jaar;Haïti;Saba;2011;0;0;0
3524;Totaal mannen en vrouwen;0 tot 5 jaar;Haïti;Saba;2012;0;0;0
3525;Totaal mannen en vrouwen;0 tot 5 jaar;Haïti;Saba;2013;0;0;0
3526;Totaal mannen en vrouwen;0 tot 5 jaar;Haïti;Saba;2014;0;0;0
3527;Totaal mannen en vrouwen;0 tot 5 jaar;Haïti;Saba;2015;0;0;0
3528;Totaal mannen en vrouwen;0 tot 5 jaar;Haïti;Saba;2016;0;0;0
3529;Totaal mannen en vrouwen;0 tot 5 jaar;Haïti;Saba;2017;0;0;0
3530;Totaal mannen en vrouwen;0 tot 5 jaar;Haïti;Saba;2018;0;0;0
3531;Totaal mannen en vrouwen;0 tot 5 jaar;Haïti;Saba;2019;0;0;0
3532;Totaal mannen en vrouwen;0 tot 5 jaar;Haïti;Saba;2020;0;0;0
3533;Totaal mannen en vrouwen;0 tot 5 jaar;Haïti;Saba;2021;0;0;0
3534;Totaal mannen en vrouwen;0 tot 5 jaar;Haïti;Saba;2022;0;0;0
3535;Totaal mannen en vrouwen;0 tot 5 jaar;Haïti;Saba;2023;0;0;0
3536;Totaal mannen en vrouwen;0 tot 5 jaar;Jamaica;Caribisch Nederland;2011;0;0;0
3537;Totaal mannen en vrouwen;0 tot 5 jaar;Jamaica;Caribisch Nederland;2012;0;0;0
3538;Totaal mannen en vrouwen;0 tot 5 jaar;Jamaica;Caribisch Nederland;2013;1;0;1
3539;Totaal mannen en vrouwen;0 tot 5 jaar;Jamaica;Caribisch Nederland;2014;1;0;1
3540;Totaal mannen en vrouwen;0 tot 5 jaar;Jamaica;Caribisch Nederland;2015;2;0;2
3541;Totaal mannen en vrouwen;0 tot 5 jaar;Jamaica;Caribisch Nederland;2016;0;0;0
3542;Totaal mannen en vrouwen;0 tot 5 jaar;Jamaica;Caribisch Nederland;2017;0;0;0
3543;Totaal mannen en vrouwen;0 tot 5 jaar;Jamaica;Caribisch Nederland;2018;0;0;0
3544;Totaal mannen en vrouwen;0 tot 5 jaar;Jamaica;Caribisch Nederland;2019;0;0;0
3545;Totaal mannen en vrouwen;0 tot 5 jaar;Jamaica;Caribisch Nederland;2020;0;0;0
3546;Totaal mannen en vrouwen;0 tot 5 jaar;Jamaica;Caribisch Nederland;2021;0;0;0
3547;Totaal mannen en vrouwen;0 tot 5 jaar;Jamaica;Caribisch Nederland;2022;0;0;0
3548;Totaal mannen en vrouwen;0 tot 5 jaar;Jamaica;Caribisch Nederland;2023;0;0;0
3549;Totaal mannen en vrouwen;0 tot 5 jaar;Jamaica;Bonaire;2011;0;0;0
3550;Totaal mannen en vrouwen;0 tot 5 jaar;Jamaica;Bonaire;2012;0;0;0
3551;Totaal mannen en vrouwen;0 tot 5 jaar;Jamaica;Bonaire;2013;1;0;1
3552;Totaal mannen en vrouwen;0 tot 5 jaar;Jamaica;Bonaire;2014;0;0;0
3553;Totaal mannen en vrouwen;0 tot 5 jaar;Jamaica;Bonaire;2015;2;0;2
3554;Totaal mannen en vrouwen;0 tot 5 jaar;Jamaica;Bonaire;2016;0;0;0
3555;Totaal mannen en vrouwen;0 tot 5 jaar;Jamaica;Bonaire;2017;0;0;0
3556;Totaal mannen en vrouwen;0 tot 5 jaar;Jamaica;Bonaire;2018;0;0;0
3557;Totaal mannen en vrouwen;0 tot 5 jaar;Jamaica;Bonaire;2019;0;0;0
3558;Totaal mannen en vrouwen;0 tot 5 jaar;Jamaica;Bonaire;2020;0;0;0
3559;Totaal mannen en vrouwen;0 tot 5 jaar;Jamaica;Bonaire;2021;0;0;0
3560;Totaal mannen en vrouwen;0 tot 5 jaar;Jamaica;Bonaire;2022;0;0;0
3561;Totaal mannen en vrouwen;0 tot 5 jaar;Jamaica;Bonaire;2023;0;0;0
3562;Totaal mannen en vrouwen;0 tot 5 jaar;Jamaica;Sint Eustatius;2011;0;0;0
3563;Totaal mannen en vrouwen;0 tot 5 jaar;Jamaica;Sint Eustatius;2012;0;0;0
3564;Totaal mannen en vrouwen;0 tot 5 jaar;Jamaica;Sint Eustatius;2013;0;0;0
3565;Totaal mannen en vrouwen;0 tot 5 jaar;Jamaica;Sint Eustatius;2014;1;0;1
3566;Totaal mannen en vrouwen;0 tot 5 jaar;Jamaica;Sint Eustatius;2015;0;0;0
3567;Totaal mannen en vrouwen;0 tot 5 jaar;Jamaica;Sint Eustatius;2016;0;0;0
3568;Totaal mannen en vrouwen;0 tot 5 jaar;Jamaica;Sint Eustatius;2017;0;0;0
3569;Totaal mannen en vrouwen;0 tot 5 jaar;Jamaica;Sint Eustatius;2018;0;0;0
3570;Totaal mannen en vrouwen;0 tot 5 jaar;Jamaica;Sint Eustatius;2019;0;0;0
3571;Totaal mannen en vrouwen;0 tot 5 jaar;Jamaica;Sint Eustatius;2020;0;0;0
3572;Totaal mannen en vrouwen;0 tot 5 jaar;Jamaica;Sint Eustatius;2021;0;0;0
3573;Totaal mannen en vrouwen;0 tot 5 jaar;Jamaica;Sint Eustatius;2022;0;0;0
3574;Totaal mannen en vrouwen;0 tot 5 jaar;Jamaica;Sint Eustatius;2023;0;0;0
3575;Totaal mannen en vrouwen;0 tot 5 jaar;Jamaica;Saba;2011;0;0;0
3576;Totaal mannen en vrouwen;0 tot 5 jaar;Jamaica;Saba;2012;0;0;0
3577;Totaal mannen en vrouwen;0 tot 5 jaar;Jamaica;Saba;2013;0;0;0
3578;Totaal mannen en vrouwen;0 tot 5 jaar;Jamaica;Saba;2014;0;0;0
3579;Totaal mannen en vrouwen;0 tot 5 jaar;Jamaica;Saba;2015;0;0;0
3580;Totaal mannen en vrouwen;0 tot 5 jaar;Jamaica;Saba;2016;0;0;0
3581;Totaal mannen en vrouwen;0 tot 5 jaar;Jamaica;Saba;2017;0;0;0
3582;Totaal mannen en vrouwen;0 tot 5 jaar;Jamaica;Saba;2018;0;0;0
3583;Totaal mannen en vrouwen;0 tot 5 jaar;Jamaica;Saba;2019;0;0;0
3584;Totaal mannen en vrouwen;0 tot 5 jaar;Jamaica;Saba;2020;0;0;0
3585;Totaal mannen en vrouwen;0 tot 5 jaar;Jamaica;Saba;2021;0;0;0
3586;Totaal mannen en vrouwen;0 tot 5 jaar;Jamaica;Saba;2022;0;0;0
3587;Totaal mannen en vrouwen;0 tot 5 jaar;Jamaica;Saba;2023;0;0;0
3588;Totaal mannen en vrouwen;0 tot 5 jaar;Nederland;Caribisch Nederland;2011;65;19;46
3589;Totaal mannen en vrouwen;0 tot 5 jaar;Nederland;Caribisch Nederland;2012;37;11;26
3590;Totaal mannen en vrouwen;0 tot 5 jaar;Nederland;Caribisch Nederland;2013;41;13;28
3591;Totaal mannen en vrouwen;0 tot 5 jaar;Nederland;Caribisch Nederland;2014;49;12;37
3592;Totaal mannen en vrouwen;0 tot 5 jaar;Nederland;Caribisch Nederland;2015;33;14;19
3593;Totaal mannen en vrouwen;0 tot 5 jaar;Nederland;Caribisch Nederland;2016;35;15;20
3594;Totaal mannen en vrouwen;0 tot 5 jaar;Nederland;Caribisch Nederland;2017;36;7;29
3595;Totaal mannen en vrouwen;0 tot 5 jaar;Nederland;Caribisch Nederland;2018;20;14;6
3596;Totaal mannen en vrouwen;0 tot 5 jaar;Nederland;Caribisch Nederland;2019;21;7;14
3597;Totaal mannen en vrouwen;0 tot 5 jaar;Nederland;Caribisch Nederland;2020;32;14;18
3598;Totaal mannen en vrouwen;0 tot 5 jaar;Nederland;Caribisch Nederland;2021;33;14;19
3599;Totaal mannen en vrouwen;0 tot 5 jaar;Nederland;Caribisch Nederland;2022;34;12;22
3600;Totaal mannen en vrouwen;0 tot 5 jaar;Nederland;Caribisch Nederland;2023;29;10;19
3601;Totaal mannen en vrouwen;0 tot 5 jaar;Nederland;Bonaire;2011;51;12;39
3602;Totaal mannen en vrouwen;0 tot 5 jaar;Nederland;Bonaire;2012;34;10;24
3603;Totaal mannen en vrouwen;0 tot 5 jaar;Nederland;Bonaire;2013;31;12;19
3604;Totaal mannen en vrouwen;0 tot 5 jaar;Nederland;Bonaire;2014;41;11;30
3605;Totaal mannen en vrouwen;0 tot 5 jaar;Nederland;Bonaire;2015;31;13;18
3606;Totaal mannen en vrouwen;0 tot 5 jaar;Nederland;Bonaire;2016;28;14;14
3607;Totaal mannen en vrouwen;0 tot 5 jaar;Nederland;Bonaire;2017;30;6;24
3608;Totaal mannen en vrouwen;0 tot 5 jaar;Nederland;Bonaire;2018;18;12;6
3609;Totaal mannen en vrouwen;0 tot 5 jaar;Nederland;Bonaire;2019;19;5;14
3610;Totaal mannen en vrouwen;0 tot 5 jaar;Nederland;Bonaire;2020;27;12;15
3611;Totaal mannen en vrouwen;0 tot 5 jaar;Nederland;Bonaire;2021;30;8;22
3612;Totaal mannen en vrouwen;0 tot 5 jaar;Nederland;Bonaire;2022;34;12;22
3613;Totaal mannen en vrouwen;0 tot 5 jaar;Nederland;Bonaire;2023;21;10;11
3614;Totaal mannen en vrouwen;0 tot 5 jaar;Nederland;Sint Eustatius;2011;9;6;3
3615;Totaal mannen en vrouwen;0 tot 5 jaar;Nederland;Sint Eustatius;2012;2;1;1
3616;Totaal mannen en vrouwen;0 tot 5 jaar;Nederland;Sint Eustatius;2013;8;1;7
3617;Totaal mannen en vrouwen;0 tot 5 jaar;Nederland;Sint Eustatius;2014;5;1;4
3618;Totaal mannen en vrouwen;0 tot 5 jaar;Nederland;Sint Eustatius;2015;1;1;0
3619;Totaal mannen en vrouwen;0 tot 5 jaar;Nederland;Sint Eustatius;2016;5;1;4
3620;Totaal mannen en vrouwen;0 tot 5 jaar;Nederland;Sint Eustatius;2017;5;1;4
3621;Totaal mannen en vrouwen;0 tot 5 jaar;Nederland;Sint Eustatius;2018;1;1;0
3622;Totaal mannen en vrouwen;0 tot 5 jaar;Nederland;Sint Eustatius;2019;2;0;2
3623;Totaal mannen en vrouwen;0 tot 5 jaar;Nederland;Sint Eustatius;2020;3;0;3
3624;Totaal mannen en vrouwen;0 tot 5 jaar;Nederland;Sint Eustatius;2021;3;6;-3
3625;Totaal mannen en vrouwen;0 tot 5 jaar;Nederland;Sint Eustatius;2022;0;0;0
3626;Totaal mannen en vrouwen;0 tot 5 jaar;Nederland;Sint Eustatius;2023;1;0;1
3627;Totaal mannen en vrouwen;0 tot 5 jaar;Nederland;Saba;2011;5;1;4
3628;Totaal mannen en vrouwen;0 tot 5 jaar;Nederland;Saba;2012;1;0;1
3629;Totaal mannen en vrouwen;0 tot 5 jaar;Nederland;Saba;2013;2;0;2
3630;Totaal mannen en vrouwen;0 tot 5 jaar;Nederland;Saba;2014;3;0;3
3631;Totaal mannen en vrouwen;0 tot 5 jaar;Nederland;Saba;2015;1;0;1
3632;Totaal mannen en vrouwen;0 tot 5 jaar;Nederland;Saba;2016;2;0;2
3633;Totaal mannen en vrouwen;0 tot 5 jaar;Nederland;Saba;2017;1;0;1
3634;Totaal mannen en vrouwen;0 tot 5 jaar;Nederland;Saba;2018;1;1;0
3635;Totaal mannen en vrouwen;0 tot 5 jaar;Nederland;Saba;2019;0;2;-2
3636;Totaal mannen en vrouwen;0 tot 5 jaar;Nederland;Saba;2020;2;2;0
3637;Totaal mannen en vrouwen;0 tot 5 jaar;Nederland;Saba;2021;0;0;0
3638;Totaal mannen en vrouwen;0 tot 5 jaar;Nederland;Saba;2022;0;0;0
3639;Totaal mannen en vrouwen;0 tot 5 jaar;Nederland;Saba;2023;7;0;7
3640;Totaal mannen en vrouwen;0 tot 5 jaar;Peru;Caribisch Nederland;2011;0;0;0
3641;Totaal mannen en vrouwen;0 tot 5 jaar;Peru;Caribisch Nederland;2012;0;0;0
3642;Totaal mannen en vrouwen;0 tot 5 jaar;Peru;Caribisch Nederland;2013;0;0;0
3643;Totaal mannen en vrouwen;0 tot 5 jaar;Peru;Caribisch Nederland;2014;0;0;0
3644;Totaal mannen en vrouwen;0 tot 5 jaar;Peru;Caribisch Nederland;2015;2;0;2
3645;Totaal mannen en vrouwen;0 tot 5 jaar;Peru;Caribisch Nederland;2016;1;0;1
3646;Totaal mannen en vrouwen;0 tot 5 jaar;Peru;Caribisch Nederland;2017;3;0;3
3647;Totaal mannen en vrouwen;0 tot 5 jaar;Peru;Caribisch Nederland;2018;0;0;0
3648;Totaal mannen en vrouwen;0 tot 5 jaar;Peru;Caribisch Nederland;2019;0;1;-1
3649;Totaal mannen en vrouwen;0 tot 5 jaar;Peru;Caribisch Nederland;2020;0;0;0
3650;Totaal mannen en vrouwen;0 tot 5 jaar;Peru;Caribisch Nederland;2021;1;0;1
3651;Totaal mannen en vrouwen;0 tot 5 jaar;Peru;Caribisch Nederland;2022;0;0;0
3652;Totaal mannen en vrouwen;0 tot 5 jaar;Peru;Caribisch Nederland;2023;2;0;2
3653;Totaal mannen en vrouwen;0 tot 5 jaar;Peru;Bonaire;2011;0;0;0
3654;Totaal mannen en vrouwen;0 tot 5 jaar;Peru;Bonaire;2012;0;0;0
3655;Totaal mannen en vrouwen;0 tot 5 jaar;Peru;Bonaire;2013;0;0;0
3656;Totaal mannen en vrouwen;0 tot 5 jaar;Peru;Bonaire;2014;0;0;0
3657;Totaal mannen en vrouwen;0 tot 5 jaar;Peru;Bonaire;2015;2;0;2
3658;Totaal mannen en vrouwen;0 tot 5 jaar;Peru;Bonaire;2016;1;0;1
3659;Totaal mannen en vrouwen;0 tot 5 jaar;Peru;Bonaire;2017;3;0;3
3660;Totaal mannen en vrouwen;0 tot 5 jaar;Peru;Bonaire;2018;0;0;0
3661;Totaal mannen en vrouwen;0 tot 5 jaar;Peru;Bonaire;2019;0;1;-1
3662;Totaal mannen en vrouwen;0 tot 5 jaar;Peru;Bonaire;2020;0;0;0
3663;Totaal mannen en vrouwen;0 tot 5 jaar;Peru;Bonaire;2021;1;0;1
3664;Totaal mannen en vrouwen;0 tot 5 jaar;Peru;Bonaire;2022;0;0;0
3665;Totaal mannen en vrouwen;0 tot 5 jaar;Peru;Bonaire;2023;2;0;2
3666;Totaal mannen en vrouwen;0 tot 5 jaar;Peru;Sint Eustatius;2011;0;0;0
3667;Totaal mannen en vrouwen;0 tot 5 jaar;Peru;Sint Eustatius;2012;0;0;0
3668;Totaal mannen en vrouwen;0 tot 5 jaar;Peru;Sint Eustatius;2013;0;0;0
3669;Totaal mannen en vrouwen;0 tot 5 jaar;Peru;Sint Eustatius;2014;0;0;0
3670;Totaal mannen en vrouwen;0 tot 5 jaar;Peru;Sint Eustatius;2015;0;0;0
3671;Totaal mannen en vrouwen;0 tot 5 jaar;Peru;Sint Eustatius;2016;0;0;0
3672;Totaal mannen en vrouwen;0 tot 5 jaar;Peru;Sint Eustatius;2017;0;0;0
3673;Totaal mannen en vrouwen;0 tot 5 jaar;Peru;Sint Eustatius;2018;0;0;0
3674;Totaal mannen en vrouwen;0 tot 5 jaar;Peru;Sint Eustatius;2019;0;0;0
3675;Totaal mannen en vrouwen;0 tot 5 jaar;Peru;Sint Eustatius;2020;0;0;0
3676;Totaal mannen en vrouwen;0 tot 5 jaar;Peru;Sint Eustatius;2021;0;0;0
3677;Totaal mannen en vrouwen;0 tot 5 jaar;Peru;Sint Eustatius;2022;0;0;0
3678;Totaal mannen en vrouwen;0 tot 5 jaar;Peru;Sint Eustatius;2023;0;0;0
3679;Totaal mannen en vrouwen;0 tot 5 jaar;Peru;Saba;2011;0;0;0
3680;Totaal mannen en vrouwen;0 tot 5 jaar;Peru;Saba;2012;0;0;0
3681;Totaal mannen en vrouwen;0 tot 5 jaar;Peru;Saba;2013;0;0;0
3682;Totaal mannen en vrouwen;0 tot 5 jaar;Peru;Saba;2014;0;0;0
3683;Totaal mannen en vrouwen;0 tot 5 jaar;Peru;Saba;2015;0;0;0
3684;Totaal mannen en vrouwen;0 tot 5 jaar;Peru;Saba;2016;0;0;0
3685;Totaal mannen en vrouwen;0 tot 5 jaar;Peru;Saba;2017;0;0;0
3686;Totaal mannen en vrouwen;0 tot 5 jaar;Peru;Saba;2018;0;0;0
3687;Totaal mannen en vrouwen;0 tot 5 jaar;Peru;Saba;2019;0;0;0
3688;Totaal mannen en vrouwen;0 tot 5 jaar;Peru;Saba;2020;0;0;0
3689;Totaal mannen en vrouwen;0 tot 5 jaar;Peru;Saba;2021;0;0;0
3690;Totaal mannen en vrouwen;0 tot 5 jaar;Peru;Saba;2022;0;0;0
3691;Totaal mannen en vrouwen;0 tot 5 jaar;Peru;Saba;2023;0;0;0
3692;Totaal mannen en vrouwen;0 tot 5 jaar;Saint Kitts en Nevis;Caribisch Nederland;2011;0;0;0
3693;Totaal mannen en vrouwen;0 tot 5 jaar;Saint Kitts en Nevis;Caribisch Nederland;2012;1;0;1
3694;Totaal mannen en vrouwen;0 tot 5 jaar;Saint Kitts en Nevis;Caribisch Nederland;2013;0;0;0
3695;Totaal mannen en vrouwen;0 tot 5 jaar;Saint Kitts en Nevis;Caribisch Nederland;2014;1;0;1
3696;Totaal mannen en vrouwen;0 tot 5 jaar;Saint Kitts en Nevis;Caribisch Nederland;2015;0;0;0
3697;Totaal mannen en vrouwen;0 tot 5 jaar;Saint Kitts en Nevis;Caribisch Nederland;2016;0;0;0
3698;Totaal mannen en vrouwen;0 tot 5 jaar;Saint Kitts en Nevis;Caribisch Nederland;2017;0;0;0
3699;Totaal mannen en vrouwen;0 tot 5 jaar;Saint Kitts en Nevis;Caribisch Nederland;2018;1;1;0
3700;Totaal mannen en vrouwen;0 tot 5 jaar;Saint Kitts en Nevis;Caribisch Nederland;2019;0;0;0
3701;Totaal mannen en vrouwen;0 tot 5 jaar;Saint Kitts en Nevis;Caribisch Nederland;2020;0;0;0
3702;Totaal mannen en vrouwen;0 tot 5 jaar;Saint Kitts en Nevis;Caribisch Nederland;2021;0;0;0
3703;Totaal mannen en vrouwen;0 tot 5 jaar;Saint Kitts en Nevis;Caribisch Nederland;2022;1;0;1
3704;Totaal mannen en vrouwen;0 tot 5 jaar;Saint Kitts en Nevis;Caribisch Nederland;2023;1;0;1
3705;Totaal mannen en vrouwen;0 tot 5 jaar;Saint Kitts en Nevis;Bonaire;2011;0;0;0
3706;Totaal mannen en vrouwen;0 tot 5 jaar;Saint Kitts en Nevis;Bonaire;2012;0;0;0
3707;Totaal mannen en vrouwen;0 tot 5 jaar;Saint Kitts en Nevis;Bonaire;2013;0;0;0
3708;Totaal mannen en vrouwen;0 tot 5 jaar;Saint Kitts en Nevis;Bonaire;2014;0;0;0
3709;Totaal mannen en vrouwen;0 tot 5 jaar;Saint Kitts en Nevis;Bonaire;2015;0;0;0
3710;Totaal mannen en vrouwen;0 tot 5 jaar;Saint Kitts en Nevis;Bonaire;2016;0;0;0
3711;Totaal mannen en vrouwen;0 tot 5 jaar;Saint Kitts en Nevis;Bonaire;2017;0;0;0
3712;Totaal mannen en vrouwen;0 tot 5 jaar;Saint Kitts en Nevis;Bonaire;2018;1;1;0
3713;Totaal mannen en vrouwen;0 tot 5 jaar;Saint Kitts en Nevis;Bonaire;2019;0;0;0
3714;Totaal mannen en vrouwen;0 tot 5 jaar;Saint Kitts en Nevis;Bonaire;2020;0;0;0
3715;Totaal mannen en vrouwen;0 tot 5 jaar;Saint Kitts en Nevis;Bonaire;2021;0;0;0
3716;Totaal mannen en vrouwen;0 tot 5 jaar;Saint Kitts en Nevis;Bonaire;2022;0;0;0
3717;Totaal mannen en vrouwen;0 tot 5 jaar;Saint Kitts en Nevis;Bonaire;2023;1;0;1
3718;Totaal mannen en vrouwen;0 tot 5 jaar;Saint Kitts en Nevis;Sint Eustatius;2011;0;0;0
3719;Totaal mannen en vrouwen;0 tot 5 jaar;Saint Kitts en Nevis;Sint Eustatius;2012;1;0;1
3720;Totaal mannen en vrouwen;0 tot 5 jaar;Saint Kitts en Nevis;Sint Eustatius;2013;0;0;0
3721;Totaal mannen en vrouwen;0 tot 5 jaar;Saint Kitts en Nevis;Sint Eustatius;2014;1;0;1
3722;Totaal mannen en vrouwen;0 tot 5 jaar;Saint Kitts en Nevis;Sint Eustatius;2015;0;0;0
3723;Totaal mannen en vrouwen;0 tot 5 jaar;Saint Kitts en Nevis;Sint Eustatius;2016;0;0;0
3724;Totaal mannen en vrouwen;0 tot 5 jaar;Saint Kitts en Nevis;Sint Eustatius;2017;0;0;0
3725;Totaal mannen en vrouwen;0 tot 5 jaar;Saint Kitts en Nevis;Sint Eustatius;2018;0;0;0
3726;Totaal mannen en vrouwen;0 tot 5 jaar;Saint Kitts en Nevis;Sint Eustatius;2019;0;0;0
3727;Totaal mannen en vrouwen;0 tot 5 jaar;Saint Kitts en Nevis;Sint Eustatius;2020;0;0;0
3728;Totaal mannen en vrouwen;0 tot 5 jaar;Saint Kitts en Nevis;Sint Eustatius;2021;0;0;0
3729;Totaal mannen en vrouwen;0 tot 5 jaar;Saint Kitts en Nevis;Sint Eustatius;2022;1;0;1
3730;Totaal mannen en vrouwen;0 tot 5 jaar;Saint Kitts en Nevis;Sint Eustatius;2023;0;0;0
3731;Totaal mannen en vrouwen;0 tot 5 jaar;Saint Kitts en Nevis;Saba;2011;0;0;0
3732;Totaal mannen en vrouwen;0 tot 5 jaar;Saint Kitts en Nevis;Saba;2012;0;0;0
3733;Totaal mannen en vrouwen;0 tot 5 jaar;Saint Kitts en Nevis;Saba;2013;0;0;0
3734;Totaal mannen en vrouwen;0 tot 5 jaar;Saint Kitts en Nevis;Saba;2014;0;0;0
3735;Totaal mannen en vrouwen;0 tot 5 jaar;Saint Kitts en Nevis;Saba;2015;0;0;0
3736;Totaal mannen en vrouwen;0 tot 5 jaar;Saint Kitts en Nevis;Saba;2016;0;0;0
3737;Totaal mannen en vrouwen;0 tot 5 jaar;Saint Kitts en Nevis;Saba;2017;0;0;0
3738;Totaal mannen en vrouwen;0 tot 5 jaar;Saint Kitts en Nevis;Saba;2018;0;0;0
3739;Totaal mannen en vrouwen;0 tot 5 jaar;Saint Kitts en Nevis;Saba;2019;0;0;0
3740;Totaal mannen en vrouwen;0 tot 5 jaar;Saint Kitts en Nevis;Saba;2020;0;0;0
3741;Totaal mannen en vrouwen;0 tot 5 jaar;Saint Kitts en Nevis;Saba;2021;0;0;0
3742;Totaal mannen en vrouwen;0 tot 5 jaar;Saint Kitts en Nevis;Saba;2022;0;0;0
3743;Totaal mannen en vrouwen;0 tot 5 jaar;Saint Kitts en Nevis;Saba;2023;0;0;0
3744;Totaal mannen en vrouwen;0 tot 5 jaar;Sint Eustatius;Caribisch Nederland;2011;1;3;-2
3745;Totaal mannen en vrouwen;0 tot 5 jaar;Sint Eustatius;Caribisch Nederland;2012;2;3;-1
3746;Totaal mannen en vrouwen;0 tot 5 jaar;Sint Eustatius;Caribisch Nederland;2013;3;2;1
3747;Totaal mannen en vrouwen;0 tot 5 jaar;Sint Eustatius;Caribisch Nederland;2014;0;1;-1
3748;Totaal mannen en vrouwen;0 tot 5 jaar;Sint Eustatius;Caribisch Nederland;2015;1;2;-1
3749;Totaal mannen en vrouwen;0 tot 5 jaar;Sint Eustatius;Caribisch Nederland;2016;0;1;-1
3750;Totaal mannen en vrouwen;0 tot 5 jaar;Sint Eustatius;Caribisch Nederland;2017;0;2;-2
3751;Totaal mannen en vrouwen;0 tot 5 jaar;Sint Eustatius;Caribisch Nederland;2018;1;4;-3
3752;Totaal mannen en vrouwen;0 tot 5 jaar;Sint Eustatius;Caribisch Nederland;2019;0;1;-1
3753;Totaal mannen en vrouwen;0 tot 5 jaar;Sint Eustatius;Caribisch Nederland;2020;1;0;1
3754;Totaal mannen en vrouwen;0 tot 5 jaar;Sint Eustatius;Caribisch Nederland;2021;0;2;-2
3755;Totaal mannen en vrouwen;0 tot 5 jaar;Sint Eustatius;Caribisch Nederland;2022;0;0;0
3756;Totaal mannen en vrouwen;0 tot 5 jaar;Sint Eustatius;Caribisch Nederland;2023;0;2;-2
3757;Totaal mannen en vrouwen;0 tot 5 jaar;Sint Eustatius;Bonaire;2011;0;0;0
3758;Totaal mannen en vrouwen;0 tot 5 jaar;Sint Eustatius;Bonaire;2012;0;0;0
3759;Totaal mannen en vrouwen;0 tot 5 jaar;Sint Eustatius;Bonaire;2013;0;0;0
3760;Totaal mannen en vrouwen;0 tot 5 jaar;Sint Eustatius;Bonaire;2014;0;0;0
3761;Totaal mannen en vrouwen;0 tot 5 jaar;Sint Eustatius;Bonaire;2015;0;0;0
3762;Totaal mannen en vrouwen;0 tot 5 jaar;Sint Eustatius;Bonaire;2016;0;0;0
3763;Totaal mannen en vrouwen;0 tot 5 jaar;Sint Eustatius;Bonaire;2017;0;0;0
3764;Totaal mannen en vrouwen;0 tot 5 jaar;Sint Eustatius;Bonaire;2018;0;0;0
3765;Totaal mannen en vrouwen;0 tot 5 jaar;Sint Eustatius;Bonaire;2019;0;0;0
3766;Totaal mannen en vrouwen;0 tot 5 jaar;Sint Eustatius;Bonaire;2020;0;0;0
3767;Totaal mannen en vrouwen;0 tot 5 jaar;Sint Eustatius;Bonaire;2021;0;0;0
3768;Totaal mannen en vrouwen;0 tot 5 jaar;Sint Eustatius;Bonaire;2022;0;0;0
3769;Totaal mannen en vrouwen;0 tot 5 jaar;Sint Eustatius;Bonaire;2023;0;0;0
3770;Totaal mannen en vrouwen;0 tot 5 jaar;Sint Eustatius;Sint Eustatius;2011;1;3;-2
3771;Totaal mannen en vrouwen;0 tot 5 jaar;Sint Eustatius;Sint Eustatius;2012;2;3;-1
3772;Totaal mannen en vrouwen;0 tot 5 jaar;Sint Eustatius;Sint Eustatius;2013;3;2;1
3773;Totaal mannen en vrouwen;0 tot 5 jaar;Sint Eustatius;Sint Eustatius;2014;0;1;-1
3774;Totaal mannen en vrouwen;0 tot 5 jaar;Sint Eustatius;Sint Eustatius;2015;1;2;-1
3775;Totaal mannen en vrouwen;0 tot 5 jaar;Sint Eustatius;Sint Eustatius;2016;0;1;-1
3776;Totaal mannen en vrouwen;0 tot 5 jaar;Sint Eustatius;Sint Eustatius;2017;0;2;-2
3777;Totaal mannen en vrouwen;0 tot 5 jaar;Sint Eustatius;Sint Eustatius;2018;1;4;-3
3778;Totaal mannen en vrouwen;0 tot 5 jaar;Sint Eustatius;Sint Eustatius;2019;0;1;-1
3779;Totaal mannen en vrouwen;0 tot 5 jaar;Sint Eustatius;Sint Eustatius;2020;1;0;1
3780;Totaal mannen en vrouwen;0 tot 5 jaar;Sint Eustatius;Sint Eustatius;2021;0;2;-2
3781;Totaal mannen en vrouwen;0 tot 5 jaar;Sint Eustatius;Sint Eustatius;2022;0;0;0
3782;Totaal mannen en vrouwen;0 tot 5 jaar;Sint Eustatius;Sint Eustatius;2023;0;2;-2
3783;Totaal mannen en vrouwen;0 tot 5 jaar;Sint Eustatius;Saba;2011;0;0;0
3784;Totaal mannen en vrouwen;0 tot 5 jaar;Sint Eustatius;Saba;2012;0;0;0
3785;Totaal mannen en vrouwen;0 tot 5 jaar;Sint Eustatius;Saba;2013;0;0;0
3786;Totaal mannen en vrouwen;0 tot 5 jaar;Sint Eustatius;Saba;2014;0;0;0
3787;Totaal mannen en vrouwen;0 tot 5 jaar;Sint Eustatius;Saba;2015;0;0;0
3788;Totaal mannen en vrouwen;0 tot 5 jaar;Sint Eustatius;Saba;2016;0;0;0
3789;Totaal mannen en vrouwen;0 tot 5 jaar;Sint Eustatius;Saba;2017;0;0;0
3790;Totaal mannen en vrouwen;0 tot 5 jaar;Sint Eustatius;Saba;2018;0;0;0
3791;Totaal mannen en vrouwen;0 tot 5 jaar;Sint Eustatius;Saba;2019;0;0;0
3792;Totaal mannen en vrouwen;0 tot 5 jaar;Sint Eustatius;Saba;2020;0;0;0
3793;Totaal mannen en vrouwen;0 tot 5 jaar;Sint Eustatius;Saba;2021;0;0;0
3794;Totaal mannen en vrouwen;0 tot 5 jaar;Sint Eustatius;Saba;2022;0;0;0
3795;Totaal mannen en vrouwen;0 tot 5 jaar;Sint Eustatius;Saba;2023;0;0;0
3796;Totaal mannen en vrouwen;0 tot 5 jaar;Sint Maarten (Nederlands deel);Caribisch Nederland;2011;9;5;4
3797;Totaal mannen en vrouwen;0 tot 5 jaar;Sint Maarten (Nederlands deel);Caribisch Nederland;2012;7;5;2
3798;Totaal mannen en vrouwen;0 tot 5 jaar;Sint Maarten (Nederlands deel);Caribisch Nederland;2013;5;5;0
3799;Totaal mannen en vrouwen;0 tot 5 jaar;Sint Maarten (Nederlands deel);Caribisch Nederland;2014;10;7;3
3800;Totaal mannen en vrouwen;0 tot 5 jaar;Sint Maarten (Nederlands deel);Caribisch Nederland;2015;3;2;1
3801;Totaal mannen en vrouwen;0 tot 5 jaar;Sint Maarten (Nederlands deel);Caribisch Nederland;2016;6;6;0
3802;Totaal mannen en vrouwen;0 tot 5 jaar;Sint Maarten (Nederlands deel);Caribisch Nederland;2017;8;5;3
3803;Totaal mannen en vrouwen;0 tot 5 jaar;Sint Maarten (Nederlands deel);Caribisch Nederland;2018;11;3;8
3804;Totaal mannen en vrouwen;0 tot 5 jaar;Sint Maarten (Nederlands deel);Caribisch Nederland;2019;1;3;-2
3805;Totaal mannen en vrouwen;0 tot 5 jaar;Sint Maarten (Nederlands deel);Caribisch Nederland;2020;2;3;-1
3806;Totaal mannen en vrouwen;0 tot 5 jaar;Sint Maarten (Nederlands deel);Caribisch Nederland;2021;5;2;3
3807;Totaal mannen en vrouwen;0 tot 5 jaar;Sint Maarten (Nederlands deel);Caribisch Nederland;2022;3;2;1
3808;Totaal mannen en vrouwen;0 tot 5 jaar;Sint Maarten (Nederlands deel);Caribisch Nederland;2023;14;5;9
3809;Totaal mannen en vrouwen;0 tot 5 jaar;Sint Maarten (Nederlands deel);Bonaire;2011;1;0;1
3810;Totaal mannen en vrouwen;0 tot 5 jaar;Sint Maarten (Nederlands deel);Bonaire;2012;1;1;0
3811;Totaal mannen en vrouwen;0 tot 5 jaar;Sint Maarten (Nederlands deel);Bonaire;2013;0;0;0
3812;Totaal mannen en vrouwen;0 tot 5 jaar;Sint Maarten (Nederlands deel);Bonaire;2014;0;0;0
3813;Totaal mannen en vrouwen;0 tot 5 jaar;Sint Maarten (Nederlands deel);Bonaire;2015;1;0;1
3814;Totaal mannen en vrouwen;0 tot 5 jaar;Sint Maarten (Nederlands deel);Bonaire;2016;2;0;2
3815;Totaal mannen en vrouwen;0 tot 5 jaar;Sint Maarten (Nederlands deel);Bonaire;2017;2;0;2
3816;Totaal mannen en vrouwen;0 tot 5 jaar;Sint Maarten (Nederlands deel);Bonaire;2018;1;0;1
3817;Totaal mannen en vrouwen;0 tot 5 jaar;Sint Maarten (Nederlands deel);Bonaire;2019;0;0;0
3818;Totaal mannen en vrouwen;0 tot 5 jaar;Sint Maarten (Nederlands deel);Bonaire;2020;0;0;0
3819;Totaal mannen en vrouwen;0 tot 5 jaar;Sint Maarten (Nederlands deel);Bonaire;2021;0;0;0
3820;Totaal mannen en vrouwen;0 tot 5 jaar;Sint Maarten (Nederlands deel);Bonaire;2022;0;0;0
3821;Totaal mannen en vrouwen;0 tot 5 jaar;Sint Maarten (Nederlands deel);Bonaire;2023;0;0;0
3822;Totaal mannen en vrouwen;0 tot 5 jaar;Sint Maarten (Nederlands deel);Sint Eustatius;2011;2;4;-2
3823;Totaal mannen en vrouwen;0 tot 5 jaar;Sint Maarten (Nederlands deel);Sint Eustatius;2012;4;2;2
3824;Totaal mannen en vrouwen;0 tot 5 jaar;Sint Maarten (Nederlands deel);Sint Eustatius;2013;3;4;-1
3825;Totaal mannen en vrouwen;0 tot 5 jaar;Sint Maarten (Nederlands deel);Sint Eustatius;2014;5;2;3
3826;Totaal mannen en vrouwen;0 tot 5 jaar;Sint Maarten (Nederlands deel);Sint Eustatius;2015;1;2;-1
3827;Totaal mannen en vrouwen;0 tot 5 jaar;Sint Maarten (Nederlands deel);Sint Eustatius;2016;3;4;-1
3828;Totaal mannen en vrouwen;0 tot 5 jaar;Sint Maarten (Nederlands deel);Sint Eustatius;2017;2;3;-1
3829;Totaal mannen en vrouwen;0 tot 5 jaar;Sint Maarten (Nederlands deel);Sint Eustatius;2018;5;1;4
3830;Totaal mannen en vrouwen;0 tot 5 jaar;Sint Maarten (Nederlands deel);Sint Eustatius;2019;0;1;-1
3831;Totaal mannen en vrouwen;0 tot 5 jaar;Sint Maarten (Nederlands deel);Sint Eustatius;2020;0;3;-3
3832;Totaal mannen en vrouwen;0 tot 5 jaar;Sint Maarten (Nederlands deel);Sint Eustatius;2021;2;1;1
3833;Totaal mannen en vrouwen;0 tot 5 jaar;Sint Maarten (Nederlands deel);Sint Eustatius;2022;1;0;1
3834;Totaal mannen en vrouwen;0 tot 5 jaar;Sint Maarten (Nederlands deel);Sint Eustatius;2023;4;4;0
3835;Totaal mannen en vrouwen;0 tot 5 jaar;Sint Maarten (Nederlands deel);Saba;2011;6;1;5
3836;Totaal mannen en vrouwen;0 tot 5 jaar;Sint Maarten (Nederlands deel);Saba;2012;2;2;0
3837;Totaal mannen en vrouwen;0 tot 5 jaar;Sint Maarten (Nederlands deel);Saba;2013;2;1;1
3838;Totaal mannen en vrouwen;0 tot 5 jaar;Sint Maarten (Nederlands deel);Saba;2014;5;5;0
3839;Totaal mannen en vrouwen;0 tot 5 jaar;Sint Maarten (Nederlands deel);Saba;2015;1;0;1
3840;Totaal mannen en vrouwen;0 tot 5 jaar;Sint Maarten (Nederlands deel);Saba;2016;1;2;-1
3841;Totaal mannen en vrouwen;0 tot 5 jaar;Sint Maarten (Nederlands deel);Saba;2017;4;2;2
3842;Totaal mannen en vrouwen;0 tot 5 jaar;Sint Maarten (Nederlands deel);Saba;2018;5;2;3
3843;Totaal mannen en vrouwen;0 tot 5 jaar;Sint Maarten (Nederlands deel);Saba;2019;1;2;-1
3844;Totaal mannen en vrouwen;0 tot 5 jaar;Sint Maarten (Nederlands deel);Saba;2020;2;0;2
3845;Totaal mannen en vrouwen;0 tot 5 jaar;Sint Maarten (Nederlands deel);Saba;2021;3;1;2
3846;Totaal mannen en vrouwen;0 tot 5 jaar;Sint Maarten (Nederlands deel);Saba;2022;2;2;0
3847;Totaal mannen en vrouwen;0 tot 5 jaar;Sint Maarten (Nederlands deel);Saba;2023;10;1;9
3848;Totaal mannen en vrouwen;0 tot 5 jaar;Saba;Caribisch Nederland;2011;0;1;-1
3849;Totaal mannen en vrouwen;0 tot 5 jaar;Saba;Caribisch Nederland;2012;0;0;0
3850;Totaal mannen en vrouwen;0 tot 5 jaar;Saba;Caribisch Nederland;2013;0;0;0
3851;Totaal mannen en vrouwen;0 tot 5 jaar;Saba;Caribisch Nederland;2014;0;0;0
3852;Totaal mannen en vrouwen;0 tot 5 jaar;Saba;Caribisch Nederland;2015;0;0;0
3853;Totaal mannen en vrouwen;0 tot 5 jaar;Saba;Caribisch Nederland;2016;0;2;-2
3854;Totaal mannen en vrouwen;0 tot 5 jaar;Saba;Caribisch Nederland;2017;0;0;0
3855;Totaal mannen en vrouwen;0 tot 5 jaar;Saba;Caribisch Nederland;2018;0;0;0
3856;Totaal mannen en vrouwen;0 tot 5 jaar;Saba;Caribisch Nederland;2019;0;1;-1
3857;Totaal mannen en vrouwen;0 tot 5 jaar;Saba;Caribisch Nederland;2020;0;0;0
3858;Totaal mannen en vrouwen;0 tot 5 jaar;Saba;Caribisch Nederland;2021;0;0;0
3859;Totaal mannen en vrouwen;0 tot 5 jaar;Saba;Caribisch Nederland;2022;0;1;-1
3860;Totaal mannen en vrouwen;0 tot 5 jaar;Saba;Caribisch Nederland;2023;0;0;0
3861;Totaal mannen en vrouwen;0 tot 5 jaar;Saba;Bonaire;2011;0;0;0
3862;Totaal mannen en vrouwen;0 tot 5 jaar;Saba;Bonaire;2012;0;0;0
3863;Totaal mannen en vrouwen;0 tot 5 jaar;Saba;Bonaire;2013;0;0;0
3864;Totaal mannen en vrouwen;0 tot 5 jaar;Saba;Bonaire;2014;0;0;0
3865;Totaal mannen en vrouwen;0 tot 5 jaar;Saba;Bonaire;2015;0;0;0
3866;Totaal mannen en vrouwen;0 tot 5 jaar;Saba;Bonaire;2016;0;0;0
3867;Totaal mannen en vrouwen;0 tot 5 jaar;Saba;Bonaire;2017;0;0;0
3868;Totaal mannen en vrouwen;0 tot 5 jaar;Saba;Bonaire;2018;0;0;0
3869;Totaal mannen en vrouwen;0 tot 5 jaar;Saba;Bonaire;2019;0;0;0
3870;Totaal mannen en vrouwen;0 tot 5 jaar;Saba;Bonaire;2020;0;0;0
3871;Totaal mannen en vrouwen;0 tot 5 jaar;Saba;Bonaire;2021;0;0;0
3872;Totaal mannen en vrouwen;0 tot 5 jaar;Saba;Bonaire;2022;0;0;0
3873;Totaal mannen en vrouwen;0 tot 5 jaar;Saba;Bonaire;2023;0;0;0
3874;Totaal mannen en vrouwen;0 tot 5 jaar;Saba;Sint Eustatius;2011;0;0;0
3875;Totaal mannen en vrouwen;0 tot 5 jaar;Saba;Sint Eustatius;2012;0;0;0
3876;Totaal mannen en vrouwen;0 tot 5 jaar;Saba;Sint Eustatius;2013;0;0;0
3877;Totaal mannen en vrouwen;0 tot 5 jaar;Saba;Sint Eustatius;2014;0;0;0
3878;Totaal mannen en vrouwen;0 tot 5 jaar;Saba;Sint Eustatius;2015;0;0;0
3879;Totaal mannen en vrouwen;0 tot 5 jaar;Saba;Sint Eustatius;2016;0;0;0
3880;Totaal mannen en vrouwen;0 tot 5 jaar;Saba;Sint Eustatius;2017;0;0;0
3881;Totaal mannen en vrouwen;0 tot 5 jaar;Saba;Sint Eustatius;2018;0;0;0
3882;Totaal mannen en vrouwen;0 tot 5 jaar;Saba;Sint Eustatius;2019;0;0;0
3883;Totaal mannen en vrouwen;0 tot 5 jaar;Saba;Sint Eustatius;2020;0;0;0
3884;Totaal mannen en vrouwen;0 tot 5 jaar;Saba;Sint Eustatius;2021;0;0;0
3885;Totaal mannen en vrouwen;0 tot 5 jaar;Saba;Sint Eustatius;2022;0;0;0
3886;Totaal mannen en vrouwen;0 tot 5 jaar;Saba;Sint Eustatius;2023;0;0;0
3887;Totaal mannen en vrouwen;0 tot 5 jaar;Saba;Saba;2011;0;1;-1
3888;Totaal mannen en vrouwen;0 tot 5 jaar;Saba;Saba;2012;0;0;0
3889;Totaal mannen en vrouwen;0 tot 5 jaar;Saba;Saba;2013;0;0;0
3890;Totaal mannen en vrouwen;0 tot 5 jaar;Saba;Saba;2014;0;0;0
3891;Totaal mannen en vrouwen;0 tot 5 jaar;Saba;Saba;2015;0;0;0
3892;Totaal mannen en vrouwen;0 tot 5 jaar;Saba;Saba;2016;0;2;-2
3893;Totaal mannen en vrouwen;0 tot 5 jaar;Saba;Saba;2017;0;0;0
3894;Totaal mannen en vrouwen;0 tot 5 jaar;Saba;Saba;2018;0;0;0
3895;Totaal mannen en vrouwen;0 tot 5 jaar;Saba;Saba;2019;0;1;-1
3896;Totaal mannen en vrouwen;0 tot 5 jaar;Saba;Saba;2020;0;0;0
3897;Totaal mannen en vrouwen;0 tot 5 jaar;Saba;Saba;2021;0;0;0
3898;Totaal mannen en vrouwen;0 tot 5 jaar;Saba;Saba;2022;0;1;-1
3899;Totaal mannen en vrouwen;0 tot 5 jaar;Saba;Saba;2023;0;0;0
3900;Totaal mannen en vrouwen;0 tot 5 jaar;Suriname;Caribisch Nederland;2011;1;0;1
3901;Totaal mannen en vrouwen;0 tot 5 jaar;Suriname;Caribisch Nederland;2012;0;0;0
3902;Totaal mannen en vrouwen;0 tot 5 jaar;Suriname;Caribisch Nederland;2013;1;0;1
3903;Totaal mannen en vrouwen;0 tot 5 jaar;Suriname;Caribisch Nederland;2014;2;0;2
3904;Totaal mannen en vrouwen;0 tot 5 jaar;Suriname;Caribisch Nederland;2015;3;0;3
3905;Totaal mannen en vrouwen;0 tot 5 jaar;Suriname;Caribisch Nederland;2016;3;0;3
3906;Totaal mannen en vrouwen;0 tot 5 jaar;Suriname;Caribisch Nederland;2017;1;1;0
3907;Totaal mannen en vrouwen;0 tot 5 jaar;Suriname;Caribisch Nederland;2018;0;1;-1
3908;Totaal mannen en vrouwen;0 tot 5 jaar;Suriname;Caribisch Nederland;2019;1;0;1
3909;Totaal mannen en vrouwen;0 tot 5 jaar;Suriname;Caribisch Nederland;2020;0;0;0
3910;Totaal mannen en vrouwen;0 tot 5 jaar;Suriname;Caribisch Nederland;2021;1;0;1
3911;Totaal mannen en vrouwen;0 tot 5 jaar;Suriname;Caribisch Nederland;2022;4;0;4
3912;Totaal mannen en vrouwen;0 tot 5 jaar;Suriname;Caribisch Nederland;2023;3;0;3
3913;Totaal mannen en vrouwen;0 tot 5 jaar;Suriname;Bonaire;2011;0;0;0
3914;Totaal mannen en vrouwen;0 tot 5 jaar;Suriname;Bonaire;2012;0;0;0
3915;Totaal mannen en vrouwen;0 tot 5 jaar;Suriname;Bonaire;2013;1;0;1
3916;Totaal mannen en vrouwen;0 tot 5 jaar;Suriname;Bonaire;2014;2;0;2
3917;Totaal mannen en vrouwen;0 tot 5 jaar;Suriname;Bonaire;2015;3;0;3
3918;Totaal mannen en vrouwen;0 tot 5 jaar;Suriname;Bonaire;2016;2;0;2
3919;Totaal mannen en vrouwen;0 tot 5 jaar;Suriname;Bonaire;2017;1;1;0
3920;Totaal mannen en vrouwen;0 tot 5 jaar;Suriname;Bonaire;2018;0;1;-1
3921;Totaal mannen en vrouwen;0 tot 5 jaar;Suriname;Bonaire;2019;0;0;0
3922;Totaal mannen en vrouwen;0 tot 5 jaar;Suriname;Bonaire;2020;0;0;0
3923;Totaal mannen en vrouwen;0 tot 5 jaar;Suriname;Bonaire;2021;0;0;0
3924;Totaal mannen en vrouwen;0 tot 5 jaar;Suriname;Bonaire;2022;2;0;2
3925;Totaal mannen en vrouwen;0 tot 5 jaar;Suriname;Bonaire;2023;2;0;2
3926;Totaal mannen en vrouwen;0 tot 5 jaar;Suriname;Sint Eustatius;2011;1;0;1
3927;Totaal mannen en vrouwen;0 tot 5 jaar;Suriname;Sint Eustatius;2012;0;0;0
3928;Totaal mannen en vrouwen;0 tot 5 jaar;Suriname;Sint Eustatius;2013;0;0;0
3929;Totaal mannen en vrouwen;0 tot 5 jaar;Suriname;Sint Eustatius;2014;0;0;0
3930;Totaal mannen en vrouwen;0 tot 5 jaar;Suriname;Sint Eustatius;2015;0;0;0
3931;Totaal mannen en vrouwen;0 tot 5 jaar;Suriname;Sint Eustatius;2016;1;0;1
3932;Totaal mannen en vrouwen;0 tot 5 jaar;Suriname;Sint Eustatius;2017;0;0;0
3933;Totaal mannen en vrouwen;0 tot 5 jaar;Suriname;Sint Eustatius;2018;0;0;0
3934;Totaal mannen en vrouwen;0 tot 5 jaar;Suriname;Sint Eustatius;2019;0;0;0
3935;Totaal mannen en vrouwen;0 tot 5 jaar;Suriname;Sint Eustatius;2020;0;0;0
3936;Totaal mannen en vrouwen;0 tot 5 jaar;Suriname;Sint Eustatius;2021;1;0;1
3937;Totaal mannen en vrouwen;0 tot 5 jaar;Suriname;Sint Eustatius;2022;2;0;2
3938;Totaal mannen en vrouwen;0 tot 5 jaar;Suriname;Sint Eustatius;2023;1;0;1
3939;Totaal mannen en vrouwen;0 tot 5 jaar;Suriname;Saba;2011;0;0;0
3940;Totaal mannen en vrouwen;0 tot 5 jaar;Suriname;Saba;2012;0;0;0
3941;Totaal mannen en vrouwen;0 tot 5 jaar;Suriname;Saba;2013;0;0;0
3942;Totaal mannen en vrouwen;0 tot 5 jaar;Suriname;Saba;2014;0;0;0
3943;Totaal mannen en vrouwen;0 tot 5 jaar;Suriname;Saba;2015;0;0;0
3944;Totaal mannen en vrouwen;0 tot 5 jaar;Suriname;Saba;2016;0;0;0
3945;Totaal mannen en vrouwen;0 tot 5 jaar;Suriname;Saba;2017;0;0;0
3946;Totaal mannen en vrouwen;0 tot 5 jaar;Suriname;Saba;2018;0;0;0
3947;Totaal mannen en vrouwen;0 tot 5 jaar;Suriname;Saba;2019;1;0;1
3948;Totaal mannen en vrouwen;0 tot 5 jaar;Suriname;Saba;2020;0;0;0
3949;Totaal mannen en vrouwen;0 tot 5 jaar;Suriname;Saba;2021;0;0;0
3950;Totaal mannen en vrouwen;0 tot 5 jaar;Suriname;Saba;2022;0;0;0
3951;Totaal mannen en vrouwen;0 tot 5 jaar;Suriname;Saba;2023;0;0;0
3952;Totaal mannen en vrouwen;0 tot 5 jaar;Trinidad en Tobago;Caribisch Nederland;2011;0;0;0
3953;Totaal mannen en vrouwen;0 tot 5 jaar;Trinidad en Tobago;Caribisch Nederland;2012;0;0;0
3954;Totaal mannen en vrouwen;0 tot 5 jaar;Trinidad en Tobago;Caribisch Nederland;2013;0;0;0
3955;Totaal mannen en vrouwen;0 tot 5 jaar;Trinidad en Tobago;Caribisch Nederland;2014;0;0;0
3956;Totaal mannen en vrouwen;0 tot 5 jaar;Trinidad en Tobago;Caribisch Nederland;2015;0;0;0
3957;Totaal mannen en vrouwen;0 tot 5 jaar;Trinidad en Tobago;Caribisch Nederland;2016;0;0;0
3958;Totaal mannen en vrouwen;0 tot 5 jaar;Trinidad en Tobago;Caribisch Nederland;2017;0;0;0
3959;Totaal mannen en vrouwen;0 tot 5 jaar;Trinidad en Tobago;Caribisch Nederland;2018;0;0;0
3960;Totaal mannen en vrouwen;0 tot 5 jaar;Trinidad en Tobago;Caribisch Nederland;2019;0;0;0
3961;Totaal mannen en vrouwen;0 tot 5 jaar;Trinidad en Tobago;Caribisch Nederland;2020;0;0;0
3962;Totaal mannen en vrouwen;0 tot 5 jaar;Trinidad en Tobago;Caribisch Nederland;2021;0;0;0
3963;Totaal mannen en vrouwen;0 tot 5 jaar;Trinidad en Tobago;Caribisch Nederland;2022;1;0;1
3964;Totaal mannen en vrouwen;0 tot 5 jaar;Trinidad en Tobago;Caribisch Nederland;2023;0;0;0
3965;Totaal mannen en vrouwen;0 tot 5 jaar;Trinidad en Tobago;Bonaire;2011;0;0;0
3966;Totaal mannen en vrouwen;0 tot 5 jaar;Trinidad en Tobago;Bonaire;2012;0;0;0
3967;Totaal mannen en vrouwen;0 tot 5 jaar;Trinidad en Tobago;Bonaire;2013;0;0;0
3968;Totaal mannen en vrouwen;0 tot 5 jaar;Trinidad en Tobago;Bonaire;2014;0;0;0
3969;Totaal mannen en vrouwen;0 tot 5 jaar;Trinidad en Tobago;Bonaire;2015;0;0;0
3970;Totaal mannen en vrouwen;0 tot 5 jaar;Trinidad en Tobago;Bonaire;2016;0;0;0
3971;Totaal mannen en vrouwen;0 tot 5 jaar;Trinidad en Tobago;Bonaire;2017;0;0;0
3972;Totaal mannen en vrouwen;0 tot 5 jaar;Trinidad en Tobago;Bonaire;2018;0;0;0
3973;Totaal mannen en vrouwen;0 tot 5 jaar;Trinidad en Tobago;Bonaire;2019;0;0;0
3974;Totaal mannen en vrouwen;0 tot 5 jaar;Trinidad en Tobago;Bonaire;2020;0;0;0
3975;Totaal mannen en vrouwen;0 tot 5 jaar;Trinidad en Tobago;Bonaire;2021;0;0;0
3976;Totaal mannen en vrouwen;0 tot 5 jaar;Trinidad en Tobago;Bonaire;2022;0;0;0
3977;Totaal mannen en vrouwen;0 tot 5 jaar;Trinidad en Tobago;Bonaire;2023;0;0;0
3978;Totaal mannen en vrouwen;0 tot 5 jaar;Trinidad en Tobago;Sint Eustatius;2011;0;0;0
3979;Totaal mannen en vrouwen;0 tot 5 jaar;Trinidad en Tobago;Sint Eustatius;2012;0;0;0
3980;Totaal mannen en vrouwen;0 tot 5 jaar;Trinidad en Tobago;Sint Eustatius;2013;0;0;0
3981;Totaal mannen en vrouwen;0 tot 5 jaar;Trinidad en Tobago;Sint Eustatius;2014;0;0;0
3982;Totaal mannen en vrouwen;0 tot 5 jaar;Trinidad en Tobago;Sint Eustatius;2015;0;0;0
3983;Totaal mannen en vrouwen;0 tot 5 jaar;Trinidad en Tobago;Sint Eustatius;2016;0;0;0
3984;Totaal mannen en vrouwen;0 tot 5 jaar;Trinidad en Tobago;Sint Eustatius;2017;0;0;0
3985;Totaal mannen en vrouwen;0 tot 5 jaar;Trinidad en Tobago;Sint Eustatius;2018;0;0;0
3986;Totaal mannen en vrouwen;0 tot 5 jaar;Trinidad en Tobago;Sint Eustatius;2019;0;0;0
3987;Totaal mannen en vrouwen;0 tot 5 jaar;Trinidad en Tobago;Sint Eustatius;2020;0;0;0
3988;Totaal mannen en vrouwen;0 tot 5 jaar;Trinidad en Tobago;Sint Eustatius;2021;0;0;0
3989;Totaal mannen en vrouwen;0 tot 5 jaar;Trinidad en Tobago;Sint Eustatius;2022;0;0;0
3990;Totaal mannen en vrouwen;0 tot 5 jaar;Trinidad en Tobago;Sint Eustatius;2023;0;0;0
3991;Totaal mannen en vrouwen;0 tot 5 jaar;Trinidad en Tobago;Saba;2011;0;0;0
3992;Totaal mannen en vrouwen;0 tot 5 jaar;Trinidad en Tobago;Saba;2012;0;0;0
3993;Totaal mannen en vrouwen;0 tot 5 jaar;Trinidad en Tobago;Saba;2013;0;0;0
3994;Totaal mannen en vrouwen;0 tot 5 jaar;Trinidad en Tobago;Saba;2014;0;0;0
3995;Totaal mannen en vrouwen;0 tot 5 jaar;Trinidad en Tobago;Saba;2015;0;0;0
3996;Totaal mannen en vrouwen;0 tot 5 jaar;Trinidad en Tobago;Saba;2016;0;0;0
3997;Totaal mannen en vrouwen;0 tot 5 jaar;Trinidad en Tobago;Saba;2017;0;0;0
3998;Totaal mannen en vrouwen;0 tot 5 jaar;Trinidad en Tobago;Saba;2018;0;0;0
3999;Totaal mannen en vrouwen;0 tot 5 jaar;Trinidad en Tobago;Saba;2019;0;0;0
4000;Totaal mannen en vrouwen;0 tot 5 jaar;Trinidad en Tobago;Saba;2020;0;0;0
4001;Totaal mannen en vrouwen;0 tot 5 jaar;Trinidad en Tobago;Saba;2021;0;0;0
4002;Totaal mannen en vrouwen;0 tot 5 jaar;Trinidad en Tobago;Saba;2022;1;0;1
4003;Totaal mannen en vrouwen;0 tot 5 jaar;Trinidad en Tobago;Saba;2023;0;0;0
4004;Totaal mannen en vrouwen;0 tot 5 jaar;Venezuela;Caribisch Nederland;2011;2;0;2
4005;Totaal mannen en vrouwen;0 tot 5 jaar;Venezuela;Caribisch Nederland;2012;2;0;2
4006;Totaal mannen en vrouwen;0 tot 5 jaar;Venezuela;Caribisch Nederland;2013;1;0;1
4007;Totaal mannen en vrouwen;0 tot 5 jaar;Venezuela;Caribisch Nederland;2014;1;0;1
4008;Totaal mannen en vrouwen;0 tot 5 jaar;Venezuela;Caribisch Nederland;2015;6;0;6
4009;Totaal mannen en vrouwen;0 tot 5 jaar;Venezuela;Caribisch Nederland;2016;3;0;3
4010;Totaal mannen en vrouwen;0 tot 5 jaar;Venezuela;Caribisch Nederland;2017;6;0;6
4011;Totaal mannen en vrouwen;0 tot 5 jaar;Venezuela;Caribisch Nederland;2018;6;0;6
4012;Totaal mannen en vrouwen;0 tot 5 jaar;Venezuela;Caribisch Nederland;2019;1;0;1
4013;Totaal mannen en vrouwen;0 tot 5 jaar;Venezuela;Caribisch Nederland;2020;2;0;2
4014;Totaal mannen en vrouwen;0 tot 5 jaar;Venezuela;Caribisch Nederland;2021;1;0;1
4015;Totaal mannen en vrouwen;0 tot 5 jaar;Venezuela;Caribisch Nederland;2022;3;0;3
4016;Totaal mannen en vrouwen;0 tot 5 jaar;Venezuela;Caribisch Nederland;2023;5;0;5
4017;Totaal mannen en vrouwen;0 tot 5 jaar;Venezuela;Bonaire;2011;2;0;2
4018;Totaal mannen en vrouwen;0 tot 5 jaar;Venezuela;Bonaire;2012;2;0;2
4019;Totaal mannen en vrouwen;0 tot 5 jaar;Venezuela;Bonaire;2013;1;0;1
4020;Totaal mannen en vrouwen;0 tot 5 jaar;Venezuela;Bonaire;2014;1;0;1
4021;Totaal mannen en vrouwen;0 tot 5 jaar;Venezuela;Bonaire;2015;6;0;6
4022;Totaal mannen en vrouwen;0 tot 5 jaar;Venezuela;Bonaire;2016;2;0;2
4023;Totaal mannen en vrouwen;0 tot 5 jaar;Venezuela;Bonaire;2017;6;0;6
4024;Totaal mannen en vrouwen;0 tot 5 jaar;Venezuela;Bonaire;2018;5;0;5
4025;Totaal mannen en vrouwen;0 tot 5 jaar;Venezuela;Bonaire;2019;1;0;1
4026;Totaal mannen en vrouwen;0 tot 5 jaar;Venezuela;Bonaire;2020;2;0;2
4027;Totaal mannen en vrouwen;0 tot 5 jaar;Venezuela;Bonaire;2021;0;0;0
4028;Totaal mannen en vrouwen;0 tot 5 jaar;Venezuela;Bonaire;2022;3;0;3
4029;Totaal mannen en vrouwen;0 tot 5 jaar;Venezuela;Bonaire;2023;5;0;5
4030;Totaal mannen en vrouwen;0 tot 5 jaar;Venezuela;Sint Eustatius;2011;0;0;0
4031;Totaal mannen en vrouwen;0 tot 5 jaar;Venezuela;Sint Eustatius;2012;0;0;0
4032;Totaal mannen en vrouwen;0 tot 5 jaar;Venezuela;Sint Eustatius;2013;0;0;0
4033;Totaal mannen en vrouwen;0 tot 5 jaar;Venezuela;Sint Eustatius;2014;0;0;0
4034;Totaal mannen en vrouwen;0 tot 5 jaar;Venezuela;Sint Eustatius;2015;0;0;0
4035;Totaal mannen en vrouwen;0 tot 5 jaar;Venezuela;Sint Eustatius;2016;1;0;1
4036;Totaal mannen en vrouwen;0 tot 5 jaar;Venezuela;Sint Eustatius;2017;0;0;0
4037;Totaal mannen en vrouwen;0 tot 5 jaar;Venezuela;Sint Eustatius;2018;0;0;0
4038;Totaal mannen en vrouwen;0 tot 5 jaar;Venezuela;Sint Eustatius;2019;0;0;0
4039;Totaal mannen en vrouwen;0 tot 5 jaar;Venezuela;Sint Eustatius;2020;0;0;0
4040;Totaal mannen en vrouwen;0 tot 5 jaar;Venezuela;Sint Eustatius;2021;1;0;1
4041;Totaal mannen en vrouwen;0 tot 5 jaar;Venezuela;Sint Eustatius;2022;0;0;0
4042;Totaal mannen en vrouwen;0 tot 5 jaar;Venezuela;Sint Eustatius;2023;0;0;0
4043;Totaal mannen en vrouwen;0 tot 5 jaar;Venezuela;Saba;2011;0;0;0
4044;Totaal mannen en vrouwen;0 tot 5 jaar;Venezuela;Saba;2012;0;0;0
4045;Totaal mannen en vrouwen;0 tot 5 jaar;Venezuela;Saba;2013;0;0;0
4046;Totaal mannen en vrouwen;0 tot 5 jaar;Venezuela;Saba;2014;0;0;0
4047;Totaal mannen en vrouwen;0 tot 5 jaar;Venezuela;Saba;2015;0;0;0
4048;Totaal mannen en vrouwen;0 tot 5 jaar;Venezuela;Saba;2016;0;0;0
4049;Totaal mannen en vrouwen;0 tot 5 jaar;Venezuela;Saba;2017;0;0;0
4050;Totaal mannen en vrouwen;0 tot 5 jaar;Venezuela;Saba;2018;1;0;1
4051;Totaal mannen en vrouwen;0 tot 5 jaar;Venezuela;Saba;2019;0;0;0
4052;Totaal mannen en vrouwen;0 tot 5 jaar;Venezuela;Saba;2020;0;0;0
4053;Totaal mannen en vrouwen;0 tot 5 jaar;Venezuela;Saba;2021;0;0;0
4054;Totaal mannen en vrouwen;0 tot 5 jaar;Venezuela;Saba;2022;0;0;0
4055;Totaal mannen en vrouwen;0 tot 5 jaar;Venezuela;Saba;2023;0;0;0
4056;Totaal mannen en vrouwen;0 tot 5 jaar;Verenigde Staten van Amerika;Caribisch Nederland;2011;10;3;7
4057;Totaal mannen en vrouwen;0 tot 5 jaar;Verenigde Staten van Amerika;Caribisch Nederland;2012;7;4;3
4058;Totaal mannen en vrouwen;0 tot 5 jaar;Verenigde Staten van Amerika;Caribisch Nederland;2013;5;2;3
4059;Totaal mannen en vrouwen;0 tot 5 jaar;Verenigde Staten van Amerika;Caribisch Nederland;2014;6;2;4
4060;Totaal mannen en vrouwen;0 tot 5 jaar;Verenigde Staten van Amerika;Caribisch Nederland;2015;6;1;5
4061;Totaal mannen en vrouwen;0 tot 5 jaar;Verenigde Staten van Amerika;Caribisch Nederland;2016;2;0;2
4062;Totaal mannen en vrouwen;0 tot 5 jaar;Verenigde Staten van Amerika;Caribisch Nederland;2017;7;0;7
4063;Totaal mannen en vrouwen;0 tot 5 jaar;Verenigde Staten van Amerika;Caribisch Nederland;2018;5;0;5
4064;Totaal mannen en vrouwen;0 tot 5 jaar;Verenigde Staten van Amerika;Caribisch Nederland;2019;2;2;0
4065;Totaal mannen en vrouwen;0 tot 5 jaar;Verenigde Staten van Amerika;Caribisch Nederland;2020;1;0;1
4066;Totaal mannen en vrouwen;0 tot 5 jaar;Verenigde Staten van Amerika;Caribisch Nederland;2021;2;1;1
4067;Totaal mannen en vrouwen;0 tot 5 jaar;Verenigde Staten van Amerika;Caribisch Nederland;2022;4;1;3
4068;Totaal mannen en vrouwen;0 tot 5 jaar;Verenigde Staten van Amerika;Caribisch Nederland;2023;2;3;-1
4069;Totaal mannen en vrouwen;0 tot 5 jaar;Verenigde Staten van Amerika;Bonaire;2011;5;1;4
4070;Totaal mannen en vrouwen;0 tot 5 jaar;Verenigde Staten van Amerika;Bonaire;2012;2;2;0
4071;Totaal mannen en vrouwen;0 tot 5 jaar;Verenigde Staten van Amerika;Bonaire;2013;4;0;4
4072;Totaal mannen en vrouwen;0 tot 5 jaar;Verenigde Staten van Amerika;Bonaire;2014;3;1;2
4073;Totaal mannen en vrouwen;0 tot 5 jaar;Verenigde Staten van Amerika;Bonaire;2015;3;0;3
4074;Totaal mannen en vrouwen;0 tot 5 jaar;Verenigde Staten van Amerika;Bonaire;2016;1;0;1
4075;Totaal mannen en vrouwen;0 tot 5 jaar;Verenigde Staten van Amerika;Bonaire;2017;3;0;3
4076;Totaal mannen en vrouwen;0 tot 5 jaar;Verenigde Staten van Amerika;Bonaire;2018;0;0;0
4077;Totaal mannen en vrouwen;0 tot 5 jaar;Verenigde Staten van Amerika;Bonaire;2019;1;0;1
4078;Totaal mannen en vrouwen;0 tot 5 jaar;Verenigde Staten van Amerika;Bonaire;2020;1;0;1
4079;Totaal mannen en vrouwen;0 tot 5 jaar;Verenigde Staten van Amerika;Bonaire;2021;0;0;0
4080;Totaal mannen en vrouwen;0 tot 5 jaar;Verenigde Staten van Amerika;Bonaire;2022;0;0;0
4081;Totaal mannen en vrouwen;0 tot 5 jaar;Verenigde Staten van Amerika;Bonaire;2023;1;0;1
4082;Totaal mannen en vrouwen;0 tot 5 jaar;Verenigde Staten van Amerika;Sint Eustatius;2011;2;0;2
4083;Totaal mannen en vrouwen;0 tot 5 jaar;Verenigde Staten van Amerika;Sint Eustatius;2012;2;0;2
4084;Totaal mannen en vrouwen;0 tot 5 jaar;Verenigde Staten van Amerika;Sint Eustatius;2013;0;0;0
4085;Totaal mannen en vrouwen;0 tot 5 jaar;Verenigde Staten van Amerika;Sint Eustatius;2014;1;1;0
4086;Totaal mannen en vrouwen;0 tot 5 jaar;Verenigde Staten van Amerika;Sint Eustatius;2015;0;1;-1
4087;Totaal mannen en vrouwen;0 tot 5 jaar;Verenigde Staten van Amerika;Sint Eustatius;2016;0;0;0
4088;Totaal mannen en vrouwen;0 tot 5 jaar;Verenigde Staten van Amerika;Sint Eustatius;2017;0;0;0
4089;Totaal mannen en vrouwen;0 tot 5 jaar;Verenigde Staten van Amerika;Sint Eustatius;2018;1;0;1
4090;Totaal mannen en vrouwen;0 tot 5 jaar;Verenigde Staten van Amerika;Sint Eustatius;2019;0;0;0
4091;Totaal mannen en vrouwen;0 tot 5 jaar;Verenigde Staten van Amerika;Sint Eustatius;2020;0;0;0
4092;Totaal mannen en vrouwen;0 tot 5 jaar;Verenigde Staten van Amerika;Sint Eustatius;2021;0;0;0
4093;Totaal mannen en vrouwen;0 tot 5 jaar;Verenigde Staten van Amerika;Sint Eustatius;2022;4;1;3
4094;Totaal mannen en vrouwen;0 tot 5 jaar;Verenigde Staten van Amerika;Sint Eustatius;2023;0;3;-3
4095;Totaal mannen en vrouwen;0 tot 5 jaar;Verenigde Staten van Amerika;Saba;2011;3;2;1
4096;Totaal mannen en vrouwen;0 tot 5 jaar;Verenigde Staten van Amerika;Saba;2012;3;2;1
4097;Totaal mannen en vrouwen;0 tot 5 jaar;Verenigde Staten van Amerika;Saba;2013;1;2;-1
4098;Totaal mannen en vrouwen;0 tot 5 jaar;Verenigde Staten van Amerika;Saba;2014;2;0;2
4099;Totaal mannen en vrouwen;0 tot 5 jaar;Verenigde Staten van Amerika;Saba;2015;3;0;3
4100;Totaal mannen en vrouwen;0 tot 5 jaar;Verenigde Staten van Amerika;Saba;2016;1;0;1
4101;Totaal mannen en vrouwen;0 tot 5 jaar;Verenigde Staten van Amerika;Saba;2017;4;0;4
4102;Totaal mannen en vrouwen;0 tot 5 jaar;Verenigde Staten van Amerika;Saba;2018;4;0;4
4103;Totaal mannen en vrouwen;0 tot 5 jaar;Verenigde Staten van Amerika;Saba;2019;1;2;-1
4104;Totaal mannen en vrouwen;0 tot 5 jaar;Verenigde Staten van Amerika;Saba;2020;0;0;0
4105;Totaal mannen en vrouwen;0 tot 5 jaar;Verenigde Staten van Amerika;Saba;2021;2;1;1
4106;Totaal mannen en vrouwen;0 tot 5 jaar;Verenigde Staten van Amerika;Saba;2022;0;0;0
4107;Totaal mannen en vrouwen;0 tot 5 jaar;Verenigde Staten van Amerika;Saba;2023;1;0;1
4108;Totaal mannen en vrouwen;0 tot 5 jaar;Overig Azië;Caribisch Nederland;2011;1;0;1
4109;Totaal mannen en vrouwen;0 tot 5 jaar;Overig Azië;Caribisch Nederland;2012;0;0;0
4110;Totaal mannen en vrouwen;0 tot 5 jaar;Overig Azië;Caribisch Nederland;2013;1;1;0
4111;Totaal mannen en vrouwen;0 tot 5 jaar;Overig Azië;Caribisch Nederland;2014;0;0;0
4112;Totaal mannen en vrouwen;0 tot 5 jaar;Overig Azië;Caribisch Nederland;2015;0;0;0
4113;Totaal mannen en vrouwen;0 tot 5 jaar;Overig Azië;Caribisch Nederland;2016;0;1;-1
4114;Totaal mannen en vrouwen;0 tot 5 jaar;Overig Azië;Caribisch Nederland;2017;3;0;3
4115;Totaal mannen en vrouwen;0 tot 5 jaar;Overig Azië;Caribisch Nederland;2018;2;0;2
4116;Totaal mannen en vrouwen;0 tot 5 jaar;Overig Azië;Caribisch Nederland;2019;0;0;0
4117;Totaal mannen en vrouwen;0 tot 5 jaar;Overig Azië;Caribisch Nederland;2020;0;0;0
4118;Totaal mannen en vrouwen;0 tot 5 jaar;Overig Azië;Caribisch Nederland;2021;1;0;1
4119;Totaal mannen en vrouwen;0 tot 5 jaar;Overig Azië;Caribisch Nederland;2022;0;0;0
4120;Totaal mannen en vrouwen;0 tot 5 jaar;Overig Azië;Caribisch Nederland;2023;0;0;0
4121;Totaal mannen en vrouwen;0 tot 5 jaar;Overig Azië;Bonaire;2011;0;0;0
4122;Totaal mannen en vrouwen;0 tot 5 jaar;Overig Azië;Bonaire;2012;0;0;0
4123;Totaal mannen en vrouwen;0 tot 5 jaar;Overig Azië;Bonaire;2013;0;0;0
4124;Totaal mannen en vrouwen;0 tot 5 jaar;Overig Azië;Bonaire;2014;0;0;0
4125;Totaal mannen en vrouwen;0 tot 5 jaar;Overig Azië;Bonaire;2015;0;0;0
4126;Totaal mannen en vrouwen;0 tot 5 jaar;Overig Azië;Bonaire;2016;0;0;0
4127;Totaal mannen en vrouwen;0 tot 5 jaar;Overig Azië;Bonaire;2017;3;0;3
4128;Totaal mannen en vrouwen;0 tot 5 jaar;Overig Azië;Bonaire;2018;0;0;0
4129;Totaal mannen en vrouwen;0 tot 5 jaar;Overig Azië;Bonaire;2019;0;0;0
4130;Totaal mannen en vrouwen;0 tot 5 jaar;Overig Azië;Bonaire;2020;0;0;0
4131;Totaal mannen en vrouwen;0 tot 5 jaar;Overig Azië;Bonaire;2021;1;0;1
4132;Totaal mannen en vrouwen;0 tot 5 jaar;Overig Azië;Bonaire;2022;0;0;0
4133;Totaal mannen en vrouwen;0 tot 5 jaar;Overig Azië;Bonaire;2023;0;0;0
4134;Totaal mannen en vrouwen;0 tot 5 jaar;Overig Azië;Sint Eustatius;2011;0;0;0
4135;Totaal mannen en vrouwen;0 tot 5 jaar;Overig Azië;Sint Eustatius;2012;0;0;0
4136;Totaal mannen en vrouwen;0 tot 5 jaar;Overig Azië;Sint Eustatius;2013;0;0;0
4137;Totaal mannen en vrouwen;0 tot 5 jaar;Overig Azië;Sint Eustatius;2014;0;0;0
4138;Totaal mannen en vrouwen;0 tot 5 jaar;Overig Azië;Sint Eustatius;2015;0;0;0
4139;Totaal mannen en vrouwen;0 tot 5 jaar;Overig Azië;Sint Eustatius;2016;0;0;0
4140;Totaal mannen en vrouwen;0 tot 5 jaar;Overig Azië;Sint Eustatius;2017;0;0;0
4141;Totaal mannen en vrouwen;0 tot 5 jaar;Overig Azië;Sint Eustatius;2018;0;0;0
4142;Totaal mannen en vrouwen;0 tot 5 jaar;Overig Azië;Sint Eustatius;2019;0;0;0
4143;Totaal mannen en vrouwen;0 tot 5 jaar;Overig Azië;Sint Eustatius;2020;0;0;0
4144;Totaal mannen en vrouwen;0 tot 5 jaar;Overig Azië;Sint Eustatius;2021;0;0;0
4145;Totaal mannen en vrouwen;0 tot 5 jaar;Overig Azië;Sint Eustatius;2022;0;0;0
4146;Totaal mannen en vrouwen;0 tot 5 jaar;Overig Azië;Sint Eustatius;2023;0;0;0
4147;Totaal mannen en vrouwen;0 tot 5 jaar;Overig Azië;Saba;2011;1;0;1
4148;Totaal mannen en vrouwen;0 tot 5 jaar;Overig Azië;Saba;2012;0;0;0
4149;Totaal mannen en vrouwen;0 tot 5 jaar;Overig Azië;Saba;2013;1;1;0
4150;Totaal mannen en vrouwen;0 tot 5 jaar;Overig Azië;Saba;2014;0;0;0
4151;Totaal mannen en vrouwen;0 tot 5 jaar;Overig Azië;Saba;2015;0;0;0
4152;Totaal mannen en vrouwen;0 tot 5 jaar;Overig Azië;Saba;2016;0;1;-1
4153;Totaal mannen en vrouwen;0 tot 5 jaar;Overig Azië;Saba;2017;0;0;0
4154;Totaal mannen en vrouwen;0 tot 5 jaar;Overig Azië;Saba;2018;2;0;2
4155;Totaal mannen en vrouwen;0 tot 5 jaar;Overig Azië;Saba;2019;0;0;0
4156;Totaal mannen en vrouwen;0 tot 5 jaar;Overig Azië;Saba;2020;0;0;0
4157;Totaal mannen en vrouwen;0 tot 5 jaar;Overig Azië;Saba;2021;0;0;0
4158;Totaal mannen en vrouwen;0 tot 5 jaar;Overig Azië;Saba;2022;0;0;0
4159;Totaal mannen en vrouwen;0 tot 5 jaar;Overig Azië;Saba;2023;0;0;0
4160;Totaal mannen en vrouwen;0 tot 5 jaar;Overig Europa;Caribisch Nederland;2011;0;0;0
4161;Totaal mannen en vrouwen;0 tot 5 jaar;Overig Europa;Caribisch Nederland;2012;0;1;-1
4162;Totaal mannen en vrouwen;0 tot 5 jaar;Overig Europa;Caribisch Nederland;2013;0;0;0
4163;Totaal mannen en vrouwen;0 tot 5 jaar;Overig Europa;Caribisch Nederland;2014;1;0;1
4164;Totaal mannen en vrouwen;0 tot 5 jaar;Overig Europa;Caribisch Nederland;2015;0;0;0
4165;Totaal mannen en vrouwen;0 tot 5 jaar;Overig Europa;Caribisch Nederland;2016;0;1;-1
4166;Totaal mannen en vrouwen;0 tot 5 jaar;Overig Europa;Caribisch Nederland;2017;1;0;1
4167;Totaal mannen en vrouwen;0 tot 5 jaar;Overig Europa;Caribisch Nederland;2018;0;0;0
4168;Totaal mannen en vrouwen;0 tot 5 jaar;Overig Europa;Caribisch Nederland;2019;0;0;0
4169;Totaal mannen en vrouwen;0 tot 5 jaar;Overig Europa;Caribisch Nederland;2020;0;0;0
4170;Totaal mannen en vrouwen;0 tot 5 jaar;Overig Europa;Caribisch Nederland;2021;1;0;1
4171;Totaal mannen en vrouwen;0 tot 5 jaar;Overig Europa;Caribisch Nederland;2022;1;0;1
4172;Totaal mannen en vrouwen;0 tot 5 jaar;Overig Europa;Caribisch Nederland;2023;0;0;0
4173;Totaal mannen en vrouwen;0 tot 5 jaar;Overig Europa;Bonaire;2011;0;0;0
4174;Totaal mannen en vrouwen;0 tot 5 jaar;Overig Europa;Bonaire;2012;0;0;0
4175;Totaal mannen en vrouwen;0 tot 5 jaar;Overig Europa;Bonaire;2013;0;0;0
4176;Totaal mannen en vrouwen;0 tot 5 jaar;Overig Europa;Bonaire;2014;0;0;0
4177;Totaal mannen en vrouwen;0 tot 5 jaar;Overig Europa;Bonaire;2015;0;0;0
4178;Totaal mannen en vrouwen;0 tot 5 jaar;Overig Europa;Bonaire;2016;0;0;0
4179;Totaal mannen en vrouwen;0 tot 5 jaar;Overig Europa;Bonaire;2017;1;0;1
4180;Totaal mannen en vrouwen;0 tot 5 jaar;Overig Europa;Bonaire;2018;0;0;0
4181;Totaal mannen en vrouwen;0 tot 5 jaar;Overig Europa;Bonaire;2019;0;0;0
4182;Totaal mannen en vrouwen;0 tot 5 jaar;Overig Europa;Bonaire;2020;0;0;0
4183;Totaal mannen en vrouwen;0 tot 5 jaar;Overig Europa;Bonaire;2021;1;0;1
4184;Totaal mannen en vrouwen;0 tot 5 jaar;Overig Europa;Bonaire;2022;1;0;1
4185;Totaal mannen en vrouwen;0 tot 5 jaar;Overig Europa;Bonaire;2023;0;0;0
4186;Totaal mannen en vrouwen;0 tot 5 jaar;Overig Europa;Sint Eustatius;2011;0;0;0
4187;Totaal mannen en vrouwen;0 tot 5 jaar;Overig Europa;Sint Eustatius;2012;0;1;-1
4188;Totaal mannen en vrouwen;0 tot 5 jaar;Overig Europa;Sint Eustatius;2013;0;0;0
4189;Totaal mannen en vrouwen;0 tot 5 jaar;Overig Europa;Sint Eustatius;2014;0;0;0
4190;Totaal mannen en vrouwen;0 tot 5 jaar;Overig Europa;Sint Eustatius;2015;0;0;0
4191;Totaal mannen en vrouwen;0 tot 5 jaar;Overig Europa;Sint Eustatius;2016;0;0;0
4192;Totaal mannen en vrouwen;0 tot 5 jaar;Overig Europa;Sint Eustatius;2017;0;0;0
4193;Totaal mannen en vrouwen;0 tot 5 jaar;Overig Europa;Sint Eustatius;2018;0;0;0
4194;Totaal mannen en vrouwen;0 tot 5 jaar;Overig Europa;Sint Eustatius;2019;0;0;0
4195;Totaal mannen en vrouwen;0 tot 5 jaar;Overig Europa;Sint Eustatius;2020;0;0;0
4196;Totaal mannen en vrouwen;0 tot 5 jaar;Overig Europa;Sint Eustatius;2021;0;0;0
4197;Totaal mannen en vrouwen;0 tot 5 jaar;Overig Europa;Sint Eustatius;2022;0;0;0
4198;Totaal mannen en vrouwen;0 tot 5 jaar;Overig Europa;Sint Eustatius;2023;0;0;0
4199;Totaal mannen en vrouwen;0 tot 5 jaar;Overig Europa;Saba;2011;0;0;0
4200;Totaal mannen en vrouwen;0 tot 5 jaar;Overig Europa;Saba;2012;0;0;0
4201;Totaal mannen en vrouwen;0 tot 5 jaar;Overig Europa;Saba;2013;0;0;0
4202;Totaal mannen en vrouwen;0 tot 5 jaar;Overig Europa;Saba;2014;1;0;1
4203;Totaal mannen en vrouwen;0 tot 5 jaar;Overig Europa;Saba;2015;0;0;0
4204;Totaal mannen en vrouwen;0 tot 5 jaar;Overig Europa;Saba;2016;0;1;-1
4205;Totaal mannen en vrouwen;0 tot 5 jaar;Overig Europa;Saba;2017;0;0;0
4206;Totaal mannen en vrouwen;0 tot 5 jaar;Overig Europa;Saba;2018;0;0;0
4207;Totaal mannen en vrouwen;0 tot 5 jaar;Overig Europa;Saba;2019;0;0;0
4208;Totaal mannen en vrouwen;0 tot 5 jaar;Overig Europa;Saba;2020;0;0;0
4209;Totaal mannen en vrouwen;0 tot 5 jaar;Overig Europa;Saba;2021;0;0;0
4210;Totaal mannen en vrouwen;0 tot 5 jaar;Overig Europa;Saba;2022;0;0;0
4211;Totaal mannen en vrouwen;0 tot 5 jaar;Overig Europa;Saba;2023;0;0;0
4212;Totaal mannen en vrouwen;0 tot 5 jaar;Overig Midden- en Zuid-Amerika;Caribisch Nederland;2011;1;0;1
4213;Totaal mannen en vrouwen;0 tot 5 jaar;Overig Midden- en Zuid-Amerika;Caribisch Nederland;2012;1;0;1
4214;Totaal mannen en vrouwen;0 tot 5 jaar;Overig Midden- en Zuid-Amerika;Caribisch Nederland;2013;0;0;0
4215;Totaal mannen en vrouwen;0 tot 5 jaar;Overig Midden- en Zuid-Amerika;Caribisch Nederland;2014;1;0;1
4216;Totaal mannen en vrouwen;0 tot 5 jaar;Overig Midden- en Zuid-Amerika;Caribisch Nederland;2015;0;0;0
4217;Totaal mannen en vrouwen;0 tot 5 jaar;Overig Midden- en Zuid-Amerika;Caribisch Nederland;2016;1;1;0
4218;Totaal mannen en vrouwen;0 tot 5 jaar;Overig Midden- en Zuid-Amerika;Caribisch Nederland;2017;1;0;1
4219;Totaal mannen en vrouwen;0 tot 5 jaar;Overig Midden- en Zuid-Amerika;Caribisch Nederland;2018;3;1;2
4220;Totaal mannen en vrouwen;0 tot 5 jaar;Overig Midden- en Zuid-Amerika;Caribisch Nederland;2019;1;0;1
4221;Totaal mannen en vrouwen;0 tot 5 jaar;Overig Midden- en Zuid-Amerika;Caribisch Nederland;2020;1;0;1
4222;Totaal mannen en vrouwen;0 tot 5 jaar;Overig Midden- en Zuid-Amerika;Caribisch Nederland;2021;1;0;1
4223;Totaal mannen en vrouwen;0 tot 5 jaar;Overig Midden- en Zuid-Amerika;Caribisch Nederland;2022;2;0;2
4224;Totaal mannen en vrouwen;0 tot 5 jaar;Overig Midden- en Zuid-Amerika;Caribisch Nederland;2023;1;1;0
4225;Totaal mannen en vrouwen;0 tot 5 jaar;Overig Midden- en Zuid-Amerika;Bonaire;2011;0;0;0
4226;Totaal mannen en vrouwen;0 tot 5 jaar;Overig Midden- en Zuid-Amerika;Bonaire;2012;0;0;0
4227;Totaal mannen en vrouwen;0 tot 5 jaar;Overig Midden- en Zuid-Amerika;Bonaire;2013;0;0;0
4228;Totaal mannen en vrouwen;0 tot 5 jaar;Overig Midden- en Zuid-Amerika;Bonaire;2014;1;0;1
4229;Totaal mannen en vrouwen;0 tot 5 jaar;Overig Midden- en Zuid-Amerika;Bonaire;2015;0;0;0
4230;Totaal mannen en vrouwen;0 tot 5 jaar;Overig Midden- en Zuid-Amerika;Bonaire;2016;1;1;0
4231;Totaal mannen en vrouwen;0 tot 5 jaar;Overig Midden- en Zuid-Amerika;Bonaire;2017;0;0;0
4232;Totaal mannen en vrouwen;0 tot 5 jaar;Overig Midden- en Zuid-Amerika;Bonaire;2018;2;0;2
4233;Totaal mannen en vrouwen;0 tot 5 jaar;Overig Midden- en Zuid-Amerika;Bonaire;2019;0;0;0
4234;Totaal mannen en vrouwen;0 tot 5 jaar;Overig Midden- en Zuid-Amerika;Bonaire;2020;0;0;0
4235;Totaal mannen en vrouwen;0 tot 5 jaar;Overig Midden- en Zuid-Amerika;Bonaire;2021;1;0;1
4236;Totaal mannen en vrouwen;0 tot 5 jaar;Overig Midden- en Zuid-Amerika;Bonaire;2022;2;0;2
4237;Totaal mannen en vrouwen;0 tot 5 jaar;Overig Midden- en Zuid-Amerika;Bonaire;2023;1;0;1
4238;Totaal mannen en vrouwen;0 tot 5 jaar;Overig Midden- en Zuid-Amerika;Sint Eustatius;2011;1;0;1
4239;Totaal mannen en vrouwen;0 tot 5 jaar;Overig Midden- en Zuid-Amerika;Sint Eustatius;2012;0;0;0
4240;Totaal mannen en vrouwen;0 tot 5 jaar;Overig Midden- en Zuid-Amerika;Sint Eustatius;2013;0;0;0
4241;Totaal mannen en vrouwen;0 tot 5 jaar;Overig Midden- en Zuid-Amerika;Sint Eustatius;2014;0;0;0
4242;Totaal mannen en vrouwen;0 tot 5 jaar;Overig Midden- en Zuid-Amerika;Sint Eustatius;2015;0;0;0
4243;Totaal mannen en vrouwen;0 tot 5 jaar;Overig Midden- en Zuid-Amerika;Sint Eustatius;2016;0;0;0
4244;Totaal mannen en vrouwen;0 tot 5 jaar;Overig Midden- en Zuid-Amerika;Sint Eustatius;2017;1;0;1
4245;Totaal mannen en vrouwen;0 tot 5 jaar;Overig Midden- en Zuid-Amerika;Sint Eustatius;2018;1;1;0
4246;Totaal mannen en vrouwen;0 tot 5 jaar;Overig Midden- en Zuid-Amerika;Sint Eustatius;2019;1;0;1
4247;Totaal mannen en vrouwen;0 tot 5 jaar;Overig Midden- en Zuid-Amerika;Sint Eustatius;2020;1;0;1
4248;Totaal mannen en vrouwen;0 tot 5 jaar;Overig Midden- en Zuid-Amerika;Sint Eustatius;2021;0;0;0
4249;Totaal mannen en vrouwen;0 tot 5 jaar;Overig Midden- en Zuid-Amerika;Sint Eustatius;2022;0;0;0
4250;Totaal mannen en vrouwen;0 tot 5 jaar;Overig Midden- en Zuid-Amerika;Sint Eustatius;2023;0;1;-1
4251;Totaal mannen en vrouwen;0 tot 5 jaar;Overig Midden- en Zuid-Amerika;Saba;2011;0;0;0
4252;Totaal mannen en vrouwen;0 tot 5 jaar;Overig Midden- en Zuid-Amerika;Saba;2012;1;0;1
4253;Totaal mannen en vrouwen;0 tot 5 jaar;Overig Midden- en Zuid-Amerika;Saba;2013;0;0;0
4254;Totaal mannen en vrouwen;0 tot 5 jaar;Overig Midden- en Zuid-Amerika;Saba;2014;0;0;0
4255;Totaal mannen en vrouwen;0 tot 5 jaar;Overig Midden- en Zuid-Amerika;Saba;2015;0;0;0
4256;Totaal mannen en vrouwen;0 tot 5 jaar;Overig Midden- en Zuid-Amerika;Saba;2016;0;0;0
4257;Totaal mannen en vrouwen;0 tot 5 jaar;Overig Midden- en Zuid-Amerika;Saba;2017;0;0;0
4258;Totaal mannen en vrouwen;0 tot 5 jaar;Overig Midden- en Zuid-Amerika;Saba;2018;0;0;0
4259;Totaal mannen en vrouwen;0 tot 5 jaar;Overig Midden- en Zuid-Amerika;Saba;2019;0;0;0
4260;Totaal mannen en vrouwen;0 tot 5 jaar;Overig Midden- en Zuid-Amerika;Saba;2020;0;0;0
4261;Totaal mannen en vrouwen;0 tot 5 jaar;Overig Midden- en Zuid-Amerika;Saba;2021;0;0;0
4262;Totaal mannen en vrouwen;0 tot 5 jaar;Overig Midden- en Zuid-Amerika;Saba;2022;0;0;0
4263;Totaal mannen en vrouwen;0 tot 5 jaar;Overig Midden- en Zuid-Amerika;Saba;2023;0;0;0
4264;Totaal mannen en vrouwen;5 tot 10 jaar;Totaal;Caribisch Nederland;2011;102;43;59
4265;Totaal mannen en vrouwen;5 tot 10 jaar;Totaal;Caribisch Nederland;2012;99;65;34
4266;Totaal mannen en vrouwen;5 tot 10 jaar;Totaal;Caribisch Nederland;2013;124;71;53
4267;Totaal mannen en vrouwen;5 tot 10 jaar;Totaal;Caribisch Nederland;2014;102;74;28
4268;Totaal mannen en vrouwen;5 tot 10 jaar;Totaal;Caribisch Nederland;2015;95;74;21
4269;Totaal mannen en vrouwen;5 tot 10 jaar;Totaal;Caribisch Nederland;2016;100;79;21
4270;Totaal mannen en vrouwen;5 tot 10 jaar;Totaal;Caribisch Nederland;2017;112;94;18
4271;Totaal mannen en vrouwen;5 tot 10 jaar;Totaal;Caribisch Nederland;2018;97;88;9
4272;Totaal mannen en vrouwen;5 tot 10 jaar;Totaal;Caribisch Nederland;2019;104;52;52
4273;Totaal mannen en vrouwen;5 tot 10 jaar;Totaal;Caribisch Nederland;2020;116;59;57
4274;Totaal mannen en vrouwen;5 tot 10 jaar;Totaal;Caribisch Nederland;2021;110;73;37
4275;Totaal mannen en vrouwen;5 tot 10 jaar;Totaal;Caribisch Nederland;2022;138;88;50
4276;Totaal mannen en vrouwen;5 tot 10 jaar;Totaal;Caribisch Nederland;2023;138;86;52
4277;Totaal mannen en vrouwen;5 tot 10 jaar;Totaal;Bonaire;2011;84;32;52
4278;Totaal mannen en vrouwen;5 tot 10 jaar;Totaal;Bonaire;2012;81;44;37
4279;Totaal mannen en vrouwen;5 tot 10 jaar;Totaal;Bonaire;2013;94;45;49
4280;Totaal mannen en vrouwen;5 tot 10 jaar;Totaal;Bonaire;2014;83;64;19
4281;Totaal mannen en vrouwen;5 tot 10 jaar;Totaal;Bonaire;2015;72;56;16
4282;Totaal mannen en vrouwen;5 tot 10 jaar;Totaal;Bonaire;2016;86;63;23
4283;Totaal mannen en vrouwen;5 tot 10 jaar;Totaal;Bonaire;2017;97;84;13
4284;Totaal mannen en vrouwen;5 tot 10 jaar;Totaal;Bonaire;2018;75;66;9
4285;Totaal mannen en vrouwen;5 tot 10 jaar;Totaal;Bonaire;2019;86;37;49
4286;Totaal mannen en vrouwen;5 tot 10 jaar;Totaal;Bonaire;2020;104;50;54
4287;Totaal mannen en vrouwen;5 tot 10 jaar;Totaal;Bonaire;2021;94;53;41
4288;Totaal mannen en vrouwen;5 tot 10 jaar;Totaal;Bonaire;2022;120;70;50
4289;Totaal mannen en vrouwen;5 tot 10 jaar;Totaal;Bonaire;2023;124;66;58
4290;Totaal mannen en vrouwen;5 tot 10 jaar;Totaal;Sint Eustatius;2011;17;7;10
4291;Totaal mannen en vrouwen;5 tot 10 jaar;Totaal;Sint Eustatius;2012;14;11;3
4292;Totaal mannen en vrouwen;5 tot 10 jaar;Totaal;Sint Eustatius;2013;25;22;3
4293;Totaal mannen en vrouwen;5 tot 10 jaar;Totaal;Sint Eustatius;2014;10;7;3
4294;Totaal mannen en vrouwen;5 tot 10 jaar;Totaal;Sint Eustatius;2015;16;16;0
4295;Totaal mannen en vrouwen;5 tot 10 jaar;Totaal;Sint Eustatius;2016;5;11;-6
4296;Totaal mannen en vrouwen;5 tot 10 jaar;Totaal;Sint Eustatius;2017;12;8;4
4297;Totaal mannen en vrouwen;5 tot 10 jaar;Totaal;Sint Eustatius;2018;12;11;1
4298;Totaal mannen en vrouwen;5 tot 10 jaar;Totaal;Sint Eustatius;2019;9;4;5
4299;Totaal mannen en vrouwen;5 tot 10 jaar;Totaal;Sint Eustatius;2020;8;8;0
4300;Totaal mannen en vrouwen;5 tot 10 jaar;Totaal;Sint Eustatius;2021;9;8;1
4301;Totaal mannen en vrouwen;5 tot 10 jaar;Totaal;Sint Eustatius;2022;8;7;1
4302;Totaal mannen en vrouwen;5 tot 10 jaar;Totaal;Sint Eustatius;2023;8;12;-4
4303;Totaal mannen en vrouwen;5 tot 10 jaar;Totaal;Saba;2011;1;4;-3
4304;Totaal mannen en vrouwen;5 tot 10 jaar;Totaal;Saba;2012;4;10;-6
4305;Totaal mannen en vrouwen;5 tot 10 jaar;Totaal;Saba;2013;5;4;1
4306;Totaal mannen en vrouwen;5 tot 10 jaar;Totaal;Saba;2014;9;3;6
4307;Totaal mannen en vrouwen;5 tot 10 jaar;Totaal;Saba;2015;7;2;5
4308;Totaal mannen en vrouwen;5 tot 10 jaar;Totaal;Saba;2016;9;5;4
4309;Totaal mannen en vrouwen;5 tot 10 jaar;Totaal;Saba;2017;3;2;1
4310;Totaal mannen en vrouwen;5 tot 10 jaar;Totaal;Saba;2018;10;11;-1
4311;Totaal mannen en vrouwen;5 tot 10 jaar;Totaal;Saba;2019;9;11;-2
4312;Totaal mannen en vrouwen;5 tot 10 jaar;Totaal;Saba;2020;4;1;3
4313;Totaal mannen en vrouwen;5 tot 10 jaar;Totaal;Saba;2021;7;12;-5
4314;Totaal mannen en vrouwen;5 tot 10 jaar;Totaal;Saba;2022;10;11;-1
4315;Totaal mannen en vrouwen;5 tot 10 jaar;Totaal;Saba;2023;6;8;-2
4316;Totaal mannen en vrouwen;5 tot 10 jaar;Buiten Caribisch Nederland geboren;Caribisch Nederland;2011;91;38;53
4317;Totaal mannen en vrouwen;5 tot 10 jaar;Buiten Caribisch Nederland geboren;Caribisch Nederland;2012;92;51;41
4318;Totaal mannen en vrouwen;5 tot 10 jaar;Buiten Caribisch Nederland geboren;Caribisch Nederland;2013;116;55;61
4319;Totaal mannen en vrouwen;5 tot 10 jaar;Buiten Caribisch Nederland geboren;Caribisch Nederland;2014;83;59;24
4320;Totaal mannen en vrouwen;5 tot 10 jaar;Buiten Caribisch Nederland geboren;Caribisch Nederland;2015;90;57;33
4321;Totaal mannen en vrouwen;5 tot 10 jaar;Buiten Caribisch Nederland geboren;Caribisch Nederland;2016;95;58;37
4322;Totaal mannen en vrouwen;5 tot 10 jaar;Buiten Caribisch Nederland geboren;Caribisch Nederland;2017;104;71;33
4323;Totaal mannen en vrouwen;5 tot 10 jaar;Buiten Caribisch Nederland geboren;Caribisch Nederland;2018;88;67;21
4324;Totaal mannen en vrouwen;5 tot 10 jaar;Buiten Caribisch Nederland geboren;Caribisch Nederland;2019;98;39;59
4325;Totaal mannen en vrouwen;5 tot 10 jaar;Buiten Caribisch Nederland geboren;Caribisch Nederland;2020;104;47;57
4326;Totaal mannen en vrouwen;5 tot 10 jaar;Buiten Caribisch Nederland geboren;Caribisch Nederland;2021;103;56;47
4327;Totaal mannen en vrouwen;5 tot 10 jaar;Buiten Caribisch Nederland geboren;Caribisch Nederland;2022;129;67;62
4328;Totaal mannen en vrouwen;5 tot 10 jaar;Buiten Caribisch Nederland geboren;Caribisch Nederland;2023;129;61;68
4329;Totaal mannen en vrouwen;5 tot 10 jaar;Buiten Caribisch Nederland geboren;Bonaire;2011;76;28;48
4330;Totaal mannen en vrouwen;5 tot 10 jaar;Buiten Caribisch Nederland geboren;Bonaire;2012;75;35;40
4331;Totaal mannen en vrouwen;5 tot 10 jaar;Buiten Caribisch Nederland geboren;Bonaire;2013;89;32;57
4332;Totaal mannen en vrouwen;5 tot 10 jaar;Buiten Caribisch Nederland geboren;Bonaire;2014;65;50;15
4333;Totaal mannen en vrouwen;5 tot 10 jaar;Buiten Caribisch Nederland geboren;Bonaire;2015;68;42;26
4334;Totaal mannen en vrouwen;5 tot 10 jaar;Buiten Caribisch Nederland geboren;Bonaire;2016;81;46;35
4335;Totaal mannen en vrouwen;5 tot 10 jaar;Buiten Caribisch Nederland geboren;Bonaire;2017;89;62;27
4336;Totaal mannen en vrouwen;5 tot 10 jaar;Buiten Caribisch Nederland geboren;Bonaire;2018;67;48;19
4337;Totaal mannen en vrouwen;5 tot 10 jaar;Buiten Caribisch Nederland geboren;Bonaire;2019;80;24;56
4338;Totaal mannen en vrouwen;5 tot 10 jaar;Buiten Caribisch Nederland geboren;Bonaire;2020;92;39;53
4339;Totaal mannen en vrouwen;5 tot 10 jaar;Buiten Caribisch Nederland geboren;Bonaire;2021;88;39;49
4340;Totaal mannen en vrouwen;5 tot 10 jaar;Buiten Caribisch Nederland geboren;Bonaire;2022;111;52;59
4341;Totaal mannen en vrouwen;5 tot 10 jaar;Buiten Caribisch Nederland geboren;Bonaire;2023;116;42;74
4342;Totaal mannen en vrouwen;5 tot 10 jaar;Buiten Caribisch Nederland geboren;Sint Eustatius;2011;14;6;8
4343;Totaal mannen en vrouwen;5 tot 10 jaar;Buiten Caribisch Nederland geboren;Sint Eustatius;2012;14;7;7
4344;Totaal mannen en vrouwen;5 tot 10 jaar;Buiten Caribisch Nederland geboren;Sint Eustatius;2013;23;19;4
4345;Totaal mannen en vrouwen;5 tot 10 jaar;Buiten Caribisch Nederland geboren;Sint Eustatius;2014;9;6;3
4346;Totaal mannen en vrouwen;5 tot 10 jaar;Buiten Caribisch Nederland geboren;Sint Eustatius;2015;15;13;2
4347;Totaal mannen en vrouwen;5 tot 10 jaar;Buiten Caribisch Nederland geboren;Sint Eustatius;2016;5;8;-3
4348;Totaal mannen en vrouwen;5 tot 10 jaar;Buiten Caribisch Nederland geboren;Sint Eustatius;2017;12;7;5
4349;Totaal mannen en vrouwen;5 tot 10 jaar;Buiten Caribisch Nederland geboren;Sint Eustatius;2018;11;8;3
4350;Totaal mannen en vrouwen;5 tot 10 jaar;Buiten Caribisch Nederland geboren;Sint Eustatius;2019;9;4;5
4351;Totaal mannen en vrouwen;5 tot 10 jaar;Buiten Caribisch Nederland geboren;Sint Eustatius;2020;8;7;1
4352;Totaal mannen en vrouwen;5 tot 10 jaar;Buiten Caribisch Nederland geboren;Sint Eustatius;2021;8;5;3
4353;Totaal mannen en vrouwen;5 tot 10 jaar;Buiten Caribisch Nederland geboren;Sint Eustatius;2022;8;4;4
4354;Totaal mannen en vrouwen;5 tot 10 jaar;Buiten Caribisch Nederland geboren;Sint Eustatius;2023;7;11;-4
4355;Totaal mannen en vrouwen;5 tot 10 jaar;Buiten Caribisch Nederland geboren;Saba;2011;1;4;-3
4356;Totaal mannen en vrouwen;5 tot 10 jaar;Buiten Caribisch Nederland geboren;Saba;2012;3;9;-6
4357;Totaal mannen en vrouwen;5 tot 10 jaar;Buiten Caribisch Nederland geboren;Saba;2013;4;4;0
4358;Totaal mannen en vrouwen;5 tot 10 jaar;Buiten Caribisch Nederland geboren;Saba;2014;9;3;6
4359;Totaal mannen en vrouwen;5 tot 10 jaar;Buiten Caribisch Nederland geboren;Saba;2015;7;2;5
4360;Totaal mannen en vrouwen;5 tot 10 jaar;Buiten Caribisch Nederland geboren;Saba;2016;9;4;5
4361;Totaal mannen en vrouwen;5 tot 10 jaar;Buiten Caribisch Nederland geboren;Saba;2017;3;2;1
4362;Totaal mannen en vrouwen;5 tot 10 jaar;Buiten Caribisch Nederland geboren;Saba;2018;10;11;-1
4363;Totaal mannen en vrouwen;5 tot 10 jaar;Buiten Caribisch Nederland geboren;Saba;2019;9;11;-2
4364;Totaal mannen en vrouwen;5 tot 10 jaar;Buiten Caribisch Nederland geboren;Saba;2020;4;1;3
4365;Totaal mannen en vrouwen;5 tot 10 jaar;Buiten Caribisch Nederland geboren;Saba;2021;7;12;-5
4366;Totaal mannen en vrouwen;5 tot 10 jaar;Buiten Caribisch Nederland geboren;Saba;2022;10;11;-1
4367;Totaal mannen en vrouwen;5 tot 10 jaar;Buiten Caribisch Nederland geboren;Saba;2023;6;8;-2
4368;Totaal mannen en vrouwen;5 tot 10 jaar;Buiten Nederlandse Cariben geboren;Caribisch Nederland;2011;76;23;53
4369;Totaal mannen en vrouwen;5 tot 10 jaar;Buiten Nederlandse Cariben geboren;Caribisch Nederland;2012;66;31;35
4370;Totaal mannen en vrouwen;5 tot 10 jaar;Buiten Nederlandse Cariben geboren;Caribisch Nederland;2013;87;35;52
4371;Totaal mannen en vrouwen;5 tot 10 jaar;Buiten Nederlandse Cariben geboren;Caribisch Nederland;2014;58;36;22
4372;Totaal mannen en vrouwen;5 tot 10 jaar;Buiten Nederlandse Cariben geboren;Caribisch Nederland;2015;72;45;27
4373;Totaal mannen en vrouwen;5 tot 10 jaar;Buiten Nederlandse Cariben geboren;Caribisch Nederland;2016;69;38;31
4374;Totaal mannen en vrouwen;5 tot 10 jaar;Buiten Nederlandse Cariben geboren;Caribisch Nederland;2017;82;52;30
4375;Totaal mannen en vrouwen;5 tot 10 jaar;Buiten Nederlandse Cariben geboren;Caribisch Nederland;2018;63;53;10
4376;Totaal mannen en vrouwen;5 tot 10 jaar;Buiten Nederlandse Cariben geboren;Caribisch Nederland;2019;76;29;47
4377;Totaal mannen en vrouwen;5 tot 10 jaar;Buiten Nederlandse Cariben geboren;Caribisch Nederland;2020;76;33;43
4378;Totaal mannen en vrouwen;5 tot 10 jaar;Buiten Nederlandse Cariben geboren;Caribisch Nederland;2021;78;40;38
4379;Totaal mannen en vrouwen;5 tot 10 jaar;Buiten Nederlandse Cariben geboren;Caribisch Nederland;2022;107;54;53
4380;Totaal mannen en vrouwen;5 tot 10 jaar;Buiten Nederlandse Cariben geboren;Caribisch Nederland;2023;110;53;57
4381;Totaal mannen en vrouwen;5 tot 10 jaar;Buiten Nederlandse Cariben geboren;Bonaire;2011;63;15;48
4382;Totaal mannen en vrouwen;5 tot 10 jaar;Buiten Nederlandse Cariben geboren;Bonaire;2012;53;21;32
4383;Totaal mannen en vrouwen;5 tot 10 jaar;Buiten Nederlandse Cariben geboren;Bonaire;2013;65;24;41
4384;Totaal mannen en vrouwen;5 tot 10 jaar;Buiten Nederlandse Cariben geboren;Bonaire;2014;43;32;11
4385;Totaal mannen en vrouwen;5 tot 10 jaar;Buiten Nederlandse Cariben geboren;Bonaire;2015;54;31;23
4386;Totaal mannen en vrouwen;5 tot 10 jaar;Buiten Nederlandse Cariben geboren;Bonaire;2016;59;30;29
4387;Totaal mannen en vrouwen;5 tot 10 jaar;Buiten Nederlandse Cariben geboren;Bonaire;2017;72;44;28
4388;Totaal mannen en vrouwen;5 tot 10 jaar;Buiten Nederlandse Cariben geboren;Bonaire;2018;51;42;9
4389;Totaal mannen en vrouwen;5 tot 10 jaar;Buiten Nederlandse Cariben geboren;Bonaire;2019;65;18;47
4390;Totaal mannen en vrouwen;5 tot 10 jaar;Buiten Nederlandse Cariben geboren;Bonaire;2020;67;31;36
4391;Totaal mannen en vrouwen;5 tot 10 jaar;Buiten Nederlandse Cariben geboren;Bonaire;2021;67;28;39
4392;Totaal mannen en vrouwen;5 tot 10 jaar;Buiten Nederlandse Cariben geboren;Bonaire;2022;93;42;51
4393;Totaal mannen en vrouwen;5 tot 10 jaar;Buiten Nederlandse Cariben geboren;Bonaire;2023;98;38;60
4394;Totaal mannen en vrouwen;5 tot 10 jaar;Buiten Nederlandse Cariben geboren;Sint Eustatius;2011;12;6;6
4395;Totaal mannen en vrouwen;5 tot 10 jaar;Buiten Nederlandse Cariben geboren;Sint Eustatius;2012;10;3;7
4396;Totaal mannen en vrouwen;5 tot 10 jaar;Buiten Nederlandse Cariben geboren;Sint Eustatius;2013;18;8;10
4397;Totaal mannen en vrouwen;5 tot 10 jaar;Buiten Nederlandse Cariben geboren;Sint Eustatius;2014;8;4;4
4398;Totaal mannen en vrouwen;5 tot 10 jaar;Buiten Nederlandse Cariben geboren;Sint Eustatius;2015;11;12;-1
4399;Totaal mannen en vrouwen;5 tot 10 jaar;Buiten Nederlandse Cariben geboren;Sint Eustatius;2016;4;5;-1
4400;Totaal mannen en vrouwen;5 tot 10 jaar;Buiten Nederlandse Cariben geboren;Sint Eustatius;2017;9;6;3
4401;Totaal mannen en vrouwen;5 tot 10 jaar;Buiten Nederlandse Cariben geboren;Sint Eustatius;2018;6;6;0
4402;Totaal mannen en vrouwen;5 tot 10 jaar;Buiten Nederlandse Cariben geboren;Sint Eustatius;2019;5;1;4
4403;Totaal mannen en vrouwen;5 tot 10 jaar;Buiten Nederlandse Cariben geboren;Sint Eustatius;2020;5;2;3
4404;Totaal mannen en vrouwen;5 tot 10 jaar;Buiten Nederlandse Cariben geboren;Sint Eustatius;2021;4;4;0
4405;Totaal mannen en vrouwen;5 tot 10 jaar;Buiten Nederlandse Cariben geboren;Sint Eustatius;2022;7;2;5
4406;Totaal mannen en vrouwen;5 tot 10 jaar;Buiten Nederlandse Cariben geboren;Sint Eustatius;2023;7;7;0
4407;Totaal mannen en vrouwen;5 tot 10 jaar;Buiten Nederlandse Cariben geboren;Saba;2011;1;2;-1
4408;Totaal mannen en vrouwen;5 tot 10 jaar;Buiten Nederlandse Cariben geboren;Saba;2012;3;7;-4
4409;Totaal mannen en vrouwen;5 tot 10 jaar;Buiten Nederlandse Cariben geboren;Saba;2013;4;3;1
4410;Totaal mannen en vrouwen;5 tot 10 jaar;Buiten Nederlandse Cariben geboren;Saba;2014;7;0;7
4411;Totaal mannen en vrouwen;5 tot 10 jaar;Buiten Nederlandse Cariben geboren;Saba;2015;7;2;5
4412;Totaal mannen en vrouwen;5 tot 10 jaar;Buiten Nederlandse Cariben geboren;Saba;2016;6;3;3
4413;Totaal mannen en vrouwen;5 tot 10 jaar;Buiten Nederlandse Cariben geboren;Saba;2017;1;2;-1
4414;Totaal mannen en vrouwen;5 tot 10 jaar;Buiten Nederlandse Cariben geboren;Saba;2018;6;5;1
4415;Totaal mannen en vrouwen;5 tot 10 jaar;Buiten Nederlandse Cariben geboren;Saba;2019;6;10;-4
4416;Totaal mannen en vrouwen;5 tot 10 jaar;Buiten Nederlandse Cariben geboren;Saba;2020;4;0;4
4417;Totaal mannen en vrouwen;5 tot 10 jaar;Buiten Nederlandse Cariben geboren;Saba;2021;7;8;-1
4418;Totaal mannen en vrouwen;5 tot 10 jaar;Buiten Nederlandse Cariben geboren;Saba;2022;7;10;-3
4419;Totaal mannen en vrouwen;5 tot 10 jaar;Buiten Nederlandse Cariben geboren;Saba;2023;5;8;-3
4420;Totaal mannen en vrouwen;5 tot 10 jaar;Buiten Koninkrijk der Nederlanden gebo..;Caribisch Nederland;2011;18;8;10
4421;Totaal mannen en vrouwen;5 tot 10 jaar;Buiten Koninkrijk der Nederlanden gebo..;Caribisch Nederland;2012;27;10;17
4422;Totaal mannen en vrouwen;5 tot 10 jaar;Buiten Koninkrijk der Nederlanden gebo..;Caribisch Nederland;2013;31;10;21
4423;Totaal mannen en vrouwen;5 tot 10 jaar;Buiten Koninkrijk der Nederlanden gebo..;Caribisch Nederland;2014;18;13;5
4424;Totaal mannen en vrouwen;5 tot 10 jaar;Buiten Koninkrijk der Nederlanden gebo..;Caribisch Nederland;2015;29;10;19
4425;Totaal mannen en vrouwen;5 tot 10 jaar;Buiten Koninkrijk der Nederlanden gebo..;Caribisch Nederland;2016;27;8;19
4426;Totaal mannen en vrouwen;5 tot 10 jaar;Buiten Koninkrijk der Nederlanden gebo..;Caribisch Nederland;2017;40;10;30
4427;Totaal mannen en vrouwen;5 tot 10 jaar;Buiten Koninkrijk der Nederlanden gebo..;Caribisch Nederland;2018;27;16;11
4428;Totaal mannen en vrouwen;5 tot 10 jaar;Buiten Koninkrijk der Nederlanden gebo..;Caribisch Nederland;2019;36;10;26
4429;Totaal mannen en vrouwen;5 tot 10 jaar;Buiten Koninkrijk der Nederlanden gebo..;Caribisch Nederland;2020;19;1;18
4430;Totaal mannen en vrouwen;5 tot 10 jaar;Buiten Koninkrijk der Nederlanden gebo..;Caribisch Nederland;2021;34;13;21
4431;Totaal mannen en vrouwen;5 tot 10 jaar;Buiten Koninkrijk der Nederlanden gebo..;Caribisch Nederland;2022;44;11;33
4432;Totaal mannen en vrouwen;5 tot 10 jaar;Buiten Koninkrijk der Nederlanden gebo..;Caribisch Nederland;2023;65;16;49
4433;Totaal mannen en vrouwen;5 tot 10 jaar;Buiten Koninkrijk der Nederlanden gebo..;Bonaire;2011;11;3;8
4434;Totaal mannen en vrouwen;5 tot 10 jaar;Buiten Koninkrijk der Nederlanden gebo..;Bonaire;2012;19;3;16
4435;Totaal mannen en vrouwen;5 tot 10 jaar;Buiten Koninkrijk der Nederlanden gebo..;Bonaire;2013;18;1;17
4436;Totaal mannen en vrouwen;5 tot 10 jaar;Buiten Koninkrijk der Nederlanden gebo..;Bonaire;2014;11;9;2
4437;Totaal mannen en vrouwen;5 tot 10 jaar;Buiten Koninkrijk der Nederlanden gebo..;Bonaire;2015;18;4;14
4438;Totaal mannen en vrouwen;5 tot 10 jaar;Buiten Koninkrijk der Nederlanden gebo..;Bonaire;2016;19;7;12
4439;Totaal mannen en vrouwen;5 tot 10 jaar;Buiten Koninkrijk der Nederlanden gebo..;Bonaire;2017;34;6;28
4440;Totaal mannen en vrouwen;5 tot 10 jaar;Buiten Koninkrijk der Nederlanden gebo..;Bonaire;2018;21;9;12
4441;Totaal mannen en vrouwen;5 tot 10 jaar;Buiten Koninkrijk der Nederlanden gebo..;Bonaire;2019;25;4;21
4442;Totaal mannen en vrouwen;5 tot 10 jaar;Buiten Koninkrijk der Nederlanden gebo..;Bonaire;2020;13;0;13
4443;Totaal mannen en vrouwen;5 tot 10 jaar;Buiten Koninkrijk der Nederlanden gebo..;Bonaire;2021;25;2;23
4444;Totaal mannen en vrouwen;5 tot 10 jaar;Buiten Koninkrijk der Nederlanden gebo..;Bonaire;2022;35;7;28
4445;Totaal mannen en vrouwen;5 tot 10 jaar;Buiten Koninkrijk der Nederlanden gebo..;Bonaire;2023;56;5;51
4446;Totaal mannen en vrouwen;5 tot 10 jaar;Buiten Koninkrijk der Nederlanden gebo..;Sint Eustatius;2011;6;3;3
4447;Totaal mannen en vrouwen;5 tot 10 jaar;Buiten Koninkrijk der Nederlanden gebo..;Sint Eustatius;2012;6;1;5
4448;Totaal mannen en vrouwen;5 tot 10 jaar;Buiten Koninkrijk der Nederlanden gebo..;Sint Eustatius;2013;9;7;2
4449;Totaal mannen en vrouwen;5 tot 10 jaar;Buiten Koninkrijk der Nederlanden gebo..;Sint Eustatius;2014;4;4;0
4450;Totaal mannen en vrouwen;5 tot 10 jaar;Buiten Koninkrijk der Nederlanden gebo..;Sint Eustatius;2015;8;6;2
4451;Totaal mannen en vrouwen;5 tot 10 jaar;Buiten Koninkrijk der Nederlanden gebo..;Sint Eustatius;2016;3;0;3
4452;Totaal mannen en vrouwen;5 tot 10 jaar;Buiten Koninkrijk der Nederlanden gebo..;Sint Eustatius;2017;5;3;2
4453;Totaal mannen en vrouwen;5 tot 10 jaar;Buiten Koninkrijk der Nederlanden gebo..;Sint Eustatius;2018;2;2;0
4454;Totaal mannen en vrouwen;5 tot 10 jaar;Buiten Koninkrijk der Nederlanden gebo..;Sint Eustatius;2019;5;0;5
4455;Totaal mannen en vrouwen;5 tot 10 jaar;Buiten Koninkrijk der Nederlanden gebo..;Sint Eustatius;2020;4;1;3
4456;Totaal mannen en vrouwen;5 tot 10 jaar;Buiten Koninkrijk der Nederlanden gebo..;Sint Eustatius;2021;3;3;0
4457;Totaal mannen en vrouwen;5 tot 10 jaar;Buiten Koninkrijk der Nederlanden gebo..;Sint Eustatius;2022;4;2;2
4458;Totaal mannen en vrouwen;5 tot 10 jaar;Buiten Koninkrijk der Nederlanden gebo..;Sint Eustatius;2023;4;3;1
4459;Totaal mannen en vrouwen;5 tot 10 jaar;Buiten Koninkrijk der Nederlanden gebo..;Saba;2011;1;2;-1
4460;Totaal mannen en vrouwen;5 tot 10 jaar;Buiten Koninkrijk der Nederlanden gebo..;Saba;2012;2;6;-4
4461;Totaal mannen en vrouwen;5 tot 10 jaar;Buiten Koninkrijk der Nederlanden gebo..;Saba;2013;4;2;2
4462;Totaal mannen en vrouwen;5 tot 10 jaar;Buiten Koninkrijk der Nederlanden gebo..;Saba;2014;3;0;3
4463;Totaal mannen en vrouwen;5 tot 10 jaar;Buiten Koninkrijk der Nederlanden gebo..;Saba;2015;3;0;3
4464;Totaal mannen en vrouwen;5 tot 10 jaar;Buiten Koninkrijk der Nederlanden gebo..;Saba;2016;5;1;4
4465;Totaal mannen en vrouwen;5 tot 10 jaar;Buiten Koninkrijk der Nederlanden gebo..;Saba;2017;1;1;0
4466;Totaal mannen en vrouwen;5 tot 10 jaar;Buiten Koninkrijk der Nederlanden gebo..;Saba;2018;4;5;-1
4467;Totaal mannen en vrouwen;5 tot 10 jaar;Buiten Koninkrijk der Nederlanden gebo..;Saba;2019;6;6;0
4468;Totaal mannen en vrouwen;5 tot 10 jaar;Buiten Koninkrijk der Nederlanden gebo..;Saba;2020;2;0;2
4469;Totaal mannen en vrouwen;5 tot 10 jaar;Buiten Koninkrijk der Nederlanden gebo..;Saba;2021;6;8;-2
4470;Totaal mannen en vrouwen;5 tot 10 jaar;Buiten Koninkrijk der Nederlanden gebo..;Saba;2022;5;2;3
4471;Totaal mannen en vrouwen;5 tot 10 jaar;Buiten Koninkrijk der Nederlanden gebo..;Saba;2023;5;8;-3
4472;Totaal mannen en vrouwen;5 tot 10 jaar;Afrika;Caribisch Nederland;2011;0;0;0
4473;Totaal mannen en vrouwen;5 tot 10 jaar;Afrika;Caribisch Nederland;2012;0;0;0
4474;Totaal mannen en vrouwen;5 tot 10 jaar;Afrika;Caribisch Nederland;2013;0;0;0
4475;Totaal mannen en vrouwen;5 tot 10 jaar;Afrika;Caribisch Nederland;2014;0;1;-1
4476;Totaal mannen en vrouwen;5 tot 10 jaar;Afrika;Caribisch Nederland;2015;0;0;0
4477;Totaal mannen en vrouwen;5 tot 10 jaar;Afrika;Caribisch Nederland;2016;1;0;1
4478;Totaal mannen en vrouwen;5 tot 10 jaar;Afrika;Caribisch Nederland;2017;0;0;0
4479;Totaal mannen en vrouwen;5 tot 10 jaar;Afrika;Caribisch Nederland;2018;0;0;0
4480;Totaal mannen en vrouwen;5 tot 10 jaar;Afrika;Caribisch Nederland;2019;0;0;0
4481;Totaal mannen en vrouwen;5 tot 10 jaar;Afrika;Caribisch Nederland;2020;1;0;1
4482;Totaal mannen en vrouwen;5 tot 10 jaar;Afrika;Caribisch Nederland;2021;0;1;-1
4483;Totaal mannen en vrouwen;5 tot 10 jaar;Afrika;Caribisch Nederland;2022;1;0;1
4484;Totaal mannen en vrouwen;5 tot 10 jaar;Afrika;Caribisch Nederland;2023;2;1;1
4485;Totaal mannen en vrouwen;5 tot 10 jaar;Afrika;Bonaire;2011;0;0;0
4486;Totaal mannen en vrouwen;5 tot 10 jaar;Afrika;Bonaire;2012;0;0;0
4487;Totaal mannen en vrouwen;5 tot 10 jaar;Afrika;Bonaire;2013;0;0;0
4488;Totaal mannen en vrouwen;5 tot 10 jaar;Afrika;Bonaire;2014;0;1;-1
4489;Totaal mannen en vrouwen;5 tot 10 jaar;Afrika;Bonaire;2015;0;0;0
4490;Totaal mannen en vrouwen;5 tot 10 jaar;Afrika;Bonaire;2016;1;0;1
4491;Totaal mannen en vrouwen;5 tot 10 jaar;Afrika;Bonaire;2017;0;0;0
4492;Totaal mannen en vrouwen;5 tot 10 jaar;Afrika;Bonaire;2018;0;0;0
4493;Totaal mannen en vrouwen;5 tot 10 jaar;Afrika;Bonaire;2019;0;0;0
4494;Totaal mannen en vrouwen;5 tot 10 jaar;Afrika;Bonaire;2020;0;0;0
4495;Totaal mannen en vrouwen;5 tot 10 jaar;Afrika;Bonaire;2021;0;0;0
4496;Totaal mannen en vrouwen;5 tot 10 jaar;Afrika;Bonaire;2022;0;0;0
4497;Totaal mannen en vrouwen;5 tot 10 jaar;Afrika;Bonaire;2023;2;0;2
4498;Totaal mannen en vrouwen;5 tot 10 jaar;Afrika;Sint Eustatius;2011;0;0;0
4499;Totaal mannen en vrouwen;5 tot 10 jaar;Afrika;Sint Eustatius;2012;0;0;0
4500;Totaal mannen en vrouwen;5 tot 10 jaar;Afrika;Sint Eustatius;2013;0;0;0
4501;Totaal mannen en vrouwen;5 tot 10 jaar;Afrika;Sint Eustatius;2014;0;0;0
4502;Totaal mannen en vrouwen;5 tot 10 jaar;Afrika;Sint Eustatius;2015;0;0;0
4503;Totaal mannen en vrouwen;5 tot 10 jaar;Afrika;Sint Eustatius;2016;0;0;0
4504;Totaal mannen en vrouwen;5 tot 10 jaar;Afrika;Sint Eustatius;2017;0;0;0
4505;Totaal mannen en vrouwen;5 tot 10 jaar;Afrika;Sint Eustatius;2018;0;0;0
4506;Totaal mannen en vrouwen;5 tot 10 jaar;Afrika;Sint Eustatius;2019;0;0;0
4507;Totaal mannen en vrouwen;5 tot 10 jaar;Afrika;Sint Eustatius;2020;1;0;1
4508;Totaal mannen en vrouwen;5 tot 10 jaar;Afrika;Sint Eustatius;2021;0;1;-1
4509;Totaal mannen en vrouwen;5 tot 10 jaar;Afrika;Sint Eustatius;2022;0;0;0
4510;Totaal mannen en vrouwen;5 tot 10 jaar;Afrika;Sint Eustatius;2023;0;0;0
4511;Totaal mannen en vrouwen;5 tot 10 jaar;Afrika;Saba;2011;0;0;0
4512;Totaal mannen en vrouwen;5 tot 10 jaar;Afrika;Saba;2012;0;0;0
4513;Totaal mannen en vrouwen;5 tot 10 jaar;Afrika;Saba;2013;0;0;0
4514;Totaal mannen en vrouwen;5 tot 10 jaar;Afrika;Saba;2014;0;0;0
4515;Totaal mannen en vrouwen;5 tot 10 jaar;Afrika;Saba;2015;0;0;0
4516;Totaal mannen en vrouwen;5 tot 10 jaar;Afrika;Saba;2016;0;0;0
4517;Totaal mannen en vrouwen;5 tot 10 jaar;Afrika;Saba;2017;0;0;0
4518;Totaal mannen en vrouwen;5 tot 10 jaar;Afrika;Saba;2018;0;0;0
4519;Totaal mannen en vrouwen;5 tot 10 jaar;Afrika;Saba;2019;0;0;0
4520;Totaal mannen en vrouwen;5 tot 10 jaar;Afrika;Saba;2020;0;0;0
4521;Totaal mannen en vrouwen;5 tot 10 jaar;Afrika;Saba;2021;0;0;0
4522;Totaal mannen en vrouwen;5 tot 10 jaar;Afrika;Saba;2022;1;0;1
4523;Totaal mannen en vrouwen;5 tot 10 jaar;Afrika;Saba;2023;0;1;-1
4524;Totaal mannen en vrouwen;5 tot 10 jaar;Amerika;Caribisch Nederland;2011;39;25;14
4525;Totaal mannen en vrouwen;5 tot 10 jaar;Amerika;Caribisch Nederland;2012;56;42;14
4526;Totaal mannen en vrouwen;5 tot 10 jaar;Amerika;Caribisch Nederland;2013;64;45;19
4527;Totaal mannen en vrouwen;5 tot 10 jaar;Amerika;Caribisch Nederland;2014;60;48;12
4528;Totaal mannen en vrouwen;5 tot 10 jaar;Amerika;Caribisch Nederland;2015;51;36;15
4529;Totaal mannen en vrouwen;5 tot 10 jaar;Amerika;Caribisch Nederland;2016;55;43;12
4530;Totaal mannen en vrouwen;5 tot 10 jaar;Amerika;Caribisch Nederland;2017;66;51;15
4531;Totaal mannen en vrouwen;5 tot 10 jaar;Amerika;Caribisch Nederland;2018;54;46;8
4532;Totaal mannen en vrouwen;5 tot 10 jaar;Amerika;Caribisch Nederland;2019;63;32;31
4533;Totaal mannen en vrouwen;5 tot 10 jaar;Amerika;Caribisch Nederland;2020;56;27;29
4534;Totaal mannen en vrouwen;5 tot 10 jaar;Amerika;Caribisch Nederland;2021;62;43;19
4535;Totaal mannen en vrouwen;5 tot 10 jaar;Amerika;Caribisch Nederland;2022;67;40;27
4536;Totaal mannen en vrouwen;5 tot 10 jaar;Amerika;Caribisch Nederland;2023;87;42;45
4537;Totaal mannen en vrouwen;5 tot 10 jaar;Amerika;Bonaire;2011;29;17;12
4538;Totaal mannen en vrouwen;5 tot 10 jaar;Amerika;Bonaire;2012;44;25;19
4539;Totaal mannen en vrouwen;5 tot 10 jaar;Amerika;Bonaire;2013;44;21;23
4540;Totaal mannen en vrouwen;5 tot 10 jaar;Amerika;Bonaire;2014;49;39;10
4541;Totaal mannen en vrouwen;5 tot 10 jaar;Amerika;Bonaire;2015;36;27;9
4542;Totaal mannen en vrouwen;5 tot 10 jaar;Amerika;Bonaire;2016;44;35;9
4543;Totaal mannen en vrouwen;5 tot 10 jaar;Amerika;Bonaire;2017;55;45;10
4544;Totaal mannen en vrouwen;5 tot 10 jaar;Amerika;Bonaire;2018;42;28;14
4545;Totaal mannen en vrouwen;5 tot 10 jaar;Amerika;Bonaire;2019;45;22;23
4546;Totaal mannen en vrouwen;5 tot 10 jaar;Amerika;Bonaire;2020;50;19;31
4547;Totaal mannen en vrouwen;5 tot 10 jaar;Amerika;Bonaire;2021;50;27;23
4548;Totaal mannen en vrouwen;5 tot 10 jaar;Amerika;Bonaire;2022;56;32;24
4549;Totaal mannen en vrouwen;5 tot 10 jaar;Amerika;Bonaire;2023;77;30;47
4550;Totaal mannen en vrouwen;5 tot 10 jaar;Amerika;Sint Eustatius;2011;9;4;5
4551;Totaal mannen en vrouwen;5 tot 10 jaar;Amerika;Sint Eustatius;2012;10;9;1
4552;Totaal mannen en vrouwen;5 tot 10 jaar;Amerika;Sint Eustatius;2013;16;21;-5
4553;Totaal mannen en vrouwen;5 tot 10 jaar;Amerika;Sint Eustatius;2014;6;6;0
4554;Totaal mannen en vrouwen;5 tot 10 jaar;Amerika;Sint Eustatius;2015;13;9;4
4555;Totaal mannen en vrouwen;5 tot 10 jaar;Amerika;Sint Eustatius;2016;3;6;-3
4556;Totaal mannen en vrouwen;5 tot 10 jaar;Amerika;Sint Eustatius;2017;8;5;3
4557;Totaal mannen en vrouwen;5 tot 10 jaar;Amerika;Sint Eustatius;2018;6;7;-1
4558;Totaal mannen en vrouwen;5 tot 10 jaar;Amerika;Sint Eustatius;2019;9;3;6
4559;Totaal mannen en vrouwen;5 tot 10 jaar;Amerika;Sint Eustatius;2020;4;7;-3
4560;Totaal mannen en vrouwen;5 tot 10 jaar;Amerika;Sint Eustatius;2021;8;4;4
4561;Totaal mannen en vrouwen;5 tot 10 jaar;Amerika;Sint Eustatius;2022;5;7;-2
4562;Totaal mannen en vrouwen;5 tot 10 jaar;Amerika;Sint Eustatius;2023;5;7;-2
4563;Totaal mannen en vrouwen;5 tot 10 jaar;Amerika;Saba;2011;1;4;-3
4564;Totaal mannen en vrouwen;5 tot 10 jaar;Amerika;Saba;2012;2;8;-6
4565;Totaal mannen en vrouwen;5 tot 10 jaar;Amerika;Saba;2013;4;3;1
4566;Totaal mannen en vrouwen;5 tot 10 jaar;Amerika;Saba;2014;5;3;2
4567;Totaal mannen en vrouwen;5 tot 10 jaar;Amerika;Saba;2015;2;0;2
4568;Totaal mannen en vrouwen;5 tot 10 jaar;Amerika;Saba;2016;8;2;6
4569;Totaal mannen en vrouwen;5 tot 10 jaar;Amerika;Saba;2017;3;1;2
4570;Totaal mannen en vrouwen;5 tot 10 jaar;Amerika;Saba;2018;6;11;-5
4571;Totaal mannen en vrouwen;5 tot 10 jaar;Amerika;Saba;2019;9;7;2
4572;Totaal mannen en vrouwen;5 tot 10 jaar;Amerika;Saba;2020;2;1;1
4573;Totaal mannen en vrouwen;5 tot 10 jaar;Amerika;Saba;2021;4;12;-8
4574;Totaal mannen en vrouwen;5 tot 10 jaar;Amerika;Saba;2022;6;1;5
4575;Totaal mannen en vrouwen;5 tot 10 jaar;Amerika;Saba;2023;5;5;0
4576;Totaal mannen en vrouwen;5 tot 10 jaar;Azië;Caribisch Nederland;2011;3;3;0
4577;Totaal mannen en vrouwen;5 tot 10 jaar;Azië;Caribisch Nederland;2012;2;1;1
4578;Totaal mannen en vrouwen;5 tot 10 jaar;Azië;Caribisch Nederland;2013;2;0;2
4579;Totaal mannen en vrouwen;5 tot 10 jaar;Azië;Caribisch Nederland;2014;0;1;-1
4580;Totaal mannen en vrouwen;5 tot 10 jaar;Azië;Caribisch Nederland;2015;0;1;-1
4581;Totaal mannen en vrouwen;5 tot 10 jaar;Azië;Caribisch Nederland;2016;0;1;-1
4582;Totaal mannen en vrouwen;5 tot 10 jaar;Azië;Caribisch Nederland;2017;1;0;1
4583;Totaal mannen en vrouwen;5 tot 10 jaar;Azië;Caribisch Nederland;2018;3;3;0
4584;Totaal mannen en vrouwen;5 tot 10 jaar;Azië;Caribisch Nederland;2019;0;0;0
4585;Totaal mannen en vrouwen;5 tot 10 jaar;Azië;Caribisch Nederland;2020;0;0;0
4586;Totaal mannen en vrouwen;5 tot 10 jaar;Azië;Caribisch Nederland;2021;0;0;0
4587;Totaal mannen en vrouwen;5 tot 10 jaar;Azië;Caribisch Nederland;2022;2;1;1
4588;Totaal mannen en vrouwen;5 tot 10 jaar;Azië;Caribisch Nederland;2023;2;3;-1
4589;Totaal mannen en vrouwen;5 tot 10 jaar;Azië;Bonaire;2011;1;3;-2
4590;Totaal mannen en vrouwen;5 tot 10 jaar;Azië;Bonaire;2012;1;0;1
4591;Totaal mannen en vrouwen;5 tot 10 jaar;Azië;Bonaire;2013;1;0;1
4592;Totaal mannen en vrouwen;5 tot 10 jaar;Azië;Bonaire;2014;0;0;0
4593;Totaal mannen en vrouwen;5 tot 10 jaar;Azië;Bonaire;2015;0;0;0
4594;Totaal mannen en vrouwen;5 tot 10 jaar;Azië;Bonaire;2016;0;0;0
4595;Totaal mannen en vrouwen;5 tot 10 jaar;Azië;Bonaire;2017;1;0;1
4596;Totaal mannen en vrouwen;5 tot 10 jaar;Azië;Bonaire;2018;1;3;-2
4597;Totaal mannen en vrouwen;5 tot 10 jaar;Azië;Bonaire;2019;0;0;0
4598;Totaal mannen en vrouwen;5 tot 10 jaar;Azië;Bonaire;2020;0;0;0
4599;Totaal mannen en vrouwen;5 tot 10 jaar;Azië;Bonaire;2021;0;0;0
4600;Totaal mannen en vrouwen;5 tot 10 jaar;Azië;Bonaire;2022;1;0;1
4601;Totaal mannen en vrouwen;5 tot 10 jaar;Azië;Bonaire;2023;1;1;0
4602;Totaal mannen en vrouwen;5 tot 10 jaar;Azië;Sint Eustatius;2011;2;0;2
4603;Totaal mannen en vrouwen;5 tot 10 jaar;Azië;Sint Eustatius;2012;0;0;0
4604;Totaal mannen en vrouwen;5 tot 10 jaar;Azië;Sint Eustatius;2013;0;0;0
4605;Totaal mannen en vrouwen;5 tot 10 jaar;Azië;Sint Eustatius;2014;0;1;-1
4606;Totaal mannen en vrouwen;5 tot 10 jaar;Azië;Sint Eustatius;2015;0;1;-1
4607;Totaal mannen en vrouwen;5 tot 10 jaar;Azië;Sint Eustatius;2016;0;0;0
4608;Totaal mannen en vrouwen;5 tot 10 jaar;Azië;Sint Eustatius;2017;0;0;0
4609;Totaal mannen en vrouwen;5 tot 10 jaar;Azië;Sint Eustatius;2018;0;0;0
4610;Totaal mannen en vrouwen;5 tot 10 jaar;Azië;Sint Eustatius;2019;0;0;0
4611;Totaal mannen en vrouwen;5 tot 10 jaar;Azië;Sint Eustatius;2020;0;0;0
4612;Totaal mannen en vrouwen;5 tot 10 jaar;Azië;Sint Eustatius;2021;0;0;0
4613;Totaal mannen en vrouwen;5 tot 10 jaar;Azië;Sint Eustatius;2022;0;0;0
4614;Totaal mannen en vrouwen;5 tot 10 jaar;Azië;Sint Eustatius;2023;0;1;-1
4615;Totaal mannen en vrouwen;5 tot 10 jaar;Azië;Saba;2011;0;0;0
4616;Totaal mannen en vrouwen;5 tot 10 jaar;Azië;Saba;2012;1;1;0
4617;Totaal mannen en vrouwen;5 tot 10 jaar;Azië;Saba;2013;1;0;1
4618;Totaal mannen en vrouwen;5 tot 10 jaar;Azië;Saba;2014;0;0;0
4619;Totaal mannen en vrouwen;5 tot 10 jaar;Azië;Saba;2015;0;0;0
4620;Totaal mannen en vrouwen;5 tot 10 jaar;Azië;Saba;2016;0;1;-1
4621;Totaal mannen en vrouwen;5 tot 10 jaar;Azië;Saba;2017;0;0;0
4622;Totaal mannen en vrouwen;5 tot 10 jaar;Azië;Saba;2018;2;0;2
4623;Totaal mannen en vrouwen;5 tot 10 jaar;Azië;Saba;2019;0;0;0
4624;Totaal mannen en vrouwen;5 tot 10 jaar;Azië;Saba;2020;0;0;0
4625;Totaal mannen en vrouwen;5 tot 10 jaar;Azië;Saba;2021;0;0;0
4626;Totaal mannen en vrouwen;5 tot 10 jaar;Azië;Saba;2022;1;1;0
4627;Totaal mannen en vrouwen;5 tot 10 jaar;Azië;Saba;2023;1;1;0
4628;Totaal mannen en vrouwen;5 tot 10 jaar;Europa (inclusief Nederland);Caribisch Nederland;2011;60;15;45
4629;Totaal mannen en vrouwen;5 tot 10 jaar;Europa (inclusief Nederland);Caribisch Nederland;2012;41;22;19
4630;Totaal mannen en vrouwen;5 tot 10 jaar;Europa (inclusief Nederland);Caribisch Nederland;2013;58;26;32
4631;Totaal mannen en vrouwen;5 tot 10 jaar;Europa (inclusief Nederland);Caribisch Nederland;2014;42;24;18
4632;Totaal mannen en vrouwen;5 tot 10 jaar;Europa (inclusief Nederland);Caribisch Nederland;2015;44;37;7
4633;Totaal mannen en vrouwen;5 tot 10 jaar;Europa (inclusief Nederland);Caribisch Nederland;2016;44;35;9
4634;Totaal mannen en vrouwen;5 tot 10 jaar;Europa (inclusief Nederland);Caribisch Nederland;2017;45;43;2
4635;Totaal mannen en vrouwen;5 tot 10 jaar;Europa (inclusief Nederland);Caribisch Nederland;2018;40;39;1
4636;Totaal mannen en vrouwen;5 tot 10 jaar;Europa (inclusief Nederland);Caribisch Nederland;2019;41;20;21
4637;Totaal mannen en vrouwen;5 tot 10 jaar;Europa (inclusief Nederland);Caribisch Nederland;2020;59;32;27
4638;Totaal mannen en vrouwen;5 tot 10 jaar;Europa (inclusief Nederland);Caribisch Nederland;2021;48;29;19
4639;Totaal mannen en vrouwen;5 tot 10 jaar;Europa (inclusief Nederland);Caribisch Nederland;2022;68;47;21
4640;Totaal mannen en vrouwen;5 tot 10 jaar;Europa (inclusief Nederland);Caribisch Nederland;2023;47;40;7
4641;Totaal mannen en vrouwen;5 tot 10 jaar;Europa (inclusief Nederland);Bonaire;2011;54;12;42
4642;Totaal mannen en vrouwen;5 tot 10 jaar;Europa (inclusief Nederland);Bonaire;2012;36;19;17
4643;Totaal mannen en vrouwen;5 tot 10 jaar;Europa (inclusief Nederland);Bonaire;2013;49;24;25
4644;Totaal mannen en vrouwen;5 tot 10 jaar;Europa (inclusief Nederland);Bonaire;2014;34;24;10
4645;Totaal mannen en vrouwen;5 tot 10 jaar;Europa (inclusief Nederland);Bonaire;2015;36;29;7
4646;Totaal mannen en vrouwen;5 tot 10 jaar;Europa (inclusief Nederland);Bonaire;2016;41;28;13
4647;Totaal mannen en vrouwen;5 tot 10 jaar;Europa (inclusief Nederland);Bonaire;2017;41;39;2
4648;Totaal mannen en vrouwen;5 tot 10 jaar;Europa (inclusief Nederland);Bonaire;2018;32;35;-3
4649;Totaal mannen en vrouwen;5 tot 10 jaar;Europa (inclusief Nederland);Bonaire;2019;41;15;26
4650;Totaal mannen en vrouwen;5 tot 10 jaar;Europa (inclusief Nederland);Bonaire;2020;54;31;23
4651;Totaal mannen en vrouwen;5 tot 10 jaar;Europa (inclusief Nederland);Bonaire;2021;44;26;18
4652;Totaal mannen en vrouwen;5 tot 10 jaar;Europa (inclusief Nederland);Bonaire;2022;63;38;25
4653;Totaal mannen en vrouwen;5 tot 10 jaar;Europa (inclusief Nederland);Bonaire;2023;44;35;9
4654;Totaal mannen en vrouwen;5 tot 10 jaar;Europa (inclusief Nederland);Sint Eustatius;2011;6;3;3
4655;Totaal mannen en vrouwen;5 tot 10 jaar;Europa (inclusief Nederland);Sint Eustatius;2012;4;2;2
4656;Totaal mannen en vrouwen;5 tot 10 jaar;Europa (inclusief Nederland);Sint Eustatius;2013;9;1;8
4657;Totaal mannen en vrouwen;5 tot 10 jaar;Europa (inclusief Nederland);Sint Eustatius;2014;4;0;4
4658;Totaal mannen en vrouwen;5 tot 10 jaar;Europa (inclusief Nederland);Sint Eustatius;2015;3;6;-3
4659;Totaal mannen en vrouwen;5 tot 10 jaar;Europa (inclusief Nederland);Sint Eustatius;2016;2;5;-3
4660;Totaal mannen en vrouwen;5 tot 10 jaar;Europa (inclusief Nederland);Sint Eustatius;2017;4;3;1
4661;Totaal mannen en vrouwen;5 tot 10 jaar;Europa (inclusief Nederland);Sint Eustatius;2018;6;4;2
4662;Totaal mannen en vrouwen;5 tot 10 jaar;Europa (inclusief Nederland);Sint Eustatius;2019;0;1;-1
4663;Totaal mannen en vrouwen;5 tot 10 jaar;Europa (inclusief Nederland);Sint Eustatius;2020;3;1;2
4664;Totaal mannen en vrouwen;5 tot 10 jaar;Europa (inclusief Nederland);Sint Eustatius;2021;1;3;-2
4665;Totaal mannen en vrouwen;5 tot 10 jaar;Europa (inclusief Nederland);Sint Eustatius;2022;3;0;3
4666;Totaal mannen en vrouwen;5 tot 10 jaar;Europa (inclusief Nederland);Sint Eustatius;2023;3;4;-1
4667;Totaal mannen en vrouwen;5 tot 10 jaar;Europa (inclusief Nederland);Saba;2011;0;0;0
4668;Totaal mannen en vrouwen;5 tot 10 jaar;Europa (inclusief Nederland);Saba;2012;1;1;0
4669;Totaal mannen en vrouwen;5 tot 10 jaar;Europa (inclusief Nederland);Saba;2013;0;1;-1
4670;Totaal mannen en vrouwen;5 tot 10 jaar;Europa (inclusief Nederland);Saba;2014;4;0;4
4671;Totaal mannen en vrouwen;5 tot 10 jaar;Europa (inclusief Nederland);Saba;2015;5;2;3
4672;Totaal mannen en vrouwen;5 tot 10 jaar;Europa (inclusief Nederland);Saba;2016;1;2;-1
4673;Totaal mannen en vrouwen;5 tot 10 jaar;Europa (inclusief Nederland);Saba;2017;0;1;-1
4674;Totaal mannen en vrouwen;5 tot 10 jaar;Europa (inclusief Nederland);Saba;2018;2;0;2
4675;Totaal mannen en vrouwen;5 tot 10 jaar;Europa (inclusief Nederland);Saba;2019;0;4;-4
4676;Totaal mannen en vrouwen;5 tot 10 jaar;Europa (inclusief Nederland);Saba;2020;2;0;2
4677;Totaal mannen en vrouwen;5 tot 10 jaar;Europa (inclusief Nederland);Saba;2021;3;0;3
4678;Totaal mannen en vrouwen;5 tot 10 jaar;Europa (inclusief Nederland);Saba;2022;2;9;-7
4679;Totaal mannen en vrouwen;5 tot 10 jaar;Europa (inclusief Nederland);Saba;2023;0;1;-1
4680;Totaal mannen en vrouwen;5 tot 10 jaar;Europa (exclusief Nederland);Caribisch Nederland;2011;2;0;2
4681;Totaal mannen en vrouwen;5 tot 10 jaar;Europa (exclusief Nederland);Caribisch Nederland;2012;2;1;1
4682;Totaal mannen en vrouwen;5 tot 10 jaar;Europa (exclusief Nederland);Caribisch Nederland;2013;2;1;1
4683;Totaal mannen en vrouwen;5 tot 10 jaar;Europa (exclusief Nederland);Caribisch Nederland;2014;2;1;1
4684;Totaal mannen en vrouwen;5 tot 10 jaar;Europa (exclusief Nederland);Caribisch Nederland;2015;1;2;-1
4685;Totaal mannen en vrouwen;5 tot 10 jaar;Europa (exclusief Nederland);Caribisch Nederland;2016;2;5;-3
4686;Totaal mannen en vrouwen;5 tot 10 jaar;Europa (exclusief Nederland);Caribisch Nederland;2017;3;1;2
4687;Totaal mannen en vrouwen;5 tot 10 jaar;Europa (exclusief Nederland);Caribisch Nederland;2018;4;2;2
4688;Totaal mannen en vrouwen;5 tot 10 jaar;Europa (exclusief Nederland);Caribisch Nederland;2019;1;1;0
4689;Totaal mannen en vrouwen;5 tot 10 jaar;Europa (exclusief Nederland);Caribisch Nederland;2020;2;0;2
4690;Totaal mannen en vrouwen;5 tot 10 jaar;Europa (exclusief Nederland);Caribisch Nederland;2021;4;2;2
4691;Totaal mannen en vrouwen;5 tot 10 jaar;Europa (exclusief Nederland);Caribisch Nederland;2022;5;4;1
4692;Totaal mannen en vrouwen;5 tot 10 jaar;Europa (exclusief Nederland);Caribisch Nederland;2023;2;3;-1
4693;Totaal mannen en vrouwen;5 tot 10 jaar;Europa (exclusief Nederland);Bonaire;2011;2;0;2
4694;Totaal mannen en vrouwen;5 tot 10 jaar;Europa (exclusief Nederland);Bonaire;2012;2;1;1
4695;Totaal mannen en vrouwen;5 tot 10 jaar;Europa (exclusief Nederland);Bonaire;2013;2;1;1
4696;Totaal mannen en vrouwen;5 tot 10 jaar;Europa (exclusief Nederland);Bonaire;2014;2;1;1
4697;Totaal mannen en vrouwen;5 tot 10 jaar;Europa (exclusief Nederland);Bonaire;2015;0;2;-2
4698;Totaal mannen en vrouwen;5 tot 10 jaar;Europa (exclusief Nederland);Bonaire;2016;1;5;-4
4699;Totaal mannen en vrouwen;5 tot 10 jaar;Europa (exclusief Nederland);Bonaire;2017;3;1;2
4700;Totaal mannen en vrouwen;5 tot 10 jaar;Europa (exclusief Nederland);Bonaire;2018;2;2;0
4701;Totaal mannen en vrouwen;5 tot 10 jaar;Europa (exclusief Nederland);Bonaire;2019;1;1;0
4702;Totaal mannen en vrouwen;5 tot 10 jaar;Europa (exclusief Nederland);Bonaire;2020;0;0;0
4703;Totaal mannen en vrouwen;5 tot 10 jaar;Europa (exclusief Nederland);Bonaire;2021;2;0;2
4704;Totaal mannen en vrouwen;5 tot 10 jaar;Europa (exclusief Nederland);Bonaire;2022;5;3;2
4705;Totaal mannen en vrouwen;5 tot 10 jaar;Europa (exclusief Nederland);Bonaire;2023;2;2;0
4706;Totaal mannen en vrouwen;5 tot 10 jaar;Europa (exclusief Nederland);Sint Eustatius;2011;0;0;0
4707;Totaal mannen en vrouwen;5 tot 10 jaar;Europa (exclusief Nederland);Sint Eustatius;2012;0;0;0
4708;Totaal mannen en vrouwen;5 tot 10 jaar;Europa (exclusief Nederland);Sint Eustatius;2013;0;0;0
4709;Totaal mannen en vrouwen;5 tot 10 jaar;Europa (exclusief Nederland);Sint Eustatius;2014;0;0;0
4710;Totaal mannen en vrouwen;5 tot 10 jaar;Europa (exclusief Nederland);Sint Eustatius;2015;0;0;0
4711;Totaal mannen en vrouwen;5 tot 10 jaar;Europa (exclusief Nederland);Sint Eustatius;2016;1;0;1
4712;Totaal mannen en vrouwen;5 tot 10 jaar;Europa (exclusief Nederland);Sint Eustatius;2017;0;0;0
4713;Totaal mannen en vrouwen;5 tot 10 jaar;Europa (exclusief Nederland);Sint Eustatius;2018;2;0;2
4714;Totaal mannen en vrouwen;5 tot 10 jaar;Europa (exclusief Nederland);Sint Eustatius;2019;0;0;0
4715;Totaal mannen en vrouwen;5 tot 10 jaar;Europa (exclusief Nederland);Sint Eustatius;2020;2;0;2
4716;Totaal mannen en vrouwen;5 tot 10 jaar;Europa (exclusief Nederland);Sint Eustatius;2021;0;2;-2
4717;Totaal mannen en vrouwen;5 tot 10 jaar;Europa (exclusief Nederland);Sint Eustatius;2022;0;0;0
4718;Totaal mannen en vrouwen;5 tot 10 jaar;Europa (exclusief Nederland);Sint Eustatius;2023;0;0;0
4719;Totaal mannen en vrouwen;5 tot 10 jaar;Europa (exclusief Nederland);Saba;2011;0;0;0
4720;Totaal mannen en vrouwen;5 tot 10 jaar;Europa (exclusief Nederland);Saba;2012;0;0;0
4721;Totaal mannen en vrouwen;5 tot 10 jaar;Europa (exclusief Nederland);Saba;2013;0;0;0
4722;Totaal mannen en vrouwen;5 tot 10 jaar;Europa (exclusief Nederland);Saba;2014;0;0;0
4723;Totaal mannen en vrouwen;5 tot 10 jaar;Europa (exclusief Nederland);Saba;2015;1;0;1
4724;Totaal mannen en vrouwen;5 tot 10 jaar;Europa (exclusief Nederland);Saba;2016;0;0;0
4725;Totaal mannen en vrouwen;5 tot 10 jaar;Europa (exclusief Nederland);Saba;2017;0;0;0
4726;Totaal mannen en vrouwen;5 tot 10 jaar;Europa (exclusief Nederland);Saba;2018;0;0;0
4727;Totaal mannen en vrouwen;5 tot 10 jaar;Europa (exclusief Nederland);Saba;2019;0;0;0
4728;Totaal mannen en vrouwen;5 tot 10 jaar;Europa (exclusief Nederland);Saba;2020;0;0;0
4729;Totaal mannen en vrouwen;5 tot 10 jaar;Europa (exclusief Nederland);Saba;2021;2;0;2
4730;Totaal mannen en vrouwen;5 tot 10 jaar;Europa (exclusief Nederland);Saba;2022;0;1;-1
4731;Totaal mannen en vrouwen;5 tot 10 jaar;Europa (exclusief Nederland);Saba;2023;0;1;-1
4732;Totaal mannen en vrouwen;5 tot 10 jaar;Oceanië;Caribisch Nederland;2011;0;0;0
4733;Totaal mannen en vrouwen;5 tot 10 jaar;Oceanië;Caribisch Nederland;2012;0;0;0
4734;Totaal mannen en vrouwen;5 tot 10 jaar;Oceanië;Caribisch Nederland;2013;0;0;0
4735;Totaal mannen en vrouwen;5 tot 10 jaar;Oceanië;Caribisch Nederland;2014;0;0;0
4736;Totaal mannen en vrouwen;5 tot 10 jaar;Oceanië;Caribisch Nederland;2015;0;0;0
4737;Totaal mannen en vrouwen;5 tot 10 jaar;Oceanië;Caribisch Nederland;2016;0;0;0
4738;Totaal mannen en vrouwen;5 tot 10 jaar;Oceanië;Caribisch Nederland;2017;0;0;0
4739;Totaal mannen en vrouwen;5 tot 10 jaar;Oceanië;Caribisch Nederland;2018;0;0;0
4740;Totaal mannen en vrouwen;5 tot 10 jaar;Oceanië;Caribisch Nederland;2019;0;0;0
4741;Totaal mannen en vrouwen;5 tot 10 jaar;Oceanië;Caribisch Nederland;2020;0;0;0
4742;Totaal mannen en vrouwen;5 tot 10 jaar;Oceanië;Caribisch Nederland;2021;0;0;0
4743;Totaal mannen en vrouwen;5 tot 10 jaar;Oceanië;Caribisch Nederland;2022;0;0;0
4744;Totaal mannen en vrouwen;5 tot 10 jaar;Oceanië;Caribisch Nederland;2023;0;0;0
4745;Totaal mannen en vrouwen;5 tot 10 jaar;Oceanië;Bonaire;2011;0;0;0
4746;Totaal mannen en vrouwen;5 tot 10 jaar;Oceanië;Bonaire;2012;0;0;0
4747;Totaal mannen en vrouwen;5 tot 10 jaar;Oceanië;Bonaire;2013;0;0;0
4748;Totaal mannen en vrouwen;5 tot 10 jaar;Oceanië;Bonaire;2014;0;0;0
4749;Totaal mannen en vrouwen;5 tot 10 jaar;Oceanië;Bonaire;2015;0;0;0
4750;Totaal mannen en vrouwen;5 tot 10 jaar;Oceanië;Bonaire;2016;0;0;0
4751;Totaal mannen en vrouwen;5 tot 10 jaar;Oceanië;Bonaire;2017;0;0;0
4752;Totaal mannen en vrouwen;5 tot 10 jaar;Oceanië;Bonaire;2018;0;0;0
4753;Totaal mannen en vrouwen;5 tot 10 jaar;Oceanië;Bonaire;2019;0;0;0
4754;Totaal mannen en vrouwen;5 tot 10 jaar;Oceanië;Bonaire;2020;0;0;0
4755;Totaal mannen en vrouwen;5 tot 10 jaar;Oceanië;Bonaire;2021;0;0;0
4756;Totaal mannen en vrouwen;5 tot 10 jaar;Oceanië;Bonaire;2022;0;0;0
4757;Totaal mannen en vrouwen;5 tot 10 jaar;Oceanië;Bonaire;2023;0;0;0
4758;Totaal mannen en vrouwen;5 tot 10 jaar;Oceanië;Sint Eustatius;2011;0;0;0
4759;Totaal mannen en vrouwen;5 tot 10 jaar;Oceanië;Sint Eustatius;2012;0;0;0
4760;Totaal mannen en vrouwen;5 tot 10 jaar;Oceanië;Sint Eustatius;2013;0;0;0
4761;Totaal mannen en vrouwen;5 tot 10 jaar;Oceanië;Sint Eustatius;2014;0;0;0
4762;Totaal mannen en vrouwen;5 tot 10 jaar;Oceanië;Sint Eustatius;2015;0;0;0
4763;Totaal mannen en vrouwen;5 tot 10 jaar;Oceanië;Sint Eustatius;2016;0;0;0
4764;Totaal mannen en vrouwen;5 tot 10 jaar;Oceanië;Sint Eustatius;2017;0;0;0
4765;Totaal mannen en vrouwen;5 tot 10 jaar;Oceanië;Sint Eustatius;2018;0;0;0
4766;Totaal mannen en vrouwen;5 tot 10 jaar;Oceanië;Sint Eustatius;2019;0;0;0
4767;Totaal mannen en vrouwen;5 tot 10 jaar;Oceanië;Sint Eustatius;2020;0;0;0
4768;Totaal mannen en vrouwen;5 tot 10 jaar;Oceanië;Sint Eustatius;2021;0;0;0
4769;Totaal mannen en vrouwen;5 tot 10 jaar;Oceanië;Sint Eustatius;2022;0;0;0
4770;Totaal mannen en vrouwen;5 tot 10 jaar;Oceanië;Sint Eustatius;2023;0;0;0
4771;Totaal mannen en vrouwen;5 tot 10 jaar;Oceanië;Saba;2011;0;0;0
4772;Totaal mannen en vrouwen;5 tot 10 jaar;Oceanië;Saba;2012;0;0;0
4773;Totaal mannen en vrouwen;5 tot 10 jaar;Oceanië;Saba;2013;0;0;0
4774;Totaal mannen en vrouwen;5 tot 10 jaar;Oceanië;Saba;2014;0;0;0
4775;Totaal mannen en vrouwen;5 tot 10 jaar;Oceanië;Saba;2015;0;0;0
4776;Totaal mannen en vrouwen;5 tot 10 jaar;Oceanië;Saba;2016;0;0;0
4777;Totaal mannen en vrouwen;5 tot 10 jaar;Oceanië;Saba;2017;0;0;0
4778;Totaal mannen en vrouwen;5 tot 10 jaar;Oceanië;Saba;2018;0;0;0
4779;Totaal mannen en vrouwen;5 tot 10 jaar;Oceanië;Saba;2019;0;0;0
4780;Totaal mannen en vrouwen;5 tot 10 jaar;Oceanië;Saba;2020;0;0;0
4781;Totaal mannen en vrouwen;5 tot 10 jaar;Oceanië;Saba;2021;0;0;0
4782;Totaal mannen en vrouwen;5 tot 10 jaar;Oceanië;Saba;2022;0;0;0
4783;Totaal mannen en vrouwen;5 tot 10 jaar;Oceanië;Saba;2023;0;0;0
4784;Totaal mannen en vrouwen;5 tot 10 jaar;Midden- en Zuid-Amerika;Caribisch Nederland;2011;31;23;8
4785;Totaal mannen en vrouwen;5 tot 10 jaar;Midden- en Zuid-Amerika;Caribisch Nederland;2012;50;36;14
4786;Totaal mannen en vrouwen;5 tot 10 jaar;Midden- en Zuid-Amerika;Caribisch Nederland;2013;56;37;19
4787;Totaal mannen en vrouwen;5 tot 10 jaar;Midden- en Zuid-Amerika;Caribisch Nederland;2014;57;44;13
4788;Totaal mannen en vrouwen;5 tot 10 jaar;Midden- en Zuid-Amerika;Caribisch Nederland;2015;50;32;18
4789;Totaal mannen en vrouwen;5 tot 10 jaar;Midden- en Zuid-Amerika;Caribisch Nederland;2016;54;41;13
4790;Totaal mannen en vrouwen;5 tot 10 jaar;Midden- en Zuid-Amerika;Caribisch Nederland;2017;66;51;15
4791;Totaal mannen en vrouwen;5 tot 10 jaar;Midden- en Zuid-Amerika;Caribisch Nederland;2018;54;42;12
4792;Totaal mannen en vrouwen;5 tot 10 jaar;Midden- en Zuid-Amerika;Caribisch Nederland;2019;55;29;26
4793;Totaal mannen en vrouwen;5 tot 10 jaar;Midden- en Zuid-Amerika;Caribisch Nederland;2020;56;27;29
4794;Totaal mannen en vrouwen;5 tot 10 jaar;Midden- en Zuid-Amerika;Caribisch Nederland;2021;60;36;24
4795;Totaal mannen en vrouwen;5 tot 10 jaar;Midden- en Zuid-Amerika;Caribisch Nederland;2022;67;39;28
4796;Totaal mannen en vrouwen;5 tot 10 jaar;Midden- en Zuid-Amerika;Caribisch Nederland;2023;86;38;48
4797;Totaal mannen en vrouwen;5 tot 10 jaar;Midden- en Zuid-Amerika;Bonaire;2011;25;17;8
4798;Totaal mannen en vrouwen;5 tot 10 jaar;Midden- en Zuid-Amerika;Bonaire;2012;41;23;18
4799;Totaal mannen en vrouwen;5 tot 10 jaar;Midden- en Zuid-Amerika;Bonaire;2013;42;21;21
4800;Totaal mannen en vrouwen;5 tot 10 jaar;Midden- en Zuid-Amerika;Bonaire;2014;49;36;13
4801;Totaal mannen en vrouwen;5 tot 10 jaar;Midden- en Zuid-Amerika;Bonaire;2015;36;27;9
4802;Totaal mannen en vrouwen;5 tot 10 jaar;Midden- en Zuid-Amerika;Bonaire;2016;44;33;11
4803;Totaal mannen en vrouwen;5 tot 10 jaar;Midden- en Zuid-Amerika;Bonaire;2017;55;45;10
4804;Totaal mannen en vrouwen;5 tot 10 jaar;Midden- en Zuid-Amerika;Bonaire;2018;42;28;14
4805;Totaal mannen en vrouwen;5 tot 10 jaar;Midden- en Zuid-Amerika;Bonaire;2019;42;22;20
4806;Totaal mannen en vrouwen;5 tot 10 jaar;Midden- en Zuid-Amerika;Bonaire;2020;50;19;31
4807;Totaal mannen en vrouwen;5 tot 10 jaar;Midden- en Zuid-Amerika;Bonaire;2021;50;27;23
4808;Totaal mannen en vrouwen;5 tot 10 jaar;Midden- en Zuid-Amerika;Bonaire;2022;56;32;24
4809;Totaal mannen en vrouwen;5 tot 10 jaar;Midden- en Zuid-Amerika;Bonaire;2023;77;30;47
4810;Totaal mannen en vrouwen;5 tot 10 jaar;Midden- en Zuid-Amerika;Sint Eustatius;2011;6;2;4
4811;Totaal mannen en vrouwen;5 tot 10 jaar;Midden- en Zuid-Amerika;Sint Eustatius;2012;8;9;-1
4812;Totaal mannen en vrouwen;5 tot 10 jaar;Midden- en Zuid-Amerika;Sint Eustatius;2013;11;14;-3
4813;Totaal mannen en vrouwen;5 tot 10 jaar;Midden- en Zuid-Amerika;Sint Eustatius;2014;4;5;-1
4814;Totaal mannen en vrouwen;5 tot 10 jaar;Midden- en Zuid-Amerika;Sint Eustatius;2015;12;5;7
4815;Totaal mannen en vrouwen;5 tot 10 jaar;Midden- en Zuid-Amerika;Sint Eustatius;2016;3;6;-3
4816;Totaal mannen en vrouwen;5 tot 10 jaar;Midden- en Zuid-Amerika;Sint Eustatius;2017;8;5;3
4817;Totaal mannen en vrouwen;5 tot 10 jaar;Midden- en Zuid-Amerika;Sint Eustatius;2018;6;7;-1
4818;Totaal mannen en vrouwen;5 tot 10 jaar;Midden- en Zuid-Amerika;Sint Eustatius;2019;9;3;6
4819;Totaal mannen en vrouwen;5 tot 10 jaar;Midden- en Zuid-Amerika;Sint Eustatius;2020;4;7;-3
4820;Totaal mannen en vrouwen;5 tot 10 jaar;Midden- en Zuid-Amerika;Sint Eustatius;2021;8;4;4
4821;Totaal mannen en vrouwen;5 tot 10 jaar;Midden- en Zuid-Amerika;Sint Eustatius;2022;5;6;-1
4822;Totaal mannen en vrouwen;5 tot 10 jaar;Midden- en Zuid-Amerika;Sint Eustatius;2023;4;6;-2
4823;Totaal mannen en vrouwen;5 tot 10 jaar;Midden- en Zuid-Amerika;Saba;2011;0;4;-4
4824;Totaal mannen en vrouwen;5 tot 10 jaar;Midden- en Zuid-Amerika;Saba;2012;1;4;-3
4825;Totaal mannen en vrouwen;5 tot 10 jaar;Midden- en Zuid-Amerika;Saba;2013;3;2;1
4826;Totaal mannen en vrouwen;5 tot 10 jaar;Midden- en Zuid-Amerika;Saba;2014;4;3;1
4827;Totaal mannen en vrouwen;5 tot 10 jaar;Midden- en Zuid-Amerika;Saba;2015;2;0;2
4828;Totaal mannen en vrouwen;5 tot 10 jaar;Midden- en Zuid-Amerika;Saba;2016;7;2;5
4829;Totaal mannen en vrouwen;5 tot 10 jaar;Midden- en Zuid-Amerika;Saba;2017;3;1;2
4830;Totaal mannen en vrouwen;5 tot 10 jaar;Midden- en Zuid-Amerika;Saba;2018;6;7;-1
4831;Totaal mannen en vrouwen;5 tot 10 jaar;Midden- en Zuid-Amerika;Saba;2019;4;4;0
4832;Totaal mannen en vrouwen;5 tot 10 jaar;Midden- en Zuid-Amerika;Saba;2020;2;1;1
4833;Totaal mannen en vrouwen;5 tot 10 jaar;Midden- en Zuid-Amerika;Saba;2021;2;5;-3
4834;Totaal mannen en vrouwen;5 tot 10 jaar;Midden- en Zuid-Amerika;Saba;2022;6;1;5
4835;Totaal mannen en vrouwen;5 tot 10 jaar;Midden- en Zuid-Amerika;Saba;2023;5;2;3
4836;Totaal mannen en vrouwen;5 tot 10 jaar;Noord-Amerika;Caribisch Nederland;2011;8;2;6
4837;Totaal mannen en vrouwen;5 tot 10 jaar;Noord-Amerika;Caribisch Nederland;2012;6;6;0
4838;Totaal mannen en vrouwen;5 tot 10 jaar;Noord-Amerika;Caribisch Nederland;2013;8;8;0
4839;Totaal mannen en vrouwen;5 tot 10 jaar;Noord-Amerika;Caribisch Nederland;2014;3;4;-1
4840;Totaal mannen en vrouwen;5 tot 10 jaar;Noord-Amerika;Caribisch Nederland;2015;1;4;-3
4841;Totaal mannen en vrouwen;5 tot 10 jaar;Noord-Amerika;Caribisch Nederland;2016;1;2;-1
4842;Totaal mannen en vrouwen;5 tot 10 jaar;Noord-Amerika;Caribisch Nederland;2017;0;0;0
4843;Totaal mannen en vrouwen;5 tot 10 jaar;Noord-Amerika;Caribisch Nederland;2018;0;4;-4
4844;Totaal mannen en vrouwen;5 tot 10 jaar;Noord-Amerika;Caribisch Nederland;2019;8;3;5
4845;Totaal mannen en vrouwen;5 tot 10 jaar;Noord-Amerika;Caribisch Nederland;2020;0;0;0
4846;Totaal mannen en vrouwen;5 tot 10 jaar;Noord-Amerika;Caribisch Nederland;2021;2;7;-5
4847;Totaal mannen en vrouwen;5 tot 10 jaar;Noord-Amerika;Caribisch Nederland;2022;0;1;-1
4848;Totaal mannen en vrouwen;5 tot 10 jaar;Noord-Amerika;Caribisch Nederland;2023;1;4;-3
4849;Totaal mannen en vrouwen;5 tot 10 jaar;Noord-Amerika;Bonaire;2011;4;0;4
4850;Totaal mannen en vrouwen;5 tot 10 jaar;Noord-Amerika;Bonaire;2012;3;2;1
4851;Totaal mannen en vrouwen;5 tot 10 jaar;Noord-Amerika;Bonaire;2013;2;0;2
4852;Totaal mannen en vrouwen;5 tot 10 jaar;Noord-Amerika;Bonaire;2014;0;3;-3
4853;Totaal mannen en vrouwen;5 tot 10 jaar;Noord-Amerika;Bonaire;2015;0;0;0
4854;Totaal mannen en vrouwen;5 tot 10 jaar;Noord-Amerika;Bonaire;2016;0;2;-2
4855;Totaal mannen en vrouwen;5 tot 10 jaar;Noord-Amerika;Bonaire;2017;0;0;0
4856;Totaal mannen en vrouwen;5 tot 10 jaar;Noord-Amerika;Bonaire;2018;0;0;0
4857;Totaal mannen en vrouwen;5 tot 10 jaar;Noord-Amerika;Bonaire;2019;3;0;3
4858;Totaal mannen en vrouwen;5 tot 10 jaar;Noord-Amerika;Bonaire;2020;0;0;0
4859;Totaal mannen en vrouwen;5 tot 10 jaar;Noord-Amerika;Bonaire;2021;0;0;0
4860;Totaal mannen en vrouwen;5 tot 10 jaar;Noord-Amerika;Bonaire;2022;0;0;0
4861;Totaal mannen en vrouwen;5 tot 10 jaar;Noord-Amerika;Bonaire;2023;0;0;0
4862;Totaal mannen en vrouwen;5 tot 10 jaar;Noord-Amerika;Sint Eustatius;2011;3;2;1
4863;Totaal mannen en vrouwen;5 tot 10 jaar;Noord-Amerika;Sint Eustatius;2012;2;0;2
4864;Totaal mannen en vrouwen;5 tot 10 jaar;Noord-Amerika;Sint Eustatius;2013;5;7;-2
4865;Totaal mannen en vrouwen;5 tot 10 jaar;Noord-Amerika;Sint Eustatius;2014;2;1;1
4866;Totaal mannen en vrouwen;5 tot 10 jaar;Noord-Amerika;Sint Eustatius;2015;1;4;-3
4867;Totaal mannen en vrouwen;5 tot 10 jaar;Noord-Amerika;Sint Eustatius;2016;0;0;0
4868;Totaal mannen en vrouwen;5 tot 10 jaar;Noord-Amerika;Sint Eustatius;2017;0;0;0
4869;Totaal mannen en vrouwen;5 tot 10 jaar;Noord-Amerika;Sint Eustatius;2018;0;0;0
4870;Totaal mannen en vrouwen;5 tot 10 jaar;Noord-Amerika;Sint Eustatius;2019;0;0;0
4871;Totaal mannen en vrouwen;5 tot 10 jaar;Noord-Amerika;Sint Eustatius;2020;0;0;0
4872;Totaal mannen en vrouwen;5 tot 10 jaar;Noord-Amerika;Sint Eustatius;2021;0;0;0
4873;Totaal mannen en vrouwen;5 tot 10 jaar;Noord-Amerika;Sint Eustatius;2022;0;1;-1
4874;Totaal mannen en vrouwen;5 tot 10 jaar;Noord-Amerika;Sint Eustatius;2023;1;1;0
4875;Totaal mannen en vrouwen;5 tot 10 jaar;Noord-Amerika;Saba;2011;1;0;1
4876;Totaal mannen en vrouwen;5 tot 10 jaar;Noord-Amerika;Saba;2012;1;4;-3
4877;Totaal mannen en vrouwen;5 tot 10 jaar;Noord-Amerika;Saba;2013;1;1;0
4878;Totaal mannen en vrouwen;5 tot 10 jaar;Noord-Amerika;Saba;2014;1;0;1
4879;Totaal mannen en vrouwen;5 tot 10 jaar;Noord-Amerika;Saba;2015;0;0;0
4880;Totaal mannen en vrouwen;5 tot 10 jaar;Noord-Amerika;Saba;2016;1;0;1
4881;Totaal mannen en vrouwen;5 tot 10 jaar;Noord-Amerika;Saba;2017;0;0;0
4882;Totaal mannen en vrouwen;5 tot 10 jaar;Noord-Amerika;Saba;2018;0;4;-4
4883;Totaal mannen en vrouwen;5 tot 10 jaar;Noord-Amerika;Saba;2019;5;3;2
4884;Totaal mannen en vrouwen;5 tot 10 jaar;Noord-Amerika;Saba;2020;0;0;0
4885;Totaal mannen en vrouwen;5 tot 10 jaar;Noord-Amerika;Saba;2021;2;7;-5
4886;Totaal mannen en vrouwen;5 tot 10 jaar;Noord-Amerika;Saba;2022;0;0;0
4887;Totaal mannen en vrouwen;5 tot 10 jaar;Noord-Amerika;Saba;2023;0;3;-3
4888;Totaal mannen en vrouwen;5 tot 10 jaar;Aruba, Curaçao, Sint Maarten;Caribisch Nederland;2011;15;15;0
4889;Totaal mannen en vrouwen;5 tot 10 jaar;Aruba, Curaçao, Sint Maarten;Caribisch Nederland;2012;26;20;6
4890;Totaal mannen en vrouwen;5 tot 10 jaar;Aruba, Curaçao, Sint Maarten;Caribisch Nederland;2013;29;20;9
4891;Totaal mannen en vrouwen;5 tot 10 jaar;Aruba, Curaçao, Sint Maarten;Caribisch Nederland;2014;25;23;2
4892;Totaal mannen en vrouwen;5 tot 10 jaar;Aruba, Curaçao, Sint Maarten;Caribisch Nederland;2015;18;12;6
4893;Totaal mannen en vrouwen;5 tot 10 jaar;Aruba, Curaçao, Sint Maarten;Caribisch Nederland;2016;26;20;6
4894;Totaal mannen en vrouwen;5 tot 10 jaar;Aruba, Curaçao, Sint Maarten;Caribisch Nederland;2017;22;19;3
4895;Totaal mannen en vrouwen;5 tot 10 jaar;Aruba, Curaçao, Sint Maarten;Caribisch Nederland;2018;25;14;11
4896;Totaal mannen en vrouwen;5 tot 10 jaar;Aruba, Curaçao, Sint Maarten;Caribisch Nederland;2019;22;10;12
4897;Totaal mannen en vrouwen;5 tot 10 jaar;Aruba, Curaçao, Sint Maarten;Caribisch Nederland;2020;28;14;14
4898;Totaal mannen en vrouwen;5 tot 10 jaar;Aruba, Curaçao, Sint Maarten;Caribisch Nederland;2021;25;16;9
4899;Totaal mannen en vrouwen;5 tot 10 jaar;Aruba, Curaçao, Sint Maarten;Caribisch Nederland;2022;22;13;9
4900;Totaal mannen en vrouwen;5 tot 10 jaar;Aruba, Curaçao, Sint Maarten;Caribisch Nederland;2023;19;8;11
4901;Totaal mannen en vrouwen;5 tot 10 jaar;Aruba, Curaçao, Sint Maarten;Bonaire;2011;13;13;0
4902;Totaal mannen en vrouwen;5 tot 10 jaar;Aruba, Curaçao, Sint Maarten;Bonaire;2012;22;14;8
4903;Totaal mannen en vrouwen;5 tot 10 jaar;Aruba, Curaçao, Sint Maarten;Bonaire;2013;24;8;16
4904;Totaal mannen en vrouwen;5 tot 10 jaar;Aruba, Curaçao, Sint Maarten;Bonaire;2014;22;18;4
4905;Totaal mannen en vrouwen;5 tot 10 jaar;Aruba, Curaçao, Sint Maarten;Bonaire;2015;14;11;3
4906;Totaal mannen en vrouwen;5 tot 10 jaar;Aruba, Curaçao, Sint Maarten;Bonaire;2016;22;16;6
4907;Totaal mannen en vrouwen;5 tot 10 jaar;Aruba, Curaçao, Sint Maarten;Bonaire;2017;17;18;-1
4908;Totaal mannen en vrouwen;5 tot 10 jaar;Aruba, Curaçao, Sint Maarten;Bonaire;2018;16;6;10
4909;Totaal mannen en vrouwen;5 tot 10 jaar;Aruba, Curaçao, Sint Maarten;Bonaire;2019;15;6;9
4910;Totaal mannen en vrouwen;5 tot 10 jaar;Aruba, Curaçao, Sint Maarten;Bonaire;2020;25;8;17
4911;Totaal mannen en vrouwen;5 tot 10 jaar;Aruba, Curaçao, Sint Maarten;Bonaire;2021;21;11;10
4912;Totaal mannen en vrouwen;5 tot 10 jaar;Aruba, Curaçao, Sint Maarten;Bonaire;2022;18;10;8
4913;Totaal mannen en vrouwen;5 tot 10 jaar;Aruba, Curaçao, Sint Maarten;Bonaire;2023;18;4;14
4914;Totaal mannen en vrouwen;5 tot 10 jaar;Aruba, Curaçao, Sint Maarten;Sint Eustatius;2011;2;0;2
4915;Totaal mannen en vrouwen;5 tot 10 jaar;Aruba, Curaçao, Sint Maarten;Sint Eustatius;2012;4;4;0
4916;Totaal mannen en vrouwen;5 tot 10 jaar;Aruba, Curaçao, Sint Maarten;Sint Eustatius;2013;5;11;-6
4917;Totaal mannen en vrouwen;5 tot 10 jaar;Aruba, Curaçao, Sint Maarten;Sint Eustatius;2014;1;2;-1
4918;Totaal mannen en vrouwen;5 tot 10 jaar;Aruba, Curaçao, Sint Maarten;Sint Eustatius;2015;4;1;3
4919;Totaal mannen en vrouwen;5 tot 10 jaar;Aruba, Curaçao, Sint Maarten;Sint Eustatius;2016;1;3;-2
4920;Totaal mannen en vrouwen;5 tot 10 jaar;Aruba, Curaçao, Sint Maarten;Sint Eustatius;2017;3;1;2
4921;Totaal mannen en vrouwen;5 tot 10 jaar;Aruba, Curaçao, Sint Maarten;Sint Eustatius;2018;5;2;3
4922;Totaal mannen en vrouwen;5 tot 10 jaar;Aruba, Curaçao, Sint Maarten;Sint Eustatius;2019;4;3;1
4923;Totaal mannen en vrouwen;5 tot 10 jaar;Aruba, Curaçao, Sint Maarten;Sint Eustatius;2020;3;5;-2
4924;Totaal mannen en vrouwen;5 tot 10 jaar;Aruba, Curaçao, Sint Maarten;Sint Eustatius;2021;4;1;3
4925;Totaal mannen en vrouwen;5 tot 10 jaar;Aruba, Curaçao, Sint Maarten;Sint Eustatius;2022;1;2;-1
4926;Totaal mannen en vrouwen;5 tot 10 jaar;Aruba, Curaçao, Sint Maarten;Sint Eustatius;2023;0;4;-4
4927;Totaal mannen en vrouwen;5 tot 10 jaar;Aruba, Curaçao, Sint Maarten;Saba;2011;0;2;-2
4928;Totaal mannen en vrouwen;5 tot 10 jaar;Aruba, Curaçao, Sint Maarten;Saba;2012;0;2;-2
4929;Totaal mannen en vrouwen;5 tot 10 jaar;Aruba, Curaçao, Sint Maarten;Saba;2013;0;1;-1
4930;Totaal mannen en vrouwen;5 tot 10 jaar;Aruba, Curaçao, Sint Maarten;Saba;2014;2;3;-1
4931;Totaal mannen en vrouwen;5 tot 10 jaar;Aruba, Curaçao, Sint Maarten;Saba;2015;0;0;0
4932;Totaal mannen en vrouwen;5 tot 10 jaar;Aruba, Curaçao, Sint Maarten;Saba;2016;3;1;2
4933;Totaal mannen en vrouwen;5 tot 10 jaar;Aruba, Curaçao, Sint Maarten;Saba;2017;2;0;2
4934;Totaal mannen en vrouwen;5 tot 10 jaar;Aruba, Curaçao, Sint Maarten;Saba;2018;4;6;-2
4935;Totaal mannen en vrouwen;5 tot 10 jaar;Aruba, Curaçao, Sint Maarten;Saba;2019;3;1;2
4936;Totaal mannen en vrouwen;5 tot 10 jaar;Aruba, Curaçao, Sint Maarten;Saba;2020;0;1;-1
4937;Totaal mannen en vrouwen;5 tot 10 jaar;Aruba, Curaçao, Sint Maarten;Saba;2021;0;4;-4
4938;Totaal mannen en vrouwen;5 tot 10 jaar;Aruba, Curaçao, Sint Maarten;Saba;2022;3;1;2
4939;Totaal mannen en vrouwen;5 tot 10 jaar;Aruba, Curaçao, Sint Maarten;Saba;2023;1;0;1
4940;Totaal mannen en vrouwen;5 tot 10 jaar;Caribisch Nederland;Caribisch Nederland;2011;11;5;6
4941;Totaal mannen en vrouwen;5 tot 10 jaar;Caribisch Nederland;Caribisch Nederland;2012;7;14;-7
4942;Totaal mannen en vrouwen;5 tot 10 jaar;Caribisch Nederland;Caribisch Nederland;2013;8;16;-8
4943;Totaal mannen en vrouwen;5 tot 10 jaar;Caribisch Nederland;Caribisch Nederland;2014;19;15;4
4944;Totaal mannen en vrouwen;5 tot 10 jaar;Caribisch Nederland;Caribisch Nederland;2015;5;17;-12
4945;Totaal mannen en vrouwen;5 tot 10 jaar;Caribisch Nederland;Caribisch Nederland;2016;5;21;-16
4946;Totaal mannen en vrouwen;5 tot 10 jaar;Caribisch Nederland;Caribisch Nederland;2017;8;23;-15
4947;Totaal mannen en vrouwen;5 tot 10 jaar;Caribisch Nederland;Caribisch Nederland;2018;9;21;-12
4948;Totaal mannen en vrouwen;5 tot 10 jaar;Caribisch Nederland;Caribisch Nederland;2019;6;13;-7
4949;Totaal mannen en vrouwen;5 tot 10 jaar;Caribisch Nederland;Caribisch Nederland;2020;12;12;0
4950;Totaal mannen en vrouwen;5 tot 10 jaar;Caribisch Nederland;Caribisch Nederland;2021;7;17;-10
4951;Totaal mannen en vrouwen;5 tot 10 jaar;Caribisch Nederland;Caribisch Nederland;2022;9;21;-12
4952;Totaal mannen en vrouwen;5 tot 10 jaar;Caribisch Nederland;Caribisch Nederland;2023;9;25;-16
4953;Totaal mannen en vrouwen;5 tot 10 jaar;Caribisch Nederland;Bonaire;2011;8;4;4
4954;Totaal mannen en vrouwen;5 tot 10 jaar;Caribisch Nederland;Bonaire;2012;6;9;-3
4955;Totaal mannen en vrouwen;5 tot 10 jaar;Caribisch Nederland;Bonaire;2013;5;13;-8
4956;Totaal mannen en vrouwen;5 tot 10 jaar;Caribisch Nederland;Bonaire;2014;18;14;4
4957;Totaal mannen en vrouwen;5 tot 10 jaar;Caribisch Nederland;Bonaire;2015;4;14;-10
4958;Totaal mannen en vrouwen;5 tot 10 jaar;Caribisch Nederland;Bonaire;2016;5;17;-12
4959;Totaal mannen en vrouwen;5 tot 10 jaar;Caribisch Nederland;Bonaire;2017;8;22;-14
4960;Totaal mannen en vrouwen;5 tot 10 jaar;Caribisch Nederland;Bonaire;2018;8;18;-10
4961;Totaal mannen en vrouwen;5 tot 10 jaar;Caribisch Nederland;Bonaire;2019;6;13;-7
4962;Totaal mannen en vrouwen;5 tot 10 jaar;Caribisch Nederland;Bonaire;2020;12;11;1
4963;Totaal mannen en vrouwen;5 tot 10 jaar;Caribisch Nederland;Bonaire;2021;6;14;-8
4964;Totaal mannen en vrouwen;5 tot 10 jaar;Caribisch Nederland;Bonaire;2022;9;18;-9
4965;Totaal mannen en vrouwen;5 tot 10 jaar;Caribisch Nederland;Bonaire;2023;8;24;-16
4966;Totaal mannen en vrouwen;5 tot 10 jaar;Caribisch Nederland;Sint Eustatius;2011;3;1;2
4967;Totaal mannen en vrouwen;5 tot 10 jaar;Caribisch Nederland;Sint Eustatius;2012;0;4;-4
4968;Totaal mannen en vrouwen;5 tot 10 jaar;Caribisch Nederland;Sint Eustatius;2013;2;3;-1
4969;Totaal mannen en vrouwen;5 tot 10 jaar;Caribisch Nederland;Sint Eustatius;2014;1;1;0
4970;Totaal mannen en vrouwen;5 tot 10 jaar;Caribisch Nederland;Sint Eustatius;2015;1;3;-2
4971;Totaal mannen en vrouwen;5 tot 10 jaar;Caribisch Nederland;Sint Eustatius;2016;0;3;-3
4972;Totaal mannen en vrouwen;5 tot 10 jaar;Caribisch Nederland;Sint Eustatius;2017;0;1;-1
4973;Totaal mannen en vrouwen;5 tot 10 jaar;Caribisch Nederland;Sint Eustatius;2018;1;3;-2
4974;Totaal mannen en vrouwen;5 tot 10 jaar;Caribisch Nederland;Sint Eustatius;2019;0;0;0
4975;Totaal mannen en vrouwen;5 tot 10 jaar;Caribisch Nederland;Sint Eustatius;2020;0;1;-1
4976;Totaal mannen en vrouwen;5 tot 10 jaar;Caribisch Nederland;Sint Eustatius;2021;1;3;-2
4977;Totaal mannen en vrouwen;5 tot 10 jaar;Caribisch Nederland;Sint Eustatius;2022;0;3;-3
4978;Totaal mannen en vrouwen;5 tot 10 jaar;Caribisch Nederland;Sint Eustatius;2023;1;1;0
4979;Totaal mannen en vrouwen;5 tot 10 jaar;Caribisch Nederland;Saba;2011;0;0;0
4980;Totaal mannen en vrouwen;5 tot 10 jaar;Caribisch Nederland;Saba;2012;1;1;0
4981;Totaal mannen en vrouwen;5 tot 10 jaar;Caribisch Nederland;Saba;2013;1;0;1
4982;Totaal mannen en vrouwen;5 tot 10 jaar;Caribisch Nederland;Saba;2014;0;0;0
4983;Totaal mannen en vrouwen;5 tot 10 jaar;Caribisch Nederland;Saba;2015;0;0;0
4984;Totaal mannen en vrouwen;5 tot 10 jaar;Caribisch Nederland;Saba;2016;0;1;-1
4985;Totaal mannen en vrouwen;5 tot 10 jaar;Caribisch Nederland;Saba;2017;0;0;0
4986;Totaal mannen en vrouwen;5 tot 10 jaar;Caribisch Nederland;Saba;2018;0;0;0
4987;Totaal mannen en vrouwen;5 tot 10 jaar;Caribisch Nederland;Saba;2019;0;0;0
4988;Totaal mannen en vrouwen;5 tot 10 jaar;Caribisch Nederland;Saba;2020;0;0;0
4989;Totaal mannen en vrouwen;5 tot 10 jaar;Caribisch Nederland;Saba;2021;0;0;0
4990;Totaal mannen en vrouwen;5 tot 10 jaar;Caribisch Nederland;Saba;2022;0;0;0
4991;Totaal mannen en vrouwen;5 tot 10 jaar;Caribisch Nederland;Saba;2023;0;0;0
4992;Totaal mannen en vrouwen;5 tot 10 jaar;Europese Unie (inclusief Nederland);Caribisch Nederland;2011;60;15;45
4993;Totaal mannen en vrouwen;5 tot 10 jaar;Europese Unie (inclusief Nederland);Caribisch Nederland;2012;41;22;19
4994;Totaal mannen en vrouwen;5 tot 10 jaar;Europese Unie (inclusief Nederland);Caribisch Nederland;2013;58;26;32
4995;Totaal mannen en vrouwen;5 tot 10 jaar;Europese Unie (inclusief Nederland);Caribisch Nederland;2014;42;24;18
4996;Totaal mannen en vrouwen;5 tot 10 jaar;Europese Unie (inclusief Nederland);Caribisch Nederland;2015;44;37;7
4997;Totaal mannen en vrouwen;5 tot 10 jaar;Europese Unie (inclusief Nederland);Caribisch Nederland;2016;44;35;9
4998;Totaal mannen en vrouwen;5 tot 10 jaar;Europese Unie (inclusief Nederland);Caribisch Nederland;2017;44;43;1
4999;Totaal mannen en vrouwen;5 tot 10 jaar;Europese Unie (inclusief Nederland);Caribisch Nederland;2018;40;37;3
5000;Totaal mannen en vrouwen;5 tot 10 jaar;Europese Unie (inclusief Nederland);Caribisch Nederland;2019;41;20;21
5001;Totaal mannen en vrouwen;5 tot 10 jaar;Europese Unie (inclusief Nederland);Caribisch Nederland;2020;59;32;27
5002;Totaal mannen en vrouwen;5 tot 10 jaar;Europese Unie (inclusief Nederland);Caribisch Nederland;2021;46;29;17
5003;Totaal mannen en vrouwen;5 tot 10 jaar;Europese Unie (inclusief Nederland);Caribisch Nederland;2022;67;47;20
5004;Totaal mannen en vrouwen;5 tot 10 jaar;Europese Unie (inclusief Nederland);Caribisch Nederland;2023;47;39;8
5005;Totaal mannen en vrouwen;5 tot 10 jaar;Europese Unie (inclusief Nederland);Bonaire;2011;54;12;42
5006;Totaal mannen en vrouwen;5 tot 10 jaar;Europese Unie (inclusief Nederland);Bonaire;2012;36;19;17
5007;Totaal mannen en vrouwen;5 tot 10 jaar;Europese Unie (inclusief Nederland);Bonaire;2013;49;24;25
5008;Totaal mannen en vrouwen;5 tot 10 jaar;Europese Unie (inclusief Nederland);Bonaire;2014;34;24;10
5009;Totaal mannen en vrouwen;5 tot 10 jaar;Europese Unie (inclusief Nederland);Bonaire;2015;36;29;7
5010;Totaal mannen en vrouwen;5 tot 10 jaar;Europese Unie (inclusief Nederland);Bonaire;2016;41;28;13
5011;Totaal mannen en vrouwen;5 tot 10 jaar;Europese Unie (inclusief Nederland);Bonaire;2017;40;39;1
5012;Totaal mannen en vrouwen;5 tot 10 jaar;Europese Unie (inclusief Nederland);Bonaire;2018;32;33;-1
5013;Totaal mannen en vrouwen;5 tot 10 jaar;Europese Unie (inclusief Nederland);Bonaire;2019;41;15;26
5014;Totaal mannen en vrouwen;5 tot 10 jaar;Europese Unie (inclusief Nederland);Bonaire;2020;54;31;23
5015;Totaal mannen en vrouwen;5 tot 10 jaar;Europese Unie (inclusief Nederland);Bonaire;2021;43;26;17
5016;Totaal mannen en vrouwen;5 tot 10 jaar;Europese Unie (inclusief Nederland);Bonaire;2022;62;38;24
5017;Totaal mannen en vrouwen;5 tot 10 jaar;Europese Unie (inclusief Nederland);Bonaire;2023;44;35;9
5018;Totaal mannen en vrouwen;5 tot 10 jaar;Europese Unie (inclusief Nederland);Sint Eustatius;2011;6;3;3
5019;Totaal mannen en vrouwen;5 tot 10 jaar;Europese Unie (inclusief Nederland);Sint Eustatius;2012;4;2;2
5020;Totaal mannen en vrouwen;5 tot 10 jaar;Europese Unie (inclusief Nederland);Sint Eustatius;2013;9;1;8
5021;Totaal mannen en vrouwen;5 tot 10 jaar;Europese Unie (inclusief Nederland);Sint Eustatius;2014;4;0;4
5022;Totaal mannen en vrouwen;5 tot 10 jaar;Europese Unie (inclusief Nederland);Sint Eustatius;2015;3;6;-3
5023;Totaal mannen en vrouwen;5 tot 10 jaar;Europese Unie (inclusief Nederland);Sint Eustatius;2016;2;5;-3
5024;Totaal mannen en vrouwen;5 tot 10 jaar;Europese Unie (inclusief Nederland);Sint Eustatius;2017;4;3;1
5025;Totaal mannen en vrouwen;5 tot 10 jaar;Europese Unie (inclusief Nederland);Sint Eustatius;2018;6;4;2
5026;Totaal mannen en vrouwen;5 tot 10 jaar;Europese Unie (inclusief Nederland);Sint Eustatius;2019;0;1;-1
5027;Totaal mannen en vrouwen;5 tot 10 jaar;Europese Unie (inclusief Nederland);Sint Eustatius;2020;3;1;2
5028;Totaal mannen en vrouwen;5 tot 10 jaar;Europese Unie (inclusief Nederland);Sint Eustatius;2021;1;3;-2
5029;Totaal mannen en vrouwen;5 tot 10 jaar;Europese Unie (inclusief Nederland);Sint Eustatius;2022;3;0;3
5030;Totaal mannen en vrouwen;5 tot 10 jaar;Europese Unie (inclusief Nederland);Sint Eustatius;2023;3;4;-1
5031;Totaal mannen en vrouwen;5 tot 10 jaar;Europese Unie (inclusief Nederland);Saba;2011;0;0;0
5032;Totaal mannen en vrouwen;5 tot 10 jaar;Europese Unie (inclusief Nederland);Saba;2012;1;1;0
5033;Totaal mannen en vrouwen;5 tot 10 jaar;Europese Unie (inclusief Nederland);Saba;2013;0;1;-1
5034;Totaal mannen en vrouwen;5 tot 10 jaar;Europese Unie (inclusief Nederland);Saba;2014;4;0;4
5035;Totaal mannen en vrouwen;5 tot 10 jaar;Europese Unie (inclusief Nederland);Saba;2015;5;2;3
5036;Totaal mannen en vrouwen;5 tot 10 jaar;Europese Unie (inclusief Nederland);Saba;2016;1;2;-1
5037;Totaal mannen en vrouwen;5 tot 10 jaar;Europese Unie (inclusief Nederland);Saba;2017;0;1;-1
5038;Totaal mannen en vrouwen;5 tot 10 jaar;Europese Unie (inclusief Nederland);Saba;2018;2;0;2
5039;Totaal mannen en vrouwen;5 tot 10 jaar;Europese Unie (inclusief Nederland);Saba;2019;0;4;-4
5040;Totaal mannen en vrouwen;5 tot 10 jaar;Europese Unie (inclusief Nederland);Saba;2020;2;0;2
5041;Totaal mannen en vrouwen;5 tot 10 jaar;Europese Unie (inclusief Nederland);Saba;2021;2;0;2
5042;Totaal mannen en vrouwen;5 tot 10 jaar;Europese Unie (inclusief Nederland);Saba;2022;2;9;-7
5043;Totaal mannen en vrouwen;5 tot 10 jaar;Europese Unie (inclusief Nederland);Saba;2023;0;0;0
5044;Totaal mannen en vrouwen;5 tot 10 jaar;Europese Unie (exclusief Nederland);Caribisch Nederland;2011;2;0;2
5045;Totaal mannen en vrouwen;5 tot 10 jaar;Europese Unie (exclusief Nederland);Caribisch Nederland;2012;2;1;1
5046;Totaal mannen en vrouwen;5 tot 10 jaar;Europese Unie (exclusief Nederland);Caribisch Nederland;2013;2;1;1
5047;Totaal mannen en vrouwen;5 tot 10 jaar;Europese Unie (exclusief Nederland);Caribisch Nederland;2014;2;1;1
5048;Totaal mannen en vrouwen;5 tot 10 jaar;Europese Unie (exclusief Nederland);Caribisch Nederland;2015;1;2;-1
5049;Totaal mannen en vrouwen;5 tot 10 jaar;Europese Unie (exclusief Nederland);Caribisch Nederland;2016;2;5;-3
5050;Totaal mannen en vrouwen;5 tot 10 jaar;Europese Unie (exclusief Nederland);Caribisch Nederland;2017;2;1;1
5051;Totaal mannen en vrouwen;5 tot 10 jaar;Europese Unie (exclusief Nederland);Caribisch Nederland;2018;4;0;4
5052;Totaal mannen en vrouwen;5 tot 10 jaar;Europese Unie (exclusief Nederland);Caribisch Nederland;2019;1;1;0
5053;Totaal mannen en vrouwen;5 tot 10 jaar;Europese Unie (exclusief Nederland);Caribisch Nederland;2020;2;0;2
5054;Totaal mannen en vrouwen;5 tot 10 jaar;Europese Unie (exclusief Nederland);Caribisch Nederland;2021;2;2;0
5055;Totaal mannen en vrouwen;5 tot 10 jaar;Europese Unie (exclusief Nederland);Caribisch Nederland;2022;4;4;0
5056;Totaal mannen en vrouwen;5 tot 10 jaar;Europese Unie (exclusief Nederland);Caribisch Nederland;2023;2;2;0
5057;Totaal mannen en vrouwen;5 tot 10 jaar;Europese Unie (exclusief Nederland);Bonaire;2011;2;0;2
5058;Totaal mannen en vrouwen;5 tot 10 jaar;Europese Unie (exclusief Nederland);Bonaire;2012;2;1;1
5059;Totaal mannen en vrouwen;5 tot 10 jaar;Europese Unie (exclusief Nederland);Bonaire;2013;2;1;1
5060;Totaal mannen en vrouwen;5 tot 10 jaar;Europese Unie (exclusief Nederland);Bonaire;2014;2;1;1
5061;Totaal mannen en vrouwen;5 tot 10 jaar;Europese Unie (exclusief Nederland);Bonaire;2015;0;2;-2
5062;Totaal mannen en vrouwen;5 tot 10 jaar;Europese Unie (exclusief Nederland);Bonaire;2016;1;5;-4
5063;Totaal mannen en vrouwen;5 tot 10 jaar;Europese Unie (exclusief Nederland);Bonaire;2017;2;1;1
5064;Totaal mannen en vrouwen;5 tot 10 jaar;Europese Unie (exclusief Nederland);Bonaire;2018;2;0;2
5065;Totaal mannen en vrouwen;5 tot 10 jaar;Europese Unie (exclusief Nederland);Bonaire;2019;1;1;0
5066;Totaal mannen en vrouwen;5 tot 10 jaar;Europese Unie (exclusief Nederland);Bonaire;2020;0;0;0
5067;Totaal mannen en vrouwen;5 tot 10 jaar;Europese Unie (exclusief Nederland);Bonaire;2021;1;0;1
5068;Totaal mannen en vrouwen;5 tot 10 jaar;Europese Unie (exclusief Nederland);Bonaire;2022;4;3;1
5069;Totaal mannen en vrouwen;5 tot 10 jaar;Europese Unie (exclusief Nederland);Bonaire;2023;2;2;0
5070;Totaal mannen en vrouwen;5 tot 10 jaar;Europese Unie (exclusief Nederland);Sint Eustatius;2011;0;0;0
5071;Totaal mannen en vrouwen;5 tot 10 jaar;Europese Unie (exclusief Nederland);Sint Eustatius;2012;0;0;0
5072;Totaal mannen en vrouwen;5 tot 10 jaar;Europese Unie (exclusief Nederland);Sint Eustatius;2013;0;0;0
5073;Totaal mannen en vrouwen;5 tot 10 jaar;Europese Unie (exclusief Nederland);Sint Eustatius;2014;0;0;0
5074;Totaal mannen en vrouwen;5 tot 10 jaar;Europese Unie (exclusief Nederland);Sint Eustatius;2015;0;0;0
5075;Totaal mannen en vrouwen;5 tot 10 jaar;Europese Unie (exclusief Nederland);Sint Eustatius;2016;1;0;1
5076;Totaal mannen en vrouwen;5 tot 10 jaar;Europese Unie (exclusief Nederland);Sint Eustatius;2017;0;0;0
5077;Totaal mannen en vrouwen;5 tot 10 jaar;Europese Unie (exclusief Nederland);Sint Eustatius;2018;2;0;2
5078;Totaal mannen en vrouwen;5 tot 10 jaar;Europese Unie (exclusief Nederland);Sint Eustatius;2019;0;0;0
5079;Totaal mannen en vrouwen;5 tot 10 jaar;Europese Unie (exclusief Nederland);Sint Eustatius;2020;2;0;2
5080;Totaal mannen en vrouwen;5 tot 10 jaar;Europese Unie (exclusief Nederland);Sint Eustatius;2021;0;2;-2
5081;Totaal mannen en vrouwen;5 tot 10 jaar;Europese Unie (exclusief Nederland);Sint Eustatius;2022;0;0;0
5082;Totaal mannen en vrouwen;5 tot 10 jaar;Europese Unie (exclusief Nederland);Sint Eustatius;2023;0;0;0
5083;Totaal mannen en vrouwen;5 tot 10 jaar;Europese Unie (exclusief Nederland);Saba;2011;0;0;0
5084;Totaal mannen en vrouwen;5 tot 10 jaar;Europese Unie (exclusief Nederland);Saba;2012;0;0;0
5085;Totaal mannen en vrouwen;5 tot 10 jaar;Europese Unie (exclusief Nederland);Saba;2013;0;0;0
5086;Totaal mannen en vrouwen;5 tot 10 jaar;Europese Unie (exclusief Nederland);Saba;2014;0;0;0
5087;Totaal mannen en vrouwen;5 tot 10 jaar;Europese Unie (exclusief Nederland);Saba;2015;1;0;1
5088;Totaal mannen en vrouwen;5 tot 10 jaar;Europese Unie (exclusief Nederland);Saba;2016;0;0;0
5089;Totaal mannen en vrouwen;5 tot 10 jaar;Europese Unie (exclusief Nederland);Saba;2017;0;0;0
5090;Totaal mannen en vrouwen;5 tot 10 jaar;Europese Unie (exclusief Nederland);Saba;2018;0;0;0
5091;Totaal mannen en vrouwen;5 tot 10 jaar;Europese Unie (exclusief Nederland);Saba;2019;0;0;0
5092;Totaal mannen en vrouwen;5 tot 10 jaar;Europese Unie (exclusief Nederland);Saba;2020;0;0;0
5093;Totaal mannen en vrouwen;5 tot 10 jaar;Europese Unie (exclusief Nederland);Saba;2021;1;0;1
5094;Totaal mannen en vrouwen;5 tot 10 jaar;Europese Unie (exclusief Nederland);Saba;2022;0;1;-1
5095;Totaal mannen en vrouwen;5 tot 10 jaar;Europese Unie (exclusief Nederland);Saba;2023;0;0;0
5096;Totaal mannen en vrouwen;5 tot 10 jaar;Midden- en Zuid-Amerika (excl Ned Ca...);Caribisch Nederland;2011;5;3;2
5097;Totaal mannen en vrouwen;5 tot 10 jaar;Midden- en Zuid-Amerika (excl Ned Ca...);Caribisch Nederland;2012;17;2;15
5098;Totaal mannen en vrouwen;5 tot 10 jaar;Midden- en Zuid-Amerika (excl Ned Ca...);Caribisch Nederland;2013;19;1;18
5099;Totaal mannen en vrouwen;5 tot 10 jaar;Midden- en Zuid-Amerika (excl Ned Ca...);Caribisch Nederland;2014;13;6;7
5100;Totaal mannen en vrouwen;5 tot 10 jaar;Midden- en Zuid-Amerika (excl Ned Ca...);Caribisch Nederland;2015;27;3;24
5101;Totaal mannen en vrouwen;5 tot 10 jaar;Midden- en Zuid-Amerika (excl Ned Ca...);Caribisch Nederland;2016;23;0;23
5102;Totaal mannen en vrouwen;5 tot 10 jaar;Midden- en Zuid-Amerika (excl Ned Ca...);Caribisch Nederland;2017;36;9;27
5103;Totaal mannen en vrouwen;5 tot 10 jaar;Midden- en Zuid-Amerika (excl Ned Ca...);Caribisch Nederland;2018;20;7;13
5104;Totaal mannen en vrouwen;5 tot 10 jaar;Midden- en Zuid-Amerika (excl Ned Ca...);Caribisch Nederland;2019;27;6;21
5105;Totaal mannen en vrouwen;5 tot 10 jaar;Midden- en Zuid-Amerika (excl Ned Ca...);Caribisch Nederland;2020;16;1;15
5106;Totaal mannen en vrouwen;5 tot 10 jaar;Midden- en Zuid-Amerika (excl Ned Ca...);Caribisch Nederland;2021;28;3;25
5107;Totaal mannen en vrouwen;5 tot 10 jaar;Midden- en Zuid-Amerika (excl Ned Ca...);Caribisch Nederland;2022;36;5;31
5108;Totaal mannen en vrouwen;5 tot 10 jaar;Midden- en Zuid-Amerika (excl Ned Ca...);Caribisch Nederland;2023;58;5;53
5109;Totaal mannen en vrouwen;5 tot 10 jaar;Midden- en Zuid-Amerika (excl Ned Ca...);Bonaire;2011;4;0;4
5110;Totaal mannen en vrouwen;5 tot 10 jaar;Midden- en Zuid-Amerika (excl Ned Ca...);Bonaire;2012;13;0;13
5111;Totaal mannen en vrouwen;5 tot 10 jaar;Midden- en Zuid-Amerika (excl Ned Ca...);Bonaire;2013;13;0;13
5112;Totaal mannen en vrouwen;5 tot 10 jaar;Midden- en Zuid-Amerika (excl Ned Ca...);Bonaire;2014;9;4;5
5113;Totaal mannen en vrouwen;5 tot 10 jaar;Midden- en Zuid-Amerika (excl Ned Ca...);Bonaire;2015;18;2;16
5114;Totaal mannen en vrouwen;5 tot 10 jaar;Midden- en Zuid-Amerika (excl Ned Ca...);Bonaire;2016;17;0;17
5115;Totaal mannen en vrouwen;5 tot 10 jaar;Midden- en Zuid-Amerika (excl Ned Ca...);Bonaire;2017;30;5;25
5116;Totaal mannen en vrouwen;5 tot 10 jaar;Midden- en Zuid-Amerika (excl Ned Ca...);Bonaire;2018;18;4;14
5117;Totaal mannen en vrouwen;5 tot 10 jaar;Midden- en Zuid-Amerika (excl Ned Ca...);Bonaire;2019;21;3;18
5118;Totaal mannen en vrouwen;5 tot 10 jaar;Midden- en Zuid-Amerika (excl Ned Ca...);Bonaire;2020;13;0;13
5119;Totaal mannen en vrouwen;5 tot 10 jaar;Midden- en Zuid-Amerika (excl Ned Ca...);Bonaire;2021;23;2;21
5120;Totaal mannen en vrouwen;5 tot 10 jaar;Midden- en Zuid-Amerika (excl Ned Ca...);Bonaire;2022;29;4;25
5121;Totaal mannen en vrouwen;5 tot 10 jaar;Midden- en Zuid-Amerika (excl Ned Ca...);Bonaire;2023;51;2;49
5122;Totaal mannen en vrouwen;5 tot 10 jaar;Midden- en Zuid-Amerika (excl Ned Ca...);Sint Eustatius;2011;1;1;0
5123;Totaal mannen en vrouwen;5 tot 10 jaar;Midden- en Zuid-Amerika (excl Ned Ca...);Sint Eustatius;2012;4;1;3
5124;Totaal mannen en vrouwen;5 tot 10 jaar;Midden- en Zuid-Amerika (excl Ned Ca...);Sint Eustatius;2013;4;0;4
5125;Totaal mannen en vrouwen;5 tot 10 jaar;Midden- en Zuid-Amerika (excl Ned Ca...);Sint Eustatius;2014;2;2;0
5126;Totaal mannen en vrouwen;5 tot 10 jaar;Midden- en Zuid-Amerika (excl Ned Ca...);Sint Eustatius;2015;7;1;6
5127;Totaal mannen en vrouwen;5 tot 10 jaar;Midden- en Zuid-Amerika (excl Ned Ca...);Sint Eustatius;2016;2;0;2
5128;Totaal mannen en vrouwen;5 tot 10 jaar;Midden- en Zuid-Amerika (excl Ned Ca...);Sint Eustatius;2017;5;3;2
5129;Totaal mannen en vrouwen;5 tot 10 jaar;Midden- en Zuid-Amerika (excl Ned Ca...);Sint Eustatius;2018;0;2;-2
5130;Totaal mannen en vrouwen;5 tot 10 jaar;Midden- en Zuid-Amerika (excl Ned Ca...);Sint Eustatius;2019;5;0;5
5131;Totaal mannen en vrouwen;5 tot 10 jaar;Midden- en Zuid-Amerika (excl Ned Ca...);Sint Eustatius;2020;1;1;0
5132;Totaal mannen en vrouwen;5 tot 10 jaar;Midden- en Zuid-Amerika (excl Ned Ca...);Sint Eustatius;2021;3;0;3
5133;Totaal mannen en vrouwen;5 tot 10 jaar;Midden- en Zuid-Amerika (excl Ned Ca...);Sint Eustatius;2022;4;1;3
5134;Totaal mannen en vrouwen;5 tot 10 jaar;Midden- en Zuid-Amerika (excl Ned Ca...);Sint Eustatius;2023;3;1;2
5135;Totaal mannen en vrouwen;5 tot 10 jaar;Midden- en Zuid-Amerika (excl Ned Ca...);Saba;2011;0;2;-2
5136;Totaal mannen en vrouwen;5 tot 10 jaar;Midden- en Zuid-Amerika (excl Ned Ca...);Saba;2012;0;1;-1
5137;Totaal mannen en vrouwen;5 tot 10 jaar;Midden- en Zuid-Amerika (excl Ned Ca...);Saba;2013;2;1;1
5138;Totaal mannen en vrouwen;5 tot 10 jaar;Midden- en Zuid-Amerika (excl Ned Ca...);Saba;2014;2;0;2
5139;Totaal mannen en vrouwen;5 tot 10 jaar;Midden- en Zuid-Amerika (excl Ned Ca...);Saba;2015;2;0;2
5140;Totaal mannen en vrouwen;5 tot 10 jaar;Midden- en Zuid-Amerika (excl Ned Ca...);Saba;2016;4;0;4
5141;Totaal mannen en vrouwen;5 tot 10 jaar;Midden- en Zuid-Amerika (excl Ned Ca...);Saba;2017;1;1;0
5142;Totaal mannen en vrouwen;5 tot 10 jaar;Midden- en Zuid-Amerika (excl Ned Ca...);Saba;2018;2;1;1
5143;Totaal mannen en vrouwen;5 tot 10 jaar;Midden- en Zuid-Amerika (excl Ned Ca...);Saba;2019;1;3;-2
5144;Totaal mannen en vrouwen;5 tot 10 jaar;Midden- en Zuid-Amerika (excl Ned Ca...);Saba;2020;2;0;2
5145;Totaal mannen en vrouwen;5 tot 10 jaar;Midden- en Zuid-Amerika (excl Ned Ca...);Saba;2021;2;1;1
5146;Totaal mannen en vrouwen;5 tot 10 jaar;Midden- en Zuid-Amerika (excl Ned Ca...);Saba;2022;3;0;3
5147;Totaal mannen en vrouwen;5 tot 10 jaar;Midden- en Zuid-Amerika (excl Ned Ca...);Saba;2023;4;2;2
5148;Totaal mannen en vrouwen;5 tot 10 jaar;Aruba;Caribisch Nederland;2011;5;2;3
5149;Totaal mannen en vrouwen;5 tot 10 jaar;Aruba;Caribisch Nederland;2012;5;5;0
5150;Totaal mannen en vrouwen;5 tot 10 jaar;Aruba;Caribisch Nederland;2013;8;2;6
5151;Totaal mannen en vrouwen;5 tot 10 jaar;Aruba;Caribisch Nederland;2014;8;7;1
5152;Totaal mannen en vrouwen;5 tot 10 jaar;Aruba;Caribisch Nederland;2015;5;2;3
5153;Totaal mannen en vrouwen;5 tot 10 jaar;Aruba;Caribisch Nederland;2016;4;1;3
5154;Totaal mannen en vrouwen;5 tot 10 jaar;Aruba;Caribisch Nederland;2017;5;1;4
5155;Totaal mannen en vrouwen;5 tot 10 jaar;Aruba;Caribisch Nederland;2018;2;2;0
5156;Totaal mannen en vrouwen;5 tot 10 jaar;Aruba;Caribisch Nederland;2019;3;1;2
5157;Totaal mannen en vrouwen;5 tot 10 jaar;Aruba;Caribisch Nederland;2020;3;1;2
5158;Totaal mannen en vrouwen;5 tot 10 jaar;Aruba;Caribisch Nederland;2021;1;2;-1
5159;Totaal mannen en vrouwen;5 tot 10 jaar;Aruba;Caribisch Nederland;2022;2;1;1
5160;Totaal mannen en vrouwen;5 tot 10 jaar;Aruba;Caribisch Nederland;2023;3;3;0
5161;Totaal mannen en vrouwen;5 tot 10 jaar;Aruba;Bonaire;2011;5;2;3
5162;Totaal mannen en vrouwen;5 tot 10 jaar;Aruba;Bonaire;2012;5;5;0
5163;Totaal mannen en vrouwen;5 tot 10 jaar;Aruba;Bonaire;2013;8;2;6
5164;Totaal mannen en vrouwen;5 tot 10 jaar;Aruba;Bonaire;2014;8;7;1
5165;Totaal mannen en vrouwen;5 tot 10 jaar;Aruba;Bonaire;2015;3;2;1
5166;Totaal mannen en vrouwen;5 tot 10 jaar;Aruba;Bonaire;2016;4;1;3
5167;Totaal mannen en vrouwen;5 tot 10 jaar;Aruba;Bonaire;2017;5;1;4
5168;Totaal mannen en vrouwen;5 tot 10 jaar;Aruba;Bonaire;2018;2;1;1
5169;Totaal mannen en vrouwen;5 tot 10 jaar;Aruba;Bonaire;2019;2;1;1
5170;Totaal mannen en vrouwen;5 tot 10 jaar;Aruba;Bonaire;2020;3;1;2
5171;Totaal mannen en vrouwen;5 tot 10 jaar;Aruba;Bonaire;2021;1;2;-1
5172;Totaal mannen en vrouwen;5 tot 10 jaar;Aruba;Bonaire;2022;2;1;1
5173;Totaal mannen en vrouwen;5 tot 10 jaar;Aruba;Bonaire;2023;2;3;-1
5174;Totaal mannen en vrouwen;5 tot 10 jaar;Aruba;Sint Eustatius;2011;0;0;0
5175;Totaal mannen en vrouwen;5 tot 10 jaar;Aruba;Sint Eustatius;2012;0;0;0
5176;Totaal mannen en vrouwen;5 tot 10 jaar;Aruba;Sint Eustatius;2013;0;0;0
5177;Totaal mannen en vrouwen;5 tot 10 jaar;Aruba;Sint Eustatius;2014;0;0;0
5178;Totaal mannen en vrouwen;5 tot 10 jaar;Aruba;Sint Eustatius;2015;2;0;2
5179;Totaal mannen en vrouwen;5 tot 10 jaar;Aruba;Sint Eustatius;2016;0;0;0
5180;Totaal mannen en vrouwen;5 tot 10 jaar;Aruba;Sint Eustatius;2017;0;0;0
5181;Totaal mannen en vrouwen;5 tot 10 jaar;Aruba;Sint Eustatius;2018;0;1;-1
5182;Totaal mannen en vrouwen;5 tot 10 jaar;Aruba;Sint Eustatius;2019;1;0;1
5183;Totaal mannen en vrouwen;5 tot 10 jaar;Aruba;Sint Eustatius;2020;0;0;0
5184;Totaal mannen en vrouwen;5 tot 10 jaar;Aruba;Sint Eustatius;2021;0;0;0
5185;Totaal mannen en vrouwen;5 tot 10 jaar;Aruba;Sint Eustatius;2022;0;0;0
5186;Totaal mannen en vrouwen;5 tot 10 jaar;Aruba;Sint Eustatius;2023;0;0;0
5187;Totaal mannen en vrouwen;5 tot 10 jaar;Aruba;Saba;2011;0;0;0
5188;Totaal mannen en vrouwen;5 tot 10 jaar;Aruba;Saba;2012;0;0;0
5189;Totaal mannen en vrouwen;5 tot 10 jaar;Aruba;Saba;2013;0;0;0
5190;Totaal mannen en vrouwen;5 tot 10 jaar;Aruba;Saba;2014;0;0;0
5191;Totaal mannen en vrouwen;5 tot 10 jaar;Aruba;Saba;2015;0;0;0
5192;Totaal mannen en vrouwen;5 tot 10 jaar;Aruba;Saba;2016;0;0;0
5193;Totaal mannen en vrouwen;5 tot 10 jaar;Aruba;Saba;2017;0;0;0
5194;Totaal mannen en vrouwen;5 tot 10 jaar;Aruba;Saba;2018;0;0;0
5195;Totaal mannen en vrouwen;5 tot 10 jaar;Aruba;Saba;2019;0;0;0
5196;Totaal mannen en vrouwen;5 tot 10 jaar;Aruba;Saba;2020;0;0;0
5197;Totaal mannen en vrouwen;5 tot 10 jaar;Aruba;Saba;2021;0;0;0
5198;Totaal mannen en vrouwen;5 tot 10 jaar;Aruba;Saba;2022;0;0;0
5199;Totaal mannen en vrouwen;5 tot 10 jaar;Aruba;Saba;2023;1;0;1
5200;Totaal mannen en vrouwen;5 tot 10 jaar;Bonaire;Caribisch Nederland;2011;8;4;4
5201;Totaal mannen en vrouwen;5 tot 10 jaar;Bonaire;Caribisch Nederland;2012;6;9;-3
5202;Totaal mannen en vrouwen;5 tot 10 jaar;Bonaire;Caribisch Nederland;2013;5;13;-8
5203;Totaal mannen en vrouwen;5 tot 10 jaar;Bonaire;Caribisch Nederland;2014;18;14;4
5204;Totaal mannen en vrouwen;5 tot 10 jaar;Bonaire;Caribisch Nederland;2015;4;14;-10
5205;Totaal mannen en vrouwen;5 tot 10 jaar;Bonaire;Caribisch Nederland;2016;5;17;-12
5206;Totaal mannen en vrouwen;5 tot 10 jaar;Bonaire;Caribisch Nederland;2017;8;22;-14
5207;Totaal mannen en vrouwen;5 tot 10 jaar;Bonaire;Caribisch Nederland;2018;8;18;-10
5208;Totaal mannen en vrouwen;5 tot 10 jaar;Bonaire;Caribisch Nederland;2019;6;13;-7
5209;Totaal mannen en vrouwen;5 tot 10 jaar;Bonaire;Caribisch Nederland;2020;12;11;1
5210;Totaal mannen en vrouwen;5 tot 10 jaar;Bonaire;Caribisch Nederland;2021;6;14;-8
5211;Totaal mannen en vrouwen;5 tot 10 jaar;Bonaire;Caribisch Nederland;2022;9;18;-9
5212;Totaal mannen en vrouwen;5 tot 10 jaar;Bonaire;Caribisch Nederland;2023;8;24;-16
5213;Totaal mannen en vrouwen;5 tot 10 jaar;Bonaire;Bonaire;2011;8;4;4
5214;Totaal mannen en vrouwen;5 tot 10 jaar;Bonaire;Bonaire;2012;6;9;-3
5215;Totaal mannen en vrouwen;5 tot 10 jaar;Bonaire;Bonaire;2013;5;13;-8
5216;Totaal mannen en vrouwen;5 tot 10 jaar;Bonaire;Bonaire;2014;18;14;4
5217;Totaal mannen en vrouwen;5 tot 10 jaar;Bonaire;Bonaire;2015;4;14;-10
5218;Totaal mannen en vrouwen;5 tot 10 jaar;Bonaire;Bonaire;2016;5;17;-12
5219;Totaal mannen en vrouwen;5 tot 10 jaar;Bonaire;Bonaire;2017;8;22;-14
5220;Totaal mannen en vrouwen;5 tot 10 jaar;Bonaire;Bonaire;2018;8;18;-10
5221;Totaal mannen en vrouwen;5 tot 10 jaar;Bonaire;Bonaire;2019;6;13;-7
5222;Totaal mannen en vrouwen;5 tot 10 jaar;Bonaire;Bonaire;2020;12;11;1
5223;Totaal mannen en vrouwen;5 tot 10 jaar;Bonaire;Bonaire;2021;6;14;-8
5224;Totaal mannen en vrouwen;5 tot 10 jaar;Bonaire;Bonaire;2022;9;18;-9
5225;Totaal mannen en vrouwen;5 tot 10 jaar;Bonaire;Bonaire;2023;8;24;-16
5226;Totaal mannen en vrouwen;5 tot 10 jaar;Bonaire;Sint Eustatius;2011;0;0;0
5227;Totaal mannen en vrouwen;5 tot 10 jaar;Bonaire;Sint Eustatius;2012;0;0;0
5228;Totaal mannen en vrouwen;5 tot 10 jaar;Bonaire;Sint Eustatius;2013;0;0;0
5229;Totaal mannen en vrouwen;5 tot 10 jaar;Bonaire;Sint Eustatius;2014;0;0;0
5230;Totaal mannen en vrouwen;5 tot 10 jaar;Bonaire;Sint Eustatius;2015;0;0;0
5231;Totaal mannen en vrouwen;5 tot 10 jaar;Bonaire;Sint Eustatius;2016;0;0;0
5232;Totaal mannen en vrouwen;5 tot 10 jaar;Bonaire;Sint Eustatius;2017;0;0;0
5233;Totaal mannen en vrouwen;5 tot 10 jaar;Bonaire;Sint Eustatius;2018;0;0;0
5234;Totaal mannen en vrouwen;5 tot 10 jaar;Bonaire;Sint Eustatius;2019;0;0;0
5235;Totaal mannen en vrouwen;5 tot 10 jaar;Bonaire;Sint Eustatius;2020;0;0;0
5236;Totaal mannen en vrouwen;5 tot 10 jaar;Bonaire;Sint Eustatius;2021;0;0;0
5237;Totaal mannen en vrouwen;5 tot 10 jaar;Bonaire;Sint Eustatius;2022;0;0;0
5238;Totaal mannen en vrouwen;5 tot 10 jaar;Bonaire;Sint Eustatius;2023;0;0;0
5239;Totaal mannen en vrouwen;5 tot 10 jaar;Bonaire;Saba;2011;0;0;0
5240;Totaal mannen en vrouwen;5 tot 10 jaar;Bonaire;Saba;2012;0;0;0
5241;Totaal mannen en vrouwen;5 tot 10 jaar;Bonaire;Saba;2013;0;0;0
5242;Totaal mannen en vrouwen;5 tot 10 jaar;Bonaire;Saba;2014;0;0;0
5243;Totaal mannen en vrouwen;5 tot 10 jaar;Bonaire;Saba;2015;0;0;0
5244;Totaal mannen en vrouwen;5 tot 10 jaar;Bonaire;Saba;2016;0;0;0
5245;Totaal mannen en vrouwen;5 tot 10 jaar;Bonaire;Saba;2017;0;0;0
5246;Totaal mannen en vrouwen;5 tot 10 jaar;Bonaire;Saba;2018;0;0;0
5247;Totaal mannen en vrouwen;5 tot 10 jaar;Bonaire;Saba;2019;0;0;0
5248;Totaal mannen en vrouwen;5 tot 10 jaar;Bonaire;Saba;2020;0;0;0
5249;Totaal mannen en vrouwen;5 tot 10 jaar;Bonaire;Saba;2021;0;0;0
5250;Totaal mannen en vrouwen;5 tot 10 jaar;Bonaire;Saba;2022;0;0;0
5251;Totaal mannen en vrouwen;5 tot 10 jaar;Bonaire;Saba;2023;0;0;0
5252;Totaal mannen en vrouwen;5 tot 10 jaar;Canada;Caribisch Nederland;2011;3;1;2
5253;Totaal mannen en vrouwen;5 tot 10 jaar;Canada;Caribisch Nederland;2012;2;0;2
5254;Totaal mannen en vrouwen;5 tot 10 jaar;Canada;Caribisch Nederland;2013;3;5;-2
5255;Totaal mannen en vrouwen;5 tot 10 jaar;Canada;Caribisch Nederland;2014;1;0;1
5256;Totaal mannen en vrouwen;5 tot 10 jaar;Canada;Caribisch Nederland;2015;0;1;-1
5257;Totaal mannen en vrouwen;5 tot 10 jaar;Canada;Caribisch Nederland;2016;1;0;1
5258;Totaal mannen en vrouwen;5 tot 10 jaar;Canada;Caribisch Nederland;2017;0;0;0
5259;Totaal mannen en vrouwen;5 tot 10 jaar;Canada;Caribisch Nederland;2018;0;3;-3
5260;Totaal mannen en vrouwen;5 tot 10 jaar;Canada;Caribisch Nederland;2019;3;0;3
5261;Totaal mannen en vrouwen;5 tot 10 jaar;Canada;Caribisch Nederland;2020;0;0;0
5262;Totaal mannen en vrouwen;5 tot 10 jaar;Canada;Caribisch Nederland;2021;0;4;-4
5263;Totaal mannen en vrouwen;5 tot 10 jaar;Canada;Caribisch Nederland;2022;0;0;0
5264;Totaal mannen en vrouwen;5 tot 10 jaar;Canada;Caribisch Nederland;2023;0;1;-1
5265;Totaal mannen en vrouwen;5 tot 10 jaar;Canada;Bonaire;2011;0;0;0
5266;Totaal mannen en vrouwen;5 tot 10 jaar;Canada;Bonaire;2012;0;0;0
5267;Totaal mannen en vrouwen;5 tot 10 jaar;Canada;Bonaire;2013;0;0;0
5268;Totaal mannen en vrouwen;5 tot 10 jaar;Canada;Bonaire;2014;0;0;0
5269;Totaal mannen en vrouwen;5 tot 10 jaar;Canada;Bonaire;2015;0;0;0
5270;Totaal mannen en vrouwen;5 tot 10 jaar;Canada;Bonaire;2016;0;0;0
5271;Totaal mannen en vrouwen;5 tot 10 jaar;Canada;Bonaire;2017;0;0;0
5272;Totaal mannen en vrouwen;5 tot 10 jaar;Canada;Bonaire;2018;0;0;0
5273;Totaal mannen en vrouwen;5 tot 10 jaar;Canada;Bonaire;2019;0;0;0
5274;Totaal mannen en vrouwen;5 tot 10 jaar;Canada;Bonaire;2020;0;0;0
5275;Totaal mannen en vrouwen;5 tot 10 jaar;Canada;Bonaire;2021;0;0;0
5276;Totaal mannen en vrouwen;5 tot 10 jaar;Canada;Bonaire;2022;0;0;0
5277;Totaal mannen en vrouwen;5 tot 10 jaar;Canada;Bonaire;2023;0;0;0
5278;Totaal mannen en vrouwen;5 tot 10 jaar;Canada;Sint Eustatius;2011;3;1;2
5279;Totaal mannen en vrouwen;5 tot 10 jaar;Canada;Sint Eustatius;2012;1;0;1
5280;Totaal mannen en vrouwen;5 tot 10 jaar;Canada;Sint Eustatius;2013;3;5;-2
5281;Totaal mannen en vrouwen;5 tot 10 jaar;Canada;Sint Eustatius;2014;0;0;0
5282;Totaal mannen en vrouwen;5 tot 10 jaar;Canada;Sint Eustatius;2015;0;1;-1
5283;Totaal mannen en vrouwen;5 tot 10 jaar;Canada;Sint Eustatius;2016;0;0;0
5284;Totaal mannen en vrouwen;5 tot 10 jaar;Canada;Sint Eustatius;2017;0;0;0
5285;Totaal mannen en vrouwen;5 tot 10 jaar;Canada;Sint Eustatius;2018;0;0;0
5286;Totaal mannen en vrouwen;5 tot 10 jaar;Canada;Sint Eustatius;2019;0;0;0
5287;Totaal mannen en vrouwen;5 tot 10 jaar;Canada;Sint Eustatius;2020;0;0;0
5288;Totaal mannen en vrouwen;5 tot 10 jaar;Canada;Sint Eustatius;2021;0;0;0
5289;Totaal mannen en vrouwen;5 tot 10 jaar;Canada;Sint Eustatius;2022;0;0;0
5290;Totaal mannen en vrouwen;5 tot 10 jaar;Canada;Sint Eustatius;2023;0;0;0
5291;Totaal mannen en vrouwen;5 tot 10 jaar;Canada;Saba;2011;0;0;0
5292;Totaal mannen en vrouwen;5 tot 10 jaar;Canada;Saba;2012;1;0;1
5293;Totaal mannen en vrouwen;5 tot 10 jaar;Canada;Saba;2013;0;0;0
5294;Totaal mannen en vrouwen;5 tot 10 jaar;Canada;Saba;2014;1;0;1
5295;Totaal mannen en vrouwen;5 tot 10 jaar;Canada;Saba;2015;0;0;0
5296;Totaal mannen en vrouwen;5 tot 10 jaar;Canada;Saba;2016;1;0;1
5297;Totaal mannen en vrouwen;5 tot 10 jaar;Canada;Saba;2017;0;0;0
5298;Totaal mannen en vrouwen;5 tot 10 jaar;Canada;Saba;2018;0;3;-3
5299;Totaal mannen en vrouwen;5 tot 10 jaar;Canada;Saba;2019;3;0;3
5300;Totaal mannen en vrouwen;5 tot 10 jaar;Canada;Saba;2020;0;0;0
5301;Totaal mannen en vrouwen;5 tot 10 jaar;Canada;Saba;2021;0;4;-4
5302;Totaal mannen en vrouwen;5 tot 10 jaar;Canada;Saba;2022;0;0;0
5303;Totaal mannen en vrouwen;5 tot 10 jaar;Canada;Saba;2023;0;1;-1
5304;Totaal mannen en vrouwen;5 tot 10 jaar;China;Caribisch Nederland;2011;1;0;1
5305;Totaal mannen en vrouwen;5 tot 10 jaar;China;Caribisch Nederland;2012;1;0;1
5306;Totaal mannen en vrouwen;5 tot 10 jaar;China;Caribisch Nederland;2013;1;0;1
5307;Totaal mannen en vrouwen;5 tot 10 jaar;China;Caribisch Nederland;2014;0;0;0
5308;Totaal mannen en vrouwen;5 tot 10 jaar;China;Caribisch Nederland;2015;0;0;0
5309;Totaal mannen en vrouwen;5 tot 10 jaar;China;Caribisch Nederland;2016;0;0;0
5310;Totaal mannen en vrouwen;5 tot 10 jaar;China;Caribisch Nederland;2017;1;0;1
5311;Totaal mannen en vrouwen;5 tot 10 jaar;China;Caribisch Nederland;2018;0;0;0
5312;Totaal mannen en vrouwen;5 tot 10 jaar;China;Caribisch Nederland;2019;0;0;0
5313;Totaal mannen en vrouwen;5 tot 10 jaar;China;Caribisch Nederland;2020;0;0;0
5314;Totaal mannen en vrouwen;5 tot 10 jaar;China;Caribisch Nederland;2021;0;0;0
5315;Totaal mannen en vrouwen;5 tot 10 jaar;China;Caribisch Nederland;2022;0;0;0
5316;Totaal mannen en vrouwen;5 tot 10 jaar;China;Caribisch Nederland;2023;0;1;-1
5317;Totaal mannen en vrouwen;5 tot 10 jaar;China;Bonaire;2011;1;0;1
5318;Totaal mannen en vrouwen;5 tot 10 jaar;China;Bonaire;2012;1;0;1
5319;Totaal mannen en vrouwen;5 tot 10 jaar;China;Bonaire;2013;1;0;1
5320;Totaal mannen en vrouwen;5 tot 10 jaar;China;Bonaire;2014;0;0;0
5321;Totaal mannen en vrouwen;5 tot 10 jaar;China;Bonaire;2015;0;0;0
5322;Totaal mannen en vrouwen;5 tot 10 jaar;China;Bonaire;2016;0;0;0
5323;Totaal mannen en vrouwen;5 tot 10 jaar;China;Bonaire;2017;1;0;1
5324;Totaal mannen en vrouwen;5 tot 10 jaar;China;Bonaire;2018;0;0;0
5325;Totaal mannen en vrouwen;5 tot 10 jaar;China;Bonaire;2019;0;0;0
5326;Totaal mannen en vrouwen;5 tot 10 jaar;China;Bonaire;2020;0;0;0
5327;Totaal mannen en vrouwen;5 tot 10 jaar;China;Bonaire;2021;0;0;0
5328;Totaal mannen en vrouwen;5 tot 10 jaar;China;Bonaire;2022;0;0;0
5329;Totaal mannen en vrouwen;5 tot 10 jaar;China;Bonaire;2023;0;0;0
5330;Totaal mannen en vrouwen;5 tot 10 jaar;China;Sint Eustatius;2011;0;0;0
5331;Totaal mannen en vrouwen;5 tot 10 jaar;China;Sint Eustatius;2012;0;0;0
5332;Totaal mannen en vrouwen;5 tot 10 jaar;China;Sint Eustatius;2013;0;0;0
5333;Totaal mannen en vrouwen;5 tot 10 jaar;China;Sint Eustatius;2014;0;0;0
5334;Totaal mannen en vrouwen;5 tot 10 jaar;China;Sint Eustatius;2015;0;0;0
5335;Totaal mannen en vrouwen;5 tot 10 jaar;China;Sint Eustatius;2016;0;0;0
5336;Totaal mannen en vrouwen;5 tot 10 jaar;China;Sint Eustatius;2017;0;0;0
5337;Totaal mannen en vrouwen;5 tot 10 jaar;China;Sint Eustatius;2018;0;0;0
5338;Totaal mannen en vrouwen;5 tot 10 jaar;China;Sint Eustatius;2019;0;0;0
5339;Totaal mannen en vrouwen;5 tot 10 jaar;China;Sint Eustatius;2020;0;0;0
5340;Totaal mannen en vrouwen;5 tot 10 jaar;China;Sint Eustatius;2021;0;0;0
5341;Totaal mannen en vrouwen;5 tot 10 jaar;China;Sint Eustatius;2022;0;0;0
5342;Totaal mannen en vrouwen;5 tot 10 jaar;China;Sint Eustatius;2023;0;1;-1
5343;Totaal mannen en vrouwen;5 tot 10 jaar;China;Saba;2011;0;0;0
5344;Totaal mannen en vrouwen;5 tot 10 jaar;China;Saba;2012;0;0;0
5345;Totaal mannen en vrouwen;5 tot 10 jaar;China;Saba;2013;0;0;0
5346;Totaal mannen en vrouwen;5 tot 10 jaar;China;Saba;2014;0;0;0
5347;Totaal mannen en vrouwen;5 tot 10 jaar;China;Saba;2015;0;0;0
5348;Totaal mannen en vrouwen;5 tot 10 jaar;China;Saba;2016;0;0;0
5349;Totaal mannen en vrouwen;5 tot 10 jaar;China;Saba;2017;0;0;0
5350;Totaal mannen en vrouwen;5 tot 10 jaar;China;Saba;2018;0;0;0
5351;Totaal mannen en vrouwen;5 tot 10 jaar;China;Saba;2019;0;0;0
5352;Totaal mannen en vrouwen;5 tot 10 jaar;China;Saba;2020;0;0;0
5353;Totaal mannen en vrouwen;5 tot 10 jaar;China;Saba;2021;0;0;0
5354;Totaal mannen en vrouwen;5 tot 10 jaar;China;Saba;2022;0;0;0
5355;Totaal mannen en vrouwen;5 tot 10 jaar;China;Saba;2023;0;0;0
5356;Totaal mannen en vrouwen;5 tot 10 jaar;Colombia;Caribisch Nederland;2011;0;0;0
5357;Totaal mannen en vrouwen;5 tot 10 jaar;Colombia;Caribisch Nederland;2012;9;0;9
5358;Totaal mannen en vrouwen;5 tot 10 jaar;Colombia;Caribisch Nederland;2013;4;0;4
5359;Totaal mannen en vrouwen;5 tot 10 jaar;Colombia;Caribisch Nederland;2014;2;2;0
5360;Totaal mannen en vrouwen;5 tot 10 jaar;Colombia;Caribisch Nederland;2015;3;0;3
5361;Totaal mannen en vrouwen;5 tot 10 jaar;Colombia;Caribisch Nederland;2016;2;0;2
5362;Totaal mannen en vrouwen;5 tot 10 jaar;Colombia;Caribisch Nederland;2017;4;3;1
5363;Totaal mannen en vrouwen;5 tot 10 jaar;Colombia;Caribisch Nederland;2018;4;1;3
5364;Totaal mannen en vrouwen;5 tot 10 jaar;Colombia;Caribisch Nederland;2019;1;2;-1
5365;Totaal mannen en vrouwen;5 tot 10 jaar;Colombia;Caribisch Nederland;2020;5;0;5
5366;Totaal mannen en vrouwen;5 tot 10 jaar;Colombia;Caribisch Nederland;2021;4;0;4
5367;Totaal mannen en vrouwen;5 tot 10 jaar;Colombia;Caribisch Nederland;2022;1;4;-3
5368;Totaal mannen en vrouwen;5 tot 10 jaar;Colombia;Caribisch Nederland;2023;8;0;8
5369;Totaal mannen en vrouwen;5 tot 10 jaar;Colombia;Bonaire;2011;0;0;0
5370;Totaal mannen en vrouwen;5 tot 10 jaar;Colombia;Bonaire;2012;9;0;9
5371;Totaal mannen en vrouwen;5 tot 10 jaar;Colombia;Bonaire;2013;4;0;4
5372;Totaal mannen en vrouwen;5 tot 10 jaar;Colombia;Bonaire;2014;2;2;0
5373;Totaal mannen en vrouwen;5 tot 10 jaar;Colombia;Bonaire;2015;3;0;3
5374;Totaal mannen en vrouwen;5 tot 10 jaar;Colombia;Bonaire;2016;1;0;1
5375;Totaal mannen en vrouwen;5 tot 10 jaar;Colombia;Bonaire;2017;4;3;1
5376;Totaal mannen en vrouwen;5 tot 10 jaar;Colombia;Bonaire;2018;3;0;3
5377;Totaal mannen en vrouwen;5 tot 10 jaar;Colombia;Bonaire;2019;1;0;1
5378;Totaal mannen en vrouwen;5 tot 10 jaar;Colombia;Bonaire;2020;4;0;4
5379;Totaal mannen en vrouwen;5 tot 10 jaar;Colombia;Bonaire;2021;3;0;3
5380;Totaal mannen en vrouwen;5 tot 10 jaar;Colombia;Bonaire;2022;1;3;-2
5381;Totaal mannen en vrouwen;5 tot 10 jaar;Colombia;Bonaire;2023;8;0;8
5382;Totaal mannen en vrouwen;5 tot 10 jaar;Colombia;Sint Eustatius;2011;0;0;0
5383;Totaal mannen en vrouwen;5 tot 10 jaar;Colombia;Sint Eustatius;2012;0;0;0
5384;Totaal mannen en vrouwen;5 tot 10 jaar;Colombia;Sint Eustatius;2013;0;0;0
5385;Totaal mannen en vrouwen;5 tot 10 jaar;Colombia;Sint Eustatius;2014;0;0;0
5386;Totaal mannen en vrouwen;5 tot 10 jaar;Colombia;Sint Eustatius;2015;0;0;0
5387;Totaal mannen en vrouwen;5 tot 10 jaar;Colombia;Sint Eustatius;2016;0;0;0
5388;Totaal mannen en vrouwen;5 tot 10 jaar;Colombia;Sint Eustatius;2017;0;0;0
5389;Totaal mannen en vrouwen;5 tot 10 jaar;Colombia;Sint Eustatius;2018;0;0;0
5390;Totaal mannen en vrouwen;5 tot 10 jaar;Colombia;Sint Eustatius;2019;0;0;0
5391;Totaal mannen en vrouwen;5 tot 10 jaar;Colombia;Sint Eustatius;2020;0;0;0
5392;Totaal mannen en vrouwen;5 tot 10 jaar;Colombia;Sint Eustatius;2021;0;0;0
5393;Totaal mannen en vrouwen;5 tot 10 jaar;Colombia;Sint Eustatius;2022;0;1;-1
5394;Totaal mannen en vrouwen;5 tot 10 jaar;Colombia;Sint Eustatius;2023;0;0;0
5395;Totaal mannen en vrouwen;5 tot 10 jaar;Colombia;Saba;2011;0;0;0
5396;Totaal mannen en vrouwen;5 tot 10 jaar;Colombia;Saba;2012;0;0;0
5397;Totaal mannen en vrouwen;5 tot 10 jaar;Colombia;Saba;2013;0;0;0
5398;Totaal mannen en vrouwen;5 tot 10 jaar;Colombia;Saba;2014;0;0;0
5399;Totaal mannen en vrouwen;5 tot 10 jaar;Colombia;Saba;2015;0;0;0
5400;Totaal mannen en vrouwen;5 tot 10 jaar;Colombia;Saba;2016;1;0;1
5401;Totaal mannen en vrouwen;5 tot 10 jaar;Colombia;Saba;2017;0;0;0
5402;Totaal mannen en vrouwen;5 tot 10 jaar;Colombia;Saba;2018;1;1;0
5403;Totaal mannen en vrouwen;5 tot 10 jaar;Colombia;Saba;2019;0;2;-2
5404;Totaal mannen en vrouwen;5 tot 10 jaar;Colombia;Saba;2020;1;0;1
5405;Totaal mannen en vrouwen;5 tot 10 jaar;Colombia;Saba;2021;1;0;1
5406;Totaal mannen en vrouwen;5 tot 10 jaar;Colombia;Saba;2022;0;0;0
5407;Totaal mannen en vrouwen;5 tot 10 jaar;Colombia;Saba;2023;0;0;0
5408;Totaal mannen en vrouwen;5 tot 10 jaar;Curaçao;Caribisch Nederland;2011;10;11;-1
5409;Totaal mannen en vrouwen;5 tot 10 jaar;Curaçao;Caribisch Nederland;2012;18;10;8
5410;Totaal mannen en vrouwen;5 tot 10 jaar;Curaçao;Caribisch Nederland;2013;18;7;11
5411;Totaal mannen en vrouwen;5 tot 10 jaar;Curaçao;Caribisch Nederland;2014;11;11;0
5412;Totaal mannen en vrouwen;5 tot 10 jaar;Curaçao;Caribisch Nederland;2015;12;9;3
5413;Totaal mannen en vrouwen;5 tot 10 jaar;Curaçao;Caribisch Nederland;2016;17;13;4
5414;Totaal mannen en vrouwen;5 tot 10 jaar;Curaçao;Caribisch Nederland;2017;14;17;-3
5415;Totaal mannen en vrouwen;5 tot 10 jaar;Curaçao;Caribisch Nederland;2018;15;5;10
5416;Totaal mannen en vrouwen;5 tot 10 jaar;Curaçao;Caribisch Nederland;2019;13;5;8
5417;Totaal mannen en vrouwen;5 tot 10 jaar;Curaçao;Caribisch Nederland;2020;22;8;14
5418;Totaal mannen en vrouwen;5 tot 10 jaar;Curaçao;Caribisch Nederland;2021;20;7;13
5419;Totaal mannen en vrouwen;5 tot 10 jaar;Curaçao;Caribisch Nederland;2022;17;9;8
5420;Totaal mannen en vrouwen;5 tot 10 jaar;Curaçao;Caribisch Nederland;2023;16;0;16
5421;Totaal mannen en vrouwen;5 tot 10 jaar;Curaçao;Bonaire;2011;8;11;-3
5422;Totaal mannen en vrouwen;5 tot 10 jaar;Curaçao;Bonaire;2012;17;9;8
5423;Totaal mannen en vrouwen;5 tot 10 jaar;Curaçao;Bonaire;2013;16;6;10
5424;Totaal mannen en vrouwen;5 tot 10 jaar;Curaçao;Bonaire;2014;11;11;0
5425;Totaal mannen en vrouwen;5 tot 10 jaar;Curaçao;Bonaire;2015;11;8;3
5426;Totaal mannen en vrouwen;5 tot 10 jaar;Curaçao;Bonaire;2016;16;13;3
5427;Totaal mannen en vrouwen;5 tot 10 jaar;Curaçao;Bonaire;2017;12;17;-5
5428;Totaal mannen en vrouwen;5 tot 10 jaar;Curaçao;Bonaire;2018;14;5;9
5429;Totaal mannen en vrouwen;5 tot 10 jaar;Curaçao;Bonaire;2019;13;5;8
5430;Totaal mannen en vrouwen;5 tot 10 jaar;Curaçao;Bonaire;2020;22;6;16
5431;Totaal mannen en vrouwen;5 tot 10 jaar;Curaçao;Bonaire;2021;19;7;12
5432;Totaal mannen en vrouwen;5 tot 10 jaar;Curaçao;Bonaire;2022;16;9;7
5433;Totaal mannen en vrouwen;5 tot 10 jaar;Curaçao;Bonaire;2023;16;0;16
5434;Totaal mannen en vrouwen;5 tot 10 jaar;Curaçao;Sint Eustatius;2011;2;0;2
5435;Totaal mannen en vrouwen;5 tot 10 jaar;Curaçao;Sint Eustatius;2012;1;1;0
5436;Totaal mannen en vrouwen;5 tot 10 jaar;Curaçao;Sint Eustatius;2013;2;1;1
5437;Totaal mannen en vrouwen;5 tot 10 jaar;Curaçao;Sint Eustatius;2014;0;0;0
5438;Totaal mannen en vrouwen;5 tot 10 jaar;Curaçao;Sint Eustatius;2015;1;1;0
5439;Totaal mannen en vrouwen;5 tot 10 jaar;Curaçao;Sint Eustatius;2016;0;0;0
5440;Totaal mannen en vrouwen;5 tot 10 jaar;Curaçao;Sint Eustatius;2017;2;0;2
5441;Totaal mannen en vrouwen;5 tot 10 jaar;Curaçao;Sint Eustatius;2018;1;0;1
5442;Totaal mannen en vrouwen;5 tot 10 jaar;Curaçao;Sint Eustatius;2019;0;0;0
5443;Totaal mannen en vrouwen;5 tot 10 jaar;Curaçao;Sint Eustatius;2020;0;2;-2
5444;Totaal mannen en vrouwen;5 tot 10 jaar;Curaçao;Sint Eustatius;2021;1;0;1
5445;Totaal mannen en vrouwen;5 tot 10 jaar;Curaçao;Sint Eustatius;2022;1;0;1
5446;Totaal mannen en vrouwen;5 tot 10 jaar;Curaçao;Sint Eustatius;2023;0;0;0
5447;Totaal mannen en vrouwen;5 tot 10 jaar;Curaçao;Saba;2011;0;0;0
5448;Totaal mannen en vrouwen;5 tot 10 jaar;Curaçao;Saba;2012;0;0;0
5449;Totaal mannen en vrouwen;5 tot 10 jaar;Curaçao;Saba;2013;0;0;0
5450;Totaal mannen en vrouwen;5 tot 10 jaar;Curaçao;Saba;2014;0;0;0
5451;Totaal mannen en vrouwen;5 tot 10 jaar;Curaçao;Saba;2015;0;0;0
5452;Totaal mannen en vrouwen;5 tot 10 jaar;Curaçao;Saba;2016;1;0;1
5453;Totaal mannen en vrouwen;5 tot 10 jaar;Curaçao;Saba;2017;0;0;0
5454;Totaal mannen en vrouwen;5 tot 10 jaar;Curaçao;Saba;2018;0;0;0
5455;Totaal mannen en vrouwen;5 tot 10 jaar;Curaçao;Saba;2019;0;0;0
5456;Totaal mannen en vrouwen;5 tot 10 jaar;Curaçao;Saba;2020;0;0;0
5457;Totaal mannen en vrouwen;5 tot 10 jaar;Curaçao;Saba;2021;0;0;0
5458;Totaal mannen en vrouwen;5 tot 10 jaar;Curaçao;Saba;2022;0;0;0
5459;Totaal mannen en vrouwen;5 tot 10 jaar;Curaçao;Saba;2023;0;0;0
5460;Totaal mannen en vrouwen;5 tot 10 jaar;Dominicaanse Republiek;Caribisch Nederland;2011;1;1;0
5461;Totaal mannen en vrouwen;5 tot 10 jaar;Dominicaanse Republiek;Caribisch Nederland;2012;1;0;1
5462;Totaal mannen en vrouwen;5 tot 10 jaar;Dominicaanse Republiek;Caribisch Nederland;2013;8;0;8
5463;Totaal mannen en vrouwen;5 tot 10 jaar;Dominicaanse Republiek;Caribisch Nederland;2014;2;1;1
5464;Totaal mannen en vrouwen;5 tot 10 jaar;Dominicaanse Republiek;Caribisch Nederland;2015;11;1;10
5465;Totaal mannen en vrouwen;5 tot 10 jaar;Dominicaanse Republiek;Caribisch Nederland;2016;8;0;8
5466;Totaal mannen en vrouwen;5 tot 10 jaar;Dominicaanse Republiek;Caribisch Nederland;2017;12;2;10
5467;Totaal mannen en vrouwen;5 tot 10 jaar;Dominicaanse Republiek;Caribisch Nederland;2018;11;3;8
5468;Totaal mannen en vrouwen;5 tot 10 jaar;Dominicaanse Republiek;Caribisch Nederland;2019;11;1;10
5469;Totaal mannen en vrouwen;5 tot 10 jaar;Dominicaanse Republiek;Caribisch Nederland;2020;2;0;2
5470;Totaal mannen en vrouwen;5 tot 10 jaar;Dominicaanse Republiek;Caribisch Nederland;2021;6;1;5
5471;Totaal mannen en vrouwen;5 tot 10 jaar;Dominicaanse Republiek;Caribisch Nederland;2022;4;0;4
5472;Totaal mannen en vrouwen;5 tot 10 jaar;Dominicaanse Republiek;Caribisch Nederland;2023;11;3;8
5473;Totaal mannen en vrouwen;5 tot 10 jaar;Dominicaanse Republiek;Bonaire;2011;1;0;1
5474;Totaal mannen en vrouwen;5 tot 10 jaar;Dominicaanse Republiek;Bonaire;2012;1;0;1
5475;Totaal mannen en vrouwen;5 tot 10 jaar;Dominicaanse Republiek;Bonaire;2013;6;0;6
5476;Totaal mannen en vrouwen;5 tot 10 jaar;Dominicaanse Republiek;Bonaire;2014;1;1;0
5477;Totaal mannen en vrouwen;5 tot 10 jaar;Dominicaanse Republiek;Bonaire;2015;7;1;6
5478;Totaal mannen en vrouwen;5 tot 10 jaar;Dominicaanse Republiek;Bonaire;2016;6;0;6
5479;Totaal mannen en vrouwen;5 tot 10 jaar;Dominicaanse Republiek;Bonaire;2017;7;0;7
5480;Totaal mannen en vrouwen;5 tot 10 jaar;Dominicaanse Republiek;Bonaire;2018;10;2;8
5481;Totaal mannen en vrouwen;5 tot 10 jaar;Dominicaanse Republiek;Bonaire;2019;7;1;6
5482;Totaal mannen en vrouwen;5 tot 10 jaar;Dominicaanse Republiek;Bonaire;2020;1;0;1
5483;Totaal mannen en vrouwen;5 tot 10 jaar;Dominicaanse Republiek;Bonaire;2021;4;1;3
5484;Totaal mannen en vrouwen;5 tot 10 jaar;Dominicaanse Republiek;Bonaire;2022;4;0;4
5485;Totaal mannen en vrouwen;5 tot 10 jaar;Dominicaanse Republiek;Bonaire;2023;11;0;11
5486;Totaal mannen en vrouwen;5 tot 10 jaar;Dominicaanse Republiek;Sint Eustatius;2011;0;1;-1
5487;Totaal mannen en vrouwen;5 tot 10 jaar;Dominicaanse Republiek;Sint Eustatius;2012;0;0;0
5488;Totaal mannen en vrouwen;5 tot 10 jaar;Dominicaanse Republiek;Sint Eustatius;2013;1;0;1
5489;Totaal mannen en vrouwen;5 tot 10 jaar;Dominicaanse Republiek;Sint Eustatius;2014;1;0;1
5490;Totaal mannen en vrouwen;5 tot 10 jaar;Dominicaanse Republiek;Sint Eustatius;2015;4;0;4
5491;Totaal mannen en vrouwen;5 tot 10 jaar;Dominicaanse Republiek;Sint Eustatius;2016;1;0;1
5492;Totaal mannen en vrouwen;5 tot 10 jaar;Dominicaanse Republiek;Sint Eustatius;2017;5;1;4
5493;Totaal mannen en vrouwen;5 tot 10 jaar;Dominicaanse Republiek;Sint Eustatius;2018;0;1;-1
5494;Totaal mannen en vrouwen;5 tot 10 jaar;Dominicaanse Republiek;Sint Eustatius;2019;3;0;3
5495;Totaal mannen en vrouwen;5 tot 10 jaar;Dominicaanse Republiek;Sint Eustatius;2020;1;0;1
5496;Totaal mannen en vrouwen;5 tot 10 jaar;Dominicaanse Republiek;Sint Eustatius;2021;1;0;1
5497;Totaal mannen en vrouwen;5 tot 10 jaar;Dominicaanse Republiek;Sint Eustatius;2022;0;0;0
5498;Totaal mannen en vrouwen;5 tot 10 jaar;Dominicaanse Republiek;Sint Eustatius;2023;0;1;-1
5499;Totaal mannen en vrouwen;5 tot 10 jaar;Dominicaanse Republiek;Saba;2011;0;0;0
5500;Totaal mannen en vrouwen;5 tot 10 jaar;Dominicaanse Republiek;Saba;2012;0;0;0
5501;Totaal mannen en vrouwen;5 tot 10 jaar;Dominicaanse Republiek;Saba;2013;1;0;1
5502;Totaal mannen en vrouwen;5 tot 10 jaar;Dominicaanse Republiek;Saba;2014;0;0;0
5503;Totaal mannen en vrouwen;5 tot 10 jaar;Dominicaanse Republiek;Saba;2015;0;0;0
5504;Totaal mannen en vrouwen;5 tot 10 jaar;Dominicaanse Republiek;Saba;2016;1;0;1
5505;Totaal mannen en vrouwen;5 tot 10 jaar;Dominicaanse Republiek;Saba;2017;0;1;-1
5506;Totaal mannen en vrouwen;5 tot 10 jaar;Dominicaanse Republiek;Saba;2018;1;0;1
5507;Totaal mannen en vrouwen;5 tot 10 jaar;Dominicaanse Republiek;Saba;2019;1;0;1
5508;Totaal mannen en vrouwen;5 tot 10 jaar;Dominicaanse Republiek;Saba;2020;0;0;0
5509;Totaal mannen en vrouwen;5 tot 10 jaar;Dominicaanse Republiek;Saba;2021;1;0;1
5510;Totaal mannen en vrouwen;5 tot 10 jaar;Dominicaanse Republiek;Saba;2022;0;0;0
5511;Totaal mannen en vrouwen;5 tot 10 jaar;Dominicaanse Republiek;Saba;2023;0;2;-2
5512;Totaal mannen en vrouwen;5 tot 10 jaar;Ecuador;Caribisch Nederland;2011;0;0;0
5513;Totaal mannen en vrouwen;5 tot 10 jaar;Ecuador;Caribisch Nederland;2012;0;0;0
5514;Totaal mannen en vrouwen;5 tot 10 jaar;Ecuador;Caribisch Nederland;2013;0;0;0
5515;Totaal mannen en vrouwen;5 tot 10 jaar;Ecuador;Caribisch Nederland;2014;0;0;0
5516;Totaal mannen en vrouwen;5 tot 10 jaar;Ecuador;Caribisch Nederland;2015;0;0;0
5517;Totaal mannen en vrouwen;5 tot 10 jaar;Ecuador;Caribisch Nederland;2016;1;0;1
5518;Totaal mannen en vrouwen;5 tot 10 jaar;Ecuador;Caribisch Nederland;2017;3;0;3
5519;Totaal mannen en vrouwen;5 tot 10 jaar;Ecuador;Caribisch Nederland;2018;0;0;0
5520;Totaal mannen en vrouwen;5 tot 10 jaar;Ecuador;Caribisch Nederland;2019;2;0;2
5521;Totaal mannen en vrouwen;5 tot 10 jaar;Ecuador;Caribisch Nederland;2020;1;0;1
5522;Totaal mannen en vrouwen;5 tot 10 jaar;Ecuador;Caribisch Nederland;2021;2;0;2
5523;Totaal mannen en vrouwen;5 tot 10 jaar;Ecuador;Caribisch Nederland;2022;0;0;0
5524;Totaal mannen en vrouwen;5 tot 10 jaar;Ecuador;Caribisch Nederland;2023;0;0;0
5525;Totaal mannen en vrouwen;5 tot 10 jaar;Ecuador;Bonaire;2011;0;0;0
5526;Totaal mannen en vrouwen;5 tot 10 jaar;Ecuador;Bonaire;2012;0;0;0
5527;Totaal mannen en vrouwen;5 tot 10 jaar;Ecuador;Bonaire;2013;0;0;0
5528;Totaal mannen en vrouwen;5 tot 10 jaar;Ecuador;Bonaire;2014;0;0;0
5529;Totaal mannen en vrouwen;5 tot 10 jaar;Ecuador;Bonaire;2015;0;0;0
5530;Totaal mannen en vrouwen;5 tot 10 jaar;Ecuador;Bonaire;2016;1;0;1
5531;Totaal mannen en vrouwen;5 tot 10 jaar;Ecuador;Bonaire;2017;3;0;3
5532;Totaal mannen en vrouwen;5 tot 10 jaar;Ecuador;Bonaire;2018;0;0;0
5533;Totaal mannen en vrouwen;5 tot 10 jaar;Ecuador;Bonaire;2019;2;0;2
5534;Totaal mannen en vrouwen;5 tot 10 jaar;Ecuador;Bonaire;2020;1;0;1
5535;Totaal mannen en vrouwen;5 tot 10 jaar;Ecuador;Bonaire;2021;2;0;2
5536;Totaal mannen en vrouwen;5 tot 10 jaar;Ecuador;Bonaire;2022;0;0;0
5537;Totaal mannen en vrouwen;5 tot 10 jaar;Ecuador;Bonaire;2023;0;0;0
5538;Totaal mannen en vrouwen;5 tot 10 jaar;Ecuador;Sint Eustatius;2011;0;0;0
5539;Totaal mannen en vrouwen;5 tot 10 jaar;Ecuador;Sint Eustatius;2012;0;0;0
5540;Totaal mannen en vrouwen;5 tot 10 jaar;Ecuador;Sint Eustatius;2013;0;0;0
5541;Totaal mannen en vrouwen;5 tot 10 jaar;Ecuador;Sint Eustatius;2014;0;0;0
5542;Totaal mannen en vrouwen;5 tot 10 jaar;Ecuador;Sint Eustatius;2015;0;0;0
5543;Totaal mannen en vrouwen;5 tot 10 jaar;Ecuador;Sint Eustatius;2016;0;0;0
5544;Totaal mannen en vrouwen;5 tot 10 jaar;Ecuador;Sint Eustatius;2017;0;0;0
5545;Totaal mannen en vrouwen;5 tot 10 jaar;Ecuador;Sint Eustatius;2018;0;0;0
5546;Totaal mannen en vrouwen;5 tot 10 jaar;Ecuador;Sint Eustatius;2019;0;0;0
5547;Totaal mannen en vrouwen;5 tot 10 jaar;Ecuador;Sint Eustatius;2020;0;0;0
5548;Totaal mannen en vrouwen;5 tot 10 jaar;Ecuador;Sint Eustatius;2021;0;0;0
5549;Totaal mannen en vrouwen;5 tot 10 jaar;Ecuador;Sint Eustatius;2022;0;0;0
5550;Totaal mannen en vrouwen;5 tot 10 jaar;Ecuador;Sint Eustatius;2023;0;0;0
5551;Totaal mannen en vrouwen;5 tot 10 jaar;Ecuador;Saba;2011;0;0;0
5552;Totaal mannen en vrouwen;5 tot 10 jaar;Ecuador;Saba;2012;0;0;0
5553;Totaal mannen en vrouwen;5 tot 10 jaar;Ecuador;Saba;2013;0;0;0
5554;Totaal mannen en vrouwen;5 tot 10 jaar;Ecuador;Saba;2014;0;0;0
5555;Totaal mannen en vrouwen;5 tot 10 jaar;Ecuador;Saba;2015;0;0;0
5556;Totaal mannen en vrouwen;5 tot 10 jaar;Ecuador;Saba;2016;0;0;0
5557;Totaal mannen en vrouwen;5 tot 10 jaar;Ecuador;Saba;2017;0;0;0
5558;Totaal mannen en vrouwen;5 tot 10 jaar;Ecuador;Saba;2018;0;0;0
5559;Totaal mannen en vrouwen;5 tot 10 jaar;Ecuador;Saba;2019;0;0;0
5560;Totaal mannen en vrouwen;5 tot 10 jaar;Ecuador;Saba;2020;0;0;0
5561;Totaal mannen en vrouwen;5 tot 10 jaar;Ecuador;Saba;2021;0;0;0
5562;Totaal mannen en vrouwen;5 tot 10 jaar;Ecuador;Saba;2022;0;0;0
5563;Totaal mannen en vrouwen;5 tot 10 jaar;Ecuador;Saba;2023;0;0;0
5564;Totaal mannen en vrouwen;5 tot 10 jaar;Guyana;Caribisch Nederland;2011;0;1;-1
5565;Totaal mannen en vrouwen;5 tot 10 jaar;Guyana;Caribisch Nederland;2012;0;1;-1
5566;Totaal mannen en vrouwen;5 tot 10 jaar;Guyana;Caribisch Nederland;2013;1;0;1
5567;Totaal mannen en vrouwen;5 tot 10 jaar;Guyana;Caribisch Nederland;2014;0;0;0
5568;Totaal mannen en vrouwen;5 tot 10 jaar;Guyana;Caribisch Nederland;2015;1;0;1
5569;Totaal mannen en vrouwen;5 tot 10 jaar;Guyana;Caribisch Nederland;2016;0;0;0
5570;Totaal mannen en vrouwen;5 tot 10 jaar;Guyana;Caribisch Nederland;2017;0;0;0
5571;Totaal mannen en vrouwen;5 tot 10 jaar;Guyana;Caribisch Nederland;2018;0;0;0
5572;Totaal mannen en vrouwen;5 tot 10 jaar;Guyana;Caribisch Nederland;2019;0;0;0
5573;Totaal mannen en vrouwen;5 tot 10 jaar;Guyana;Caribisch Nederland;2020;0;0;0
5574;Totaal mannen en vrouwen;5 tot 10 jaar;Guyana;Caribisch Nederland;2021;0;0;0
5575;Totaal mannen en vrouwen;5 tot 10 jaar;Guyana;Caribisch Nederland;2022;0;0;0
5576;Totaal mannen en vrouwen;5 tot 10 jaar;Guyana;Caribisch Nederland;2023;1;0;1
5577;Totaal mannen en vrouwen;5 tot 10 jaar;Guyana;Bonaire;2011;0;0;0
5578;Totaal mannen en vrouwen;5 tot 10 jaar;Guyana;Bonaire;2012;0;0;0
5579;Totaal mannen en vrouwen;5 tot 10 jaar;Guyana;Bonaire;2013;0;0;0
5580;Totaal mannen en vrouwen;5 tot 10 jaar;Guyana;Bonaire;2014;0;0;0
5581;Totaal mannen en vrouwen;5 tot 10 jaar;Guyana;Bonaire;2015;0;0;0
5582;Totaal mannen en vrouwen;5 tot 10 jaar;Guyana;Bonaire;2016;0;0;0
5583;Totaal mannen en vrouwen;5 tot 10 jaar;Guyana;Bonaire;2017;0;0;0
5584;Totaal mannen en vrouwen;5 tot 10 jaar;Guyana;Bonaire;2018;0;0;0
5585;Totaal mannen en vrouwen;5 tot 10 jaar;Guyana;Bonaire;2019;0;0;0
5586;Totaal mannen en vrouwen;5 tot 10 jaar;Guyana;Bonaire;2020;0;0;0
5587;Totaal mannen en vrouwen;5 tot 10 jaar;Guyana;Bonaire;2021;0;0;0
5588;Totaal mannen en vrouwen;5 tot 10 jaar;Guyana;Bonaire;2022;0;0;0
5589;Totaal mannen en vrouwen;5 tot 10 jaar;Guyana;Bonaire;2023;0;0;0
5590;Totaal mannen en vrouwen;5 tot 10 jaar;Guyana;Sint Eustatius;2011;0;0;0
5591;Totaal mannen en vrouwen;5 tot 10 jaar;Guyana;Sint Eustatius;2012;0;0;0
5592;Totaal mannen en vrouwen;5 tot 10 jaar;Guyana;Sint Eustatius;2013;0;0;0
5593;Totaal mannen en vrouwen;5 tot 10 jaar;Guyana;Sint Eustatius;2014;0;0;0
5594;Totaal mannen en vrouwen;5 tot 10 jaar;Guyana;Sint Eustatius;2015;1;0;1
5595;Totaal mannen en vrouwen;5 tot 10 jaar;Guyana;Sint Eustatius;2016;0;0;0
5596;Totaal mannen en vrouwen;5 tot 10 jaar;Guyana;Sint Eustatius;2017;0;0;0
5597;Totaal mannen en vrouwen;5 tot 10 jaar;Guyana;Sint Eustatius;2018;0;0;0
5598;Totaal mannen en vrouwen;5 tot 10 jaar;Guyana;Sint Eustatius;2019;0;0;0
5599;Totaal mannen en vrouwen;5 tot 10 jaar;Guyana;Sint Eustatius;2020;0;0;0
5600;Totaal mannen en vrouwen;5 tot 10 jaar;Guyana;Sint Eustatius;2021;0;0;0
5601;Totaal mannen en vrouwen;5 tot 10 jaar;Guyana;Sint Eustatius;2022;0;0;0
5602;Totaal mannen en vrouwen;5 tot 10 jaar;Guyana;Sint Eustatius;2023;1;0;1
5603;Totaal mannen en vrouwen;5 tot 10 jaar;Guyana;Saba;2011;0;1;-1
5604;Totaal mannen en vrouwen;5 tot 10 jaar;Guyana;Saba;2012;0;1;-1
5605;Totaal mannen en vrouwen;5 tot 10 jaar;Guyana;Saba;2013;1;0;1
5606;Totaal mannen en vrouwen;5 tot 10 jaar;Guyana;Saba;2014;0;0;0
5607;Totaal mannen en vrouwen;5 tot 10 jaar;Guyana;Saba;2015;0;0;0
5608;Totaal mannen en vrouwen;5 tot 10 jaar;Guyana;Saba;2016;0;0;0
5609;Totaal mannen en vrouwen;5 tot 10 jaar;Guyana;Saba;2017;0;0;0
5610;Totaal mannen en vrouwen;5 tot 10 jaar;Guyana;Saba;2018;0;0;0
5611;Totaal mannen en vrouwen;5 tot 10 jaar;Guyana;Saba;2019;0;0;0
5612;Totaal mannen en vrouwen;5 tot 10 jaar;Guyana;Saba;2020;0;0;0
5613;Totaal mannen en vrouwen;5 tot 10 jaar;Guyana;Saba;2021;0;0;0
5614;Totaal mannen en vrouwen;5 tot 10 jaar;Guyana;Saba;2022;0;0;0
5615;Totaal mannen en vrouwen;5 tot 10 jaar;Guyana;Saba;2023;0;0;0
5616;Totaal mannen en vrouwen;5 tot 10 jaar;Haïti;Caribisch Nederland;2011;0;0;0
5617;Totaal mannen en vrouwen;5 tot 10 jaar;Haïti;Caribisch Nederland;2012;0;0;0
5618;Totaal mannen en vrouwen;5 tot 10 jaar;Haïti;Caribisch Nederland;2013;1;0;1
5619;Totaal mannen en vrouwen;5 tot 10 jaar;Haïti;Caribisch Nederland;2014;1;0;1
5620;Totaal mannen en vrouwen;5 tot 10 jaar;Haïti;Caribisch Nederland;2015;1;0;1
5621;Totaal mannen en vrouwen;5 tot 10 jaar;Haïti;Caribisch Nederland;2016;0;0;0
5622;Totaal mannen en vrouwen;5 tot 10 jaar;Haïti;Caribisch Nederland;2017;2;0;2
5623;Totaal mannen en vrouwen;5 tot 10 jaar;Haïti;Caribisch Nederland;2018;0;0;0
5624;Totaal mannen en vrouwen;5 tot 10 jaar;Haïti;Caribisch Nederland;2019;0;0;0
5625;Totaal mannen en vrouwen;5 tot 10 jaar;Haïti;Caribisch Nederland;2020;3;0;3
5626;Totaal mannen en vrouwen;5 tot 10 jaar;Haïti;Caribisch Nederland;2021;0;0;0
5627;Totaal mannen en vrouwen;5 tot 10 jaar;Haïti;Caribisch Nederland;2022;0;0;0
5628;Totaal mannen en vrouwen;5 tot 10 jaar;Haïti;Caribisch Nederland;2023;7;0;7
5629;Totaal mannen en vrouwen;5 tot 10 jaar;Haïti;Bonaire;2011;0;0;0
5630;Totaal mannen en vrouwen;5 tot 10 jaar;Haïti;Bonaire;2012;0;0;0
5631;Totaal mannen en vrouwen;5 tot 10 jaar;Haïti;Bonaire;2013;0;0;0
5632;Totaal mannen en vrouwen;5 tot 10 jaar;Haïti;Bonaire;2014;1;0;1
5633;Totaal mannen en vrouwen;5 tot 10 jaar;Haïti;Bonaire;2015;1;0;1
5634;Totaal mannen en vrouwen;5 tot 10 jaar;Haïti;Bonaire;2016;0;0;0
5635;Totaal mannen en vrouwen;5 tot 10 jaar;Haïti;Bonaire;2017;2;0;2
5636;Totaal mannen en vrouwen;5 tot 10 jaar;Haïti;Bonaire;2018;0;0;0
5637;Totaal mannen en vrouwen;5 tot 10 jaar;Haïti;Bonaire;2019;0;0;0
5638;Totaal mannen en vrouwen;5 tot 10 jaar;Haïti;Bonaire;2020;3;0;3
5639;Totaal mannen en vrouwen;5 tot 10 jaar;Haïti;Bonaire;2021;0;0;0
5640;Totaal mannen en vrouwen;5 tot 10 jaar;Haïti;Bonaire;2022;0;0;0
5641;Totaal mannen en vrouwen;5 tot 10 jaar;Haïti;Bonaire;2023;6;0;6
5642;Totaal mannen en vrouwen;5 tot 10 jaar;Haïti;Sint Eustatius;2011;0;0;0
5643;Totaal mannen en vrouwen;5 tot 10 jaar;Haïti;Sint Eustatius;2012;0;0;0
5644;Totaal mannen en vrouwen;5 tot 10 jaar;Haïti;Sint Eustatius;2013;1;0;1
5645;Totaal mannen en vrouwen;5 tot 10 jaar;Haïti;Sint Eustatius;2014;0;0;0
5646;Totaal mannen en vrouwen;5 tot 10 jaar;Haïti;Sint Eustatius;2015;0;0;0
5647;Totaal mannen en vrouwen;5 tot 10 jaar;Haïti;Sint Eustatius;2016;0;0;0
5648;Totaal mannen en vrouwen;5 tot 10 jaar;Haïti;Sint Eustatius;2017;0;0;0
5649;Totaal mannen en vrouwen;5 tot 10 jaar;Haïti;Sint Eustatius;2018;0;0;0
5650;Totaal mannen en vrouwen;5 tot 10 jaar;Haïti;Sint Eustatius;2019;0;0;0
5651;Totaal mannen en vrouwen;5 tot 10 jaar;Haïti;Sint Eustatius;2020;0;0;0
5652;Totaal mannen en vrouwen;5 tot 10 jaar;Haïti;Sint Eustatius;2021;0;0;0
5653;Totaal mannen en vrouwen;5 tot 10 jaar;Haïti;Sint Eustatius;2022;0;0;0
5654;Totaal mannen en vrouwen;5 tot 10 jaar;Haïti;Sint Eustatius;2023;0;0;0
5655;Totaal mannen en vrouwen;5 tot 10 jaar;Haïti;Saba;2011;0;0;0
5656;Totaal mannen en vrouwen;5 tot 10 jaar;Haïti;Saba;2012;0;0;0
5657;Totaal mannen en vrouwen;5 tot 10 jaar;Haïti;Saba;2013;0;0;0
5658;Totaal mannen en vrouwen;5 tot 10 jaar;Haïti;Saba;2014;0;0;0
5659;Totaal mannen en vrouwen;5 tot 10 jaar;Haïti;Saba;2015;0;0;0
5660;Totaal mannen en vrouwen;5 tot 10 jaar;Haïti;Saba;2016;0;0;0
5661;Totaal mannen en vrouwen;5 tot 10 jaar;Haïti;Saba;2017;0;0;0
5662;Totaal mannen en vrouwen;5 tot 10 jaar;Haïti;Saba;2018;0;0;0
5663;Totaal mannen en vrouwen;5 tot 10 jaar;Haïti;Saba;2019;0;0;0
5664;Totaal mannen en vrouwen;5 tot 10 jaar;Haïti;Saba;2020;0;0;0
5665;Totaal mannen en vrouwen;5 tot 10 jaar;Haïti;Saba;2021;0;0;0
5666;Totaal mannen en vrouwen;5 tot 10 jaar;Haïti;Saba;2022;0;0;0
5667;Totaal mannen en vrouwen;5 tot 10 jaar;Haïti;Saba;2023;1;0;1
5668;Totaal mannen en vrouwen;5 tot 10 jaar;Jamaica;Caribisch Nederland;2011;0;0;0
5669;Totaal mannen en vrouwen;5 tot 10 jaar;Jamaica;Caribisch Nederland;2012;1;0;1
5670;Totaal mannen en vrouwen;5 tot 10 jaar;Jamaica;Caribisch Nederland;2013;1;0;1
5671;Totaal mannen en vrouwen;5 tot 10 jaar;Jamaica;Caribisch Nederland;2014;0;1;-1
5672;Totaal mannen en vrouwen;5 tot 10 jaar;Jamaica;Caribisch Nederland;2015;2;0;2
5673;Totaal mannen en vrouwen;5 tot 10 jaar;Jamaica;Caribisch Nederland;2016;0;0;0
5674;Totaal mannen en vrouwen;5 tot 10 jaar;Jamaica;Caribisch Nederland;2017;1;0;1
5675;Totaal mannen en vrouwen;5 tot 10 jaar;Jamaica;Caribisch Nederland;2018;0;0;0
5676;Totaal mannen en vrouwen;5 tot 10 jaar;Jamaica;Caribisch Nederland;2019;1;1;0
5677;Totaal mannen en vrouwen;5 tot 10 jaar;Jamaica;Caribisch Nederland;2020;0;0;0
5678;Totaal mannen en vrouwen;5 tot 10 jaar;Jamaica;Caribisch Nederland;2021;0;0;0
5679;Totaal mannen en vrouwen;5 tot 10 jaar;Jamaica;Caribisch Nederland;2022;3;0;3
5680;Totaal mannen en vrouwen;5 tot 10 jaar;Jamaica;Caribisch Nederland;2023;0;0;0
5681;Totaal mannen en vrouwen;5 tot 10 jaar;Jamaica;Bonaire;2011;0;0;0
5682;Totaal mannen en vrouwen;5 tot 10 jaar;Jamaica;Bonaire;2012;0;0;0
5683;Totaal mannen en vrouwen;5 tot 10 jaar;Jamaica;Bonaire;2013;1;0;1
5684;Totaal mannen en vrouwen;5 tot 10 jaar;Jamaica;Bonaire;2014;0;0;0
5685;Totaal mannen en vrouwen;5 tot 10 jaar;Jamaica;Bonaire;2015;0;0;0
5686;Totaal mannen en vrouwen;5 tot 10 jaar;Jamaica;Bonaire;2016;0;0;0
5687;Totaal mannen en vrouwen;5 tot 10 jaar;Jamaica;Bonaire;2017;0;0;0
5688;Totaal mannen en vrouwen;5 tot 10 jaar;Jamaica;Bonaire;2018;0;0;0
5689;Totaal mannen en vrouwen;5 tot 10 jaar;Jamaica;Bonaire;2019;0;0;0
5690;Totaal mannen en vrouwen;5 tot 10 jaar;Jamaica;Bonaire;2020;0;0;0
5691;Totaal mannen en vrouwen;5 tot 10 jaar;Jamaica;Bonaire;2021;0;0;0
5692;Totaal mannen en vrouwen;5 tot 10 jaar;Jamaica;Bonaire;2022;1;0;1
5693;Totaal mannen en vrouwen;5 tot 10 jaar;Jamaica;Bonaire;2023;0;0;0
5694;Totaal mannen en vrouwen;5 tot 10 jaar;Jamaica;Sint Eustatius;2011;0;0;0
5695;Totaal mannen en vrouwen;5 tot 10 jaar;Jamaica;Sint Eustatius;2012;1;0;1
5696;Totaal mannen en vrouwen;5 tot 10 jaar;Jamaica;Sint Eustatius;2013;0;0;0
5697;Totaal mannen en vrouwen;5 tot 10 jaar;Jamaica;Sint Eustatius;2014;0;1;-1
5698;Totaal mannen en vrouwen;5 tot 10 jaar;Jamaica;Sint Eustatius;2015;0;0;0
5699;Totaal mannen en vrouwen;5 tot 10 jaar;Jamaica;Sint Eustatius;2016;0;0;0
5700;Totaal mannen en vrouwen;5 tot 10 jaar;Jamaica;Sint Eustatius;2017;0;0;0
5701;Totaal mannen en vrouwen;5 tot 10 jaar;Jamaica;Sint Eustatius;2018;0;0;0
5702;Totaal mannen en vrouwen;5 tot 10 jaar;Jamaica;Sint Eustatius;2019;1;0;1
5703;Totaal mannen en vrouwen;5 tot 10 jaar;Jamaica;Sint Eustatius;2020;0;0;0
5704;Totaal mannen en vrouwen;5 tot 10 jaar;Jamaica;Sint Eustatius;2021;0;0;0
5705;Totaal mannen en vrouwen;5 tot 10 jaar;Jamaica;Sint Eustatius;2022;0;0;0
5706;Totaal mannen en vrouwen;5 tot 10 jaar;Jamaica;Sint Eustatius;2023;0;0;0
5707;Totaal mannen en vrouwen;5 tot 10 jaar;Jamaica;Saba;2011;0;0;0
5708;Totaal mannen en vrouwen;5 tot 10 jaar;Jamaica;Saba;2012;0;0;0
5709;Totaal mannen en vrouwen;5 tot 10 jaar;Jamaica;Saba;2013;0;0;0
5710;Totaal mannen en vrouwen;5 tot 10 jaar;Jamaica;Saba;2014;0;0;0
5711;Totaal mannen en vrouwen;5 tot 10 jaar;Jamaica;Saba;2015;2;0;2
5712;Totaal mannen en vrouwen;5 tot 10 jaar;Jamaica;Saba;2016;0;0;0
5713;Totaal mannen en vrouwen;5 tot 10 jaar;Jamaica;Saba;2017;1;0;1
5714;Totaal mannen en vrouwen;5 tot 10 jaar;Jamaica;Saba;2018;0;0;0
5715;Totaal mannen en vrouwen;5 tot 10 jaar;Jamaica;Saba;2019;0;1;-1
5716;Totaal mannen en vrouwen;5 tot 10 jaar;Jamaica;Saba;2020;0;0;0
5717;Totaal mannen en vrouwen;5 tot 10 jaar;Jamaica;Saba;2021;0;0;0
5718;Totaal mannen en vrouwen;5 tot 10 jaar;Jamaica;Saba;2022;2;0;2
5719;Totaal mannen en vrouwen;5 tot 10 jaar;Jamaica;Saba;2023;0;0;0
5720;Totaal mannen en vrouwen;5 tot 10 jaar;Nederland;Caribisch Nederland;2011;58;15;43
5721;Totaal mannen en vrouwen;5 tot 10 jaar;Nederland;Caribisch Nederland;2012;39;21;18
5722;Totaal mannen en vrouwen;5 tot 10 jaar;Nederland;Caribisch Nederland;2013;56;25;31
5723;Totaal mannen en vrouwen;5 tot 10 jaar;Nederland;Caribisch Nederland;2014;40;23;17
5724;Totaal mannen en vrouwen;5 tot 10 jaar;Nederland;Caribisch Nederland;2015;43;35;8
5725;Totaal mannen en vrouwen;5 tot 10 jaar;Nederland;Caribisch Nederland;2016;42;30;12
5726;Totaal mannen en vrouwen;5 tot 10 jaar;Nederland;Caribisch Nederland;2017;42;42;0
5727;Totaal mannen en vrouwen;5 tot 10 jaar;Nederland;Caribisch Nederland;2018;36;37;-1
5728;Totaal mannen en vrouwen;5 tot 10 jaar;Nederland;Caribisch Nederland;2019;40;19;21
5729;Totaal mannen en vrouwen;5 tot 10 jaar;Nederland;Caribisch Nederland;2020;57;32;25
5730;Totaal mannen en vrouwen;5 tot 10 jaar;Nederland;Caribisch Nederland;2021;44;27;17
5731;Totaal mannen en vrouwen;5 tot 10 jaar;Nederland;Caribisch Nederland;2022;63;43;20
5732;Totaal mannen en vrouwen;5 tot 10 jaar;Nederland;Caribisch Nederland;2023;45;37;8
5733;Totaal mannen en vrouwen;5 tot 10 jaar;Nederland;Bonaire;2011;52;12;40
5734;Totaal mannen en vrouwen;5 tot 10 jaar;Nederland;Bonaire;2012;34;18;16
5735;Totaal mannen en vrouwen;5 tot 10 jaar;Nederland;Bonaire;2013;47;23;24
5736;Totaal mannen en vrouwen;5 tot 10 jaar;Nederland;Bonaire;2014;32;23;9
5737;Totaal mannen en vrouwen;5 tot 10 jaar;Nederland;Bonaire;2015;36;27;9
5738;Totaal mannen en vrouwen;5 tot 10 jaar;Nederland;Bonaire;2016;40;23;17
5739;Totaal mannen en vrouwen;5 tot 10 jaar;Nederland;Bonaire;2017;38;38;0
5740;Totaal mannen en vrouwen;5 tot 10 jaar;Nederland;Bonaire;2018;30;33;-3
5741;Totaal mannen en vrouwen;5 tot 10 jaar;Nederland;Bonaire;2019;40;14;26
5742;Totaal mannen en vrouwen;5 tot 10 jaar;Nederland;Bonaire;2020;54;31;23
5743;Totaal mannen en vrouwen;5 tot 10 jaar;Nederland;Bonaire;2021;42;26;16
5744;Totaal mannen en vrouwen;5 tot 10 jaar;Nederland;Bonaire;2022;58;35;23
5745;Totaal mannen en vrouwen;5 tot 10 jaar;Nederland;Bonaire;2023;42;33;9
5746;Totaal mannen en vrouwen;5 tot 10 jaar;Nederland;Sint Eustatius;2011;6;3;3
5747;Totaal mannen en vrouwen;5 tot 10 jaar;Nederland;Sint Eustatius;2012;4;2;2
5748;Totaal mannen en vrouwen;5 tot 10 jaar;Nederland;Sint Eustatius;2013;9;1;8
5749;Totaal mannen en vrouwen;5 tot 10 jaar;Nederland;Sint Eustatius;2014;4;0;4
5750;Totaal mannen en vrouwen;5 tot 10 jaar;Nederland;Sint Eustatius;2015;3;6;-3
5751;Totaal mannen en vrouwen;5 tot 10 jaar;Nederland;Sint Eustatius;2016;1;5;-4
5752;Totaal mannen en vrouwen;5 tot 10 jaar;Nederland;Sint Eustatius;2017;4;3;1
5753;Totaal mannen en vrouwen;5 tot 10 jaar;Nederland;Sint Eustatius;2018;4;4;0
5754;Totaal mannen en vrouwen;5 tot 10 jaar;Nederland;Sint Eustatius;2019;0;1;-1
5755;Totaal mannen en vrouwen;5 tot 10 jaar;Nederland;Sint Eustatius;2020;1;1;0
5756;Totaal mannen en vrouwen;5 tot 10 jaar;Nederland;Sint Eustatius;2021;1;1;0
5757;Totaal mannen en vrouwen;5 tot 10 jaar;Nederland;Sint Eustatius;2022;3;0;3
5758;Totaal mannen en vrouwen;5 tot 10 jaar;Nederland;Sint Eustatius;2023;3;4;-1
5759;Totaal mannen en vrouwen;5 tot 10 jaar;Nederland;Saba;2011;0;0;0
5760;Totaal mannen en vrouwen;5 tot 10 jaar;Nederland;Saba;2012;1;1;0
5761;Totaal mannen en vrouwen;5 tot 10 jaar;Nederland;Saba;2013;0;1;-1
5762;Totaal mannen en vrouwen;5 tot 10 jaar;Nederland;Saba;2014;4;0;4
5763;Totaal mannen en vrouwen;5 tot 10 jaar;Nederland;Saba;2015;4;2;2
5764;Totaal mannen en vrouwen;5 tot 10 jaar;Nederland;Saba;2016;1;2;-1
5765;Totaal mannen en vrouwen;5 tot 10 jaar;Nederland;Saba;2017;0;1;-1
5766;Totaal mannen en vrouwen;5 tot 10 jaar;Nederland;Saba;2018;2;0;2
5767;Totaal mannen en vrouwen;5 tot 10 jaar;Nederland;Saba;2019;0;4;-4
5768;Totaal mannen en vrouwen;5 tot 10 jaar;Nederland;Saba;2020;2;0;2
5769;Totaal mannen en vrouwen;5 tot 10 jaar;Nederland;Saba;2021;1;0;1
5770;Totaal mannen en vrouwen;5 tot 10 jaar;Nederland;Saba;2022;2;8;-6
5771;Totaal mannen en vrouwen;5 tot 10 jaar;Nederland;Saba;2023;0;0;0
5772;Totaal mannen en vrouwen;5 tot 10 jaar;Peru;Caribisch Nederland;2011;1;0;1
5773;Totaal mannen en vrouwen;5 tot 10 jaar;Peru;Caribisch Nederland;2012;2;0;2
5774;Totaal mannen en vrouwen;5 tot 10 jaar;Peru;Caribisch Nederland;2013;1;0;1
5775;Totaal mannen en vrouwen;5 tot 10 jaar;Peru;Caribisch Nederland;2014;0;0;0
5776;Totaal mannen en vrouwen;5 tot 10 jaar;Peru;Caribisch Nederland;2015;3;1;2
5777;Totaal mannen en vrouwen;5 tot 10 jaar;Peru;Caribisch Nederland;2016;2;0;2
5778;Totaal mannen en vrouwen;5 tot 10 jaar;Peru;Caribisch Nederland;2017;2;0;2
5779;Totaal mannen en vrouwen;5 tot 10 jaar;Peru;Caribisch Nederland;2018;0;0;0
5780;Totaal mannen en vrouwen;5 tot 10 jaar;Peru;Caribisch Nederland;2019;1;0;1
5781;Totaal mannen en vrouwen;5 tot 10 jaar;Peru;Caribisch Nederland;2020;1;0;1
5782;Totaal mannen en vrouwen;5 tot 10 jaar;Peru;Caribisch Nederland;2021;4;0;4
5783;Totaal mannen en vrouwen;5 tot 10 jaar;Peru;Caribisch Nederland;2022;2;0;2
5784;Totaal mannen en vrouwen;5 tot 10 jaar;Peru;Caribisch Nederland;2023;5;0;5
5785;Totaal mannen en vrouwen;5 tot 10 jaar;Peru;Bonaire;2011;1;0;1
5786;Totaal mannen en vrouwen;5 tot 10 jaar;Peru;Bonaire;2012;2;0;2
5787;Totaal mannen en vrouwen;5 tot 10 jaar;Peru;Bonaire;2013;1;0;1
5788;Totaal mannen en vrouwen;5 tot 10 jaar;Peru;Bonaire;2014;0;0;0
5789;Totaal mannen en vrouwen;5 tot 10 jaar;Peru;Bonaire;2015;3;1;2
5790;Totaal mannen en vrouwen;5 tot 10 jaar;Peru;Bonaire;2016;2;0;2
5791;Totaal mannen en vrouwen;5 tot 10 jaar;Peru;Bonaire;2017;2;0;2
5792;Totaal mannen en vrouwen;5 tot 10 jaar;Peru;Bonaire;2018;0;0;0
5793;Totaal mannen en vrouwen;5 tot 10 jaar;Peru;Bonaire;2019;1;0;1
5794;Totaal mannen en vrouwen;5 tot 10 jaar;Peru;Bonaire;2020;1;0;1
5795;Totaal mannen en vrouwen;5 tot 10 jaar;Peru;Bonaire;2021;4;0;4
5796;Totaal mannen en vrouwen;5 tot 10 jaar;Peru;Bonaire;2022;2;0;2
5797;Totaal mannen en vrouwen;5 tot 10 jaar;Peru;Bonaire;2023;5;0;5
5798;Totaal mannen en vrouwen;5 tot 10 jaar;Peru;Sint Eustatius;2011;0;0;0
5799;Totaal mannen en vrouwen;5 tot 10 jaar;Peru;Sint Eustatius;2012;0;0;0
5800;Totaal mannen en vrouwen;5 tot 10 jaar;Peru;Sint Eustatius;2013;0;0;0
5801;Totaal mannen en vrouwen;5 tot 10 jaar;Peru;Sint Eustatius;2014;0;0;0
5802;Totaal mannen en vrouwen;5 tot 10 jaar;Peru;Sint Eustatius;2015;0;0;0
5803;Totaal mannen en vrouwen;5 tot 10 jaar;Peru;Sint Eustatius;2016;0;0;0
5804;Totaal mannen en vrouwen;5 tot 10 jaar;Peru;Sint Eustatius;2017;0;0;0
5805;Totaal mannen en vrouwen;5 tot 10 jaar;Peru;Sint Eustatius;2018;0;0;0
5806;Totaal mannen en vrouwen;5 tot 10 jaar;Peru;Sint Eustatius;2019;0;0;0
5807;Totaal mannen en vrouwen;5 tot 10 jaar;Peru;Sint Eustatius;2020;0;0;0
5808;Totaal mannen en vrouwen;5 tot 10 jaar;Peru;Sint Eustatius;2021;0;0;0
5809;Totaal mannen en vrouwen;5 tot 10 jaar;Peru;Sint Eustatius;2022;0;0;0
5810;Totaal mannen en vrouwen;5 tot 10 jaar;Peru;Sint Eustatius;2023;0;0;0
5811;Totaal mannen en vrouwen;5 tot 10 jaar;Peru;Saba;2011;0;0;0
5812;Totaal mannen en vrouwen;5 tot 10 jaar;Peru;Saba;2012;0;0;0
5813;Totaal mannen en vrouwen;5 tot 10 jaar;Peru;Saba;2013;0;0;0
5814;Totaal mannen en vrouwen;5 tot 10 jaar;Peru;Saba;2014;0;0;0
5815;Totaal mannen en vrouwen;5 tot 10 jaar;Peru;Saba;2015;0;0;0
5816;Totaal mannen en vrouwen;5 tot 10 jaar;Peru;Saba;2016;0;0;0
5817;Totaal mannen en vrouwen;5 tot 10 jaar;Peru;Saba;2017;0;0;0
5818;Totaal mannen en vrouwen;5 tot 10 jaar;Peru;Saba;2018;0;0;0
5819;Totaal mannen en vrouwen;5 tot 10 jaar;Peru;Saba;2019;0;0;0
5820;Totaal mannen en vrouwen;5 tot 10 jaar;Peru;Saba;2020;0;0;0
5821;Totaal mannen en vrouwen;5 tot 10 jaar;Peru;Saba;2021;0;0;0
5822;Totaal mannen en vrouwen;5 tot 10 jaar;Peru;Saba;2022;0;0;0
5823;Totaal mannen en vrouwen;5 tot 10 jaar;Peru;Saba;2023;0;0;0
5824;Totaal mannen en vrouwen;5 tot 10 jaar;Saint Kitts en Nevis;Caribisch Nederland;2011;0;0;0
5825;Totaal mannen en vrouwen;5 tot 10 jaar;Saint Kitts en Nevis;Caribisch Nederland;2012;1;0;1
5826;Totaal mannen en vrouwen;5 tot 10 jaar;Saint Kitts en Nevis;Caribisch Nederland;2013;1;0;1
5827;Totaal mannen en vrouwen;5 tot 10 jaar;Saint Kitts en Nevis;Caribisch Nederland;2014;0;0;0
5828;Totaal mannen en vrouwen;5 tot 10 jaar;Saint Kitts en Nevis;Caribisch Nederland;2015;0;0;0
5829;Totaal mannen en vrouwen;5 tot 10 jaar;Saint Kitts en Nevis;Caribisch Nederland;2016;0;0;0
5830;Totaal mannen en vrouwen;5 tot 10 jaar;Saint Kitts en Nevis;Caribisch Nederland;2017;0;1;-1
5831;Totaal mannen en vrouwen;5 tot 10 jaar;Saint Kitts en Nevis;Caribisch Nederland;2018;0;0;0
5832;Totaal mannen en vrouwen;5 tot 10 jaar;Saint Kitts en Nevis;Caribisch Nederland;2019;0;0;0
5833;Totaal mannen en vrouwen;5 tot 10 jaar;Saint Kitts en Nevis;Caribisch Nederland;2020;0;0;0
5834;Totaal mannen en vrouwen;5 tot 10 jaar;Saint Kitts en Nevis;Caribisch Nederland;2021;0;0;0
5835;Totaal mannen en vrouwen;5 tot 10 jaar;Saint Kitts en Nevis;Caribisch Nederland;2022;2;0;2
5836;Totaal mannen en vrouwen;5 tot 10 jaar;Saint Kitts en Nevis;Caribisch Nederland;2023;0;0;0
5837;Totaal mannen en vrouwen;5 tot 10 jaar;Saint Kitts en Nevis;Bonaire;2011;0;0;0
5838;Totaal mannen en vrouwen;5 tot 10 jaar;Saint Kitts en Nevis;Bonaire;2012;0;0;0
5839;Totaal mannen en vrouwen;5 tot 10 jaar;Saint Kitts en Nevis;Bonaire;2013;0;0;0
5840;Totaal mannen en vrouwen;5 tot 10 jaar;Saint Kitts en Nevis;Bonaire;2014;0;0;0
5841;Totaal mannen en vrouwen;5 tot 10 jaar;Saint Kitts en Nevis;Bonaire;2015;0;0;0
5842;Totaal mannen en vrouwen;5 tot 10 jaar;Saint Kitts en Nevis;Bonaire;2016;0;0;0
5843;Totaal mannen en vrouwen;5 tot 10 jaar;Saint Kitts en Nevis;Bonaire;2017;0;0;0
5844;Totaal mannen en vrouwen;5 tot 10 jaar;Saint Kitts en Nevis;Bonaire;2018;0;0;0
5845;Totaal mannen en vrouwen;5 tot 10 jaar;Saint Kitts en Nevis;Bonaire;2019;0;0;0
5846;Totaal mannen en vrouwen;5 tot 10 jaar;Saint Kitts en Nevis;Bonaire;2020;0;0;0
5847;Totaal mannen en vrouwen;5 tot 10 jaar;Saint Kitts en Nevis;Bonaire;2021;0;0;0
5848;Totaal mannen en vrouwen;5 tot 10 jaar;Saint Kitts en Nevis;Bonaire;2022;0;0;0
5849;Totaal mannen en vrouwen;5 tot 10 jaar;Saint Kitts en Nevis;Bonaire;2023;0;0;0
5850;Totaal mannen en vrouwen;5 tot 10 jaar;Saint Kitts en Nevis;Sint Eustatius;2011;0;0;0
5851;Totaal mannen en vrouwen;5 tot 10 jaar;Saint Kitts en Nevis;Sint Eustatius;2012;1;0;1
5852;Totaal mannen en vrouwen;5 tot 10 jaar;Saint Kitts en Nevis;Sint Eustatius;2013;1;0;1
5853;Totaal mannen en vrouwen;5 tot 10 jaar;Saint Kitts en Nevis;Sint Eustatius;2014;0;0;0
5854;Totaal mannen en vrouwen;5 tot 10 jaar;Saint Kitts en Nevis;Sint Eustatius;2015;0;0;0
5855;Totaal mannen en vrouwen;5 tot 10 jaar;Saint Kitts en Nevis;Sint Eustatius;2016;0;0;0
5856;Totaal mannen en vrouwen;5 tot 10 jaar;Saint Kitts en Nevis;Sint Eustatius;2017;0;1;-1
5857;Totaal mannen en vrouwen;5 tot 10 jaar;Saint Kitts en Nevis;Sint Eustatius;2018;0;0;0
5858;Totaal mannen en vrouwen;5 tot 10 jaar;Saint Kitts en Nevis;Sint Eustatius;2019;0;0;0
5859;Totaal mannen en vrouwen;5 tot 10 jaar;Saint Kitts en Nevis;Sint Eustatius;2020;0;0;0
5860;Totaal mannen en vrouwen;5 tot 10 jaar;Saint Kitts en Nevis;Sint Eustatius;2021;0;0;0
5861;Totaal mannen en vrouwen;5 tot 10 jaar;Saint Kitts en Nevis;Sint Eustatius;2022;2;0;2
5862;Totaal mannen en vrouwen;5 tot 10 jaar;Saint Kitts en Nevis;Sint Eustatius;2023;0;0;0
5863;Totaal mannen en vrouwen;5 tot 10 jaar;Saint Kitts en Nevis;Saba;2011;0;0;0
5864;Totaal mannen en vrouwen;5 tot 10 jaar;Saint Kitts en Nevis;Saba;2012;0;0;0
5865;Totaal mannen en vrouwen;5 tot 10 jaar;Saint Kitts en Nevis;Saba;2013;0;0;0
5866;Totaal mannen en vrouwen;5 tot 10 jaar;Saint Kitts en Nevis;Saba;2014;0;0;0
5867;Totaal mannen en vrouwen;5 tot 10 jaar;Saint Kitts en Nevis;Saba;2015;0;0;0
5868;Totaal mannen en vrouwen;5 tot 10 jaar;Saint Kitts en Nevis;Saba;2016;0;0;0
5869;Totaal mannen en vrouwen;5 tot 10 jaar;Saint Kitts en Nevis;Saba;2017;0;0;0
5870;Totaal mannen en vrouwen;5 tot 10 jaar;Saint Kitts en Nevis;Saba;2018;0;0;0
5871;Totaal mannen en vrouwen;5 tot 10 jaar;Saint Kitts en Nevis;Saba;2019;0;0;0
5872;Totaal mannen en vrouwen;5 tot 10 jaar;Saint Kitts en Nevis;Saba;2020;0;0;0
5873;Totaal mannen en vrouwen;5 tot 10 jaar;Saint Kitts en Nevis;Saba;2021;0;0;0
5874;Totaal mannen en vrouwen;5 tot 10 jaar;Saint Kitts en Nevis;Saba;2022;0;0;0
5875;Totaal mannen en vrouwen;5 tot 10 jaar;Saint Kitts en Nevis;Saba;2023;0;0;0
5876;Totaal mannen en vrouwen;5 tot 10 jaar;Sint Eustatius;Caribisch Nederland;2011;3;1;2
5877;Totaal mannen en vrouwen;5 tot 10 jaar;Sint Eustatius;Caribisch Nederland;2012;0;4;-4
5878;Totaal mannen en vrouwen;5 tot 10 jaar;Sint Eustatius;Caribisch Nederland;2013;2;3;-1
5879;Totaal mannen en vrouwen;5 tot 10 jaar;Sint Eustatius;Caribisch Nederland;2014;1;1;0
5880;Totaal mannen en vrouwen;5 tot 10 jaar;Sint Eustatius;Caribisch Nederland;2015;1;3;-2
5881;Totaal mannen en vrouwen;5 tot 10 jaar;Sint Eustatius;Caribisch Nederland;2016;0;3;-3
5882;Totaal mannen en vrouwen;5 tot 10 jaar;Sint Eustatius;Caribisch Nederland;2017;0;1;-1
5883;Totaal mannen en vrouwen;5 tot 10 jaar;Sint Eustatius;Caribisch Nederland;2018;1;3;-2
5884;Totaal mannen en vrouwen;5 tot 10 jaar;Sint Eustatius;Caribisch Nederland;2019;0;0;0
5885;Totaal mannen en vrouwen;5 tot 10 jaar;Sint Eustatius;Caribisch Nederland;2020;0;1;-1
5886;Totaal mannen en vrouwen;5 tot 10 jaar;Sint Eustatius;Caribisch Nederland;2021;1;3;-2
5887;Totaal mannen en vrouwen;5 tot 10 jaar;Sint Eustatius;Caribisch Nederland;2022;0;3;-3
5888;Totaal mannen en vrouwen;5 tot 10 jaar;Sint Eustatius;Caribisch Nederland;2023;1;1;0
5889;Totaal mannen en vrouwen;5 tot 10 jaar;Sint Eustatius;Bonaire;2011;0;0;0
5890;Totaal mannen en vrouwen;5 tot 10 jaar;Sint Eustatius;Bonaire;2012;0;0;0
5891;Totaal mannen en vrouwen;5 tot 10 jaar;Sint Eustatius;Bonaire;2013;0;0;0
5892;Totaal mannen en vrouwen;5 tot 10 jaar;Sint Eustatius;Bonaire;2014;0;0;0
5893;Totaal mannen en vrouwen;5 tot 10 jaar;Sint Eustatius;Bonaire;2015;0;0;0
5894;Totaal mannen en vrouwen;5 tot 10 jaar;Sint Eustatius;Bonaire;2016;0;0;0
5895;Totaal mannen en vrouwen;5 tot 10 jaar;Sint Eustatius;Bonaire;2017;0;0;0
5896;Totaal mannen en vrouwen;5 tot 10 jaar;Sint Eustatius;Bonaire;2018;0;0;0
5897;Totaal mannen en vrouwen;5 tot 10 jaar;Sint Eustatius;Bonaire;2019;0;0;0
5898;Totaal mannen en vrouwen;5 tot 10 jaar;Sint Eustatius;Bonaire;2020;0;0;0
5899;Totaal mannen en vrouwen;5 tot 10 jaar;Sint Eustatius;Bonaire;2021;0;0;0
5900;Totaal mannen en vrouwen;5 tot 10 jaar;Sint Eustatius;Bonaire;2022;0;0;0
5901;Totaal mannen en vrouwen;5 tot 10 jaar;Sint Eustatius;Bonaire;2023;0;0;0
5902;Totaal mannen en vrouwen;5 tot 10 jaar;Sint Eustatius;Sint Eustatius;2011;3;1;2
5903;Totaal mannen en vrouwen;5 tot 10 jaar;Sint Eustatius;Sint Eustatius;2012;0;4;-4
5904;Totaal mannen en vrouwen;5 tot 10 jaar;Sint Eustatius;Sint Eustatius;2013;2;3;-1
5905;Totaal mannen en vrouwen;5 tot 10 jaar;Sint Eustatius;Sint Eustatius;2014;1;1;0
5906;Totaal mannen en vrouwen;5 tot 10 jaar;Sint Eustatius;Sint Eustatius;2015;1;3;-2
5907;Totaal mannen en vrouwen;5 tot 10 jaar;Sint Eustatius;Sint Eustatius;2016;0;3;-3
5908;Totaal mannen en vrouwen;5 tot 10 jaar;Sint Eustatius;Sint Eustatius;2017;0;1;-1
5909;Totaal mannen en vrouwen;5 tot 10 jaar;Sint Eustatius;Sint Eustatius;2018;1;3;-2
5910;Totaal mannen en vrouwen;5 tot 10 jaar;Sint Eustatius;Sint Eustatius;2019;0;0;0
5911;Totaal mannen en vrouwen;5 tot 10 jaar;Sint Eustatius;Sint Eustatius;2020;0;1;-1
5912;Totaal mannen en vrouwen;5 tot 10 jaar;Sint Eustatius;Sint Eustatius;2021;1;3;-2
5913;Totaal mannen en vrouwen;5 tot 10 jaar;Sint Eustatius;Sint Eustatius;2022;0;3;-3
5914;Totaal mannen en vrouwen;5 tot 10 jaar;Sint Eustatius;Sint Eustatius;2023;1;1;0
5915;Totaal mannen en vrouwen;5 tot 10 jaar;Sint Eustatius;Saba;2011;0;0;0
5916;Totaal mannen en vrouwen;5 tot 10 jaar;Sint Eustatius;Saba;2012;0;0;0
5917;Totaal mannen en vrouwen;5 tot 10 jaar;Sint Eustatius;Saba;2013;0;0;0
5918;Totaal mannen en vrouwen;5 tot 10 jaar;Sint Eustatius;Saba;2014;0;0;0
5919;Totaal mannen en vrouwen;5 tot 10 jaar;Sint Eustatius;Saba;2015;0;0;0
5920;Totaal mannen en vrouwen;5 tot 10 jaar;Sint Eustatius;Saba;2016;0;0;0
5921;Totaal mannen en vrouwen;5 tot 10 jaar;Sint Eustatius;Saba;2017;0;0;0
5922;Totaal mannen en vrouwen;5 tot 10 jaar;Sint Eustatius;Saba;2018;0;0;0
5923;Totaal mannen en vrouwen;5 tot 10 jaar;Sint Eustatius;Saba;2019;0;0;0
5924;Totaal mannen en vrouwen;5 tot 10 jaar;Sint Eustatius;Saba;2020;0;0;0
5925;Totaal mannen en vrouwen;5 tot 10 jaar;Sint Eustatius;Saba;2021;0;0;0
5926;Totaal mannen en vrouwen;5 tot 10 jaar;Sint Eustatius;Saba;2022;0;0;0
5927;Totaal mannen en vrouwen;5 tot 10 jaar;Sint Eustatius;Saba;2023;0;0;0
5928;Totaal mannen en vrouwen;5 tot 10 jaar;Sint Maarten (Nederlands deel);Caribisch Nederland;2011;0;2;-2
5929;Totaal mannen en vrouwen;5 tot 10 jaar;Sint Maarten (Nederlands deel);Caribisch Nederland;2012;3;5;-2
5930;Totaal mannen en vrouwen;5 tot 10 jaar;Sint Maarten (Nederlands deel);Caribisch Nederland;2013;3;11;-8
5931;Totaal mannen en vrouwen;5 tot 10 jaar;Sint Maarten (Nederlands deel);Caribisch Nederland;2014;6;5;1
5932;Totaal mannen en vrouwen;5 tot 10 jaar;Sint Maarten (Nederlands deel);Caribisch Nederland;2015;1;1;0
5933;Totaal mannen en vrouwen;5 tot 10 jaar;Sint Maarten (Nederlands deel);Caribisch Nederland;2016;5;6;-1
5934;Totaal mannen en vrouwen;5 tot 10 jaar;Sint Maarten (Nederlands deel);Caribisch Nederland;2017;3;1;2
5935;Totaal mannen en vrouwen;5 tot 10 jaar;Sint Maarten (Nederlands deel);Caribisch Nederland;2018;8;7;1
5936;Totaal mannen en vrouwen;5 tot 10 jaar;Sint Maarten (Nederlands deel);Caribisch Nederland;2019;6;4;2
5937;Totaal mannen en vrouwen;5 tot 10 jaar;Sint Maarten (Nederlands deel);Caribisch Nederland;2020;3;5;-2
5938;Totaal mannen en vrouwen;5 tot 10 jaar;Sint Maarten (Nederlands deel);Caribisch Nederland;2021;4;7;-3
5939;Totaal mannen en vrouwen;5 tot 10 jaar;Sint Maarten (Nederlands deel);Caribisch Nederland;2022;3;3;0
5940;Totaal mannen en vrouwen;5 tot 10 jaar;Sint Maarten (Nederlands deel);Caribisch Nederland;2023;0;5;-5
5941;Totaal mannen en vrouwen;5 tot 10 jaar;Sint Maarten (Nederlands deel);Bonaire;2011;0;0;0
5942;Totaal mannen en vrouwen;5 tot 10 jaar;Sint Maarten (Nederlands deel);Bonaire;2012;0;0;0
5943;Totaal mannen en vrouwen;5 tot 10 jaar;Sint Maarten (Nederlands deel);Bonaire;2013;0;0;0
5944;Totaal mannen en vrouwen;5 tot 10 jaar;Sint Maarten (Nederlands deel);Bonaire;2014;3;0;3
5945;Totaal mannen en vrouwen;5 tot 10 jaar;Sint Maarten (Nederlands deel);Bonaire;2015;0;1;-1
5946;Totaal mannen en vrouwen;5 tot 10 jaar;Sint Maarten (Nederlands deel);Bonaire;2016;2;2;0
5947;Totaal mannen en vrouwen;5 tot 10 jaar;Sint Maarten (Nederlands deel);Bonaire;2017;0;0;0
5948;Totaal mannen en vrouwen;5 tot 10 jaar;Sint Maarten (Nederlands deel);Bonaire;2018;0;0;0
5949;Totaal mannen en vrouwen;5 tot 10 jaar;Sint Maarten (Nederlands deel);Bonaire;2019;0;0;0
5950;Totaal mannen en vrouwen;5 tot 10 jaar;Sint Maarten (Nederlands deel);Bonaire;2020;0;1;-1
5951;Totaal mannen en vrouwen;5 tot 10 jaar;Sint Maarten (Nederlands deel);Bonaire;2021;1;2;-1
5952;Totaal mannen en vrouwen;5 tot 10 jaar;Sint Maarten (Nederlands deel);Bonaire;2022;0;0;0
5953;Totaal mannen en vrouwen;5 tot 10 jaar;Sint Maarten (Nederlands deel);Bonaire;2023;0;1;-1
5954;Totaal mannen en vrouwen;5 tot 10 jaar;Sint Maarten (Nederlands deel);Sint Eustatius;2011;0;0;0
5955;Totaal mannen en vrouwen;5 tot 10 jaar;Sint Maarten (Nederlands deel);Sint Eustatius;2012;3;3;0
5956;Totaal mannen en vrouwen;5 tot 10 jaar;Sint Maarten (Nederlands deel);Sint Eustatius;2013;3;10;-7
5957;Totaal mannen en vrouwen;5 tot 10 jaar;Sint Maarten (Nederlands deel);Sint Eustatius;2014;1;2;-1
5958;Totaal mannen en vrouwen;5 tot 10 jaar;Sint Maarten (Nederlands deel);Sint Eustatius;2015;1;0;1
5959;Totaal mannen en vrouwen;5 tot 10 jaar;Sint Maarten (Nederlands deel);Sint Eustatius;2016;1;3;-2
5960;Totaal mannen en vrouwen;5 tot 10 jaar;Sint Maarten (Nederlands deel);Sint Eustatius;2017;1;1;0
5961;Totaal mannen en vrouwen;5 tot 10 jaar;Sint Maarten (Nederlands deel);Sint Eustatius;2018;4;1;3
5962;Totaal mannen en vrouwen;5 tot 10 jaar;Sint Maarten (Nederlands deel);Sint Eustatius;2019;3;3;0
5963;Totaal mannen en vrouwen;5 tot 10 jaar;Sint Maarten (Nederlands deel);Sint Eustatius;2020;3;3;0
5964;Totaal mannen en vrouwen;5 tot 10 jaar;Sint Maarten (Nederlands deel);Sint Eustatius;2021;3;1;2
5965;Totaal mannen en vrouwen;5 tot 10 jaar;Sint Maarten (Nederlands deel);Sint Eustatius;2022;0;2;-2
5966;Totaal mannen en vrouwen;5 tot 10 jaar;Sint Maarten (Nederlands deel);Sint Eustatius;2023;0;4;-4
5967;Totaal mannen en vrouwen;5 tot 10 jaar;Sint Maarten (Nederlands deel);Saba;2011;0;2;-2
5968;Totaal mannen en vrouwen;5 tot 10 jaar;Sint Maarten (Nederlands deel);Saba;2012;0;2;-2
5969;Totaal mannen en vrouwen;5 tot 10 jaar;Sint Maarten (Nederlands deel);Saba;2013;0;1;-1
5970;Totaal mannen en vrouwen;5 tot 10 jaar;Sint Maarten (Nederlands deel);Saba;2014;2;3;-1
5971;Totaal mannen en vrouwen;5 tot 10 jaar;Sint Maarten (Nederlands deel);Saba;2015;0;0;0
5972;Totaal mannen en vrouwen;5 tot 10 jaar;Sint Maarten (Nederlands deel);Saba;2016;2;1;1
5973;Totaal mannen en vrouwen;5 tot 10 jaar;Sint Maarten (Nederlands deel);Saba;2017;2;0;2
5974;Totaal mannen en vrouwen;5 tot 10 jaar;Sint Maarten (Nederlands deel);Saba;2018;4;6;-2
5975;Totaal mannen en vrouwen;5 tot 10 jaar;Sint Maarten (Nederlands deel);Saba;2019;3;1;2
5976;Totaal mannen en vrouwen;5 tot 10 jaar;Sint Maarten (Nederlands deel);Saba;2020;0;1;-1
5977;Totaal mannen en vrouwen;5 tot 10 jaar;Sint Maarten (Nederlands deel);Saba;2021;0;4;-4
5978;Totaal mannen en vrouwen;5 tot 10 jaar;Sint Maarten (Nederlands deel);Saba;2022;3;1;2
5979;Totaal mannen en vrouwen;5 tot 10 jaar;Sint Maarten (Nederlands deel);Saba;2023;0;0;0
5980;Totaal mannen en vrouwen;5 tot 10 jaar;Saba;Caribisch Nederland;2011;0;0;0
5981;Totaal mannen en vrouwen;5 tot 10 jaar;Saba;Caribisch Nederland;2012;1;1;0
5982;Totaal mannen en vrouwen;5 tot 10 jaar;Saba;Caribisch Nederland;2013;1;0;1
5983;Totaal mannen en vrouwen;5 tot 10 jaar;Saba;Caribisch Nederland;2014;0;0;0
5984;Totaal mannen en vrouwen;5 tot 10 jaar;Saba;Caribisch Nederland;2015;0;0;0
5985;Totaal mannen en vrouwen;5 tot 10 jaar;Saba;Caribisch Nederland;2016;0;1;-1
5986;Totaal mannen en vrouwen;5 tot 10 jaar;Saba;Caribisch Nederland;2017;0;0;0
5987;Totaal mannen en vrouwen;5 tot 10 jaar;Saba;Caribisch Nederland;2018;0;0;0
5988;Totaal mannen en vrouwen;5 tot 10 jaar;Saba;Caribisch Nederland;2019;0;0;0
5989;Totaal mannen en vrouwen;5 tot 10 jaar;Saba;Caribisch Nederland;2020;0;0;0
5990;Totaal mannen en vrouwen;5 tot 10 jaar;Saba;Caribisch Nederland;2021;0;0;0
5991;Totaal mannen en vrouwen;5 tot 10 jaar;Saba;Caribisch Nederland;2022;0;0;0
5992;Totaal mannen en vrouwen;5 tot 10 jaar;Saba;Caribisch Nederland;2023;0;0;0
5993;Totaal mannen en vrouwen;5 tot 10 jaar;Saba;Bonaire;2011;0;0;0
5994;Totaal mannen en vrouwen;5 tot 10 jaar;Saba;Bonaire;2012;0;0;0
5995;Totaal mannen en vrouwen;5 tot 10 jaar;Saba;Bonaire;2013;0;0;0
5996;Totaal mannen en vrouwen;5 tot 10 jaar;Saba;Bonaire;2014;0;0;0
5997;Totaal mannen en vrouwen;5 tot 10 jaar;Saba;Bonaire;2015;0;0;0
5998;Totaal mannen en vrouwen;5 tot 10 jaar;Saba;Bonaire;2016;0;0;0
5999;Totaal mannen en vrouwen;5 tot 10 jaar;Saba;Bonaire;2017;0;0;0
6000;Totaal mannen en vrouwen;5 tot 10 jaar;Saba;Bonaire;2018;0;0;0
6001;Totaal mannen en vrouwen;5 tot 10 jaar;Saba;Bonaire;2019;0;0;0
6002;Totaal mannen en vrouwen;5 tot 10 jaar;Saba;Bonaire;2020;0;0;0
6003;Totaal mannen en vrouwen;5 tot 10 jaar;Saba;Bonaire;2021;0;0;0
6004;Totaal mannen en vrouwen;5 tot 10 jaar;Saba;Bonaire;2022;0;0;0
6005;Totaal mannen en vrouwen;5 tot 10 jaar;Saba;Bonaire;2023;0;0;0
6006;Totaal mannen en vrouwen;5 tot 10 jaar;Saba;Sint Eustatius;2011;0;0;0
6007;Totaal mannen en vrouwen;5 tot 10 jaar;Saba;Sint Eustatius;2012;0;0;0
6008;Totaal mannen en vrouwen;5 tot 10 jaar;Saba;Sint Eustatius;2013;0;0;0
6009;Totaal mannen en vrouwen;5 tot 10 jaar;Saba;Sint Eustatius;2014;0;0;0
6010;Totaal mannen en vrouwen;5 tot 10 jaar;Saba;Sint Eustatius;2015;0;0;0
6011;Totaal mannen en vrouwen;5 tot 10 jaar;Saba;Sint Eustatius;2016;0;0;0
6012;Totaal mannen en vrouwen;5 tot 10 jaar;Saba;Sint Eustatius;2017;0;0;0
6013;Totaal mannen en vrouwen;5 tot 10 jaar;Saba;Sint Eustatius;2018;0;0;0
6014;Totaal mannen en vrouwen;5 tot 10 jaar;Saba;Sint Eustatius;2019;0;0;0
6015;Totaal mannen en vrouwen;5 tot 10 jaar;Saba;Sint Eustatius;2020;0;0;0
6016;Totaal mannen en vrouwen;5 tot 10 jaar;Saba;Sint Eustatius;2021;0;0;0
6017;Totaal mannen en vrouwen;5 tot 10 jaar;Saba;Sint Eustatius;2022;0;0;0
6018;Totaal mannen en vrouwen;5 tot 10 jaar;Saba;Sint Eustatius;2023;0;0;0
6019;Totaal mannen en vrouwen;5 tot 10 jaar;Saba;Saba;2011;0;0;0
6020;Totaal mannen en vrouwen;5 tot 10 jaar;Saba;Saba;2012;1;1;0
6021;Totaal mannen en vrouwen;5 tot 10 jaar;Saba;Saba;2013;1;0;1
6022;Totaal mannen en vrouwen;5 tot 10 jaar;Saba;Saba;2014;0;0;0
6023;Totaal mannen en vrouwen;5 tot 10 jaar;Saba;Saba;2015;0;0;0
6024;Totaal mannen en vrouwen;5 tot 10 jaar;Saba;Saba;2016;0;1;-1
6025;Totaal mannen en vrouwen;5 tot 10 jaar;Saba;Saba;2017;0;0;0
6026;Totaal mannen en vrouwen;5 tot 10 jaar;Saba;Saba;2018;0;0;0
6027;Totaal mannen en vrouwen;5 tot 10 jaar;Saba;Saba;2019;0;0;0
6028;Totaal mannen en vrouwen;5 tot 10 jaar;Saba;Saba;2020;0;0;0
6029;Totaal mannen en vrouwen;5 tot 10 jaar;Saba;Saba;2021;0;0;0
6030;Totaal mannen en vrouwen;5 tot 10 jaar;Saba;Saba;2022;0;0;0
6031;Totaal mannen en vrouwen;5 tot 10 jaar;Saba;Saba;2023;0;0;0
6032;Totaal mannen en vrouwen;5 tot 10 jaar;Suriname;Caribisch Nederland;2011;2;1;1
6033;Totaal mannen en vrouwen;5 tot 10 jaar;Suriname;Caribisch Nederland;2012;1;0;1
6034;Totaal mannen en vrouwen;5 tot 10 jaar;Suriname;Caribisch Nederland;2013;1;0;1
6035;Totaal mannen en vrouwen;5 tot 10 jaar;Suriname;Caribisch Nederland;2014;4;2;2
6036;Totaal mannen en vrouwen;5 tot 10 jaar;Suriname;Caribisch Nederland;2015;1;0;1
6037;Totaal mannen en vrouwen;5 tot 10 jaar;Suriname;Caribisch Nederland;2016;3;0;3
6038;Totaal mannen en vrouwen;5 tot 10 jaar;Suriname;Caribisch Nederland;2017;3;1;2
6039;Totaal mannen en vrouwen;5 tot 10 jaar;Suriname;Caribisch Nederland;2018;0;2;-2
6040;Totaal mannen en vrouwen;5 tot 10 jaar;Suriname;Caribisch Nederland;2019;2;0;2
6041;Totaal mannen en vrouwen;5 tot 10 jaar;Suriname;Caribisch Nederland;2020;1;0;1
6042;Totaal mannen en vrouwen;5 tot 10 jaar;Suriname;Caribisch Nederland;2021;4;0;4
6043;Totaal mannen en vrouwen;5 tot 10 jaar;Suriname;Caribisch Nederland;2022;6;0;6
6044;Totaal mannen en vrouwen;5 tot 10 jaar;Suriname;Caribisch Nederland;2023;7;0;7
6045;Totaal mannen en vrouwen;5 tot 10 jaar;Suriname;Bonaire;2011;2;0;2
6046;Totaal mannen en vrouwen;5 tot 10 jaar;Suriname;Bonaire;2012;1;0;1
6047;Totaal mannen en vrouwen;5 tot 10 jaar;Suriname;Bonaire;2013;1;0;1
6048;Totaal mannen en vrouwen;5 tot 10 jaar;Suriname;Bonaire;2014;1;1;0
6049;Totaal mannen en vrouwen;5 tot 10 jaar;Suriname;Bonaire;2015;0;0;0
6050;Totaal mannen en vrouwen;5 tot 10 jaar;Suriname;Bonaire;2016;2;0;2
6051;Totaal mannen en vrouwen;5 tot 10 jaar;Suriname;Bonaire;2017;3;0;3
6052;Totaal mannen en vrouwen;5 tot 10 jaar;Suriname;Bonaire;2018;0;1;-1
6053;Totaal mannen en vrouwen;5 tot 10 jaar;Suriname;Bonaire;2019;1;0;1
6054;Totaal mannen en vrouwen;5 tot 10 jaar;Suriname;Bonaire;2020;0;0;0
6055;Totaal mannen en vrouwen;5 tot 10 jaar;Suriname;Bonaire;2021;4;0;4
6056;Totaal mannen en vrouwen;5 tot 10 jaar;Suriname;Bonaire;2022;5;0;5
6057;Totaal mannen en vrouwen;5 tot 10 jaar;Suriname;Bonaire;2023;4;0;4
6058;Totaal mannen en vrouwen;5 tot 10 jaar;Suriname;Sint Eustatius;2011;0;0;0
6059;Totaal mannen en vrouwen;5 tot 10 jaar;Suriname;Sint Eustatius;2012;0;0;0
6060;Totaal mannen en vrouwen;5 tot 10 jaar;Suriname;Sint Eustatius;2013;0;0;0
6061;Totaal mannen en vrouwen;5 tot 10 jaar;Suriname;Sint Eustatius;2014;1;1;0
6062;Totaal mannen en vrouwen;5 tot 10 jaar;Suriname;Sint Eustatius;2015;1;0;1
6063;Totaal mannen en vrouwen;5 tot 10 jaar;Suriname;Sint Eustatius;2016;1;0;1
6064;Totaal mannen en vrouwen;5 tot 10 jaar;Suriname;Sint Eustatius;2017;0;1;-1
6065;Totaal mannen en vrouwen;5 tot 10 jaar;Suriname;Sint Eustatius;2018;0;1;-1
6066;Totaal mannen en vrouwen;5 tot 10 jaar;Suriname;Sint Eustatius;2019;1;0;1
6067;Totaal mannen en vrouwen;5 tot 10 jaar;Suriname;Sint Eustatius;2020;0;0;0
6068;Totaal mannen en vrouwen;5 tot 10 jaar;Suriname;Sint Eustatius;2021;0;0;0
6069;Totaal mannen en vrouwen;5 tot 10 jaar;Suriname;Sint Eustatius;2022;0;0;0
6070;Totaal mannen en vrouwen;5 tot 10 jaar;Suriname;Sint Eustatius;2023;2;0;2
6071;Totaal mannen en vrouwen;5 tot 10 jaar;Suriname;Saba;2011;0;1;-1
6072;Totaal mannen en vrouwen;5 tot 10 jaar;Suriname;Saba;2012;0;0;0
6073;Totaal mannen en vrouwen;5 tot 10 jaar;Suriname;Saba;2013;0;0;0
6074;Totaal mannen en vrouwen;5 tot 10 jaar;Suriname;Saba;2014;2;0;2
6075;Totaal mannen en vrouwen;5 tot 10 jaar;Suriname;Saba;2015;0;0;0
6076;Totaal mannen en vrouwen;5 tot 10 jaar;Suriname;Saba;2016;0;0;0
6077;Totaal mannen en vrouwen;5 tot 10 jaar;Suriname;Saba;2017;0;0;0
6078;Totaal mannen en vrouwen;5 tot 10 jaar;Suriname;Saba;2018;0;0;0
6079;Totaal mannen en vrouwen;5 tot 10 jaar;Suriname;Saba;2019;0;0;0
6080;Totaal mannen en vrouwen;5 tot 10 jaar;Suriname;Saba;2020;1;0;1
6081;Totaal mannen en vrouwen;5 tot 10 jaar;Suriname;Saba;2021;0;0;0
6082;Totaal mannen en vrouwen;5 tot 10 jaar;Suriname;Saba;2022;1;0;1
6083;Totaal mannen en vrouwen;5 tot 10 jaar;Suriname;Saba;2023;1;0;1
6084;Totaal mannen en vrouwen;5 tot 10 jaar;Trinidad en Tobago;Caribisch Nederland;2011;0;0;0
6085;Totaal mannen en vrouwen;5 tot 10 jaar;Trinidad en Tobago;Caribisch Nederland;2012;2;0;2
6086;Totaal mannen en vrouwen;5 tot 10 jaar;Trinidad en Tobago;Caribisch Nederland;2013;0;0;0
6087;Totaal mannen en vrouwen;5 tot 10 jaar;Trinidad en Tobago;Caribisch Nederland;2014;1;0;1
6088;Totaal mannen en vrouwen;5 tot 10 jaar;Trinidad en Tobago;Caribisch Nederland;2015;0;0;0
6089;Totaal mannen en vrouwen;5 tot 10 jaar;Trinidad en Tobago;Caribisch Nederland;2016;2;0;2
6090;Totaal mannen en vrouwen;5 tot 10 jaar;Trinidad en Tobago;Caribisch Nederland;2017;0;0;0
6091;Totaal mannen en vrouwen;5 tot 10 jaar;Trinidad en Tobago;Caribisch Nederland;2018;0;0;0
6092;Totaal mannen en vrouwen;5 tot 10 jaar;Trinidad en Tobago;Caribisch Nederland;2019;0;0;0
6093;Totaal mannen en vrouwen;5 tot 10 jaar;Trinidad en Tobago;Caribisch Nederland;2020;0;0;0
6094;Totaal mannen en vrouwen;5 tot 10 jaar;Trinidad en Tobago;Caribisch Nederland;2021;0;0;0
6095;Totaal mannen en vrouwen;5 tot 10 jaar;Trinidad en Tobago;Caribisch Nederland;2022;5;0;5
6096;Totaal mannen en vrouwen;5 tot 10 jaar;Trinidad en Tobago;Caribisch Nederland;2023;1;0;1
6097;Totaal mannen en vrouwen;5 tot 10 jaar;Trinidad en Tobago;Bonaire;2011;0;0;0
6098;Totaal mannen en vrouwen;5 tot 10 jaar;Trinidad en Tobago;Bonaire;2012;0;0;0
6099;Totaal mannen en vrouwen;5 tot 10 jaar;Trinidad en Tobago;Bonaire;2013;0;0;0
6100;Totaal mannen en vrouwen;5 tot 10 jaar;Trinidad en Tobago;Bonaire;2014;1;0;1
6101;Totaal mannen en vrouwen;5 tot 10 jaar;Trinidad en Tobago;Bonaire;2015;0;0;0
6102;Totaal mannen en vrouwen;5 tot 10 jaar;Trinidad en Tobago;Bonaire;2016;0;0;0
6103;Totaal mannen en vrouwen;5 tot 10 jaar;Trinidad en Tobago;Bonaire;2017;0;0;0
6104;Totaal mannen en vrouwen;5 tot 10 jaar;Trinidad en Tobago;Bonaire;2018;0;0;0
6105;Totaal mannen en vrouwen;5 tot 10 jaar;Trinidad en Tobago;Bonaire;2019;0;0;0
6106;Totaal mannen en vrouwen;5 tot 10 jaar;Trinidad en Tobago;Bonaire;2020;0;0;0
6107;Totaal mannen en vrouwen;5 tot 10 jaar;Trinidad en Tobago;Bonaire;2021;0;0;0
6108;Totaal mannen en vrouwen;5 tot 10 jaar;Trinidad en Tobago;Bonaire;2022;3;0;3
6109;Totaal mannen en vrouwen;5 tot 10 jaar;Trinidad en Tobago;Bonaire;2023;0;0;0
6110;Totaal mannen en vrouwen;5 tot 10 jaar;Trinidad en Tobago;Sint Eustatius;2011;0;0;0
6111;Totaal mannen en vrouwen;5 tot 10 jaar;Trinidad en Tobago;Sint Eustatius;2012;2;0;2
6112;Totaal mannen en vrouwen;5 tot 10 jaar;Trinidad en Tobago;Sint Eustatius;2013;0;0;0
6113;Totaal mannen en vrouwen;5 tot 10 jaar;Trinidad en Tobago;Sint Eustatius;2014;0;0;0
6114;Totaal mannen en vrouwen;5 tot 10 jaar;Trinidad en Tobago;Sint Eustatius;2015;0;0;0
6115;Totaal mannen en vrouwen;5 tot 10 jaar;Trinidad en Tobago;Sint Eustatius;2016;0;0;0
6116;Totaal mannen en vrouwen;5 tot 10 jaar;Trinidad en Tobago;Sint Eustatius;2017;0;0;0
6117;Totaal mannen en vrouwen;5 tot 10 jaar;Trinidad en Tobago;Sint Eustatius;2018;0;0;0
6118;Totaal mannen en vrouwen;5 tot 10 jaar;Trinidad en Tobago;Sint Eustatius;2019;0;0;0
6119;Totaal mannen en vrouwen;5 tot 10 jaar;Trinidad en Tobago;Sint Eustatius;2020;0;0;0
6120;Totaal mannen en vrouwen;5 tot 10 jaar;Trinidad en Tobago;Sint Eustatius;2021;0;0;0
6121;Totaal mannen en vrouwen;5 tot 10 jaar;Trinidad en Tobago;Sint Eustatius;2022;2;0;2
6122;Totaal mannen en vrouwen;5 tot 10 jaar;Trinidad en Tobago;Sint Eustatius;2023;0;0;0
6123;Totaal mannen en vrouwen;5 tot 10 jaar;Trinidad en Tobago;Saba;2011;0;0;0
6124;Totaal mannen en vrouwen;5 tot 10 jaar;Trinidad en Tobago;Saba;2012;0;0;0
6125;Totaal mannen en vrouwen;5 tot 10 jaar;Trinidad en Tobago;Saba;2013;0;0;0
6126;Totaal mannen en vrouwen;5 tot 10 jaar;Trinidad en Tobago;Saba;2014;0;0;0
6127;Totaal mannen en vrouwen;5 tot 10 jaar;Trinidad en Tobago;Saba;2015;0;0;0
6128;Totaal mannen en vrouwen;5 tot 10 jaar;Trinidad en Tobago;Saba;2016;2;0;2
6129;Totaal mannen en vrouwen;5 tot 10 jaar;Trinidad en Tobago;Saba;2017;0;0;0
6130;Totaal mannen en vrouwen;5 tot 10 jaar;Trinidad en Tobago;Saba;2018;0;0;0
6131;Totaal mannen en vrouwen;5 tot 10 jaar;Trinidad en Tobago;Saba;2019;0;0;0
6132;Totaal mannen en vrouwen;5 tot 10 jaar;Trinidad en Tobago;Saba;2020;0;0;0
6133;Totaal mannen en vrouwen;5 tot 10 jaar;Trinidad en Tobago;Saba;2021;0;0;0
6134;Totaal mannen en vrouwen;5 tot 10 jaar;Trinidad en Tobago;Saba;2022;0;0;0
6135;Totaal mannen en vrouwen;5 tot 10 jaar;Trinidad en Tobago;Saba;2023;1;0;1
6136;Totaal mannen en vrouwen;5 tot 10 jaar;Venezuela;Caribisch Nederland;2011;0;0;0
6137;Totaal mannen en vrouwen;5 tot 10 jaar;Venezuela;Caribisch Nederland;2012;0;0;0
6138;Totaal mannen en vrouwen;5 tot 10 jaar;Venezuela;Caribisch Nederland;2013;0;0;0
6139;Totaal mannen en vrouwen;5 tot 10 jaar;Venezuela;Caribisch Nederland;2014;3;0;3
6140;Totaal mannen en vrouwen;5 tot 10 jaar;Venezuela;Caribisch Nederland;2015;4;0;4
6141;Totaal mannen en vrouwen;5 tot 10 jaar;Venezuela;Caribisch Nederland;2016;5;0;5
6142;Totaal mannen en vrouwen;5 tot 10 jaar;Venezuela;Caribisch Nederland;2017;9;1;8
6143;Totaal mannen en vrouwen;5 tot 10 jaar;Venezuela;Caribisch Nederland;2018;5;0;5
6144;Totaal mannen en vrouwen;5 tot 10 jaar;Venezuela;Caribisch Nederland;2019;7;2;5
6145;Totaal mannen en vrouwen;5 tot 10 jaar;Venezuela;Caribisch Nederland;2020;3;1;2
6146;Totaal mannen en vrouwen;5 tot 10 jaar;Venezuela;Caribisch Nederland;2021;6;2;4
6147;Totaal mannen en vrouwen;5 tot 10 jaar;Venezuela;Caribisch Nederland;2022;12;1;11
6148;Totaal mannen en vrouwen;5 tot 10 jaar;Venezuela;Caribisch Nederland;2023;14;2;12
6149;Totaal mannen en vrouwen;5 tot 10 jaar;Venezuela;Bonaire;2011;0;0;0
6150;Totaal mannen en vrouwen;5 tot 10 jaar;Venezuela;Bonaire;2012;0;0;0
6151;Totaal mannen en vrouwen;5 tot 10 jaar;Venezuela;Bonaire;2013;0;0;0
6152;Totaal mannen en vrouwen;5 tot 10 jaar;Venezuela;Bonaire;2014;3;0;3
6153;Totaal mannen en vrouwen;5 tot 10 jaar;Venezuela;Bonaire;2015;4;0;4
6154;Totaal mannen en vrouwen;5 tot 10 jaar;Venezuela;Bonaire;2016;5;0;5
6155;Totaal mannen en vrouwen;5 tot 10 jaar;Venezuela;Bonaire;2017;9;1;8
6156;Totaal mannen en vrouwen;5 tot 10 jaar;Venezuela;Bonaire;2018;5;0;5
6157;Totaal mannen en vrouwen;5 tot 10 jaar;Venezuela;Bonaire;2019;7;2;5
6158;Totaal mannen en vrouwen;5 tot 10 jaar;Venezuela;Bonaire;2020;3;0;3
6159;Totaal mannen en vrouwen;5 tot 10 jaar;Venezuela;Bonaire;2021;6;1;5
6160;Totaal mannen en vrouwen;5 tot 10 jaar;Venezuela;Bonaire;2022;12;1;11
6161;Totaal mannen en vrouwen;5 tot 10 jaar;Venezuela;Bonaire;2023;14;2;12
6162;Totaal mannen en vrouwen;5 tot 10 jaar;Venezuela;Sint Eustatius;2011;0;0;0
6163;Totaal mannen en vrouwen;5 tot 10 jaar;Venezuela;Sint Eustatius;2012;0;0;0
6164;Totaal mannen en vrouwen;5 tot 10 jaar;Venezuela;Sint Eustatius;2013;0;0;0
6165;Totaal mannen en vrouwen;5 tot 10 jaar;Venezuela;Sint Eustatius;2014;0;0;0
6166;Totaal mannen en vrouwen;5 tot 10 jaar;Venezuela;Sint Eustatius;2015;0;0;0
6167;Totaal mannen en vrouwen;5 tot 10 jaar;Venezuela;Sint Eustatius;2016;0;0;0
6168;Totaal mannen en vrouwen;5 tot 10 jaar;Venezuela;Sint Eustatius;2017;0;0;0
6169;Totaal mannen en vrouwen;5 tot 10 jaar;Venezuela;Sint Eustatius;2018;0;0;0
6170;Totaal mannen en vrouwen;5 tot 10 jaar;Venezuela;Sint Eustatius;2019;0;0;0
6171;Totaal mannen en vrouwen;5 tot 10 jaar;Venezuela;Sint Eustatius;2020;0;1;-1
6172;Totaal mannen en vrouwen;5 tot 10 jaar;Venezuela;Sint Eustatius;2021;0;0;0
6173;Totaal mannen en vrouwen;5 tot 10 jaar;Venezuela;Sint Eustatius;2022;0;0;0
6174;Totaal mannen en vrouwen;5 tot 10 jaar;Venezuela;Sint Eustatius;2023;0;0;0
6175;Totaal mannen en vrouwen;5 tot 10 jaar;Venezuela;Saba;2011;0;0;0
6176;Totaal mannen en vrouwen;5 tot 10 jaar;Venezuela;Saba;2012;0;0;0
6177;Totaal mannen en vrouwen;5 tot 10 jaar;Venezuela;Saba;2013;0;0;0
6178;Totaal mannen en vrouwen;5 tot 10 jaar;Venezuela;Saba;2014;0;0;0
6179;Totaal mannen en vrouwen;5 tot 10 jaar;Venezuela;Saba;2015;0;0;0
6180;Totaal mannen en vrouwen;5 tot 10 jaar;Venezuela;Saba;2016;0;0;0
6181;Totaal mannen en vrouwen;5 tot 10 jaar;Venezuela;Saba;2017;0;0;0
6182;Totaal mannen en vrouwen;5 tot 10 jaar;Venezuela;Saba;2018;0;0;0
6183;Totaal mannen en vrouwen;5 tot 10 jaar;Venezuela;Saba;2019;0;0;0
6184;Totaal mannen en vrouwen;5 tot 10 jaar;Venezuela;Saba;2020;0;0;0
6185;Totaal mannen en vrouwen;5 tot 10 jaar;Venezuela;Saba;2021;0;1;-1
6186;Totaal mannen en vrouwen;5 tot 10 jaar;Venezuela;Saba;2022;0;0;0
6187;Totaal mannen en vrouwen;5 tot 10 jaar;Venezuela;Saba;2023;0;0;0
6188;Totaal mannen en vrouwen;5 tot 10 jaar;Verenigde Staten van Amerika;Caribisch Nederland;2011;5;1;4
6189;Totaal mannen en vrouwen;5 tot 10 jaar;Verenigde Staten van Amerika;Caribisch Nederland;2012;4;6;-2
6190;Totaal mannen en vrouwen;5 tot 10 jaar;Verenigde Staten van Amerika;Caribisch Nederland;2013;5;3;2
6191;Totaal mannen en vrouwen;5 tot 10 jaar;Verenigde Staten van Amerika;Caribisch Nederland;2014;2;4;-2
6192;Totaal mannen en vrouwen;5 tot 10 jaar;Verenigde Staten van Amerika;Caribisch Nederland;2015;1;3;-2
6193;Totaal mannen en vrouwen;5 tot 10 jaar;Verenigde Staten van Amerika;Caribisch Nederland;2016;0;2;-2
6194;Totaal mannen en vrouwen;5 tot 10 jaar;Verenigde Staten van Amerika;Caribisch Nederland;2017;0;0;0
6195;Totaal mannen en vrouwen;5 tot 10 jaar;Verenigde Staten van Amerika;Caribisch Nederland;2018;0;1;-1
6196;Totaal mannen en vrouwen;5 tot 10 jaar;Verenigde Staten van Amerika;Caribisch Nederland;2019;5;3;2
6197;Totaal mannen en vrouwen;5 tot 10 jaar;Verenigde Staten van Amerika;Caribisch Nederland;2020;0;0;0
6198;Totaal mannen en vrouwen;5 tot 10 jaar;Verenigde Staten van Amerika;Caribisch Nederland;2021;2;3;-1
6199;Totaal mannen en vrouwen;5 tot 10 jaar;Verenigde Staten van Amerika;Caribisch Nederland;2022;0;1;-1
6200;Totaal mannen en vrouwen;5 tot 10 jaar;Verenigde Staten van Amerika;Caribisch Nederland;2023;1;3;-2
6201;Totaal mannen en vrouwen;5 tot 10 jaar;Verenigde Staten van Amerika;Bonaire;2011;4;0;4
6202;Totaal mannen en vrouwen;5 tot 10 jaar;Verenigde Staten van Amerika;Bonaire;2012;3;2;1
6203;Totaal mannen en vrouwen;5 tot 10 jaar;Verenigde Staten van Amerika;Bonaire;2013;2;0;2
6204;Totaal mannen en vrouwen;5 tot 10 jaar;Verenigde Staten van Amerika;Bonaire;2014;0;3;-3
6205;Totaal mannen en vrouwen;5 tot 10 jaar;Verenigde Staten van Amerika;Bonaire;2015;0;0;0
6206;Totaal mannen en vrouwen;5 tot 10 jaar;Verenigde Staten van Amerika;Bonaire;2016;0;2;-2
6207;Totaal mannen en vrouwen;5 tot 10 jaar;Verenigde Staten van Amerika;Bonaire;2017;0;0;0
6208;Totaal mannen en vrouwen;5 tot 10 jaar;Verenigde Staten van Amerika;Bonaire;2018;0;0;0
6209;Totaal mannen en vrouwen;5 tot 10 jaar;Verenigde Staten van Amerika;Bonaire;2019;3;0;3
6210;Totaal mannen en vrouwen;5 tot 10 jaar;Verenigde Staten van Amerika;Bonaire;2020;0;0;0
6211;Totaal mannen en vrouwen;5 tot 10 jaar;Verenigde Staten van Amerika;Bonaire;2021;0;0;0
6212;Totaal mannen en vrouwen;5 tot 10 jaar;Verenigde Staten van Amerika;Bonaire;2022;0;0;0
6213;Totaal mannen en vrouwen;5 tot 10 jaar;Verenigde Staten van Amerika;Bonaire;2023;0;0;0
6214;Totaal mannen en vrouwen;5 tot 10 jaar;Verenigde Staten van Amerika;Sint Eustatius;2011;0;1;-1
6215;Totaal mannen en vrouwen;5 tot 10 jaar;Verenigde Staten van Amerika;Sint Eustatius;2012;1;0;1
6216;Totaal mannen en vrouwen;5 tot 10 jaar;Verenigde Staten van Amerika;Sint Eustatius;2013;2;2;0
6217;Totaal mannen en vrouwen;5 tot 10 jaar;Verenigde Staten van Amerika;Sint Eustatius;2014;2;1;1
6218;Totaal mannen en vrouwen;5 tot 10 jaar;Verenigde Staten van Amerika;Sint Eustatius;2015;1;3;-2
6219;Totaal mannen en vrouwen;5 tot 10 jaar;Verenigde Staten van Amerika;Sint Eustatius;2016;0;0;0
6220;Totaal mannen en vrouwen;5 tot 10 jaar;Verenigde Staten van Amerika;Sint Eustatius;2017;0;0;0
6221;Totaal mannen en vrouwen;5 tot 10 jaar;Verenigde Staten van Amerika;Sint Eustatius;2018;0;0;0
6222;Totaal mannen en vrouwen;5 tot 10 jaar;Verenigde Staten van Amerika;Sint Eustatius;2019;0;0;0
6223;Totaal mannen en vrouwen;5 tot 10 jaar;Verenigde Staten van Amerika;Sint Eustatius;2020;0;0;0
6224;Totaal mannen en vrouwen;5 tot 10 jaar;Verenigde Staten van Amerika;Sint Eustatius;2021;0;0;0
6225;Totaal mannen en vrouwen;5 tot 10 jaar;Verenigde Staten van Amerika;Sint Eustatius;2022;0;1;-1
6226;Totaal mannen en vrouwen;5 tot 10 jaar;Verenigde Staten van Amerika;Sint Eustatius;2023;1;1;0
6227;Totaal mannen en vrouwen;5 tot 10 jaar;Verenigde Staten van Amerika;Saba;2011;1;0;1
6228;Totaal mannen en vrouwen;5 tot 10 jaar;Verenigde Staten van Amerika;Saba;2012;0;4;-4
6229;Totaal mannen en vrouwen;5 tot 10 jaar;Verenigde Staten van Amerika;Saba;2013;1;1;0
6230;Totaal mannen en vrouwen;5 tot 10 jaar;Verenigde Staten van Amerika;Saba;2014;0;0;0
6231;Totaal mannen en vrouwen;5 tot 10 jaar;Verenigde Staten van Amerika;Saba;2015;0;0;0
6232;Totaal mannen en vrouwen;5 tot 10 jaar;Verenigde Staten van Amerika;Saba;2016;0;0;0
6233;Totaal mannen en vrouwen;5 tot 10 jaar;Verenigde Staten van Amerika;Saba;2017;0;0;0
6234;Totaal mannen en vrouwen;5 tot 10 jaar;Verenigde Staten van Amerika;Saba;2018;0;1;-1
6235;Totaal mannen en vrouwen;5 tot 10 jaar;Verenigde Staten van Amerika;Saba;2019;2;3;-1
6236;Totaal mannen en vrouwen;5 tot 10 jaar;Verenigde Staten van Amerika;Saba;2020;0;0;0
6237;Totaal mannen en vrouwen;5 tot 10 jaar;Verenigde Staten van Amerika;Saba;2021;2;3;-1
6238;Totaal mannen en vrouwen;5 tot 10 jaar;Verenigde Staten van Amerika;Saba;2022;0;0;0
6239;Totaal mannen en vrouwen;5 tot 10 jaar;Verenigde Staten van Amerika;Saba;2023;0;2;-2
6240;Totaal mannen en vrouwen;5 tot 10 jaar;Overig Azië;Caribisch Nederland;2011;2;3;-1
6241;Totaal mannen en vrouwen;5 tot 10 jaar;Overig Azië;Caribisch Nederland;2012;1;1;0
6242;Totaal mannen en vrouwen;5 tot 10 jaar;Overig Azië;Caribisch Nederland;2013;1;0;1
6243;Totaal mannen en vrouwen;5 tot 10 jaar;Overig Azië;Caribisch Nederland;2014;0;1;-1
6244;Totaal mannen en vrouwen;5 tot 10 jaar;Overig Azië;Caribisch Nederland;2015;0;1;-1
6245;Totaal mannen en vrouwen;5 tot 10 jaar;Overig Azië;Caribisch Nederland;2016;0;1;-1
6246;Totaal mannen en vrouwen;5 tot 10 jaar;Overig Azië;Caribisch Nederland;2017;0;0;0
6247;Totaal mannen en vrouwen;5 tot 10 jaar;Overig Azië;Caribisch Nederland;2018;3;3;0
6248;Totaal mannen en vrouwen;5 tot 10 jaar;Overig Azië;Caribisch Nederland;2019;0;0;0
6249;Totaal mannen en vrouwen;5 tot 10 jaar;Overig Azië;Caribisch Nederland;2020;0;0;0
6250;Totaal mannen en vrouwen;5 tot 10 jaar;Overig Azië;Caribisch Nederland;2021;0;0;0
6251;Totaal mannen en vrouwen;5 tot 10 jaar;Overig Azië;Caribisch Nederland;2022;2;1;1
6252;Totaal mannen en vrouwen;5 tot 10 jaar;Overig Azië;Caribisch Nederland;2023;2;2;0
6253;Totaal mannen en vrouwen;5 tot 10 jaar;Overig Azië;Bonaire;2011;0;3;-3
6254;Totaal mannen en vrouwen;5 tot 10 jaar;Overig Azië;Bonaire;2012;0;0;0
6255;Totaal mannen en vrouwen;5 tot 10 jaar;Overig Azië;Bonaire;2013;0;0;0
6256;Totaal mannen en vrouwen;5 tot 10 jaar;Overig Azië;Bonaire;2014;0;0;0
6257;Totaal mannen en vrouwen;5 tot 10 jaar;Overig Azië;Bonaire;2015;0;0;0
6258;Totaal mannen en vrouwen;5 tot 10 jaar;Overig Azië;Bonaire;2016;0;0;0
6259;Totaal mannen en vrouwen;5 tot 10 jaar;Overig Azië;Bonaire;2017;0;0;0
6260;Totaal mannen en vrouwen;5 tot 10 jaar;Overig Azië;Bonaire;2018;1;3;-2
6261;Totaal mannen en vrouwen;5 tot 10 jaar;Overig Azië;Bonaire;2019;0;0;0
6262;Totaal mannen en vrouwen;5 tot 10 jaar;Overig Azië;Bonaire;2020;0;0;0
6263;Totaal mannen en vrouwen;5 tot 10 jaar;Overig Azië;Bonaire;2021;0;0;0
6264;Totaal mannen en vrouwen;5 tot 10 jaar;Overig Azië;Bonaire;2022;1;0;1
6265;Totaal mannen en vrouwen;5 tot 10 jaar;Overig Azië;Bonaire;2023;1;1;0
6266;Totaal mannen en vrouwen;5 tot 10 jaar;Overig Azië;Sint Eustatius;2011;2;0;2
6267;Totaal mannen en vrouwen;5 tot 10 jaar;Overig Azië;Sint Eustatius;2012;0;0;0
6268;Totaal mannen en vrouwen;5 tot 10 jaar;Overig Azië;Sint Eustatius;2013;0;0;0
6269;Totaal mannen en vrouwen;5 tot 10 jaar;Overig Azië;Sint Eustatius;2014;0;1;-1
6270;Totaal mannen en vrouwen;5 tot 10 jaar;Overig Azië;Sint Eustatius;2015;0;1;-1
6271;Totaal mannen en vrouwen;5 tot 10 jaar;Overig Azië;Sint Eustatius;2016;0;0;0
6272;Totaal mannen en vrouwen;5 tot 10 jaar;Overig Azië;Sint Eustatius;2017;0;0;0
6273;Totaal mannen en vrouwen;5 tot 10 jaar;Overig Azië;Sint Eustatius;2018;0;0;0
6274;Totaal mannen en vrouwen;5 tot 10 jaar;Overig Azië;Sint Eustatius;2019;0;0;0
6275;Totaal mannen en vrouwen;5 tot 10 jaar;Overig Azië;Sint Eustatius;2020;0;0;0
6276;Totaal mannen en vrouwen;5 tot 10 jaar;Overig Azië;Sint Eustatius;2021;0;0;0
6277;Totaal mannen en vrouwen;5 tot 10 jaar;Overig Azië;Sint Eustatius;2022;0;0;0
6278;Totaal mannen en vrouwen;5 tot 10 jaar;Overig Azië;Sint Eustatius;2023;0;0;0
6279;Totaal mannen en vrouwen;5 tot 10 jaar;Overig Azië;Saba;2011;0;0;0
6280;Totaal mannen en vrouwen;5 tot 10 jaar;Overig Azië;Saba;2012;1;1;0
6281;Totaal mannen en vrouwen;5 tot 10 jaar;Overig Azië;Saba;2013;1;0;1
6282;Totaal mannen en vrouwen;5 tot 10 jaar;Overig Azië;Saba;2014;0;0;0
6283;Totaal mannen en vrouwen;5 tot 10 jaar;Overig Azië;Saba;2015;0;0;0
6284;Totaal mannen en vrouwen;5 tot 10 jaar;Overig Azië;Saba;2016;0;1;-1
6285;Totaal mannen en vrouwen;5 tot 10 jaar;Overig Azië;Saba;2017;0;0;0
6286;Totaal mannen en vrouwen;5 tot 10 jaar;Overig Azië;Saba;2018;2;0;2
6287;Totaal mannen en vrouwen;5 tot 10 jaar;Overig Azië;Saba;2019;0;0;0
6288;Totaal mannen en vrouwen;5 tot 10 jaar;Overig Azië;Saba;2020;0;0;0
6289;Totaal mannen en vrouwen;5 tot 10 jaar;Overig Azië;Saba;2021;0;0;0
6290;Totaal mannen en vrouwen;5 tot 10 jaar;Overig Azië;Saba;2022;1;1;0
6291;Totaal mannen en vrouwen;5 tot 10 jaar;Overig Azië;Saba;2023;1;1;0
6292;Totaal mannen en vrouwen;5 tot 10 jaar;Overig Europa;Caribisch Nederland;2011;0;0;0
6293;Totaal mannen en vrouwen;5 tot 10 jaar;Overig Europa;Caribisch Nederland;2012;0;0;0
6294;Totaal mannen en vrouwen;5 tot 10 jaar;Overig Europa;Caribisch Nederland;2013;0;0;0
6295;Totaal mannen en vrouwen;5 tot 10 jaar;Overig Europa;Caribisch Nederland;2014;0;0;0
6296;Totaal mannen en vrouwen;5 tot 10 jaar;Overig Europa;Caribisch Nederland;2015;0;0;0
6297;Totaal mannen en vrouwen;5 tot 10 jaar;Overig Europa;Caribisch Nederland;2016;0;0;0
6298;Totaal mannen en vrouwen;5 tot 10 jaar;Overig Europa;Caribisch Nederland;2017;1;0;1
6299;Totaal mannen en vrouwen;5 tot 10 jaar;Overig Europa;Caribisch Nederland;2018;0;2;-2
6300;Totaal mannen en vrouwen;5 tot 10 jaar;Overig Europa;Caribisch Nederland;2019;0;0;0
6301;Totaal mannen en vrouwen;5 tot 10 jaar;Overig Europa;Caribisch Nederland;2020;0;0;0
6302;Totaal mannen en vrouwen;5 tot 10 jaar;Overig Europa;Caribisch Nederland;2021;2;0;2
6303;Totaal mannen en vrouwen;5 tot 10 jaar;Overig Europa;Caribisch Nederland;2022;1;0;1
6304;Totaal mannen en vrouwen;5 tot 10 jaar;Overig Europa;Caribisch Nederland;2023;0;1;-1
6305;Totaal mannen en vrouwen;5 tot 10 jaar;Overig Europa;Bonaire;2011;0;0;0
6306;Totaal mannen en vrouwen;5 tot 10 jaar;Overig Europa;Bonaire;2012;0;0;0
6307;Totaal mannen en vrouwen;5 tot 10 jaar;Overig Europa;Bonaire;2013;0;0;0
6308;Totaal mannen en vrouwen;5 tot 10 jaar;Overig Europa;Bonaire;2014;0;0;0
6309;Totaal mannen en vrouwen;5 tot 10 jaar;Overig Europa;Bonaire;2015;0;0;0
6310;Totaal mannen en vrouwen;5 tot 10 jaar;Overig Europa;Bonaire;2016;0;0;0
6311;Totaal mannen en vrouwen;5 tot 10 jaar;Overig Europa;Bonaire;2017;1;0;1
6312;Totaal mannen en vrouwen;5 tot 10 jaar;Overig Europa;Bonaire;2018;0;2;-2
6313;Totaal mannen en vrouwen;5 tot 10 jaar;Overig Europa;Bonaire;2019;0;0;0
6314;Totaal mannen en vrouwen;5 tot 10 jaar;Overig Europa;Bonaire;2020;0;0;0
6315;Totaal mannen en vrouwen;5 tot 10 jaar;Overig Europa;Bonaire;2021;1;0;1
6316;Totaal mannen en vrouwen;5 tot 10 jaar;Overig Europa;Bonaire;2022;1;0;1
6317;Totaal mannen en vrouwen;5 tot 10 jaar;Overig Europa;Bonaire;2023;0;0;0
6318;Totaal mannen en vrouwen;5 tot 10 jaar;Overig Europa;Sint Eustatius;2011;0;0;0
6319;Totaal mannen en vrouwen;5 tot 10 jaar;Overig Europa;Sint Eustatius;2012;0;0;0
6320;Totaal mannen en vrouwen;5 tot 10 jaar;Overig Europa;Sint Eustatius;2013;0;0;0
6321;Totaal mannen en vrouwen;5 tot 10 jaar;Overig Europa;Sint Eustatius;2014;0;0;0
6322;Totaal mannen en vrouwen;5 tot 10 jaar;Overig Europa;Sint Eustatius;2015;0;0;0
6323;Totaal mannen en vrouwen;5 tot 10 jaar;Overig Europa;Sint Eustatius;2016;0;0;0
6324;Totaal mannen en vrouwen;5 tot 10 jaar;Overig Europa;Sint Eustatius;2017;0;0;0
6325;Totaal mannen en vrouwen;5 tot 10 jaar;Overig Europa;Sint Eustatius;2018;0;0;0
6326;Totaal mannen en vrouwen;5 tot 10 jaar;Overig Europa;Sint Eustatius;2019;0;0;0
6327;Totaal mannen en vrouwen;5 tot 10 jaar;Overig Europa;Sint Eustatius;2020;0;0;0
6328;Totaal mannen en vrouwen;5 tot 10 jaar;Overig Europa;Sint Eustatius;2021;0;0;0
6329;Totaal mannen en vrouwen;5 tot 10 jaar;Overig Europa;Sint Eustatius;2022;0;0;0
6330;Totaal mannen en vrouwen;5 tot 10 jaar;Overig Europa;Sint Eustatius;2023;0;0;0
6331;Totaal mannen en vrouwen;5 tot 10 jaar;Overig Europa;Saba;2011;0;0;0
6332;Totaal mannen en vrouwen;5 tot 10 jaar;Overig Europa;Saba;2012;0;0;0
6333;Totaal mannen en vrouwen;5 tot 10 jaar;Overig Europa;Saba;2013;0;0;0
6334;Totaal mannen en vrouwen;5 tot 10 jaar;Overig Europa;Saba;2014;0;0;0
6335;Totaal mannen en vrouwen;5 tot 10 jaar;Overig Europa;Saba;2015;0;0;0
6336;Totaal mannen en vrouwen;5 tot 10 jaar;Overig Europa;Saba;2016;0;0;0
6337;Totaal mannen en vrouwen;5 tot 10 jaar;Overig Europa;Saba;2017;0;0;0
6338;Totaal mannen en vrouwen;5 tot 10 jaar;Overig Europa;Saba;2018;0;0;0
6339;Totaal mannen en vrouwen;5 tot 10 jaar;Overig Europa;Saba;2019;0;0;0
6340;Totaal mannen en vrouwen;5 tot 10 jaar;Overig Europa;Saba;2020;0;0;0
6341;Totaal mannen en vrouwen;5 tot 10 jaar;Overig Europa;Saba;2021;1;0;1
6342;Totaal mannen en vrouwen;5 tot 10 jaar;Overig Europa;Saba;2022;0;0;0
6343;Totaal mannen en vrouwen;5 tot 10 jaar;Overig Europa;Saba;2023;0;1;-1
6344;Totaal mannen en vrouwen;5 tot 10 jaar;Overig Midden- en Zuid-Amerika;Caribisch Nederland;2011;1;0;1
6345;Totaal mannen en vrouwen;5 tot 10 jaar;Overig Midden- en Zuid-Amerika;Caribisch Nederland;2012;0;1;-1
6346;Totaal mannen en vrouwen;5 tot 10 jaar;Overig Midden- en Zuid-Amerika;Caribisch Nederland;2013;1;1;0
6347;Totaal mannen en vrouwen;5 tot 10 jaar;Overig Midden- en Zuid-Amerika;Caribisch Nederland;2014;0;0;0
6348;Totaal mannen en vrouwen;5 tot 10 jaar;Overig Midden- en Zuid-Amerika;Caribisch Nederland;2015;1;1;0
6349;Totaal mannen en vrouwen;5 tot 10 jaar;Overig Midden- en Zuid-Amerika;Caribisch Nederland;2016;0;0;0
6350;Totaal mannen en vrouwen;5 tot 10 jaar;Overig Midden- en Zuid-Amerika;Caribisch Nederland;2017;0;1;-1
6351;Totaal mannen en vrouwen;5 tot 10 jaar;Overig Midden- en Zuid-Amerika;Caribisch Nederland;2018;0;1;-1
6352;Totaal mannen en vrouwen;5 tot 10 jaar;Overig Midden- en Zuid-Amerika;Caribisch Nederland;2019;2;0;2
6353;Totaal mannen en vrouwen;5 tot 10 jaar;Overig Midden- en Zuid-Amerika;Caribisch Nederland;2020;0;0;0
6354;Totaal mannen en vrouwen;5 tot 10 jaar;Overig Midden- en Zuid-Amerika;Caribisch Nederland;2021;2;0;2
6355;Totaal mannen en vrouwen;5 tot 10 jaar;Overig Midden- en Zuid-Amerika;Caribisch Nederland;2022;1;0;1
6356;Totaal mannen en vrouwen;5 tot 10 jaar;Overig Midden- en Zuid-Amerika;Caribisch Nederland;2023;4;0;4
6357;Totaal mannen en vrouwen;5 tot 10 jaar;Overig Midden- en Zuid-Amerika;Bonaire;2011;0;0;0
6358;Totaal mannen en vrouwen;5 tot 10 jaar;Overig Midden- en Zuid-Amerika;Bonaire;2012;0;0;0
6359;Totaal mannen en vrouwen;5 tot 10 jaar;Overig Midden- en Zuid-Amerika;Bonaire;2013;0;0;0
6360;Totaal mannen en vrouwen;5 tot 10 jaar;Overig Midden- en Zuid-Amerika;Bonaire;2014;0;0;0
6361;Totaal mannen en vrouwen;5 tot 10 jaar;Overig Midden- en Zuid-Amerika;Bonaire;2015;0;0;0
6362;Totaal mannen en vrouwen;5 tot 10 jaar;Overig Midden- en Zuid-Amerika;Bonaire;2016;0;0;0
6363;Totaal mannen en vrouwen;5 tot 10 jaar;Overig Midden- en Zuid-Amerika;Bonaire;2017;0;1;-1
6364;Totaal mannen en vrouwen;5 tot 10 jaar;Overig Midden- en Zuid-Amerika;Bonaire;2018;0;1;-1
6365;Totaal mannen en vrouwen;5 tot 10 jaar;Overig Midden- en Zuid-Amerika;Bonaire;2019;2;0;2
6366;Totaal mannen en vrouwen;5 tot 10 jaar;Overig Midden- en Zuid-Amerika;Bonaire;2020;0;0;0
6367;Totaal mannen en vrouwen;5 tot 10 jaar;Overig Midden- en Zuid-Amerika;Bonaire;2021;0;0;0
6368;Totaal mannen en vrouwen;5 tot 10 jaar;Overig Midden- en Zuid-Amerika;Bonaire;2022;1;0;1
6369;Totaal mannen en vrouwen;5 tot 10 jaar;Overig Midden- en Zuid-Amerika;Bonaire;2023;3;0;3
6370;Totaal mannen en vrouwen;5 tot 10 jaar;Overig Midden- en Zuid-Amerika;Sint Eustatius;2011;1;0;1
6371;Totaal mannen en vrouwen;5 tot 10 jaar;Overig Midden- en Zuid-Amerika;Sint Eustatius;2012;0;1;-1
6372;Totaal mannen en vrouwen;5 tot 10 jaar;Overig Midden- en Zuid-Amerika;Sint Eustatius;2013;1;0;1
6373;Totaal mannen en vrouwen;5 tot 10 jaar;Overig Midden- en Zuid-Amerika;Sint Eustatius;2014;0;0;0
6374;Totaal mannen en vrouwen;5 tot 10 jaar;Overig Midden- en Zuid-Amerika;Sint Eustatius;2015;1;1;0
6375;Totaal mannen en vrouwen;5 tot 10 jaar;Overig Midden- en Zuid-Amerika;Sint Eustatius;2016;0;0;0
6376;Totaal mannen en vrouwen;5 tot 10 jaar;Overig Midden- en Zuid-Amerika;Sint Eustatius;2017;0;0;0
6377;Totaal mannen en vrouwen;5 tot 10 jaar;Overig Midden- en Zuid-Amerika;Sint Eustatius;2018;0;0;0
6378;Totaal mannen en vrouwen;5 tot 10 jaar;Overig Midden- en Zuid-Amerika;Sint Eustatius;2019;0;0;0
6379;Totaal mannen en vrouwen;5 tot 10 jaar;Overig Midden- en Zuid-Amerika;Sint Eustatius;2020;0;0;0
6380;Totaal mannen en vrouwen;5 tot 10 jaar;Overig Midden- en Zuid-Amerika;Sint Eustatius;2021;2;0;2
6381;Totaal mannen en vrouwen;5 tot 10 jaar;Overig Midden- en Zuid-Amerika;Sint Eustatius;2022;0;0;0
6382;Totaal mannen en vrouwen;5 tot 10 jaar;Overig Midden- en Zuid-Amerika;Sint Eustatius;2023;0;0;0
6383;Totaal mannen en vrouwen;5 tot 10 jaar;Overig Midden- en Zuid-Amerika;Saba;2011;0;0;0
6384;Totaal mannen en vrouwen;5 tot 10 jaar;Overig Midden- en Zuid-Amerika;Saba;2012;0;0;0
6385;Totaal mannen en vrouwen;5 tot 10 jaar;Overig Midden- en Zuid-Amerika;Saba;2013;0;1;-1
6386;Totaal mannen en vrouwen;5 tot 10 jaar;Overig Midden- en Zuid-Amerika;Saba;2014;0;0;0
6387;Totaal mannen en vrouwen;5 tot 10 jaar;Overig Midden- en Zuid-Amerika;Saba;2015;0;0;0
6388;Totaal mannen en vrouwen;5 tot 10 jaar;Overig Midden- en Zuid-Amerika;Saba;2016;0;0;0
6389;Totaal mannen en vrouwen;5 tot 10 jaar;Overig Midden- en Zuid-Amerika;Saba;2017;0;0;0
6390;Totaal mannen en vrouwen;5 tot 10 jaar;Overig Midden- en Zuid-Amerika;Saba;2018;0;0;0
6391;Totaal mannen en vrouwen;5 tot 10 jaar;Overig Midden- en Zuid-Amerika;Saba;2019;0;0;0
6392;Totaal mannen en vrouwen;5 tot 10 jaar;Overig Midden- en Zuid-Amerika;Saba;2020;0;0;0
6393;Totaal mannen en vrouwen;5 tot 10 jaar;Overig Midden- en Zuid-Amerika;Saba;2021;0;0;0
6394;Totaal mannen en vrouwen;5 tot 10 jaar;Overig Midden- en Zuid-Amerika;Saba;2022;0;0;0
6395;Totaal mannen en vrouwen;5 tot 10 jaar;Overig Midden- en Zuid-Amerika;Saba;2023;1;0;1
6396;Totaal mannen en vrouwen;10 tot 15 jaar;Totaal;Caribisch Nederland;2011;84;33;51
6397;Totaal mannen en vrouwen;10 tot 15 jaar;Totaal;Caribisch Nederland;2012;79;70;9
6398;Totaal mannen en vrouwen;10 tot 15 jaar;Totaal;Caribisch Nederland;2013;100;60;40
6399;Totaal mannen en vrouwen;10 tot 15 jaar;Totaal;Caribisch Nederland;2014;79;66;13
6400;Totaal mannen en vrouwen;10 tot 15 jaar;Totaal;Caribisch Nederland;2015;77;72;5
6401;Totaal mannen en vrouwen;10 tot 15 jaar;Totaal;Caribisch Nederland;2016;79;65;14
6402;Totaal mannen en vrouwen;10 tot 15 jaar;Totaal;Caribisch Nederland;2017;68;78;-10
6403;Totaal mannen en vrouwen;10 tot 15 jaar;Totaal;Caribisch Nederland;2018;93;82;11
6404;Totaal mannen en vrouwen;10 tot 15 jaar;Totaal;Caribisch Nederland;2019;91;50;41
6405;Totaal mannen en vrouwen;10 tot 15 jaar;Totaal;Caribisch Nederland;2020;68;45;23
6406;Totaal mannen en vrouwen;10 tot 15 jaar;Totaal;Caribisch Nederland;2021;104;64;40
6407;Totaal mannen en vrouwen;10 tot 15 jaar;Totaal;Caribisch Nederland;2022;138;75;63
6408;Totaal mannen en vrouwen;10 tot 15 jaar;Totaal;Caribisch Nederland;2023;105;94;11
6409;Totaal mannen en vrouwen;10 tot 15 jaar;Totaal;Bonaire;2011;71;20;51
6410;Totaal mannen en vrouwen;10 tot 15 jaar;Totaal;Bonaire;2012;66;59;7
6411;Totaal mannen en vrouwen;10 tot 15 jaar;Totaal;Bonaire;2013;86;36;50
6412;Totaal mannen en vrouwen;10 tot 15 jaar;Totaal;Bonaire;2014;70;49;21
6413;Totaal mannen en vrouwen;10 tot 15 jaar;Totaal;Bonaire;2015;61;59;2
6414;Totaal mannen en vrouwen;10 tot 15 jaar;Totaal;Bonaire;2016;65;54;11
6415;Totaal mannen en vrouwen;10 tot 15 jaar;Totaal;Bonaire;2017;49;65;-16
6416;Totaal mannen en vrouwen;10 tot 15 jaar;Totaal;Bonaire;2018;76;52;24
6417;Totaal mannen en vrouwen;10 tot 15 jaar;Totaal;Bonaire;2019;76;39;37
6418;Totaal mannen en vrouwen;10 tot 15 jaar;Totaal;Bonaire;2020;55;34;21
6419;Totaal mannen en vrouwen;10 tot 15 jaar;Totaal;Bonaire;2021;82;50;32
6420;Totaal mannen en vrouwen;10 tot 15 jaar;Totaal;Bonaire;2022;119;61;58
6421;Totaal mannen en vrouwen;10 tot 15 jaar;Totaal;Bonaire;2023;87;69;18
6422;Totaal mannen en vrouwen;10 tot 15 jaar;Totaal;Sint Eustatius;2011;9;4;5
6423;Totaal mannen en vrouwen;10 tot 15 jaar;Totaal;Sint Eustatius;2012;10;7;3
6424;Totaal mannen en vrouwen;10 tot 15 jaar;Totaal;Sint Eustatius;2013;12;21;-9
6425;Totaal mannen en vrouwen;10 tot 15 jaar;Totaal;Sint Eustatius;2014;5;16;-11
6426;Totaal mannen en vrouwen;10 tot 15 jaar;Totaal;Sint Eustatius;2015;11;12;-1
6427;Totaal mannen en vrouwen;10 tot 15 jaar;Totaal;Sint Eustatius;2016;12;7;5
6428;Totaal mannen en vrouwen;10 tot 15 jaar;Totaal;Sint Eustatius;2017;14;6;8
6429;Totaal mannen en vrouwen;10 tot 15 jaar;Totaal;Sint Eustatius;2018;10;20;-10
6430;Totaal mannen en vrouwen;10 tot 15 jaar;Totaal;Sint Eustatius;2019;11;3;8
6431;Totaal mannen en vrouwen;10 tot 15 jaar;Totaal;Sint Eustatius;2020;3;5;-2
6432;Totaal mannen en vrouwen;10 tot 15 jaar;Totaal;Sint Eustatius;2021;11;5;6
6433;Totaal mannen en vrouwen;10 tot 15 jaar;Totaal;Sint Eustatius;2022;8;12;-4
6434;Totaal mannen en vrouwen;10 tot 15 jaar;Totaal;Sint Eustatius;2023;12;21;-9
6435;Totaal mannen en vrouwen;10 tot 15 jaar;Totaal;Saba;2011;4;9;-5
6436;Totaal mannen en vrouwen;10 tot 15 jaar;Totaal;Saba;2012;3;4;-1
6437;Totaal mannen en vrouwen;10 tot 15 jaar;Totaal;Saba;2013;2;3;-1
6438;Totaal mannen en vrouwen;10 tot 15 jaar;Totaal;Saba;2014;4;1;3
6439;Totaal mannen en vrouwen;10 tot 15 jaar;Totaal;Saba;2015;5;1;4
6440;Totaal mannen en vrouwen;10 tot 15 jaar;Totaal;Saba;2016;2;4;-2
6441;Totaal mannen en vrouwen;10 tot 15 jaar;Totaal;Saba;2017;5;7;-2
6442;Totaal mannen en vrouwen;10 tot 15 jaar;Totaal;Saba;2018;7;10;-3
6443;Totaal mannen en vrouwen;10 tot 15 jaar;Totaal;Saba;2019;4;8;-4
6444;Totaal mannen en vrouwen;10 tot 15 jaar;Totaal;Saba;2020;10;6;4
6445;Totaal mannen en vrouwen;10 tot 15 jaar;Totaal;Saba;2021;11;9;2
6446;Totaal mannen en vrouwen;10 tot 15 jaar;Totaal;Saba;2022;11;2;9
6447;Totaal mannen en vrouwen;10 tot 15 jaar;Totaal;Saba;2023;6;4;2
6448;Totaal mannen en vrouwen;10 tot 15 jaar;Buiten Caribisch Nederland geboren;Caribisch Nederland;2011;78;26;52
6449;Totaal mannen en vrouwen;10 tot 15 jaar;Buiten Caribisch Nederland geboren;Caribisch Nederland;2012;76;57;19
6450;Totaal mannen en vrouwen;10 tot 15 jaar;Buiten Caribisch Nederland geboren;Caribisch Nederland;2013;93;49;44
6451;Totaal mannen en vrouwen;10 tot 15 jaar;Buiten Caribisch Nederland geboren;Caribisch Nederland;2014;72;60;12
6452;Totaal mannen en vrouwen;10 tot 15 jaar;Buiten Caribisch Nederland geboren;Caribisch Nederland;2015;71;62;9
6453;Totaal mannen en vrouwen;10 tot 15 jaar;Buiten Caribisch Nederland geboren;Caribisch Nederland;2016;73;56;17
6454;Totaal mannen en vrouwen;10 tot 15 jaar;Buiten Caribisch Nederland geboren;Caribisch Nederland;2017;61;67;-6
6455;Totaal mannen en vrouwen;10 tot 15 jaar;Buiten Caribisch Nederland geboren;Caribisch Nederland;2018;86;60;26
6456;Totaal mannen en vrouwen;10 tot 15 jaar;Buiten Caribisch Nederland geboren;Caribisch Nederland;2019;82;40;42
6457;Totaal mannen en vrouwen;10 tot 15 jaar;Buiten Caribisch Nederland geboren;Caribisch Nederland;2020;58;34;24
6458;Totaal mannen en vrouwen;10 tot 15 jaar;Buiten Caribisch Nederland geboren;Caribisch Nederland;2021;99;52;47
6459;Totaal mannen en vrouwen;10 tot 15 jaar;Buiten Caribisch Nederland geboren;Caribisch Nederland;2022;130;54;76
6460;Totaal mannen en vrouwen;10 tot 15 jaar;Buiten Caribisch Nederland geboren;Caribisch Nederland;2023;101;65;36
6461;Totaal mannen en vrouwen;10 tot 15 jaar;Buiten Caribisch Nederland geboren;Bonaire;2011;65;15;50
6462;Totaal mannen en vrouwen;10 tot 15 jaar;Buiten Caribisch Nederland geboren;Bonaire;2012;63;47;16
6463;Totaal mannen en vrouwen;10 tot 15 jaar;Buiten Caribisch Nederland geboren;Bonaire;2013;79;30;49
6464;Totaal mannen en vrouwen;10 tot 15 jaar;Buiten Caribisch Nederland geboren;Bonaire;2014;64;43;21
6465;Totaal mannen en vrouwen;10 tot 15 jaar;Buiten Caribisch Nederland geboren;Bonaire;2015;56;50;6
6466;Totaal mannen en vrouwen;10 tot 15 jaar;Buiten Caribisch Nederland geboren;Bonaire;2016;59;46;13
6467;Totaal mannen en vrouwen;10 tot 15 jaar;Buiten Caribisch Nederland geboren;Bonaire;2017;42;54;-12
6468;Totaal mannen en vrouwen;10 tot 15 jaar;Buiten Caribisch Nederland geboren;Bonaire;2018;69;37;32
6469;Totaal mannen en vrouwen;10 tot 15 jaar;Buiten Caribisch Nederland geboren;Bonaire;2019;67;29;38
6470;Totaal mannen en vrouwen;10 tot 15 jaar;Buiten Caribisch Nederland geboren;Bonaire;2020;46;23;23
6471;Totaal mannen en vrouwen;10 tot 15 jaar;Buiten Caribisch Nederland geboren;Bonaire;2021;78;40;38
6472;Totaal mannen en vrouwen;10 tot 15 jaar;Buiten Caribisch Nederland geboren;Bonaire;2022;111;42;69
6473;Totaal mannen en vrouwen;10 tot 15 jaar;Buiten Caribisch Nederland geboren;Bonaire;2023;84;45;39
6474;Totaal mannen en vrouwen;10 tot 15 jaar;Buiten Caribisch Nederland geboren;Sint Eustatius;2011;9;3;6
6475;Totaal mannen en vrouwen;10 tot 15 jaar;Buiten Caribisch Nederland geboren;Sint Eustatius;2012;10;6;4
6476;Totaal mannen en vrouwen;10 tot 15 jaar;Buiten Caribisch Nederland geboren;Sint Eustatius;2013;12;16;-4
6477;Totaal mannen en vrouwen;10 tot 15 jaar;Buiten Caribisch Nederland geboren;Sint Eustatius;2014;4;16;-12
6478;Totaal mannen en vrouwen;10 tot 15 jaar;Buiten Caribisch Nederland geboren;Sint Eustatius;2015;10;11;-1
6479;Totaal mannen en vrouwen;10 tot 15 jaar;Buiten Caribisch Nederland geboren;Sint Eustatius;2016;12;7;5
6480;Totaal mannen en vrouwen;10 tot 15 jaar;Buiten Caribisch Nederland geboren;Sint Eustatius;2017;14;6;8
6481;Totaal mannen en vrouwen;10 tot 15 jaar;Buiten Caribisch Nederland geboren;Sint Eustatius;2018;10;14;-4
6482;Totaal mannen en vrouwen;10 tot 15 jaar;Buiten Caribisch Nederland geboren;Sint Eustatius;2019;11;3;8
6483;Totaal mannen en vrouwen;10 tot 15 jaar;Buiten Caribisch Nederland geboren;Sint Eustatius;2020;3;5;-2
6484;Totaal mannen en vrouwen;10 tot 15 jaar;Buiten Caribisch Nederland geboren;Sint Eustatius;2021;10;4;6
6485;Totaal mannen en vrouwen;10 tot 15 jaar;Buiten Caribisch Nederland geboren;Sint Eustatius;2022;8;10;-2
6486;Totaal mannen en vrouwen;10 tot 15 jaar;Buiten Caribisch Nederland geboren;Sint Eustatius;2023;11;16;-5
6487;Totaal mannen en vrouwen;10 tot 15 jaar;Buiten Caribisch Nederland geboren;Saba;2011;4;8;-4
6488;Totaal mannen en vrouwen;10 tot 15 jaar;Buiten Caribisch Nederland geboren;Saba;2012;3;4;-1
6489;Totaal mannen en vrouwen;10 tot 15 jaar;Buiten Caribisch Nederland geboren;Saba;2013;2;3;-1
6490;Totaal mannen en vrouwen;10 tot 15 jaar;Buiten Caribisch Nederland geboren;Saba;2014;4;1;3
6491;Totaal mannen en vrouwen;10 tot 15 jaar;Buiten Caribisch Nederland geboren;Saba;2015;5;1;4
6492;Totaal mannen en vrouwen;10 tot 15 jaar;Buiten Caribisch Nederland geboren;Saba;2016;2;3;-1
6493;Totaal mannen en vrouwen;10 tot 15 jaar;Buiten Caribisch Nederland geboren;Saba;2017;5;7;-2
6494;Totaal mannen en vrouwen;10 tot 15 jaar;Buiten Caribisch Nederland geboren;Saba;2018;7;9;-2
6495;Totaal mannen en vrouwen;10 tot 15 jaar;Buiten Caribisch Nederland geboren;Saba;2019;4;8;-4
6496;Totaal mannen en vrouwen;10 tot 15 jaar;Buiten Caribisch Nederland geboren;Saba;2020;9;6;3
6497;Totaal mannen en vrouwen;10 tot 15 jaar;Buiten Caribisch Nederland geboren;Saba;2021;11;8;3
6498;Totaal mannen en vrouwen;10 tot 15 jaar;Buiten Caribisch Nederland geboren;Saba;2022;11;2;9
6499;Totaal mannen en vrouwen;10 tot 15 jaar;Buiten Caribisch Nederland geboren;Saba;2023;6;4;2
6500;Totaal mannen en vrouwen;10 tot 15 jaar;Buiten Nederlandse Cariben geboren;Caribisch Nederland;2011;56;21;35
6501;Totaal mannen en vrouwen;10 tot 15 jaar;Buiten Nederlandse Cariben geboren;Caribisch Nederland;2012;54;40;14
6502;Totaal mannen en vrouwen;10 tot 15 jaar;Buiten Nederlandse Cariben geboren;Caribisch Nederland;2013;76;39;37
6503;Totaal mannen en vrouwen;10 tot 15 jaar;Buiten Nederlandse Cariben geboren;Caribisch Nederland;2014;52;43;9
6504;Totaal mannen en vrouwen;10 tot 15 jaar;Buiten Nederlandse Cariben geboren;Caribisch Nederland;2015;56;48;8
6505;Totaal mannen en vrouwen;10 tot 15 jaar;Buiten Nederlandse Cariben geboren;Caribisch Nederland;2016;54;41;13
6506;Totaal mannen en vrouwen;10 tot 15 jaar;Buiten Nederlandse Cariben geboren;Caribisch Nederland;2017;48;51;-3
6507;Totaal mannen en vrouwen;10 tot 15 jaar;Buiten Nederlandse Cariben geboren;Caribisch Nederland;2018;61;37;24
6508;Totaal mannen en vrouwen;10 tot 15 jaar;Buiten Nederlandse Cariben geboren;Caribisch Nederland;2019;65;27;38
6509;Totaal mannen en vrouwen;10 tot 15 jaar;Buiten Nederlandse Cariben geboren;Caribisch Nederland;2020;42;23;19
6510;Totaal mannen en vrouwen;10 tot 15 jaar;Buiten Nederlandse Cariben geboren;Caribisch Nederland;2021;63;38;25
6511;Totaal mannen en vrouwen;10 tot 15 jaar;Buiten Nederlandse Cariben geboren;Caribisch Nederland;2022;102;28;74
6512;Totaal mannen en vrouwen;10 tot 15 jaar;Buiten Nederlandse Cariben geboren;Caribisch Nederland;2023;82;40;42
6513;Totaal mannen en vrouwen;10 tot 15 jaar;Buiten Nederlandse Cariben geboren;Bonaire;2011;45;10;35
6514;Totaal mannen en vrouwen;10 tot 15 jaar;Buiten Nederlandse Cariben geboren;Bonaire;2012;44;32;12
6515;Totaal mannen en vrouwen;10 tot 15 jaar;Buiten Nederlandse Cariben geboren;Bonaire;2013;63;24;39
6516;Totaal mannen en vrouwen;10 tot 15 jaar;Buiten Nederlandse Cariben geboren;Bonaire;2014;44;33;11
6517;Totaal mannen en vrouwen;10 tot 15 jaar;Buiten Nederlandse Cariben geboren;Bonaire;2015;43;40;3
6518;Totaal mannen en vrouwen;10 tot 15 jaar;Buiten Nederlandse Cariben geboren;Bonaire;2016;45;36;9
6519;Totaal mannen en vrouwen;10 tot 15 jaar;Buiten Nederlandse Cariben geboren;Bonaire;2017;37;43;-6
6520;Totaal mannen en vrouwen;10 tot 15 jaar;Buiten Nederlandse Cariben geboren;Bonaire;2018;53;27;26
6521;Totaal mannen en vrouwen;10 tot 15 jaar;Buiten Nederlandse Cariben geboren;Bonaire;2019;51;20;31
6522;Totaal mannen en vrouwen;10 tot 15 jaar;Buiten Nederlandse Cariben geboren;Bonaire;2020;32;17;15
6523;Totaal mannen en vrouwen;10 tot 15 jaar;Buiten Nederlandse Cariben geboren;Bonaire;2021;52;31;21
6524;Totaal mannen en vrouwen;10 tot 15 jaar;Buiten Nederlandse Cariben geboren;Bonaire;2022;86;24;62
6525;Totaal mannen en vrouwen;10 tot 15 jaar;Buiten Nederlandse Cariben geboren;Bonaire;2023;70;27;43
6526;Totaal mannen en vrouwen;10 tot 15 jaar;Buiten Nederlandse Cariben geboren;Sint Eustatius;2011;8;3;5
6527;Totaal mannen en vrouwen;10 tot 15 jaar;Buiten Nederlandse Cariben geboren;Sint Eustatius;2012;8;5;3
6528;Totaal mannen en vrouwen;10 tot 15 jaar;Buiten Nederlandse Cariben geboren;Sint Eustatius;2013;11;12;-1
6529;Totaal mannen en vrouwen;10 tot 15 jaar;Buiten Nederlandse Cariben geboren;Sint Eustatius;2014;4;10;-6
6530;Totaal mannen en vrouwen;10 tot 15 jaar;Buiten Nederlandse Cariben geboren;Sint Eustatius;2015;8;7;1
6531;Totaal mannen en vrouwen;10 tot 15 jaar;Buiten Nederlandse Cariben geboren;Sint Eustatius;2016;7;4;3
6532;Totaal mannen en vrouwen;10 tot 15 jaar;Buiten Nederlandse Cariben geboren;Sint Eustatius;2017;8;4;4
6533;Totaal mannen en vrouwen;10 tot 15 jaar;Buiten Nederlandse Cariben geboren;Sint Eustatius;2018;5;6;-1
6534;Totaal mannen en vrouwen;10 tot 15 jaar;Buiten Nederlandse Cariben geboren;Sint Eustatius;2019;10;2;8
6535;Totaal mannen en vrouwen;10 tot 15 jaar;Buiten Nederlandse Cariben geboren;Sint Eustatius;2020;1;4;-3
6536;Totaal mannen en vrouwen;10 tot 15 jaar;Buiten Nederlandse Cariben geboren;Sint Eustatius;2021;3;1;2
6537;Totaal mannen en vrouwen;10 tot 15 jaar;Buiten Nederlandse Cariben geboren;Sint Eustatius;2022;6;2;4
6538;Totaal mannen en vrouwen;10 tot 15 jaar;Buiten Nederlandse Cariben geboren;Sint Eustatius;2023;8;10;-2
6539;Totaal mannen en vrouwen;10 tot 15 jaar;Buiten Nederlandse Cariben geboren;Saba;2011;3;8;-5
6540;Totaal mannen en vrouwen;10 tot 15 jaar;Buiten Nederlandse Cariben geboren;Saba;2012;2;3;-1
6541;Totaal mannen en vrouwen;10 tot 15 jaar;Buiten Nederlandse Cariben geboren;Saba;2013;2;3;-1
6542;Totaal mannen en vrouwen;10 tot 15 jaar;Buiten Nederlandse Cariben geboren;Saba;2014;4;0;4
6543;Totaal mannen en vrouwen;10 tot 15 jaar;Buiten Nederlandse Cariben geboren;Saba;2015;5;1;4
6544;Totaal mannen en vrouwen;10 tot 15 jaar;Buiten Nederlandse Cariben geboren;Saba;2016;2;1;1
6545;Totaal mannen en vrouwen;10 tot 15 jaar;Buiten Nederlandse Cariben geboren;Saba;2017;3;4;-1
6546;Totaal mannen en vrouwen;10 tot 15 jaar;Buiten Nederlandse Cariben geboren;Saba;2018;3;4;-1
6547;Totaal mannen en vrouwen;10 tot 15 jaar;Buiten Nederlandse Cariben geboren;Saba;2019;4;5;-1
6548;Totaal mannen en vrouwen;10 tot 15 jaar;Buiten Nederlandse Cariben geboren;Saba;2020;9;2;7
6549;Totaal mannen en vrouwen;10 tot 15 jaar;Buiten Nederlandse Cariben geboren;Saba;2021;8;6;2
6550;Totaal mannen en vrouwen;10 tot 15 jaar;Buiten Nederlandse Cariben geboren;Saba;2022;10;2;8
6551;Totaal mannen en vrouwen;10 tot 15 jaar;Buiten Nederlandse Cariben geboren;Saba;2023;4;3;1
6552;Totaal mannen en vrouwen;10 tot 15 jaar;Buiten Koninkrijk der Nederlanden gebo..;Caribisch Nederland;2011;26;12;14
6553;Totaal mannen en vrouwen;10 tot 15 jaar;Buiten Koninkrijk der Nederlanden gebo..;Caribisch Nederland;2012;31;8;23
6554;Totaal mannen en vrouwen;10 tot 15 jaar;Buiten Koninkrijk der Nederlanden gebo..;Caribisch Nederland;2013;21;12;9
6555;Totaal mannen en vrouwen;10 tot 15 jaar;Buiten Koninkrijk der Nederlanden gebo..;Caribisch Nederland;2014;14;10;4
6556;Totaal mannen en vrouwen;10 tot 15 jaar;Buiten Koninkrijk der Nederlanden gebo..;Caribisch Nederland;2015;25;12;13
6557;Totaal mannen en vrouwen;10 tot 15 jaar;Buiten Koninkrijk der Nederlanden gebo..;Caribisch Nederland;2016;28;10;18
6558;Totaal mannen en vrouwen;10 tot 15 jaar;Buiten Koninkrijk der Nederlanden gebo..;Caribisch Nederland;2017;20;16;4
6559;Totaal mannen en vrouwen;10 tot 15 jaar;Buiten Koninkrijk der Nederlanden gebo..;Caribisch Nederland;2018;28;12;16
6560;Totaal mannen en vrouwen;10 tot 15 jaar;Buiten Koninkrijk der Nederlanden gebo..;Caribisch Nederland;2019;31;4;27
6561;Totaal mannen en vrouwen;10 tot 15 jaar;Buiten Koninkrijk der Nederlanden gebo..;Caribisch Nederland;2020;20;6;14
6562;Totaal mannen en vrouwen;10 tot 15 jaar;Buiten Koninkrijk der Nederlanden gebo..;Caribisch Nederland;2021;27;7;20
6563;Totaal mannen en vrouwen;10 tot 15 jaar;Buiten Koninkrijk der Nederlanden gebo..;Caribisch Nederland;2022;52;1;51
6564;Totaal mannen en vrouwen;10 tot 15 jaar;Buiten Koninkrijk der Nederlanden gebo..;Caribisch Nederland;2023;54;13;41
6565;Totaal mannen en vrouwen;10 tot 15 jaar;Buiten Koninkrijk der Nederlanden gebo..;Bonaire;2011;18;2;16
6566;Totaal mannen en vrouwen;10 tot 15 jaar;Buiten Koninkrijk der Nederlanden gebo..;Bonaire;2012;24;4;20
6567;Totaal mannen en vrouwen;10 tot 15 jaar;Buiten Koninkrijk der Nederlanden gebo..;Bonaire;2013;11;0;11
6568;Totaal mannen en vrouwen;10 tot 15 jaar;Buiten Koninkrijk der Nederlanden gebo..;Bonaire;2014;10;2;8
6569;Totaal mannen en vrouwen;10 tot 15 jaar;Buiten Koninkrijk der Nederlanden gebo..;Bonaire;2015;15;6;9
6570;Totaal mannen en vrouwen;10 tot 15 jaar;Buiten Koninkrijk der Nederlanden gebo..;Bonaire;2016;24;9;15
6571;Totaal mannen en vrouwen;10 tot 15 jaar;Buiten Koninkrijk der Nederlanden gebo..;Bonaire;2017;14;9;5
6572;Totaal mannen en vrouwen;10 tot 15 jaar;Buiten Koninkrijk der Nederlanden gebo..;Bonaire;2018;23;6;17
6573;Totaal mannen en vrouwen;10 tot 15 jaar;Buiten Koninkrijk der Nederlanden gebo..;Bonaire;2019;21;1;20
6574;Totaal mannen en vrouwen;10 tot 15 jaar;Buiten Koninkrijk der Nederlanden gebo..;Bonaire;2020;14;3;11
6575;Totaal mannen en vrouwen;10 tot 15 jaar;Buiten Koninkrijk der Nederlanden gebo..;Bonaire;2021;19;6;13
6576;Totaal mannen en vrouwen;10 tot 15 jaar;Buiten Koninkrijk der Nederlanden gebo..;Bonaire;2022;40;0;40
6577;Totaal mannen en vrouwen;10 tot 15 jaar;Buiten Koninkrijk der Nederlanden gebo..;Bonaire;2023;42;4;38
6578;Totaal mannen en vrouwen;10 tot 15 jaar;Buiten Koninkrijk der Nederlanden gebo..;Sint Eustatius;2011;6;2;4
6579;Totaal mannen en vrouwen;10 tot 15 jaar;Buiten Koninkrijk der Nederlanden gebo..;Sint Eustatius;2012;5;1;4
6580;Totaal mannen en vrouwen;10 tot 15 jaar;Buiten Koninkrijk der Nederlanden gebo..;Sint Eustatius;2013;9;10;-1
6581;Totaal mannen en vrouwen;10 tot 15 jaar;Buiten Koninkrijk der Nederlanden gebo..;Sint Eustatius;2014;3;8;-5
6582;Totaal mannen en vrouwen;10 tot 15 jaar;Buiten Koninkrijk der Nederlanden gebo..;Sint Eustatius;2015;6;6;0
6583;Totaal mannen en vrouwen;10 tot 15 jaar;Buiten Koninkrijk der Nederlanden gebo..;Sint Eustatius;2016;4;1;3
6584;Totaal mannen en vrouwen;10 tot 15 jaar;Buiten Koninkrijk der Nederlanden gebo..;Sint Eustatius;2017;4;4;0
6585;Totaal mannen en vrouwen;10 tot 15 jaar;Buiten Koninkrijk der Nederlanden gebo..;Sint Eustatius;2018;2;3;-1
6586;Totaal mannen en vrouwen;10 tot 15 jaar;Buiten Koninkrijk der Nederlanden gebo..;Sint Eustatius;2019;6;1;5
6587;Totaal mannen en vrouwen;10 tot 15 jaar;Buiten Koninkrijk der Nederlanden gebo..;Sint Eustatius;2020;1;1;0
6588;Totaal mannen en vrouwen;10 tot 15 jaar;Buiten Koninkrijk der Nederlanden gebo..;Sint Eustatius;2021;3;0;3
6589;Totaal mannen en vrouwen;10 tot 15 jaar;Buiten Koninkrijk der Nederlanden gebo..;Sint Eustatius;2022;4;1;3
6590;Totaal mannen en vrouwen;10 tot 15 jaar;Buiten Koninkrijk der Nederlanden gebo..;Sint Eustatius;2023;8;8;0
6591;Totaal mannen en vrouwen;10 tot 15 jaar;Buiten Koninkrijk der Nederlanden gebo..;Saba;2011;2;8;-6
6592;Totaal mannen en vrouwen;10 tot 15 jaar;Buiten Koninkrijk der Nederlanden gebo..;Saba;2012;2;3;-1
6593;Totaal mannen en vrouwen;10 tot 15 jaar;Buiten Koninkrijk der Nederlanden gebo..;Saba;2013;1;2;-1
6594;Totaal mannen en vrouwen;10 tot 15 jaar;Buiten Koninkrijk der Nederlanden gebo..;Saba;2014;1;0;1
6595;Totaal mannen en vrouwen;10 tot 15 jaar;Buiten Koninkrijk der Nederlanden gebo..;Saba;2015;4;0;4
6596;Totaal mannen en vrouwen;10 tot 15 jaar;Buiten Koninkrijk der Nederlanden gebo..;Saba;2016;0;0;0
6597;Totaal mannen en vrouwen;10 tot 15 jaar;Buiten Koninkrijk der Nederlanden gebo..;Saba;2017;2;3;-1
6598;Totaal mannen en vrouwen;10 tot 15 jaar;Buiten Koninkrijk der Nederlanden gebo..;Saba;2018;3;3;0
6599;Totaal mannen en vrouwen;10 tot 15 jaar;Buiten Koninkrijk der Nederlanden gebo..;Saba;2019;4;2;2
6600;Totaal mannen en vrouwen;10 tot 15 jaar;Buiten Koninkrijk der Nederlanden gebo..;Saba;2020;5;2;3
6601;Totaal mannen en vrouwen;10 tot 15 jaar;Buiten Koninkrijk der Nederlanden gebo..;Saba;2021;5;1;4
6602;Totaal mannen en vrouwen;10 tot 15 jaar;Buiten Koninkrijk der Nederlanden gebo..;Saba;2022;8;0;8
6603;Totaal mannen en vrouwen;10 tot 15 jaar;Buiten Koninkrijk der Nederlanden gebo..;Saba;2023;4;1;3
6604;Totaal mannen en vrouwen;10 tot 15 jaar;Afrika;Caribisch Nederland;2011;0;0;0
6605;Totaal mannen en vrouwen;10 tot 15 jaar;Afrika;Caribisch Nederland;2012;0;0;0
6606;Totaal mannen en vrouwen;10 tot 15 jaar;Afrika;Caribisch Nederland;2013;0;0;0
6607;Totaal mannen en vrouwen;10 tot 15 jaar;Afrika;Caribisch Nederland;2014;0;0;0
6608;Totaal mannen en vrouwen;10 tot 15 jaar;Afrika;Caribisch Nederland;2015;0;0;0
6609;Totaal mannen en vrouwen;10 tot 15 jaar;Afrika;Caribisch Nederland;2016;0;0;0
6610;Totaal mannen en vrouwen;10 tot 15 jaar;Afrika;Caribisch Nederland;2017;0;0;0
6611;Totaal mannen en vrouwen;10 tot 15 jaar;Afrika;Caribisch Nederland;2018;1;0;1
6612;Totaal mannen en vrouwen;10 tot 15 jaar;Afrika;Caribisch Nederland;2019;0;1;-1
6613;Totaal mannen en vrouwen;10 tot 15 jaar;Afrika;Caribisch Nederland;2020;0;0;0
6614;Totaal mannen en vrouwen;10 tot 15 jaar;Afrika;Caribisch Nederland;2021;0;1;-1
6615;Totaal mannen en vrouwen;10 tot 15 jaar;Afrika;Caribisch Nederland;2022;3;0;3
6616;Totaal mannen en vrouwen;10 tot 15 jaar;Afrika;Caribisch Nederland;2023;0;0;0
6617;Totaal mannen en vrouwen;10 tot 15 jaar;Afrika;Bonaire;2011;0;0;0
6618;Totaal mannen en vrouwen;10 tot 15 jaar;Afrika;Bonaire;2012;0;0;0
6619;Totaal mannen en vrouwen;10 tot 15 jaar;Afrika;Bonaire;2013;0;0;0
6620;Totaal mannen en vrouwen;10 tot 15 jaar;Afrika;Bonaire;2014;0;0;0
6621;Totaal mannen en vrouwen;10 tot 15 jaar;Afrika;Bonaire;2015;0;0;0
6622;Totaal mannen en vrouwen;10 tot 15 jaar;Afrika;Bonaire;2016;0;0;0
6623;Totaal mannen en vrouwen;10 tot 15 jaar;Afrika;Bonaire;2017;0;0;0
6624;Totaal mannen en vrouwen;10 tot 15 jaar;Afrika;Bonaire;2018;0;0;0
6625;Totaal mannen en vrouwen;10 tot 15 jaar;Afrika;Bonaire;2019;0;0;0
6626;Totaal mannen en vrouwen;10 tot 15 jaar;Afrika;Bonaire;2020;0;0;0
6627;Totaal mannen en vrouwen;10 tot 15 jaar;Afrika;Bonaire;2021;0;1;-1
6628;Totaal mannen en vrouwen;10 tot 15 jaar;Afrika;Bonaire;2022;0;0;0
6629;Totaal mannen en vrouwen;10 tot 15 jaar;Afrika;Bonaire;2023;0;0;0
6630;Totaal mannen en vrouwen;10 tot 15 jaar;Afrika;Sint Eustatius;2011;0;0;0
6631;Totaal mannen en vrouwen;10 tot 15 jaar;Afrika;Sint Eustatius;2012;0;0;0
6632;Totaal mannen en vrouwen;10 tot 15 jaar;Afrika;Sint Eustatius;2013;0;0;0
6633;Totaal mannen en vrouwen;10 tot 15 jaar;Afrika;Sint Eustatius;2014;0;0;0
6634;Totaal mannen en vrouwen;10 tot 15 jaar;Afrika;Sint Eustatius;2015;0;0;0
6635;Totaal mannen en vrouwen;10 tot 15 jaar;Afrika;Sint Eustatius;2016;0;0;0
6636;Totaal mannen en vrouwen;10 tot 15 jaar;Afrika;Sint Eustatius;2017;0;0;0
6637;Totaal mannen en vrouwen;10 tot 15 jaar;Afrika;Sint Eustatius;2018;0;0;0
6638;Totaal mannen en vrouwen;10 tot 15 jaar;Afrika;Sint Eustatius;2019;0;0;0
6639;Totaal mannen en vrouwen;10 tot 15 jaar;Afrika;Sint Eustatius;2020;0;0;0
6640;Totaal mannen en vrouwen;10 tot 15 jaar;Afrika;Sint Eustatius;2021;0;0;0
6641;Totaal mannen en vrouwen;10 tot 15 jaar;Afrika;Sint Eustatius;2022;0;0;0
6642;Totaal mannen en vrouwen;10 tot 15 jaar;Afrika;Sint Eustatius;2023;0;0;0
6643;Totaal mannen en vrouwen;10 tot 15 jaar;Afrika;Saba;2011;0;0;0
6644;Totaal mannen en vrouwen;10 tot 15 jaar;Afrika;Saba;2012;0;0;0
6645;Totaal mannen en vrouwen;10 tot 15 jaar;Afrika;Saba;2013;0;0;0
6646;Totaal mannen en vrouwen;10 tot 15 jaar;Afrika;Saba;2014;0;0;0
6647;Totaal mannen en vrouwen;10 tot 15 jaar;Afrika;Saba;2015;0;0;0
6648;Totaal mannen en vrouwen;10 tot 15 jaar;Afrika;Saba;2016;0;0;0
6649;Totaal mannen en vrouwen;10 tot 15 jaar;Afrika;Saba;2017;0;0;0
6650;Totaal mannen en vrouwen;10 tot 15 jaar;Afrika;Saba;2018;1;0;1
6651;Totaal mannen en vrouwen;10 tot 15 jaar;Afrika;Saba;2019;0;1;-1
6652;Totaal mannen en vrouwen;10 tot 15 jaar;Afrika;Saba;2020;0;0;0
6653;Totaal mannen en vrouwen;10 tot 15 jaar;Afrika;Saba;2021;0;0;0
6654;Totaal mannen en vrouwen;10 tot 15 jaar;Afrika;Saba;2022;3;0;3
6655;Totaal mannen en vrouwen;10 tot 15 jaar;Afrika;Saba;2023;0;0;0
6656;Totaal mannen en vrouwen;10 tot 15 jaar;Amerika;Caribisch Nederland;2011;47;24;23
6657;Totaal mannen en vrouwen;10 tot 15 jaar;Amerika;Caribisch Nederland;2012;53;35;18
6658;Totaal mannen en vrouwen;10 tot 15 jaar;Amerika;Caribisch Nederland;2013;41;30;11
6659;Totaal mannen en vrouwen;10 tot 15 jaar;Amerika;Caribisch Nederland;2014;38;30;8
6660;Totaal mannen en vrouwen;10 tot 15 jaar;Amerika;Caribisch Nederland;2015;42;32;10
6661;Totaal mannen en vrouwen;10 tot 15 jaar;Amerika;Caribisch Nederland;2016;50;31;19
6662;Totaal mannen en vrouwen;10 tot 15 jaar;Amerika;Caribisch Nederland;2017;36;42;-6
6663;Totaal mannen en vrouwen;10 tot 15 jaar;Amerika;Caribisch Nederland;2018;57;51;6
6664;Totaal mannen en vrouwen;10 tot 15 jaar;Amerika;Caribisch Nederland;2019;55;26;29
6665;Totaal mannen en vrouwen;10 tot 15 jaar;Amerika;Caribisch Nederland;2020;43;25;18
6666;Totaal mannen en vrouwen;10 tot 15 jaar;Amerika;Caribisch Nederland;2021;66;32;34
6667;Totaal mannen en vrouwen;10 tot 15 jaar;Amerika;Caribisch Nederland;2022;82;47;35
6668;Totaal mannen en vrouwen;10 tot 15 jaar;Amerika;Caribisch Nederland;2023;75;65;10
6669;Totaal mannen en vrouwen;10 tot 15 jaar;Amerika;Bonaire;2011;39;12;27
6670;Totaal mannen en vrouwen;10 tot 15 jaar;Amerika;Bonaire;2012;43;30;13
6671;Totaal mannen en vrouwen;10 tot 15 jaar;Amerika;Bonaire;2013;31;12;19
6672;Totaal mannen en vrouwen;10 tot 15 jaar;Amerika;Bonaire;2014;33;18;15
6673;Totaal mannen en vrouwen;10 tot 15 jaar;Amerika;Bonaire;2015;32;21;11
6674;Totaal mannen en vrouwen;10 tot 15 jaar;Amerika;Bonaire;2016;41;24;17
6675;Totaal mannen en vrouwen;10 tot 15 jaar;Amerika;Bonaire;2017;23;30;-7
6676;Totaal mannen en vrouwen;10 tot 15 jaar;Amerika;Bonaire;2018;45;28;17
6677;Totaal mannen en vrouwen;10 tot 15 jaar;Amerika;Bonaire;2019;44;20;24
6678;Totaal mannen en vrouwen;10 tot 15 jaar;Amerika;Bonaire;2020;34;18;16
6679;Totaal mannen en vrouwen;10 tot 15 jaar;Amerika;Bonaire;2021;48;24;24
6680;Totaal mannen en vrouwen;10 tot 15 jaar;Amerika;Bonaire;2022;72;36;36
6681;Totaal mannen en vrouwen;10 tot 15 jaar;Amerika;Bonaire;2023;58;45;13
6682;Totaal mannen en vrouwen;10 tot 15 jaar;Amerika;Sint Eustatius;2011;5;3;2
6683;Totaal mannen en vrouwen;10 tot 15 jaar;Amerika;Sint Eustatius;2012;7;3;4
6684;Totaal mannen en vrouwen;10 tot 15 jaar;Amerika;Sint Eustatius;2013;9;18;-9
6685;Totaal mannen en vrouwen;10 tot 15 jaar;Amerika;Sint Eustatius;2014;4;11;-7
6686;Totaal mannen en vrouwen;10 tot 15 jaar;Amerika;Sint Eustatius;2015;8;11;-3
6687;Totaal mannen en vrouwen;10 tot 15 jaar;Amerika;Sint Eustatius;2016;9;4;5
6688;Totaal mannen en vrouwen;10 tot 15 jaar;Amerika;Sint Eustatius;2017;10;6;4
6689;Totaal mannen en vrouwen;10 tot 15 jaar;Amerika;Sint Eustatius;2018;6;16;-10
6690;Totaal mannen en vrouwen;10 tot 15 jaar;Amerika;Sint Eustatius;2019;7;2;5
6691;Totaal mannen en vrouwen;10 tot 15 jaar;Amerika;Sint Eustatius;2020;3;1;2
6692;Totaal mannen en vrouwen;10 tot 15 jaar;Amerika;Sint Eustatius;2021;11;4;7
6693;Totaal mannen en vrouwen;10 tot 15 jaar;Amerika;Sint Eustatius;2022;6;11;-5
6694;Totaal mannen en vrouwen;10 tot 15 jaar;Amerika;Sint Eustatius;2023;11;19;-8
6695;Totaal mannen en vrouwen;10 tot 15 jaar;Amerika;Saba;2011;3;9;-6
6696;Totaal mannen en vrouwen;10 tot 15 jaar;Amerika;Saba;2012;3;2;1
6697;Totaal mannen en vrouwen;10 tot 15 jaar;Amerika;Saba;2013;1;0;1
6698;Totaal mannen en vrouwen;10 tot 15 jaar;Amerika;Saba;2014;1;1;0
6699;Totaal mannen en vrouwen;10 tot 15 jaar;Amerika;Saba;2015;2;0;2
6700;Totaal mannen en vrouwen;10 tot 15 jaar;Amerika;Saba;2016;0;3;-3
6701;Totaal mannen en vrouwen;10 tot 15 jaar;Amerika;Saba;2017;3;6;-3
6702;Totaal mannen en vrouwen;10 tot 15 jaar;Amerika;Saba;2018;6;7;-1
6703;Totaal mannen en vrouwen;10 tot 15 jaar;Amerika;Saba;2019;4;4;0
6704;Totaal mannen en vrouwen;10 tot 15 jaar;Amerika;Saba;2020;6;6;0
6705;Totaal mannen en vrouwen;10 tot 15 jaar;Amerika;Saba;2021;7;4;3
6706;Totaal mannen en vrouwen;10 tot 15 jaar;Amerika;Saba;2022;4;0;4
6707;Totaal mannen en vrouwen;10 tot 15 jaar;Amerika;Saba;2023;6;1;5
6708;Totaal mannen en vrouwen;10 tot 15 jaar;Azië;Caribisch Nederland;2011;5;0;5
6709;Totaal mannen en vrouwen;10 tot 15 jaar;Azië;Caribisch Nederland;2012;1;2;-1
6710;Totaal mannen en vrouwen;10 tot 15 jaar;Azië;Caribisch Nederland;2013;3;1;2
6711;Totaal mannen en vrouwen;10 tot 15 jaar;Azië;Caribisch Nederland;2014;1;2;-1
6712;Totaal mannen en vrouwen;10 tot 15 jaar;Azië;Caribisch Nederland;2015;1;1;0
6713;Totaal mannen en vrouwen;10 tot 15 jaar;Azië;Caribisch Nederland;2016;2;2;0
6714;Totaal mannen en vrouwen;10 tot 15 jaar;Azië;Caribisch Nederland;2017;0;0;0
6715;Totaal mannen en vrouwen;10 tot 15 jaar;Azië;Caribisch Nederland;2018;1;0;1
6716;Totaal mannen en vrouwen;10 tot 15 jaar;Azië;Caribisch Nederland;2019;0;0;0
6717;Totaal mannen en vrouwen;10 tot 15 jaar;Azië;Caribisch Nederland;2020;0;0;0
6718;Totaal mannen en vrouwen;10 tot 15 jaar;Azië;Caribisch Nederland;2021;1;0;1
6719;Totaal mannen en vrouwen;10 tot 15 jaar;Azië;Caribisch Nederland;2022;2;0;2
6720;Totaal mannen en vrouwen;10 tot 15 jaar;Azië;Caribisch Nederland;2023;1;2;-1
6721;Totaal mannen en vrouwen;10 tot 15 jaar;Azië;Bonaire;2011;3;0;3
6722;Totaal mannen en vrouwen;10 tot 15 jaar;Azië;Bonaire;2012;1;0;1
6723;Totaal mannen en vrouwen;10 tot 15 jaar;Azië;Bonaire;2013;3;0;3
6724;Totaal mannen en vrouwen;10 tot 15 jaar;Azië;Bonaire;2014;1;0;1
6725;Totaal mannen en vrouwen;10 tot 15 jaar;Azië;Bonaire;2015;1;1;0
6726;Totaal mannen en vrouwen;10 tot 15 jaar;Azië;Bonaire;2016;2;2;0
6727;Totaal mannen en vrouwen;10 tot 15 jaar;Azië;Bonaire;2017;0;0;0
6728;Totaal mannen en vrouwen;10 tot 15 jaar;Azië;Bonaire;2018;1;0;1
6729;Totaal mannen en vrouwen;10 tot 15 jaar;Azië;Bonaire;2019;0;0;0
6730;Totaal mannen en vrouwen;10 tot 15 jaar;Azië;Bonaire;2020;0;0;0
6731;Totaal mannen en vrouwen;10 tot 15 jaar;Azië;Bonaire;2021;1;0;1
6732;Totaal mannen en vrouwen;10 tot 15 jaar;Azië;Bonaire;2022;0;0;0
6733;Totaal mannen en vrouwen;10 tot 15 jaar;Azië;Bonaire;2023;1;1;0
6734;Totaal mannen en vrouwen;10 tot 15 jaar;Azië;Sint Eustatius;2011;2;0;2
6735;Totaal mannen en vrouwen;10 tot 15 jaar;Azië;Sint Eustatius;2012;0;0;0
6736;Totaal mannen en vrouwen;10 tot 15 jaar;Azië;Sint Eustatius;2013;0;1;-1
6737;Totaal mannen en vrouwen;10 tot 15 jaar;Azië;Sint Eustatius;2014;0;2;-2
6738;Totaal mannen en vrouwen;10 tot 15 jaar;Azië;Sint Eustatius;2015;0;0;0
6739;Totaal mannen en vrouwen;10 tot 15 jaar;Azië;Sint Eustatius;2016;0;0;0
6740;Totaal mannen en vrouwen;10 tot 15 jaar;Azië;Sint Eustatius;2017;0;0;0
6741;Totaal mannen en vrouwen;10 tot 15 jaar;Azië;Sint Eustatius;2018;0;0;0
6742;Totaal mannen en vrouwen;10 tot 15 jaar;Azië;Sint Eustatius;2019;0;0;0
6743;Totaal mannen en vrouwen;10 tot 15 jaar;Azië;Sint Eustatius;2020;0;0;0
6744;Totaal mannen en vrouwen;10 tot 15 jaar;Azië;Sint Eustatius;2021;0;0;0
6745;Totaal mannen en vrouwen;10 tot 15 jaar;Azië;Sint Eustatius;2022;0;0;0
6746;Totaal mannen en vrouwen;10 tot 15 jaar;Azië;Sint Eustatius;2023;0;0;0
6747;Totaal mannen en vrouwen;10 tot 15 jaar;Azië;Saba;2011;0;0;0
6748;Totaal mannen en vrouwen;10 tot 15 jaar;Azië;Saba;2012;0;2;-2
6749;Totaal mannen en vrouwen;10 tot 15 jaar;Azië;Saba;2013;0;0;0
6750;Totaal mannen en vrouwen;10 tot 15 jaar;Azië;Saba;2014;0;0;0
6751;Totaal mannen en vrouwen;10 tot 15 jaar;Azië;Saba;2015;0;0;0
6752;Totaal mannen en vrouwen;10 tot 15 jaar;Azië;Saba;2016;0;0;0
6753;Totaal mannen en vrouwen;10 tot 15 jaar;Azië;Saba;2017;0;0;0
6754;Totaal mannen en vrouwen;10 tot 15 jaar;Azië;Saba;2018;0;0;0
6755;Totaal mannen en vrouwen;10 tot 15 jaar;Azië;Saba;2019;0;0;0
6756;Totaal mannen en vrouwen;10 tot 15 jaar;Azië;Saba;2020;0;0;0
6757;Totaal mannen en vrouwen;10 tot 15 jaar;Azië;Saba;2021;0;0;0
6758;Totaal mannen en vrouwen;10 tot 15 jaar;Azië;Saba;2022;2;0;2
6759;Totaal mannen en vrouwen;10 tot 15 jaar;Azië;Saba;2023;0;1;-1
6760;Totaal mannen en vrouwen;10 tot 15 jaar;Europa (inclusief Nederland);Caribisch Nederland;2011;32;9;23
6761;Totaal mannen en vrouwen;10 tot 15 jaar;Europa (inclusief Nederland);Caribisch Nederland;2012;25;33;-8
6762;Totaal mannen en vrouwen;10 tot 15 jaar;Europa (inclusief Nederland);Caribisch Nederland;2013;56;29;27
6763;Totaal mannen en vrouwen;10 tot 15 jaar;Europa (inclusief Nederland);Caribisch Nederland;2014;40;34;6
6764;Totaal mannen en vrouwen;10 tot 15 jaar;Europa (inclusief Nederland);Caribisch Nederland;2015;34;39;-5
6765;Totaal mannen en vrouwen;10 tot 15 jaar;Europa (inclusief Nederland);Caribisch Nederland;2016;27;32;-5
6766;Totaal mannen en vrouwen;10 tot 15 jaar;Europa (inclusief Nederland);Caribisch Nederland;2017;31;36;-5
6767;Totaal mannen en vrouwen;10 tot 15 jaar;Europa (inclusief Nederland);Caribisch Nederland;2018;34;30;4
6768;Totaal mannen en vrouwen;10 tot 15 jaar;Europa (inclusief Nederland);Caribisch Nederland;2019;35;23;12
6769;Totaal mannen en vrouwen;10 tot 15 jaar;Europa (inclusief Nederland);Caribisch Nederland;2020;25;19;6
6770;Totaal mannen en vrouwen;10 tot 15 jaar;Europa (inclusief Nederland);Caribisch Nederland;2021;37;31;6
6771;Totaal mannen en vrouwen;10 tot 15 jaar;Europa (inclusief Nederland);Caribisch Nederland;2022;51;28;23
6772;Totaal mannen en vrouwen;10 tot 15 jaar;Europa (inclusief Nederland);Caribisch Nederland;2023;29;27;2
6773;Totaal mannen en vrouwen;10 tot 15 jaar;Europa (inclusief Nederland);Bonaire;2011;29;8;21
6774;Totaal mannen en vrouwen;10 tot 15 jaar;Europa (inclusief Nederland);Bonaire;2012;22;29;-7
6775;Totaal mannen en vrouwen;10 tot 15 jaar;Europa (inclusief Nederland);Bonaire;2013;52;24;28
6776;Totaal mannen en vrouwen;10 tot 15 jaar;Europa (inclusief Nederland);Bonaire;2014;36;31;5
6777;Totaal mannen en vrouwen;10 tot 15 jaar;Europa (inclusief Nederland);Bonaire;2015;28;37;-9
6778;Totaal mannen en vrouwen;10 tot 15 jaar;Europa (inclusief Nederland);Bonaire;2016;22;28;-6
6779;Totaal mannen en vrouwen;10 tot 15 jaar;Europa (inclusief Nederland);Bonaire;2017;25;35;-10
6780;Totaal mannen en vrouwen;10 tot 15 jaar;Europa (inclusief Nederland);Bonaire;2018;30;23;7
6781;Totaal mannen en vrouwen;10 tot 15 jaar;Europa (inclusief Nederland);Bonaire;2019;31;19;12
6782;Totaal mannen en vrouwen;10 tot 15 jaar;Europa (inclusief Nederland);Bonaire;2020;21;15;6
6783;Totaal mannen en vrouwen;10 tot 15 jaar;Europa (inclusief Nederland);Bonaire;2021;33;25;8
6784;Totaal mannen en vrouwen;10 tot 15 jaar;Europa (inclusief Nederland);Bonaire;2022;47;25;22
6785;Totaal mannen en vrouwen;10 tot 15 jaar;Europa (inclusief Nederland);Bonaire;2023;28;23;5
6786;Totaal mannen en vrouwen;10 tot 15 jaar;Europa (inclusief Nederland);Sint Eustatius;2011;2;1;1
6787;Totaal mannen en vrouwen;10 tot 15 jaar;Europa (inclusief Nederland);Sint Eustatius;2012;3;4;-1
6788;Totaal mannen en vrouwen;10 tot 15 jaar;Europa (inclusief Nederland);Sint Eustatius;2013;3;2;1
6789;Totaal mannen en vrouwen;10 tot 15 jaar;Europa (inclusief Nederland);Sint Eustatius;2014;1;3;-2
6790;Totaal mannen en vrouwen;10 tot 15 jaar;Europa (inclusief Nederland);Sint Eustatius;2015;3;1;2
6791;Totaal mannen en vrouwen;10 tot 15 jaar;Europa (inclusief Nederland);Sint Eustatius;2016;3;3;0
6792;Totaal mannen en vrouwen;10 tot 15 jaar;Europa (inclusief Nederland);Sint Eustatius;2017;4;0;4
6793;Totaal mannen en vrouwen;10 tot 15 jaar;Europa (inclusief Nederland);Sint Eustatius;2018;4;4;0
6794;Totaal mannen en vrouwen;10 tot 15 jaar;Europa (inclusief Nederland);Sint Eustatius;2019;4;1;3
6795;Totaal mannen en vrouwen;10 tot 15 jaar;Europa (inclusief Nederland);Sint Eustatius;2020;0;4;-4
6796;Totaal mannen en vrouwen;10 tot 15 jaar;Europa (inclusief Nederland);Sint Eustatius;2021;0;1;-1
6797;Totaal mannen en vrouwen;10 tot 15 jaar;Europa (inclusief Nederland);Sint Eustatius;2022;2;1;1
6798;Totaal mannen en vrouwen;10 tot 15 jaar;Europa (inclusief Nederland);Sint Eustatius;2023;1;2;-1
6799;Totaal mannen en vrouwen;10 tot 15 jaar;Europa (inclusief Nederland);Saba;2011;1;0;1
6800;Totaal mannen en vrouwen;10 tot 15 jaar;Europa (inclusief Nederland);Saba;2012;0;0;0
6801;Totaal mannen en vrouwen;10 tot 15 jaar;Europa (inclusief Nederland);Saba;2013;1;3;-2
6802;Totaal mannen en vrouwen;10 tot 15 jaar;Europa (inclusief Nederland);Saba;2014;3;0;3
6803;Totaal mannen en vrouwen;10 tot 15 jaar;Europa (inclusief Nederland);Saba;2015;3;1;2
6804;Totaal mannen en vrouwen;10 tot 15 jaar;Europa (inclusief Nederland);Saba;2016;2;1;1
6805;Totaal mannen en vrouwen;10 tot 15 jaar;Europa (inclusief Nederland);Saba;2017;2;1;1
6806;Totaal mannen en vrouwen;10 tot 15 jaar;Europa (inclusief Nederland);Saba;2018;0;3;-3
6807;Totaal mannen en vrouwen;10 tot 15 jaar;Europa (inclusief Nederland);Saba;2019;0;3;-3
6808;Totaal mannen en vrouwen;10 tot 15 jaar;Europa (inclusief Nederland);Saba;2020;4;0;4
6809;Totaal mannen en vrouwen;10 tot 15 jaar;Europa (inclusief Nederland);Saba;2021;4;5;-1
6810;Totaal mannen en vrouwen;10 tot 15 jaar;Europa (inclusief Nederland);Saba;2022;2;2;0
6811;Totaal mannen en vrouwen;10 tot 15 jaar;Europa (inclusief Nederland);Saba;2023;0;2;-2
6812;Totaal mannen en vrouwen;10 tot 15 jaar;Europa (exclusief Nederland);Caribisch Nederland;2011;2;0;2
6813;Totaal mannen en vrouwen;10 tot 15 jaar;Europa (exclusief Nederland);Caribisch Nederland;2012;2;1;1
6814;Totaal mannen en vrouwen;10 tot 15 jaar;Europa (exclusief Nederland);Caribisch Nederland;2013;1;2;-1
6815;Totaal mannen en vrouwen;10 tot 15 jaar;Europa (exclusief Nederland);Caribisch Nederland;2014;2;1;1
6816;Totaal mannen en vrouwen;10 tot 15 jaar;Europa (exclusief Nederland);Caribisch Nederland;2015;3;3;0
6817;Totaal mannen en vrouwen;10 tot 15 jaar;Europa (exclusief Nederland);Caribisch Nederland;2016;1;1;0
6818;Totaal mannen en vrouwen;10 tot 15 jaar;Europa (exclusief Nederland);Caribisch Nederland;2017;3;1;2
6819;Totaal mannen en vrouwen;10 tot 15 jaar;Europa (exclusief Nederland);Caribisch Nederland;2018;1;5;-4
6820;Totaal mannen en vrouwen;10 tot 15 jaar;Europa (exclusief Nederland);Caribisch Nederland;2019;1;0;1
6821;Totaal mannen en vrouwen;10 tot 15 jaar;Europa (exclusief Nederland);Caribisch Nederland;2020;3;2;1
6822;Totaal mannen en vrouwen;10 tot 15 jaar;Europa (exclusief Nederland);Caribisch Nederland;2021;1;0;1
6823;Totaal mannen en vrouwen;10 tot 15 jaar;Europa (exclusief Nederland);Caribisch Nederland;2022;1;1;0
6824;Totaal mannen en vrouwen;10 tot 15 jaar;Europa (exclusief Nederland);Caribisch Nederland;2023;1;0;1
6825;Totaal mannen en vrouwen;10 tot 15 jaar;Europa (exclusief Nederland);Bonaire;2011;2;0;2
6826;Totaal mannen en vrouwen;10 tot 15 jaar;Europa (exclusief Nederland);Bonaire;2012;2;1;1
6827;Totaal mannen en vrouwen;10 tot 15 jaar;Europa (exclusief Nederland);Bonaire;2013;0;0;0
6828;Totaal mannen en vrouwen;10 tot 15 jaar;Europa (exclusief Nederland);Bonaire;2014;2;0;2
6829;Totaal mannen en vrouwen;10 tot 15 jaar;Europa (exclusief Nederland);Bonaire;2015;0;3;-3
6830;Totaal mannen en vrouwen;10 tot 15 jaar;Europa (exclusief Nederland);Bonaire;2016;1;1;0
6831;Totaal mannen en vrouwen;10 tot 15 jaar;Europa (exclusief Nederland);Bonaire;2017;2;1;1
6832;Totaal mannen en vrouwen;10 tot 15 jaar;Europa (exclusief Nederland);Bonaire;2018;0;2;-2
6833;Totaal mannen en vrouwen;10 tot 15 jaar;Europa (exclusief Nederland);Bonaire;2019;1;0;1
6834;Totaal mannen en vrouwen;10 tot 15 jaar;Europa (exclusief Nederland);Bonaire;2020;3;1;2
6835;Totaal mannen en vrouwen;10 tot 15 jaar;Europa (exclusief Nederland);Bonaire;2021;0;0;0
6836;Totaal mannen en vrouwen;10 tot 15 jaar;Europa (exclusief Nederland);Bonaire;2022;1;1;0
6837;Totaal mannen en vrouwen;10 tot 15 jaar;Europa (exclusief Nederland);Bonaire;2023;0;0;0
6838;Totaal mannen en vrouwen;10 tot 15 jaar;Europa (exclusief Nederland);Sint Eustatius;2011;0;0;0
6839;Totaal mannen en vrouwen;10 tot 15 jaar;Europa (exclusief Nederland);Sint Eustatius;2012;0;0;0
6840;Totaal mannen en vrouwen;10 tot 15 jaar;Europa (exclusief Nederland);Sint Eustatius;2013;1;0;1
6841;Totaal mannen en vrouwen;10 tot 15 jaar;Europa (exclusief Nederland);Sint Eustatius;2014;0;1;-1
6842;Totaal mannen en vrouwen;10 tot 15 jaar;Europa (exclusief Nederland);Sint Eustatius;2015;1;0;1
6843;Totaal mannen en vrouwen;10 tot 15 jaar;Europa (exclusief Nederland);Sint Eustatius;2016;0;0;0
6844;Totaal mannen en vrouwen;10 tot 15 jaar;Europa (exclusief Nederland);Sint Eustatius;2017;0;0;0
6845;Totaal mannen en vrouwen;10 tot 15 jaar;Europa (exclusief Nederland);Sint Eustatius;2018;1;1;0
6846;Totaal mannen en vrouwen;10 tot 15 jaar;Europa (exclusief Nederland);Sint Eustatius;2019;0;0;0
6847;Totaal mannen en vrouwen;10 tot 15 jaar;Europa (exclusief Nederland);Sint Eustatius;2020;0;1;-1
6848;Totaal mannen en vrouwen;10 tot 15 jaar;Europa (exclusief Nederland);Sint Eustatius;2021;0;0;0
6849;Totaal mannen en vrouwen;10 tot 15 jaar;Europa (exclusief Nederland);Sint Eustatius;2022;0;0;0
6850;Totaal mannen en vrouwen;10 tot 15 jaar;Europa (exclusief Nederland);Sint Eustatius;2023;1;0;1
6851;Totaal mannen en vrouwen;10 tot 15 jaar;Europa (exclusief Nederland);Saba;2011;0;0;0
6852;Totaal mannen en vrouwen;10 tot 15 jaar;Europa (exclusief Nederland);Saba;2012;0;0;0
6853;Totaal mannen en vrouwen;10 tot 15 jaar;Europa (exclusief Nederland);Saba;2013;0;2;-2
6854;Totaal mannen en vrouwen;10 tot 15 jaar;Europa (exclusief Nederland);Saba;2014;0;0;0
6855;Totaal mannen en vrouwen;10 tot 15 jaar;Europa (exclusief Nederland);Saba;2015;2;0;2
6856;Totaal mannen en vrouwen;10 tot 15 jaar;Europa (exclusief Nederland);Saba;2016;0;0;0
6857;Totaal mannen en vrouwen;10 tot 15 jaar;Europa (exclusief Nederland);Saba;2017;1;0;1
6858;Totaal mannen en vrouwen;10 tot 15 jaar;Europa (exclusief Nederland);Saba;2018;0;2;-2
6859;Totaal mannen en vrouwen;10 tot 15 jaar;Europa (exclusief Nederland);Saba;2019;0;0;0
6860;Totaal mannen en vrouwen;10 tot 15 jaar;Europa (exclusief Nederland);Saba;2020;0;0;0
6861;Totaal mannen en vrouwen;10 tot 15 jaar;Europa (exclusief Nederland);Saba;2021;1;0;1
6862;Totaal mannen en vrouwen;10 tot 15 jaar;Europa (exclusief Nederland);Saba;2022;0;0;0
6863;Totaal mannen en vrouwen;10 tot 15 jaar;Europa (exclusief Nederland);Saba;2023;0;0;0
6864;Totaal mannen en vrouwen;10 tot 15 jaar;Oceanië;Caribisch Nederland;2011;0;0;0
6865;Totaal mannen en vrouwen;10 tot 15 jaar;Oceanië;Caribisch Nederland;2012;0;0;0
6866;Totaal mannen en vrouwen;10 tot 15 jaar;Oceanië;Caribisch Nederland;2013;0;0;0
6867;Totaal mannen en vrouwen;10 tot 15 jaar;Oceanië;Caribisch Nederland;2014;0;0;0
6868;Totaal mannen en vrouwen;10 tot 15 jaar;Oceanië;Caribisch Nederland;2015;0;0;0
6869;Totaal mannen en vrouwen;10 tot 15 jaar;Oceanië;Caribisch Nederland;2016;0;0;0
6870;Totaal mannen en vrouwen;10 tot 15 jaar;Oceanië;Caribisch Nederland;2017;1;0;1
6871;Totaal mannen en vrouwen;10 tot 15 jaar;Oceanië;Caribisch Nederland;2018;0;1;-1
6872;Totaal mannen en vrouwen;10 tot 15 jaar;Oceanië;Caribisch Nederland;2019;1;0;1
6873;Totaal mannen en vrouwen;10 tot 15 jaar;Oceanië;Caribisch Nederland;2020;0;1;-1
6874;Totaal mannen en vrouwen;10 tot 15 jaar;Oceanië;Caribisch Nederland;2021;0;0;0
6875;Totaal mannen en vrouwen;10 tot 15 jaar;Oceanië;Caribisch Nederland;2022;0;0;0
6876;Totaal mannen en vrouwen;10 tot 15 jaar;Oceanië;Caribisch Nederland;2023;0;0;0
6877;Totaal mannen en vrouwen;10 tot 15 jaar;Oceanië;Bonaire;2011;0;0;0
6878;Totaal mannen en vrouwen;10 tot 15 jaar;Oceanië;Bonaire;2012;0;0;0
6879;Totaal mannen en vrouwen;10 tot 15 jaar;Oceanië;Bonaire;2013;0;0;0
6880;Totaal mannen en vrouwen;10 tot 15 jaar;Oceanië;Bonaire;2014;0;0;0
6881;Totaal mannen en vrouwen;10 tot 15 jaar;Oceanië;Bonaire;2015;0;0;0
6882;Totaal mannen en vrouwen;10 tot 15 jaar;Oceanië;Bonaire;2016;0;0;0
6883;Totaal mannen en vrouwen;10 tot 15 jaar;Oceanië;Bonaire;2017;1;0;1
6884;Totaal mannen en vrouwen;10 tot 15 jaar;Oceanië;Bonaire;2018;0;1;-1
6885;Totaal mannen en vrouwen;10 tot 15 jaar;Oceanië;Bonaire;2019;1;0;1
6886;Totaal mannen en vrouwen;10 tot 15 jaar;Oceanië;Bonaire;2020;0;1;-1
6887;Totaal mannen en vrouwen;10 tot 15 jaar;Oceanië;Bonaire;2021;0;0;0
6888;Totaal mannen en vrouwen;10 tot 15 jaar;Oceanië;Bonaire;2022;0;0;0
6889;Totaal mannen en vrouwen;10 tot 15 jaar;Oceanië;Bonaire;2023;0;0;0
6890;Totaal mannen en vrouwen;10 tot 15 jaar;Oceanië;Sint Eustatius;2011;0;0;0
6891;Totaal mannen en vrouwen;10 tot 15 jaar;Oceanië;Sint Eustatius;2012;0;0;0
6892;Totaal mannen en vrouwen;10 tot 15 jaar;Oceanië;Sint Eustatius;2013;0;0;0
6893;Totaal mannen en vrouwen;10 tot 15 jaar;Oceanië;Sint Eustatius;2014;0;0;0
6894;Totaal mannen en vrouwen;10 tot 15 jaar;Oceanië;Sint Eustatius;2015;0;0;0
6895;Totaal mannen en vrouwen;10 tot 15 jaar;Oceanië;Sint Eustatius;2016;0;0;0
6896;Totaal mannen en vrouwen;10 tot 15 jaar;Oceanië;Sint Eustatius;2017;0;0;0
6897;Totaal mannen en vrouwen;10 tot 15 jaar;Oceanië;Sint Eustatius;2018;0;0;0
6898;Totaal mannen en vrouwen;10 tot 15 jaar;Oceanië;Sint Eustatius;2019;0;0;0
6899;Totaal mannen en vrouwen;10 tot 15 jaar;Oceanië;Sint Eustatius;2020;0;0;0
6900;Totaal mannen en vrouwen;10 tot 15 jaar;Oceanië;Sint Eustatius;2021;0;0;0
6901;Totaal mannen en vrouwen;10 tot 15 jaar;Oceanië;Sint Eustatius;2022;0;0;0
6902;Totaal mannen en vrouwen;10 tot 15 jaar;Oceanië;Sint Eustatius;2023;0;0;0
6903;Totaal mannen en vrouwen;10 tot 15 jaar;Oceanië;Saba;2011;0;0;0
6904;Totaal mannen en vrouwen;10 tot 15 jaar;Oceanië;Saba;2012;0;0;0
6905;Totaal mannen en vrouwen;10 tot 15 jaar;Oceanië;Saba;2013;0;0;0
6906;Totaal mannen en vrouwen;10 tot 15 jaar;Oceanië;Saba;2014;0;0;0
6907;Totaal mannen en vrouwen;10 tot 15 jaar;Oceanië;Saba;2015;0;0;0
6908;Totaal mannen en vrouwen;10 tot 15 jaar;Oceanië;Saba;2016;0;0;0
6909;Totaal mannen en vrouwen;10 tot 15 jaar;Oceanië;Saba;2017;0;0;0
6910;Totaal mannen en vrouwen;10 tot 15 jaar;Oceanië;Saba;2018;0;0;0
6911;Totaal mannen en vrouwen;10 tot 15 jaar;Oceanië;Saba;2019;0;0;0
6912;Totaal mannen en vrouwen;10 tot 15 jaar;Oceanië;Saba;2020;0;0;0
6913;Totaal mannen en vrouwen;10 tot 15 jaar;Oceanië;Saba;2021;0;0;0
6914;Totaal mannen en vrouwen;10 tot 15 jaar;Oceanië;Saba;2022;0;0;0
6915;Totaal mannen en vrouwen;10 tot 15 jaar;Oceanië;Saba;2023;0;0;0
6916;Totaal mannen en vrouwen;10 tot 15 jaar;Midden- en Zuid-Amerika;Caribisch Nederland;2011;46;21;25
6917;Totaal mannen en vrouwen;10 tot 15 jaar;Midden- en Zuid-Amerika;Caribisch Nederland;2012;48;35;13
6918;Totaal mannen en vrouwen;10 tot 15 jaar;Midden- en Zuid-Amerika;Caribisch Nederland;2013;36;24;12
6919;Totaal mannen en vrouwen;10 tot 15 jaar;Midden- en Zuid-Amerika;Caribisch Nederland;2014;38;27;11
6920;Totaal mannen en vrouwen;10 tot 15 jaar;Midden- en Zuid-Amerika;Caribisch Nederland;2015;42;29;13
6921;Totaal mannen en vrouwen;10 tot 15 jaar;Midden- en Zuid-Amerika;Caribisch Nederland;2016;48;30;18
6922;Totaal mannen en vrouwen;10 tot 15 jaar;Midden- en Zuid-Amerika;Caribisch Nederland;2017;35;39;-4
6923;Totaal mannen en vrouwen;10 tot 15 jaar;Midden- en Zuid-Amerika;Caribisch Nederland;2018;57;48;9
6924;Totaal mannen en vrouwen;10 tot 15 jaar;Midden- en Zuid-Amerika;Caribisch Nederland;2019;48;25;23
6925;Totaal mannen en vrouwen;10 tot 15 jaar;Midden- en Zuid-Amerika;Caribisch Nederland;2020;43;25;18
6926;Totaal mannen en vrouwen;10 tot 15 jaar;Midden- en Zuid-Amerika;Caribisch Nederland;2021;66;31;35
6927;Totaal mannen en vrouwen;10 tot 15 jaar;Midden- en Zuid-Amerika;Caribisch Nederland;2022;81;46;35
6928;Totaal mannen en vrouwen;10 tot 15 jaar;Midden- en Zuid-Amerika;Caribisch Nederland;2023;75;65;10
6929;Totaal mannen en vrouwen;10 tot 15 jaar;Midden- en Zuid-Amerika;Bonaire;2011;39;12;27
6930;Totaal mannen en vrouwen;10 tot 15 jaar;Midden- en Zuid-Amerika;Bonaire;2012;40;30;10
6931;Totaal mannen en vrouwen;10 tot 15 jaar;Midden- en Zuid-Amerika;Bonaire;2013;31;12;19
6932;Totaal mannen en vrouwen;10 tot 15 jaar;Midden- en Zuid-Amerika;Bonaire;2014;33;17;16
6933;Totaal mannen en vrouwen;10 tot 15 jaar;Midden- en Zuid-Amerika;Bonaire;2015;32;20;12
6934;Totaal mannen en vrouwen;10 tot 15 jaar;Midden- en Zuid-Amerika;Bonaire;2016;39;23;16
6935;Totaal mannen en vrouwen;10 tot 15 jaar;Midden- en Zuid-Amerika;Bonaire;2017;23;29;-6
6936;Totaal mannen en vrouwen;10 tot 15 jaar;Midden- en Zuid-Amerika;Bonaire;2018;45;28;17
6937;Totaal mannen en vrouwen;10 tot 15 jaar;Midden- en Zuid-Amerika;Bonaire;2019;42;19;23
6938;Totaal mannen en vrouwen;10 tot 15 jaar;Midden- en Zuid-Amerika;Bonaire;2020;34;18;16
6939;Totaal mannen en vrouwen;10 tot 15 jaar;Midden- en Zuid-Amerika;Bonaire;2021;48;24;24
6940;Totaal mannen en vrouwen;10 tot 15 jaar;Midden- en Zuid-Amerika;Bonaire;2022;71;36;35
6941;Totaal mannen en vrouwen;10 tot 15 jaar;Midden- en Zuid-Amerika;Bonaire;2023;58;45;13
6942;Totaal mannen en vrouwen;10 tot 15 jaar;Midden- en Zuid-Amerika;Sint Eustatius;2011;4;2;2
6943;Totaal mannen en vrouwen;10 tot 15 jaar;Midden- en Zuid-Amerika;Sint Eustatius;2012;5;3;2
6944;Totaal mannen en vrouwen;10 tot 15 jaar;Midden- en Zuid-Amerika;Sint Eustatius;2013;4;12;-8
6945;Totaal mannen en vrouwen;10 tot 15 jaar;Midden- en Zuid-Amerika;Sint Eustatius;2014;4;9;-5
6946;Totaal mannen en vrouwen;10 tot 15 jaar;Midden- en Zuid-Amerika;Sint Eustatius;2015;8;9;-1
6947;Totaal mannen en vrouwen;10 tot 15 jaar;Midden- en Zuid-Amerika;Sint Eustatius;2016;9;4;5
6948;Totaal mannen en vrouwen;10 tot 15 jaar;Midden- en Zuid-Amerika;Sint Eustatius;2017;9;4;5
6949;Totaal mannen en vrouwen;10 tot 15 jaar;Midden- en Zuid-Amerika;Sint Eustatius;2018;6;14;-8
6950;Totaal mannen en vrouwen;10 tot 15 jaar;Midden- en Zuid-Amerika;Sint Eustatius;2019;5;2;3
6951;Totaal mannen en vrouwen;10 tot 15 jaar;Midden- en Zuid-Amerika;Sint Eustatius;2020;3;1;2
6952;Totaal mannen en vrouwen;10 tot 15 jaar;Midden- en Zuid-Amerika;Sint Eustatius;2021;11;4;7
6953;Totaal mannen en vrouwen;10 tot 15 jaar;Midden- en Zuid-Amerika;Sint Eustatius;2022;6;10;-4
6954;Totaal mannen en vrouwen;10 tot 15 jaar;Midden- en Zuid-Amerika;Sint Eustatius;2023;11;19;-8
6955;Totaal mannen en vrouwen;10 tot 15 jaar;Midden- en Zuid-Amerika;Saba;2011;3;7;-4
6956;Totaal mannen en vrouwen;10 tot 15 jaar;Midden- en Zuid-Amerika;Saba;2012;3;2;1
6957;Totaal mannen en vrouwen;10 tot 15 jaar;Midden- en Zuid-Amerika;Saba;2013;1;0;1
6958;Totaal mannen en vrouwen;10 tot 15 jaar;Midden- en Zuid-Amerika;Saba;2014;1;1;0
6959;Totaal mannen en vrouwen;10 tot 15 jaar;Midden- en Zuid-Amerika;Saba;2015;2;0;2
6960;Totaal mannen en vrouwen;10 tot 15 jaar;Midden- en Zuid-Amerika;Saba;2016;0;3;-3
6961;Totaal mannen en vrouwen;10 tot 15 jaar;Midden- en Zuid-Amerika;Saba;2017;3;6;-3
6962;Totaal mannen en vrouwen;10 tot 15 jaar;Midden- en Zuid-Amerika;Saba;2018;6;6;0
6963;Totaal mannen en vrouwen;10 tot 15 jaar;Midden- en Zuid-Amerika;Saba;2019;1;4;-3
6964;Totaal mannen en vrouwen;10 tot 15 jaar;Midden- en Zuid-Amerika;Saba;2020;6;6;0
6965;Totaal mannen en vrouwen;10 tot 15 jaar;Midden- en Zuid-Amerika;Saba;2021;7;3;4
6966;Totaal mannen en vrouwen;10 tot 15 jaar;Midden- en Zuid-Amerika;Saba;2022;4;0;4
6967;Totaal mannen en vrouwen;10 tot 15 jaar;Midden- en Zuid-Amerika;Saba;2023;6;1;5
6968;Totaal mannen en vrouwen;10 tot 15 jaar;Noord-Amerika;Caribisch Nederland;2011;1;3;-2
6969;Totaal mannen en vrouwen;10 tot 15 jaar;Noord-Amerika;Caribisch Nederland;2012;5;0;5
6970;Totaal mannen en vrouwen;10 tot 15 jaar;Noord-Amerika;Caribisch Nederland;2013;5;6;-1
6971;Totaal mannen en vrouwen;10 tot 15 jaar;Noord-Amerika;Caribisch Nederland;2014;0;3;-3
6972;Totaal mannen en vrouwen;10 tot 15 jaar;Noord-Amerika;Caribisch Nederland;2015;0;3;-3
6973;Totaal mannen en vrouwen;10 tot 15 jaar;Noord-Amerika;Caribisch Nederland;2016;2;1;1
6974;Totaal mannen en vrouwen;10 tot 15 jaar;Noord-Amerika;Caribisch Nederland;2017;1;3;-2
6975;Totaal mannen en vrouwen;10 tot 15 jaar;Noord-Amerika;Caribisch Nederland;2018;0;3;-3
6976;Totaal mannen en vrouwen;10 tot 15 jaar;Noord-Amerika;Caribisch Nederland;2019;7;1;6
6977;Totaal mannen en vrouwen;10 tot 15 jaar;Noord-Amerika;Caribisch Nederland;2020;0;0;0
6978;Totaal mannen en vrouwen;10 tot 15 jaar;Noord-Amerika;Caribisch Nederland;2021;0;1;-1
6979;Totaal mannen en vrouwen;10 tot 15 jaar;Noord-Amerika;Caribisch Nederland;2022;1;1;0
6980;Totaal mannen en vrouwen;10 tot 15 jaar;Noord-Amerika;Caribisch Nederland;2023;0;0;0
6981;Totaal mannen en vrouwen;10 tot 15 jaar;Noord-Amerika;Bonaire;2011;0;0;0
6982;Totaal mannen en vrouwen;10 tot 15 jaar;Noord-Amerika;Bonaire;2012;3;0;3
6983;Totaal mannen en vrouwen;10 tot 15 jaar;Noord-Amerika;Bonaire;2013;0;0;0
6984;Totaal mannen en vrouwen;10 tot 15 jaar;Noord-Amerika;Bonaire;2014;0;1;-1
6985;Totaal mannen en vrouwen;10 tot 15 jaar;Noord-Amerika;Bonaire;2015;0;1;-1
6986;Totaal mannen en vrouwen;10 tot 15 jaar;Noord-Amerika;Bonaire;2016;2;1;1
6987;Totaal mannen en vrouwen;10 tot 15 jaar;Noord-Amerika;Bonaire;2017;0;1;-1
6988;Totaal mannen en vrouwen;10 tot 15 jaar;Noord-Amerika;Bonaire;2018;0;0;0
6989;Totaal mannen en vrouwen;10 tot 15 jaar;Noord-Amerika;Bonaire;2019;2;1;1
6990;Totaal mannen en vrouwen;10 tot 15 jaar;Noord-Amerika;Bonaire;2020;0;0;0
6991;Totaal mannen en vrouwen;10 tot 15 jaar;Noord-Amerika;Bonaire;2021;0;0;0
6992;Totaal mannen en vrouwen;10 tot 15 jaar;Noord-Amerika;Bonaire;2022;1;0;1
6993;Totaal mannen en vrouwen;10 tot 15 jaar;Noord-Amerika;Bonaire;2023;0;0;0
6994;Totaal mannen en vrouwen;10 tot 15 jaar;Noord-Amerika;Sint Eustatius;2011;1;1;0
6995;Totaal mannen en vrouwen;10 tot 15 jaar;Noord-Amerika;Sint Eustatius;2012;2;0;2
6996;Totaal mannen en vrouwen;10 tot 15 jaar;Noord-Amerika;Sint Eustatius;2013;5;6;-1
6997;Totaal mannen en vrouwen;10 tot 15 jaar;Noord-Amerika;Sint Eustatius;2014;0;2;-2
6998;Totaal mannen en vrouwen;10 tot 15 jaar;Noord-Amerika;Sint Eustatius;2015;0;2;-2
6999;Totaal mannen en vrouwen;10 tot 15 jaar;Noord-Amerika;Sint Eustatius;2016;0;0;0
7000;Totaal mannen en vrouwen;10 tot 15 jaar;Noord-Amerika;Sint Eustatius;2017;1;2;-1
7001;Totaal mannen en vrouwen;10 tot 15 jaar;Noord-Amerika;Sint Eustatius;2018;0;2;-2
7002;Totaal mannen en vrouwen;10 tot 15 jaar;Noord-Amerika;Sint Eustatius;2019;2;0;2
7003;Totaal mannen en vrouwen;10 tot 15 jaar;Noord-Amerika;Sint Eustatius;2020;0;0;0
7004;Totaal mannen en vrouwen;10 tot 15 jaar;Noord-Amerika;Sint Eustatius;2021;0;0;0
7005;Totaal mannen en vrouwen;10 tot 15 jaar;Noord-Amerika;Sint Eustatius;2022;0;1;-1
7006;Totaal mannen en vrouwen;10 tot 15 jaar;Noord-Amerika;Sint Eustatius;2023;0;0;0
7007;Totaal mannen en vrouwen;10 tot 15 jaar;Noord-Amerika;Saba;2011;0;2;-2
7008;Totaal mannen en vrouwen;10 tot 15 jaar;Noord-Amerika;Saba;2012;0;0;0
7009;Totaal mannen en vrouwen;10 tot 15 jaar;Noord-Amerika;Saba;2013;0;0;0
7010;Totaal mannen en vrouwen;10 tot 15 jaar;Noord-Amerika;Saba;2014;0;0;0
7011;Totaal mannen en vrouwen;10 tot 15 jaar;Noord-Amerika;Saba;2015;0;0;0
7012;Totaal mannen en vrouwen;10 tot 15 jaar;Noord-Amerika;Saba;2016;0;0;0
7013;Totaal mannen en vrouwen;10 tot 15 jaar;Noord-Amerika;Saba;2017;0;0;0
7014;Totaal mannen en vrouwen;10 tot 15 jaar;Noord-Amerika;Saba;2018;0;1;-1
7015;Totaal mannen en vrouwen;10 tot 15 jaar;Noord-Amerika;Saba;2019;3;0;3
7016;Totaal mannen en vrouwen;10 tot 15 jaar;Noord-Amerika;Saba;2020;0;0;0
7017;Totaal mannen en vrouwen;10 tot 15 jaar;Noord-Amerika;Saba;2021;0;1;-1
7018;Totaal mannen en vrouwen;10 tot 15 jaar;Noord-Amerika;Saba;2022;0;0;0
7019;Totaal mannen en vrouwen;10 tot 15 jaar;Noord-Amerika;Saba;2023;0;0;0
7020;Totaal mannen en vrouwen;10 tot 15 jaar;Aruba, Curaçao, Sint Maarten;Caribisch Nederland;2011;22;5;17
7021;Totaal mannen en vrouwen;10 tot 15 jaar;Aruba, Curaçao, Sint Maarten;Caribisch Nederland;2012;22;17;5
7022;Totaal mannen en vrouwen;10 tot 15 jaar;Aruba, Curaçao, Sint Maarten;Caribisch Nederland;2013;17;10;7
7023;Totaal mannen en vrouwen;10 tot 15 jaar;Aruba, Curaçao, Sint Maarten;Caribisch Nederland;2014;20;17;3
7024;Totaal mannen en vrouwen;10 tot 15 jaar;Aruba, Curaçao, Sint Maarten;Caribisch Nederland;2015;15;14;1
7025;Totaal mannen en vrouwen;10 tot 15 jaar;Aruba, Curaçao, Sint Maarten;Caribisch Nederland;2016;19;15;4
7026;Totaal mannen en vrouwen;10 tot 15 jaar;Aruba, Curaçao, Sint Maarten;Caribisch Nederland;2017;13;16;-3
7027;Totaal mannen en vrouwen;10 tot 15 jaar;Aruba, Curaçao, Sint Maarten;Caribisch Nederland;2018;25;23;2
7028;Totaal mannen en vrouwen;10 tot 15 jaar;Aruba, Curaçao, Sint Maarten;Caribisch Nederland;2019;17;13;4
7029;Totaal mannen en vrouwen;10 tot 15 jaar;Aruba, Curaçao, Sint Maarten;Caribisch Nederland;2020;16;11;5
7030;Totaal mannen en vrouwen;10 tot 15 jaar;Aruba, Curaçao, Sint Maarten;Caribisch Nederland;2021;36;14;22
7031;Totaal mannen en vrouwen;10 tot 15 jaar;Aruba, Curaçao, Sint Maarten;Caribisch Nederland;2022;28;26;2
7032;Totaal mannen en vrouwen;10 tot 15 jaar;Aruba, Curaçao, Sint Maarten;Caribisch Nederland;2023;19;25;-6
7033;Totaal mannen en vrouwen;10 tot 15 jaar;Aruba, Curaçao, Sint Maarten;Bonaire;2011;20;5;15
7034;Totaal mannen en vrouwen;10 tot 15 jaar;Aruba, Curaçao, Sint Maarten;Bonaire;2012;19;15;4
7035;Totaal mannen en vrouwen;10 tot 15 jaar;Aruba, Curaçao, Sint Maarten;Bonaire;2013;16;6;10
7036;Totaal mannen en vrouwen;10 tot 15 jaar;Aruba, Curaçao, Sint Maarten;Bonaire;2014;20;10;10
7037;Totaal mannen en vrouwen;10 tot 15 jaar;Aruba, Curaçao, Sint Maarten;Bonaire;2015;13;10;3
7038;Totaal mannen en vrouwen;10 tot 15 jaar;Aruba, Curaçao, Sint Maarten;Bonaire;2016;14;10;4
7039;Totaal mannen en vrouwen;10 tot 15 jaar;Aruba, Curaçao, Sint Maarten;Bonaire;2017;5;11;-6
7040;Totaal mannen en vrouwen;10 tot 15 jaar;Aruba, Curaçao, Sint Maarten;Bonaire;2018;16;10;6
7041;Totaal mannen en vrouwen;10 tot 15 jaar;Aruba, Curaçao, Sint Maarten;Bonaire;2019;16;9;7
7042;Totaal mannen en vrouwen;10 tot 15 jaar;Aruba, Curaçao, Sint Maarten;Bonaire;2020;14;6;8
7043;Totaal mannen en vrouwen;10 tot 15 jaar;Aruba, Curaçao, Sint Maarten;Bonaire;2021;26;9;17
7044;Totaal mannen en vrouwen;10 tot 15 jaar;Aruba, Curaçao, Sint Maarten;Bonaire;2022;25;18;7
7045;Totaal mannen en vrouwen;10 tot 15 jaar;Aruba, Curaçao, Sint Maarten;Bonaire;2023;14;18;-4
7046;Totaal mannen en vrouwen;10 tot 15 jaar;Aruba, Curaçao, Sint Maarten;Sint Eustatius;2011;1;0;1
7047;Totaal mannen en vrouwen;10 tot 15 jaar;Aruba, Curaçao, Sint Maarten;Sint Eustatius;2012;2;1;1
7048;Totaal mannen en vrouwen;10 tot 15 jaar;Aruba, Curaçao, Sint Maarten;Sint Eustatius;2013;1;4;-3
7049;Totaal mannen en vrouwen;10 tot 15 jaar;Aruba, Curaçao, Sint Maarten;Sint Eustatius;2014;0;6;-6
7050;Totaal mannen en vrouwen;10 tot 15 jaar;Aruba, Curaçao, Sint Maarten;Sint Eustatius;2015;2;4;-2
7051;Totaal mannen en vrouwen;10 tot 15 jaar;Aruba, Curaçao, Sint Maarten;Sint Eustatius;2016;5;3;2
7052;Totaal mannen en vrouwen;10 tot 15 jaar;Aruba, Curaçao, Sint Maarten;Sint Eustatius;2017;6;2;4
7053;Totaal mannen en vrouwen;10 tot 15 jaar;Aruba, Curaçao, Sint Maarten;Sint Eustatius;2018;5;8;-3
7054;Totaal mannen en vrouwen;10 tot 15 jaar;Aruba, Curaçao, Sint Maarten;Sint Eustatius;2019;1;1;0
7055;Totaal mannen en vrouwen;10 tot 15 jaar;Aruba, Curaçao, Sint Maarten;Sint Eustatius;2020;2;1;1
7056;Totaal mannen en vrouwen;10 tot 15 jaar;Aruba, Curaçao, Sint Maarten;Sint Eustatius;2021;7;3;4
7057;Totaal mannen en vrouwen;10 tot 15 jaar;Aruba, Curaçao, Sint Maarten;Sint Eustatius;2022;2;8;-6
7058;Totaal mannen en vrouwen;10 tot 15 jaar;Aruba, Curaçao, Sint Maarten;Sint Eustatius;2023;3;6;-3
7059;Totaal mannen en vrouwen;10 tot 15 jaar;Aruba, Curaçao, Sint Maarten;Saba;2011;1;0;1
7060;Totaal mannen en vrouwen;10 tot 15 jaar;Aruba, Curaçao, Sint Maarten;Saba;2012;1;1;0
7061;Totaal mannen en vrouwen;10 tot 15 jaar;Aruba, Curaçao, Sint Maarten;Saba;2013;0;0;0
7062;Totaal mannen en vrouwen;10 tot 15 jaar;Aruba, Curaçao, Sint Maarten;Saba;2014;0;1;-1
7063;Totaal mannen en vrouwen;10 tot 15 jaar;Aruba, Curaçao, Sint Maarten;Saba;2015;0;0;0
7064;Totaal mannen en vrouwen;10 tot 15 jaar;Aruba, Curaçao, Sint Maarten;Saba;2016;0;2;-2
7065;Totaal mannen en vrouwen;10 tot 15 jaar;Aruba, Curaçao, Sint Maarten;Saba;2017;2;3;-1
7066;Totaal mannen en vrouwen;10 tot 15 jaar;Aruba, Curaçao, Sint Maarten;Saba;2018;4;5;-1
7067;Totaal mannen en vrouwen;10 tot 15 jaar;Aruba, Curaçao, Sint Maarten;Saba;2019;0;3;-3
7068;Totaal mannen en vrouwen;10 tot 15 jaar;Aruba, Curaçao, Sint Maarten;Saba;2020;0;4;-4
7069;Totaal mannen en vrouwen;10 tot 15 jaar;Aruba, Curaçao, Sint Maarten;Saba;2021;3;2;1
7070;Totaal mannen en vrouwen;10 tot 15 jaar;Aruba, Curaçao, Sint Maarten;Saba;2022;1;0;1
7071;Totaal mannen en vrouwen;10 tot 15 jaar;Aruba, Curaçao, Sint Maarten;Saba;2023;2;1;1
7072;Totaal mannen en vrouwen;10 tot 15 jaar;Caribisch Nederland;Caribisch Nederland;2011;6;7;-1
7073;Totaal mannen en vrouwen;10 tot 15 jaar;Caribisch Nederland;Caribisch Nederland;2012;3;13;-10
7074;Totaal mannen en vrouwen;10 tot 15 jaar;Caribisch Nederland;Caribisch Nederland;2013;7;11;-4
7075;Totaal mannen en vrouwen;10 tot 15 jaar;Caribisch Nederland;Caribisch Nederland;2014;7;6;1
7076;Totaal mannen en vrouwen;10 tot 15 jaar;Caribisch Nederland;Caribisch Nederland;2015;6;10;-4
7077;Totaal mannen en vrouwen;10 tot 15 jaar;Caribisch Nederland;Caribisch Nederland;2016;6;9;-3
7078;Totaal mannen en vrouwen;10 tot 15 jaar;Caribisch Nederland;Caribisch Nederland;2017;7;11;-4
7079;Totaal mannen en vrouwen;10 tot 15 jaar;Caribisch Nederland;Caribisch Nederland;2018;7;22;-15
7080;Totaal mannen en vrouwen;10 tot 15 jaar;Caribisch Nederland;Caribisch Nederland;2019;9;10;-1
7081;Totaal mannen en vrouwen;10 tot 15 jaar;Caribisch Nederland;Caribisch Nederland;2020;10;11;-1
7082;Totaal mannen en vrouwen;10 tot 15 jaar;Caribisch Nederland;Caribisch Nederland;2021;5;12;-7
7083;Totaal mannen en vrouwen;10 tot 15 jaar;Caribisch Nederland;Caribisch Nederland;2022;8;21;-13
7084;Totaal mannen en vrouwen;10 tot 15 jaar;Caribisch Nederland;Caribisch Nederland;2023;4;29;-25
7085;Totaal mannen en vrouwen;10 tot 15 jaar;Caribisch Nederland;Bonaire;2011;6;5;1
7086;Totaal mannen en vrouwen;10 tot 15 jaar;Caribisch Nederland;Bonaire;2012;3;12;-9
7087;Totaal mannen en vrouwen;10 tot 15 jaar;Caribisch Nederland;Bonaire;2013;7;6;1
7088;Totaal mannen en vrouwen;10 tot 15 jaar;Caribisch Nederland;Bonaire;2014;6;6;0
7089;Totaal mannen en vrouwen;10 tot 15 jaar;Caribisch Nederland;Bonaire;2015;5;9;-4
7090;Totaal mannen en vrouwen;10 tot 15 jaar;Caribisch Nederland;Bonaire;2016;6;8;-2
7091;Totaal mannen en vrouwen;10 tot 15 jaar;Caribisch Nederland;Bonaire;2017;7;11;-4
7092;Totaal mannen en vrouwen;10 tot 15 jaar;Caribisch Nederland;Bonaire;2018;7;15;-8
7093;Totaal mannen en vrouwen;10 tot 15 jaar;Caribisch Nederland;Bonaire;2019;9;10;-1
7094;Totaal mannen en vrouwen;10 tot 15 jaar;Caribisch Nederland;Bonaire;2020;9;11;-2
7095;Totaal mannen en vrouwen;10 tot 15 jaar;Caribisch Nederland;Bonaire;2021;4;10;-6
7096;Totaal mannen en vrouwen;10 tot 15 jaar;Caribisch Nederland;Bonaire;2022;8;19;-11
7097;Totaal mannen en vrouwen;10 tot 15 jaar;Caribisch Nederland;Bonaire;2023;3;24;-21
7098;Totaal mannen en vrouwen;10 tot 15 jaar;Caribisch Nederland;Sint Eustatius;2011;0;1;-1
7099;Totaal mannen en vrouwen;10 tot 15 jaar;Caribisch Nederland;Sint Eustatius;2012;0;1;-1
7100;Totaal mannen en vrouwen;10 tot 15 jaar;Caribisch Nederland;Sint Eustatius;2013;0;5;-5
7101;Totaal mannen en vrouwen;10 tot 15 jaar;Caribisch Nederland;Sint Eustatius;2014;1;0;1
7102;Totaal mannen en vrouwen;10 tot 15 jaar;Caribisch Nederland;Sint Eustatius;2015;1;1;0
7103;Totaal mannen en vrouwen;10 tot 15 jaar;Caribisch Nederland;Sint Eustatius;2016;0;0;0
7104;Totaal mannen en vrouwen;10 tot 15 jaar;Caribisch Nederland;Sint Eustatius;2017;0;0;0
7105;Totaal mannen en vrouwen;10 tot 15 jaar;Caribisch Nederland;Sint Eustatius;2018;0;6;-6
7106;Totaal mannen en vrouwen;10 tot 15 jaar;Caribisch Nederland;Sint Eustatius;2019;0;0;0
7107;Totaal mannen en vrouwen;10 tot 15 jaar;Caribisch Nederland;Sint Eustatius;2020;0;0;0
7108;Totaal mannen en vrouwen;10 tot 15 jaar;Caribisch Nederland;Sint Eustatius;2021;1;1;0
7109;Totaal mannen en vrouwen;10 tot 15 jaar;Caribisch Nederland;Sint Eustatius;2022;0;2;-2
7110;Totaal mannen en vrouwen;10 tot 15 jaar;Caribisch Nederland;Sint Eustatius;2023;1;5;-4
7111;Totaal mannen en vrouwen;10 tot 15 jaar;Caribisch Nederland;Saba;2011;0;1;-1
7112;Totaal mannen en vrouwen;10 tot 15 jaar;Caribisch Nederland;Saba;2012;0;0;0
7113;Totaal mannen en vrouwen;10 tot 15 jaar;Caribisch Nederland;Saba;2013;0;0;0
7114;Totaal mannen en vrouwen;10 tot 15 jaar;Caribisch Nederland;Saba;2014;0;0;0
7115;Totaal mannen en vrouwen;10 tot 15 jaar;Caribisch Nederland;Saba;2015;0;0;0
7116;Totaal mannen en vrouwen;10 tot 15 jaar;Caribisch Nederland;Saba;2016;0;1;-1
7117;Totaal mannen en vrouwen;10 tot 15 jaar;Caribisch Nederland;Saba;2017;0;0;0
7118;Totaal mannen en vrouwen;10 tot 15 jaar;Caribisch Nederland;Saba;2018;0;1;-1
7119;Totaal mannen en vrouwen;10 tot 15 jaar;Caribisch Nederland;Saba;2019;0;0;0
7120;Totaal mannen en vrouwen;10 tot 15 jaar;Caribisch Nederland;Saba;2020;1;0;1
7121;Totaal mannen en vrouwen;10 tot 15 jaar;Caribisch Nederland;Saba;2021;0;1;-1
7122;Totaal mannen en vrouwen;10 tot 15 jaar;Caribisch Nederland;Saba;2022;0;0;0
7123;Totaal mannen en vrouwen;10 tot 15 jaar;Caribisch Nederland;Saba;2023;0;0;0
7124;Totaal mannen en vrouwen;10 tot 15 jaar;Europese Unie (inclusief Nederland);Caribisch Nederland;2011;32;9;23
7125;Totaal mannen en vrouwen;10 tot 15 jaar;Europese Unie (inclusief Nederland);Caribisch Nederland;2012;25;33;-8
7126;Totaal mannen en vrouwen;10 tot 15 jaar;Europese Unie (inclusief Nederland);Caribisch Nederland;2013;56;29;27
7127;Totaal mannen en vrouwen;10 tot 15 jaar;Europese Unie (inclusief Nederland);Caribisch Nederland;2014;40;34;6
7128;Totaal mannen en vrouwen;10 tot 15 jaar;Europese Unie (inclusief Nederland);Caribisch Nederland;2015;34;39;-5
7129;Totaal mannen en vrouwen;10 tot 15 jaar;Europese Unie (inclusief Nederland);Caribisch Nederland;2016;27;32;-5
7130;Totaal mannen en vrouwen;10 tot 15 jaar;Europese Unie (inclusief Nederland);Caribisch Nederland;2017;29;35;-6
7131;Totaal mannen en vrouwen;10 tot 15 jaar;Europese Unie (inclusief Nederland);Caribisch Nederland;2018;34;29;5
7132;Totaal mannen en vrouwen;10 tot 15 jaar;Europese Unie (inclusief Nederland);Caribisch Nederland;2019;34;23;11
7133;Totaal mannen en vrouwen;10 tot 15 jaar;Europese Unie (inclusief Nederland);Caribisch Nederland;2020;25;17;8
7134;Totaal mannen en vrouwen;10 tot 15 jaar;Europese Unie (inclusief Nederland);Caribisch Nederland;2021;37;31;6
7135;Totaal mannen en vrouwen;10 tot 15 jaar;Europese Unie (inclusief Nederland);Caribisch Nederland;2022;51;28;23
7136;Totaal mannen en vrouwen;10 tot 15 jaar;Europese Unie (inclusief Nederland);Caribisch Nederland;2023;29;27;2
7137;Totaal mannen en vrouwen;10 tot 15 jaar;Europese Unie (inclusief Nederland);Bonaire;2011;29;8;21
7138;Totaal mannen en vrouwen;10 tot 15 jaar;Europese Unie (inclusief Nederland);Bonaire;2012;22;29;-7
7139;Totaal mannen en vrouwen;10 tot 15 jaar;Europese Unie (inclusief Nederland);Bonaire;2013;52;24;28
7140;Totaal mannen en vrouwen;10 tot 15 jaar;Europese Unie (inclusief Nederland);Bonaire;2014;36;31;5
7141;Totaal mannen en vrouwen;10 tot 15 jaar;Europese Unie (inclusief Nederland);Bonaire;2015;28;37;-9
7142;Totaal mannen en vrouwen;10 tot 15 jaar;Europese Unie (inclusief Nederland);Bonaire;2016;22;28;-6
7143;Totaal mannen en vrouwen;10 tot 15 jaar;Europese Unie (inclusief Nederland);Bonaire;2017;23;34;-11
7144;Totaal mannen en vrouwen;10 tot 15 jaar;Europese Unie (inclusief Nederland);Bonaire;2018;30;22;8
7145;Totaal mannen en vrouwen;10 tot 15 jaar;Europese Unie (inclusief Nederland);Bonaire;2019;30;19;11
7146;Totaal mannen en vrouwen;10 tot 15 jaar;Europese Unie (inclusief Nederland);Bonaire;2020;21;14;7
7147;Totaal mannen en vrouwen;10 tot 15 jaar;Europese Unie (inclusief Nederland);Bonaire;2021;33;25;8
7148;Totaal mannen en vrouwen;10 tot 15 jaar;Europese Unie (inclusief Nederland);Bonaire;2022;47;25;22
7149;Totaal mannen en vrouwen;10 tot 15 jaar;Europese Unie (inclusief Nederland);Bonaire;2023;28;23;5
7150;Totaal mannen en vrouwen;10 tot 15 jaar;Europese Unie (inclusief Nederland);Sint Eustatius;2011;2;1;1
7151;Totaal mannen en vrouwen;10 tot 15 jaar;Europese Unie (inclusief Nederland);Sint Eustatius;2012;3;4;-1
7152;Totaal mannen en vrouwen;10 tot 15 jaar;Europese Unie (inclusief Nederland);Sint Eustatius;2013;3;2;1
7153;Totaal mannen en vrouwen;10 tot 15 jaar;Europese Unie (inclusief Nederland);Sint Eustatius;2014;1;3;-2
7154;Totaal mannen en vrouwen;10 tot 15 jaar;Europese Unie (inclusief Nederland);Sint Eustatius;2015;3;1;2
7155;Totaal mannen en vrouwen;10 tot 15 jaar;Europese Unie (inclusief Nederland);Sint Eustatius;2016;3;3;0
7156;Totaal mannen en vrouwen;10 tot 15 jaar;Europese Unie (inclusief Nederland);Sint Eustatius;2017;4;0;4
7157;Totaal mannen en vrouwen;10 tot 15 jaar;Europese Unie (inclusief Nederland);Sint Eustatius;2018;4;4;0
7158;Totaal mannen en vrouwen;10 tot 15 jaar;Europese Unie (inclusief Nederland);Sint Eustatius;2019;4;1;3
7159;Totaal mannen en vrouwen;10 tot 15 jaar;Europese Unie (inclusief Nederland);Sint Eustatius;2020;0;3;-3
7160;Totaal mannen en vrouwen;10 tot 15 jaar;Europese Unie (inclusief Nederland);Sint Eustatius;2021;0;1;-1
7161;Totaal mannen en vrouwen;10 tot 15 jaar;Europese Unie (inclusief Nederland);Sint Eustatius;2022;2;1;1
7162;Totaal mannen en vrouwen;10 tot 15 jaar;Europese Unie (inclusief Nederland);Sint Eustatius;2023;1;2;-1
7163;Totaal mannen en vrouwen;10 tot 15 jaar;Europese Unie (inclusief Nederland);Saba;2011;1;0;1
7164;Totaal mannen en vrouwen;10 tot 15 jaar;Europese Unie (inclusief Nederland);Saba;2012;0;0;0
7165;Totaal mannen en vrouwen;10 tot 15 jaar;Europese Unie (inclusief Nederland);Saba;2013;1;3;-2
7166;Totaal mannen en vrouwen;10 tot 15 jaar;Europese Unie (inclusief Nederland);Saba;2014;3;0;3
7167;Totaal mannen en vrouwen;10 tot 15 jaar;Europese Unie (inclusief Nederland);Saba;2015;3;1;2
7168;Totaal mannen en vrouwen;10 tot 15 jaar;Europese Unie (inclusief Nederland);Saba;2016;2;1;1
7169;Totaal mannen en vrouwen;10 tot 15 jaar;Europese Unie (inclusief Nederland);Saba;2017;2;1;1
7170;Totaal mannen en vrouwen;10 tot 15 jaar;Europese Unie (inclusief Nederland);Saba;2018;0;3;-3
7171;Totaal mannen en vrouwen;10 tot 15 jaar;Europese Unie (inclusief Nederland);Saba;2019;0;3;-3
7172;Totaal mannen en vrouwen;10 tot 15 jaar;Europese Unie (inclusief Nederland);Saba;2020;4;0;4
7173;Totaal mannen en vrouwen;10 tot 15 jaar;Europese Unie (inclusief Nederland);Saba;2021;4;5;-1
7174;Totaal mannen en vrouwen;10 tot 15 jaar;Europese Unie (inclusief Nederland);Saba;2022;2;2;0
7175;Totaal mannen en vrouwen;10 tot 15 jaar;Europese Unie (inclusief Nederland);Saba;2023;0;2;-2
7176;Totaal mannen en vrouwen;10 tot 15 jaar;Europese Unie (exclusief Nederland);Caribisch Nederland;2011;2;0;2
7177;Totaal mannen en vrouwen;10 tot 15 jaar;Europese Unie (exclusief Nederland);Caribisch Nederland;2012;2;1;1
7178;Totaal mannen en vrouwen;10 tot 15 jaar;Europese Unie (exclusief Nederland);Caribisch Nederland;2013;1;2;-1
7179;Totaal mannen en vrouwen;10 tot 15 jaar;Europese Unie (exclusief Nederland);Caribisch Nederland;2014;2;1;1
7180;Totaal mannen en vrouwen;10 tot 15 jaar;Europese Unie (exclusief Nederland);Caribisch Nederland;2015;3;3;0
7181;Totaal mannen en vrouwen;10 tot 15 jaar;Europese Unie (exclusief Nederland);Caribisch Nederland;2016;1;1;0
7182;Totaal mannen en vrouwen;10 tot 15 jaar;Europese Unie (exclusief Nederland);Caribisch Nederland;2017;1;0;1
7183;Totaal mannen en vrouwen;10 tot 15 jaar;Europese Unie (exclusief Nederland);Caribisch Nederland;2018;1;4;-3
7184;Totaal mannen en vrouwen;10 tot 15 jaar;Europese Unie (exclusief Nederland);Caribisch Nederland;2019;0;0;0
7185;Totaal mannen en vrouwen;10 tot 15 jaar;Europese Unie (exclusief Nederland);Caribisch Nederland;2020;3;0;3
7186;Totaal mannen en vrouwen;10 tot 15 jaar;Europese Unie (exclusief Nederland);Caribisch Nederland;2021;1;0;1
7187;Totaal mannen en vrouwen;10 tot 15 jaar;Europese Unie (exclusief Nederland);Caribisch Nederland;2022;1;1;0
7188;Totaal mannen en vrouwen;10 tot 15 jaar;Europese Unie (exclusief Nederland);Caribisch Nederland;2023;1;0;1
7189;Totaal mannen en vrouwen;10 tot 15 jaar;Europese Unie (exclusief Nederland);Bonaire;2011;2;0;2
7190;Totaal mannen en vrouwen;10 tot 15 jaar;Europese Unie (exclusief Nederland);Bonaire;2012;2;1;1
7191;Totaal mannen en vrouwen;10 tot 15 jaar;Europese Unie (exclusief Nederland);Bonaire;2013;0;0;0
7192;Totaal mannen en vrouwen;10 tot 15 jaar;Europese Unie (exclusief Nederland);Bonaire;2014;2;0;2
7193;Totaal mannen en vrouwen;10 tot 15 jaar;Europese Unie (exclusief Nederland);Bonaire;2015;0;3;-3
7194;Totaal mannen en vrouwen;10 tot 15 jaar;Europese Unie (exclusief Nederland);Bonaire;2016;1;1;0
7195;Totaal mannen en vrouwen;10 tot 15 jaar;Europese Unie (exclusief Nederland);Bonaire;2017;0;0;0
7196;Totaal mannen en vrouwen;10 tot 15 jaar;Europese Unie (exclusief Nederland);Bonaire;2018;0;1;-1
7197;Totaal mannen en vrouwen;10 tot 15 jaar;Europese Unie (exclusief Nederland);Bonaire;2019;0;0;0
7198;Totaal mannen en vrouwen;10 tot 15 jaar;Europese Unie (exclusief Nederland);Bonaire;2020;3;0;3
7199;Totaal mannen en vrouwen;10 tot 15 jaar;Europese Unie (exclusief Nederland);Bonaire;2021;0;0;0
7200;Totaal mannen en vrouwen;10 tot 15 jaar;Europese Unie (exclusief Nederland);Bonaire;2022;1;1;0
7201;Totaal mannen en vrouwen;10 tot 15 jaar;Europese Unie (exclusief Nederland);Bonaire;2023;0;0;0
7202;Totaal mannen en vrouwen;10 tot 15 jaar;Europese Unie (exclusief Nederland);Sint Eustatius;2011;0;0;0
7203;Totaal mannen en vrouwen;10 tot 15 jaar;Europese Unie (exclusief Nederland);Sint Eustatius;2012;0;0;0
7204;Totaal mannen en vrouwen;10 tot 15 jaar;Europese Unie (exclusief Nederland);Sint Eustatius;2013;1;0;1
7205;Totaal mannen en vrouwen;10 tot 15 jaar;Europese Unie (exclusief Nederland);Sint Eustatius;2014;0;1;-1
7206;Totaal mannen en vrouwen;10 tot 15 jaar;Europese Unie (exclusief Nederland);Sint Eustatius;2015;1;0;1
7207;Totaal mannen en vrouwen;10 tot 15 jaar;Europese Unie (exclusief Nederland);Sint Eustatius;2016;0;0;0
7208;Totaal mannen en vrouwen;10 tot 15 jaar;Europese Unie (exclusief Nederland);Sint Eustatius;2017;0;0;0
7209;Totaal mannen en vrouwen;10 tot 15 jaar;Europese Unie (exclusief Nederland);Sint Eustatius;2018;1;1;0
7210;Totaal mannen en vrouwen;10 tot 15 jaar;Europese Unie (exclusief Nederland);Sint Eustatius;2019;0;0;0
7211;Totaal mannen en vrouwen;10 tot 15 jaar;Europese Unie (exclusief Nederland);Sint Eustatius;2020;0;0;0
7212;Totaal mannen en vrouwen;10 tot 15 jaar;Europese Unie (exclusief Nederland);Sint Eustatius;2021;0;0;0
7213;Totaal mannen en vrouwen;10 tot 15 jaar;Europese Unie (exclusief Nederland);Sint Eustatius;2022;0;0;0
7214;Totaal mannen en vrouwen;10 tot 15 jaar;Europese Unie (exclusief Nederland);Sint Eustatius;2023;1;0;1
7215;Totaal mannen en vrouwen;10 tot 15 jaar;Europese Unie (exclusief Nederland);Saba;2011;0;0;0
7216;Totaal mannen en vrouwen;10 tot 15 jaar;Europese Unie (exclusief Nederland);Saba;2012;0;0;0
7217;Totaal mannen en vrouwen;10 tot 15 jaar;Europese Unie (exclusief Nederland);Saba;2013;0;2;-2
7218;Totaal mannen en vrouwen;10 tot 15 jaar;Europese Unie (exclusief Nederland);Saba;2014;0;0;0
7219;Totaal mannen en vrouwen;10 tot 15 jaar;Europese Unie (exclusief Nederland);Saba;2015;2;0;2
7220;Totaal mannen en vrouwen;10 tot 15 jaar;Europese Unie (exclusief Nederland);Saba;2016;0;0;0
7221;Totaal mannen en vrouwen;10 tot 15 jaar;Europese Unie (exclusief Nederland);Saba;2017;1;0;1
7222;Totaal mannen en vrouwen;10 tot 15 jaar;Europese Unie (exclusief Nederland);Saba;2018;0;2;-2
7223;Totaal mannen en vrouwen;10 tot 15 jaar;Europese Unie (exclusief Nederland);Saba;2019;0;0;0
7224;Totaal mannen en vrouwen;10 tot 15 jaar;Europese Unie (exclusief Nederland);Saba;2020;0;0;0
7225;Totaal mannen en vrouwen;10 tot 15 jaar;Europese Unie (exclusief Nederland);Saba;2021;1;0;1
7226;Totaal mannen en vrouwen;10 tot 15 jaar;Europese Unie (exclusief Nederland);Saba;2022;0;0;0
7227;Totaal mannen en vrouwen;10 tot 15 jaar;Europese Unie (exclusief Nederland);Saba;2023;0;0;0
7228;Totaal mannen en vrouwen;10 tot 15 jaar;Midden- en Zuid-Amerika (excl Ned Ca...);Caribisch Nederland;2011;18;9;9
7229;Totaal mannen en vrouwen;10 tot 15 jaar;Midden- en Zuid-Amerika (excl Ned Ca...);Caribisch Nederland;2012;23;5;18
7230;Totaal mannen en vrouwen;10 tot 15 jaar;Midden- en Zuid-Amerika (excl Ned Ca...);Caribisch Nederland;2013;12;3;9
7231;Totaal mannen en vrouwen;10 tot 15 jaar;Midden- en Zuid-Amerika (excl Ned Ca...);Caribisch Nederland;2014;11;4;7
7232;Totaal mannen en vrouwen;10 tot 15 jaar;Midden- en Zuid-Amerika (excl Ned Ca...);Caribisch Nederland;2015;21;5;16
7233;Totaal mannen en vrouwen;10 tot 15 jaar;Midden- en Zuid-Amerika (excl Ned Ca...);Caribisch Nederland;2016;23;6;17
7234;Totaal mannen en vrouwen;10 tot 15 jaar;Midden- en Zuid-Amerika (excl Ned Ca...);Caribisch Nederland;2017;15;12;3
7235;Totaal mannen en vrouwen;10 tot 15 jaar;Midden- en Zuid-Amerika (excl Ned Ca...);Caribisch Nederland;2018;25;3;22
7236;Totaal mannen en vrouwen;10 tot 15 jaar;Midden- en Zuid-Amerika (excl Ned Ca...);Caribisch Nederland;2019;22;2;20
7237;Totaal mannen en vrouwen;10 tot 15 jaar;Midden- en Zuid-Amerika (excl Ned Ca...);Caribisch Nederland;2020;17;3;14
7238;Totaal mannen en vrouwen;10 tot 15 jaar;Midden- en Zuid-Amerika (excl Ned Ca...);Caribisch Nederland;2021;25;5;20
7239;Totaal mannen en vrouwen;10 tot 15 jaar;Midden- en Zuid-Amerika (excl Ned Ca...);Caribisch Nederland;2022;45;-1;46
7240;Totaal mannen en vrouwen;10 tot 15 jaar;Midden- en Zuid-Amerika (excl Ned Ca...);Caribisch Nederland;2023;52;11;41
7241;Totaal mannen en vrouwen;10 tot 15 jaar;Midden- en Zuid-Amerika (excl Ned Ca...);Bonaire;2011;13;2;11
7242;Totaal mannen en vrouwen;10 tot 15 jaar;Midden- en Zuid-Amerika (excl Ned Ca...);Bonaire;2012;18;3;15
7243;Totaal mannen en vrouwen;10 tot 15 jaar;Midden- en Zuid-Amerika (excl Ned Ca...);Bonaire;2013;8;0;8
7244;Totaal mannen en vrouwen;10 tot 15 jaar;Midden- en Zuid-Amerika (excl Ned Ca...);Bonaire;2014;7;1;6
7245;Totaal mannen en vrouwen;10 tot 15 jaar;Midden- en Zuid-Amerika (excl Ned Ca...);Bonaire;2015;14;1;13
7246;Totaal mannen en vrouwen;10 tot 15 jaar;Midden- en Zuid-Amerika (excl Ned Ca...);Bonaire;2016;19;5;14
7247;Totaal mannen en vrouwen;10 tot 15 jaar;Midden- en Zuid-Amerika (excl Ned Ca...);Bonaire;2017;11;7;4
7248;Totaal mannen en vrouwen;10 tot 15 jaar;Midden- en Zuid-Amerika (excl Ned Ca...);Bonaire;2018;22;3;19
7249;Totaal mannen en vrouwen;10 tot 15 jaar;Midden- en Zuid-Amerika (excl Ned Ca...);Bonaire;2019;17;0;17
7250;Totaal mannen en vrouwen;10 tot 15 jaar;Midden- en Zuid-Amerika (excl Ned Ca...);Bonaire;2020;11;1;10
7251;Totaal mannen en vrouwen;10 tot 15 jaar;Midden- en Zuid-Amerika (excl Ned Ca...);Bonaire;2021;18;5;13
7252;Totaal mannen en vrouwen;10 tot 15 jaar;Midden- en Zuid-Amerika (excl Ned Ca...);Bonaire;2022;38;-1;39
7253;Totaal mannen en vrouwen;10 tot 15 jaar;Midden- en Zuid-Amerika (excl Ned Ca...);Bonaire;2023;41;3;38
7254;Totaal mannen en vrouwen;10 tot 15 jaar;Midden- en Zuid-Amerika (excl Ned Ca...);Sint Eustatius;2011;3;1;2
7255;Totaal mannen en vrouwen;10 tot 15 jaar;Midden- en Zuid-Amerika (excl Ned Ca...);Sint Eustatius;2012;3;1;2
7256;Totaal mannen en vrouwen;10 tot 15 jaar;Midden- en Zuid-Amerika (excl Ned Ca...);Sint Eustatius;2013;3;3;0
7257;Totaal mannen en vrouwen;10 tot 15 jaar;Midden- en Zuid-Amerika (excl Ned Ca...);Sint Eustatius;2014;3;3;0
7258;Totaal mannen en vrouwen;10 tot 15 jaar;Midden- en Zuid-Amerika (excl Ned Ca...);Sint Eustatius;2015;5;4;1
7259;Totaal mannen en vrouwen;10 tot 15 jaar;Midden- en Zuid-Amerika (excl Ned Ca...);Sint Eustatius;2016;4;1;3
7260;Totaal mannen en vrouwen;10 tot 15 jaar;Midden- en Zuid-Amerika (excl Ned Ca...);Sint Eustatius;2017;3;2;1
7261;Totaal mannen en vrouwen;10 tot 15 jaar;Midden- en Zuid-Amerika (excl Ned Ca...);Sint Eustatius;2018;1;0;1
7262;Totaal mannen en vrouwen;10 tot 15 jaar;Midden- en Zuid-Amerika (excl Ned Ca...);Sint Eustatius;2019;4;1;3
7263;Totaal mannen en vrouwen;10 tot 15 jaar;Midden- en Zuid-Amerika (excl Ned Ca...);Sint Eustatius;2020;1;0;1
7264;Totaal mannen en vrouwen;10 tot 15 jaar;Midden- en Zuid-Amerika (excl Ned Ca...);Sint Eustatius;2021;3;0;3
7265;Totaal mannen en vrouwen;10 tot 15 jaar;Midden- en Zuid-Amerika (excl Ned Ca...);Sint Eustatius;2022;4;0;4
7266;Totaal mannen en vrouwen;10 tot 15 jaar;Midden- en Zuid-Amerika (excl Ned Ca...);Sint Eustatius;2023;7;8;-1
7267;Totaal mannen en vrouwen;10 tot 15 jaar;Midden- en Zuid-Amerika (excl Ned Ca...);Saba;2011;2;6;-4
7268;Totaal mannen en vrouwen;10 tot 15 jaar;Midden- en Zuid-Amerika (excl Ned Ca...);Saba;2012;2;1;1
7269;Totaal mannen en vrouwen;10 tot 15 jaar;Midden- en Zuid-Amerika (excl Ned Ca...);Saba;2013;1;0;1
7270;Totaal mannen en vrouwen;10 tot 15 jaar;Midden- en Zuid-Amerika (excl Ned Ca...);Saba;2014;1;0;1
7271;Totaal mannen en vrouwen;10 tot 15 jaar;Midden- en Zuid-Amerika (excl Ned Ca...);Saba;2015;2;0;2
7272;Totaal mannen en vrouwen;10 tot 15 jaar;Midden- en Zuid-Amerika (excl Ned Ca...);Saba;2016;0;0;0
7273;Totaal mannen en vrouwen;10 tot 15 jaar;Midden- en Zuid-Amerika (excl Ned Ca...);Saba;2017;1;3;-2
7274;Totaal mannen en vrouwen;10 tot 15 jaar;Midden- en Zuid-Amerika (excl Ned Ca...);Saba;2018;2;0;2
7275;Totaal mannen en vrouwen;10 tot 15 jaar;Midden- en Zuid-Amerika (excl Ned Ca...);Saba;2019;1;1;0
7276;Totaal mannen en vrouwen;10 tot 15 jaar;Midden- en Zuid-Amerika (excl Ned Ca...);Saba;2020;5;2;3
7277;Totaal mannen en vrouwen;10 tot 15 jaar;Midden- en Zuid-Amerika (excl Ned Ca...);Saba;2021;4;0;4
7278;Totaal mannen en vrouwen;10 tot 15 jaar;Midden- en Zuid-Amerika (excl Ned Ca...);Saba;2022;3;0;3
7279;Totaal mannen en vrouwen;10 tot 15 jaar;Midden- en Zuid-Amerika (excl Ned Ca...);Saba;2023;4;0;4
7280;Totaal mannen en vrouwen;10 tot 15 jaar;Aruba;Caribisch Nederland;2011;7;1;6
7281;Totaal mannen en vrouwen;10 tot 15 jaar;Aruba;Caribisch Nederland;2012;5;4;1
7282;Totaal mannen en vrouwen;10 tot 15 jaar;Aruba;Caribisch Nederland;2013;4;1;3
7283;Totaal mannen en vrouwen;10 tot 15 jaar;Aruba;Caribisch Nederland;2014;4;1;3
7284;Totaal mannen en vrouwen;10 tot 15 jaar;Aruba;Caribisch Nederland;2015;1;2;-1
7285;Totaal mannen en vrouwen;10 tot 15 jaar;Aruba;Caribisch Nederland;2016;3;2;1
7286;Totaal mannen en vrouwen;10 tot 15 jaar;Aruba;Caribisch Nederland;2017;3;3;0
7287;Totaal mannen en vrouwen;10 tot 15 jaar;Aruba;Caribisch Nederland;2018;3;1;2
7288;Totaal mannen en vrouwen;10 tot 15 jaar;Aruba;Caribisch Nederland;2019;2;0;2
7289;Totaal mannen en vrouwen;10 tot 15 jaar;Aruba;Caribisch Nederland;2020;1;1;0
7290;Totaal mannen en vrouwen;10 tot 15 jaar;Aruba;Caribisch Nederland;2021;3;0;3
7291;Totaal mannen en vrouwen;10 tot 15 jaar;Aruba;Caribisch Nederland;2022;0;4;-4
7292;Totaal mannen en vrouwen;10 tot 15 jaar;Aruba;Caribisch Nederland;2023;4;3;1
7293;Totaal mannen en vrouwen;10 tot 15 jaar;Aruba;Bonaire;2011;7;1;6
7294;Totaal mannen en vrouwen;10 tot 15 jaar;Aruba;Bonaire;2012;4;3;1
7295;Totaal mannen en vrouwen;10 tot 15 jaar;Aruba;Bonaire;2013;4;1;3
7296;Totaal mannen en vrouwen;10 tot 15 jaar;Aruba;Bonaire;2014;4;0;4
7297;Totaal mannen en vrouwen;10 tot 15 jaar;Aruba;Bonaire;2015;1;2;-1
7298;Totaal mannen en vrouwen;10 tot 15 jaar;Aruba;Bonaire;2016;3;2;1
7299;Totaal mannen en vrouwen;10 tot 15 jaar;Aruba;Bonaire;2017;3;3;0
7300;Totaal mannen en vrouwen;10 tot 15 jaar;Aruba;Bonaire;2018;3;1;2
7301;Totaal mannen en vrouwen;10 tot 15 jaar;Aruba;Bonaire;2019;2;0;2
7302;Totaal mannen en vrouwen;10 tot 15 jaar;Aruba;Bonaire;2020;1;1;0
7303;Totaal mannen en vrouwen;10 tot 15 jaar;Aruba;Bonaire;2021;3;0;3
7304;Totaal mannen en vrouwen;10 tot 15 jaar;Aruba;Bonaire;2022;0;4;-4
7305;Totaal mannen en vrouwen;10 tot 15 jaar;Aruba;Bonaire;2023;3;3;0
7306;Totaal mannen en vrouwen;10 tot 15 jaar;Aruba;Sint Eustatius;2011;0;0;0
7307;Totaal mannen en vrouwen;10 tot 15 jaar;Aruba;Sint Eustatius;2012;1;0;1
7308;Totaal mannen en vrouwen;10 tot 15 jaar;Aruba;Sint Eustatius;2013;0;0;0
7309;Totaal mannen en vrouwen;10 tot 15 jaar;Aruba;Sint Eustatius;2014;0;1;-1
7310;Totaal mannen en vrouwen;10 tot 15 jaar;Aruba;Sint Eustatius;2015;0;0;0
7311;Totaal mannen en vrouwen;10 tot 15 jaar;Aruba;Sint Eustatius;2016;0;0;0
7312;Totaal mannen en vrouwen;10 tot 15 jaar;Aruba;Sint Eustatius;2017;0;0;0
7313;Totaal mannen en vrouwen;10 tot 15 jaar;Aruba;Sint Eustatius;2018;0;0;0
7314;Totaal mannen en vrouwen;10 tot 15 jaar;Aruba;Sint Eustatius;2019;0;0;0
7315;Totaal mannen en vrouwen;10 tot 15 jaar;Aruba;Sint Eustatius;2020;0;0;0
7316;Totaal mannen en vrouwen;10 tot 15 jaar;Aruba;Sint Eustatius;2021;0;0;0
7317;Totaal mannen en vrouwen;10 tot 15 jaar;Aruba;Sint Eustatius;2022;0;0;0
7318;Totaal mannen en vrouwen;10 tot 15 jaar;Aruba;Sint Eustatius;2023;0;0;0
7319;Totaal mannen en vrouwen;10 tot 15 jaar;Aruba;Saba;2011;0;0;0
7320;Totaal mannen en vrouwen;10 tot 15 jaar;Aruba;Saba;2012;0;1;-1
7321;Totaal mannen en vrouwen;10 tot 15 jaar;Aruba;Saba;2013;0;0;0
7322;Totaal mannen en vrouwen;10 tot 15 jaar;Aruba;Saba;2014;0;0;0
7323;Totaal mannen en vrouwen;10 tot 15 jaar;Aruba;Saba;2015;0;0;0
7324;Totaal mannen en vrouwen;10 tot 15 jaar;Aruba;Saba;2016;0;0;0
7325;Totaal mannen en vrouwen;10 tot 15 jaar;Aruba;Saba;2017;0;0;0
7326;Totaal mannen en vrouwen;10 tot 15 jaar;Aruba;Saba;2018;0;0;0
7327;Totaal mannen en vrouwen;10 tot 15 jaar;Aruba;Saba;2019;0;0;0
7328;Totaal mannen en vrouwen;10 tot 15 jaar;Aruba;Saba;2020;0;0;0
7329;Totaal mannen en vrouwen;10 tot 15 jaar;Aruba;Saba;2021;0;0;0
7330;Totaal mannen en vrouwen;10 tot 15 jaar;Aruba;Saba;2022;0;0;0
7331;Totaal mannen en vrouwen;10 tot 15 jaar;Aruba;Saba;2023;1;0;1
7332;Totaal mannen en vrouwen;10 tot 15 jaar;Bonaire;Caribisch Nederland;2011;6;5;1
7333;Totaal mannen en vrouwen;10 tot 15 jaar;Bonaire;Caribisch Nederland;2012;3;12;-9
7334;Totaal mannen en vrouwen;10 tot 15 jaar;Bonaire;Caribisch Nederland;2013;7;6;1
7335;Totaal mannen en vrouwen;10 tot 15 jaar;Bonaire;Caribisch Nederland;2014;6;6;0
7336;Totaal mannen en vrouwen;10 tot 15 jaar;Bonaire;Caribisch Nederland;2015;5;9;-4
7337;Totaal mannen en vrouwen;10 tot 15 jaar;Bonaire;Caribisch Nederland;2016;6;8;-2
7338;Totaal mannen en vrouwen;10 tot 15 jaar;Bonaire;Caribisch Nederland;2017;7;11;-4
7339;Totaal mannen en vrouwen;10 tot 15 jaar;Bonaire;Caribisch Nederland;2018;7;15;-8
7340;Totaal mannen en vrouwen;10 tot 15 jaar;Bonaire;Caribisch Nederland;2019;9;10;-1
7341;Totaal mannen en vrouwen;10 tot 15 jaar;Bonaire;Caribisch Nederland;2020;9;11;-2
7342;Totaal mannen en vrouwen;10 tot 15 jaar;Bonaire;Caribisch Nederland;2021;4;10;-6
7343;Totaal mannen en vrouwen;10 tot 15 jaar;Bonaire;Caribisch Nederland;2022;8;19;-11
7344;Totaal mannen en vrouwen;10 tot 15 jaar;Bonaire;Caribisch Nederland;2023;3;24;-21
7345;Totaal mannen en vrouwen;10 tot 15 jaar;Bonaire;Bonaire;2011;6;5;1
7346;Totaal mannen en vrouwen;10 tot 15 jaar;Bonaire;Bonaire;2012;3;12;-9
7347;Totaal mannen en vrouwen;10 tot 15 jaar;Bonaire;Bonaire;2013;7;6;1
7348;Totaal mannen en vrouwen;10 tot 15 jaar;Bonaire;Bonaire;2014;6;6;0
7349;Totaal mannen en vrouwen;10 tot 15 jaar;Bonaire;Bonaire;2015;5;9;-4
7350;Totaal mannen en vrouwen;10 tot 15 jaar;Bonaire;Bonaire;2016;6;8;-2
7351;Totaal mannen en vrouwen;10 tot 15 jaar;Bonaire;Bonaire;2017;7;11;-4
7352;Totaal mannen en vrouwen;10 tot 15 jaar;Bonaire;Bonaire;2018;7;15;-8
7353;Totaal mannen en vrouwen;10 tot 15 jaar;Bonaire;Bonaire;2019;9;10;-1
7354;Totaal mannen en vrouwen;10 tot 15 jaar;Bonaire;Bonaire;2020;9;11;-2
7355;Totaal mannen en vrouwen;10 tot 15 jaar;Bonaire;Bonaire;2021;4;10;-6
7356;Totaal mannen en vrouwen;10 tot 15 jaar;Bonaire;Bonaire;2022;8;19;-11
7357;Totaal mannen en vrouwen;10 tot 15 jaar;Bonaire;Bonaire;2023;3;24;-21
7358;Totaal mannen en vrouwen;10 tot 15 jaar;Bonaire;Sint Eustatius;2011;0;0;0
7359;Totaal mannen en vrouwen;10 tot 15 jaar;Bonaire;Sint Eustatius;2012;0;0;0
7360;Totaal mannen en vrouwen;10 tot 15 jaar;Bonaire;Sint Eustatius;2013;0;0;0
7361;Totaal mannen en vrouwen;10 tot 15 jaar;Bonaire;Sint Eustatius;2014;0;0;0
7362;Totaal mannen en vrouwen;10 tot 15 jaar;Bonaire;Sint Eustatius;2015;0;0;0
7363;Totaal mannen en vrouwen;10 tot 15 jaar;Bonaire;Sint Eustatius;2016;0;0;0
7364;Totaal mannen en vrouwen;10 tot 15 jaar;Bonaire;Sint Eustatius;2017;0;0;0
7365;Totaal mannen en vrouwen;10 tot 15 jaar;Bonaire;Sint Eustatius;2018;0;0;0
7366;Totaal mannen en vrouwen;10 tot 15 jaar;Bonaire;Sint Eustatius;2019;0;0;0
7367;Totaal mannen en vrouwen;10 tot 15 jaar;Bonaire;Sint Eustatius;2020;0;0;0
7368;Totaal mannen en vrouwen;10 tot 15 jaar;Bonaire;Sint Eustatius;2021;0;0;0
7369;Totaal mannen en vrouwen;10 tot 15 jaar;Bonaire;Sint Eustatius;2022;0;0;0
7370;Totaal mannen en vrouwen;10 tot 15 jaar;Bonaire;Sint Eustatius;2023;0;0;0
7371;Totaal mannen en vrouwen;10 tot 15 jaar;Bonaire;Saba;2011;0;0;0
7372;Totaal mannen en vrouwen;10 tot 15 jaar;Bonaire;Saba;2012;0;0;0
7373;Totaal mannen en vrouwen;10 tot 15 jaar;Bonaire;Saba;2013;0;0;0
7374;Totaal mannen en vrouwen;10 tot 15 jaar;Bonaire;Saba;2014;0;0;0
7375;Totaal mannen en vrouwen;10 tot 15 jaar;Bonaire;Saba;2015;0;0;0
7376;Totaal mannen en vrouwen;10 tot 15 jaar;Bonaire;Saba;2016;0;0;0
7377;Totaal mannen en vrouwen;10 tot 15 jaar;Bonaire;Saba;2017;0;0;0
7378;Totaal mannen en vrouwen;10 tot 15 jaar;Bonaire;Saba;2018;0;0;0
7379;Totaal mannen en vrouwen;10 tot 15 jaar;Bonaire;Saba;2019;0;0;0
7380;Totaal mannen en vrouwen;10 tot 15 jaar;Bonaire;Saba;2020;0;0;0
7381;Totaal mannen en vrouwen;10 tot 15 jaar;Bonaire;Saba;2021;0;0;0
7382;Totaal mannen en vrouwen;10 tot 15 jaar;Bonaire;Saba;2022;0;0;0
7383;Totaal mannen en vrouwen;10 tot 15 jaar;Bonaire;Saba;2023;0;0;0
7384;Totaal mannen en vrouwen;10 tot 15 jaar;Canada;Caribisch Nederland;2011;1;1;0
7385;Totaal mannen en vrouwen;10 tot 15 jaar;Canada;Caribisch Nederland;2012;1;0;1
7386;Totaal mannen en vrouwen;10 tot 15 jaar;Canada;Caribisch Nederland;2013;2;5;-3
7387;Totaal mannen en vrouwen;10 tot 15 jaar;Canada;Caribisch Nederland;2014;0;1;-1
7388;Totaal mannen en vrouwen;10 tot 15 jaar;Canada;Caribisch Nederland;2015;0;1;-1
7389;Totaal mannen en vrouwen;10 tot 15 jaar;Canada;Caribisch Nederland;2016;0;0;0
7390;Totaal mannen en vrouwen;10 tot 15 jaar;Canada;Caribisch Nederland;2017;0;0;0
7391;Totaal mannen en vrouwen;10 tot 15 jaar;Canada;Caribisch Nederland;2018;0;1;-1
7392;Totaal mannen en vrouwen;10 tot 15 jaar;Canada;Caribisch Nederland;2019;1;0;1
7393;Totaal mannen en vrouwen;10 tot 15 jaar;Canada;Caribisch Nederland;2020;0;0;0
7394;Totaal mannen en vrouwen;10 tot 15 jaar;Canada;Caribisch Nederland;2021;0;1;-1
7395;Totaal mannen en vrouwen;10 tot 15 jaar;Canada;Caribisch Nederland;2022;0;0;0
7396;Totaal mannen en vrouwen;10 tot 15 jaar;Canada;Caribisch Nederland;2023;0;0;0
7397;Totaal mannen en vrouwen;10 tot 15 jaar;Canada;Bonaire;2011;0;0;0
7398;Totaal mannen en vrouwen;10 tot 15 jaar;Canada;Bonaire;2012;0;0;0
7399;Totaal mannen en vrouwen;10 tot 15 jaar;Canada;Bonaire;2013;0;0;0
7400;Totaal mannen en vrouwen;10 tot 15 jaar;Canada;Bonaire;2014;0;0;0
7401;Totaal mannen en vrouwen;10 tot 15 jaar;Canada;Bonaire;2015;0;0;0
7402;Totaal mannen en vrouwen;10 tot 15 jaar;Canada;Bonaire;2016;0;0;0
7403;Totaal mannen en vrouwen;10 tot 15 jaar;Canada;Bonaire;2017;0;0;0
7404;Totaal mannen en vrouwen;10 tot 15 jaar;Canada;Bonaire;2018;0;0;0
7405;Totaal mannen en vrouwen;10 tot 15 jaar;Canada;Bonaire;2019;1;0;1
7406;Totaal mannen en vrouwen;10 tot 15 jaar;Canada;Bonaire;2020;0;0;0
7407;Totaal mannen en vrouwen;10 tot 15 jaar;Canada;Bonaire;2021;0;0;0
7408;Totaal mannen en vrouwen;10 tot 15 jaar;Canada;Bonaire;2022;0;0;0
7409;Totaal mannen en vrouwen;10 tot 15 jaar;Canada;Bonaire;2023;0;0;0
7410;Totaal mannen en vrouwen;10 tot 15 jaar;Canada;Sint Eustatius;2011;1;1;0
7411;Totaal mannen en vrouwen;10 tot 15 jaar;Canada;Sint Eustatius;2012;1;0;1
7412;Totaal mannen en vrouwen;10 tot 15 jaar;Canada;Sint Eustatius;2013;2;5;-3
7413;Totaal mannen en vrouwen;10 tot 15 jaar;Canada;Sint Eustatius;2014;0;1;-1
7414;Totaal mannen en vrouwen;10 tot 15 jaar;Canada;Sint Eustatius;2015;0;1;-1
7415;Totaal mannen en vrouwen;10 tot 15 jaar;Canada;Sint Eustatius;2016;0;0;0
7416;Totaal mannen en vrouwen;10 tot 15 jaar;Canada;Sint Eustatius;2017;0;0;0
7417;Totaal mannen en vrouwen;10 tot 15 jaar;Canada;Sint Eustatius;2018;0;0;0
7418;Totaal mannen en vrouwen;10 tot 15 jaar;Canada;Sint Eustatius;2019;0;0;0
7419;Totaal mannen en vrouwen;10 tot 15 jaar;Canada;Sint Eustatius;2020;0;0;0
7420;Totaal mannen en vrouwen;10 tot 15 jaar;Canada;Sint Eustatius;2021;0;0;0
7421;Totaal mannen en vrouwen;10 tot 15 jaar;Canada;Sint Eustatius;2022;0;0;0
7422;Totaal mannen en vrouwen;10 tot 15 jaar;Canada;Sint Eustatius;2023;0;0;0
7423;Totaal mannen en vrouwen;10 tot 15 jaar;Canada;Saba;2011;0;0;0
7424;Totaal mannen en vrouwen;10 tot 15 jaar;Canada;Saba;2012;0;0;0
7425;Totaal mannen en vrouwen;10 tot 15 jaar;Canada;Saba;2013;0;0;0
7426;Totaal mannen en vrouwen;10 tot 15 jaar;Canada;Saba;2014;0;0;0
7427;Totaal mannen en vrouwen;10 tot 15 jaar;Canada;Saba;2015;0;0;0
7428;Totaal mannen en vrouwen;10 tot 15 jaar;Canada;Saba;2016;0;0;0
7429;Totaal mannen en vrouwen;10 tot 15 jaar;Canada;Saba;2017;0;0;0
7430;Totaal mannen en vrouwen;10 tot 15 jaar;Canada;Saba;2018;0;1;-1
7431;Totaal mannen en vrouwen;10 tot 15 jaar;Canada;Saba;2019;0;0;0
7432;Totaal mannen en vrouwen;10 tot 15 jaar;Canada;Saba;2020;0;0;0
7433;Totaal mannen en vrouwen;10 tot 15 jaar;Canada;Saba;2021;0;1;-1
7434;Totaal mannen en vrouwen;10 tot 15 jaar;Canada;Saba;2022;0;0;0
7435;Totaal mannen en vrouwen;10 tot 15 jaar;Canada;Saba;2023;0;0;0
7436;Totaal mannen en vrouwen;10 tot 15 jaar;China;Caribisch Nederland;2011;1;0;1
7437;Totaal mannen en vrouwen;10 tot 15 jaar;China;Caribisch Nederland;2012;1;0;1
7438;Totaal mannen en vrouwen;10 tot 15 jaar;China;Caribisch Nederland;2013;3;0;3
7439;Totaal mannen en vrouwen;10 tot 15 jaar;China;Caribisch Nederland;2014;1;0;1
7440;Totaal mannen en vrouwen;10 tot 15 jaar;China;Caribisch Nederland;2015;1;1;0
7441;Totaal mannen en vrouwen;10 tot 15 jaar;China;Caribisch Nederland;2016;2;1;1
7442;Totaal mannen en vrouwen;10 tot 15 jaar;China;Caribisch Nederland;2017;0;0;0
7443;Totaal mannen en vrouwen;10 tot 15 jaar;China;Caribisch Nederland;2018;1;0;1
7444;Totaal mannen en vrouwen;10 tot 15 jaar;China;Caribisch Nederland;2019;0;0;0
7445;Totaal mannen en vrouwen;10 tot 15 jaar;China;Caribisch Nederland;2020;0;0;0
7446;Totaal mannen en vrouwen;10 tot 15 jaar;China;Caribisch Nederland;2021;0;0;0
7447;Totaal mannen en vrouwen;10 tot 15 jaar;China;Caribisch Nederland;2022;0;0;0
7448;Totaal mannen en vrouwen;10 tot 15 jaar;China;Caribisch Nederland;2023;0;0;0
7449;Totaal mannen en vrouwen;10 tot 15 jaar;China;Bonaire;2011;1;0;1
7450;Totaal mannen en vrouwen;10 tot 15 jaar;China;Bonaire;2012;1;0;1
7451;Totaal mannen en vrouwen;10 tot 15 jaar;China;Bonaire;2013;3;0;3
7452;Totaal mannen en vrouwen;10 tot 15 jaar;China;Bonaire;2014;1;0;1
7453;Totaal mannen en vrouwen;10 tot 15 jaar;China;Bonaire;2015;1;1;0
7454;Totaal mannen en vrouwen;10 tot 15 jaar;China;Bonaire;2016;2;1;1
7455;Totaal mannen en vrouwen;10 tot 15 jaar;China;Bonaire;2017;0;0;0
7456;Totaal mannen en vrouwen;10 tot 15 jaar;China;Bonaire;2018;1;0;1
7457;Totaal mannen en vrouwen;10 tot 15 jaar;China;Bonaire;2019;0;0;0
7458;Totaal mannen en vrouwen;10 tot 15 jaar;China;Bonaire;2020;0;0;0
7459;Totaal mannen en vrouwen;10 tot 15 jaar;China;Bonaire;2021;0;0;0
7460;Totaal mannen en vrouwen;10 tot 15 jaar;China;Bonaire;2022;0;0;0
7461;Totaal mannen en vrouwen;10 tot 15 jaar;China;Bonaire;2023;0;0;0
7462;Totaal mannen en vrouwen;10 tot 15 jaar;China;Sint Eustatius;2011;0;0;0
7463;Totaal mannen en vrouwen;10 tot 15 jaar;China;Sint Eustatius;2012;0;0;0
7464;Totaal mannen en vrouwen;10 tot 15 jaar;China;Sint Eustatius;2013;0;0;0
7465;Totaal mannen en vrouwen;10 tot 15 jaar;China;Sint Eustatius;2014;0;0;0
7466;Totaal mannen en vrouwen;10 tot 15 jaar;China;Sint Eustatius;2015;0;0;0
7467;Totaal mannen en vrouwen;10 tot 15 jaar;China;Sint Eustatius;2016;0;0;0
7468;Totaal mannen en vrouwen;10 tot 15 jaar;China;Sint Eustatius;2017;0;0;0
7469;Totaal mannen en vrouwen;10 tot 15 jaar;China;Sint Eustatius;2018;0;0;0
7470;Totaal mannen en vrouwen;10 tot 15 jaar;China;Sint Eustatius;2019;0;0;0
7471;Totaal mannen en vrouwen;10 tot 15 jaar;China;Sint Eustatius;2020;0;0;0
7472;Totaal mannen en vrouwen;10 tot 15 jaar;China;Sint Eustatius;2021;0;0;0
7473;Totaal mannen en vrouwen;10 tot 15 jaar;China;Sint Eustatius;2022;0;0;0
7474;Totaal mannen en vrouwen;10 tot 15 jaar;China;Sint Eustatius;2023;0;0;0
7475;Totaal mannen en vrouwen;10 tot 15 jaar;China;Saba;2011;0;0;0
7476;Totaal mannen en vrouwen;10 tot 15 jaar;China;Saba;2012;0;0;0
7477;Totaal mannen en vrouwen;10 tot 15 jaar;China;Saba;2013;0;0;0
7478;Totaal mannen en vrouwen;10 tot 15 jaar;China;Saba;2014;0;0;0
7479;Totaal mannen en vrouwen;10 tot 15 jaar;China;Saba;2015;0;0;0
7480;Totaal mannen en vrouwen;10 tot 15 jaar;China;Saba;2016;0;0;0
7481;Totaal mannen en vrouwen;10 tot 15 jaar;China;Saba;2017;0;0;0
7482;Totaal mannen en vrouwen;10 tot 15 jaar;China;Saba;2018;0;0;0
7483;Totaal mannen en vrouwen;10 tot 15 jaar;China;Saba;2019;0;0;0
7484;Totaal mannen en vrouwen;10 tot 15 jaar;China;Saba;2020;0;0;0
7485;Totaal mannen en vrouwen;10 tot 15 jaar;China;Saba;2021;0;0;0
7486;Totaal mannen en vrouwen;10 tot 15 jaar;China;Saba;2022;0;0;0
7487;Totaal mannen en vrouwen;10 tot 15 jaar;China;Saba;2023;0;0;0
7488;Totaal mannen en vrouwen;10 tot 15 jaar;Colombia;Caribisch Nederland;2011;2;1;1
7489;Totaal mannen en vrouwen;10 tot 15 jaar;Colombia;Caribisch Nederland;2012;4;1;3
7490;Totaal mannen en vrouwen;10 tot 15 jaar;Colombia;Caribisch Nederland;2013;1;0;1
7491;Totaal mannen en vrouwen;10 tot 15 jaar;Colombia;Caribisch Nederland;2014;3;1;2
7492;Totaal mannen en vrouwen;10 tot 15 jaar;Colombia;Caribisch Nederland;2015;0;0;0
7493;Totaal mannen en vrouwen;10 tot 15 jaar;Colombia;Caribisch Nederland;2016;3;1;2
7494;Totaal mannen en vrouwen;10 tot 15 jaar;Colombia;Caribisch Nederland;2017;2;3;-1
7495;Totaal mannen en vrouwen;10 tot 15 jaar;Colombia;Caribisch Nederland;2018;2;0;2
7496;Totaal mannen en vrouwen;10 tot 15 jaar;Colombia;Caribisch Nederland;2019;2;1;1
7497;Totaal mannen en vrouwen;10 tot 15 jaar;Colombia;Caribisch Nederland;2020;1;1;0
7498;Totaal mannen en vrouwen;10 tot 15 jaar;Colombia;Caribisch Nederland;2021;4;2;2
7499;Totaal mannen en vrouwen;10 tot 15 jaar;Colombia;Caribisch Nederland;2022;6;-1;7
7500;Totaal mannen en vrouwen;10 tot 15 jaar;Colombia;Caribisch Nederland;2023;5;0;5
7501;Totaal mannen en vrouwen;10 tot 15 jaar;Colombia;Bonaire;2011;2;1;1
7502;Totaal mannen en vrouwen;10 tot 15 jaar;Colombia;Bonaire;2012;4;0;4
7503;Totaal mannen en vrouwen;10 tot 15 jaar;Colombia;Bonaire;2013;1;0;1
7504;Totaal mannen en vrouwen;10 tot 15 jaar;Colombia;Bonaire;2014;3;1;2
7505;Totaal mannen en vrouwen;10 tot 15 jaar;Colombia;Bonaire;2015;0;0;0
7506;Totaal mannen en vrouwen;10 tot 15 jaar;Colombia;Bonaire;2016;3;1;2
7507;Totaal mannen en vrouwen;10 tot 15 jaar;Colombia;Bonaire;2017;1;3;-2
7508;Totaal mannen en vrouwen;10 tot 15 jaar;Colombia;Bonaire;2018;1;0;1
7509;Totaal mannen en vrouwen;10 tot 15 jaar;Colombia;Bonaire;2019;2;0;2
7510;Totaal mannen en vrouwen;10 tot 15 jaar;Colombia;Bonaire;2020;0;1;-1
7511;Totaal mannen en vrouwen;10 tot 15 jaar;Colombia;Bonaire;2021;1;2;-1
7512;Totaal mannen en vrouwen;10 tot 15 jaar;Colombia;Bonaire;2022;6;-1;7
7513;Totaal mannen en vrouwen;10 tot 15 jaar;Colombia;Bonaire;2023;3;0;3
7514;Totaal mannen en vrouwen;10 tot 15 jaar;Colombia;Sint Eustatius;2011;0;0;0
7515;Totaal mannen en vrouwen;10 tot 15 jaar;Colombia;Sint Eustatius;2012;0;0;0
7516;Totaal mannen en vrouwen;10 tot 15 jaar;Colombia;Sint Eustatius;2013;0;0;0
7517;Totaal mannen en vrouwen;10 tot 15 jaar;Colombia;Sint Eustatius;2014;0;0;0
7518;Totaal mannen en vrouwen;10 tot 15 jaar;Colombia;Sint Eustatius;2015;0;0;0
7519;Totaal mannen en vrouwen;10 tot 15 jaar;Colombia;Sint Eustatius;2016;0;0;0
7520;Totaal mannen en vrouwen;10 tot 15 jaar;Colombia;Sint Eustatius;2017;0;0;0
7521;Totaal mannen en vrouwen;10 tot 15 jaar;Colombia;Sint Eustatius;2018;0;0;0
7522;Totaal mannen en vrouwen;10 tot 15 jaar;Colombia;Sint Eustatius;2019;0;0;0
7523;Totaal mannen en vrouwen;10 tot 15 jaar;Colombia;Sint Eustatius;2020;0;0;0
7524;Totaal mannen en vrouwen;10 tot 15 jaar;Colombia;Sint Eustatius;2021;0;0;0
7525;Totaal mannen en vrouwen;10 tot 15 jaar;Colombia;Sint Eustatius;2022;0;0;0
7526;Totaal mannen en vrouwen;10 tot 15 jaar;Colombia;Sint Eustatius;2023;2;0;2
7527;Totaal mannen en vrouwen;10 tot 15 jaar;Colombia;Saba;2011;0;0;0
7528;Totaal mannen en vrouwen;10 tot 15 jaar;Colombia;Saba;2012;0;1;-1
7529;Totaal mannen en vrouwen;10 tot 15 jaar;Colombia;Saba;2013;0;0;0
7530;Totaal mannen en vrouwen;10 tot 15 jaar;Colombia;Saba;2014;0;0;0
7531;Totaal mannen en vrouwen;10 tot 15 jaar;Colombia;Saba;2015;0;0;0
7532;Totaal mannen en vrouwen;10 tot 15 jaar;Colombia;Saba;2016;0;0;0
7533;Totaal mannen en vrouwen;10 tot 15 jaar;Colombia;Saba;2017;1;0;1
7534;Totaal mannen en vrouwen;10 tot 15 jaar;Colombia;Saba;2018;1;0;1
7535;Totaal mannen en vrouwen;10 tot 15 jaar;Colombia;Saba;2019;0;1;-1
7536;Totaal mannen en vrouwen;10 tot 15 jaar;Colombia;Saba;2020;1;0;1
7537;Totaal mannen en vrouwen;10 tot 15 jaar;Colombia;Saba;2021;3;0;3
7538;Totaal mannen en vrouwen;10 tot 15 jaar;Colombia;Saba;2022;0;0;0
7539;Totaal mannen en vrouwen;10 tot 15 jaar;Colombia;Saba;2023;0;0;0
7540;Totaal mannen en vrouwen;10 tot 15 jaar;Curaçao;Caribisch Nederland;2011;12;4;8
7541;Totaal mannen en vrouwen;10 tot 15 jaar;Curaçao;Caribisch Nederland;2012;15;13;2
7542;Totaal mannen en vrouwen;10 tot 15 jaar;Curaçao;Caribisch Nederland;2013;13;6;7
7543;Totaal mannen en vrouwen;10 tot 15 jaar;Curaçao;Caribisch Nederland;2014;16;11;5
7544;Totaal mannen en vrouwen;10 tot 15 jaar;Curaçao;Caribisch Nederland;2015;13;10;3
7545;Totaal mannen en vrouwen;10 tot 15 jaar;Curaçao;Caribisch Nederland;2016;12;9;3
7546;Totaal mannen en vrouwen;10 tot 15 jaar;Curaçao;Caribisch Nederland;2017;4;9;-5
7547;Totaal mannen en vrouwen;10 tot 15 jaar;Curaçao;Caribisch Nederland;2018;15;10;5
7548;Totaal mannen en vrouwen;10 tot 15 jaar;Curaçao;Caribisch Nederland;2019;13;9;4
7549;Totaal mannen en vrouwen;10 tot 15 jaar;Curaçao;Caribisch Nederland;2020;13;5;8
7550;Totaal mannen en vrouwen;10 tot 15 jaar;Curaçao;Caribisch Nederland;2021;27;11;16
7551;Totaal mannen en vrouwen;10 tot 15 jaar;Curaçao;Caribisch Nederland;2022;24;16;8
7552;Totaal mannen en vrouwen;10 tot 15 jaar;Curaçao;Caribisch Nederland;2023;11;14;-3
7553;Totaal mannen en vrouwen;10 tot 15 jaar;Curaçao;Bonaire;2011;12;4;8
7554;Totaal mannen en vrouwen;10 tot 15 jaar;Curaçao;Bonaire;2012;15;12;3
7555;Totaal mannen en vrouwen;10 tot 15 jaar;Curaçao;Bonaire;2013;12;5;7
7556;Totaal mannen en vrouwen;10 tot 15 jaar;Curaçao;Bonaire;2014;16;10;6
7557;Totaal mannen en vrouwen;10 tot 15 jaar;Curaçao;Bonaire;2015;12;8;4
7558;Totaal mannen en vrouwen;10 tot 15 jaar;Curaçao;Bonaire;2016;11;8;3
7559;Totaal mannen en vrouwen;10 tot 15 jaar;Curaçao;Bonaire;2017;2;8;-6
7560;Totaal mannen en vrouwen;10 tot 15 jaar;Curaçao;Bonaire;2018;13;8;5
7561;Totaal mannen en vrouwen;10 tot 15 jaar;Curaçao;Bonaire;2019;13;9;4
7562;Totaal mannen en vrouwen;10 tot 15 jaar;Curaçao;Bonaire;2020;13;5;8
7563;Totaal mannen en vrouwen;10 tot 15 jaar;Curaçao;Bonaire;2021;23;9;14
7564;Totaal mannen en vrouwen;10 tot 15 jaar;Curaçao;Bonaire;2022;24;14;10
7565;Totaal mannen en vrouwen;10 tot 15 jaar;Curaçao;Bonaire;2023;10;14;-4
7566;Totaal mannen en vrouwen;10 tot 15 jaar;Curaçao;Sint Eustatius;2011;0;0;0
7567;Totaal mannen en vrouwen;10 tot 15 jaar;Curaçao;Sint Eustatius;2012;0;1;-1
7568;Totaal mannen en vrouwen;10 tot 15 jaar;Curaçao;Sint Eustatius;2013;1;1;0
7569;Totaal mannen en vrouwen;10 tot 15 jaar;Curaçao;Sint Eustatius;2014;0;1;-1
7570;Totaal mannen en vrouwen;10 tot 15 jaar;Curaçao;Sint Eustatius;2015;1;2;-1
7571;Totaal mannen en vrouwen;10 tot 15 jaar;Curaçao;Sint Eustatius;2016;1;1;0
7572;Totaal mannen en vrouwen;10 tot 15 jaar;Curaçao;Sint Eustatius;2017;2;0;2
7573;Totaal mannen en vrouwen;10 tot 15 jaar;Curaçao;Sint Eustatius;2018;2;2;0
7574;Totaal mannen en vrouwen;10 tot 15 jaar;Curaçao;Sint Eustatius;2019;0;0;0
7575;Totaal mannen en vrouwen;10 tot 15 jaar;Curaçao;Sint Eustatius;2020;0;0;0
7576;Totaal mannen en vrouwen;10 tot 15 jaar;Curaçao;Sint Eustatius;2021;4;1;3
7577;Totaal mannen en vrouwen;10 tot 15 jaar;Curaçao;Sint Eustatius;2022;0;2;-2
7578;Totaal mannen en vrouwen;10 tot 15 jaar;Curaçao;Sint Eustatius;2023;0;0;0
7579;Totaal mannen en vrouwen;10 tot 15 jaar;Curaçao;Saba;2011;0;0;0
7580;Totaal mannen en vrouwen;10 tot 15 jaar;Curaçao;Saba;2012;0;0;0
7581;Totaal mannen en vrouwen;10 tot 15 jaar;Curaçao;Saba;2013;0;0;0
7582;Totaal mannen en vrouwen;10 tot 15 jaar;Curaçao;Saba;2014;0;0;0
7583;Totaal mannen en vrouwen;10 tot 15 jaar;Curaçao;Saba;2015;0;0;0
7584;Totaal mannen en vrouwen;10 tot 15 jaar;Curaçao;Saba;2016;0;0;0
7585;Totaal mannen en vrouwen;10 tot 15 jaar;Curaçao;Saba;2017;0;1;-1
7586;Totaal mannen en vrouwen;10 tot 15 jaar;Curaçao;Saba;2018;0;0;0
7587;Totaal mannen en vrouwen;10 tot 15 jaar;Curaçao;Saba;2019;0;0;0
7588;Totaal mannen en vrouwen;10 tot 15 jaar;Curaçao;Saba;2020;0;0;0
7589;Totaal mannen en vrouwen;10 tot 15 jaar;Curaçao;Saba;2021;0;1;-1
7590;Totaal mannen en vrouwen;10 tot 15 jaar;Curaçao;Saba;2022;0;0;0
7591;Totaal mannen en vrouwen;10 tot 15 jaar;Curaçao;Saba;2023;1;0;1
7592;Totaal mannen en vrouwen;10 tot 15 jaar;Dominicaanse Republiek;Caribisch Nederland;2011;4;2;2
7593;Totaal mannen en vrouwen;10 tot 15 jaar;Dominicaanse Republiek;Caribisch Nederland;2012;9;1;8
7594;Totaal mannen en vrouwen;10 tot 15 jaar;Dominicaanse Republiek;Caribisch Nederland;2013;7;0;7
7595;Totaal mannen en vrouwen;10 tot 15 jaar;Dominicaanse Republiek;Caribisch Nederland;2014;4;2;2
7596;Totaal mannen en vrouwen;10 tot 15 jaar;Dominicaanse Republiek;Caribisch Nederland;2015;9;2;7
7597;Totaal mannen en vrouwen;10 tot 15 jaar;Dominicaanse Republiek;Caribisch Nederland;2016;16;1;15
7598;Totaal mannen en vrouwen;10 tot 15 jaar;Dominicaanse Republiek;Caribisch Nederland;2017;5;0;5
7599;Totaal mannen en vrouwen;10 tot 15 jaar;Dominicaanse Republiek;Caribisch Nederland;2018;13;1;12
7600;Totaal mannen en vrouwen;10 tot 15 jaar;Dominicaanse Republiek;Caribisch Nederland;2019;9;1;8
7601;Totaal mannen en vrouwen;10 tot 15 jaar;Dominicaanse Republiek;Caribisch Nederland;2020;5;2;3
7602;Totaal mannen en vrouwen;10 tot 15 jaar;Dominicaanse Republiek;Caribisch Nederland;2021;7;1;6
7603;Totaal mannen en vrouwen;10 tot 15 jaar;Dominicaanse Republiek;Caribisch Nederland;2022;19;0;19
7604;Totaal mannen en vrouwen;10 tot 15 jaar;Dominicaanse Republiek;Caribisch Nederland;2023;17;6;11
7605;Totaal mannen en vrouwen;10 tot 15 jaar;Dominicaanse Republiek;Bonaire;2011;2;1;1
7606;Totaal mannen en vrouwen;10 tot 15 jaar;Dominicaanse Republiek;Bonaire;2012;5;1;4
7607;Totaal mannen en vrouwen;10 tot 15 jaar;Dominicaanse Republiek;Bonaire;2013;5;0;5
7608;Totaal mannen en vrouwen;10 tot 15 jaar;Dominicaanse Republiek;Bonaire;2014;3;0;3
7609;Totaal mannen en vrouwen;10 tot 15 jaar;Dominicaanse Republiek;Bonaire;2015;8;1;7
7610;Totaal mannen en vrouwen;10 tot 15 jaar;Dominicaanse Republiek;Bonaire;2016;13;1;12
7611;Totaal mannen en vrouwen;10 tot 15 jaar;Dominicaanse Republiek;Bonaire;2017;2;0;2
7612;Totaal mannen en vrouwen;10 tot 15 jaar;Dominicaanse Republiek;Bonaire;2018;11;1;10
7613;Totaal mannen en vrouwen;10 tot 15 jaar;Dominicaanse Republiek;Bonaire;2019;5;0;5
7614;Totaal mannen en vrouwen;10 tot 15 jaar;Dominicaanse Republiek;Bonaire;2020;2;0;2
7615;Totaal mannen en vrouwen;10 tot 15 jaar;Dominicaanse Republiek;Bonaire;2021;6;1;5
7616;Totaal mannen en vrouwen;10 tot 15 jaar;Dominicaanse Republiek;Bonaire;2022;14;0;14
7617;Totaal mannen en vrouwen;10 tot 15 jaar;Dominicaanse Republiek;Bonaire;2023;17;0;17
7618;Totaal mannen en vrouwen;10 tot 15 jaar;Dominicaanse Republiek;Sint Eustatius;2011;2;1;1
7619;Totaal mannen en vrouwen;10 tot 15 jaar;Dominicaanse Republiek;Sint Eustatius;2012;3;0;3
7620;Totaal mannen en vrouwen;10 tot 15 jaar;Dominicaanse Republiek;Sint Eustatius;2013;1;0;1
7621;Totaal mannen en vrouwen;10 tot 15 jaar;Dominicaanse Republiek;Sint Eustatius;2014;1;2;-1
7622;Totaal mannen en vrouwen;10 tot 15 jaar;Dominicaanse Republiek;Sint Eustatius;2015;1;1;0
7623;Totaal mannen en vrouwen;10 tot 15 jaar;Dominicaanse Republiek;Sint Eustatius;2016;3;0;3
7624;Totaal mannen en vrouwen;10 tot 15 jaar;Dominicaanse Republiek;Sint Eustatius;2017;3;0;3
7625;Totaal mannen en vrouwen;10 tot 15 jaar;Dominicaanse Republiek;Sint Eustatius;2018;1;0;1
7626;Totaal mannen en vrouwen;10 tot 15 jaar;Dominicaanse Republiek;Sint Eustatius;2019;3;1;2
7627;Totaal mannen en vrouwen;10 tot 15 jaar;Dominicaanse Republiek;Sint Eustatius;2020;1;0;1
7628;Totaal mannen en vrouwen;10 tot 15 jaar;Dominicaanse Republiek;Sint Eustatius;2021;1;0;1
7629;Totaal mannen en vrouwen;10 tot 15 jaar;Dominicaanse Republiek;Sint Eustatius;2022;3;0;3
7630;Totaal mannen en vrouwen;10 tot 15 jaar;Dominicaanse Republiek;Sint Eustatius;2023;0;6;-6
7631;Totaal mannen en vrouwen;10 tot 15 jaar;Dominicaanse Republiek;Saba;2011;0;0;0
7632;Totaal mannen en vrouwen;10 tot 15 jaar;Dominicaanse Republiek;Saba;2012;1;0;1
7633;Totaal mannen en vrouwen;10 tot 15 jaar;Dominicaanse Republiek;Saba;2013;1;0;1
7634;Totaal mannen en vrouwen;10 tot 15 jaar;Dominicaanse Republiek;Saba;2014;0;0;0
7635;Totaal mannen en vrouwen;10 tot 15 jaar;Dominicaanse Republiek;Saba;2015;0;0;0
7636;Totaal mannen en vrouwen;10 tot 15 jaar;Dominicaanse Republiek;Saba;2016;0;0;0
7637;Totaal mannen en vrouwen;10 tot 15 jaar;Dominicaanse Republiek;Saba;2017;0;0;0
7638;Totaal mannen en vrouwen;10 tot 15 jaar;Dominicaanse Republiek;Saba;2018;1;0;1
7639;Totaal mannen en vrouwen;10 tot 15 jaar;Dominicaanse Republiek;Saba;2019;1;0;1
7640;Totaal mannen en vrouwen;10 tot 15 jaar;Dominicaanse Republiek;Saba;2020;2;2;0
7641;Totaal mannen en vrouwen;10 tot 15 jaar;Dominicaanse Republiek;Saba;2021;0;0;0
7642;Totaal mannen en vrouwen;10 tot 15 jaar;Dominicaanse Republiek;Saba;2022;2;0;2
7643;Totaal mannen en vrouwen;10 tot 15 jaar;Dominicaanse Republiek;Saba;2023;0;0;0
7644;Totaal mannen en vrouwen;10 tot 15 jaar;Ecuador;Caribisch Nederland;2011;0;0;0
7645;Totaal mannen en vrouwen;10 tot 15 jaar;Ecuador;Caribisch Nederland;2012;2;0;2
7646;Totaal mannen en vrouwen;10 tot 15 jaar;Ecuador;Caribisch Nederland;2013;0;0;0
7647;Totaal mannen en vrouwen;10 tot 15 jaar;Ecuador;Caribisch Nederland;2014;0;0;0
7648;Totaal mannen en vrouwen;10 tot 15 jaar;Ecuador;Caribisch Nederland;2015;0;0;0
7649;Totaal mannen en vrouwen;10 tot 15 jaar;Ecuador;Caribisch Nederland;2016;0;0;0
7650;Totaal mannen en vrouwen;10 tot 15 jaar;Ecuador;Caribisch Nederland;2017;0;0;0
7651;Totaal mannen en vrouwen;10 tot 15 jaar;Ecuador;Caribisch Nederland;2018;0;0;0
7652;Totaal mannen en vrouwen;10 tot 15 jaar;Ecuador;Caribisch Nederland;2019;1;0;1
7653;Totaal mannen en vrouwen;10 tot 15 jaar;Ecuador;Caribisch Nederland;2020;0;0;0
7654;Totaal mannen en vrouwen;10 tot 15 jaar;Ecuador;Caribisch Nederland;2021;1;1;0
7655;Totaal mannen en vrouwen;10 tot 15 jaar;Ecuador;Caribisch Nederland;2022;1;0;1
7656;Totaal mannen en vrouwen;10 tot 15 jaar;Ecuador;Caribisch Nederland;2023;2;0;2
7657;Totaal mannen en vrouwen;10 tot 15 jaar;Ecuador;Bonaire;2011;0;0;0
7658;Totaal mannen en vrouwen;10 tot 15 jaar;Ecuador;Bonaire;2012;2;0;2
7659;Totaal mannen en vrouwen;10 tot 15 jaar;Ecuador;Bonaire;2013;0;0;0
7660;Totaal mannen en vrouwen;10 tot 15 jaar;Ecuador;Bonaire;2014;0;0;0
7661;Totaal mannen en vrouwen;10 tot 15 jaar;Ecuador;Bonaire;2015;0;0;0
7662;Totaal mannen en vrouwen;10 tot 15 jaar;Ecuador;Bonaire;2016;0;0;0
7663;Totaal mannen en vrouwen;10 tot 15 jaar;Ecuador;Bonaire;2017;0;0;0
7664;Totaal mannen en vrouwen;10 tot 15 jaar;Ecuador;Bonaire;2018;0;0;0
7665;Totaal mannen en vrouwen;10 tot 15 jaar;Ecuador;Bonaire;2019;1;0;1
7666;Totaal mannen en vrouwen;10 tot 15 jaar;Ecuador;Bonaire;2020;0;0;0
7667;Totaal mannen en vrouwen;10 tot 15 jaar;Ecuador;Bonaire;2021;1;1;0
7668;Totaal mannen en vrouwen;10 tot 15 jaar;Ecuador;Bonaire;2022;1;0;1
7669;Totaal mannen en vrouwen;10 tot 15 jaar;Ecuador;Bonaire;2023;2;0;2
7670;Totaal mannen en vrouwen;10 tot 15 jaar;Ecuador;Sint Eustatius;2011;0;0;0
7671;Totaal mannen en vrouwen;10 tot 15 jaar;Ecuador;Sint Eustatius;2012;0;0;0
7672;Totaal mannen en vrouwen;10 tot 15 jaar;Ecuador;Sint Eustatius;2013;0;0;0
7673;Totaal mannen en vrouwen;10 tot 15 jaar;Ecuador;Sint Eustatius;2014;0;0;0
7674;Totaal mannen en vrouwen;10 tot 15 jaar;Ecuador;Sint Eustatius;2015;0;0;0
7675;Totaal mannen en vrouwen;10 tot 15 jaar;Ecuador;Sint Eustatius;2016;0;0;0
7676;Totaal mannen en vrouwen;10 tot 15 jaar;Ecuador;Sint Eustatius;2017;0;0;0
7677;Totaal mannen en vrouwen;10 tot 15 jaar;Ecuador;Sint Eustatius;2018;0;0;0
7678;Totaal mannen en vrouwen;10 tot 15 jaar;Ecuador;Sint Eustatius;2019;0;0;0
7679;Totaal mannen en vrouwen;10 tot 15 jaar;Ecuador;Sint Eustatius;2020;0;0;0
7680;Totaal mannen en vrouwen;10 tot 15 jaar;Ecuador;Sint Eustatius;2021;0;0;0
7681;Totaal mannen en vrouwen;10 tot 15 jaar;Ecuador;Sint Eustatius;2022;0;0;0
7682;Totaal mannen en vrouwen;10 tot 15 jaar;Ecuador;Sint Eustatius;2023;0;0;0
7683;Totaal mannen en vrouwen;10 tot 15 jaar;Ecuador;Saba;2011;0;0;0
7684;Totaal mannen en vrouwen;10 tot 15 jaar;Ecuador;Saba;2012;0;0;0
7685;Totaal mannen en vrouwen;10 tot 15 jaar;Ecuador;Saba;2013;0;0;0
7686;Totaal mannen en vrouwen;10 tot 15 jaar;Ecuador;Saba;2014;0;0;0
7687;Totaal mannen en vrouwen;10 tot 15 jaar;Ecuador;Saba;2015;0;0;0
7688;Totaal mannen en vrouwen;10 tot 15 jaar;Ecuador;Saba;2016;0;0;0
7689;Totaal mannen en vrouwen;10 tot 15 jaar;Ecuador;Saba;2017;0;0;0
7690;Totaal mannen en vrouwen;10 tot 15 jaar;Ecuador;Saba;2018;0;0;0
7691;Totaal mannen en vrouwen;10 tot 15 jaar;Ecuador;Saba;2019;0;0;0
7692;Totaal mannen en vrouwen;10 tot 15 jaar;Ecuador;Saba;2020;0;0;0
7693;Totaal mannen en vrouwen;10 tot 15 jaar;Ecuador;Saba;2021;0;0;0
7694;Totaal mannen en vrouwen;10 tot 15 jaar;Ecuador;Saba;2022;0;0;0
7695;Totaal mannen en vrouwen;10 tot 15 jaar;Ecuador;Saba;2023;0;0;0
7696;Totaal mannen en vrouwen;10 tot 15 jaar;Guyana;Caribisch Nederland;2011;0;2;-2
7697;Totaal mannen en vrouwen;10 tot 15 jaar;Guyana;Caribisch Nederland;2012;0;0;0
7698;Totaal mannen en vrouwen;10 tot 15 jaar;Guyana;Caribisch Nederland;2013;0;0;0
7699;Totaal mannen en vrouwen;10 tot 15 jaar;Guyana;Caribisch Nederland;2014;0;0;0
7700;Totaal mannen en vrouwen;10 tot 15 jaar;Guyana;Caribisch Nederland;2015;0;0;0
7701;Totaal mannen en vrouwen;10 tot 15 jaar;Guyana;Caribisch Nederland;2016;0;1;-1
7702;Totaal mannen en vrouwen;10 tot 15 jaar;Guyana;Caribisch Nederland;2017;0;3;-3
7703;Totaal mannen en vrouwen;10 tot 15 jaar;Guyana;Caribisch Nederland;2018;0;0;0
7704;Totaal mannen en vrouwen;10 tot 15 jaar;Guyana;Caribisch Nederland;2019;0;0;0
7705;Totaal mannen en vrouwen;10 tot 15 jaar;Guyana;Caribisch Nederland;2020;0;0;0
7706;Totaal mannen en vrouwen;10 tot 15 jaar;Guyana;Caribisch Nederland;2021;0;0;0
7707;Totaal mannen en vrouwen;10 tot 15 jaar;Guyana;Caribisch Nederland;2022;0;0;0
7708;Totaal mannen en vrouwen;10 tot 15 jaar;Guyana;Caribisch Nederland;2023;1;0;1
7709;Totaal mannen en vrouwen;10 tot 15 jaar;Guyana;Bonaire;2011;0;0;0
7710;Totaal mannen en vrouwen;10 tot 15 jaar;Guyana;Bonaire;2012;0;0;0
7711;Totaal mannen en vrouwen;10 tot 15 jaar;Guyana;Bonaire;2013;0;0;0
7712;Totaal mannen en vrouwen;10 tot 15 jaar;Guyana;Bonaire;2014;0;0;0
7713;Totaal mannen en vrouwen;10 tot 15 jaar;Guyana;Bonaire;2015;0;0;0
7714;Totaal mannen en vrouwen;10 tot 15 jaar;Guyana;Bonaire;2016;0;0;0
7715;Totaal mannen en vrouwen;10 tot 15 jaar;Guyana;Bonaire;2017;0;0;0
7716;Totaal mannen en vrouwen;10 tot 15 jaar;Guyana;Bonaire;2018;0;0;0
7717;Totaal mannen en vrouwen;10 tot 15 jaar;Guyana;Bonaire;2019;0;0;0
7718;Totaal mannen en vrouwen;10 tot 15 jaar;Guyana;Bonaire;2020;0;0;0
7719;Totaal mannen en vrouwen;10 tot 15 jaar;Guyana;Bonaire;2021;0;0;0
7720;Totaal mannen en vrouwen;10 tot 15 jaar;Guyana;Bonaire;2022;0;0;0
7721;Totaal mannen en vrouwen;10 tot 15 jaar;Guyana;Bonaire;2023;0;0;0
7722;Totaal mannen en vrouwen;10 tot 15 jaar;Guyana;Sint Eustatius;2011;0;0;0
7723;Totaal mannen en vrouwen;10 tot 15 jaar;Guyana;Sint Eustatius;2012;0;0;0
7724;Totaal mannen en vrouwen;10 tot 15 jaar;Guyana;Sint Eustatius;2013;0;0;0
7725;Totaal mannen en vrouwen;10 tot 15 jaar;Guyana;Sint Eustatius;2014;0;0;0
7726;Totaal mannen en vrouwen;10 tot 15 jaar;Guyana;Sint Eustatius;2015;0;0;0
7727;Totaal mannen en vrouwen;10 tot 15 jaar;Guyana;Sint Eustatius;2016;0;1;-1
7728;Totaal mannen en vrouwen;10 tot 15 jaar;Guyana;Sint Eustatius;2017;0;0;0
7729;Totaal mannen en vrouwen;10 tot 15 jaar;Guyana;Sint Eustatius;2018;0;0;0
7730;Totaal mannen en vrouwen;10 tot 15 jaar;Guyana;Sint Eustatius;2019;0;0;0
7731;Totaal mannen en vrouwen;10 tot 15 jaar;Guyana;Sint Eustatius;2020;0;0;0
7732;Totaal mannen en vrouwen;10 tot 15 jaar;Guyana;Sint Eustatius;2021;0;0;0
7733;Totaal mannen en vrouwen;10 tot 15 jaar;Guyana;Sint Eustatius;2022;0;0;0
7734;Totaal mannen en vrouwen;10 tot 15 jaar;Guyana;Sint Eustatius;2023;1;0;1
7735;Totaal mannen en vrouwen;10 tot 15 jaar;Guyana;Saba;2011;0;2;-2
7736;Totaal mannen en vrouwen;10 tot 15 jaar;Guyana;Saba;2012;0;0;0
7737;Totaal mannen en vrouwen;10 tot 15 jaar;Guyana;Saba;2013;0;0;0
7738;Totaal mannen en vrouwen;10 tot 15 jaar;Guyana;Saba;2014;0;0;0
7739;Totaal mannen en vrouwen;10 tot 15 jaar;Guyana;Saba;2015;0;0;0
7740;Totaal mannen en vrouwen;10 tot 15 jaar;Guyana;Saba;2016;0;0;0
7741;Totaal mannen en vrouwen;10 tot 15 jaar;Guyana;Saba;2017;0;3;-3
7742;Totaal mannen en vrouwen;10 tot 15 jaar;Guyana;Saba;2018;0;0;0
7743;Totaal mannen en vrouwen;10 tot 15 jaar;Guyana;Saba;2019;0;0;0
7744;Totaal mannen en vrouwen;10 tot 15 jaar;Guyana;Saba;2020;0;0;0
7745;Totaal mannen en vrouwen;10 tot 15 jaar;Guyana;Saba;2021;0;0;0
7746;Totaal mannen en vrouwen;10 tot 15 jaar;Guyana;Saba;2022;0;0;0
7747;Totaal mannen en vrouwen;10 tot 15 jaar;Guyana;Saba;2023;0;0;0
7748;Totaal mannen en vrouwen;10 tot 15 jaar;Haïti;Caribisch Nederland;2011;0;0;0
7749;Totaal mannen en vrouwen;10 tot 15 jaar;Haïti;Caribisch Nederland;2012;1;0;1
7750;Totaal mannen en vrouwen;10 tot 15 jaar;Haïti;Caribisch Nederland;2013;1;0;1
7751;Totaal mannen en vrouwen;10 tot 15 jaar;Haïti;Caribisch Nederland;2014;0;0;0
7752;Totaal mannen en vrouwen;10 tot 15 jaar;Haïti;Caribisch Nederland;2015;1;0;1
7753;Totaal mannen en vrouwen;10 tot 15 jaar;Haïti;Caribisch Nederland;2016;0;0;0
7754;Totaal mannen en vrouwen;10 tot 15 jaar;Haïti;Caribisch Nederland;2017;1;0;1
7755;Totaal mannen en vrouwen;10 tot 15 jaar;Haïti;Caribisch Nederland;2018;1;0;1
7756;Totaal mannen en vrouwen;10 tot 15 jaar;Haïti;Caribisch Nederland;2019;0;0;0
7757;Totaal mannen en vrouwen;10 tot 15 jaar;Haïti;Caribisch Nederland;2020;2;0;2
7758;Totaal mannen en vrouwen;10 tot 15 jaar;Haïti;Caribisch Nederland;2021;1;0;1
7759;Totaal mannen en vrouwen;10 tot 15 jaar;Haïti;Caribisch Nederland;2022;2;0;2
7760;Totaal mannen en vrouwen;10 tot 15 jaar;Haïti;Caribisch Nederland;2023;2;0;2
7761;Totaal mannen en vrouwen;10 tot 15 jaar;Haïti;Bonaire;2011;0;0;0
7762;Totaal mannen en vrouwen;10 tot 15 jaar;Haïti;Bonaire;2012;1;0;1
7763;Totaal mannen en vrouwen;10 tot 15 jaar;Haïti;Bonaire;2013;0;0;0
7764;Totaal mannen en vrouwen;10 tot 15 jaar;Haïti;Bonaire;2014;0;0;0
7765;Totaal mannen en vrouwen;10 tot 15 jaar;Haïti;Bonaire;2015;1;0;1
7766;Totaal mannen en vrouwen;10 tot 15 jaar;Haïti;Bonaire;2016;0;0;0
7767;Totaal mannen en vrouwen;10 tot 15 jaar;Haïti;Bonaire;2017;1;0;1
7768;Totaal mannen en vrouwen;10 tot 15 jaar;Haïti;Bonaire;2018;1;0;1
7769;Totaal mannen en vrouwen;10 tot 15 jaar;Haïti;Bonaire;2019;0;0;0
7770;Totaal mannen en vrouwen;10 tot 15 jaar;Haïti;Bonaire;2020;2;0;2
7771;Totaal mannen en vrouwen;10 tot 15 jaar;Haïti;Bonaire;2021;1;0;1
7772;Totaal mannen en vrouwen;10 tot 15 jaar;Haïti;Bonaire;2022;2;0;2
7773;Totaal mannen en vrouwen;10 tot 15 jaar;Haïti;Bonaire;2023;2;0;2
7774;Totaal mannen en vrouwen;10 tot 15 jaar;Haïti;Sint Eustatius;2011;0;0;0
7775;Totaal mannen en vrouwen;10 tot 15 jaar;Haïti;Sint Eustatius;2012;0;0;0
7776;Totaal mannen en vrouwen;10 tot 15 jaar;Haïti;Sint Eustatius;2013;1;0;1
7777;Totaal mannen en vrouwen;10 tot 15 jaar;Haïti;Sint Eustatius;2014;0;0;0
7778;Totaal mannen en vrouwen;10 tot 15 jaar;Haïti;Sint Eustatius;2015;0;0;0
7779;Totaal mannen en vrouwen;10 tot 15 jaar;Haïti;Sint Eustatius;2016;0;0;0
7780;Totaal mannen en vrouwen;10 tot 15 jaar;Haïti;Sint Eustatius;2017;0;0;0
7781;Totaal mannen en vrouwen;10 tot 15 jaar;Haïti;Sint Eustatius;2018;0;0;0
7782;Totaal mannen en vrouwen;10 tot 15 jaar;Haïti;Sint Eustatius;2019;0;0;0
7783;Totaal mannen en vrouwen;10 tot 15 jaar;Haïti;Sint Eustatius;2020;0;0;0
7784;Totaal mannen en vrouwen;10 tot 15 jaar;Haïti;Sint Eustatius;2021;0;0;0
7785;Totaal mannen en vrouwen;10 tot 15 jaar;Haïti;Sint Eustatius;2022;0;0;0
7786;Totaal mannen en vrouwen;10 tot 15 jaar;Haïti;Sint Eustatius;2023;0;0;0
7787;Totaal mannen en vrouwen;10 tot 15 jaar;Haïti;Saba;2011;0;0;0
7788;Totaal mannen en vrouwen;10 tot 15 jaar;Haïti;Saba;2012;0;0;0
7789;Totaal mannen en vrouwen;10 tot 15 jaar;Haïti;Saba;2013;0;0;0
7790;Totaal mannen en vrouwen;10 tot 15 jaar;Haïti;Saba;2014;0;0;0
7791;Totaal mannen en vrouwen;10 tot 15 jaar;Haïti;Saba;2015;0;0;0
7792;Totaal mannen en vrouwen;10 tot 15 jaar;Haïti;Saba;2016;0;0;0
7793;Totaal mannen en vrouwen;10 tot 15 jaar;Haïti;Saba;2017;0;0;0
7794;Totaal mannen en vrouwen;10 tot 15 jaar;Haïti;Saba;2018;0;0;0
7795;Totaal mannen en vrouwen;10 tot 15 jaar;Haïti;Saba;2019;0;0;0
7796;Totaal mannen en vrouwen;10 tot 15 jaar;Haïti;Saba;2020;0;0;0
7797;Totaal mannen en vrouwen;10 tot 15 jaar;Haïti;Saba;2021;0;0;0
7798;Totaal mannen en vrouwen;10 tot 15 jaar;Haïti;Saba;2022;0;0;0
7799;Totaal mannen en vrouwen;10 tot 15 jaar;Haïti;Saba;2023;0;0;0
7800;Totaal mannen en vrouwen;10 tot 15 jaar;Jamaica;Caribisch Nederland;2011;1;0;1
7801;Totaal mannen en vrouwen;10 tot 15 jaar;Jamaica;Caribisch Nederland;2012;1;0;1
7802;Totaal mannen en vrouwen;10 tot 15 jaar;Jamaica;Caribisch Nederland;2013;0;1;-1
7803;Totaal mannen en vrouwen;10 tot 15 jaar;Jamaica;Caribisch Nederland;2014;1;0;1
7804;Totaal mannen en vrouwen;10 tot 15 jaar;Jamaica;Caribisch Nederland;2015;1;0;1
7805;Totaal mannen en vrouwen;10 tot 15 jaar;Jamaica;Caribisch Nederland;2016;0;0;0
7806;Totaal mannen en vrouwen;10 tot 15 jaar;Jamaica;Caribisch Nederland;2017;1;0;1
7807;Totaal mannen en vrouwen;10 tot 15 jaar;Jamaica;Caribisch Nederland;2018;3;0;3
7808;Totaal mannen en vrouwen;10 tot 15 jaar;Jamaica;Caribisch Nederland;2019;1;0;1
7809;Totaal mannen en vrouwen;10 tot 15 jaar;Jamaica;Caribisch Nederland;2020;0;0;0
7810;Totaal mannen en vrouwen;10 tot 15 jaar;Jamaica;Caribisch Nederland;2021;0;0;0
7811;Totaal mannen en vrouwen;10 tot 15 jaar;Jamaica;Caribisch Nederland;2022;3;0;3
7812;Totaal mannen en vrouwen;10 tot 15 jaar;Jamaica;Caribisch Nederland;2023;3;1;2
7813;Totaal mannen en vrouwen;10 tot 15 jaar;Jamaica;Bonaire;2011;0;0;0
7814;Totaal mannen en vrouwen;10 tot 15 jaar;Jamaica;Bonaire;2012;0;0;0
7815;Totaal mannen en vrouwen;10 tot 15 jaar;Jamaica;Bonaire;2013;0;0;0
7816;Totaal mannen en vrouwen;10 tot 15 jaar;Jamaica;Bonaire;2014;0;0;0
7817;Totaal mannen en vrouwen;10 tot 15 jaar;Jamaica;Bonaire;2015;0;0;0
7818;Totaal mannen en vrouwen;10 tot 15 jaar;Jamaica;Bonaire;2016;0;0;0
7819;Totaal mannen en vrouwen;10 tot 15 jaar;Jamaica;Bonaire;2017;1;0;1
7820;Totaal mannen en vrouwen;10 tot 15 jaar;Jamaica;Bonaire;2018;3;0;3
7821;Totaal mannen en vrouwen;10 tot 15 jaar;Jamaica;Bonaire;2019;1;0;1
7822;Totaal mannen en vrouwen;10 tot 15 jaar;Jamaica;Bonaire;2020;0;0;0
7823;Totaal mannen en vrouwen;10 tot 15 jaar;Jamaica;Bonaire;2021;0;0;0
7824;Totaal mannen en vrouwen;10 tot 15 jaar;Jamaica;Bonaire;2022;1;0;1
7825;Totaal mannen en vrouwen;10 tot 15 jaar;Jamaica;Bonaire;2023;0;0;0
7826;Totaal mannen en vrouwen;10 tot 15 jaar;Jamaica;Sint Eustatius;2011;0;0;0
7827;Totaal mannen en vrouwen;10 tot 15 jaar;Jamaica;Sint Eustatius;2012;0;0;0
7828;Totaal mannen en vrouwen;10 tot 15 jaar;Jamaica;Sint Eustatius;2013;0;1;-1
7829;Totaal mannen en vrouwen;10 tot 15 jaar;Jamaica;Sint Eustatius;2014;0;0;0
7830;Totaal mannen en vrouwen;10 tot 15 jaar;Jamaica;Sint Eustatius;2015;0;0;0
7831;Totaal mannen en vrouwen;10 tot 15 jaar;Jamaica;Sint Eustatius;2016;0;0;0
7832;Totaal mannen en vrouwen;10 tot 15 jaar;Jamaica;Sint Eustatius;2017;0;0;0
7833;Totaal mannen en vrouwen;10 tot 15 jaar;Jamaica;Sint Eustatius;2018;0;0;0
7834;Totaal mannen en vrouwen;10 tot 15 jaar;Jamaica;Sint Eustatius;2019;0;0;0
7835;Totaal mannen en vrouwen;10 tot 15 jaar;Jamaica;Sint Eustatius;2020;0;0;0
7836;Totaal mannen en vrouwen;10 tot 15 jaar;Jamaica;Sint Eustatius;2021;0;0;0
7837;Totaal mannen en vrouwen;10 tot 15 jaar;Jamaica;Sint Eustatius;2022;1;0;1
7838;Totaal mannen en vrouwen;10 tot 15 jaar;Jamaica;Sint Eustatius;2023;3;1;2
7839;Totaal mannen en vrouwen;10 tot 15 jaar;Jamaica;Saba;2011;1;0;1
7840;Totaal mannen en vrouwen;10 tot 15 jaar;Jamaica;Saba;2012;1;0;1
7841;Totaal mannen en vrouwen;10 tot 15 jaar;Jamaica;Saba;2013;0;0;0
7842;Totaal mannen en vrouwen;10 tot 15 jaar;Jamaica;Saba;2014;1;0;1
7843;Totaal mannen en vrouwen;10 tot 15 jaar;Jamaica;Saba;2015;1;0;1
7844;Totaal mannen en vrouwen;10 tot 15 jaar;Jamaica;Saba;2016;0;0;0
7845;Totaal mannen en vrouwen;10 tot 15 jaar;Jamaica;Saba;2017;0;0;0
7846;Totaal mannen en vrouwen;10 tot 15 jaar;Jamaica;Saba;2018;0;0;0
7847;Totaal mannen en vrouwen;10 tot 15 jaar;Jamaica;Saba;2019;0;0;0
7848;Totaal mannen en vrouwen;10 tot 15 jaar;Jamaica;Saba;2020;0;0;0
7849;Totaal mannen en vrouwen;10 tot 15 jaar;Jamaica;Saba;2021;0;0;0
7850;Totaal mannen en vrouwen;10 tot 15 jaar;Jamaica;Saba;2022;1;0;1
7851;Totaal mannen en vrouwen;10 tot 15 jaar;Jamaica;Saba;2023;0;0;0
7852;Totaal mannen en vrouwen;10 tot 15 jaar;Nederland;Caribisch Nederland;2011;30;9;21
7853;Totaal mannen en vrouwen;10 tot 15 jaar;Nederland;Caribisch Nederland;2012;23;32;-9
7854;Totaal mannen en vrouwen;10 tot 15 jaar;Nederland;Caribisch Nederland;2013;55;27;28
7855;Totaal mannen en vrouwen;10 tot 15 jaar;Nederland;Caribisch Nederland;2014;38;33;5
7856;Totaal mannen en vrouwen;10 tot 15 jaar;Nederland;Caribisch Nederland;2015;31;36;-5
7857;Totaal mannen en vrouwen;10 tot 15 jaar;Nederland;Caribisch Nederland;2016;26;31;-5
7858;Totaal mannen en vrouwen;10 tot 15 jaar;Nederland;Caribisch Nederland;2017;28;35;-7
7859;Totaal mannen en vrouwen;10 tot 15 jaar;Nederland;Caribisch Nederland;2018;33;25;8
7860;Totaal mannen en vrouwen;10 tot 15 jaar;Nederland;Caribisch Nederland;2019;34;23;11
7861;Totaal mannen en vrouwen;10 tot 15 jaar;Nederland;Caribisch Nederland;2020;22;17;5
7862;Totaal mannen en vrouwen;10 tot 15 jaar;Nederland;Caribisch Nederland;2021;36;31;5
7863;Totaal mannen en vrouwen;10 tot 15 jaar;Nederland;Caribisch Nederland;2022;50;27;23
7864;Totaal mannen en vrouwen;10 tot 15 jaar;Nederland;Caribisch Nederland;2023;28;27;1
7865;Totaal mannen en vrouwen;10 tot 15 jaar;Nederland;Bonaire;2011;27;8;19
7866;Totaal mannen en vrouwen;10 tot 15 jaar;Nederland;Bonaire;2012;20;28;-8
7867;Totaal mannen en vrouwen;10 tot 15 jaar;Nederland;Bonaire;2013;52;24;28
7868;Totaal mannen en vrouwen;10 tot 15 jaar;Nederland;Bonaire;2014;34;31;3
7869;Totaal mannen en vrouwen;10 tot 15 jaar;Nederland;Bonaire;2015;28;34;-6
7870;Totaal mannen en vrouwen;10 tot 15 jaar;Nederland;Bonaire;2016;21;27;-6
7871;Totaal mannen en vrouwen;10 tot 15 jaar;Nederland;Bonaire;2017;23;34;-11
7872;Totaal mannen en vrouwen;10 tot 15 jaar;Nederland;Bonaire;2018;30;21;9
7873;Totaal mannen en vrouwen;10 tot 15 jaar;Nederland;Bonaire;2019;30;19;11
7874;Totaal mannen en vrouwen;10 tot 15 jaar;Nederland;Bonaire;2020;18;14;4
7875;Totaal mannen en vrouwen;10 tot 15 jaar;Nederland;Bonaire;2021;33;25;8
7876;Totaal mannen en vrouwen;10 tot 15 jaar;Nederland;Bonaire;2022;46;24;22
7877;Totaal mannen en vrouwen;10 tot 15 jaar;Nederland;Bonaire;2023;28;23;5
7878;Totaal mannen en vrouwen;10 tot 15 jaar;Nederland;Sint Eustatius;2011;2;1;1
7879;Totaal mannen en vrouwen;10 tot 15 jaar;Nederland;Sint Eustatius;2012;3;4;-1
7880;Totaal mannen en vrouwen;10 tot 15 jaar;Nederland;Sint Eustatius;2013;2;2;0
7881;Totaal mannen en vrouwen;10 tot 15 jaar;Nederland;Sint Eustatius;2014;1;2;-1
7882;Totaal mannen en vrouwen;10 tot 15 jaar;Nederland;Sint Eustatius;2015;2;1;1
7883;Totaal mannen en vrouwen;10 tot 15 jaar;Nederland;Sint Eustatius;2016;3;3;0
7884;Totaal mannen en vrouwen;10 tot 15 jaar;Nederland;Sint Eustatius;2017;4;0;4
7885;Totaal mannen en vrouwen;10 tot 15 jaar;Nederland;Sint Eustatius;2018;3;3;0
7886;Totaal mannen en vrouwen;10 tot 15 jaar;Nederland;Sint Eustatius;2019;4;1;3
7887;Totaal mannen en vrouwen;10 tot 15 jaar;Nederland;Sint Eustatius;2020;0;3;-3
7888;Totaal mannen en vrouwen;10 tot 15 jaar;Nederland;Sint Eustatius;2021;0;1;-1
7889;Totaal mannen en vrouwen;10 tot 15 jaar;Nederland;Sint Eustatius;2022;2;1;1
7890;Totaal mannen en vrouwen;10 tot 15 jaar;Nederland;Sint Eustatius;2023;0;2;-2
7891;Totaal mannen en vrouwen;10 tot 15 jaar;Nederland;Saba;2011;1;0;1
7892;Totaal mannen en vrouwen;10 tot 15 jaar;Nederland;Saba;2012;0;0;0
7893;Totaal mannen en vrouwen;10 tot 15 jaar;Nederland;Saba;2013;1;1;0
7894;Totaal mannen en vrouwen;10 tot 15 jaar;Nederland;Saba;2014;3;0;3
7895;Totaal mannen en vrouwen;10 tot 15 jaar;Nederland;Saba;2015;1;1;0
7896;Totaal mannen en vrouwen;10 tot 15 jaar;Nederland;Saba;2016;2;1;1
7897;Totaal mannen en vrouwen;10 tot 15 jaar;Nederland;Saba;2017;1;1;0
7898;Totaal mannen en vrouwen;10 tot 15 jaar;Nederland;Saba;2018;0;1;-1
7899;Totaal mannen en vrouwen;10 tot 15 jaar;Nederland;Saba;2019;0;3;-3
7900;Totaal mannen en vrouwen;10 tot 15 jaar;Nederland;Saba;2020;4;0;4
7901;Totaal mannen en vrouwen;10 tot 15 jaar;Nederland;Saba;2021;3;5;-2
7902;Totaal mannen en vrouwen;10 tot 15 jaar;Nederland;Saba;2022;2;2;0
7903;Totaal mannen en vrouwen;10 tot 15 jaar;Nederland;Saba;2023;0;2;-2
7904;Totaal mannen en vrouwen;10 tot 15 jaar;Peru;Caribisch Nederland;2011;0;0;0
7905;Totaal mannen en vrouwen;10 tot 15 jaar;Peru;Caribisch Nederland;2012;4;0;4
7906;Totaal mannen en vrouwen;10 tot 15 jaar;Peru;Caribisch Nederland;2013;2;0;2
7907;Totaal mannen en vrouwen;10 tot 15 jaar;Peru;Caribisch Nederland;2014;1;0;1
7908;Totaal mannen en vrouwen;10 tot 15 jaar;Peru;Caribisch Nederland;2015;0;0;0
7909;Totaal mannen en vrouwen;10 tot 15 jaar;Peru;Caribisch Nederland;2016;0;2;-2
7910;Totaal mannen en vrouwen;10 tot 15 jaar;Peru;Caribisch Nederland;2017;1;0;1
7911;Totaal mannen en vrouwen;10 tot 15 jaar;Peru;Caribisch Nederland;2018;1;0;1
7912;Totaal mannen en vrouwen;10 tot 15 jaar;Peru;Caribisch Nederland;2019;1;0;1
7913;Totaal mannen en vrouwen;10 tot 15 jaar;Peru;Caribisch Nederland;2020;0;0;0
7914;Totaal mannen en vrouwen;10 tot 15 jaar;Peru;Caribisch Nederland;2021;1;0;1
7915;Totaal mannen en vrouwen;10 tot 15 jaar;Peru;Caribisch Nederland;2022;0;0;0
7916;Totaal mannen en vrouwen;10 tot 15 jaar;Peru;Caribisch Nederland;2023;4;0;4
7917;Totaal mannen en vrouwen;10 tot 15 jaar;Peru;Bonaire;2011;0;0;0
7918;Totaal mannen en vrouwen;10 tot 15 jaar;Peru;Bonaire;2012;4;0;4
7919;Totaal mannen en vrouwen;10 tot 15 jaar;Peru;Bonaire;2013;2;0;2
7920;Totaal mannen en vrouwen;10 tot 15 jaar;Peru;Bonaire;2014;1;0;1
7921;Totaal mannen en vrouwen;10 tot 15 jaar;Peru;Bonaire;2015;0;0;0
7922;Totaal mannen en vrouwen;10 tot 15 jaar;Peru;Bonaire;2016;0;2;-2
7923;Totaal mannen en vrouwen;10 tot 15 jaar;Peru;Bonaire;2017;1;0;1
7924;Totaal mannen en vrouwen;10 tot 15 jaar;Peru;Bonaire;2018;1;0;1
7925;Totaal mannen en vrouwen;10 tot 15 jaar;Peru;Bonaire;2019;1;0;1
7926;Totaal mannen en vrouwen;10 tot 15 jaar;Peru;Bonaire;2020;0;0;0
7927;Totaal mannen en vrouwen;10 tot 15 jaar;Peru;Bonaire;2021;1;0;1
7928;Totaal mannen en vrouwen;10 tot 15 jaar;Peru;Bonaire;2022;0;0;0
7929;Totaal mannen en vrouwen;10 tot 15 jaar;Peru;Bonaire;2023;4;0;4
7930;Totaal mannen en vrouwen;10 tot 15 jaar;Peru;Sint Eustatius;2011;0;0;0
7931;Totaal mannen en vrouwen;10 tot 15 jaar;Peru;Sint Eustatius;2012;0;0;0
7932;Totaal mannen en vrouwen;10 tot 15 jaar;Peru;Sint Eustatius;2013;0;0;0
7933;Totaal mannen en vrouwen;10 tot 15 jaar;Peru;Sint Eustatius;2014;0;0;0
7934;Totaal mannen en vrouwen;10 tot 15 jaar;Peru;Sint Eustatius;2015;0;0;0
7935;Totaal mannen en vrouwen;10 tot 15 jaar;Peru;Sint Eustatius;2016;0;0;0
7936;Totaal mannen en vrouwen;10 tot 15 jaar;Peru;Sint Eustatius;2017;0;0;0
7937;Totaal mannen en vrouwen;10 tot 15 jaar;Peru;Sint Eustatius;2018;0;0;0
7938;Totaal mannen en vrouwen;10 tot 15 jaar;Peru;Sint Eustatius;2019;0;0;0
7939;Totaal mannen en vrouwen;10 tot 15 jaar;Peru;Sint Eustatius;2020;0;0;0
7940;Totaal mannen en vrouwen;10 tot 15 jaar;Peru;Sint Eustatius;2021;0;0;0
7941;Totaal mannen en vrouwen;10 tot 15 jaar;Peru;Sint Eustatius;2022;0;0;0
7942;Totaal mannen en vrouwen;10 tot 15 jaar;Peru;Sint Eustatius;2023;0;0;0
7943;Totaal mannen en vrouwen;10 tot 15 jaar;Peru;Saba;2011;0;0;0
7944;Totaal mannen en vrouwen;10 tot 15 jaar;Peru;Saba;2012;0;0;0
7945;Totaal mannen en vrouwen;10 tot 15 jaar;Peru;Saba;2013;0;0;0
7946;Totaal mannen en vrouwen;10 tot 15 jaar;Peru;Saba;2014;0;0;0
7947;Totaal mannen en vrouwen;10 tot 15 jaar;Peru;Saba;2015;0;0;0
7948;Totaal mannen en vrouwen;10 tot 15 jaar;Peru;Saba;2016;0;0;0
7949;Totaal mannen en vrouwen;10 tot 15 jaar;Peru;Saba;2017;0;0;0
7950;Totaal mannen en vrouwen;10 tot 15 jaar;Peru;Saba;2018;0;0;0
7951;Totaal mannen en vrouwen;10 tot 15 jaar;Peru;Saba;2019;0;0;0
7952;Totaal mannen en vrouwen;10 tot 15 jaar;Peru;Saba;2020;0;0;0
7953;Totaal mannen en vrouwen;10 tot 15 jaar;Peru;Saba;2021;0;0;0
7954;Totaal mannen en vrouwen;10 tot 15 jaar;Peru;Saba;2022;0;0;0
7955;Totaal mannen en vrouwen;10 tot 15 jaar;Peru;Saba;2023;0;0;0
7956;Totaal mannen en vrouwen;10 tot 15 jaar;Saint Kitts en Nevis;Caribisch Nederland;2011;0;0;0
7957;Totaal mannen en vrouwen;10 tot 15 jaar;Saint Kitts en Nevis;Caribisch Nederland;2012;0;0;0
7958;Totaal mannen en vrouwen;10 tot 15 jaar;Saint Kitts en Nevis;Caribisch Nederland;2013;0;1;-1
7959;Totaal mannen en vrouwen;10 tot 15 jaar;Saint Kitts en Nevis;Caribisch Nederland;2014;0;0;0
7960;Totaal mannen en vrouwen;10 tot 15 jaar;Saint Kitts en Nevis;Caribisch Nederland;2015;0;1;-1
7961;Totaal mannen en vrouwen;10 tot 15 jaar;Saint Kitts en Nevis;Caribisch Nederland;2016;0;0;0
7962;Totaal mannen en vrouwen;10 tot 15 jaar;Saint Kitts en Nevis;Caribisch Nederland;2017;0;1;-1
7963;Totaal mannen en vrouwen;10 tot 15 jaar;Saint Kitts en Nevis;Caribisch Nederland;2018;0;0;0
7964;Totaal mannen en vrouwen;10 tot 15 jaar;Saint Kitts en Nevis;Caribisch Nederland;2019;0;0;0
7965;Totaal mannen en vrouwen;10 tot 15 jaar;Saint Kitts en Nevis;Caribisch Nederland;2020;0;0;0
7966;Totaal mannen en vrouwen;10 tot 15 jaar;Saint Kitts en Nevis;Caribisch Nederland;2021;0;0;0
7967;Totaal mannen en vrouwen;10 tot 15 jaar;Saint Kitts en Nevis;Caribisch Nederland;2022;0;0;0
7968;Totaal mannen en vrouwen;10 tot 15 jaar;Saint Kitts en Nevis;Caribisch Nederland;2023;1;0;1
7969;Totaal mannen en vrouwen;10 tot 15 jaar;Saint Kitts en Nevis;Bonaire;2011;0;0;0
7970;Totaal mannen en vrouwen;10 tot 15 jaar;Saint Kitts en Nevis;Bonaire;2012;0;0;0
7971;Totaal mannen en vrouwen;10 tot 15 jaar;Saint Kitts en Nevis;Bonaire;2013;0;0;0
7972;Totaal mannen en vrouwen;10 tot 15 jaar;Saint Kitts en Nevis;Bonaire;2014;0;0;0
7973;Totaal mannen en vrouwen;10 tot 15 jaar;Saint Kitts en Nevis;Bonaire;2015;0;0;0
7974;Totaal mannen en vrouwen;10 tot 15 jaar;Saint Kitts en Nevis;Bonaire;2016;0;0;0
7975;Totaal mannen en vrouwen;10 tot 15 jaar;Saint Kitts en Nevis;Bonaire;2017;0;0;0
7976;Totaal mannen en vrouwen;10 tot 15 jaar;Saint Kitts en Nevis;Bonaire;2018;0;0;0
7977;Totaal mannen en vrouwen;10 tot 15 jaar;Saint Kitts en Nevis;Bonaire;2019;0;0;0
7978;Totaal mannen en vrouwen;10 tot 15 jaar;Saint Kitts en Nevis;Bonaire;2020;0;0;0
7979;Totaal mannen en vrouwen;10 tot 15 jaar;Saint Kitts en Nevis;Bonaire;2021;0;0;0
7980;Totaal mannen en vrouwen;10 tot 15 jaar;Saint Kitts en Nevis;Bonaire;2022;0;0;0
7981;Totaal mannen en vrouwen;10 tot 15 jaar;Saint Kitts en Nevis;Bonaire;2023;0;0;0
7982;Totaal mannen en vrouwen;10 tot 15 jaar;Saint Kitts en Nevis;Sint Eustatius;2011;0;0;0
7983;Totaal mannen en vrouwen;10 tot 15 jaar;Saint Kitts en Nevis;Sint Eustatius;2012;0;0;0
7984;Totaal mannen en vrouwen;10 tot 15 jaar;Saint Kitts en Nevis;Sint Eustatius;2013;0;1;-1
7985;Totaal mannen en vrouwen;10 tot 15 jaar;Saint Kitts en Nevis;Sint Eustatius;2014;0;0;0
7986;Totaal mannen en vrouwen;10 tot 15 jaar;Saint Kitts en Nevis;Sint Eustatius;2015;0;1;-1
7987;Totaal mannen en vrouwen;10 tot 15 jaar;Saint Kitts en Nevis;Sint Eustatius;2016;0;0;0
7988;Totaal mannen en vrouwen;10 tot 15 jaar;Saint Kitts en Nevis;Sint Eustatius;2017;0;1;-1
7989;Totaal mannen en vrouwen;10 tot 15 jaar;Saint Kitts en Nevis;Sint Eustatius;2018;0;0;0
7990;Totaal mannen en vrouwen;10 tot 15 jaar;Saint Kitts en Nevis;Sint Eustatius;2019;0;0;0
7991;Totaal mannen en vrouwen;10 tot 15 jaar;Saint Kitts en Nevis;Sint Eustatius;2020;0;0;0
7992;Totaal mannen en vrouwen;10 tot 15 jaar;Saint Kitts en Nevis;Sint Eustatius;2021;0;0;0
7993;Totaal mannen en vrouwen;10 tot 15 jaar;Saint Kitts en Nevis;Sint Eustatius;2022;0;0;0
7994;Totaal mannen en vrouwen;10 tot 15 jaar;Saint Kitts en Nevis;Sint Eustatius;2023;1;0;1
7995;Totaal mannen en vrouwen;10 tot 15 jaar;Saint Kitts en Nevis;Saba;2011;0;0;0
7996;Totaal mannen en vrouwen;10 tot 15 jaar;Saint Kitts en Nevis;Saba;2012;0;0;0
7997;Totaal mannen en vrouwen;10 tot 15 jaar;Saint Kitts en Nevis;Saba;2013;0;0;0
7998;Totaal mannen en vrouwen;10 tot 15 jaar;Saint Kitts en Nevis;Saba;2014;0;0;0
7999;Totaal mannen en vrouwen;10 tot 15 jaar;Saint Kitts en Nevis;Saba;2015;0;0;0
8000;Totaal mannen en vrouwen;10 tot 15 jaar;Saint Kitts en Nevis;Saba;2016;0;0;0
8001;Totaal mannen en vrouwen;10 tot 15 jaar;Saint Kitts en Nevis;Saba;2017;0;0;0
8002;Totaal mannen en vrouwen;10 tot 15 jaar;Saint Kitts en Nevis;Saba;2018;0;0;0
8003;Totaal mannen en vrouwen;10 tot 15 jaar;Saint Kitts en Nevis;Saba;2019;0;0;0
8004;Totaal mannen en vrouwen;10 tot 15 jaar;Saint Kitts en Nevis;Saba;2020;0;0;0
8005;Totaal mannen en vrouwen;10 tot 15 jaar;Saint Kitts en Nevis;Saba;2021;0;0;0
8006;Totaal mannen en vrouwen;10 tot 15 jaar;Saint Kitts en Nevis;Saba;2022;0;0;0
8007;Totaal mannen en vrouwen;10 tot 15 jaar;Saint Kitts en Nevis;Saba;2023;0;0;0
8008;Totaal mannen en vrouwen;10 tot 15 jaar;Sint Eustatius;Caribisch Nederland;2011;0;1;-1
8009;Totaal mannen en vrouwen;10 tot 15 jaar;Sint Eustatius;Caribisch Nederland;2012;0;1;-1
8010;Totaal mannen en vrouwen;10 tot 15 jaar;Sint Eustatius;Caribisch Nederland;2013;0;5;-5
8011;Totaal mannen en vrouwen;10 tot 15 jaar;Sint Eustatius;Caribisch Nederland;2014;1;0;1
8012;Totaal mannen en vrouwen;10 tot 15 jaar;Sint Eustatius;Caribisch Nederland;2015;1;1;0
8013;Totaal mannen en vrouwen;10 tot 15 jaar;Sint Eustatius;Caribisch Nederland;2016;0;0;0
8014;Totaal mannen en vrouwen;10 tot 15 jaar;Sint Eustatius;Caribisch Nederland;2017;0;0;0
8015;Totaal mannen en vrouwen;10 tot 15 jaar;Sint Eustatius;Caribisch Nederland;2018;0;6;-6
8016;Totaal mannen en vrouwen;10 tot 15 jaar;Sint Eustatius;Caribisch Nederland;2019;0;0;0
8017;Totaal mannen en vrouwen;10 tot 15 jaar;Sint Eustatius;Caribisch Nederland;2020;0;0;0
8018;Totaal mannen en vrouwen;10 tot 15 jaar;Sint Eustatius;Caribisch Nederland;2021;1;1;0
8019;Totaal mannen en vrouwen;10 tot 15 jaar;Sint Eustatius;Caribisch Nederland;2022;0;2;-2
8020;Totaal mannen en vrouwen;10 tot 15 jaar;Sint Eustatius;Caribisch Nederland;2023;1;5;-4
8021;Totaal mannen en vrouwen;10 tot 15 jaar;Sint Eustatius;Bonaire;2011;0;0;0
8022;Totaal mannen en vrouwen;10 tot 15 jaar;Sint Eustatius;Bonaire;2012;0;0;0
8023;Totaal mannen en vrouwen;10 tot 15 jaar;Sint Eustatius;Bonaire;2013;0;0;0
8024;Totaal mannen en vrouwen;10 tot 15 jaar;Sint Eustatius;Bonaire;2014;0;0;0
8025;Totaal mannen en vrouwen;10 tot 15 jaar;Sint Eustatius;Bonaire;2015;0;0;0
8026;Totaal mannen en vrouwen;10 tot 15 jaar;Sint Eustatius;Bonaire;2016;0;0;0
8027;Totaal mannen en vrouwen;10 tot 15 jaar;Sint Eustatius;Bonaire;2017;0;0;0
8028;Totaal mannen en vrouwen;10 tot 15 jaar;Sint Eustatius;Bonaire;2018;0;0;0
8029;Totaal mannen en vrouwen;10 tot 15 jaar;Sint Eustatius;Bonaire;2019;0;0;0
8030;Totaal mannen en vrouwen;10 tot 15 jaar;Sint Eustatius;Bonaire;2020;0;0;0
8031;Totaal mannen en vrouwen;10 tot 15 jaar;Sint Eustatius;Bonaire;2021;0;0;0
8032;Totaal mannen en vrouwen;10 tot 15 jaar;Sint Eustatius;Bonaire;2022;0;0;0
8033;Totaal mannen en vrouwen;10 tot 15 jaar;Sint Eustatius;Bonaire;2023;0;0;0
8034;Totaal mannen en vrouwen;10 tot 15 jaar;Sint Eustatius;Sint Eustatius;2011;0;1;-1
8035;Totaal mannen en vrouwen;10 tot 15 jaar;Sint Eustatius;Sint Eustatius;2012;0;1;-1
8036;Totaal mannen en vrouwen;10 tot 15 jaar;Sint Eustatius;Sint Eustatius;2013;0;5;-5
8037;Totaal mannen en vrouwen;10 tot 15 jaar;Sint Eustatius;Sint Eustatius;2014;1;0;1
8038;Totaal mannen en vrouwen;10 tot 15 jaar;Sint Eustatius;Sint Eustatius;2015;1;1;0
8039;Totaal mannen en vrouwen;10 tot 15 jaar;Sint Eustatius;Sint Eustatius;2016;0;0;0
8040;Totaal mannen en vrouwen;10 tot 15 jaar;Sint Eustatius;Sint Eustatius;2017;0;0;0
8041;Totaal mannen en vrouwen;10 tot 15 jaar;Sint Eustatius;Sint Eustatius;2018;0;6;-6
8042;Totaal mannen en vrouwen;10 tot 15 jaar;Sint Eustatius;Sint Eustatius;2019;0;0;0
8043;Totaal mannen en vrouwen;10 tot 15 jaar;Sint Eustatius;Sint Eustatius;2020;0;0;0
8044;Totaal mannen en vrouwen;10 tot 15 jaar;Sint Eustatius;Sint Eustatius;2021;1;1;0
8045;Totaal mannen en vrouwen;10 tot 15 jaar;Sint Eustatius;Sint Eustatius;2022;0;2;-2
8046;Totaal mannen en vrouwen;10 tot 15 jaar;Sint Eustatius;Sint Eustatius;2023;1;5;-4
8047;Totaal mannen en vrouwen;10 tot 15 jaar;Sint Eustatius;Saba;2011;0;0;0
8048;Totaal mannen en vrouwen;10 tot 15 jaar;Sint Eustatius;Saba;2012;0;0;0
8049;Totaal mannen en vrouwen;10 tot 15 jaar;Sint Eustatius;Saba;2013;0;0;0
8050;Totaal mannen en vrouwen;10 tot 15 jaar;Sint Eustatius;Saba;2014;0;0;0
8051;Totaal mannen en vrouwen;10 tot 15 jaar;Sint Eustatius;Saba;2015;0;0;0
8052;Totaal mannen en vrouwen;10 tot 15 jaar;Sint Eustatius;Saba;2016;0;0;0
8053;Totaal mannen en vrouwen;10 tot 15 jaar;Sint Eustatius;Saba;2017;0;0;0
8054;Totaal mannen en vrouwen;10 tot 15 jaar;Sint Eustatius;Saba;2018;0;0;0
8055;Totaal mannen en vrouwen;10 tot 15 jaar;Sint Eustatius;Saba;2019;0;0;0
8056;Totaal mannen en vrouwen;10 tot 15 jaar;Sint Eustatius;Saba;2020;0;0;0
8057;Totaal mannen en vrouwen;10 tot 15 jaar;Sint Eustatius;Saba;2021;0;0;0
8058;Totaal mannen en vrouwen;10 tot 15 jaar;Sint Eustatius;Saba;2022;0;0;0
8059;Totaal mannen en vrouwen;10 tot 15 jaar;Sint Eustatius;Saba;2023;0;0;0
8060;Totaal mannen en vrouwen;10 tot 15 jaar;Sint Maarten (Nederlands deel);Caribisch Nederland;2011;3;0;3
8061;Totaal mannen en vrouwen;10 tot 15 jaar;Sint Maarten (Nederlands deel);Caribisch Nederland;2012;2;0;2
8062;Totaal mannen en vrouwen;10 tot 15 jaar;Sint Maarten (Nederlands deel);Caribisch Nederland;2013;0;3;-3
8063;Totaal mannen en vrouwen;10 tot 15 jaar;Sint Maarten (Nederlands deel);Caribisch Nederland;2014;0;5;-5
8064;Totaal mannen en vrouwen;10 tot 15 jaar;Sint Maarten (Nederlands deel);Caribisch Nederland;2015;1;2;-1
8065;Totaal mannen en vrouwen;10 tot 15 jaar;Sint Maarten (Nederlands deel);Caribisch Nederland;2016;4;4;0
8066;Totaal mannen en vrouwen;10 tot 15 jaar;Sint Maarten (Nederlands deel);Caribisch Nederland;2017;6;4;2
8067;Totaal mannen en vrouwen;10 tot 15 jaar;Sint Maarten (Nederlands deel);Caribisch Nederland;2018;7;12;-5
8068;Totaal mannen en vrouwen;10 tot 15 jaar;Sint Maarten (Nederlands deel);Caribisch Nederland;2019;2;4;-2
8069;Totaal mannen en vrouwen;10 tot 15 jaar;Sint Maarten (Nederlands deel);Caribisch Nederland;2020;2;5;-3
8070;Totaal mannen en vrouwen;10 tot 15 jaar;Sint Maarten (Nederlands deel);Caribisch Nederland;2021;6;3;3
8071;Totaal mannen en vrouwen;10 tot 15 jaar;Sint Maarten (Nederlands deel);Caribisch Nederland;2022;4;6;-2
8072;Totaal mannen en vrouwen;10 tot 15 jaar;Sint Maarten (Nederlands deel);Caribisch Nederland;2023;4;8;-4
8073;Totaal mannen en vrouwen;10 tot 15 jaar;Sint Maarten (Nederlands deel);Bonaire;2011;1;0;1
8074;Totaal mannen en vrouwen;10 tot 15 jaar;Sint Maarten (Nederlands deel);Bonaire;2012;0;0;0
8075;Totaal mannen en vrouwen;10 tot 15 jaar;Sint Maarten (Nederlands deel);Bonaire;2013;0;0;0
8076;Totaal mannen en vrouwen;10 tot 15 jaar;Sint Maarten (Nederlands deel);Bonaire;2014;0;0;0
8077;Totaal mannen en vrouwen;10 tot 15 jaar;Sint Maarten (Nederlands deel);Bonaire;2015;0;0;0
8078;Totaal mannen en vrouwen;10 tot 15 jaar;Sint Maarten (Nederlands deel);Bonaire;2016;0;0;0
8079;Totaal mannen en vrouwen;10 tot 15 jaar;Sint Maarten (Nederlands deel);Bonaire;2017;0;0;0
8080;Totaal mannen en vrouwen;10 tot 15 jaar;Sint Maarten (Nederlands deel);Bonaire;2018;0;1;-1
8081;Totaal mannen en vrouwen;10 tot 15 jaar;Sint Maarten (Nederlands deel);Bonaire;2019;1;0;1
8082;Totaal mannen en vrouwen;10 tot 15 jaar;Sint Maarten (Nederlands deel);Bonaire;2020;0;0;0
8083;Totaal mannen en vrouwen;10 tot 15 jaar;Sint Maarten (Nederlands deel);Bonaire;2021;0;0;0
8084;Totaal mannen en vrouwen;10 tot 15 jaar;Sint Maarten (Nederlands deel);Bonaire;2022;1;0;1
8085;Totaal mannen en vrouwen;10 tot 15 jaar;Sint Maarten (Nederlands deel);Bonaire;2023;1;1;0
8086;Totaal mannen en vrouwen;10 tot 15 jaar;Sint Maarten (Nederlands deel);Sint Eustatius;2011;1;0;1
8087;Totaal mannen en vrouwen;10 tot 15 jaar;Sint Maarten (Nederlands deel);Sint Eustatius;2012;1;0;1
8088;Totaal mannen en vrouwen;10 tot 15 jaar;Sint Maarten (Nederlands deel);Sint Eustatius;2013;0;3;-3
8089;Totaal mannen en vrouwen;10 tot 15 jaar;Sint Maarten (Nederlands deel);Sint Eustatius;2014;0;4;-4
8090;Totaal mannen en vrouwen;10 tot 15 jaar;Sint Maarten (Nederlands deel);Sint Eustatius;2015;1;2;-1
8091;Totaal mannen en vrouwen;10 tot 15 jaar;Sint Maarten (Nederlands deel);Sint Eustatius;2016;4;2;2
8092;Totaal mannen en vrouwen;10 tot 15 jaar;Sint Maarten (Nederlands deel);Sint Eustatius;2017;4;2;2
8093;Totaal mannen en vrouwen;10 tot 15 jaar;Sint Maarten (Nederlands deel);Sint Eustatius;2018;3;6;-3
8094;Totaal mannen en vrouwen;10 tot 15 jaar;Sint Maarten (Nederlands deel);Sint Eustatius;2019;1;1;0
8095;Totaal mannen en vrouwen;10 tot 15 jaar;Sint Maarten (Nederlands deel);Sint Eustatius;2020;2;1;1
8096;Totaal mannen en vrouwen;10 tot 15 jaar;Sint Maarten (Nederlands deel);Sint Eustatius;2021;3;2;1
8097;Totaal mannen en vrouwen;10 tot 15 jaar;Sint Maarten (Nederlands deel);Sint Eustatius;2022;2;6;-4
8098;Totaal mannen en vrouwen;10 tot 15 jaar;Sint Maarten (Nederlands deel);Sint Eustatius;2023;3;6;-3
8099;Totaal mannen en vrouwen;10 tot 15 jaar;Sint Maarten (Nederlands deel);Saba;2011;1;0;1
8100;Totaal mannen en vrouwen;10 tot 15 jaar;Sint Maarten (Nederlands deel);Saba;2012;1;0;1
8101;Totaal mannen en vrouwen;10 tot 15 jaar;Sint Maarten (Nederlands deel);Saba;2013;0;0;0
8102;Totaal mannen en vrouwen;10 tot 15 jaar;Sint Maarten (Nederlands deel);Saba;2014;0;1;-1
8103;Totaal mannen en vrouwen;10 tot 15 jaar;Sint Maarten (Nederlands deel);Saba;2015;0;0;0
8104;Totaal mannen en vrouwen;10 tot 15 jaar;Sint Maarten (Nederlands deel);Saba;2016;0;2;-2
8105;Totaal mannen en vrouwen;10 tot 15 jaar;Sint Maarten (Nederlands deel);Saba;2017;2;2;0
8106;Totaal mannen en vrouwen;10 tot 15 jaar;Sint Maarten (Nederlands deel);Saba;2018;4;5;-1
8107;Totaal mannen en vrouwen;10 tot 15 jaar;Sint Maarten (Nederlands deel);Saba;2019;0;3;-3
8108;Totaal mannen en vrouwen;10 tot 15 jaar;Sint Maarten (Nederlands deel);Saba;2020;0;4;-4
8109;Totaal mannen en vrouwen;10 tot 15 jaar;Sint Maarten (Nederlands deel);Saba;2021;3;1;2
8110;Totaal mannen en vrouwen;10 tot 15 jaar;Sint Maarten (Nederlands deel);Saba;2022;1;0;1
8111;Totaal mannen en vrouwen;10 tot 15 jaar;Sint Maarten (Nederlands deel);Saba;2023;0;1;-1
8112;Totaal mannen en vrouwen;10 tot 15 jaar;Saba;Caribisch Nederland;2011;0;1;-1
8113;Totaal mannen en vrouwen;10 tot 15 jaar;Saba;Caribisch Nederland;2012;0;0;0
8114;Totaal mannen en vrouwen;10 tot 15 jaar;Saba;Caribisch Nederland;2013;0;0;0
8115;Totaal mannen en vrouwen;10 tot 15 jaar;Saba;Caribisch Nederland;2014;0;0;0
8116;Totaal mannen en vrouwen;10 tot 15 jaar;Saba;Caribisch Nederland;2015;0;0;0
8117;Totaal mannen en vrouwen;10 tot 15 jaar;Saba;Caribisch Nederland;2016;0;1;-1
8118;Totaal mannen en vrouwen;10 tot 15 jaar;Saba;Caribisch Nederland;2017;0;0;0
8119;Totaal mannen en vrouwen;10 tot 15 jaar;Saba;Caribisch Nederland;2018;0;1;-1
8120;Totaal mannen en vrouwen;10 tot 15 jaar;Saba;Caribisch Nederland;2019;0;0;0
8121;Totaal mannen en vrouwen;10 tot 15 jaar;Saba;Caribisch Nederland;2020;1;0;1
8122;Totaal mannen en vrouwen;10 tot 15 jaar;Saba;Caribisch Nederland;2021;0;1;-1
8123;Totaal mannen en vrouwen;10 tot 15 jaar;Saba;Caribisch Nederland;2022;0;0;0
8124;Totaal mannen en vrouwen;10 tot 15 jaar;Saba;Caribisch Nederland;2023;0;0;0
8125;Totaal mannen en vrouwen;10 tot 15 jaar;Saba;Bonaire;2011;0;0;0
8126;Totaal mannen en vrouwen;10 tot 15 jaar;Saba;Bonaire;2012;0;0;0
8127;Totaal mannen en vrouwen;10 tot 15 jaar;Saba;Bonaire;2013;0;0;0
8128;Totaal mannen en vrouwen;10 tot 15 jaar;Saba;Bonaire;2014;0;0;0
8129;Totaal mannen en vrouwen;10 tot 15 jaar;Saba;Bonaire;2015;0;0;0
8130;Totaal mannen en vrouwen;10 tot 15 jaar;Saba;Bonaire;2016;0;0;0
8131;Totaal mannen en vrouwen;10 tot 15 jaar;Saba;Bonaire;2017;0;0;0
8132;Totaal mannen en vrouwen;10 tot 15 jaar;Saba;Bonaire;2018;0;0;0
8133;Totaal mannen en vrouwen;10 tot 15 jaar;Saba;Bonaire;2019;0;0;0
8134;Totaal mannen en vrouwen;10 tot 15 jaar;Saba;Bonaire;2020;0;0;0
8135;Totaal mannen en vrouwen;10 tot 15 jaar;Saba;Bonaire;2021;0;0;0
8136;Totaal mannen en vrouwen;10 tot 15 jaar;Saba;Bonaire;2022;0;0;0
8137;Totaal mannen en vrouwen;10 tot 15 jaar;Saba;Bonaire;2023;0;0;0
8138;Totaal mannen en vrouwen;10 tot 15 jaar;Saba;Sint Eustatius;2011;0;0;0
8139;Totaal mannen en vrouwen;10 tot 15 jaar;Saba;Sint Eustatius;2012;0;0;0
8140;Totaal mannen en vrouwen;10 tot 15 jaar;Saba;Sint Eustatius;2013;0;0;0
8141;Totaal mannen en vrouwen;10 tot 15 jaar;Saba;Sint Eustatius;2014;0;0;0
8142;Totaal mannen en vrouwen;10 tot 15 jaar;Saba;Sint Eustatius;2015;0;0;0
8143;Totaal mannen en vrouwen;10 tot 15 jaar;Saba;Sint Eustatius;2016;0;0;0
8144;Totaal mannen en vrouwen;10 tot 15 jaar;Saba;Sint Eustatius;2017;0;0;0
8145;Totaal mannen en vrouwen;10 tot 15 jaar;Saba;Sint Eustatius;2018;0;0;0
8146;Totaal mannen en vrouwen;10 tot 15 jaar;Saba;Sint Eustatius;2019;0;0;0
8147;Totaal mannen en vrouwen;10 tot 15 jaar;Saba;Sint Eustatius;2020;0;0;0
8148;Totaal mannen en vrouwen;10 tot 15 jaar;Saba;Sint Eustatius;2021;0;0;0
8149;Totaal mannen en vrouwen;10 tot 15 jaar;Saba;Sint Eustatius;2022;0;0;0
8150;Totaal mannen en vrouwen;10 tot 15 jaar;Saba;Sint Eustatius;2023;0;0;0
8151;Totaal mannen en vrouwen;10 tot 15 jaar;Saba;Saba;2011;0;1;-1
8152;Totaal mannen en vrouwen;10 tot 15 jaar;Saba;Saba;2012;0;0;0
8153;Totaal mannen en vrouwen;10 tot 15 jaar;Saba;Saba;2013;0;0;0
8154;Totaal mannen en vrouwen;10 tot 15 jaar;Saba;Saba;2014;0;0;0
8155;Totaal mannen en vrouwen;10 tot 15 jaar;Saba;Saba;2015;0;0;0
8156;Totaal mannen en vrouwen;10 tot 15 jaar;Saba;Saba;2016;0;1;-1
8157;Totaal mannen en vrouwen;10 tot 15 jaar;Saba;Saba;2017;0;0;0
8158;Totaal mannen en vrouwen;10 tot 15 jaar;Saba;Saba;2018;0;1;-1
8159;Totaal mannen en vrouwen;10 tot 15 jaar;Saba;Saba;2019;0;0;0
8160;Totaal mannen en vrouwen;10 tot 15 jaar;Saba;Saba;2020;1;0;1
8161;Totaal mannen en vrouwen;10 tot 15 jaar;Saba;Saba;2021;0;1;-1
8162;Totaal mannen en vrouwen;10 tot 15 jaar;Saba;Saba;2022;0;0;0
8163;Totaal mannen en vrouwen;10 tot 15 jaar;Saba;Saba;2023;0;0;0
8164;Totaal mannen en vrouwen;10 tot 15 jaar;Suriname;Caribisch Nederland;2011;7;3;4
8165;Totaal mannen en vrouwen;10 tot 15 jaar;Suriname;Caribisch Nederland;2012;1;1;0
8166;Totaal mannen en vrouwen;10 tot 15 jaar;Suriname;Caribisch Nederland;2013;0;1;-1
8167;Totaal mannen en vrouwen;10 tot 15 jaar;Suriname;Caribisch Nederland;2014;1;0;1
8168;Totaal mannen en vrouwen;10 tot 15 jaar;Suriname;Caribisch Nederland;2015;2;0;2
8169;Totaal mannen en vrouwen;10 tot 15 jaar;Suriname;Caribisch Nederland;2016;1;1;0
8170;Totaal mannen en vrouwen;10 tot 15 jaar;Suriname;Caribisch Nederland;2017;0;0;0
8171;Totaal mannen en vrouwen;10 tot 15 jaar;Suriname;Caribisch Nederland;2018;1;1;0
8172;Totaal mannen en vrouwen;10 tot 15 jaar;Suriname;Caribisch Nederland;2019;3;0;3
8173;Totaal mannen en vrouwen;10 tot 15 jaar;Suriname;Caribisch Nederland;2020;3;0;3
8174;Totaal mannen en vrouwen;10 tot 15 jaar;Suriname;Caribisch Nederland;2021;4;0;4
8175;Totaal mannen en vrouwen;10 tot 15 jaar;Suriname;Caribisch Nederland;2022;7;0;7
8176;Totaal mannen en vrouwen;10 tot 15 jaar;Suriname;Caribisch Nederland;2023;3;3;0
8177;Totaal mannen en vrouwen;10 tot 15 jaar;Suriname;Bonaire;2011;6;0;6
8178;Totaal mannen en vrouwen;10 tot 15 jaar;Suriname;Bonaire;2012;1;1;0
8179;Totaal mannen en vrouwen;10 tot 15 jaar;Suriname;Bonaire;2013;0;0;0
8180;Totaal mannen en vrouwen;10 tot 15 jaar;Suriname;Bonaire;2014;0;0;0
8181;Totaal mannen en vrouwen;10 tot 15 jaar;Suriname;Bonaire;2015;1;0;1
8182;Totaal mannen en vrouwen;10 tot 15 jaar;Suriname;Bonaire;2016;1;1;0
8183;Totaal mannen en vrouwen;10 tot 15 jaar;Suriname;Bonaire;2017;0;0;0
8184;Totaal mannen en vrouwen;10 tot 15 jaar;Suriname;Bonaire;2018;1;1;0
8185;Totaal mannen en vrouwen;10 tot 15 jaar;Suriname;Bonaire;2019;3;0;3
8186;Totaal mannen en vrouwen;10 tot 15 jaar;Suriname;Bonaire;2020;1;0;1
8187;Totaal mannen en vrouwen;10 tot 15 jaar;Suriname;Bonaire;2021;3;0;3
8188;Totaal mannen en vrouwen;10 tot 15 jaar;Suriname;Bonaire;2022;7;0;7
8189;Totaal mannen en vrouwen;10 tot 15 jaar;Suriname;Bonaire;2023;1;2;-1
8190;Totaal mannen en vrouwen;10 tot 15 jaar;Suriname;Sint Eustatius;2011;1;0;1
8191;Totaal mannen en vrouwen;10 tot 15 jaar;Suriname;Sint Eustatius;2012;0;0;0
8192;Totaal mannen en vrouwen;10 tot 15 jaar;Suriname;Sint Eustatius;2013;0;1;-1
8193;Totaal mannen en vrouwen;10 tot 15 jaar;Suriname;Sint Eustatius;2014;1;0;1
8194;Totaal mannen en vrouwen;10 tot 15 jaar;Suriname;Sint Eustatius;2015;1;0;1
8195;Totaal mannen en vrouwen;10 tot 15 jaar;Suriname;Sint Eustatius;2016;0;0;0
8196;Totaal mannen en vrouwen;10 tot 15 jaar;Suriname;Sint Eustatius;2017;0;0;0
8197;Totaal mannen en vrouwen;10 tot 15 jaar;Suriname;Sint Eustatius;2018;0;0;0
8198;Totaal mannen en vrouwen;10 tot 15 jaar;Suriname;Sint Eustatius;2019;0;0;0
8199;Totaal mannen en vrouwen;10 tot 15 jaar;Suriname;Sint Eustatius;2020;0;0;0
8200;Totaal mannen en vrouwen;10 tot 15 jaar;Suriname;Sint Eustatius;2021;1;0;1
8201;Totaal mannen en vrouwen;10 tot 15 jaar;Suriname;Sint Eustatius;2022;0;0;0
8202;Totaal mannen en vrouwen;10 tot 15 jaar;Suriname;Sint Eustatius;2023;0;1;-1
8203;Totaal mannen en vrouwen;10 tot 15 jaar;Suriname;Saba;2011;0;3;-3
8204;Totaal mannen en vrouwen;10 tot 15 jaar;Suriname;Saba;2012;0;0;0
8205;Totaal mannen en vrouwen;10 tot 15 jaar;Suriname;Saba;2013;0;0;0
8206;Totaal mannen en vrouwen;10 tot 15 jaar;Suriname;Saba;2014;0;0;0
8207;Totaal mannen en vrouwen;10 tot 15 jaar;Suriname;Saba;2015;0;0;0
8208;Totaal mannen en vrouwen;10 tot 15 jaar;Suriname;Saba;2016;0;0;0
8209;Totaal mannen en vrouwen;10 tot 15 jaar;Suriname;Saba;2017;0;0;0
8210;Totaal mannen en vrouwen;10 tot 15 jaar;Suriname;Saba;2018;0;0;0
8211;Totaal mannen en vrouwen;10 tot 15 jaar;Suriname;Saba;2019;0;0;0
8212;Totaal mannen en vrouwen;10 tot 15 jaar;Suriname;Saba;2020;2;0;2
8213;Totaal mannen en vrouwen;10 tot 15 jaar;Suriname;Saba;2021;0;0;0
8214;Totaal mannen en vrouwen;10 tot 15 jaar;Suriname;Saba;2022;0;0;0
8215;Totaal mannen en vrouwen;10 tot 15 jaar;Suriname;Saba;2023;2;0;2
8216;Totaal mannen en vrouwen;10 tot 15 jaar;Trinidad en Tobago;Caribisch Nederland;2011;0;0;0
8217;Totaal mannen en vrouwen;10 tot 15 jaar;Trinidad en Tobago;Caribisch Nederland;2012;0;0;0
8218;Totaal mannen en vrouwen;10 tot 15 jaar;Trinidad en Tobago;Caribisch Nederland;2013;0;0;0
8219;Totaal mannen en vrouwen;10 tot 15 jaar;Trinidad en Tobago;Caribisch Nederland;2014;0;0;0
8220;Totaal mannen en vrouwen;10 tot 15 jaar;Trinidad en Tobago;Caribisch Nederland;2015;0;0;0
8221;Totaal mannen en vrouwen;10 tot 15 jaar;Trinidad en Tobago;Caribisch Nederland;2016;0;0;0
8222;Totaal mannen en vrouwen;10 tot 15 jaar;Trinidad en Tobago;Caribisch Nederland;2017;0;0;0
8223;Totaal mannen en vrouwen;10 tot 15 jaar;Trinidad en Tobago;Caribisch Nederland;2018;0;0;0
8224;Totaal mannen en vrouwen;10 tot 15 jaar;Trinidad en Tobago;Caribisch Nederland;2019;0;0;0
8225;Totaal mannen en vrouwen;10 tot 15 jaar;Trinidad en Tobago;Caribisch Nederland;2020;0;0;0
8226;Totaal mannen en vrouwen;10 tot 15 jaar;Trinidad en Tobago;Caribisch Nederland;2021;0;0;0
8227;Totaal mannen en vrouwen;10 tot 15 jaar;Trinidad en Tobago;Caribisch Nederland;2022;0;0;0
8228;Totaal mannen en vrouwen;10 tot 15 jaar;Trinidad en Tobago;Caribisch Nederland;2023;0;0;0
8229;Totaal mannen en vrouwen;10 tot 15 jaar;Trinidad en Tobago;Bonaire;2011;0;0;0
8230;Totaal mannen en vrouwen;10 tot 15 jaar;Trinidad en Tobago;Bonaire;2012;0;0;0
8231;Totaal mannen en vrouwen;10 tot 15 jaar;Trinidad en Tobago;Bonaire;2013;0;0;0
8232;Totaal mannen en vrouwen;10 tot 15 jaar;Trinidad en Tobago;Bonaire;2014;0;0;0
8233;Totaal mannen en vrouwen;10 tot 15 jaar;Trinidad en Tobago;Bonaire;2015;0;0;0
8234;Totaal mannen en vrouwen;10 tot 15 jaar;Trinidad en Tobago;Bonaire;2016;0;0;0
8235;Totaal mannen en vrouwen;10 tot 15 jaar;Trinidad en Tobago;Bonaire;2017;0;0;0
8236;Totaal mannen en vrouwen;10 tot 15 jaar;Trinidad en Tobago;Bonaire;2018;0;0;0
8237;Totaal mannen en vrouwen;10 tot 15 jaar;Trinidad en Tobago;Bonaire;2019;0;0;0
8238;Totaal mannen en vrouwen;10 tot 15 jaar;Trinidad en Tobago;Bonaire;2020;0;0;0
8239;Totaal mannen en vrouwen;10 tot 15 jaar;Trinidad en Tobago;Bonaire;2021;0;0;0
8240;Totaal mannen en vrouwen;10 tot 15 jaar;Trinidad en Tobago;Bonaire;2022;0;0;0
8241;Totaal mannen en vrouwen;10 tot 15 jaar;Trinidad en Tobago;Bonaire;2023;0;0;0
8242;Totaal mannen en vrouwen;10 tot 15 jaar;Trinidad en Tobago;Sint Eustatius;2011;0;0;0
8243;Totaal mannen en vrouwen;10 tot 15 jaar;Trinidad en Tobago;Sint Eustatius;2012;0;0;0
8244;Totaal mannen en vrouwen;10 tot 15 jaar;Trinidad en Tobago;Sint Eustatius;2013;0;0;0
8245;Totaal mannen en vrouwen;10 tot 15 jaar;Trinidad en Tobago;Sint Eustatius;2014;0;0;0
8246;Totaal mannen en vrouwen;10 tot 15 jaar;Trinidad en Tobago;Sint Eustatius;2015;0;0;0
8247;Totaal mannen en vrouwen;10 tot 15 jaar;Trinidad en Tobago;Sint Eustatius;2016;0;0;0
8248;Totaal mannen en vrouwen;10 tot 15 jaar;Trinidad en Tobago;Sint Eustatius;2017;0;0;0
8249;Totaal mannen en vrouwen;10 tot 15 jaar;Trinidad en Tobago;Sint Eustatius;2018;0;0;0
8250;Totaal mannen en vrouwen;10 tot 15 jaar;Trinidad en Tobago;Sint Eustatius;2019;0;0;0
8251;Totaal mannen en vrouwen;10 tot 15 jaar;Trinidad en Tobago;Sint Eustatius;2020;0;0;0
8252;Totaal mannen en vrouwen;10 tot 15 jaar;Trinidad en Tobago;Sint Eustatius;2021;0;0;0
8253;Totaal mannen en vrouwen;10 tot 15 jaar;Trinidad en Tobago;Sint Eustatius;2022;0;0;0
8254;Totaal mannen en vrouwen;10 tot 15 jaar;Trinidad en Tobago;Sint Eustatius;2023;0;0;0
8255;Totaal mannen en vrouwen;10 tot 15 jaar;Trinidad en Tobago;Saba;2011;0;0;0
8256;Totaal mannen en vrouwen;10 tot 15 jaar;Trinidad en Tobago;Saba;2012;0;0;0
8257;Totaal mannen en vrouwen;10 tot 15 jaar;Trinidad en Tobago;Saba;2013;0;0;0
8258;Totaal mannen en vrouwen;10 tot 15 jaar;Trinidad en Tobago;Saba;2014;0;0;0
8259;Totaal mannen en vrouwen;10 tot 15 jaar;Trinidad en Tobago;Saba;2015;0;0;0
8260;Totaal mannen en vrouwen;10 tot 15 jaar;Trinidad en Tobago;Saba;2016;0;0;0
8261;Totaal mannen en vrouwen;10 tot 15 jaar;Trinidad en Tobago;Saba;2017;0;0;0
8262;Totaal mannen en vrouwen;10 tot 15 jaar;Trinidad en Tobago;Saba;2018;0;0;0
8263;Totaal mannen en vrouwen;10 tot 15 jaar;Trinidad en Tobago;Saba;2019;0;0;0
8264;Totaal mannen en vrouwen;10 tot 15 jaar;Trinidad en Tobago;Saba;2020;0;0;0
8265;Totaal mannen en vrouwen;10 tot 15 jaar;Trinidad en Tobago;Saba;2021;0;0;0
8266;Totaal mannen en vrouwen;10 tot 15 jaar;Trinidad en Tobago;Saba;2022;0;0;0
8267;Totaal mannen en vrouwen;10 tot 15 jaar;Trinidad en Tobago;Saba;2023;0;0;0
8268;Totaal mannen en vrouwen;10 tot 15 jaar;Venezuela;Caribisch Nederland;2011;3;1;2
8269;Totaal mannen en vrouwen;10 tot 15 jaar;Venezuela;Caribisch Nederland;2012;1;1;0
8270;Totaal mannen en vrouwen;10 tot 15 jaar;Venezuela;Caribisch Nederland;2013;0;0;0
8271;Totaal mannen en vrouwen;10 tot 15 jaar;Venezuela;Caribisch Nederland;2014;0;0;0
8272;Totaal mannen en vrouwen;10 tot 15 jaar;Venezuela;Caribisch Nederland;2015;4;1;3
8273;Totaal mannen en vrouwen;10 tot 15 jaar;Venezuela;Caribisch Nederland;2016;2;0;2
8274;Totaal mannen en vrouwen;10 tot 15 jaar;Venezuela;Caribisch Nederland;2017;5;3;2
8275;Totaal mannen en vrouwen;10 tot 15 jaar;Venezuela;Caribisch Nederland;2018;4;1;3
8276;Totaal mannen en vrouwen;10 tot 15 jaar;Venezuela;Caribisch Nederland;2019;5;0;5
8277;Totaal mannen en vrouwen;10 tot 15 jaar;Venezuela;Caribisch Nederland;2020;6;0;6
8278;Totaal mannen en vrouwen;10 tot 15 jaar;Venezuela;Caribisch Nederland;2021;6;0;6
8279;Totaal mannen en vrouwen;10 tot 15 jaar;Venezuela;Caribisch Nederland;2022;7;0;7
8280;Totaal mannen en vrouwen;10 tot 15 jaar;Venezuela;Caribisch Nederland;2023;12;1;11
8281;Totaal mannen en vrouwen;10 tot 15 jaar;Venezuela;Bonaire;2011;3;0;3
8282;Totaal mannen en vrouwen;10 tot 15 jaar;Venezuela;Bonaire;2012;1;1;0
8283;Totaal mannen en vrouwen;10 tot 15 jaar;Venezuela;Bonaire;2013;0;0;0
8284;Totaal mannen en vrouwen;10 tot 15 jaar;Venezuela;Bonaire;2014;0;0;0
8285;Totaal mannen en vrouwen;10 tot 15 jaar;Venezuela;Bonaire;2015;4;0;4
8286;Totaal mannen en vrouwen;10 tot 15 jaar;Venezuela;Bonaire;2016;2;0;2
8287;Totaal mannen en vrouwen;10 tot 15 jaar;Venezuela;Bonaire;2017;5;3;2
8288;Totaal mannen en vrouwen;10 tot 15 jaar;Venezuela;Bonaire;2018;4;1;3
8289;Totaal mannen en vrouwen;10 tot 15 jaar;Venezuela;Bonaire;2019;4;0;4
8290;Totaal mannen en vrouwen;10 tot 15 jaar;Venezuela;Bonaire;2020;6;0;6
8291;Totaal mannen en vrouwen;10 tot 15 jaar;Venezuela;Bonaire;2021;5;0;5
8292;Totaal mannen en vrouwen;10 tot 15 jaar;Venezuela;Bonaire;2022;7;0;7
8293;Totaal mannen en vrouwen;10 tot 15 jaar;Venezuela;Bonaire;2023;12;1;11
8294;Totaal mannen en vrouwen;10 tot 15 jaar;Venezuela;Sint Eustatius;2011;0;0;0
8295;Totaal mannen en vrouwen;10 tot 15 jaar;Venezuela;Sint Eustatius;2012;0;0;0
8296;Totaal mannen en vrouwen;10 tot 15 jaar;Venezuela;Sint Eustatius;2013;0;0;0
8297;Totaal mannen en vrouwen;10 tot 15 jaar;Venezuela;Sint Eustatius;2014;0;0;0
8298;Totaal mannen en vrouwen;10 tot 15 jaar;Venezuela;Sint Eustatius;2015;0;1;-1
8299;Totaal mannen en vrouwen;10 tot 15 jaar;Venezuela;Sint Eustatius;2016;0;0;0
8300;Totaal mannen en vrouwen;10 tot 15 jaar;Venezuela;Sint Eustatius;2017;0;0;0
8301;Totaal mannen en vrouwen;10 tot 15 jaar;Venezuela;Sint Eustatius;2018;0;0;0
8302;Totaal mannen en vrouwen;10 tot 15 jaar;Venezuela;Sint Eustatius;2019;1;0;1
8303;Totaal mannen en vrouwen;10 tot 15 jaar;Venezuela;Sint Eustatius;2020;0;0;0
8304;Totaal mannen en vrouwen;10 tot 15 jaar;Venezuela;Sint Eustatius;2021;1;0;1
8305;Totaal mannen en vrouwen;10 tot 15 jaar;Venezuela;Sint Eustatius;2022;0;0;0
8306;Totaal mannen en vrouwen;10 tot 15 jaar;Venezuela;Sint Eustatius;2023;0;0;0
8307;Totaal mannen en vrouwen;10 tot 15 jaar;Venezuela;Saba;2011;0;1;-1
8308;Totaal mannen en vrouwen;10 tot 15 jaar;Venezuela;Saba;2012;0;0;0
8309;Totaal mannen en vrouwen;10 tot 15 jaar;Venezuela;Saba;2013;0;0;0
8310;Totaal mannen en vrouwen;10 tot 15 jaar;Venezuela;Saba;2014;0;0;0
8311;Totaal mannen en vrouwen;10 tot 15 jaar;Venezuela;Saba;2015;0;0;0
8312;Totaal mannen en vrouwen;10 tot 15 jaar;Venezuela;Saba;2016;0;0;0
8313;Totaal mannen en vrouwen;10 tot 15 jaar;Venezuela;Saba;2017;0;0;0
8314;Totaal mannen en vrouwen;10 tot 15 jaar;Venezuela;Saba;2018;0;0;0
8315;Totaal mannen en vrouwen;10 tot 15 jaar;Venezuela;Saba;2019;0;0;0
8316;Totaal mannen en vrouwen;10 tot 15 jaar;Venezuela;Saba;2020;0;0;0
8317;Totaal mannen en vrouwen;10 tot 15 jaar;Venezuela;Saba;2021;0;0;0
8318;Totaal mannen en vrouwen;10 tot 15 jaar;Venezuela;Saba;2022;0;0;0
8319;Totaal mannen en vrouwen;10 tot 15 jaar;Venezuela;Saba;2023;0;0;0
8320;Totaal mannen en vrouwen;10 tot 15 jaar;Verenigde Staten van Amerika;Caribisch Nederland;2011;0;2;-2
8321;Totaal mannen en vrouwen;10 tot 15 jaar;Verenigde Staten van Amerika;Caribisch Nederland;2012;4;0;4
8322;Totaal mannen en vrouwen;10 tot 15 jaar;Verenigde Staten van Amerika;Caribisch Nederland;2013;3;1;2
8323;Totaal mannen en vrouwen;10 tot 15 jaar;Verenigde Staten van Amerika;Caribisch Nederland;2014;0;2;-2
8324;Totaal mannen en vrouwen;10 tot 15 jaar;Verenigde Staten van Amerika;Caribisch Nederland;2015;0;2;-2
8325;Totaal mannen en vrouwen;10 tot 15 jaar;Verenigde Staten van Amerika;Caribisch Nederland;2016;2;1;1
8326;Totaal mannen en vrouwen;10 tot 15 jaar;Verenigde Staten van Amerika;Caribisch Nederland;2017;1;3;-2
8327;Totaal mannen en vrouwen;10 tot 15 jaar;Verenigde Staten van Amerika;Caribisch Nederland;2018;0;2;-2
8328;Totaal mannen en vrouwen;10 tot 15 jaar;Verenigde Staten van Amerika;Caribisch Nederland;2019;6;1;5
8329;Totaal mannen en vrouwen;10 tot 15 jaar;Verenigde Staten van Amerika;Caribisch Nederland;2020;0;0;0
8330;Totaal mannen en vrouwen;10 tot 15 jaar;Verenigde Staten van Amerika;Caribisch Nederland;2021;0;0;0
8331;Totaal mannen en vrouwen;10 tot 15 jaar;Verenigde Staten van Amerika;Caribisch Nederland;2022;1;1;0
8332;Totaal mannen en vrouwen;10 tot 15 jaar;Verenigde Staten van Amerika;Caribisch Nederland;2023;0;0;0
8333;Totaal mannen en vrouwen;10 tot 15 jaar;Verenigde Staten van Amerika;Bonaire;2011;0;0;0
8334;Totaal mannen en vrouwen;10 tot 15 jaar;Verenigde Staten van Amerika;Bonaire;2012;3;0;3
8335;Totaal mannen en vrouwen;10 tot 15 jaar;Verenigde Staten van Amerika;Bonaire;2013;0;0;0
8336;Totaal mannen en vrouwen;10 tot 15 jaar;Verenigde Staten van Amerika;Bonaire;2014;0;1;-1
8337;Totaal mannen en vrouwen;10 tot 15 jaar;Verenigde Staten van Amerika;Bonaire;2015;0;1;-1
8338;Totaal mannen en vrouwen;10 tot 15 jaar;Verenigde Staten van Amerika;Bonaire;2016;2;1;1
8339;Totaal mannen en vrouwen;10 tot 15 jaar;Verenigde Staten van Amerika;Bonaire;2017;0;1;-1
8340;Totaal mannen en vrouwen;10 tot 15 jaar;Verenigde Staten van Amerika;Bonaire;2018;0;0;0
8341;Totaal mannen en vrouwen;10 tot 15 jaar;Verenigde Staten van Amerika;Bonaire;2019;1;1;0
8342;Totaal mannen en vrouwen;10 tot 15 jaar;Verenigde Staten van Amerika;Bonaire;2020;0;0;0
8343;Totaal mannen en vrouwen;10 tot 15 jaar;Verenigde Staten van Amerika;Bonaire;2021;0;0;0
8344;Totaal mannen en vrouwen;10 tot 15 jaar;Verenigde Staten van Amerika;Bonaire;2022;1;0;1
8345;Totaal mannen en vrouwen;10 tot 15 jaar;Verenigde Staten van Amerika;Bonaire;2023;0;0;0
8346;Totaal mannen en vrouwen;10 tot 15 jaar;Verenigde Staten van Amerika;Sint Eustatius;2011;0;0;0
8347;Totaal mannen en vrouwen;10 tot 15 jaar;Verenigde Staten van Amerika;Sint Eustatius;2012;1;0;1
8348;Totaal mannen en vrouwen;10 tot 15 jaar;Verenigde Staten van Amerika;Sint Eustatius;2013;3;1;2
8349;Totaal mannen en vrouwen;10 tot 15 jaar;Verenigde Staten van Amerika;Sint Eustatius;2014;0;1;-1
8350;Totaal mannen en vrouwen;10 tot 15 jaar;Verenigde Staten van Amerika;Sint Eustatius;2015;0;1;-1
8351;Totaal mannen en vrouwen;10 tot 15 jaar;Verenigde Staten van Amerika;Sint Eustatius;2016;0;0;0
8352;Totaal mannen en vrouwen;10 tot 15 jaar;Verenigde Staten van Amerika;Sint Eustatius;2017;1;2;-1
8353;Totaal mannen en vrouwen;10 tot 15 jaar;Verenigde Staten van Amerika;Sint Eustatius;2018;0;2;-2
8354;Totaal mannen en vrouwen;10 tot 15 jaar;Verenigde Staten van Amerika;Sint Eustatius;2019;2;0;2
8355;Totaal mannen en vrouwen;10 tot 15 jaar;Verenigde Staten van Amerika;Sint Eustatius;2020;0;0;0
8356;Totaal mannen en vrouwen;10 tot 15 jaar;Verenigde Staten van Amerika;Sint Eustatius;2021;0;0;0
8357;Totaal mannen en vrouwen;10 tot 15 jaar;Verenigde Staten van Amerika;Sint Eustatius;2022;0;1;-1
8358;Totaal mannen en vrouwen;10 tot 15 jaar;Verenigde Staten van Amerika;Sint Eustatius;2023;0;0;0
8359;Totaal mannen en vrouwen;10 tot 15 jaar;Verenigde Staten van Amerika;Saba;2011;0;2;-2
8360;Totaal mannen en vrouwen;10 tot 15 jaar;Verenigde Staten van Amerika;Saba;2012;0;0;0
8361;Totaal mannen en vrouwen;10 tot 15 jaar;Verenigde Staten van Amerika;Saba;2013;0;0;0
8362;Totaal mannen en vrouwen;10 tot 15 jaar;Verenigde Staten van Amerika;Saba;2014;0;0;0
8363;Totaal mannen en vrouwen;10 tot 15 jaar;Verenigde Staten van Amerika;Saba;2015;0;0;0
8364;Totaal mannen en vrouwen;10 tot 15 jaar;Verenigde Staten van Amerika;Saba;2016;0;0;0
8365;Totaal mannen en vrouwen;10 tot 15 jaar;Verenigde Staten van Amerika;Saba;2017;0;0;0
8366;Totaal mannen en vrouwen;10 tot 15 jaar;Verenigde Staten van Amerika;Saba;2018;0;0;0
8367;Totaal mannen en vrouwen;10 tot 15 jaar;Verenigde Staten van Amerika;Saba;2019;3;0;3
8368;Totaal mannen en vrouwen;10 tot 15 jaar;Verenigde Staten van Amerika;Saba;2020;0;0;0
8369;Totaal mannen en vrouwen;10 tot 15 jaar;Verenigde Staten van Amerika;Saba;2021;0;0;0
8370;Totaal mannen en vrouwen;10 tot 15 jaar;Verenigde Staten van Amerika;Saba;2022;0;0;0
8371;Totaal mannen en vrouwen;10 tot 15 jaar;Verenigde Staten van Amerika;Saba;2023;0;0;0
8372;Totaal mannen en vrouwen;10 tot 15 jaar;Overig Azië;Caribisch Nederland;2011;4;0;4
8373;Totaal mannen en vrouwen;10 tot 15 jaar;Overig Azië;Caribisch Nederland;2012;0;2;-2
8374;Totaal mannen en vrouwen;10 tot 15 jaar;Overig Azië;Caribisch Nederland;2013;0;1;-1
8375;Totaal mannen en vrouwen;10 tot 15 jaar;Overig Azië;Caribisch Nederland;2014;0;2;-2
8376;Totaal mannen en vrouwen;10 tot 15 jaar;Overig Azië;Caribisch Nederland;2015;0;0;0
8377;Totaal mannen en vrouwen;10 tot 15 jaar;Overig Azië;Caribisch Nederland;2016;0;1;-1
8378;Totaal mannen en vrouwen;10 tot 15 jaar;Overig Azië;Caribisch Nederland;2017;0;0;0
8379;Totaal mannen en vrouwen;10 tot 15 jaar;Overig Azië;Caribisch Nederland;2018;0;0;0
8380;Totaal mannen en vrouwen;10 tot 15 jaar;Overig Azië;Caribisch Nederland;2019;0;0;0
8381;Totaal mannen en vrouwen;10 tot 15 jaar;Overig Azië;Caribisch Nederland;2020;0;0;0
8382;Totaal mannen en vrouwen;10 tot 15 jaar;Overig Azië;Caribisch Nederland;2021;1;0;1
8383;Totaal mannen en vrouwen;10 tot 15 jaar;Overig Azië;Caribisch Nederland;2022;2;0;2
8384;Totaal mannen en vrouwen;10 tot 15 jaar;Overig Azië;Caribisch Nederland;2023;1;2;-1
8385;Totaal mannen en vrouwen;10 tot 15 jaar;Overig Azië;Bonaire;2011;2;0;2
8386;Totaal mannen en vrouwen;10 tot 15 jaar;Overig Azië;Bonaire;2012;0;0;0
8387;Totaal mannen en vrouwen;10 tot 15 jaar;Overig Azië;Bonaire;2013;0;0;0
8388;Totaal mannen en vrouwen;10 tot 15 jaar;Overig Azië;Bonaire;2014;0;0;0
8389;Totaal mannen en vrouwen;10 tot 15 jaar;Overig Azië;Bonaire;2015;0;0;0
8390;Totaal mannen en vrouwen;10 tot 15 jaar;Overig Azië;Bonaire;2016;0;1;-1
8391;Totaal mannen en vrouwen;10 tot 15 jaar;Overig Azië;Bonaire;2017;0;0;0
8392;Totaal mannen en vrouwen;10 tot 15 jaar;Overig Azië;Bonaire;2018;0;0;0
8393;Totaal mannen en vrouwen;10 tot 15 jaar;Overig Azië;Bonaire;2019;0;0;0
8394;Totaal mannen en vrouwen;10 tot 15 jaar;Overig Azië;Bonaire;2020;0;0;0
8395;Totaal mannen en vrouwen;10 tot 15 jaar;Overig Azië;Bonaire;2021;1;0;1
8396;Totaal mannen en vrouwen;10 tot 15 jaar;Overig Azië;Bonaire;2022;0;0;0
8397;Totaal mannen en vrouwen;10 tot 15 jaar;Overig Azië;Bonaire;2023;1;1;0
8398;Totaal mannen en vrouwen;10 tot 15 jaar;Overig Azië;Sint Eustatius;2011;2;0;2
8399;Totaal mannen en vrouwen;10 tot 15 jaar;Overig Azië;Sint Eustatius;2012;0;0;0
8400;Totaal mannen en vrouwen;10 tot 15 jaar;Overig Azië;Sint Eustatius;2013;0;1;-1
8401;Totaal mannen en vrouwen;10 tot 15 jaar;Overig Azië;Sint Eustatius;2014;0;2;-2
8402;Totaal mannen en vrouwen;10 tot 15 jaar;Overig Azië;Sint Eustatius;2015;0;0;0
8403;Totaal mannen en vrouwen;10 tot 15 jaar;Overig Azië;Sint Eustatius;2016;0;0;0
8404;Totaal mannen en vrouwen;10 tot 15 jaar;Overig Azië;Sint Eustatius;2017;0;0;0
8405;Totaal mannen en vrouwen;10 tot 15 jaar;Overig Azië;Sint Eustatius;2018;0;0;0
8406;Totaal mannen en vrouwen;10 tot 15 jaar;Overig Azië;Sint Eustatius;2019;0;0;0
8407;Totaal mannen en vrouwen;10 tot 15 jaar;Overig Azië;Sint Eustatius;2020;0;0;0
8408;Totaal mannen en vrouwen;10 tot 15 jaar;Overig Azië;Sint Eustatius;2021;0;0;0
8409;Totaal mannen en vrouwen;10 tot 15 jaar;Overig Azië;Sint Eustatius;2022;0;0;0
8410;Totaal mannen en vrouwen;10 tot 15 jaar;Overig Azië;Sint Eustatius;2023;0;0;0
8411;Totaal mannen en vrouwen;10 tot 15 jaar;Overig Azië;Saba;2011;0;0;0
8412;Totaal mannen en vrouwen;10 tot 15 jaar;Overig Azië;Saba;2012;0;2;-2
8413;Totaal mannen en vrouwen;10 tot 15 jaar;Overig Azië;Saba;2013;0;0;0
8414;Totaal mannen en vrouwen;10 tot 15 jaar;Overig Azië;Saba;2014;0;0;0
8415;Totaal mannen en vrouwen;10 tot 15 jaar;Overig Azië;Saba;2015;0;0;0
8416;Totaal mannen en vrouwen;10 tot 15 jaar;Overig Azië;Saba;2016;0;0;0
8417;Totaal mannen en vrouwen;10 tot 15 jaar;Overig Azië;Saba;2017;0;0;0
8418;Totaal mannen en vrouwen;10 tot 15 jaar;Overig Azië;Saba;2018;0;0;0
8419;Totaal mannen en vrouwen;10 tot 15 jaar;Overig Azië;Saba;2019;0;0;0
8420;Totaal mannen en vrouwen;10 tot 15 jaar;Overig Azië;Saba;2020;0;0;0
8421;Totaal mannen en vrouwen;10 tot 15 jaar;Overig Azië;Saba;2021;0;0;0
8422;Totaal mannen en vrouwen;10 tot 15 jaar;Overig Azië;Saba;2022;2;0;2
8423;Totaal mannen en vrouwen;10 tot 15 jaar;Overig Azië;Saba;2023;0;1;-1
8424;Totaal mannen en vrouwen;10 tot 15 jaar;Overig Europa;Caribisch Nederland;2011;0;0;0
8425;Totaal mannen en vrouwen;10 tot 15 jaar;Overig Europa;Caribisch Nederland;2012;0;0;0
8426;Totaal mannen en vrouwen;10 tot 15 jaar;Overig Europa;Caribisch Nederland;2013;0;0;0
8427;Totaal mannen en vrouwen;10 tot 15 jaar;Overig Europa;Caribisch Nederland;2014;0;0;0
8428;Totaal mannen en vrouwen;10 tot 15 jaar;Overig Europa;Caribisch Nederland;2015;0;0;0
8429;Totaal mannen en vrouwen;10 tot 15 jaar;Overig Europa;Caribisch Nederland;2016;0;0;0
8430;Totaal mannen en vrouwen;10 tot 15 jaar;Overig Europa;Caribisch Nederland;2017;2;1;1
8431;Totaal mannen en vrouwen;10 tot 15 jaar;Overig Europa;Caribisch Nederland;2018;0;1;-1
8432;Totaal mannen en vrouwen;10 tot 15 jaar;Overig Europa;Caribisch Nederland;2019;1;0;1
8433;Totaal mannen en vrouwen;10 tot 15 jaar;Overig Europa;Caribisch Nederland;2020;0;2;-2
8434;Totaal mannen en vrouwen;10 tot 15 jaar;Overig Europa;Caribisch Nederland;2021;0;0;0
8435;Totaal mannen en vrouwen;10 tot 15 jaar;Overig Europa;Caribisch Nederland;2022;0;0;0
8436;Totaal mannen en vrouwen;10 tot 15 jaar;Overig Europa;Caribisch Nederland;2023;0;0;0
8437;Totaal mannen en vrouwen;10 tot 15 jaar;Overig Europa;Bonaire;2011;0;0;0
8438;Totaal mannen en vrouwen;10 tot 15 jaar;Overig Europa;Bonaire;2012;0;0;0
8439;Totaal mannen en vrouwen;10 tot 15 jaar;Overig Europa;Bonaire;2013;0;0;0
8440;Totaal mannen en vrouwen;10 tot 15 jaar;Overig Europa;Bonaire;2014;0;0;0
8441;Totaal mannen en vrouwen;10 tot 15 jaar;Overig Europa;Bonaire;2015;0;0;0
8442;Totaal mannen en vrouwen;10 tot 15 jaar;Overig Europa;Bonaire;2016;0;0;0
8443;Totaal mannen en vrouwen;10 tot 15 jaar;Overig Europa;Bonaire;2017;2;1;1
8444;Totaal mannen en vrouwen;10 tot 15 jaar;Overig Europa;Bonaire;2018;0;1;-1
8445;Totaal mannen en vrouwen;10 tot 15 jaar;Overig Europa;Bonaire;2019;1;0;1
8446;Totaal mannen en vrouwen;10 tot 15 jaar;Overig Europa;Bonaire;2020;0;1;-1
8447;Totaal mannen en vrouwen;10 tot 15 jaar;Overig Europa;Bonaire;2021;0;0;0
8448;Totaal mannen en vrouwen;10 tot 15 jaar;Overig Europa;Bonaire;2022;0;0;0
8449;Totaal mannen en vrouwen;10 tot 15 jaar;Overig Europa;Bonaire;2023;0;0;0
8450;Totaal mannen en vrouwen;10 tot 15 jaar;Overig Europa;Sint Eustatius;2011;0;0;0
8451;Totaal mannen en vrouwen;10 tot 15 jaar;Overig Europa;Sint Eustatius;2012;0;0;0
8452;Totaal mannen en vrouwen;10 tot 15 jaar;Overig Europa;Sint Eustatius;2013;0;0;0
8453;Totaal mannen en vrouwen;10 tot 15 jaar;Overig Europa;Sint Eustatius;2014;0;0;0
8454;Totaal mannen en vrouwen;10 tot 15 jaar;Overig Europa;Sint Eustatius;2015;0;0;0
8455;Totaal mannen en vrouwen;10 tot 15 jaar;Overig Europa;Sint Eustatius;2016;0;0;0
8456;Totaal mannen en vrouwen;10 tot 15 jaar;Overig Europa;Sint Eustatius;2017;0;0;0
8457;Totaal mannen en vrouwen;10 tot 15 jaar;Overig Europa;Sint Eustatius;2018;0;0;0
8458;Totaal mannen en vrouwen;10 tot 15 jaar;Overig Europa;Sint Eustatius;2019;0;0;0
8459;Totaal mannen en vrouwen;10 tot 15 jaar;Overig Europa;Sint Eustatius;2020;0;1;-1
8460;Totaal mannen en vrouwen;10 tot 15 jaar;Overig Europa;Sint Eustatius;2021;0;0;0
8461;Totaal mannen en vrouwen;10 tot 15 jaar;Overig Europa;Sint Eustatius;2022;0;0;0
8462;Totaal mannen en vrouwen;10 tot 15 jaar;Overig Europa;Sint Eustatius;2023;0;0;0
8463;Totaal mannen en vrouwen;10 tot 15 jaar;Overig Europa;Saba;2011;0;0;0
8464;Totaal mannen en vrouwen;10 tot 15 jaar;Overig Europa;Saba;2012;0;0;0
8465;Totaal mannen en vrouwen;10 tot 15 jaar;Overig Europa;Saba;2013;0;0;0
8466;Totaal mannen en vrouwen;10 tot 15 jaar;Overig Europa;Saba;2014;0;0;0
8467;Totaal mannen en vrouwen;10 tot 15 jaar;Overig Europa;Saba;2015;0;0;0
8468;Totaal mannen en vrouwen;10 tot 15 jaar;Overig Europa;Saba;2016;0;0;0
8469;Totaal mannen en vrouwen;10 tot 15 jaar;Overig Europa;Saba;2017;0;0;0
8470;Totaal mannen en vrouwen;10 tot 15 jaar;Overig Europa;Saba;2018;0;0;0
8471;Totaal mannen en vrouwen;10 tot 15 jaar;Overig Europa;Saba;2019;0;0;0
8472;Totaal mannen en vrouwen;10 tot 15 jaar;Overig Europa;Saba;2020;0;0;0
8473;Totaal mannen en vrouwen;10 tot 15 jaar;Overig Europa;Saba;2021;0;0;0
8474;Totaal mannen en vrouwen;10 tot 15 jaar;Overig Europa;Saba;2022;0;0;0
8475;Totaal mannen en vrouwen;10 tot 15 jaar;Overig Europa;Saba;2023;0;0;0
8476;Totaal mannen en vrouwen;10 tot 15 jaar;Overig Midden- en Zuid-Amerika;Caribisch Nederland;2011;1;0;1
8477;Totaal mannen en vrouwen;10 tot 15 jaar;Overig Midden- en Zuid-Amerika;Caribisch Nederland;2012;0;1;-1
8478;Totaal mannen en vrouwen;10 tot 15 jaar;Overig Midden- en Zuid-Amerika;Caribisch Nederland;2013;1;0;1
8479;Totaal mannen en vrouwen;10 tot 15 jaar;Overig Midden- en Zuid-Amerika;Caribisch Nederland;2014;1;1;0
8480;Totaal mannen en vrouwen;10 tot 15 jaar;Overig Midden- en Zuid-Amerika;Caribisch Nederland;2015;4;1;3
8481;Totaal mannen en vrouwen;10 tot 15 jaar;Overig Midden- en Zuid-Amerika;Caribisch Nederland;2016;1;0;1
8482;Totaal mannen en vrouwen;10 tot 15 jaar;Overig Midden- en Zuid-Amerika;Caribisch Nederland;2017;0;2;-2
8483;Totaal mannen en vrouwen;10 tot 15 jaar;Overig Midden- en Zuid-Amerika;Caribisch Nederland;2018;0;0;0
8484;Totaal mannen en vrouwen;10 tot 15 jaar;Overig Midden- en Zuid-Amerika;Caribisch Nederland;2019;0;0;0
8485;Totaal mannen en vrouwen;10 tot 15 jaar;Overig Midden- en Zuid-Amerika;Caribisch Nederland;2020;0;0;0
8486;Totaal mannen en vrouwen;10 tot 15 jaar;Overig Midden- en Zuid-Amerika;Caribisch Nederland;2021;1;1;0
8487;Totaal mannen en vrouwen;10 tot 15 jaar;Overig Midden- en Zuid-Amerika;Caribisch Nederland;2022;0;0;0
8488;Totaal mannen en vrouwen;10 tot 15 jaar;Overig Midden- en Zuid-Amerika;Caribisch Nederland;2023;2;0;2
8489;Totaal mannen en vrouwen;10 tot 15 jaar;Overig Midden- en Zuid-Amerika;Bonaire;2011;0;0;0
8490;Totaal mannen en vrouwen;10 tot 15 jaar;Overig Midden- en Zuid-Amerika;Bonaire;2012;0;0;0
8491;Totaal mannen en vrouwen;10 tot 15 jaar;Overig Midden- en Zuid-Amerika;Bonaire;2013;0;0;0
8492;Totaal mannen en vrouwen;10 tot 15 jaar;Overig Midden- en Zuid-Amerika;Bonaire;2014;0;0;0
8493;Totaal mannen en vrouwen;10 tot 15 jaar;Overig Midden- en Zuid-Amerika;Bonaire;2015;0;0;0
8494;Totaal mannen en vrouwen;10 tot 15 jaar;Overig Midden- en Zuid-Amerika;Bonaire;2016;0;0;0
8495;Totaal mannen en vrouwen;10 tot 15 jaar;Overig Midden- en Zuid-Amerika;Bonaire;2017;0;1;-1
8496;Totaal mannen en vrouwen;10 tot 15 jaar;Overig Midden- en Zuid-Amerika;Bonaire;2018;0;0;0
8497;Totaal mannen en vrouwen;10 tot 15 jaar;Overig Midden- en Zuid-Amerika;Bonaire;2019;0;0;0
8498;Totaal mannen en vrouwen;10 tot 15 jaar;Overig Midden- en Zuid-Amerika;Bonaire;2020;0;0;0
8499;Totaal mannen en vrouwen;10 tot 15 jaar;Overig Midden- en Zuid-Amerika;Bonaire;2021;0;1;-1
8500;Totaal mannen en vrouwen;10 tot 15 jaar;Overig Midden- en Zuid-Amerika;Bonaire;2022;0;0;0
8501;Totaal mannen en vrouwen;10 tot 15 jaar;Overig Midden- en Zuid-Amerika;Bonaire;2023;0;0;0
8502;Totaal mannen en vrouwen;10 tot 15 jaar;Overig Midden- en Zuid-Amerika;Sint Eustatius;2011;0;0;0
8503;Totaal mannen en vrouwen;10 tot 15 jaar;Overig Midden- en Zuid-Amerika;Sint Eustatius;2012;0;1;-1
8504;Totaal mannen en vrouwen;10 tot 15 jaar;Overig Midden- en Zuid-Amerika;Sint Eustatius;2013;1;0;1
8505;Totaal mannen en vrouwen;10 tot 15 jaar;Overig Midden- en Zuid-Amerika;Sint Eustatius;2014;1;1;0
8506;Totaal mannen en vrouwen;10 tot 15 jaar;Overig Midden- en Zuid-Amerika;Sint Eustatius;2015;3;1;2
8507;Totaal mannen en vrouwen;10 tot 15 jaar;Overig Midden- en Zuid-Amerika;Sint Eustatius;2016;1;0;1
8508;Totaal mannen en vrouwen;10 tot 15 jaar;Overig Midden- en Zuid-Amerika;Sint Eustatius;2017;0;1;-1
8509;Totaal mannen en vrouwen;10 tot 15 jaar;Overig Midden- en Zuid-Amerika;Sint Eustatius;2018;0;0;0
8510;Totaal mannen en vrouwen;10 tot 15 jaar;Overig Midden- en Zuid-Amerika;Sint Eustatius;2019;0;0;0
8511;Totaal mannen en vrouwen;10 tot 15 jaar;Overig Midden- en Zuid-Amerika;Sint Eustatius;2020;0;0;0
8512;Totaal mannen en vrouwen;10 tot 15 jaar;Overig Midden- en Zuid-Amerika;Sint Eustatius;2021;0;0;0
8513;Totaal mannen en vrouwen;10 tot 15 jaar;Overig Midden- en Zuid-Amerika;Sint Eustatius;2022;0;0;0
8514;Totaal mannen en vrouwen;10 tot 15 jaar;Overig Midden- en Zuid-Amerika;Sint Eustatius;2023;0;0;0
8515;Totaal mannen en vrouwen;10 tot 15 jaar;Overig Midden- en Zuid-Amerika;Saba;2011;1;0;1
8516;Totaal mannen en vrouwen;10 tot 15 jaar;Overig Midden- en Zuid-Amerika;Saba;2012;0;0;0
8517;Totaal mannen en vrouwen;10 tot 15 jaar;Overig Midden- en Zuid-Amerika;Saba;2013;0;0;0
8518;Totaal mannen en vrouwen;10 tot 15 jaar;Overig Midden- en Zuid-Amerika;Saba;2014;0;0;0
8519;Totaal mannen en vrouwen;10 tot 15 jaar;Overig Midden- en Zuid-Amerika;Saba;2015;1;0;1
8520;Totaal mannen en vrouwen;10 tot 15 jaar;Overig Midden- en Zuid-Amerika;Saba;2016;0;0;0
8521;Totaal mannen en vrouwen;10 tot 15 jaar;Overig Midden- en Zuid-Amerika;Saba;2017;0;0;0
8522;Totaal mannen en vrouwen;10 tot 15 jaar;Overig Midden- en Zuid-Amerika;Saba;2018;0;0;0
8523;Totaal mannen en vrouwen;10 tot 15 jaar;Overig Midden- en Zuid-Amerika;Saba;2019;0;0;0
8524;Totaal mannen en vrouwen;10 tot 15 jaar;Overig Midden- en Zuid-Amerika;Saba;2020;0;0;0
8525;Totaal mannen en vrouwen;10 tot 15 jaar;Overig Midden- en Zuid-Amerika;Saba;2021;1;0;1
8526;Totaal mannen en vrouwen;10 tot 15 jaar;Overig Midden- en Zuid-Amerika;Saba;2022;0;0;0
8527;Totaal mannen en vrouwen;10 tot 15 jaar;Overig Midden- en Zuid-Amerika;Saba;2023;2;0;2
8528;Totaal mannen en vrouwen;15 tot 20 jaar;Totaal;Caribisch Nederland;2011;78;137;-59
8529;Totaal mannen en vrouwen;15 tot 20 jaar;Totaal;Caribisch Nederland;2012;76;127;-51
8530;Totaal mannen en vrouwen;15 tot 20 jaar;Totaal;Caribisch Nederland;2013;88;114;-26
8531;Totaal mannen en vrouwen;15 tot 20 jaar;Totaal;Caribisch Nederland;2014;60;102;-42
8532;Totaal mannen en vrouwen;15 tot 20 jaar;Totaal;Caribisch Nederland;2015;70;121;-51
8533;Totaal mannen en vrouwen;15 tot 20 jaar;Totaal;Caribisch Nederland;2016;72;112;-40
8534;Totaal mannen en vrouwen;15 tot 20 jaar;Totaal;Caribisch Nederland;2017;62;131;-69
8535;Totaal mannen en vrouwen;15 tot 20 jaar;Totaal;Caribisch Nederland;2018;65;148;-83
8536;Totaal mannen en vrouwen;15 tot 20 jaar;Totaal;Caribisch Nederland;2019;64;132;-68
8537;Totaal mannen en vrouwen;15 tot 20 jaar;Totaal;Caribisch Nederland;2020;72;88;-16
8538;Totaal mannen en vrouwen;15 tot 20 jaar;Totaal;Caribisch Nederland;2021;90;93;-3
8539;Totaal mannen en vrouwen;15 tot 20 jaar;Totaal;Caribisch Nederland;2022;91;106;-15
8540;Totaal mannen en vrouwen;15 tot 20 jaar;Totaal;Caribisch Nederland;2023;90;137;-47
8541;Totaal mannen en vrouwen;15 tot 20 jaar;Totaal;Bonaire;2011;70;100;-30
8542;Totaal mannen en vrouwen;15 tot 20 jaar;Totaal;Bonaire;2012;60;96;-36
8543;Totaal mannen en vrouwen;15 tot 20 jaar;Totaal;Bonaire;2013;72;71;1
8544;Totaal mannen en vrouwen;15 tot 20 jaar;Totaal;Bonaire;2014;50;65;-15
8545;Totaal mannen en vrouwen;15 tot 20 jaar;Totaal;Bonaire;2015;58;81;-23
8546;Totaal mannen en vrouwen;15 tot 20 jaar;Totaal;Bonaire;2016;54;92;-38
8547;Totaal mannen en vrouwen;15 tot 20 jaar;Totaal;Bonaire;2017;52;100;-48
8548;Totaal mannen en vrouwen;15 tot 20 jaar;Totaal;Bonaire;2018;51;92;-41
8549;Totaal mannen en vrouwen;15 tot 20 jaar;Totaal;Bonaire;2019;53;105;-52
8550;Totaal mannen en vrouwen;15 tot 20 jaar;Totaal;Bonaire;2020;61;74;-13
8551;Totaal mannen en vrouwen;15 tot 20 jaar;Totaal;Bonaire;2021;75;76;-1
8552;Totaal mannen en vrouwen;15 tot 20 jaar;Totaal;Bonaire;2022;82;72;10
8553;Totaal mannen en vrouwen;15 tot 20 jaar;Totaal;Bonaire;2023;75;95;-20
8554;Totaal mannen en vrouwen;15 tot 20 jaar;Totaal;Sint Eustatius;2011;6;28;-22
8555;Totaal mannen en vrouwen;15 tot 20 jaar;Totaal;Sint Eustatius;2012;10;23;-13
8556;Totaal mannen en vrouwen;15 tot 20 jaar;Totaal;Sint Eustatius;2013;10;39;-29
8557;Totaal mannen en vrouwen;15 tot 20 jaar;Totaal;Sint Eustatius;2014;9;32;-23
8558;Totaal mannen en vrouwen;15 tot 20 jaar;Totaal;Sint Eustatius;2015;9;33;-24
8559;Totaal mannen en vrouwen;15 tot 20 jaar;Totaal;Sint Eustatius;2016;14;16;-2
8560;Totaal mannen en vrouwen;15 tot 20 jaar;Totaal;Sint Eustatius;2017;6;22;-16
8561;Totaal mannen en vrouwen;15 tot 20 jaar;Totaal;Sint Eustatius;2018;11;46;-35
8562;Totaal mannen en vrouwen;15 tot 20 jaar;Totaal;Sint Eustatius;2019;9;19;-10
8563;Totaal mannen en vrouwen;15 tot 20 jaar;Totaal;Sint Eustatius;2020;11;12;-1
8564;Totaal mannen en vrouwen;15 tot 20 jaar;Totaal;Sint Eustatius;2021;12;13;-1
8565;Totaal mannen en vrouwen;15 tot 20 jaar;Totaal;Sint Eustatius;2022;7;25;-18
8566;Totaal mannen en vrouwen;15 tot 20 jaar;Totaal;Sint Eustatius;2023;7;35;-28
8567;Totaal mannen en vrouwen;15 tot 20 jaar;Totaal;Saba;2011;2;9;-7
8568;Totaal mannen en vrouwen;15 tot 20 jaar;Totaal;Saba;2012;6;8;-2
8569;Totaal mannen en vrouwen;15 tot 20 jaar;Totaal;Saba;2013;6;4;2
8570;Totaal mannen en vrouwen;15 tot 20 jaar;Totaal;Saba;2014;1;5;-4
8571;Totaal mannen en vrouwen;15 tot 20 jaar;Totaal;Saba;2015;3;7;-4
8572;Totaal mannen en vrouwen;15 tot 20 jaar;Totaal;Saba;2016;4;4;0
8573;Totaal mannen en vrouwen;15 tot 20 jaar;Totaal;Saba;2017;4;9;-5
8574;Totaal mannen en vrouwen;15 tot 20 jaar;Totaal;Saba;2018;3;10;-7
8575;Totaal mannen en vrouwen;15 tot 20 jaar;Totaal;Saba;2019;2;8;-6
8576;Totaal mannen en vrouwen;15 tot 20 jaar;Totaal;Saba;2020;0;2;-2
8577;Totaal mannen en vrouwen;15 tot 20 jaar;Totaal;Saba;2021;3;4;-1
8578;Totaal mannen en vrouwen;15 tot 20 jaar;Totaal;Saba;2022;2;9;-7
8579;Totaal mannen en vrouwen;15 tot 20 jaar;Totaal;Saba;2023;8;7;1
8580;Totaal mannen en vrouwen;15 tot 20 jaar;Buiten Caribisch Nederland geboren;Caribisch Nederland;2011;62;77;-15
8581;Totaal mannen en vrouwen;15 tot 20 jaar;Buiten Caribisch Nederland geboren;Caribisch Nederland;2012;60;74;-14
8582;Totaal mannen en vrouwen;15 tot 20 jaar;Buiten Caribisch Nederland geboren;Caribisch Nederland;2013;72;76;-4
8583;Totaal mannen en vrouwen;15 tot 20 jaar;Buiten Caribisch Nederland geboren;Caribisch Nederland;2014;50;68;-18
8584;Totaal mannen en vrouwen;15 tot 20 jaar;Buiten Caribisch Nederland geboren;Caribisch Nederland;2015;61;88;-27
8585;Totaal mannen en vrouwen;15 tot 20 jaar;Buiten Caribisch Nederland geboren;Caribisch Nederland;2016;61;82;-21
8586;Totaal mannen en vrouwen;15 tot 20 jaar;Buiten Caribisch Nederland geboren;Caribisch Nederland;2017;53;104;-51
8587;Totaal mannen en vrouwen;15 tot 20 jaar;Buiten Caribisch Nederland geboren;Caribisch Nederland;2018;58;103;-45
8588;Totaal mannen en vrouwen;15 tot 20 jaar;Buiten Caribisch Nederland geboren;Caribisch Nederland;2019;57;103;-46
8589;Totaal mannen en vrouwen;15 tot 20 jaar;Buiten Caribisch Nederland geboren;Caribisch Nederland;2020;60;59;1
8590;Totaal mannen en vrouwen;15 tot 20 jaar;Buiten Caribisch Nederland geboren;Caribisch Nederland;2021;80;67;13
8591;Totaal mannen en vrouwen;15 tot 20 jaar;Buiten Caribisch Nederland geboren;Caribisch Nederland;2022;85;69;16
8592;Totaal mannen en vrouwen;15 tot 20 jaar;Buiten Caribisch Nederland geboren;Caribisch Nederland;2023;78;93;-15
8593;Totaal mannen en vrouwen;15 tot 20 jaar;Buiten Caribisch Nederland geboren;Bonaire;2011;56;57;-1
8594;Totaal mannen en vrouwen;15 tot 20 jaar;Buiten Caribisch Nederland geboren;Bonaire;2012;50;61;-11
8595;Totaal mannen en vrouwen;15 tot 20 jaar;Buiten Caribisch Nederland geboren;Bonaire;2013;60;51;9
8596;Totaal mannen en vrouwen;15 tot 20 jaar;Buiten Caribisch Nederland geboren;Bonaire;2014;44;47;-3
8597;Totaal mannen en vrouwen;15 tot 20 jaar;Buiten Caribisch Nederland geboren;Bonaire;2015;51;65;-14
8598;Totaal mannen en vrouwen;15 tot 20 jaar;Buiten Caribisch Nederland geboren;Bonaire;2016;47;68;-21
8599;Totaal mannen en vrouwen;15 tot 20 jaar;Buiten Caribisch Nederland geboren;Bonaire;2017;45;82;-37
8600;Totaal mannen en vrouwen;15 tot 20 jaar;Buiten Caribisch Nederland geboren;Bonaire;2018;44;74;-30
8601;Totaal mannen en vrouwen;15 tot 20 jaar;Buiten Caribisch Nederland geboren;Bonaire;2019;50;83;-33
8602;Totaal mannen en vrouwen;15 tot 20 jaar;Buiten Caribisch Nederland geboren;Bonaire;2020;52;50;2
8603;Totaal mannen en vrouwen;15 tot 20 jaar;Buiten Caribisch Nederland geboren;Bonaire;2021;69;57;12
8604;Totaal mannen en vrouwen;15 tot 20 jaar;Buiten Caribisch Nederland geboren;Bonaire;2022;77;47;30
8605;Totaal mannen en vrouwen;15 tot 20 jaar;Buiten Caribisch Nederland geboren;Bonaire;2023;66;61;5
8606;Totaal mannen en vrouwen;15 tot 20 jaar;Buiten Caribisch Nederland geboren;Sint Eustatius;2011;4;13;-9
8607;Totaal mannen en vrouwen;15 tot 20 jaar;Buiten Caribisch Nederland geboren;Sint Eustatius;2012;5;9;-4
8608;Totaal mannen en vrouwen;15 tot 20 jaar;Buiten Caribisch Nederland geboren;Sint Eustatius;2013;8;22;-14
8609;Totaal mannen en vrouwen;15 tot 20 jaar;Buiten Caribisch Nederland geboren;Sint Eustatius;2014;5;19;-14
8610;Totaal mannen en vrouwen;15 tot 20 jaar;Buiten Caribisch Nederland geboren;Sint Eustatius;2015;7;17;-10
8611;Totaal mannen en vrouwen;15 tot 20 jaar;Buiten Caribisch Nederland geboren;Sint Eustatius;2016;10;11;-1
8612;Totaal mannen en vrouwen;15 tot 20 jaar;Buiten Caribisch Nederland geboren;Sint Eustatius;2017;4;14;-10
8613;Totaal mannen en vrouwen;15 tot 20 jaar;Buiten Caribisch Nederland geboren;Sint Eustatius;2018;11;21;-10
8614;Totaal mannen en vrouwen;15 tot 20 jaar;Buiten Caribisch Nederland geboren;Sint Eustatius;2019;5;14;-9
8615;Totaal mannen en vrouwen;15 tot 20 jaar;Buiten Caribisch Nederland geboren;Sint Eustatius;2020;8;7;1
8616;Totaal mannen en vrouwen;15 tot 20 jaar;Buiten Caribisch Nederland geboren;Sint Eustatius;2021;9;8;1
8617;Totaal mannen en vrouwen;15 tot 20 jaar;Buiten Caribisch Nederland geboren;Sint Eustatius;2022;6;15;-9
8618;Totaal mannen en vrouwen;15 tot 20 jaar;Buiten Caribisch Nederland geboren;Sint Eustatius;2023;5;26;-21
8619;Totaal mannen en vrouwen;15 tot 20 jaar;Buiten Caribisch Nederland geboren;Saba;2011;2;7;-5
8620;Totaal mannen en vrouwen;15 tot 20 jaar;Buiten Caribisch Nederland geboren;Saba;2012;5;4;1
8621;Totaal mannen en vrouwen;15 tot 20 jaar;Buiten Caribisch Nederland geboren;Saba;2013;4;3;1
8622;Totaal mannen en vrouwen;15 tot 20 jaar;Buiten Caribisch Nederland geboren;Saba;2014;1;2;-1
8623;Totaal mannen en vrouwen;15 tot 20 jaar;Buiten Caribisch Nederland geboren;Saba;2015;3;6;-3
8624;Totaal mannen en vrouwen;15 tot 20 jaar;Buiten Caribisch Nederland geboren;Saba;2016;4;3;1
8625;Totaal mannen en vrouwen;15 tot 20 jaar;Buiten Caribisch Nederland geboren;Saba;2017;4;8;-4
8626;Totaal mannen en vrouwen;15 tot 20 jaar;Buiten Caribisch Nederland geboren;Saba;2018;3;8;-5
8627;Totaal mannen en vrouwen;15 tot 20 jaar;Buiten Caribisch Nederland geboren;Saba;2019;2;6;-4
8628;Totaal mannen en vrouwen;15 tot 20 jaar;Buiten Caribisch Nederland geboren;Saba;2020;0;2;-2
8629;Totaal mannen en vrouwen;15 tot 20 jaar;Buiten Caribisch Nederland geboren;Saba;2021;2;2;0
8630;Totaal mannen en vrouwen;15 tot 20 jaar;Buiten Caribisch Nederland geboren;Saba;2022;2;7;-5
8631;Totaal mannen en vrouwen;15 tot 20 jaar;Buiten Caribisch Nederland geboren;Saba;2023;7;6;1
8632;Totaal mannen en vrouwen;15 tot 20 jaar;Buiten Nederlandse Cariben geboren;Caribisch Nederland;2011;43;37;6
8633;Totaal mannen en vrouwen;15 tot 20 jaar;Buiten Nederlandse Cariben geboren;Caribisch Nederland;2012;41;29;12
8634;Totaal mannen en vrouwen;15 tot 20 jaar;Buiten Nederlandse Cariben geboren;Caribisch Nederland;2013;51;43;8
8635;Totaal mannen en vrouwen;15 tot 20 jaar;Buiten Nederlandse Cariben geboren;Caribisch Nederland;2014;29;36;-7
8636;Totaal mannen en vrouwen;15 tot 20 jaar;Buiten Nederlandse Cariben geboren;Caribisch Nederland;2015;39;45;-6
8637;Totaal mannen en vrouwen;15 tot 20 jaar;Buiten Nederlandse Cariben geboren;Caribisch Nederland;2016;36;51;-15
8638;Totaal mannen en vrouwen;15 tot 20 jaar;Buiten Nederlandse Cariben geboren;Caribisch Nederland;2017;31;61;-30
8639;Totaal mannen en vrouwen;15 tot 20 jaar;Buiten Nederlandse Cariben geboren;Caribisch Nederland;2018;45;55;-10
8640;Totaal mannen en vrouwen;15 tot 20 jaar;Buiten Nederlandse Cariben geboren;Caribisch Nederland;2019;43;71;-28
8641;Totaal mannen en vrouwen;15 tot 20 jaar;Buiten Nederlandse Cariben geboren;Caribisch Nederland;2020;37;36;1
8642;Totaal mannen en vrouwen;15 tot 20 jaar;Buiten Nederlandse Cariben geboren;Caribisch Nederland;2021;59;43;16
8643;Totaal mannen en vrouwen;15 tot 20 jaar;Buiten Nederlandse Cariben geboren;Caribisch Nederland;2022;57;40;17
8644;Totaal mannen en vrouwen;15 tot 20 jaar;Buiten Nederlandse Cariben geboren;Caribisch Nederland;2023;56;50;6
8645;Totaal mannen en vrouwen;15 tot 20 jaar;Buiten Nederlandse Cariben geboren;Bonaire;2011;40;24;16
8646;Totaal mannen en vrouwen;15 tot 20 jaar;Buiten Nederlandse Cariben geboren;Bonaire;2012;33;24;9
8647;Totaal mannen en vrouwen;15 tot 20 jaar;Buiten Nederlandse Cariben geboren;Bonaire;2013;40;27;13
8648;Totaal mannen en vrouwen;15 tot 20 jaar;Buiten Nederlandse Cariben geboren;Bonaire;2014;26;23;3
8649;Totaal mannen en vrouwen;15 tot 20 jaar;Buiten Nederlandse Cariben geboren;Bonaire;2015;33;31;2
8650;Totaal mannen en vrouwen;15 tot 20 jaar;Buiten Nederlandse Cariben geboren;Bonaire;2016;30;42;-12
8651;Totaal mannen en vrouwen;15 tot 20 jaar;Buiten Nederlandse Cariben geboren;Bonaire;2017;27;46;-19
8652;Totaal mannen en vrouwen;15 tot 20 jaar;Buiten Nederlandse Cariben geboren;Bonaire;2018;36;42;-6
8653;Totaal mannen en vrouwen;15 tot 20 jaar;Buiten Nederlandse Cariben geboren;Bonaire;2019;37;56;-19
8654;Totaal mannen en vrouwen;15 tot 20 jaar;Buiten Nederlandse Cariben geboren;Bonaire;2020;33;31;2
8655;Totaal mannen en vrouwen;15 tot 20 jaar;Buiten Nederlandse Cariben geboren;Bonaire;2021;51;36;15
8656;Totaal mannen en vrouwen;15 tot 20 jaar;Buiten Nederlandse Cariben geboren;Bonaire;2022;51;29;22
8657;Totaal mannen en vrouwen;15 tot 20 jaar;Buiten Nederlandse Cariben geboren;Bonaire;2023;48;36;12
8658;Totaal mannen en vrouwen;15 tot 20 jaar;Buiten Nederlandse Cariben geboren;Sint Eustatius;2011;2;8;-6
8659;Totaal mannen en vrouwen;15 tot 20 jaar;Buiten Nederlandse Cariben geboren;Sint Eustatius;2012;3;3;0
8660;Totaal mannen en vrouwen;15 tot 20 jaar;Buiten Nederlandse Cariben geboren;Sint Eustatius;2013;7;13;-6
8661;Totaal mannen en vrouwen;15 tot 20 jaar;Buiten Nederlandse Cariben geboren;Sint Eustatius;2014;3;11;-8
8662;Totaal mannen en vrouwen;15 tot 20 jaar;Buiten Nederlandse Cariben geboren;Sint Eustatius;2015;4;12;-8
8663;Totaal mannen en vrouwen;15 tot 20 jaar;Buiten Nederlandse Cariben geboren;Sint Eustatius;2016;4;8;-4
8664;Totaal mannen en vrouwen;15 tot 20 jaar;Buiten Nederlandse Cariben geboren;Sint Eustatius;2017;1;10;-9
8665;Totaal mannen en vrouwen;15 tot 20 jaar;Buiten Nederlandse Cariben geboren;Sint Eustatius;2018;7;10;-3
8666;Totaal mannen en vrouwen;15 tot 20 jaar;Buiten Nederlandse Cariben geboren;Sint Eustatius;2019;4;11;-7
8667;Totaal mannen en vrouwen;15 tot 20 jaar;Buiten Nederlandse Cariben geboren;Sint Eustatius;2020;4;3;1
8668;Totaal mannen en vrouwen;15 tot 20 jaar;Buiten Nederlandse Cariben geboren;Sint Eustatius;2021;8;6;2
8669;Totaal mannen en vrouwen;15 tot 20 jaar;Buiten Nederlandse Cariben geboren;Sint Eustatius;2022;5;8;-3
8670;Totaal mannen en vrouwen;15 tot 20 jaar;Buiten Nederlandse Cariben geboren;Sint Eustatius;2023;2;11;-9
8671;Totaal mannen en vrouwen;15 tot 20 jaar;Buiten Nederlandse Cariben geboren;Saba;2011;1;5;-4
8672;Totaal mannen en vrouwen;15 tot 20 jaar;Buiten Nederlandse Cariben geboren;Saba;2012;5;2;3
8673;Totaal mannen en vrouwen;15 tot 20 jaar;Buiten Nederlandse Cariben geboren;Saba;2013;4;3;1
8674;Totaal mannen en vrouwen;15 tot 20 jaar;Buiten Nederlandse Cariben geboren;Saba;2014;0;2;-2
8675;Totaal mannen en vrouwen;15 tot 20 jaar;Buiten Nederlandse Cariben geboren;Saba;2015;2;2;0
8676;Totaal mannen en vrouwen;15 tot 20 jaar;Buiten Nederlandse Cariben geboren;Saba;2016;2;1;1
8677;Totaal mannen en vrouwen;15 tot 20 jaar;Buiten Nederlandse Cariben geboren;Saba;2017;3;5;-2
8678;Totaal mannen en vrouwen;15 tot 20 jaar;Buiten Nederlandse Cariben geboren;Saba;2018;2;3;-1
8679;Totaal mannen en vrouwen;15 tot 20 jaar;Buiten Nederlandse Cariben geboren;Saba;2019;2;4;-2
8680;Totaal mannen en vrouwen;15 tot 20 jaar;Buiten Nederlandse Cariben geboren;Saba;2020;0;2;-2
8681;Totaal mannen en vrouwen;15 tot 20 jaar;Buiten Nederlandse Cariben geboren;Saba;2021;0;1;-1
8682;Totaal mannen en vrouwen;15 tot 20 jaar;Buiten Nederlandse Cariben geboren;Saba;2022;1;3;-2
8683;Totaal mannen en vrouwen;15 tot 20 jaar;Buiten Nederlandse Cariben geboren;Saba;2023;6;3;3
8684;Totaal mannen en vrouwen;15 tot 20 jaar;Buiten Koninkrijk der Nederlanden gebo..;Caribisch Nederland;2011;23;23;0
8685;Totaal mannen en vrouwen;15 tot 20 jaar;Buiten Koninkrijk der Nederlanden gebo..;Caribisch Nederland;2012;24;11;13
8686;Totaal mannen en vrouwen;15 tot 20 jaar;Buiten Koninkrijk der Nederlanden gebo..;Caribisch Nederland;2013;32;18;14
8687;Totaal mannen en vrouwen;15 tot 20 jaar;Buiten Koninkrijk der Nederlanden gebo..;Caribisch Nederland;2014;12;20;-8
8688;Totaal mannen en vrouwen;15 tot 20 jaar;Buiten Koninkrijk der Nederlanden gebo..;Caribisch Nederland;2015;22;17;5
8689;Totaal mannen en vrouwen;15 tot 20 jaar;Buiten Koninkrijk der Nederlanden gebo..;Caribisch Nederland;2016;17;15;2
8690;Totaal mannen en vrouwen;15 tot 20 jaar;Buiten Koninkrijk der Nederlanden gebo..;Caribisch Nederland;2017;24;28;-4
8691;Totaal mannen en vrouwen;15 tot 20 jaar;Buiten Koninkrijk der Nederlanden gebo..;Caribisch Nederland;2018;30;18;12
8692;Totaal mannen en vrouwen;15 tot 20 jaar;Buiten Koninkrijk der Nederlanden gebo..;Caribisch Nederland;2019;19;23;-4
8693;Totaal mannen en vrouwen;15 tot 20 jaar;Buiten Koninkrijk der Nederlanden gebo..;Caribisch Nederland;2020;13;8;5
8694;Totaal mannen en vrouwen;15 tot 20 jaar;Buiten Koninkrijk der Nederlanden gebo..;Caribisch Nederland;2021;31;10;21
8695;Totaal mannen en vrouwen;15 tot 20 jaar;Buiten Koninkrijk der Nederlanden gebo..;Caribisch Nederland;2022;28;8;20
8696;Totaal mannen en vrouwen;15 tot 20 jaar;Buiten Koninkrijk der Nederlanden gebo..;Caribisch Nederland;2023;38;15;23
8697;Totaal mannen en vrouwen;15 tot 20 jaar;Buiten Koninkrijk der Nederlanden gebo..;Bonaire;2011;20;12;8
8698;Totaal mannen en vrouwen;15 tot 20 jaar;Buiten Koninkrijk der Nederlanden gebo..;Bonaire;2012;16;8;8
8699;Totaal mannen en vrouwen;15 tot 20 jaar;Buiten Koninkrijk der Nederlanden gebo..;Bonaire;2013;24;5;19
8700;Totaal mannen en vrouwen;15 tot 20 jaar;Buiten Koninkrijk der Nederlanden gebo..;Bonaire;2014;10;9;1
8701;Totaal mannen en vrouwen;15 tot 20 jaar;Buiten Koninkrijk der Nederlanden gebo..;Bonaire;2015;18;7;11
8702;Totaal mannen en vrouwen;15 tot 20 jaar;Buiten Koninkrijk der Nederlanden gebo..;Bonaire;2016;14;10;4
8703;Totaal mannen en vrouwen;15 tot 20 jaar;Buiten Koninkrijk der Nederlanden gebo..;Bonaire;2017;21;21;0
8704;Totaal mannen en vrouwen;15 tot 20 jaar;Buiten Koninkrijk der Nederlanden gebo..;Bonaire;2018;23;9;14
8705;Totaal mannen en vrouwen;15 tot 20 jaar;Buiten Koninkrijk der Nederlanden gebo..;Bonaire;2019;15;18;-3
8706;Totaal mannen en vrouwen;15 tot 20 jaar;Buiten Koninkrijk der Nederlanden gebo..;Bonaire;2020;11;7;4
8707;Totaal mannen en vrouwen;15 tot 20 jaar;Buiten Koninkrijk der Nederlanden gebo..;Bonaire;2021;24;8;16
8708;Totaal mannen en vrouwen;15 tot 20 jaar;Buiten Koninkrijk der Nederlanden gebo..;Bonaire;2022;24;3;21
8709;Totaal mannen en vrouwen;15 tot 20 jaar;Buiten Koninkrijk der Nederlanden gebo..;Bonaire;2023;31;7;24
8710;Totaal mannen en vrouwen;15 tot 20 jaar;Buiten Koninkrijk der Nederlanden gebo..;Sint Eustatius;2011;2;6;-4
8711;Totaal mannen en vrouwen;15 tot 20 jaar;Buiten Koninkrijk der Nederlanden gebo..;Sint Eustatius;2012;3;2;1
8712;Totaal mannen en vrouwen;15 tot 20 jaar;Buiten Koninkrijk der Nederlanden gebo..;Sint Eustatius;2013;5;10;-5
8713;Totaal mannen en vrouwen;15 tot 20 jaar;Buiten Koninkrijk der Nederlanden gebo..;Sint Eustatius;2014;2;9;-7
8714;Totaal mannen en vrouwen;15 tot 20 jaar;Buiten Koninkrijk der Nederlanden gebo..;Sint Eustatius;2015;4;9;-5
8715;Totaal mannen en vrouwen;15 tot 20 jaar;Buiten Koninkrijk der Nederlanden gebo..;Sint Eustatius;2016;2;4;-2
8716;Totaal mannen en vrouwen;15 tot 20 jaar;Buiten Koninkrijk der Nederlanden gebo..;Sint Eustatius;2017;1;4;-3
8717;Totaal mannen en vrouwen;15 tot 20 jaar;Buiten Koninkrijk der Nederlanden gebo..;Sint Eustatius;2018;5;7;-2
8718;Totaal mannen en vrouwen;15 tot 20 jaar;Buiten Koninkrijk der Nederlanden gebo..;Sint Eustatius;2019;2;2;0
8719;Totaal mannen en vrouwen;15 tot 20 jaar;Buiten Koninkrijk der Nederlanden gebo..;Sint Eustatius;2020;2;0;2
8720;Totaal mannen en vrouwen;15 tot 20 jaar;Buiten Koninkrijk der Nederlanden gebo..;Sint Eustatius;2021;7;1;6
8721;Totaal mannen en vrouwen;15 tot 20 jaar;Buiten Koninkrijk der Nederlanden gebo..;Sint Eustatius;2022;3;4;-1
8722;Totaal mannen en vrouwen;15 tot 20 jaar;Buiten Koninkrijk der Nederlanden gebo..;Sint Eustatius;2023;1;7;-6
8723;Totaal mannen en vrouwen;15 tot 20 jaar;Buiten Koninkrijk der Nederlanden gebo..;Saba;2011;1;5;-4
8724;Totaal mannen en vrouwen;15 tot 20 jaar;Buiten Koninkrijk der Nederlanden gebo..;Saba;2012;5;1;4
8725;Totaal mannen en vrouwen;15 tot 20 jaar;Buiten Koninkrijk der Nederlanden gebo..;Saba;2013;3;3;0
8726;Totaal mannen en vrouwen;15 tot 20 jaar;Buiten Koninkrijk der Nederlanden gebo..;Saba;2014;0;2;-2
8727;Totaal mannen en vrouwen;15 tot 20 jaar;Buiten Koninkrijk der Nederlanden gebo..;Saba;2015;0;1;-1
8728;Totaal mannen en vrouwen;15 tot 20 jaar;Buiten Koninkrijk der Nederlanden gebo..;Saba;2016;1;1;0
8729;Totaal mannen en vrouwen;15 tot 20 jaar;Buiten Koninkrijk der Nederlanden gebo..;Saba;2017;2;3;-1
8730;Totaal mannen en vrouwen;15 tot 20 jaar;Buiten Koninkrijk der Nederlanden gebo..;Saba;2018;2;2;0
8731;Totaal mannen en vrouwen;15 tot 20 jaar;Buiten Koninkrijk der Nederlanden gebo..;Saba;2019;2;3;-1
8732;Totaal mannen en vrouwen;15 tot 20 jaar;Buiten Koninkrijk der Nederlanden gebo..;Saba;2020;0;1;-1
8733;Totaal mannen en vrouwen;15 tot 20 jaar;Buiten Koninkrijk der Nederlanden gebo..;Saba;2021;0;1;-1
8734;Totaal mannen en vrouwen;15 tot 20 jaar;Buiten Koninkrijk der Nederlanden gebo..;Saba;2022;1;1;0
8735;Totaal mannen en vrouwen;15 tot 20 jaar;Buiten Koninkrijk der Nederlanden gebo..;Saba;2023;6;1;5
8736;Totaal mannen en vrouwen;15 tot 20 jaar;Afrika;Caribisch Nederland;2011;0;2;-2
8737;Totaal mannen en vrouwen;15 tot 20 jaar;Afrika;Caribisch Nederland;2012;0;0;0
8738;Totaal mannen en vrouwen;15 tot 20 jaar;Afrika;Caribisch Nederland;2013;0;0;0
8739;Totaal mannen en vrouwen;15 tot 20 jaar;Afrika;Caribisch Nederland;2014;0;0;0
8740;Totaal mannen en vrouwen;15 tot 20 jaar;Afrika;Caribisch Nederland;2015;0;0;0
8741;Totaal mannen en vrouwen;15 tot 20 jaar;Afrika;Caribisch Nederland;2016;0;0;0
8742;Totaal mannen en vrouwen;15 tot 20 jaar;Afrika;Caribisch Nederland;2017;0;0;0
8743;Totaal mannen en vrouwen;15 tot 20 jaar;Afrika;Caribisch Nederland;2018;0;0;0
8744;Totaal mannen en vrouwen;15 tot 20 jaar;Afrika;Caribisch Nederland;2019;0;1;-1
8745;Totaal mannen en vrouwen;15 tot 20 jaar;Afrika;Caribisch Nederland;2020;0;0;0
8746;Totaal mannen en vrouwen;15 tot 20 jaar;Afrika;Caribisch Nederland;2021;0;0;0
8747;Totaal mannen en vrouwen;15 tot 20 jaar;Afrika;Caribisch Nederland;2022;0;0;0
8748;Totaal mannen en vrouwen;15 tot 20 jaar;Afrika;Caribisch Nederland;2023;0;0;0
8749;Totaal mannen en vrouwen;15 tot 20 jaar;Afrika;Bonaire;2011;0;2;-2
8750;Totaal mannen en vrouwen;15 tot 20 jaar;Afrika;Bonaire;2012;0;0;0
8751;Totaal mannen en vrouwen;15 tot 20 jaar;Afrika;Bonaire;2013;0;0;0
8752;Totaal mannen en vrouwen;15 tot 20 jaar;Afrika;Bonaire;2014;0;0;0
8753;Totaal mannen en vrouwen;15 tot 20 jaar;Afrika;Bonaire;2015;0;0;0
8754;Totaal mannen en vrouwen;15 tot 20 jaar;Afrika;Bonaire;2016;0;0;0
8755;Totaal mannen en vrouwen;15 tot 20 jaar;Afrika;Bonaire;2017;0;0;0
8756;Totaal mannen en vrouwen;15 tot 20 jaar;Afrika;Bonaire;2018;0;0;0
8757;Totaal mannen en vrouwen;15 tot 20 jaar;Afrika;Bonaire;2019;0;1;-1
8758;Totaal mannen en vrouwen;15 tot 20 jaar;Afrika;Bonaire;2020;0;0;0
8759;Totaal mannen en vrouwen;15 tot 20 jaar;Afrika;Bonaire;2021;0;0;0
8760;Totaal mannen en vrouwen;15 tot 20 jaar;Afrika;Bonaire;2022;0;0;0
8761;Totaal mannen en vrouwen;15 tot 20 jaar;Afrika;Bonaire;2023;0;0;0
8762;Totaal mannen en vrouwen;15 tot 20 jaar;Afrika;Sint Eustatius;2011;0;0;0
8763;Totaal mannen en vrouwen;15 tot 20 jaar;Afrika;Sint Eustatius;2012;0;0;0
8764;Totaal mannen en vrouwen;15 tot 20 jaar;Afrika;Sint Eustatius;2013;0;0;0
8765;Totaal mannen en vrouwen;15 tot 20 jaar;Afrika;Sint Eustatius;2014;0;0;0
8766;Totaal mannen en vrouwen;15 tot 20 jaar;Afrika;Sint Eustatius;2015;0;0;0
8767;Totaal mannen en vrouwen;15 tot 20 jaar;Afrika;Sint Eustatius;2016;0;0;0
8768;Totaal mannen en vrouwen;15 tot 20 jaar;Afrika;Sint Eustatius;2017;0;0;0
8769;Totaal mannen en vrouwen;15 tot 20 jaar;Afrika;Sint Eustatius;2018;0;0;0
8770;Totaal mannen en vrouwen;15 tot 20 jaar;Afrika;Sint Eustatius;2019;0;0;0
8771;Totaal mannen en vrouwen;15 tot 20 jaar;Afrika;Sint Eustatius;2020;0;0;0
8772;Totaal mannen en vrouwen;15 tot 20 jaar;Afrika;Sint Eustatius;2021;0;0;0
8773;Totaal mannen en vrouwen;15 tot 20 jaar;Afrika;Sint Eustatius;2022;0;0;0
8774;Totaal mannen en vrouwen;15 tot 20 jaar;Afrika;Sint Eustatius;2023;0;0;0
8775;Totaal mannen en vrouwen;15 tot 20 jaar;Afrika;Saba;2011;0;0;0
8776;Totaal mannen en vrouwen;15 tot 20 jaar;Afrika;Saba;2012;0;0;0
8777;Totaal mannen en vrouwen;15 tot 20 jaar;Afrika;Saba;2013;0;0;0
8778;Totaal mannen en vrouwen;15 tot 20 jaar;Afrika;Saba;2014;0;0;0
8779;Totaal mannen en vrouwen;15 tot 20 jaar;Afrika;Saba;2015;0;0;0
8780;Totaal mannen en vrouwen;15 tot 20 jaar;Afrika;Saba;2016;0;0;0
8781;Totaal mannen en vrouwen;15 tot 20 jaar;Afrika;Saba;2017;0;0;0
8782;Totaal mannen en vrouwen;15 tot 20 jaar;Afrika;Saba;2018;0;0;0
8783;Totaal mannen en vrouwen;15 tot 20 jaar;Afrika;Saba;2019;0;0;0
8784;Totaal mannen en vrouwen;15 tot 20 jaar;Afrika;Saba;2020;0;0;0
8785;Totaal mannen en vrouwen;15 tot 20 jaar;Afrika;Saba;2021;0;0;0
8786;Totaal mannen en vrouwen;15 tot 20 jaar;Afrika;Saba;2022;0;0;0
8787;Totaal mannen en vrouwen;15 tot 20 jaar;Afrika;Saba;2023;0;0;0
8788;Totaal mannen en vrouwen;15 tot 20 jaar;Amerika;Caribisch Nederland;2011;53;119;-66
8789;Totaal mannen en vrouwen;15 tot 20 jaar;Amerika;Caribisch Nederland;2012;52;109;-57
8790;Totaal mannen en vrouwen;15 tot 20 jaar;Amerika;Caribisch Nederland;2013;60;88;-28
8791;Totaal mannen en vrouwen;15 tot 20 jaar;Amerika;Caribisch Nederland;2014;41;86;-45
8792;Totaal mannen en vrouwen;15 tot 20 jaar;Amerika;Caribisch Nederland;2015;47;92;-45
8793;Totaal mannen en vrouwen;15 tot 20 jaar;Amerika;Caribisch Nederland;2016;50;73;-23
8794;Totaal mannen en vrouwen;15 tot 20 jaar;Amerika;Caribisch Nederland;2017;49;95;-46
8795;Totaal mannen en vrouwen;15 tot 20 jaar;Amerika;Caribisch Nederland;2018;48;109;-61
8796;Totaal mannen en vrouwen;15 tot 20 jaar;Amerika;Caribisch Nederland;2019;40;75;-35
8797;Totaal mannen en vrouwen;15 tot 20 jaar;Amerika;Caribisch Nederland;2020;47;57;-10
8798;Totaal mannen en vrouwen;15 tot 20 jaar;Amerika;Caribisch Nederland;2021;61;58;3
8799;Totaal mannen en vrouwen;15 tot 20 jaar;Amerika;Caribisch Nederland;2022;61;72;-11
8800;Totaal mannen en vrouwen;15 tot 20 jaar;Amerika;Caribisch Nederland;2023;71;101;-30
8801;Totaal mannen en vrouwen;15 tot 20 jaar;Amerika;Bonaire;2011;45;85;-40
8802;Totaal mannen en vrouwen;15 tot 20 jaar;Amerika;Bonaire;2012;36;80;-44
8803;Totaal mannen en vrouwen;15 tot 20 jaar;Amerika;Bonaire;2013;49;49;0
8804;Totaal mannen en vrouwen;15 tot 20 jaar;Amerika;Bonaire;2014;32;51;-19
8805;Totaal mannen en vrouwen;15 tot 20 jaar;Amerika;Bonaire;2015;37;56;-19
8806;Totaal mannen en vrouwen;15 tot 20 jaar;Amerika;Bonaire;2016;35;57;-22
8807;Totaal mannen en vrouwen;15 tot 20 jaar;Amerika;Bonaire;2017;41;73;-32
8808;Totaal mannen en vrouwen;15 tot 20 jaar;Amerika;Bonaire;2018;37;58;-21
8809;Totaal mannen en vrouwen;15 tot 20 jaar;Amerika;Bonaire;2019;31;60;-29
8810;Totaal mannen en vrouwen;15 tot 20 jaar;Amerika;Bonaire;2020;38;48;-10
8811;Totaal mannen en vrouwen;15 tot 20 jaar;Amerika;Bonaire;2021;47;46;1
8812;Totaal mannen en vrouwen;15 tot 20 jaar;Amerika;Bonaire;2022;55;45;10
8813;Totaal mannen en vrouwen;15 tot 20 jaar;Amerika;Bonaire;2023;57;66;-9
8814;Totaal mannen en vrouwen;15 tot 20 jaar;Amerika;Sint Eustatius;2011;6;25;-19
8815;Totaal mannen en vrouwen;15 tot 20 jaar;Amerika;Sint Eustatius;2012;10;22;-12
8816;Totaal mannen en vrouwen;15 tot 20 jaar;Amerika;Sint Eustatius;2013;6;35;-29
8817;Totaal mannen en vrouwen;15 tot 20 jaar;Amerika;Sint Eustatius;2014;8;30;-22
8818;Totaal mannen en vrouwen;15 tot 20 jaar;Amerika;Sint Eustatius;2015;9;30;-21
8819;Totaal mannen en vrouwen;15 tot 20 jaar;Amerika;Sint Eustatius;2016;12;12;0
8820;Totaal mannen en vrouwen;15 tot 20 jaar;Amerika;Sint Eustatius;2017;6;15;-9
8821;Totaal mannen en vrouwen;15 tot 20 jaar;Amerika;Sint Eustatius;2018;8;43;-35
8822;Totaal mannen en vrouwen;15 tot 20 jaar;Amerika;Sint Eustatius;2019;7;9;-2
8823;Totaal mannen en vrouwen;15 tot 20 jaar;Amerika;Sint Eustatius;2020;9;9;0
8824;Totaal mannen en vrouwen;15 tot 20 jaar;Amerika;Sint Eustatius;2021;11;8;3
8825;Totaal mannen en vrouwen;15 tot 20 jaar;Amerika;Sint Eustatius;2022;5;20;-15
8826;Totaal mannen en vrouwen;15 tot 20 jaar;Amerika;Sint Eustatius;2023;6;31;-25
8827;Totaal mannen en vrouwen;15 tot 20 jaar;Amerika;Saba;2011;2;9;-7
8828;Totaal mannen en vrouwen;15 tot 20 jaar;Amerika;Saba;2012;6;7;-1
8829;Totaal mannen en vrouwen;15 tot 20 jaar;Amerika;Saba;2013;5;4;1
8830;Totaal mannen en vrouwen;15 tot 20 jaar;Amerika;Saba;2014;1;5;-4
8831;Totaal mannen en vrouwen;15 tot 20 jaar;Amerika;Saba;2015;1;6;-5
8832;Totaal mannen en vrouwen;15 tot 20 jaar;Amerika;Saba;2016;3;4;-1
8833;Totaal mannen en vrouwen;15 tot 20 jaar;Amerika;Saba;2017;2;7;-5
8834;Totaal mannen en vrouwen;15 tot 20 jaar;Amerika;Saba;2018;3;8;-5
8835;Totaal mannen en vrouwen;15 tot 20 jaar;Amerika;Saba;2019;2;6;-4
8836;Totaal mannen en vrouwen;15 tot 20 jaar;Amerika;Saba;2020;0;0;0
8837;Totaal mannen en vrouwen;15 tot 20 jaar;Amerika;Saba;2021;3;4;-1
8838;Totaal mannen en vrouwen;15 tot 20 jaar;Amerika;Saba;2022;1;7;-6
8839;Totaal mannen en vrouwen;15 tot 20 jaar;Amerika;Saba;2023;8;4;4
8840;Totaal mannen en vrouwen;15 tot 20 jaar;Azië;Caribisch Nederland;2011;5;1;4
8841;Totaal mannen en vrouwen;15 tot 20 jaar;Azië;Caribisch Nederland;2012;7;0;7
8842;Totaal mannen en vrouwen;15 tot 20 jaar;Azië;Caribisch Nederland;2013;7;1;6
8843;Totaal mannen en vrouwen;15 tot 20 jaar;Azië;Caribisch Nederland;2014;1;0;1
8844;Totaal mannen en vrouwen;15 tot 20 jaar;Azië;Caribisch Nederland;2015;4;0;4
8845;Totaal mannen en vrouwen;15 tot 20 jaar;Azië;Caribisch Nederland;2016;3;0;3
8846;Totaal mannen en vrouwen;15 tot 20 jaar;Azië;Caribisch Nederland;2017;4;1;3
8847;Totaal mannen en vrouwen;15 tot 20 jaar;Azië;Caribisch Nederland;2018;2;0;2
8848;Totaal mannen en vrouwen;15 tot 20 jaar;Azië;Caribisch Nederland;2019;0;2;-2
8849;Totaal mannen en vrouwen;15 tot 20 jaar;Azië;Caribisch Nederland;2020;0;1;-1
8850;Totaal mannen en vrouwen;15 tot 20 jaar;Azië;Caribisch Nederland;2021;0;0;0
8851;Totaal mannen en vrouwen;15 tot 20 jaar;Azië;Caribisch Nederland;2022;1;0;1
8852;Totaal mannen en vrouwen;15 tot 20 jaar;Azië;Caribisch Nederland;2023;1;0;1
8853;Totaal mannen en vrouwen;15 tot 20 jaar;Azië;Bonaire;2011;5;0;5
8854;Totaal mannen en vrouwen;15 tot 20 jaar;Azië;Bonaire;2012;7;0;7
8855;Totaal mannen en vrouwen;15 tot 20 jaar;Azië;Bonaire;2013;5;0;5
8856;Totaal mannen en vrouwen;15 tot 20 jaar;Azië;Bonaire;2014;1;0;1
8857;Totaal mannen en vrouwen;15 tot 20 jaar;Azië;Bonaire;2015;4;0;4
8858;Totaal mannen en vrouwen;15 tot 20 jaar;Azië;Bonaire;2016;3;0;3
8859;Totaal mannen en vrouwen;15 tot 20 jaar;Azië;Bonaire;2017;4;0;4
8860;Totaal mannen en vrouwen;15 tot 20 jaar;Azië;Bonaire;2018;1;0;1
8861;Totaal mannen en vrouwen;15 tot 20 jaar;Azië;Bonaire;2019;0;2;-2
8862;Totaal mannen en vrouwen;15 tot 20 jaar;Azië;Bonaire;2020;0;1;-1
8863;Totaal mannen en vrouwen;15 tot 20 jaar;Azië;Bonaire;2021;0;0;0
8864;Totaal mannen en vrouwen;15 tot 20 jaar;Azië;Bonaire;2022;0;0;0
8865;Totaal mannen en vrouwen;15 tot 20 jaar;Azië;Bonaire;2023;1;0;1
8866;Totaal mannen en vrouwen;15 tot 20 jaar;Azië;Sint Eustatius;2011;0;1;-1
8867;Totaal mannen en vrouwen;15 tot 20 jaar;Azië;Sint Eustatius;2012;0;0;0
8868;Totaal mannen en vrouwen;15 tot 20 jaar;Azië;Sint Eustatius;2013;2;1;1
8869;Totaal mannen en vrouwen;15 tot 20 jaar;Azië;Sint Eustatius;2014;0;0;0
8870;Totaal mannen en vrouwen;15 tot 20 jaar;Azië;Sint Eustatius;2015;0;0;0
8871;Totaal mannen en vrouwen;15 tot 20 jaar;Azië;Sint Eustatius;2016;0;0;0
8872;Totaal mannen en vrouwen;15 tot 20 jaar;Azië;Sint Eustatius;2017;0;1;-1
8873;Totaal mannen en vrouwen;15 tot 20 jaar;Azië;Sint Eustatius;2018;1;0;1
8874;Totaal mannen en vrouwen;15 tot 20 jaar;Azië;Sint Eustatius;2019;0;0;0
8875;Totaal mannen en vrouwen;15 tot 20 jaar;Azië;Sint Eustatius;2020;0;0;0
8876;Totaal mannen en vrouwen;15 tot 20 jaar;Azië;Sint Eustatius;2021;0;0;0
8877;Totaal mannen en vrouwen;15 tot 20 jaar;Azië;Sint Eustatius;2022;0;0;0
8878;Totaal mannen en vrouwen;15 tot 20 jaar;Azië;Sint Eustatius;2023;0;0;0
8879;Totaal mannen en vrouwen;15 tot 20 jaar;Azië;Saba;2011;0;0;0
8880;Totaal mannen en vrouwen;15 tot 20 jaar;Azië;Saba;2012;0;0;0
8881;Totaal mannen en vrouwen;15 tot 20 jaar;Azië;Saba;2013;0;0;0
8882;Totaal mannen en vrouwen;15 tot 20 jaar;Azië;Saba;2014;0;0;0
8883;Totaal mannen en vrouwen;15 tot 20 jaar;Azië;Saba;2015;0;0;0
8884;Totaal mannen en vrouwen;15 tot 20 jaar;Azië;Saba;2016;0;0;0
8885;Totaal mannen en vrouwen;15 tot 20 jaar;Azië;Saba;2017;0;0;0
8886;Totaal mannen en vrouwen;15 tot 20 jaar;Azië;Saba;2018;0;0;0
8887;Totaal mannen en vrouwen;15 tot 20 jaar;Azië;Saba;2019;0;0;0
8888;Totaal mannen en vrouwen;15 tot 20 jaar;Azië;Saba;2020;0;0;0
8889;Totaal mannen en vrouwen;15 tot 20 jaar;Azië;Saba;2021;0;0;0
8890;Totaal mannen en vrouwen;15 tot 20 jaar;Azië;Saba;2022;1;0;1
8891;Totaal mannen en vrouwen;15 tot 20 jaar;Azië;Saba;2023;0;0;0
8892;Totaal mannen en vrouwen;15 tot 20 jaar;Europa (inclusief Nederland);Caribisch Nederland;2011;20;15;5
8893;Totaal mannen en vrouwen;15 tot 20 jaar;Europa (inclusief Nederland);Caribisch Nederland;2012;17;18;-1
8894;Totaal mannen en vrouwen;15 tot 20 jaar;Europa (inclusief Nederland);Caribisch Nederland;2013;21;25;-4
8895;Totaal mannen en vrouwen;15 tot 20 jaar;Europa (inclusief Nederland);Caribisch Nederland;2014;18;16;2
8896;Totaal mannen en vrouwen;15 tot 20 jaar;Europa (inclusief Nederland);Caribisch Nederland;2015;19;29;-10
8897;Totaal mannen en vrouwen;15 tot 20 jaar;Europa (inclusief Nederland);Caribisch Nederland;2016;19;39;-20
8898;Totaal mannen en vrouwen;15 tot 20 jaar;Europa (inclusief Nederland);Caribisch Nederland;2017;8;35;-27
8899;Totaal mannen en vrouwen;15 tot 20 jaar;Europa (inclusief Nederland);Caribisch Nederland;2018;15;39;-24
8900;Totaal mannen en vrouwen;15 tot 20 jaar;Europa (inclusief Nederland);Caribisch Nederland;2019;24;54;-30
8901;Totaal mannen en vrouwen;15 tot 20 jaar;Europa (inclusief Nederland);Caribisch Nederland;2020;25;30;-5
8902;Totaal mannen en vrouwen;15 tot 20 jaar;Europa (inclusief Nederland);Caribisch Nederland;2021;28;34;-6
8903;Totaal mannen en vrouwen;15 tot 20 jaar;Europa (inclusief Nederland);Caribisch Nederland;2022;29;33;-4
8904;Totaal mannen en vrouwen;15 tot 20 jaar;Europa (inclusief Nederland);Caribisch Nederland;2023;18;36;-18
8905;Totaal mannen en vrouwen;15 tot 20 jaar;Europa (inclusief Nederland);Bonaire;2011;20;13;7
8906;Totaal mannen en vrouwen;15 tot 20 jaar;Europa (inclusief Nederland);Bonaire;2012;17;16;1
8907;Totaal mannen en vrouwen;15 tot 20 jaar;Europa (inclusief Nederland);Bonaire;2013;18;22;-4
8908;Totaal mannen en vrouwen;15 tot 20 jaar;Europa (inclusief Nederland);Bonaire;2014;17;14;3
8909;Totaal mannen en vrouwen;15 tot 20 jaar;Europa (inclusief Nederland);Bonaire;2015;17;25;-8
8910;Totaal mannen en vrouwen;15 tot 20 jaar;Europa (inclusief Nederland);Bonaire;2016;16;35;-19
8911;Totaal mannen en vrouwen;15 tot 20 jaar;Europa (inclusief Nederland);Bonaire;2017;6;27;-21
8912;Totaal mannen en vrouwen;15 tot 20 jaar;Europa (inclusief Nederland);Bonaire;2018;13;34;-21
8913;Totaal mannen en vrouwen;15 tot 20 jaar;Europa (inclusief Nederland);Bonaire;2019;22;42;-20
8914;Totaal mannen en vrouwen;15 tot 20 jaar;Europa (inclusief Nederland);Bonaire;2020;23;25;-2
8915;Totaal mannen en vrouwen;15 tot 20 jaar;Europa (inclusief Nederland);Bonaire;2021;27;29;-2
8916;Totaal mannen en vrouwen;15 tot 20 jaar;Europa (inclusief Nederland);Bonaire;2022;27;26;1
8917;Totaal mannen en vrouwen;15 tot 20 jaar;Europa (inclusief Nederland);Bonaire;2023;17;29;-12
8918;Totaal mannen en vrouwen;15 tot 20 jaar;Europa (inclusief Nederland);Sint Eustatius;2011;0;2;-2
8919;Totaal mannen en vrouwen;15 tot 20 jaar;Europa (inclusief Nederland);Sint Eustatius;2012;0;1;-1
8920;Totaal mannen en vrouwen;15 tot 20 jaar;Europa (inclusief Nederland);Sint Eustatius;2013;2;3;-1
8921;Totaal mannen en vrouwen;15 tot 20 jaar;Europa (inclusief Nederland);Sint Eustatius;2014;1;2;-1
8922;Totaal mannen en vrouwen;15 tot 20 jaar;Europa (inclusief Nederland);Sint Eustatius;2015;0;3;-3
8923;Totaal mannen en vrouwen;15 tot 20 jaar;Europa (inclusief Nederland);Sint Eustatius;2016;2;4;-2
8924;Totaal mannen en vrouwen;15 tot 20 jaar;Europa (inclusief Nederland);Sint Eustatius;2017;0;6;-6
8925;Totaal mannen en vrouwen;15 tot 20 jaar;Europa (inclusief Nederland);Sint Eustatius;2018;2;3;-1
8926;Totaal mannen en vrouwen;15 tot 20 jaar;Europa (inclusief Nederland);Sint Eustatius;2019;2;10;-8
8927;Totaal mannen en vrouwen;15 tot 20 jaar;Europa (inclusief Nederland);Sint Eustatius;2020;2;3;-1
8928;Totaal mannen en vrouwen;15 tot 20 jaar;Europa (inclusief Nederland);Sint Eustatius;2021;1;5;-4
8929;Totaal mannen en vrouwen;15 tot 20 jaar;Europa (inclusief Nederland);Sint Eustatius;2022;2;5;-3
8930;Totaal mannen en vrouwen;15 tot 20 jaar;Europa (inclusief Nederland);Sint Eustatius;2023;1;4;-3
8931;Totaal mannen en vrouwen;15 tot 20 jaar;Europa (inclusief Nederland);Saba;2011;0;0;0
8932;Totaal mannen en vrouwen;15 tot 20 jaar;Europa (inclusief Nederland);Saba;2012;0;1;-1
8933;Totaal mannen en vrouwen;15 tot 20 jaar;Europa (inclusief Nederland);Saba;2013;1;0;1
8934;Totaal mannen en vrouwen;15 tot 20 jaar;Europa (inclusief Nederland);Saba;2014;0;0;0
8935;Totaal mannen en vrouwen;15 tot 20 jaar;Europa (inclusief Nederland);Saba;2015;2;1;1
8936;Totaal mannen en vrouwen;15 tot 20 jaar;Europa (inclusief Nederland);Saba;2016;1;0;1
8937;Totaal mannen en vrouwen;15 tot 20 jaar;Europa (inclusief Nederland);Saba;2017;2;2;0
8938;Totaal mannen en vrouwen;15 tot 20 jaar;Europa (inclusief Nederland);Saba;2018;0;2;-2
8939;Totaal mannen en vrouwen;15 tot 20 jaar;Europa (inclusief Nederland);Saba;2019;0;2;-2
8940;Totaal mannen en vrouwen;15 tot 20 jaar;Europa (inclusief Nederland);Saba;2020;0;2;-2
8941;Totaal mannen en vrouwen;15 tot 20 jaar;Europa (inclusief Nederland);Saba;2021;0;0;0
8942;Totaal mannen en vrouwen;15 tot 20 jaar;Europa (inclusief Nederland);Saba;2022;0;2;-2
8943;Totaal mannen en vrouwen;15 tot 20 jaar;Europa (inclusief Nederland);Saba;2023;0;3;-3
8944;Totaal mannen en vrouwen;15 tot 20 jaar;Europa (exclusief Nederland);Caribisch Nederland;2011;0;1;-1
8945;Totaal mannen en vrouwen;15 tot 20 jaar;Europa (exclusief Nederland);Caribisch Nederland;2012;0;0;0
8946;Totaal mannen en vrouwen;15 tot 20 jaar;Europa (exclusief Nederland);Caribisch Nederland;2013;2;0;2
8947;Totaal mannen en vrouwen;15 tot 20 jaar;Europa (exclusief Nederland);Caribisch Nederland;2014;1;0;1
8948;Totaal mannen en vrouwen;15 tot 20 jaar;Europa (exclusief Nederland);Caribisch Nederland;2015;2;1;1
8949;Totaal mannen en vrouwen;15 tot 20 jaar;Europa (exclusief Nederland);Caribisch Nederland;2016;0;3;-3
8950;Totaal mannen en vrouwen;15 tot 20 jaar;Europa (exclusief Nederland);Caribisch Nederland;2017;1;2;-1
8951;Totaal mannen en vrouwen;15 tot 20 jaar;Europa (exclusief Nederland);Caribisch Nederland;2018;0;2;-2
8952;Totaal mannen en vrouwen;15 tot 20 jaar;Europa (exclusief Nederland);Caribisch Nederland;2019;0;6;-6
8953;Totaal mannen en vrouwen;15 tot 20 jaar;Europa (exclusief Nederland);Caribisch Nederland;2020;1;2;-1
8954;Totaal mannen en vrouwen;15 tot 20 jaar;Europa (exclusief Nederland);Caribisch Nederland;2021;0;1;-1
8955;Totaal mannen en vrouwen;15 tot 20 jaar;Europa (exclusief Nederland);Caribisch Nederland;2022;0;1;-1
8956;Totaal mannen en vrouwen;15 tot 20 jaar;Europa (exclusief Nederland);Caribisch Nederland;2023;0;1;-1
8957;Totaal mannen en vrouwen;15 tot 20 jaar;Europa (exclusief Nederland);Bonaire;2011;0;1;-1
8958;Totaal mannen en vrouwen;15 tot 20 jaar;Europa (exclusief Nederland);Bonaire;2012;0;0;0
8959;Totaal mannen en vrouwen;15 tot 20 jaar;Europa (exclusief Nederland);Bonaire;2013;2;0;2
8960;Totaal mannen en vrouwen;15 tot 20 jaar;Europa (exclusief Nederland);Bonaire;2014;1;0;1
8961;Totaal mannen en vrouwen;15 tot 20 jaar;Europa (exclusief Nederland);Bonaire;2015;2;1;1
8962;Totaal mannen en vrouwen;15 tot 20 jaar;Europa (exclusief Nederland);Bonaire;2016;0;3;-3
8963;Totaal mannen en vrouwen;15 tot 20 jaar;Europa (exclusief Nederland);Bonaire;2017;0;2;-2
8964;Totaal mannen en vrouwen;15 tot 20 jaar;Europa (exclusief Nederland);Bonaire;2018;0;1;-1
8965;Totaal mannen en vrouwen;15 tot 20 jaar;Europa (exclusief Nederland);Bonaire;2019;0;4;-4
8966;Totaal mannen en vrouwen;15 tot 20 jaar;Europa (exclusief Nederland);Bonaire;2020;1;1;0
8967;Totaal mannen en vrouwen;15 tot 20 jaar;Europa (exclusief Nederland);Bonaire;2021;0;1;-1
8968;Totaal mannen en vrouwen;15 tot 20 jaar;Europa (exclusief Nederland);Bonaire;2022;0;0;0
8969;Totaal mannen en vrouwen;15 tot 20 jaar;Europa (exclusief Nederland);Bonaire;2023;0;0;0
8970;Totaal mannen en vrouwen;15 tot 20 jaar;Europa (exclusief Nederland);Sint Eustatius;2011;0;0;0
8971;Totaal mannen en vrouwen;15 tot 20 jaar;Europa (exclusief Nederland);Sint Eustatius;2012;0;0;0
8972;Totaal mannen en vrouwen;15 tot 20 jaar;Europa (exclusief Nederland);Sint Eustatius;2013;0;0;0
8973;Totaal mannen en vrouwen;15 tot 20 jaar;Europa (exclusief Nederland);Sint Eustatius;2014;0;0;0
8974;Totaal mannen en vrouwen;15 tot 20 jaar;Europa (exclusief Nederland);Sint Eustatius;2015;0;0;0
8975;Totaal mannen en vrouwen;15 tot 20 jaar;Europa (exclusief Nederland);Sint Eustatius;2016;0;0;0
8976;Totaal mannen en vrouwen;15 tot 20 jaar;Europa (exclusief Nederland);Sint Eustatius;2017;0;0;0
8977;Totaal mannen en vrouwen;15 tot 20 jaar;Europa (exclusief Nederland);Sint Eustatius;2018;0;0;0
8978;Totaal mannen en vrouwen;15 tot 20 jaar;Europa (exclusief Nederland);Sint Eustatius;2019;0;1;-1
8979;Totaal mannen en vrouwen;15 tot 20 jaar;Europa (exclusief Nederland);Sint Eustatius;2020;0;0;0
8980;Totaal mannen en vrouwen;15 tot 20 jaar;Europa (exclusief Nederland);Sint Eustatius;2021;0;0;0
8981;Totaal mannen en vrouwen;15 tot 20 jaar;Europa (exclusief Nederland);Sint Eustatius;2022;0;1;-1
8982;Totaal mannen en vrouwen;15 tot 20 jaar;Europa (exclusief Nederland);Sint Eustatius;2023;0;0;0
8983;Totaal mannen en vrouwen;15 tot 20 jaar;Europa (exclusief Nederland);Saba;2011;0;0;0
8984;Totaal mannen en vrouwen;15 tot 20 jaar;Europa (exclusief Nederland);Saba;2012;0;0;0
8985;Totaal mannen en vrouwen;15 tot 20 jaar;Europa (exclusief Nederland);Saba;2013;0;0;0
8986;Totaal mannen en vrouwen;15 tot 20 jaar;Europa (exclusief Nederland);Saba;2014;0;0;0
8987;Totaal mannen en vrouwen;15 tot 20 jaar;Europa (exclusief Nederland);Saba;2015;0;0;0
8988;Totaal mannen en vrouwen;15 tot 20 jaar;Europa (exclusief Nederland);Saba;2016;0;0;0
8989;Totaal mannen en vrouwen;15 tot 20 jaar;Europa (exclusief Nederland);Saba;2017;1;0;1
8990;Totaal mannen en vrouwen;15 tot 20 jaar;Europa (exclusief Nederland);Saba;2018;0;1;-1
8991;Totaal mannen en vrouwen;15 tot 20 jaar;Europa (exclusief Nederland);Saba;2019;0;1;-1
8992;Totaal mannen en vrouwen;15 tot 20 jaar;Europa (exclusief Nederland);Saba;2020;0;1;-1
8993;Totaal mannen en vrouwen;15 tot 20 jaar;Europa (exclusief Nederland);Saba;2021;0;0;0
8994;Totaal mannen en vrouwen;15 tot 20 jaar;Europa (exclusief Nederland);Saba;2022;0;0;0
8995;Totaal mannen en vrouwen;15 tot 20 jaar;Europa (exclusief Nederland);Saba;2023;0;1;-1
8996;Totaal mannen en vrouwen;15 tot 20 jaar;Oceanië;Caribisch Nederland;2011;0;0;0
8997;Totaal mannen en vrouwen;15 tot 20 jaar;Oceanië;Caribisch Nederland;2012;0;0;0
8998;Totaal mannen en vrouwen;15 tot 20 jaar;Oceanië;Caribisch Nederland;2013;0;0;0
8999;Totaal mannen en vrouwen;15 tot 20 jaar;Oceanië;Caribisch Nederland;2014;0;0;0
9000;Totaal mannen en vrouwen;15 tot 20 jaar;Oceanië;Caribisch Nederland;2015;0;0;0
9001;Totaal mannen en vrouwen;15 tot 20 jaar;Oceanië;Caribisch Nederland;2016;0;0;0
9002;Totaal mannen en vrouwen;15 tot 20 jaar;Oceanië;Caribisch Nederland;2017;1;0;1
9003;Totaal mannen en vrouwen;15 tot 20 jaar;Oceanië;Caribisch Nederland;2018;0;0;0
9004;Totaal mannen en vrouwen;15 tot 20 jaar;Oceanië;Caribisch Nederland;2019;0;0;0
9005;Totaal mannen en vrouwen;15 tot 20 jaar;Oceanië;Caribisch Nederland;2020;0;0;0
9006;Totaal mannen en vrouwen;15 tot 20 jaar;Oceanië;Caribisch Nederland;2021;1;1;0
9007;Totaal mannen en vrouwen;15 tot 20 jaar;Oceanië;Caribisch Nederland;2022;0;1;-1
9008;Totaal mannen en vrouwen;15 tot 20 jaar;Oceanië;Caribisch Nederland;2023;0;0;0
9009;Totaal mannen en vrouwen;15 tot 20 jaar;Oceanië;Bonaire;2011;0;0;0
9010;Totaal mannen en vrouwen;15 tot 20 jaar;Oceanië;Bonaire;2012;0;0;0
9011;Totaal mannen en vrouwen;15 tot 20 jaar;Oceanië;Bonaire;2013;0;0;0
9012;Totaal mannen en vrouwen;15 tot 20 jaar;Oceanië;Bonaire;2014;0;0;0
9013;Totaal mannen en vrouwen;15 tot 20 jaar;Oceanië;Bonaire;2015;0;0;0
9014;Totaal mannen en vrouwen;15 tot 20 jaar;Oceanië;Bonaire;2016;0;0;0
9015;Totaal mannen en vrouwen;15 tot 20 jaar;Oceanië;Bonaire;2017;1;0;1
9016;Totaal mannen en vrouwen;15 tot 20 jaar;Oceanië;Bonaire;2018;0;0;0
9017;Totaal mannen en vrouwen;15 tot 20 jaar;Oceanië;Bonaire;2019;0;0;0
9018;Totaal mannen en vrouwen;15 tot 20 jaar;Oceanië;Bonaire;2020;0;0;0
9019;Totaal mannen en vrouwen;15 tot 20 jaar;Oceanië;Bonaire;2021;1;1;0
9020;Totaal mannen en vrouwen;15 tot 20 jaar;Oceanië;Bonaire;2022;0;1;-1
9021;Totaal mannen en vrouwen;15 tot 20 jaar;Oceanië;Bonaire;2023;0;0;0
9022;Totaal mannen en vrouwen;15 tot 20 jaar;Oceanië;Sint Eustatius;2011;0;0;0
9023;Totaal mannen en vrouwen;15 tot 20 jaar;Oceanië;Sint Eustatius;2012;0;0;0
9024;Totaal mannen en vrouwen;15 tot 20 jaar;Oceanië;Sint Eustatius;2013;0;0;0
9025;Totaal mannen en vrouwen;15 tot 20 jaar;Oceanië;Sint Eustatius;2014;0;0;0
9026;Totaal mannen en vrouwen;15 tot 20 jaar;Oceanië;Sint Eustatius;2015;0;0;0
9027;Totaal mannen en vrouwen;15 tot 20 jaar;Oceanië;Sint Eustatius;2016;0;0;0
9028;Totaal mannen en vrouwen;15 tot 20 jaar;Oceanië;Sint Eustatius;2017;0;0;0
9029;Totaal mannen en vrouwen;15 tot 20 jaar;Oceanië;Sint Eustatius;2018;0;0;0
9030;Totaal mannen en vrouwen;15 tot 20 jaar;Oceanië;Sint Eustatius;2019;0;0;0
9031;Totaal mannen en vrouwen;15 tot 20 jaar;Oceanië;Sint Eustatius;2020;0;0;0
9032;Totaal mannen en vrouwen;15 tot 20 jaar;Oceanië;Sint Eustatius;2021;0;0;0
9033;Totaal mannen en vrouwen;15 tot 20 jaar;Oceanië;Sint Eustatius;2022;0;0;0
9034;Totaal mannen en vrouwen;15 tot 20 jaar;Oceanië;Sint Eustatius;2023;0;0;0
9035;Totaal mannen en vrouwen;15 tot 20 jaar;Oceanië;Saba;2011;0;0;0
9036;Totaal mannen en vrouwen;15 tot 20 jaar;Oceanië;Saba;2012;0;0;0
9037;Totaal mannen en vrouwen;15 tot 20 jaar;Oceanië;Saba;2013;0;0;0
9038;Totaal mannen en vrouwen;15 tot 20 jaar;Oceanië;Saba;2014;0;0;0
9039;Totaal mannen en vrouwen;15 tot 20 jaar;Oceanië;Saba;2015;0;0;0
9040;Totaal mannen en vrouwen;15 tot 20 jaar;Oceanië;Saba;2016;0;0;0
9041;Totaal mannen en vrouwen;15 tot 20 jaar;Oceanië;Saba;2017;0;0;0
9042;Totaal mannen en vrouwen;15 tot 20 jaar;Oceanië;Saba;2018;0;0;0
9043;Totaal mannen en vrouwen;15 tot 20 jaar;Oceanië;Saba;2019;0;0;0
9044;Totaal mannen en vrouwen;15 tot 20 jaar;Oceanië;Saba;2020;0;0;0
9045;Totaal mannen en vrouwen;15 tot 20 jaar;Oceanië;Saba;2021;0;0;0
9046;Totaal mannen en vrouwen;15 tot 20 jaar;Oceanië;Saba;2022;0;0;0
9047;Totaal mannen en vrouwen;15 tot 20 jaar;Oceanië;Saba;2023;0;0;0
9048;Totaal mannen en vrouwen;15 tot 20 jaar;Midden- en Zuid-Amerika;Caribisch Nederland;2011;50;119;-69
9049;Totaal mannen en vrouwen;15 tot 20 jaar;Midden- en Zuid-Amerika;Caribisch Nederland;2012;48;109;-61
9050;Totaal mannen en vrouwen;15 tot 20 jaar;Midden- en Zuid-Amerika;Caribisch Nederland;2013;58;85;-27
9051;Totaal mannen en vrouwen;15 tot 20 jaar;Midden- en Zuid-Amerika;Caribisch Nederland;2014;41;82;-41
9052;Totaal mannen en vrouwen;15 tot 20 jaar;Midden- en Zuid-Amerika;Caribisch Nederland;2015;47;87;-40
9053;Totaal mannen en vrouwen;15 tot 20 jaar;Midden- en Zuid-Amerika;Caribisch Nederland;2016;49;72;-23
9054;Totaal mannen en vrouwen;15 tot 20 jaar;Midden- en Zuid-Amerika;Caribisch Nederland;2017;48;92;-44
9055;Totaal mannen en vrouwen;15 tot 20 jaar;Midden- en Zuid-Amerika;Caribisch Nederland;2018;48;109;-61
9056;Totaal mannen en vrouwen;15 tot 20 jaar;Midden- en Zuid-Amerika;Caribisch Nederland;2019;39;74;-35
9057;Totaal mannen en vrouwen;15 tot 20 jaar;Midden- en Zuid-Amerika;Caribisch Nederland;2020;47;57;-10
9058;Totaal mannen en vrouwen;15 tot 20 jaar;Midden- en Zuid-Amerika;Caribisch Nederland;2021;60;57;3
9059;Totaal mannen en vrouwen;15 tot 20 jaar;Midden- en Zuid-Amerika;Caribisch Nederland;2022;58;71;-13
9060;Totaal mannen en vrouwen;15 tot 20 jaar;Midden- en Zuid-Amerika;Caribisch Nederland;2023;71;99;-28
9061;Totaal mannen en vrouwen;15 tot 20 jaar;Midden- en Zuid-Amerika;Bonaire;2011;42;85;-43
9062;Totaal mannen en vrouwen;15 tot 20 jaar;Midden- en Zuid-Amerika;Bonaire;2012;34;80;-46
9063;Totaal mannen en vrouwen;15 tot 20 jaar;Midden- en Zuid-Amerika;Bonaire;2013;49;49;0
9064;Totaal mannen en vrouwen;15 tot 20 jaar;Midden- en Zuid-Amerika;Bonaire;2014;32;49;-17
9065;Totaal mannen en vrouwen;15 tot 20 jaar;Midden- en Zuid-Amerika;Bonaire;2015;37;54;-17
9066;Totaal mannen en vrouwen;15 tot 20 jaar;Midden- en Zuid-Amerika;Bonaire;2016;34;56;-22
9067;Totaal mannen en vrouwen;15 tot 20 jaar;Midden- en Zuid-Amerika;Bonaire;2017;40;71;-31
9068;Totaal mannen en vrouwen;15 tot 20 jaar;Midden- en Zuid-Amerika;Bonaire;2018;37;58;-21
9069;Totaal mannen en vrouwen;15 tot 20 jaar;Midden- en Zuid-Amerika;Bonaire;2019;30;59;-29
9070;Totaal mannen en vrouwen;15 tot 20 jaar;Midden- en Zuid-Amerika;Bonaire;2020;38;48;-10
9071;Totaal mannen en vrouwen;15 tot 20 jaar;Midden- en Zuid-Amerika;Bonaire;2021;46;45;1
9072;Totaal mannen en vrouwen;15 tot 20 jaar;Midden- en Zuid-Amerika;Bonaire;2022;53;45;8
9073;Totaal mannen en vrouwen;15 tot 20 jaar;Midden- en Zuid-Amerika;Bonaire;2023;57;65;-8
9074;Totaal mannen en vrouwen;15 tot 20 jaar;Midden- en Zuid-Amerika;Sint Eustatius;2011;6;25;-19
9075;Totaal mannen en vrouwen;15 tot 20 jaar;Midden- en Zuid-Amerika;Sint Eustatius;2012;8;22;-14
9076;Totaal mannen en vrouwen;15 tot 20 jaar;Midden- en Zuid-Amerika;Sint Eustatius;2013;4;32;-28
9077;Totaal mannen en vrouwen;15 tot 20 jaar;Midden- en Zuid-Amerika;Sint Eustatius;2014;8;28;-20
9078;Totaal mannen en vrouwen;15 tot 20 jaar;Midden- en Zuid-Amerika;Sint Eustatius;2015;9;27;-18
9079;Totaal mannen en vrouwen;15 tot 20 jaar;Midden- en Zuid-Amerika;Sint Eustatius;2016;12;12;0
9080;Totaal mannen en vrouwen;15 tot 20 jaar;Midden- en Zuid-Amerika;Sint Eustatius;2017;6;14;-8
9081;Totaal mannen en vrouwen;15 tot 20 jaar;Midden- en Zuid-Amerika;Sint Eustatius;2018;8;43;-35
9082;Totaal mannen en vrouwen;15 tot 20 jaar;Midden- en Zuid-Amerika;Sint Eustatius;2019;7;9;-2
9083;Totaal mannen en vrouwen;15 tot 20 jaar;Midden- en Zuid-Amerika;Sint Eustatius;2020;9;9;0
9084;Totaal mannen en vrouwen;15 tot 20 jaar;Midden- en Zuid-Amerika;Sint Eustatius;2021;11;8;3
9085;Totaal mannen en vrouwen;15 tot 20 jaar;Midden- en Zuid-Amerika;Sint Eustatius;2022;4;19;-15
9086;Totaal mannen en vrouwen;15 tot 20 jaar;Midden- en Zuid-Amerika;Sint Eustatius;2023;6;30;-24
9087;Totaal mannen en vrouwen;15 tot 20 jaar;Midden- en Zuid-Amerika;Saba;2011;2;9;-7
9088;Totaal mannen en vrouwen;15 tot 20 jaar;Midden- en Zuid-Amerika;Saba;2012;6;7;-1
9089;Totaal mannen en vrouwen;15 tot 20 jaar;Midden- en Zuid-Amerika;Saba;2013;5;4;1
9090;Totaal mannen en vrouwen;15 tot 20 jaar;Midden- en Zuid-Amerika;Saba;2014;1;5;-4
9091;Totaal mannen en vrouwen;15 tot 20 jaar;Midden- en Zuid-Amerika;Saba;2015;1;6;-5
9092;Totaal mannen en vrouwen;15 tot 20 jaar;Midden- en Zuid-Amerika;Saba;2016;3;4;-1
9093;Totaal mannen en vrouwen;15 tot 20 jaar;Midden- en Zuid-Amerika;Saba;2017;2;7;-5
9094;Totaal mannen en vrouwen;15 tot 20 jaar;Midden- en Zuid-Amerika;Saba;2018;3;8;-5
9095;Totaal mannen en vrouwen;15 tot 20 jaar;Midden- en Zuid-Amerika;Saba;2019;2;6;-4
9096;Totaal mannen en vrouwen;15 tot 20 jaar;Midden- en Zuid-Amerika;Saba;2020;0;0;0
9097;Totaal mannen en vrouwen;15 tot 20 jaar;Midden- en Zuid-Amerika;Saba;2021;3;4;-1
9098;Totaal mannen en vrouwen;15 tot 20 jaar;Midden- en Zuid-Amerika;Saba;2022;1;7;-6
9099;Totaal mannen en vrouwen;15 tot 20 jaar;Midden- en Zuid-Amerika;Saba;2023;8;4;4
9100;Totaal mannen en vrouwen;15 tot 20 jaar;Noord-Amerika;Caribisch Nederland;2011;3;0;3
9101;Totaal mannen en vrouwen;15 tot 20 jaar;Noord-Amerika;Caribisch Nederland;2012;4;0;4
9102;Totaal mannen en vrouwen;15 tot 20 jaar;Noord-Amerika;Caribisch Nederland;2013;2;3;-1
9103;Totaal mannen en vrouwen;15 tot 20 jaar;Noord-Amerika;Caribisch Nederland;2014;0;4;-4
9104;Totaal mannen en vrouwen;15 tot 20 jaar;Noord-Amerika;Caribisch Nederland;2015;0;5;-5
9105;Totaal mannen en vrouwen;15 tot 20 jaar;Noord-Amerika;Caribisch Nederland;2016;1;1;0
9106;Totaal mannen en vrouwen;15 tot 20 jaar;Noord-Amerika;Caribisch Nederland;2017;1;3;-2
9107;Totaal mannen en vrouwen;15 tot 20 jaar;Noord-Amerika;Caribisch Nederland;2018;0;0;0
9108;Totaal mannen en vrouwen;15 tot 20 jaar;Noord-Amerika;Caribisch Nederland;2019;1;1;0
9109;Totaal mannen en vrouwen;15 tot 20 jaar;Noord-Amerika;Caribisch Nederland;2020;0;0;0
9110;Totaal mannen en vrouwen;15 tot 20 jaar;Noord-Amerika;Caribisch Nederland;2021;1;1;0
9111;Totaal mannen en vrouwen;15 tot 20 jaar;Noord-Amerika;Caribisch Nederland;2022;3;1;2
9112;Totaal mannen en vrouwen;15 tot 20 jaar;Noord-Amerika;Caribisch Nederland;2023;0;2;-2
9113;Totaal mannen en vrouwen;15 tot 20 jaar;Noord-Amerika;Bonaire;2011;3;0;3
9114;Totaal mannen en vrouwen;15 tot 20 jaar;Noord-Amerika;Bonaire;2012;2;0;2
9115;Totaal mannen en vrouwen;15 tot 20 jaar;Noord-Amerika;Bonaire;2013;0;0;0
9116;Totaal mannen en vrouwen;15 tot 20 jaar;Noord-Amerika;Bonaire;2014;0;2;-2
9117;Totaal mannen en vrouwen;15 tot 20 jaar;Noord-Amerika;Bonaire;2015;0;2;-2
9118;Totaal mannen en vrouwen;15 tot 20 jaar;Noord-Amerika;Bonaire;2016;1;1;0
9119;Totaal mannen en vrouwen;15 tot 20 jaar;Noord-Amerika;Bonaire;2017;1;2;-1
9120;Totaal mannen en vrouwen;15 tot 20 jaar;Noord-Amerika;Bonaire;2018;0;0;0
9121;Totaal mannen en vrouwen;15 tot 20 jaar;Noord-Amerika;Bonaire;2019;1;1;0
9122;Totaal mannen en vrouwen;15 tot 20 jaar;Noord-Amerika;Bonaire;2020;0;0;0
9123;Totaal mannen en vrouwen;15 tot 20 jaar;Noord-Amerika;Bonaire;2021;1;1;0
9124;Totaal mannen en vrouwen;15 tot 20 jaar;Noord-Amerika;Bonaire;2022;2;0;2
9125;Totaal mannen en vrouwen;15 tot 20 jaar;Noord-Amerika;Bonaire;2023;0;1;-1
9126;Totaal mannen en vrouwen;15 tot 20 jaar;Noord-Amerika;Sint Eustatius;2011;0;0;0
9127;Totaal mannen en vrouwen;15 tot 20 jaar;Noord-Amerika;Sint Eustatius;2012;2;0;2
9128;Totaal mannen en vrouwen;15 tot 20 jaar;Noord-Amerika;Sint Eustatius;2013;2;3;-1
9129;Totaal mannen en vrouwen;15 tot 20 jaar;Noord-Amerika;Sint Eustatius;2014;0;2;-2
9130;Totaal mannen en vrouwen;15 tot 20 jaar;Noord-Amerika;Sint Eustatius;2015;0;3;-3
9131;Totaal mannen en vrouwen;15 tot 20 jaar;Noord-Amerika;Sint Eustatius;2016;0;0;0
9132;Totaal mannen en vrouwen;15 tot 20 jaar;Noord-Amerika;Sint Eustatius;2017;0;1;-1
9133;Totaal mannen en vrouwen;15 tot 20 jaar;Noord-Amerika;Sint Eustatius;2018;0;0;0
9134;Totaal mannen en vrouwen;15 tot 20 jaar;Noord-Amerika;Sint Eustatius;2019;0;0;0
9135;Totaal mannen en vrouwen;15 tot 20 jaar;Noord-Amerika;Sint Eustatius;2020;0;0;0
9136;Totaal mannen en vrouwen;15 tot 20 jaar;Noord-Amerika;Sint Eustatius;2021;0;0;0
9137;Totaal mannen en vrouwen;15 tot 20 jaar;Noord-Amerika;Sint Eustatius;2022;1;1;0
9138;Totaal mannen en vrouwen;15 tot 20 jaar;Noord-Amerika;Sint Eustatius;2023;0;1;-1
9139;Totaal mannen en vrouwen;15 tot 20 jaar;Noord-Amerika;Saba;2011;0;0;0
9140;Totaal mannen en vrouwen;15 tot 20 jaar;Noord-Amerika;Saba;2012;0;0;0
9141;Totaal mannen en vrouwen;15 tot 20 jaar;Noord-Amerika;Saba;2013;0;0;0
9142;Totaal mannen en vrouwen;15 tot 20 jaar;Noord-Amerika;Saba;2014;0;0;0
9143;Totaal mannen en vrouwen;15 tot 20 jaar;Noord-Amerika;Saba;2015;0;0;0
9144;Totaal mannen en vrouwen;15 tot 20 jaar;Noord-Amerika;Saba;2016;0;0;0
9145;Totaal mannen en vrouwen;15 tot 20 jaar;Noord-Amerika;Saba;2017;0;0;0
9146;Totaal mannen en vrouwen;15 tot 20 jaar;Noord-Amerika;Saba;2018;0;0;0
9147;Totaal mannen en vrouwen;15 tot 20 jaar;Noord-Amerika;Saba;2019;0;0;0
9148;Totaal mannen en vrouwen;15 tot 20 jaar;Noord-Amerika;Saba;2020;0;0;0
9149;Totaal mannen en vrouwen;15 tot 20 jaar;Noord-Amerika;Saba;2021;0;0;0
9150;Totaal mannen en vrouwen;15 tot 20 jaar;Noord-Amerika;Saba;2022;0;0;0
9151;Totaal mannen en vrouwen;15 tot 20 jaar;Noord-Amerika;Saba;2023;0;0;0
9152;Totaal mannen en vrouwen;15 tot 20 jaar;Aruba, Curaçao, Sint Maarten;Caribisch Nederland;2011;19;40;-21
9153;Totaal mannen en vrouwen;15 tot 20 jaar;Aruba, Curaçao, Sint Maarten;Caribisch Nederland;2012;19;45;-26
9154;Totaal mannen en vrouwen;15 tot 20 jaar;Aruba, Curaçao, Sint Maarten;Caribisch Nederland;2013;21;33;-12
9155;Totaal mannen en vrouwen;15 tot 20 jaar;Aruba, Curaçao, Sint Maarten;Caribisch Nederland;2014;21;32;-11
9156;Totaal mannen en vrouwen;15 tot 20 jaar;Aruba, Curaçao, Sint Maarten;Caribisch Nederland;2015;22;43;-21
9157;Totaal mannen en vrouwen;15 tot 20 jaar;Aruba, Curaçao, Sint Maarten;Caribisch Nederland;2016;25;31;-6
9158;Totaal mannen en vrouwen;15 tot 20 jaar;Aruba, Curaçao, Sint Maarten;Caribisch Nederland;2017;22;43;-21
9159;Totaal mannen en vrouwen;15 tot 20 jaar;Aruba, Curaçao, Sint Maarten;Caribisch Nederland;2018;13;48;-35
9160;Totaal mannen en vrouwen;15 tot 20 jaar;Aruba, Curaçao, Sint Maarten;Caribisch Nederland;2019;14;32;-18
9161;Totaal mannen en vrouwen;15 tot 20 jaar;Aruba, Curaçao, Sint Maarten;Caribisch Nederland;2020;23;23;0
9162;Totaal mannen en vrouwen;15 tot 20 jaar;Aruba, Curaçao, Sint Maarten;Caribisch Nederland;2021;21;24;-3
9163;Totaal mannen en vrouwen;15 tot 20 jaar;Aruba, Curaçao, Sint Maarten;Caribisch Nederland;2022;28;29;-1
9164;Totaal mannen en vrouwen;15 tot 20 jaar;Aruba, Curaçao, Sint Maarten;Caribisch Nederland;2023;22;43;-21
9165;Totaal mannen en vrouwen;15 tot 20 jaar;Aruba, Curaçao, Sint Maarten;Bonaire;2011;16;33;-17
9166;Totaal mannen en vrouwen;15 tot 20 jaar;Aruba, Curaçao, Sint Maarten;Bonaire;2012;17;37;-20
9167;Totaal mannen en vrouwen;15 tot 20 jaar;Aruba, Curaçao, Sint Maarten;Bonaire;2013;20;24;-4
9168;Totaal mannen en vrouwen;15 tot 20 jaar;Aruba, Curaçao, Sint Maarten;Bonaire;2014;18;24;-6
9169;Totaal mannen en vrouwen;15 tot 20 jaar;Aruba, Curaçao, Sint Maarten;Bonaire;2015;18;34;-16
9170;Totaal mannen en vrouwen;15 tot 20 jaar;Aruba, Curaçao, Sint Maarten;Bonaire;2016;17;26;-9
9171;Totaal mannen en vrouwen;15 tot 20 jaar;Aruba, Curaçao, Sint Maarten;Bonaire;2017;18;36;-18
9172;Totaal mannen en vrouwen;15 tot 20 jaar;Aruba, Curaçao, Sint Maarten;Bonaire;2018;8;32;-24
9173;Totaal mannen en vrouwen;15 tot 20 jaar;Aruba, Curaçao, Sint Maarten;Bonaire;2019;13;27;-14
9174;Totaal mannen en vrouwen;15 tot 20 jaar;Aruba, Curaçao, Sint Maarten;Bonaire;2020;19;19;0
9175;Totaal mannen en vrouwen;15 tot 20 jaar;Aruba, Curaçao, Sint Maarten;Bonaire;2021;18;21;-3
9176;Totaal mannen en vrouwen;15 tot 20 jaar;Aruba, Curaçao, Sint Maarten;Bonaire;2022;26;18;8
9177;Totaal mannen en vrouwen;15 tot 20 jaar;Aruba, Curaçao, Sint Maarten;Bonaire;2023;18;25;-7
9178;Totaal mannen en vrouwen;15 tot 20 jaar;Aruba, Curaçao, Sint Maarten;Sint Eustatius;2011;2;5;-3
9179;Totaal mannen en vrouwen;15 tot 20 jaar;Aruba, Curaçao, Sint Maarten;Sint Eustatius;2012;2;6;-4
9180;Totaal mannen en vrouwen;15 tot 20 jaar;Aruba, Curaçao, Sint Maarten;Sint Eustatius;2013;1;9;-8
9181;Totaal mannen en vrouwen;15 tot 20 jaar;Aruba, Curaçao, Sint Maarten;Sint Eustatius;2014;2;8;-6
9182;Totaal mannen en vrouwen;15 tot 20 jaar;Aruba, Curaçao, Sint Maarten;Sint Eustatius;2015;3;5;-2
9183;Totaal mannen en vrouwen;15 tot 20 jaar;Aruba, Curaçao, Sint Maarten;Sint Eustatius;2016;6;3;3
9184;Totaal mannen en vrouwen;15 tot 20 jaar;Aruba, Curaçao, Sint Maarten;Sint Eustatius;2017;3;4;-1
9185;Totaal mannen en vrouwen;15 tot 20 jaar;Aruba, Curaçao, Sint Maarten;Sint Eustatius;2018;4;11;-7
9186;Totaal mannen en vrouwen;15 tot 20 jaar;Aruba, Curaçao, Sint Maarten;Sint Eustatius;2019;1;3;-2
9187;Totaal mannen en vrouwen;15 tot 20 jaar;Aruba, Curaçao, Sint Maarten;Sint Eustatius;2020;4;4;0
9188;Totaal mannen en vrouwen;15 tot 20 jaar;Aruba, Curaçao, Sint Maarten;Sint Eustatius;2021;1;2;-1
9189;Totaal mannen en vrouwen;15 tot 20 jaar;Aruba, Curaçao, Sint Maarten;Sint Eustatius;2022;1;7;-6
9190;Totaal mannen en vrouwen;15 tot 20 jaar;Aruba, Curaçao, Sint Maarten;Sint Eustatius;2023;3;15;-12
9191;Totaal mannen en vrouwen;15 tot 20 jaar;Aruba, Curaçao, Sint Maarten;Saba;2011;1;2;-1
9192;Totaal mannen en vrouwen;15 tot 20 jaar;Aruba, Curaçao, Sint Maarten;Saba;2012;0;2;-2
9193;Totaal mannen en vrouwen;15 tot 20 jaar;Aruba, Curaçao, Sint Maarten;Saba;2013;0;0;0
9194;Totaal mannen en vrouwen;15 tot 20 jaar;Aruba, Curaçao, Sint Maarten;Saba;2014;1;0;1
9195;Totaal mannen en vrouwen;15 tot 20 jaar;Aruba, Curaçao, Sint Maarten;Saba;2015;1;4;-3
9196;Totaal mannen en vrouwen;15 tot 20 jaar;Aruba, Curaçao, Sint Maarten;Saba;2016;2;2;0
9197;Totaal mannen en vrouwen;15 tot 20 jaar;Aruba, Curaçao, Sint Maarten;Saba;2017;1;3;-2
9198;Totaal mannen en vrouwen;15 tot 20 jaar;Aruba, Curaçao, Sint Maarten;Saba;2018;1;5;-4
9199;Totaal mannen en vrouwen;15 tot 20 jaar;Aruba, Curaçao, Sint Maarten;Saba;2019;0;2;-2
9200;Totaal mannen en vrouwen;15 tot 20 jaar;Aruba, Curaçao, Sint Maarten;Saba;2020;0;0;0
9201;Totaal mannen en vrouwen;15 tot 20 jaar;Aruba, Curaçao, Sint Maarten;Saba;2021;2;1;1
9202;Totaal mannen en vrouwen;15 tot 20 jaar;Aruba, Curaçao, Sint Maarten;Saba;2022;1;4;-3
9203;Totaal mannen en vrouwen;15 tot 20 jaar;Aruba, Curaçao, Sint Maarten;Saba;2023;1;3;-2
9204;Totaal mannen en vrouwen;15 tot 20 jaar;Caribisch Nederland;Caribisch Nederland;2011;16;60;-44
9205;Totaal mannen en vrouwen;15 tot 20 jaar;Caribisch Nederland;Caribisch Nederland;2012;16;53;-37
9206;Totaal mannen en vrouwen;15 tot 20 jaar;Caribisch Nederland;Caribisch Nederland;2013;16;38;-22
9207;Totaal mannen en vrouwen;15 tot 20 jaar;Caribisch Nederland;Caribisch Nederland;2014;10;34;-24
9208;Totaal mannen en vrouwen;15 tot 20 jaar;Caribisch Nederland;Caribisch Nederland;2015;9;33;-24
9209;Totaal mannen en vrouwen;15 tot 20 jaar;Caribisch Nederland;Caribisch Nederland;2016;11;30;-19
9210;Totaal mannen en vrouwen;15 tot 20 jaar;Caribisch Nederland;Caribisch Nederland;2017;9;27;-18
9211;Totaal mannen en vrouwen;15 tot 20 jaar;Caribisch Nederland;Caribisch Nederland;2018;7;45;-38
9212;Totaal mannen en vrouwen;15 tot 20 jaar;Caribisch Nederland;Caribisch Nederland;2019;7;29;-22
9213;Totaal mannen en vrouwen;15 tot 20 jaar;Caribisch Nederland;Caribisch Nederland;2020;12;29;-17
9214;Totaal mannen en vrouwen;15 tot 20 jaar;Caribisch Nederland;Caribisch Nederland;2021;10;26;-16
9215;Totaal mannen en vrouwen;15 tot 20 jaar;Caribisch Nederland;Caribisch Nederland;2022;6;37;-31
9216;Totaal mannen en vrouwen;15 tot 20 jaar;Caribisch Nederland;Caribisch Nederland;2023;12;44;-32
9217;Totaal mannen en vrouwen;15 tot 20 jaar;Caribisch Nederland;Bonaire;2011;14;43;-29
9218;Totaal mannen en vrouwen;15 tot 20 jaar;Caribisch Nederland;Bonaire;2012;10;35;-25
9219;Totaal mannen en vrouwen;15 tot 20 jaar;Caribisch Nederland;Bonaire;2013;12;20;-8
9220;Totaal mannen en vrouwen;15 tot 20 jaar;Caribisch Nederland;Bonaire;2014;6;18;-12
9221;Totaal mannen en vrouwen;15 tot 20 jaar;Caribisch Nederland;Bonaire;2015;7;16;-9
9222;Totaal mannen en vrouwen;15 tot 20 jaar;Caribisch Nederland;Bonaire;2016;7;24;-17
9223;Totaal mannen en vrouwen;15 tot 20 jaar;Caribisch Nederland;Bonaire;2017;7;18;-11
9224;Totaal mannen en vrouwen;15 tot 20 jaar;Caribisch Nederland;Bonaire;2018;7;18;-11
9225;Totaal mannen en vrouwen;15 tot 20 jaar;Caribisch Nederland;Bonaire;2019;3;22;-19
9226;Totaal mannen en vrouwen;15 tot 20 jaar;Caribisch Nederland;Bonaire;2020;9;24;-15
9227;Totaal mannen en vrouwen;15 tot 20 jaar;Caribisch Nederland;Bonaire;2021;6;19;-13
9228;Totaal mannen en vrouwen;15 tot 20 jaar;Caribisch Nederland;Bonaire;2022;5;25;-20
9229;Totaal mannen en vrouwen;15 tot 20 jaar;Caribisch Nederland;Bonaire;2023;9;34;-25
9230;Totaal mannen en vrouwen;15 tot 20 jaar;Caribisch Nederland;Sint Eustatius;2011;2;15;-13
9231;Totaal mannen en vrouwen;15 tot 20 jaar;Caribisch Nederland;Sint Eustatius;2012;5;14;-9
9232;Totaal mannen en vrouwen;15 tot 20 jaar;Caribisch Nederland;Sint Eustatius;2013;2;17;-15
9233;Totaal mannen en vrouwen;15 tot 20 jaar;Caribisch Nederland;Sint Eustatius;2014;4;13;-9
9234;Totaal mannen en vrouwen;15 tot 20 jaar;Caribisch Nederland;Sint Eustatius;2015;2;16;-14
9235;Totaal mannen en vrouwen;15 tot 20 jaar;Caribisch Nederland;Sint Eustatius;2016;4;5;-1
9236;Totaal mannen en vrouwen;15 tot 20 jaar;Caribisch Nederland;Sint Eustatius;2017;2;8;-6
9237;Totaal mannen en vrouwen;15 tot 20 jaar;Caribisch Nederland;Sint Eustatius;2018;0;25;-25
9238;Totaal mannen en vrouwen;15 tot 20 jaar;Caribisch Nederland;Sint Eustatius;2019;4;5;-1
9239;Totaal mannen en vrouwen;15 tot 20 jaar;Caribisch Nederland;Sint Eustatius;2020;3;5;-2
9240;Totaal mannen en vrouwen;15 tot 20 jaar;Caribisch Nederland;Sint Eustatius;2021;3;5;-2
9241;Totaal mannen en vrouwen;15 tot 20 jaar;Caribisch Nederland;Sint Eustatius;2022;1;10;-9
9242;Totaal mannen en vrouwen;15 tot 20 jaar;Caribisch Nederland;Sint Eustatius;2023;2;9;-7
9243;Totaal mannen en vrouwen;15 tot 20 jaar;Caribisch Nederland;Saba;2011;0;2;-2
9244;Totaal mannen en vrouwen;15 tot 20 jaar;Caribisch Nederland;Saba;2012;1;4;-3
9245;Totaal mannen en vrouwen;15 tot 20 jaar;Caribisch Nederland;Saba;2013;2;1;1
9246;Totaal mannen en vrouwen;15 tot 20 jaar;Caribisch Nederland;Saba;2014;0;3;-3
9247;Totaal mannen en vrouwen;15 tot 20 jaar;Caribisch Nederland;Saba;2015;0;1;-1
9248;Totaal mannen en vrouwen;15 tot 20 jaar;Caribisch Nederland;Saba;2016;0;1;-1
9249;Totaal mannen en vrouwen;15 tot 20 jaar;Caribisch Nederland;Saba;2017;0;1;-1
9250;Totaal mannen en vrouwen;15 tot 20 jaar;Caribisch Nederland;Saba;2018;0;2;-2
9251;Totaal mannen en vrouwen;15 tot 20 jaar;Caribisch Nederland;Saba;2019;0;2;-2
9252;Totaal mannen en vrouwen;15 tot 20 jaar;Caribisch Nederland;Saba;2020;0;0;0
9253;Totaal mannen en vrouwen;15 tot 20 jaar;Caribisch Nederland;Saba;2021;1;2;-1
9254;Totaal mannen en vrouwen;15 tot 20 jaar;Caribisch Nederland;Saba;2022;0;2;-2
9255;Totaal mannen en vrouwen;15 tot 20 jaar;Caribisch Nederland;Saba;2023;1;1;0
9256;Totaal mannen en vrouwen;15 tot 20 jaar;Europese Unie (inclusief Nederland);Caribisch Nederland;2011;20;15;5
9257;Totaal mannen en vrouwen;15 tot 20 jaar;Europese Unie (inclusief Nederland);Caribisch Nederland;2012;17;18;-1
9258;Totaal mannen en vrouwen;15 tot 20 jaar;Europese Unie (inclusief Nederland);Caribisch Nederland;2013;21;25;-4
9259;Totaal mannen en vrouwen;15 tot 20 jaar;Europese Unie (inclusief Nederland);Caribisch Nederland;2014;18;16;2
9260;Totaal mannen en vrouwen;15 tot 20 jaar;Europese Unie (inclusief Nederland);Caribisch Nederland;2015;18;29;-11
9261;Totaal mannen en vrouwen;15 tot 20 jaar;Europese Unie (inclusief Nederland);Caribisch Nederland;2016;19;39;-20
9262;Totaal mannen en vrouwen;15 tot 20 jaar;Europese Unie (inclusief Nederland);Caribisch Nederland;2017;8;35;-27
9263;Totaal mannen en vrouwen;15 tot 20 jaar;Europese Unie (inclusief Nederland);Caribisch Nederland;2018;15;39;-24
9264;Totaal mannen en vrouwen;15 tot 20 jaar;Europese Unie (inclusief Nederland);Caribisch Nederland;2019;24;52;-28
9265;Totaal mannen en vrouwen;15 tot 20 jaar;Europese Unie (inclusief Nederland);Caribisch Nederland;2020;25;29;-4
9266;Totaal mannen en vrouwen;15 tot 20 jaar;Europese Unie (inclusief Nederland);Caribisch Nederland;2021;28;34;-6
9267;Totaal mannen en vrouwen;15 tot 20 jaar;Europese Unie (inclusief Nederland);Caribisch Nederland;2022;29;33;-4
9268;Totaal mannen en vrouwen;15 tot 20 jaar;Europese Unie (inclusief Nederland);Caribisch Nederland;2023;18;36;-18
9269;Totaal mannen en vrouwen;15 tot 20 jaar;Europese Unie (inclusief Nederland);Bonaire;2011;20;13;7
9270;Totaal mannen en vrouwen;15 tot 20 jaar;Europese Unie (inclusief Nederland);Bonaire;2012;17;16;1
9271;Totaal mannen en vrouwen;15 tot 20 jaar;Europese Unie (inclusief Nederland);Bonaire;2013;18;22;-4
9272;Totaal mannen en vrouwen;15 tot 20 jaar;Europese Unie (inclusief Nederland);Bonaire;2014;17;14;3
9273;Totaal mannen en vrouwen;15 tot 20 jaar;Europese Unie (inclusief Nederland);Bonaire;2015;16;25;-9
9274;Totaal mannen en vrouwen;15 tot 20 jaar;Europese Unie (inclusief Nederland);Bonaire;2016;16;35;-19
9275;Totaal mannen en vrouwen;15 tot 20 jaar;Europese Unie (inclusief Nederland);Bonaire;2017;6;27;-21
9276;Totaal mannen en vrouwen;15 tot 20 jaar;Europese Unie (inclusief Nederland);Bonaire;2018;13;34;-21
9277;Totaal mannen en vrouwen;15 tot 20 jaar;Europese Unie (inclusief Nederland);Bonaire;2019;22;40;-18
9278;Totaal mannen en vrouwen;15 tot 20 jaar;Europese Unie (inclusief Nederland);Bonaire;2020;23;24;-1
9279;Totaal mannen en vrouwen;15 tot 20 jaar;Europese Unie (inclusief Nederland);Bonaire;2021;27;29;-2
9280;Totaal mannen en vrouwen;15 tot 20 jaar;Europese Unie (inclusief Nederland);Bonaire;2022;27;26;1
9281;Totaal mannen en vrouwen;15 tot 20 jaar;Europese Unie (inclusief Nederland);Bonaire;2023;17;29;-12
9282;Totaal mannen en vrouwen;15 tot 20 jaar;Europese Unie (inclusief Nederland);Sint Eustatius;2011;0;2;-2
9283;Totaal mannen en vrouwen;15 tot 20 jaar;Europese Unie (inclusief Nederland);Sint Eustatius;2012;0;1;-1
9284;Totaal mannen en vrouwen;15 tot 20 jaar;Europese Unie (inclusief Nederland);Sint Eustatius;2013;2;3;-1
9285;Totaal mannen en vrouwen;15 tot 20 jaar;Europese Unie (inclusief Nederland);Sint Eustatius;2014;1;2;-1
9286;Totaal mannen en vrouwen;15 tot 20 jaar;Europese Unie (inclusief Nederland);Sint Eustatius;2015;0;3;-3
9287;Totaal mannen en vrouwen;15 tot 20 jaar;Europese Unie (inclusief Nederland);Sint Eustatius;2016;2;4;-2
9288;Totaal mannen en vrouwen;15 tot 20 jaar;Europese Unie (inclusief Nederland);Sint Eustatius;2017;0;6;-6
9289;Totaal mannen en vrouwen;15 tot 20 jaar;Europese Unie (inclusief Nederland);Sint Eustatius;2018;2;3;-1
9290;Totaal mannen en vrouwen;15 tot 20 jaar;Europese Unie (inclusief Nederland);Sint Eustatius;2019;2;10;-8
9291;Totaal mannen en vrouwen;15 tot 20 jaar;Europese Unie (inclusief Nederland);Sint Eustatius;2020;2;3;-1
9292;Totaal mannen en vrouwen;15 tot 20 jaar;Europese Unie (inclusief Nederland);Sint Eustatius;2021;1;5;-4
9293;Totaal mannen en vrouwen;15 tot 20 jaar;Europese Unie (inclusief Nederland);Sint Eustatius;2022;2;5;-3
9294;Totaal mannen en vrouwen;15 tot 20 jaar;Europese Unie (inclusief Nederland);Sint Eustatius;2023;1;4;-3
9295;Totaal mannen en vrouwen;15 tot 20 jaar;Europese Unie (inclusief Nederland);Saba;2011;0;0;0
9296;Totaal mannen en vrouwen;15 tot 20 jaar;Europese Unie (inclusief Nederland);Saba;2012;0;1;-1
9297;Totaal mannen en vrouwen;15 tot 20 jaar;Europese Unie (inclusief Nederland);Saba;2013;1;0;1
9298;Totaal mannen en vrouwen;15 tot 20 jaar;Europese Unie (inclusief Nederland);Saba;2014;0;0;0
9299;Totaal mannen en vrouwen;15 tot 20 jaar;Europese Unie (inclusief Nederland);Saba;2015;2;1;1
9300;Totaal mannen en vrouwen;15 tot 20 jaar;Europese Unie (inclusief Nederland);Saba;2016;1;0;1
9301;Totaal mannen en vrouwen;15 tot 20 jaar;Europese Unie (inclusief Nederland);Saba;2017;2;2;0
9302;Totaal mannen en vrouwen;15 tot 20 jaar;Europese Unie (inclusief Nederland);Saba;2018;0;2;-2
9303;Totaal mannen en vrouwen;15 tot 20 jaar;Europese Unie (inclusief Nederland);Saba;2019;0;2;-2
9304;Totaal mannen en vrouwen;15 tot 20 jaar;Europese Unie (inclusief Nederland);Saba;2020;0;2;-2
9305;Totaal mannen en vrouwen;15 tot 20 jaar;Europese Unie (inclusief Nederland);Saba;2021;0;0;0
9306;Totaal mannen en vrouwen;15 tot 20 jaar;Europese Unie (inclusief Nederland);Saba;2022;0;2;-2
9307;Totaal mannen en vrouwen;15 tot 20 jaar;Europese Unie (inclusief Nederland);Saba;2023;0;3;-3
9308;Totaal mannen en vrouwen;15 tot 20 jaar;Europese Unie (exclusief Nederland);Caribisch Nederland;2011;0;1;-1
9309;Totaal mannen en vrouwen;15 tot 20 jaar;Europese Unie (exclusief Nederland);Caribisch Nederland;2012;0;0;0
9310;Totaal mannen en vrouwen;15 tot 20 jaar;Europese Unie (exclusief Nederland);Caribisch Nederland;2013;2;0;2
9311;Totaal mannen en vrouwen;15 tot 20 jaar;Europese Unie (exclusief Nederland);Caribisch Nederland;2014;1;0;1
9312;Totaal mannen en vrouwen;15 tot 20 jaar;Europese Unie (exclusief Nederland);Caribisch Nederland;2015;1;1;0
9313;Totaal mannen en vrouwen;15 tot 20 jaar;Europese Unie (exclusief Nederland);Caribisch Nederland;2016;0;3;-3
9314;Totaal mannen en vrouwen;15 tot 20 jaar;Europese Unie (exclusief Nederland);Caribisch Nederland;2017;1;2;-1
9315;Totaal mannen en vrouwen;15 tot 20 jaar;Europese Unie (exclusief Nederland);Caribisch Nederland;2018;0;2;-2
9316;Totaal mannen en vrouwen;15 tot 20 jaar;Europese Unie (exclusief Nederland);Caribisch Nederland;2019;0;4;-4
9317;Totaal mannen en vrouwen;15 tot 20 jaar;Europese Unie (exclusief Nederland);Caribisch Nederland;2020;1;1;0
9318;Totaal mannen en vrouwen;15 tot 20 jaar;Europese Unie (exclusief Nederland);Caribisch Nederland;2021;0;1;-1
9319;Totaal mannen en vrouwen;15 tot 20 jaar;Europese Unie (exclusief Nederland);Caribisch Nederland;2022;0;1;-1
9320;Totaal mannen en vrouwen;15 tot 20 jaar;Europese Unie (exclusief Nederland);Caribisch Nederland;2023;0;1;-1
9321;Totaal mannen en vrouwen;15 tot 20 jaar;Europese Unie (exclusief Nederland);Bonaire;2011;0;1;-1
9322;Totaal mannen en vrouwen;15 tot 20 jaar;Europese Unie (exclusief Nederland);Bonaire;2012;0;0;0
9323;Totaal mannen en vrouwen;15 tot 20 jaar;Europese Unie (exclusief Nederland);Bonaire;2013;2;0;2
9324;Totaal mannen en vrouwen;15 tot 20 jaar;Europese Unie (exclusief Nederland);Bonaire;2014;1;0;1
9325;Totaal mannen en vrouwen;15 tot 20 jaar;Europese Unie (exclusief Nederland);Bonaire;2015;1;1;0
9326;Totaal mannen en vrouwen;15 tot 20 jaar;Europese Unie (exclusief Nederland);Bonaire;2016;0;3;-3
9327;Totaal mannen en vrouwen;15 tot 20 jaar;Europese Unie (exclusief Nederland);Bonaire;2017;0;2;-2
9328;Totaal mannen en vrouwen;15 tot 20 jaar;Europese Unie (exclusief Nederland);Bonaire;2018;0;1;-1
9329;Totaal mannen en vrouwen;15 tot 20 jaar;Europese Unie (exclusief Nederland);Bonaire;2019;0;2;-2
9330;Totaal mannen en vrouwen;15 tot 20 jaar;Europese Unie (exclusief Nederland);Bonaire;2020;1;0;1
9331;Totaal mannen en vrouwen;15 tot 20 jaar;Europese Unie (exclusief Nederland);Bonaire;2021;0;1;-1
9332;Totaal mannen en vrouwen;15 tot 20 jaar;Europese Unie (exclusief Nederland);Bonaire;2022;0;0;0
9333;Totaal mannen en vrouwen;15 tot 20 jaar;Europese Unie (exclusief Nederland);Bonaire;2023;0;0;0
9334;Totaal mannen en vrouwen;15 tot 20 jaar;Europese Unie (exclusief Nederland);Sint Eustatius;2011;0;0;0
9335;Totaal mannen en vrouwen;15 tot 20 jaar;Europese Unie (exclusief Nederland);Sint Eustatius;2012;0;0;0
9336;Totaal mannen en vrouwen;15 tot 20 jaar;Europese Unie (exclusief Nederland);Sint Eustatius;2013;0;0;0
9337;Totaal mannen en vrouwen;15 tot 20 jaar;Europese Unie (exclusief Nederland);Sint Eustatius;2014;0;0;0
9338;Totaal mannen en vrouwen;15 tot 20 jaar;Europese Unie (exclusief Nederland);Sint Eustatius;2015;0;0;0
9339;Totaal mannen en vrouwen;15 tot 20 jaar;Europese Unie (exclusief Nederland);Sint Eustatius;2016;0;0;0
9340;Totaal mannen en vrouwen;15 tot 20 jaar;Europese Unie (exclusief Nederland);Sint Eustatius;2017;0;0;0
9341;Totaal mannen en vrouwen;15 tot 20 jaar;Europese Unie (exclusief Nederland);Sint Eustatius;2018;0;0;0
9342;Totaal mannen en vrouwen;15 tot 20 jaar;Europese Unie (exclusief Nederland);Sint Eustatius;2019;0;1;-1
9343;Totaal mannen en vrouwen;15 tot 20 jaar;Europese Unie (exclusief Nederland);Sint Eustatius;2020;0;0;0
9344;Totaal mannen en vrouwen;15 tot 20 jaar;Europese Unie (exclusief Nederland);Sint Eustatius;2021;0;0;0
9345;Totaal mannen en vrouwen;15 tot 20 jaar;Europese Unie (exclusief Nederland);Sint Eustatius;2022;0;1;-1
9346;Totaal mannen en vrouwen;15 tot 20 jaar;Europese Unie (exclusief Nederland);Sint Eustatius;2023;0;0;0
9347;Totaal mannen en vrouwen;15 tot 20 jaar;Europese Unie (exclusief Nederland);Saba;2011;0;0;0
9348;Totaal mannen en vrouwen;15 tot 20 jaar;Europese Unie (exclusief Nederland);Saba;2012;0;0;0
9349;Totaal mannen en vrouwen;15 tot 20 jaar;Europese Unie (exclusief Nederland);Saba;2013;0;0;0
9350;Totaal mannen en vrouwen;15 tot 20 jaar;Europese Unie (exclusief Nederland);Saba;2014;0;0;0
9351;Totaal mannen en vrouwen;15 tot 20 jaar;Europese Unie (exclusief Nederland);Saba;2015;0;0;0
9352;Totaal mannen en vrouwen;15 tot 20 jaar;Europese Unie (exclusief Nederland);Saba;2016;0;0;0
9353;Totaal mannen en vrouwen;15 tot 20 jaar;Europese Unie (exclusief Nederland);Saba;2017;1;0;1
9354;Totaal mannen en vrouwen;15 tot 20 jaar;Europese Unie (exclusief Nederland);Saba;2018;0;1;-1
9355;Totaal mannen en vrouwen;15 tot 20 jaar;Europese Unie (exclusief Nederland);Saba;2019;0;1;-1
9356;Totaal mannen en vrouwen;15 tot 20 jaar;Europese Unie (exclusief Nederland);Saba;2020;0;1;-1
9357;Totaal mannen en vrouwen;15 tot 20 jaar;Europese Unie (exclusief Nederland);Saba;2021;0;0;0
9358;Totaal mannen en vrouwen;15 tot 20 jaar;Europese Unie (exclusief Nederland);Saba;2022;0;0;0
9359;Totaal mannen en vrouwen;15 tot 20 jaar;Europese Unie (exclusief Nederland);Saba;2023;0;1;-1
9360;Totaal mannen en vrouwen;15 tot 20 jaar;Midden- en Zuid-Amerika (excl Ned Ca...);Caribisch Nederland;2011;15;19;-4
9361;Totaal mannen en vrouwen;15 tot 20 jaar;Midden- en Zuid-Amerika (excl Ned Ca...);Caribisch Nederland;2012;13;11;2
9362;Totaal mannen en vrouwen;15 tot 20 jaar;Midden- en Zuid-Amerika (excl Ned Ca...);Caribisch Nederland;2013;21;14;7
9363;Totaal mannen en vrouwen;15 tot 20 jaar;Midden- en Zuid-Amerika (excl Ned Ca...);Caribisch Nederland;2014;10;16;-6
9364;Totaal mannen en vrouwen;15 tot 20 jaar;Midden- en Zuid-Amerika (excl Ned Ca...);Caribisch Nederland;2015;16;11;5
9365;Totaal mannen en vrouwen;15 tot 20 jaar;Midden- en Zuid-Amerika (excl Ned Ca...);Caribisch Nederland;2016;13;11;2
9366;Totaal mannen en vrouwen;15 tot 20 jaar;Midden- en Zuid-Amerika (excl Ned Ca...);Caribisch Nederland;2017;17;22;-5
9367;Totaal mannen en vrouwen;15 tot 20 jaar;Midden- en Zuid-Amerika (excl Ned Ca...);Caribisch Nederland;2018;28;16;12
9368;Totaal mannen en vrouwen;15 tot 20 jaar;Midden- en Zuid-Amerika (excl Ned Ca...);Caribisch Nederland;2019;18;13;5
9369;Totaal mannen en vrouwen;15 tot 20 jaar;Midden- en Zuid-Amerika (excl Ned Ca...);Caribisch Nederland;2020;12;5;7
9370;Totaal mannen en vrouwen;15 tot 20 jaar;Midden- en Zuid-Amerika (excl Ned Ca...);Caribisch Nederland;2021;29;7;22
9371;Totaal mannen en vrouwen;15 tot 20 jaar;Midden- en Zuid-Amerika (excl Ned Ca...);Caribisch Nederland;2022;24;5;19
9372;Totaal mannen en vrouwen;15 tot 20 jaar;Midden- en Zuid-Amerika (excl Ned Ca...);Caribisch Nederland;2023;37;12;25
9373;Totaal mannen en vrouwen;15 tot 20 jaar;Midden- en Zuid-Amerika (excl Ned Ca...);Bonaire;2011;12;9;3
9374;Totaal mannen en vrouwen;15 tot 20 jaar;Midden- en Zuid-Amerika (excl Ned Ca...);Bonaire;2012;7;8;-1
9375;Totaal mannen en vrouwen;15 tot 20 jaar;Midden- en Zuid-Amerika (excl Ned Ca...);Bonaire;2013;17;5;12
9376;Totaal mannen en vrouwen;15 tot 20 jaar;Midden- en Zuid-Amerika (excl Ned Ca...);Bonaire;2014;8;7;1
9377;Totaal mannen en vrouwen;15 tot 20 jaar;Midden- en Zuid-Amerika (excl Ned Ca...);Bonaire;2015;12;4;8
9378;Totaal mannen en vrouwen;15 tot 20 jaar;Midden- en Zuid-Amerika (excl Ned Ca...);Bonaire;2016;10;6;4
9379;Totaal mannen en vrouwen;15 tot 20 jaar;Midden- en Zuid-Amerika (excl Ned Ca...);Bonaire;2017;15;17;-2
9380;Totaal mannen en vrouwen;15 tot 20 jaar;Midden- en Zuid-Amerika (excl Ned Ca...);Bonaire;2018;22;8;14
9381;Totaal mannen en vrouwen;15 tot 20 jaar;Midden- en Zuid-Amerika (excl Ned Ca...);Bonaire;2019;14;10;4
9382;Totaal mannen en vrouwen;15 tot 20 jaar;Midden- en Zuid-Amerika (excl Ned Ca...);Bonaire;2020;10;5;5
9383;Totaal mannen en vrouwen;15 tot 20 jaar;Midden- en Zuid-Amerika (excl Ned Ca...);Bonaire;2021;22;5;17
9384;Totaal mannen en vrouwen;15 tot 20 jaar;Midden- en Zuid-Amerika (excl Ned Ca...);Bonaire;2022;22;2;20
9385;Totaal mannen en vrouwen;15 tot 20 jaar;Midden- en Zuid-Amerika (excl Ned Ca...);Bonaire;2023;30;6;24
9386;Totaal mannen en vrouwen;15 tot 20 jaar;Midden- en Zuid-Amerika (excl Ned Ca...);Sint Eustatius;2011;2;5;-3
9387;Totaal mannen en vrouwen;15 tot 20 jaar;Midden- en Zuid-Amerika (excl Ned Ca...);Sint Eustatius;2012;1;2;-1
9388;Totaal mannen en vrouwen;15 tot 20 jaar;Midden- en Zuid-Amerika (excl Ned Ca...);Sint Eustatius;2013;1;6;-5
9389;Totaal mannen en vrouwen;15 tot 20 jaar;Midden- en Zuid-Amerika (excl Ned Ca...);Sint Eustatius;2014;2;7;-5
9390;Totaal mannen en vrouwen;15 tot 20 jaar;Midden- en Zuid-Amerika (excl Ned Ca...);Sint Eustatius;2015;4;6;-2
9391;Totaal mannen en vrouwen;15 tot 20 jaar;Midden- en Zuid-Amerika (excl Ned Ca...);Sint Eustatius;2016;2;4;-2
9392;Totaal mannen en vrouwen;15 tot 20 jaar;Midden- en Zuid-Amerika (excl Ned Ca...);Sint Eustatius;2017;1;2;-1
9393;Totaal mannen en vrouwen;15 tot 20 jaar;Midden- en Zuid-Amerika (excl Ned Ca...);Sint Eustatius;2018;4;7;-3
9394;Totaal mannen en vrouwen;15 tot 20 jaar;Midden- en Zuid-Amerika (excl Ned Ca...);Sint Eustatius;2019;2;1;1
9395;Totaal mannen en vrouwen;15 tot 20 jaar;Midden- en Zuid-Amerika (excl Ned Ca...);Sint Eustatius;2020;2;0;2
9396;Totaal mannen en vrouwen;15 tot 20 jaar;Midden- en Zuid-Amerika (excl Ned Ca...);Sint Eustatius;2021;7;1;6
9397;Totaal mannen en vrouwen;15 tot 20 jaar;Midden- en Zuid-Amerika (excl Ned Ca...);Sint Eustatius;2022;2;2;0
9398;Totaal mannen en vrouwen;15 tot 20 jaar;Midden- en Zuid-Amerika (excl Ned Ca...);Sint Eustatius;2023;1;6;-5
9399;Totaal mannen en vrouwen;15 tot 20 jaar;Midden- en Zuid-Amerika (excl Ned Ca...);Saba;2011;1;5;-4
9400;Totaal mannen en vrouwen;15 tot 20 jaar;Midden- en Zuid-Amerika (excl Ned Ca...);Saba;2012;5;1;4
9401;Totaal mannen en vrouwen;15 tot 20 jaar;Midden- en Zuid-Amerika (excl Ned Ca...);Saba;2013;3;3;0
9402;Totaal mannen en vrouwen;15 tot 20 jaar;Midden- en Zuid-Amerika (excl Ned Ca...);Saba;2014;0;2;-2
9403;Totaal mannen en vrouwen;15 tot 20 jaar;Midden- en Zuid-Amerika (excl Ned Ca...);Saba;2015;0;1;-1
9404;Totaal mannen en vrouwen;15 tot 20 jaar;Midden- en Zuid-Amerika (excl Ned Ca...);Saba;2016;1;1;0
9405;Totaal mannen en vrouwen;15 tot 20 jaar;Midden- en Zuid-Amerika (excl Ned Ca...);Saba;2017;1;3;-2
9406;Totaal mannen en vrouwen;15 tot 20 jaar;Midden- en Zuid-Amerika (excl Ned Ca...);Saba;2018;2;1;1
9407;Totaal mannen en vrouwen;15 tot 20 jaar;Midden- en Zuid-Amerika (excl Ned Ca...);Saba;2019;2;2;0
9408;Totaal mannen en vrouwen;15 tot 20 jaar;Midden- en Zuid-Amerika (excl Ned Ca...);Saba;2020;0;0;0
9409;Totaal mannen en vrouwen;15 tot 20 jaar;Midden- en Zuid-Amerika (excl Ned Ca...);Saba;2021;0;1;-1
9410;Totaal mannen en vrouwen;15 tot 20 jaar;Midden- en Zuid-Amerika (excl Ned Ca...);Saba;2022;0;1;-1
9411;Totaal mannen en vrouwen;15 tot 20 jaar;Midden- en Zuid-Amerika (excl Ned Ca...);Saba;2023;6;0;6
9412;Totaal mannen en vrouwen;15 tot 20 jaar;Aruba;Caribisch Nederland;2011;3;1;2
9413;Totaal mannen en vrouwen;15 tot 20 jaar;Aruba;Caribisch Nederland;2012;2;2;0
9414;Totaal mannen en vrouwen;15 tot 20 jaar;Aruba;Caribisch Nederland;2013;1;0;1
9415;Totaal mannen en vrouwen;15 tot 20 jaar;Aruba;Caribisch Nederland;2014;2;2;0
9416;Totaal mannen en vrouwen;15 tot 20 jaar;Aruba;Caribisch Nederland;2015;0;1;-1
9417;Totaal mannen en vrouwen;15 tot 20 jaar;Aruba;Caribisch Nederland;2016;3;1;2
9418;Totaal mannen en vrouwen;15 tot 20 jaar;Aruba;Caribisch Nederland;2017;3;4;-1
9419;Totaal mannen en vrouwen;15 tot 20 jaar;Aruba;Caribisch Nederland;2018;2;2;0
9420;Totaal mannen en vrouwen;15 tot 20 jaar;Aruba;Caribisch Nederland;2019;0;3;-3
9421;Totaal mannen en vrouwen;15 tot 20 jaar;Aruba;Caribisch Nederland;2020;1;3;-2
9422;Totaal mannen en vrouwen;15 tot 20 jaar;Aruba;Caribisch Nederland;2021;0;0;0
9423;Totaal mannen en vrouwen;15 tot 20 jaar;Aruba;Caribisch Nederland;2022;4;2;2
9424;Totaal mannen en vrouwen;15 tot 20 jaar;Aruba;Caribisch Nederland;2023;5;4;1
9425;Totaal mannen en vrouwen;15 tot 20 jaar;Aruba;Bonaire;2011;3;1;2
9426;Totaal mannen en vrouwen;15 tot 20 jaar;Aruba;Bonaire;2012;2;2;0
9427;Totaal mannen en vrouwen;15 tot 20 jaar;Aruba;Bonaire;2013;1;0;1
9428;Totaal mannen en vrouwen;15 tot 20 jaar;Aruba;Bonaire;2014;2;2;0
9429;Totaal mannen en vrouwen;15 tot 20 jaar;Aruba;Bonaire;2015;0;1;-1
9430;Totaal mannen en vrouwen;15 tot 20 jaar;Aruba;Bonaire;2016;1;1;0
9431;Totaal mannen en vrouwen;15 tot 20 jaar;Aruba;Bonaire;2017;3;4;-1
9432;Totaal mannen en vrouwen;15 tot 20 jaar;Aruba;Bonaire;2018;2;2;0
9433;Totaal mannen en vrouwen;15 tot 20 jaar;Aruba;Bonaire;2019;0;3;-3
9434;Totaal mannen en vrouwen;15 tot 20 jaar;Aruba;Bonaire;2020;1;3;-2
9435;Totaal mannen en vrouwen;15 tot 20 jaar;Aruba;Bonaire;2021;0;0;0
9436;Totaal mannen en vrouwen;15 tot 20 jaar;Aruba;Bonaire;2022;4;2;2
9437;Totaal mannen en vrouwen;15 tot 20 jaar;Aruba;Bonaire;2023;5;4;1
9438;Totaal mannen en vrouwen;15 tot 20 jaar;Aruba;Sint Eustatius;2011;0;0;0
9439;Totaal mannen en vrouwen;15 tot 20 jaar;Aruba;Sint Eustatius;2012;0;0;0
9440;Totaal mannen en vrouwen;15 tot 20 jaar;Aruba;Sint Eustatius;2013;0;0;0
9441;Totaal mannen en vrouwen;15 tot 20 jaar;Aruba;Sint Eustatius;2014;0;0;0
9442;Totaal mannen en vrouwen;15 tot 20 jaar;Aruba;Sint Eustatius;2015;0;0;0
9443;Totaal mannen en vrouwen;15 tot 20 jaar;Aruba;Sint Eustatius;2016;2;0;2
9444;Totaal mannen en vrouwen;15 tot 20 jaar;Aruba;Sint Eustatius;2017;0;0;0
9445;Totaal mannen en vrouwen;15 tot 20 jaar;Aruba;Sint Eustatius;2018;0;0;0
9446;Totaal mannen en vrouwen;15 tot 20 jaar;Aruba;Sint Eustatius;2019;0;0;0
9447;Totaal mannen en vrouwen;15 tot 20 jaar;Aruba;Sint Eustatius;2020;0;0;0
9448;Totaal mannen en vrouwen;15 tot 20 jaar;Aruba;Sint Eustatius;2021;0;0;0
9449;Totaal mannen en vrouwen;15 tot 20 jaar;Aruba;Sint Eustatius;2022;0;0;0
9450;Totaal mannen en vrouwen;15 tot 20 jaar;Aruba;Sint Eustatius;2023;0;0;0
9451;Totaal mannen en vrouwen;15 tot 20 jaar;Aruba;Saba;2011;0;0;0
9452;Totaal mannen en vrouwen;15 tot 20 jaar;Aruba;Saba;2012;0;0;0
9453;Totaal mannen en vrouwen;15 tot 20 jaar;Aruba;Saba;2013;0;0;0
9454;Totaal mannen en vrouwen;15 tot 20 jaar;Aruba;Saba;2014;0;0;0
9455;Totaal mannen en vrouwen;15 tot 20 jaar;Aruba;Saba;2015;0;0;0
9456;Totaal mannen en vrouwen;15 tot 20 jaar;Aruba;Saba;2016;0;0;0
9457;Totaal mannen en vrouwen;15 tot 20 jaar;Aruba;Saba;2017;0;0;0
9458;Totaal mannen en vrouwen;15 tot 20 jaar;Aruba;Saba;2018;0;0;0
9459;Totaal mannen en vrouwen;15 tot 20 jaar;Aruba;Saba;2019;0;0;0
9460;Totaal mannen en vrouwen;15 tot 20 jaar;Aruba;Saba;2020;0;0;0
9461;Totaal mannen en vrouwen;15 tot 20 jaar;Aruba;Saba;2021;0;0;0
9462;Totaal mannen en vrouwen;15 tot 20 jaar;Aruba;Saba;2022;0;0;0
9463;Totaal mannen en vrouwen;15 tot 20 jaar;Aruba;Saba;2023;0;0;0
9464;Totaal mannen en vrouwen;15 tot 20 jaar;Bonaire;Caribisch Nederland;2011;14;43;-29
9465;Totaal mannen en vrouwen;15 tot 20 jaar;Bonaire;Caribisch Nederland;2012;10;35;-25
9466;Totaal mannen en vrouwen;15 tot 20 jaar;Bonaire;Caribisch Nederland;2013;12;20;-8
9467;Totaal mannen en vrouwen;15 tot 20 jaar;Bonaire;Caribisch Nederland;2014;6;19;-13
9468;Totaal mannen en vrouwen;15 tot 20 jaar;Bonaire;Caribisch Nederland;2015;7;16;-9
9469;Totaal mannen en vrouwen;15 tot 20 jaar;Bonaire;Caribisch Nederland;2016;7;24;-17
9470;Totaal mannen en vrouwen;15 tot 20 jaar;Bonaire;Caribisch Nederland;2017;7;18;-11
9471;Totaal mannen en vrouwen;15 tot 20 jaar;Bonaire;Caribisch Nederland;2018;7;18;-11
9472;Totaal mannen en vrouwen;15 tot 20 jaar;Bonaire;Caribisch Nederland;2019;3;22;-19
9473;Totaal mannen en vrouwen;15 tot 20 jaar;Bonaire;Caribisch Nederland;2020;9;24;-15
9474;Totaal mannen en vrouwen;15 tot 20 jaar;Bonaire;Caribisch Nederland;2021;6;19;-13
9475;Totaal mannen en vrouwen;15 tot 20 jaar;Bonaire;Caribisch Nederland;2022;5;25;-20
9476;Totaal mannen en vrouwen;15 tot 20 jaar;Bonaire;Caribisch Nederland;2023;9;34;-25
9477;Totaal mannen en vrouwen;15 tot 20 jaar;Bonaire;Bonaire;2011;14;43;-29
9478;Totaal mannen en vrouwen;15 tot 20 jaar;Bonaire;Bonaire;2012;10;35;-25
9479;Totaal mannen en vrouwen;15 tot 20 jaar;Bonaire;Bonaire;2013;12;20;-8
9480;Totaal mannen en vrouwen;15 tot 20 jaar;Bonaire;Bonaire;2014;6;18;-12
9481;Totaal mannen en vrouwen;15 tot 20 jaar;Bonaire;Bonaire;2015;7;16;-9
9482;Totaal mannen en vrouwen;15 tot 20 jaar;Bonaire;Bonaire;2016;7;24;-17
9483;Totaal mannen en vrouwen;15 tot 20 jaar;Bonaire;Bonaire;2017;7;18;-11
9484;Totaal mannen en vrouwen;15 tot 20 jaar;Bonaire;Bonaire;2018;7;18;-11
9485;Totaal mannen en vrouwen;15 tot 20 jaar;Bonaire;Bonaire;2019;3;22;-19
9486;Totaal mannen en vrouwen;15 tot 20 jaar;Bonaire;Bonaire;2020;9;24;-15
9487;Totaal mannen en vrouwen;15 tot 20 jaar;Bonaire;Bonaire;2021;6;19;-13
9488;Totaal mannen en vrouwen;15 tot 20 jaar;Bonaire;Bonaire;2022;5;25;-20
9489;Totaal mannen en vrouwen;15 tot 20 jaar;Bonaire;Bonaire;2023;9;34;-25
9490;Totaal mannen en vrouwen;15 tot 20 jaar;Bonaire;Sint Eustatius;2011;0;0;0
9491;Totaal mannen en vrouwen;15 tot 20 jaar;Bonaire;Sint Eustatius;2012;0;0;0
9492;Totaal mannen en vrouwen;15 tot 20 jaar;Bonaire;Sint Eustatius;2013;0;0;0
9493;Totaal mannen en vrouwen;15 tot 20 jaar;Bonaire;Sint Eustatius;2014;0;0;0
9494;Totaal mannen en vrouwen;15 tot 20 jaar;Bonaire;Sint Eustatius;2015;0;0;0
9495;Totaal mannen en vrouwen;15 tot 20 jaar;Bonaire;Sint Eustatius;2016;0;0;0
9496;Totaal mannen en vrouwen;15 tot 20 jaar;Bonaire;Sint Eustatius;2017;0;0;0
9497;Totaal mannen en vrouwen;15 tot 20 jaar;Bonaire;Sint Eustatius;2018;0;0;0
9498;Totaal mannen en vrouwen;15 tot 20 jaar;Bonaire;Sint Eustatius;2019;0;0;0
9499;Totaal mannen en vrouwen;15 tot 20 jaar;Bonaire;Sint Eustatius;2020;0;0;0
9500;Totaal mannen en vrouwen;15 tot 20 jaar;Bonaire;Sint Eustatius;2021;0;0;0
9501;Totaal mannen en vrouwen;15 tot 20 jaar;Bonaire;Sint Eustatius;2022;0;0;0
9502;Totaal mannen en vrouwen;15 tot 20 jaar;Bonaire;Sint Eustatius;2023;0;0;0
9503;Totaal mannen en vrouwen;15 tot 20 jaar;Bonaire;Saba;2011;0;0;0
9504;Totaal mannen en vrouwen;15 tot 20 jaar;Bonaire;Saba;2012;0;0;0
9505;Totaal mannen en vrouwen;15 tot 20 jaar;Bonaire;Saba;2013;0;0;0
9506;Totaal mannen en vrouwen;15 tot 20 jaar;Bonaire;Saba;2014;0;1;-1
9507;Totaal mannen en vrouwen;15 tot 20 jaar;Bonaire;Saba;2015;0;0;0
9508;Totaal mannen en vrouwen;15 tot 20 jaar;Bonaire;Saba;2016;0;0;0
9509;Totaal mannen en vrouwen;15 tot 20 jaar;Bonaire;Saba;2017;0;0;0
9510;Totaal mannen en vrouwen;15 tot 20 jaar;Bonaire;Saba;2018;0;0;0
9511;Totaal mannen en vrouwen;15 tot 20 jaar;Bonaire;Saba;2019;0;0;0
9512;Totaal mannen en vrouwen;15 tot 20 jaar;Bonaire;Saba;2020;0;0;0
9513;Totaal mannen en vrouwen;15 tot 20 jaar;Bonaire;Saba;2021;0;0;0
9514;Totaal mannen en vrouwen;15 tot 20 jaar;Bonaire;Saba;2022;0;0;0
9515;Totaal mannen en vrouwen;15 tot 20 jaar;Bonaire;Saba;2023;0;0;0
9516;Totaal mannen en vrouwen;15 tot 20 jaar;Canada;Caribisch Nederland;2011;1;0;1
9517;Totaal mannen en vrouwen;15 tot 20 jaar;Canada;Caribisch Nederland;2012;1;0;1
9518;Totaal mannen en vrouwen;15 tot 20 jaar;Canada;Caribisch Nederland;2013;2;3;-1
9519;Totaal mannen en vrouwen;15 tot 20 jaar;Canada;Caribisch Nederland;2014;0;0;0
9520;Totaal mannen en vrouwen;15 tot 20 jaar;Canada;Caribisch Nederland;2015;0;3;-3
9521;Totaal mannen en vrouwen;15 tot 20 jaar;Canada;Caribisch Nederland;2016;0;0;0
9522;Totaal mannen en vrouwen;15 tot 20 jaar;Canada;Caribisch Nederland;2017;0;0;0
9523;Totaal mannen en vrouwen;15 tot 20 jaar;Canada;Caribisch Nederland;2018;0;0;0
9524;Totaal mannen en vrouwen;15 tot 20 jaar;Canada;Caribisch Nederland;2019;1;0;1
9525;Totaal mannen en vrouwen;15 tot 20 jaar;Canada;Caribisch Nederland;2020;0;0;0
9526;Totaal mannen en vrouwen;15 tot 20 jaar;Canada;Caribisch Nederland;2021;0;1;-1
9527;Totaal mannen en vrouwen;15 tot 20 jaar;Canada;Caribisch Nederland;2022;0;0;0
9528;Totaal mannen en vrouwen;15 tot 20 jaar;Canada;Caribisch Nederland;2023;0;0;0
9529;Totaal mannen en vrouwen;15 tot 20 jaar;Canada;Bonaire;2011;1;0;1
9530;Totaal mannen en vrouwen;15 tot 20 jaar;Canada;Bonaire;2012;0;0;0
9531;Totaal mannen en vrouwen;15 tot 20 jaar;Canada;Bonaire;2013;0;0;0
9532;Totaal mannen en vrouwen;15 tot 20 jaar;Canada;Bonaire;2014;0;0;0
9533;Totaal mannen en vrouwen;15 tot 20 jaar;Canada;Bonaire;2015;0;0;0
9534;Totaal mannen en vrouwen;15 tot 20 jaar;Canada;Bonaire;2016;0;0;0
9535;Totaal mannen en vrouwen;15 tot 20 jaar;Canada;Bonaire;2017;0;0;0
9536;Totaal mannen en vrouwen;15 tot 20 jaar;Canada;Bonaire;2018;0;0;0
9537;Totaal mannen en vrouwen;15 tot 20 jaar;Canada;Bonaire;2019;1;0;1
9538;Totaal mannen en vrouwen;15 tot 20 jaar;Canada;Bonaire;2020;0;0;0
9539;Totaal mannen en vrouwen;15 tot 20 jaar;Canada;Bonaire;2021;0;1;-1
9540;Totaal mannen en vrouwen;15 tot 20 jaar;Canada;Bonaire;2022;0;0;0
9541;Totaal mannen en vrouwen;15 tot 20 jaar;Canada;Bonaire;2023;0;0;0
9542;Totaal mannen en vrouwen;15 tot 20 jaar;Canada;Sint Eustatius;2011;0;0;0
9543;Totaal mannen en vrouwen;15 tot 20 jaar;Canada;Sint Eustatius;2012;1;0;1
9544;Totaal mannen en vrouwen;15 tot 20 jaar;Canada;Sint Eustatius;2013;2;3;-1
9545;Totaal mannen en vrouwen;15 tot 20 jaar;Canada;Sint Eustatius;2014;0;0;0
9546;Totaal mannen en vrouwen;15 tot 20 jaar;Canada;Sint Eustatius;2015;0;3;-3
9547;Totaal mannen en vrouwen;15 tot 20 jaar;Canada;Sint Eustatius;2016;0;0;0
9548;Totaal mannen en vrouwen;15 tot 20 jaar;Canada;Sint Eustatius;2017;0;0;0
9549;Totaal mannen en vrouwen;15 tot 20 jaar;Canada;Sint Eustatius;2018;0;0;0
9550;Totaal mannen en vrouwen;15 tot 20 jaar;Canada;Sint Eustatius;2019;0;0;0
9551;Totaal mannen en vrouwen;15 tot 20 jaar;Canada;Sint Eustatius;2020;0;0;0
9552;Totaal mannen en vrouwen;15 tot 20 jaar;Canada;Sint Eustatius;2021;0;0;0
9553;Totaal mannen en vrouwen;15 tot 20 jaar;Canada;Sint Eustatius;2022;0;0;0
9554;Totaal mannen en vrouwen;15 tot 20 jaar;Canada;Sint Eustatius;2023;0;0;0
9555;Totaal mannen en vrouwen;15 tot 20 jaar;Canada;Saba;2011;0;0;0
9556;Totaal mannen en vrouwen;15 tot 20 jaar;Canada;Saba;2012;0;0;0
9557;Totaal mannen en vrouwen;15 tot 20 jaar;Canada;Saba;2013;0;0;0
9558;Totaal mannen en vrouwen;15 tot 20 jaar;Canada;Saba;2014;0;0;0
9559;Totaal mannen en vrouwen;15 tot 20 jaar;Canada;Saba;2015;0;0;0
9560;Totaal mannen en vrouwen;15 tot 20 jaar;Canada;Saba;2016;0;0;0
9561;Totaal mannen en vrouwen;15 tot 20 jaar;Canada;Saba;2017;0;0;0
9562;Totaal mannen en vrouwen;15 tot 20 jaar;Canada;Saba;2018;0;0;0
9563;Totaal mannen en vrouwen;15 tot 20 jaar;Canada;Saba;2019;0;0;0
9564;Totaal mannen en vrouwen;15 tot 20 jaar;Canada;Saba;2020;0;0;0
9565;Totaal mannen en vrouwen;15 tot 20 jaar;Canada;Saba;2021;0;0;0
9566;Totaal mannen en vrouwen;15 tot 20 jaar;Canada;Saba;2022;0;0;0
9567;Totaal mannen en vrouwen;15 tot 20 jaar;Canada;Saba;2023;0;0;0
9568;Totaal mannen en vrouwen;15 tot 20 jaar;China;Caribisch Nederland;2011;4;0;4
9569;Totaal mannen en vrouwen;15 tot 20 jaar;China;Caribisch Nederland;2012;7;0;7
9570;Totaal mannen en vrouwen;15 tot 20 jaar;China;Caribisch Nederland;2013;6;0;6
9571;Totaal mannen en vrouwen;15 tot 20 jaar;China;Caribisch Nederland;2014;1;0;1
9572;Totaal mannen en vrouwen;15 tot 20 jaar;China;Caribisch Nederland;2015;4;0;4
9573;Totaal mannen en vrouwen;15 tot 20 jaar;China;Caribisch Nederland;2016;3;0;3
9574;Totaal mannen en vrouwen;15 tot 20 jaar;China;Caribisch Nederland;2017;4;0;4
9575;Totaal mannen en vrouwen;15 tot 20 jaar;China;Caribisch Nederland;2018;2;0;2
9576;Totaal mannen en vrouwen;15 tot 20 jaar;China;Caribisch Nederland;2019;0;1;-1
9577;Totaal mannen en vrouwen;15 tot 20 jaar;China;Caribisch Nederland;2020;0;1;-1
9578;Totaal mannen en vrouwen;15 tot 20 jaar;China;Caribisch Nederland;2021;0;0;0
9579;Totaal mannen en vrouwen;15 tot 20 jaar;China;Caribisch Nederland;2022;0;0;0
9580;Totaal mannen en vrouwen;15 tot 20 jaar;China;Caribisch Nederland;2023;1;0;1
9581;Totaal mannen en vrouwen;15 tot 20 jaar;China;Bonaire;2011;4;0;4
9582;Totaal mannen en vrouwen;15 tot 20 jaar;China;Bonaire;2012;7;0;7
9583;Totaal mannen en vrouwen;15 tot 20 jaar;China;Bonaire;2013;5;0;5
9584;Totaal mannen en vrouwen;15 tot 20 jaar;China;Bonaire;2014;1;0;1
9585;Totaal mannen en vrouwen;15 tot 20 jaar;China;Bonaire;2015;4;0;4
9586;Totaal mannen en vrouwen;15 tot 20 jaar;China;Bonaire;2016;3;0;3
9587;Totaal mannen en vrouwen;15 tot 20 jaar;China;Bonaire;2017;4;0;4
9588;Totaal mannen en vrouwen;15 tot 20 jaar;China;Bonaire;2018;1;0;1
9589;Totaal mannen en vrouwen;15 tot 20 jaar;China;Bonaire;2019;0;1;-1
9590;Totaal mannen en vrouwen;15 tot 20 jaar;China;Bonaire;2020;0;1;-1
9591;Totaal mannen en vrouwen;15 tot 20 jaar;China;Bonaire;2021;0;0;0
9592;Totaal mannen en vrouwen;15 tot 20 jaar;China;Bonaire;2022;0;0;0
9593;Totaal mannen en vrouwen;15 tot 20 jaar;China;Bonaire;2023;1;0;1
9594;Totaal mannen en vrouwen;15 tot 20 jaar;China;Sint Eustatius;2011;0;0;0
9595;Totaal mannen en vrouwen;15 tot 20 jaar;China;Sint Eustatius;2012;0;0;0
9596;Totaal mannen en vrouwen;15 tot 20 jaar;China;Sint Eustatius;2013;1;0;1
9597;Totaal mannen en vrouwen;15 tot 20 jaar;China;Sint Eustatius;2014;0;0;0
9598;Totaal mannen en vrouwen;15 tot 20 jaar;China;Sint Eustatius;2015;0;0;0
9599;Totaal mannen en vrouwen;15 tot 20 jaar;China;Sint Eustatius;2016;0;0;0
9600;Totaal mannen en vrouwen;15 tot 20 jaar;China;Sint Eustatius;2017;0;0;0
9601;Totaal mannen en vrouwen;15 tot 20 jaar;China;Sint Eustatius;2018;1;0;1
9602;Totaal mannen en vrouwen;15 tot 20 jaar;China;Sint Eustatius;2019;0;0;0
9603;Totaal mannen en vrouwen;15 tot 20 jaar;China;Sint Eustatius;2020;0;0;0
9604;Totaal mannen en vrouwen;15 tot 20 jaar;China;Sint Eustatius;2021;0;0;0
9605;Totaal mannen en vrouwen;15 tot 20 jaar;China;Sint Eustatius;2022;0;0;0
9606;Totaal mannen en vrouwen;15 tot 20 jaar;China;Sint Eustatius;2023;0;0;0
9607;Totaal mannen en vrouwen;15 tot 20 jaar;China;Saba;2011;0;0;0
9608;Totaal mannen en vrouwen;15 tot 20 jaar;China;Saba;2012;0;0;0
9609;Totaal mannen en vrouwen;15 tot 20 jaar;China;Saba;2013;0;0;0
9610;Totaal mannen en vrouwen;15 tot 20 jaar;China;Saba;2014;0;0;0
9611;Totaal mannen en vrouwen;15 tot 20 jaar;China;Saba;2015;0;0;0
9612;Totaal mannen en vrouwen;15 tot 20 jaar;China;Saba;2016;0;0;0
9613;Totaal mannen en vrouwen;15 tot 20 jaar;China;Saba;2017;0;0;0
9614;Totaal mannen en vrouwen;15 tot 20 jaar;China;Saba;2018;0;0;0
9615;Totaal mannen en vrouwen;15 tot 20 jaar;China;Saba;2019;0;0;0
9616;Totaal mannen en vrouwen;15 tot 20 jaar;China;Saba;2020;0;0;0
9617;Totaal mannen en vrouwen;15 tot 20 jaar;China;Saba;2021;0;0;0
9618;Totaal mannen en vrouwen;15 tot 20 jaar;China;Saba;2022;0;0;0
9619;Totaal mannen en vrouwen;15 tot 20 jaar;China;Saba;2023;0;0;0
9620;Totaal mannen en vrouwen;15 tot 20 jaar;Colombia;Caribisch Nederland;2011;3;4;-1
9621;Totaal mannen en vrouwen;15 tot 20 jaar;Colombia;Caribisch Nederland;2012;1;1;0
9622;Totaal mannen en vrouwen;15 tot 20 jaar;Colombia;Caribisch Nederland;2013;7;1;6
9623;Totaal mannen en vrouwen;15 tot 20 jaar;Colombia;Caribisch Nederland;2014;4;2;2
9624;Totaal mannen en vrouwen;15 tot 20 jaar;Colombia;Caribisch Nederland;2015;1;1;0
9625;Totaal mannen en vrouwen;15 tot 20 jaar;Colombia;Caribisch Nederland;2016;1;0;1
9626;Totaal mannen en vrouwen;15 tot 20 jaar;Colombia;Caribisch Nederland;2017;1;7;-6
9627;Totaal mannen en vrouwen;15 tot 20 jaar;Colombia;Caribisch Nederland;2018;6;0;6
9628;Totaal mannen en vrouwen;15 tot 20 jaar;Colombia;Caribisch Nederland;2019;3;3;0
9629;Totaal mannen en vrouwen;15 tot 20 jaar;Colombia;Caribisch Nederland;2020;1;0;1
9630;Totaal mannen en vrouwen;15 tot 20 jaar;Colombia;Caribisch Nederland;2021;2;0;2
9631;Totaal mannen en vrouwen;15 tot 20 jaar;Colombia;Caribisch Nederland;2022;0;0;0
9632;Totaal mannen en vrouwen;15 tot 20 jaar;Colombia;Caribisch Nederland;2023;3;1;2
9633;Totaal mannen en vrouwen;15 tot 20 jaar;Colombia;Bonaire;2011;2;2;0
9634;Totaal mannen en vrouwen;15 tot 20 jaar;Colombia;Bonaire;2012;0;1;-1
9635;Totaal mannen en vrouwen;15 tot 20 jaar;Colombia;Bonaire;2013;7;1;6
9636;Totaal mannen en vrouwen;15 tot 20 jaar;Colombia;Bonaire;2014;4;2;2
9637;Totaal mannen en vrouwen;15 tot 20 jaar;Colombia;Bonaire;2015;1;1;0
9638;Totaal mannen en vrouwen;15 tot 20 jaar;Colombia;Bonaire;2016;1;0;1
9639;Totaal mannen en vrouwen;15 tot 20 jaar;Colombia;Bonaire;2017;1;7;-6
9640;Totaal mannen en vrouwen;15 tot 20 jaar;Colombia;Bonaire;2018;6;0;6
9641;Totaal mannen en vrouwen;15 tot 20 jaar;Colombia;Bonaire;2019;2;3;-1
9642;Totaal mannen en vrouwen;15 tot 20 jaar;Colombia;Bonaire;2020;1;0;1
9643;Totaal mannen en vrouwen;15 tot 20 jaar;Colombia;Bonaire;2021;2;0;2
9644;Totaal mannen en vrouwen;15 tot 20 jaar;Colombia;Bonaire;2022;0;0;0
9645;Totaal mannen en vrouwen;15 tot 20 jaar;Colombia;Bonaire;2023;3;1;2
9646;Totaal mannen en vrouwen;15 tot 20 jaar;Colombia;Sint Eustatius;2011;0;0;0
9647;Totaal mannen en vrouwen;15 tot 20 jaar;Colombia;Sint Eustatius;2012;0;0;0
9648;Totaal mannen en vrouwen;15 tot 20 jaar;Colombia;Sint Eustatius;2013;0;0;0
9649;Totaal mannen en vrouwen;15 tot 20 jaar;Colombia;Sint Eustatius;2014;0;0;0
9650;Totaal mannen en vrouwen;15 tot 20 jaar;Colombia;Sint Eustatius;2015;0;0;0
9651;Totaal mannen en vrouwen;15 tot 20 jaar;Colombia;Sint Eustatius;2016;0;0;0
9652;Totaal mannen en vrouwen;15 tot 20 jaar;Colombia;Sint Eustatius;2017;0;0;0
9653;Totaal mannen en vrouwen;15 tot 20 jaar;Colombia;Sint Eustatius;2018;0;0;0
9654;Totaal mannen en vrouwen;15 tot 20 jaar;Colombia;Sint Eustatius;2019;1;0;1
9655;Totaal mannen en vrouwen;15 tot 20 jaar;Colombia;Sint Eustatius;2020;0;0;0
9656;Totaal mannen en vrouwen;15 tot 20 jaar;Colombia;Sint Eustatius;2021;0;0;0
9657;Totaal mannen en vrouwen;15 tot 20 jaar;Colombia;Sint Eustatius;2022;0;0;0
9658;Totaal mannen en vrouwen;15 tot 20 jaar;Colombia;Sint Eustatius;2023;0;0;0
9659;Totaal mannen en vrouwen;15 tot 20 jaar;Colombia;Saba;2011;1;2;-1
9660;Totaal mannen en vrouwen;15 tot 20 jaar;Colombia;Saba;2012;1;0;1
9661;Totaal mannen en vrouwen;15 tot 20 jaar;Colombia;Saba;2013;0;0;0
9662;Totaal mannen en vrouwen;15 tot 20 jaar;Colombia;Saba;2014;0;0;0
9663;Totaal mannen en vrouwen;15 tot 20 jaar;Colombia;Saba;2015;0;0;0
9664;Totaal mannen en vrouwen;15 tot 20 jaar;Colombia;Saba;2016;0;0;0
9665;Totaal mannen en vrouwen;15 tot 20 jaar;Colombia;Saba;2017;0;0;0
9666;Totaal mannen en vrouwen;15 tot 20 jaar;Colombia;Saba;2018;0;0;0
9667;Totaal mannen en vrouwen;15 tot 20 jaar;Colombia;Saba;2019;0;0;0
9668;Totaal mannen en vrouwen;15 tot 20 jaar;Colombia;Saba;2020;0;0;0
9669;Totaal mannen en vrouwen;15 tot 20 jaar;Colombia;Saba;2021;0;0;0
9670;Totaal mannen en vrouwen;15 tot 20 jaar;Colombia;Saba;2022;0;0;0
9671;Totaal mannen en vrouwen;15 tot 20 jaar;Colombia;Saba;2023;0;0;0
9672;Totaal mannen en vrouwen;15 tot 20 jaar;Curaçao;Caribisch Nederland;2011;14;32;-18
9673;Totaal mannen en vrouwen;15 tot 20 jaar;Curaçao;Caribisch Nederland;2012;14;38;-24
9674;Totaal mannen en vrouwen;15 tot 20 jaar;Curaçao;Caribisch Nederland;2013;19;26;-7
9675;Totaal mannen en vrouwen;15 tot 20 jaar;Curaçao;Caribisch Nederland;2014;16;23;-7
9676;Totaal mannen en vrouwen;15 tot 20 jaar;Curaçao;Caribisch Nederland;2015;18;32;-14
9677;Totaal mannen en vrouwen;15 tot 20 jaar;Curaçao;Caribisch Nederland;2016;16;24;-8
9678;Totaal mannen en vrouwen;15 tot 20 jaar;Curaçao;Caribisch Nederland;2017;15;33;-18
9679;Totaal mannen en vrouwen;15 tot 20 jaar;Curaçao;Caribisch Nederland;2018;6;32;-26
9680;Totaal mannen en vrouwen;15 tot 20 jaar;Curaçao;Caribisch Nederland;2019;12;24;-12
9681;Totaal mannen en vrouwen;15 tot 20 jaar;Curaçao;Caribisch Nederland;2020;19;16;3
9682;Totaal mannen en vrouwen;15 tot 20 jaar;Curaçao;Caribisch Nederland;2021;18;21;-3
9683;Totaal mannen en vrouwen;15 tot 20 jaar;Curaçao;Caribisch Nederland;2022;22;17;5
9684;Totaal mannen en vrouwen;15 tot 20 jaar;Curaçao;Caribisch Nederland;2023;13;22;-9
9685;Totaal mannen en vrouwen;15 tot 20 jaar;Curaçao;Bonaire;2011;13;30;-17
9686;Totaal mannen en vrouwen;15 tot 20 jaar;Curaçao;Bonaire;2012;14;35;-21
9687;Totaal mannen en vrouwen;15 tot 20 jaar;Curaçao;Bonaire;2013;19;24;-5
9688;Totaal mannen en vrouwen;15 tot 20 jaar;Curaçao;Bonaire;2014;15;22;-7
9689;Totaal mannen en vrouwen;15 tot 20 jaar;Curaçao;Bonaire;2015;18;31;-13
9690;Totaal mannen en vrouwen;15 tot 20 jaar;Curaçao;Bonaire;2016;15;23;-8
9691;Totaal mannen en vrouwen;15 tot 20 jaar;Curaçao;Bonaire;2017;15;32;-17
9692;Totaal mannen en vrouwen;15 tot 20 jaar;Curaçao;Bonaire;2018;6;30;-24
9693;Totaal mannen en vrouwen;15 tot 20 jaar;Curaçao;Bonaire;2019;12;24;-12
9694;Totaal mannen en vrouwen;15 tot 20 jaar;Curaçao;Bonaire;2020;18;15;3
9695;Totaal mannen en vrouwen;15 tot 20 jaar;Curaçao;Bonaire;2021;17;21;-4
9696;Totaal mannen en vrouwen;15 tot 20 jaar;Curaçao;Bonaire;2022;22;16;6
9697;Totaal mannen en vrouwen;15 tot 20 jaar;Curaçao;Bonaire;2023;13;19;-6
9698;Totaal mannen en vrouwen;15 tot 20 jaar;Curaçao;Sint Eustatius;2011;1;1;0
9699;Totaal mannen en vrouwen;15 tot 20 jaar;Curaçao;Sint Eustatius;2012;0;3;-3
9700;Totaal mannen en vrouwen;15 tot 20 jaar;Curaçao;Sint Eustatius;2013;0;2;-2
9701;Totaal mannen en vrouwen;15 tot 20 jaar;Curaçao;Sint Eustatius;2014;1;1;0
9702;Totaal mannen en vrouwen;15 tot 20 jaar;Curaçao;Sint Eustatius;2015;0;0;0
9703;Totaal mannen en vrouwen;15 tot 20 jaar;Curaçao;Sint Eustatius;2016;1;1;0
9704;Totaal mannen en vrouwen;15 tot 20 jaar;Curaçao;Sint Eustatius;2017;0;1;-1
9705;Totaal mannen en vrouwen;15 tot 20 jaar;Curaçao;Sint Eustatius;2018;0;2;-2
9706;Totaal mannen en vrouwen;15 tot 20 jaar;Curaçao;Sint Eustatius;2019;0;0;0
9707;Totaal mannen en vrouwen;15 tot 20 jaar;Curaçao;Sint Eustatius;2020;1;1;0
9708;Totaal mannen en vrouwen;15 tot 20 jaar;Curaçao;Sint Eustatius;2021;0;0;0
9709;Totaal mannen en vrouwen;15 tot 20 jaar;Curaçao;Sint Eustatius;2022;0;1;-1
9710;Totaal mannen en vrouwen;15 tot 20 jaar;Curaçao;Sint Eustatius;2023;0;3;-3
9711;Totaal mannen en vrouwen;15 tot 20 jaar;Curaçao;Saba;2011;0;1;-1
9712;Totaal mannen en vrouwen;15 tot 20 jaar;Curaçao;Saba;2012;0;0;0
9713;Totaal mannen en vrouwen;15 tot 20 jaar;Curaçao;Saba;2013;0;0;0
9714;Totaal mannen en vrouwen;15 tot 20 jaar;Curaçao;Saba;2014;0;0;0
9715;Totaal mannen en vrouwen;15 tot 20 jaar;Curaçao;Saba;2015;0;1;-1
9716;Totaal mannen en vrouwen;15 tot 20 jaar;Curaçao;Saba;2016;0;0;0
9717;Totaal mannen en vrouwen;15 tot 20 jaar;Curaçao;Saba;2017;0;0;0
9718;Totaal mannen en vrouwen;15 tot 20 jaar;Curaçao;Saba;2018;0;0;0
9719;Totaal mannen en vrouwen;15 tot 20 jaar;Curaçao;Saba;2019;0;0;0
9720;Totaal mannen en vrouwen;15 tot 20 jaar;Curaçao;Saba;2020;0;0;0
9721;Totaal mannen en vrouwen;15 tot 20 jaar;Curaçao;Saba;2021;1;0;1
9722;Totaal mannen en vrouwen;15 tot 20 jaar;Curaçao;Saba;2022;0;0;0
9723;Totaal mannen en vrouwen;15 tot 20 jaar;Curaçao;Saba;2023;0;0;0
9724;Totaal mannen en vrouwen;15 tot 20 jaar;Dominicaanse Republiek;Caribisch Nederland;2011;6;4;2
9725;Totaal mannen en vrouwen;15 tot 20 jaar;Dominicaanse Republiek;Caribisch Nederland;2012;4;2;2
9726;Totaal mannen en vrouwen;15 tot 20 jaar;Dominicaanse Republiek;Caribisch Nederland;2013;6;5;1
9727;Totaal mannen en vrouwen;15 tot 20 jaar;Dominicaanse Republiek;Caribisch Nederland;2014;2;4;-2
9728;Totaal mannen en vrouwen;15 tot 20 jaar;Dominicaanse Republiek;Caribisch Nederland;2015;5;4;1
9729;Totaal mannen en vrouwen;15 tot 20 jaar;Dominicaanse Republiek;Caribisch Nederland;2016;9;4;5
9730;Totaal mannen en vrouwen;15 tot 20 jaar;Dominicaanse Republiek;Caribisch Nederland;2017;6;4;2
9731;Totaal mannen en vrouwen;15 tot 20 jaar;Dominicaanse Republiek;Caribisch Nederland;2018;12;5;7
9732;Totaal mannen en vrouwen;15 tot 20 jaar;Dominicaanse Republiek;Caribisch Nederland;2019;8;5;3
9733;Totaal mannen en vrouwen;15 tot 20 jaar;Dominicaanse Republiek;Caribisch Nederland;2020;4;0;4
9734;Totaal mannen en vrouwen;15 tot 20 jaar;Dominicaanse Republiek;Caribisch Nederland;2021;8;4;4
9735;Totaal mannen en vrouwen;15 tot 20 jaar;Dominicaanse Republiek;Caribisch Nederland;2022;5;0;5
9736;Totaal mannen en vrouwen;15 tot 20 jaar;Dominicaanse Republiek;Caribisch Nederland;2023;16;4;12
9737;Totaal mannen en vrouwen;15 tot 20 jaar;Dominicaanse Republiek;Bonaire;2011;6;2;4
9738;Totaal mannen en vrouwen;15 tot 20 jaar;Dominicaanse Republiek;Bonaire;2012;2;1;1
9739;Totaal mannen en vrouwen;15 tot 20 jaar;Dominicaanse Republiek;Bonaire;2013;4;2;2
9740;Totaal mannen en vrouwen;15 tot 20 jaar;Dominicaanse Republiek;Bonaire;2014;2;1;1
9741;Totaal mannen en vrouwen;15 tot 20 jaar;Dominicaanse Republiek;Bonaire;2015;4;1;3
9742;Totaal mannen en vrouwen;15 tot 20 jaar;Dominicaanse Republiek;Bonaire;2016;8;2;6
9743;Totaal mannen en vrouwen;15 tot 20 jaar;Dominicaanse Republiek;Bonaire;2017;6;2;4
9744;Totaal mannen en vrouwen;15 tot 20 jaar;Dominicaanse Republiek;Bonaire;2018;7;2;5
9745;Totaal mannen en vrouwen;15 tot 20 jaar;Dominicaanse Republiek;Bonaire;2019;7;2;5
9746;Totaal mannen en vrouwen;15 tot 20 jaar;Dominicaanse Republiek;Bonaire;2020;3;0;3
9747;Totaal mannen en vrouwen;15 tot 20 jaar;Dominicaanse Republiek;Bonaire;2021;6;3;3
9748;Totaal mannen en vrouwen;15 tot 20 jaar;Dominicaanse Republiek;Bonaire;2022;4;0;4
9749;Totaal mannen en vrouwen;15 tot 20 jaar;Dominicaanse Republiek;Bonaire;2023;13;2;11
9750;Totaal mannen en vrouwen;15 tot 20 jaar;Dominicaanse Republiek;Sint Eustatius;2011;0;0;0
9751;Totaal mannen en vrouwen;15 tot 20 jaar;Dominicaanse Republiek;Sint Eustatius;2012;0;1;-1
9752;Totaal mannen en vrouwen;15 tot 20 jaar;Dominicaanse Republiek;Sint Eustatius;2013;1;2;-1
9753;Totaal mannen en vrouwen;15 tot 20 jaar;Dominicaanse Republiek;Sint Eustatius;2014;0;2;-2
9754;Totaal mannen en vrouwen;15 tot 20 jaar;Dominicaanse Republiek;Sint Eustatius;2015;1;2;-1
9755;Totaal mannen en vrouwen;15 tot 20 jaar;Dominicaanse Republiek;Sint Eustatius;2016;1;2;-1
9756;Totaal mannen en vrouwen;15 tot 20 jaar;Dominicaanse Republiek;Sint Eustatius;2017;0;0;0
9757;Totaal mannen en vrouwen;15 tot 20 jaar;Dominicaanse Republiek;Sint Eustatius;2018;3;3;0
9758;Totaal mannen en vrouwen;15 tot 20 jaar;Dominicaanse Republiek;Sint Eustatius;2019;1;1;0
9759;Totaal mannen en vrouwen;15 tot 20 jaar;Dominicaanse Republiek;Sint Eustatius;2020;1;0;1
9760;Totaal mannen en vrouwen;15 tot 20 jaar;Dominicaanse Republiek;Sint Eustatius;2021;2;1;1
9761;Totaal mannen en vrouwen;15 tot 20 jaar;Dominicaanse Republiek;Sint Eustatius;2022;1;0;1
9762;Totaal mannen en vrouwen;15 tot 20 jaar;Dominicaanse Republiek;Sint Eustatius;2023;0;2;-2
9763;Totaal mannen en vrouwen;15 tot 20 jaar;Dominicaanse Republiek;Saba;2011;0;2;-2
9764;Totaal mannen en vrouwen;15 tot 20 jaar;Dominicaanse Republiek;Saba;2012;2;0;2
9765;Totaal mannen en vrouwen;15 tot 20 jaar;Dominicaanse Republiek;Saba;2013;1;1;0
9766;Totaal mannen en vrouwen;15 tot 20 jaar;Dominicaanse Republiek;Saba;2014;0;1;-1
9767;Totaal mannen en vrouwen;15 tot 20 jaar;Dominicaanse Republiek;Saba;2015;0;1;-1
9768;Totaal mannen en vrouwen;15 tot 20 jaar;Dominicaanse Republiek;Saba;2016;0;0;0
9769;Totaal mannen en vrouwen;15 tot 20 jaar;Dominicaanse Republiek;Saba;2017;0;2;-2
9770;Totaal mannen en vrouwen;15 tot 20 jaar;Dominicaanse Republiek;Saba;2018;2;0;2
9771;Totaal mannen en vrouwen;15 tot 20 jaar;Dominicaanse Republiek;Saba;2019;0;2;-2
9772;Totaal mannen en vrouwen;15 tot 20 jaar;Dominicaanse Republiek;Saba;2020;0;0;0
9773;Totaal mannen en vrouwen;15 tot 20 jaar;Dominicaanse Republiek;Saba;2021;0;0;0
9774;Totaal mannen en vrouwen;15 tot 20 jaar;Dominicaanse Republiek;Saba;2022;0;0;0
9775;Totaal mannen en vrouwen;15 tot 20 jaar;Dominicaanse Republiek;Saba;2023;3;0;3
9776;Totaal mannen en vrouwen;15 tot 20 jaar;Ecuador;Caribisch Nederland;2011;0;0;0
9777;Totaal mannen en vrouwen;15 tot 20 jaar;Ecuador;Caribisch Nederland;2012;1;0;1
9778;Totaal mannen en vrouwen;15 tot 20 jaar;Ecuador;Caribisch Nederland;2013;3;0;3
9779;Totaal mannen en vrouwen;15 tot 20 jaar;Ecuador;Caribisch Nederland;2014;0;0;0
9780;Totaal mannen en vrouwen;15 tot 20 jaar;Ecuador;Caribisch Nederland;2015;0;0;0
9781;Totaal mannen en vrouwen;15 tot 20 jaar;Ecuador;Caribisch Nederland;2016;0;0;0
9782;Totaal mannen en vrouwen;15 tot 20 jaar;Ecuador;Caribisch Nederland;2017;0;0;0
9783;Totaal mannen en vrouwen;15 tot 20 jaar;Ecuador;Caribisch Nederland;2018;0;0;0
9784;Totaal mannen en vrouwen;15 tot 20 jaar;Ecuador;Caribisch Nederland;2019;1;0;1
9785;Totaal mannen en vrouwen;15 tot 20 jaar;Ecuador;Caribisch Nederland;2020;0;0;0
9786;Totaal mannen en vrouwen;15 tot 20 jaar;Ecuador;Caribisch Nederland;2021;0;0;0
9787;Totaal mannen en vrouwen;15 tot 20 jaar;Ecuador;Caribisch Nederland;2022;0;0;0
9788;Totaal mannen en vrouwen;15 tot 20 jaar;Ecuador;Caribisch Nederland;2023;1;0;1
9789;Totaal mannen en vrouwen;15 tot 20 jaar;Ecuador;Bonaire;2011;0;0;0
9790;Totaal mannen en vrouwen;15 tot 20 jaar;Ecuador;Bonaire;2012;1;0;1
9791;Totaal mannen en vrouwen;15 tot 20 jaar;Ecuador;Bonaire;2013;3;0;3
9792;Totaal mannen en vrouwen;15 tot 20 jaar;Ecuador;Bonaire;2014;0;0;0
9793;Totaal mannen en vrouwen;15 tot 20 jaar;Ecuador;Bonaire;2015;0;0;0
9794;Totaal mannen en vrouwen;15 tot 20 jaar;Ecuador;Bonaire;2016;0;0;0
9795;Totaal mannen en vrouwen;15 tot 20 jaar;Ecuador;Bonaire;2017;0;0;0
9796;Totaal mannen en vrouwen;15 tot 20 jaar;Ecuador;Bonaire;2018;0;0;0
9797;Totaal mannen en vrouwen;15 tot 20 jaar;Ecuador;Bonaire;2019;1;0;1
9798;Totaal mannen en vrouwen;15 tot 20 jaar;Ecuador;Bonaire;2020;0;0;0
9799;Totaal mannen en vrouwen;15 tot 20 jaar;Ecuador;Bonaire;2021;0;0;0
9800;Totaal mannen en vrouwen;15 tot 20 jaar;Ecuador;Bonaire;2022;0;0;0
9801;Totaal mannen en vrouwen;15 tot 20 jaar;Ecuador;Bonaire;2023;1;0;1
9802;Totaal mannen en vrouwen;15 tot 20 jaar;Ecuador;Sint Eustatius;2011;0;0;0
9803;Totaal mannen en vrouwen;15 tot 20 jaar;Ecuador;Sint Eustatius;2012;0;0;0
9804;Totaal mannen en vrouwen;15 tot 20 jaar;Ecuador;Sint Eustatius;2013;0;0;0
9805;Totaal mannen en vrouwen;15 tot 20 jaar;Ecuador;Sint Eustatius;2014;0;0;0
9806;Totaal mannen en vrouwen;15 tot 20 jaar;Ecuador;Sint Eustatius;2015;0;0;0
9807;Totaal mannen en vrouwen;15 tot 20 jaar;Ecuador;Sint Eustatius;2016;0;0;0
9808;Totaal mannen en vrouwen;15 tot 20 jaar;Ecuador;Sint Eustatius;2017;0;0;0
9809;Totaal mannen en vrouwen;15 tot 20 jaar;Ecuador;Sint Eustatius;2018;0;0;0
9810;Totaal mannen en vrouwen;15 tot 20 jaar;Ecuador;Sint Eustatius;2019;0;0;0
9811;Totaal mannen en vrouwen;15 tot 20 jaar;Ecuador;Sint Eustatius;2020;0;0;0
9812;Totaal mannen en vrouwen;15 tot 20 jaar;Ecuador;Sint Eustatius;2021;0;0;0
9813;Totaal mannen en vrouwen;15 tot 20 jaar;Ecuador;Sint Eustatius;2022;0;0;0
9814;Totaal mannen en vrouwen;15 tot 20 jaar;Ecuador;Sint Eustatius;2023;0;0;0
9815;Totaal mannen en vrouwen;15 tot 20 jaar;Ecuador;Saba;2011;0;0;0
9816;Totaal mannen en vrouwen;15 tot 20 jaar;Ecuador;Saba;2012;0;0;0
9817;Totaal mannen en vrouwen;15 tot 20 jaar;Ecuador;Saba;2013;0;0;0
9818;Totaal mannen en vrouwen;15 tot 20 jaar;Ecuador;Saba;2014;0;0;0
9819;Totaal mannen en vrouwen;15 tot 20 jaar;Ecuador;Saba;2015;0;0;0
9820;Totaal mannen en vrouwen;15 tot 20 jaar;Ecuador;Saba;2016;0;0;0
9821;Totaal mannen en vrouwen;15 tot 20 jaar;Ecuador;Saba;2017;0;0;0
9822;Totaal mannen en vrouwen;15 tot 20 jaar;Ecuador;Saba;2018;0;0;0
9823;Totaal mannen en vrouwen;15 tot 20 jaar;Ecuador;Saba;2019;0;0;0
9824;Totaal mannen en vrouwen;15 tot 20 jaar;Ecuador;Saba;2020;0;0;0
9825;Totaal mannen en vrouwen;15 tot 20 jaar;Ecuador;Saba;2021;0;0;0
9826;Totaal mannen en vrouwen;15 tot 20 jaar;Ecuador;Saba;2022;0;0;0
9827;Totaal mannen en vrouwen;15 tot 20 jaar;Ecuador;Saba;2023;0;0;0
9828;Totaal mannen en vrouwen;15 tot 20 jaar;Guyana;Caribisch Nederland;2011;0;2;-2
9829;Totaal mannen en vrouwen;15 tot 20 jaar;Guyana;Caribisch Nederland;2012;0;0;0
9830;Totaal mannen en vrouwen;15 tot 20 jaar;Guyana;Caribisch Nederland;2013;0;1;-1
9831;Totaal mannen en vrouwen;15 tot 20 jaar;Guyana;Caribisch Nederland;2014;0;2;-2
9832;Totaal mannen en vrouwen;15 tot 20 jaar;Guyana;Caribisch Nederland;2015;0;1;-1
9833;Totaal mannen en vrouwen;15 tot 20 jaar;Guyana;Caribisch Nederland;2016;0;1;-1
9834;Totaal mannen en vrouwen;15 tot 20 jaar;Guyana;Caribisch Nederland;2017;0;1;-1
9835;Totaal mannen en vrouwen;15 tot 20 jaar;Guyana;Caribisch Nederland;2018;1;0;1
9836;Totaal mannen en vrouwen;15 tot 20 jaar;Guyana;Caribisch Nederland;2019;0;0;0
9837;Totaal mannen en vrouwen;15 tot 20 jaar;Guyana;Caribisch Nederland;2020;0;0;0
9838;Totaal mannen en vrouwen;15 tot 20 jaar;Guyana;Caribisch Nederland;2021;0;0;0
9839;Totaal mannen en vrouwen;15 tot 20 jaar;Guyana;Caribisch Nederland;2022;0;0;0
9840;Totaal mannen en vrouwen;15 tot 20 jaar;Guyana;Caribisch Nederland;2023;0;0;0
9841;Totaal mannen en vrouwen;15 tot 20 jaar;Guyana;Bonaire;2011;0;0;0
9842;Totaal mannen en vrouwen;15 tot 20 jaar;Guyana;Bonaire;2012;0;0;0
9843;Totaal mannen en vrouwen;15 tot 20 jaar;Guyana;Bonaire;2013;0;0;0
9844;Totaal mannen en vrouwen;15 tot 20 jaar;Guyana;Bonaire;2014;0;0;0
9845;Totaal mannen en vrouwen;15 tot 20 jaar;Guyana;Bonaire;2015;0;0;0
9846;Totaal mannen en vrouwen;15 tot 20 jaar;Guyana;Bonaire;2016;0;0;0
9847;Totaal mannen en vrouwen;15 tot 20 jaar;Guyana;Bonaire;2017;0;0;0
9848;Totaal mannen en vrouwen;15 tot 20 jaar;Guyana;Bonaire;2018;1;0;1
9849;Totaal mannen en vrouwen;15 tot 20 jaar;Guyana;Bonaire;2019;0;0;0
9850;Totaal mannen en vrouwen;15 tot 20 jaar;Guyana;Bonaire;2020;0;0;0
9851;Totaal mannen en vrouwen;15 tot 20 jaar;Guyana;Bonaire;2021;0;0;0
9852;Totaal mannen en vrouwen;15 tot 20 jaar;Guyana;Bonaire;2022;0;0;0
9853;Totaal mannen en vrouwen;15 tot 20 jaar;Guyana;Bonaire;2023;0;0;0
9854;Totaal mannen en vrouwen;15 tot 20 jaar;Guyana;Sint Eustatius;2011;0;1;-1
9855;Totaal mannen en vrouwen;15 tot 20 jaar;Guyana;Sint Eustatius;2012;0;0;0
9856;Totaal mannen en vrouwen;15 tot 20 jaar;Guyana;Sint Eustatius;2013;0;1;-1
9857;Totaal mannen en vrouwen;15 tot 20 jaar;Guyana;Sint Eustatius;2014;0;2;-2
9858;Totaal mannen en vrouwen;15 tot 20 jaar;Guyana;Sint Eustatius;2015;0;1;-1
9859;Totaal mannen en vrouwen;15 tot 20 jaar;Guyana;Sint Eustatius;2016;0;1;-1
9860;Totaal mannen en vrouwen;15 tot 20 jaar;Guyana;Sint Eustatius;2017;0;1;-1
9861;Totaal mannen en vrouwen;15 tot 20 jaar;Guyana;Sint Eustatius;2018;0;0;0
9862;Totaal mannen en vrouwen;15 tot 20 jaar;Guyana;Sint Eustatius;2019;0;0;0
9863;Totaal mannen en vrouwen;15 tot 20 jaar;Guyana;Sint Eustatius;2020;0;0;0
9864;Totaal mannen en vrouwen;15 tot 20 jaar;Guyana;Sint Eustatius;2021;0;0;0
9865;Totaal mannen en vrouwen;15 tot 20 jaar;Guyana;Sint Eustatius;2022;0;0;0
9866;Totaal mannen en vrouwen;15 tot 20 jaar;Guyana;Sint Eustatius;2023;0;0;0
9867;Totaal mannen en vrouwen;15 tot 20 jaar;Guyana;Saba;2011;0;1;-1
9868;Totaal mannen en vrouwen;15 tot 20 jaar;Guyana;Saba;2012;0;0;0
9869;Totaal mannen en vrouwen;15 tot 20 jaar;Guyana;Saba;2013;0;0;0
9870;Totaal mannen en vrouwen;15 tot 20 jaar;Guyana;Saba;2014;0;0;0
9871;Totaal mannen en vrouwen;15 tot 20 jaar;Guyana;Saba;2015;0;0;0
9872;Totaal mannen en vrouwen;15 tot 20 jaar;Guyana;Saba;2016;0;0;0
9873;Totaal mannen en vrouwen;15 tot 20 jaar;Guyana;Saba;2017;0;0;0
9874;Totaal mannen en vrouwen;15 tot 20 jaar;Guyana;Saba;2018;0;0;0
9875;Totaal mannen en vrouwen;15 tot 20 jaar;Guyana;Saba;2019;0;0;0
9876;Totaal mannen en vrouwen;15 tot 20 jaar;Guyana;Saba;2020;0;0;0
9877;Totaal mannen en vrouwen;15 tot 20 jaar;Guyana;Saba;2021;0;0;0
9878;Totaal mannen en vrouwen;15 tot 20 jaar;Guyana;Saba;2022;0;0;0
9879;Totaal mannen en vrouwen;15 tot 20 jaar;Guyana;Saba;2023;0;0;0
9880;Totaal mannen en vrouwen;15 tot 20 jaar;Haïti;Caribisch Nederland;2011;0;0;0
9881;Totaal mannen en vrouwen;15 tot 20 jaar;Haïti;Caribisch Nederland;2012;1;0;1
9882;Totaal mannen en vrouwen;15 tot 20 jaar;Haïti;Caribisch Nederland;2013;0;1;-1
9883;Totaal mannen en vrouwen;15 tot 20 jaar;Haïti;Caribisch Nederland;2014;0;0;0
9884;Totaal mannen en vrouwen;15 tot 20 jaar;Haïti;Caribisch Nederland;2015;0;0;0
9885;Totaal mannen en vrouwen;15 tot 20 jaar;Haïti;Caribisch Nederland;2016;0;0;0
9886;Totaal mannen en vrouwen;15 tot 20 jaar;Haïti;Caribisch Nederland;2017;1;0;1
9887;Totaal mannen en vrouwen;15 tot 20 jaar;Haïti;Caribisch Nederland;2018;0;0;0
9888;Totaal mannen en vrouwen;15 tot 20 jaar;Haïti;Caribisch Nederland;2019;0;0;0
9889;Totaal mannen en vrouwen;15 tot 20 jaar;Haïti;Caribisch Nederland;2020;0;0;0
9890;Totaal mannen en vrouwen;15 tot 20 jaar;Haïti;Caribisch Nederland;2021;0;0;0
9891;Totaal mannen en vrouwen;15 tot 20 jaar;Haïti;Caribisch Nederland;2022;1;0;1
9892;Totaal mannen en vrouwen;15 tot 20 jaar;Haïti;Caribisch Nederland;2023;3;0;3
9893;Totaal mannen en vrouwen;15 tot 20 jaar;Haïti;Bonaire;2011;0;0;0
9894;Totaal mannen en vrouwen;15 tot 20 jaar;Haïti;Bonaire;2012;1;0;1
9895;Totaal mannen en vrouwen;15 tot 20 jaar;Haïti;Bonaire;2013;0;0;0
9896;Totaal mannen en vrouwen;15 tot 20 jaar;Haïti;Bonaire;2014;0;0;0
9897;Totaal mannen en vrouwen;15 tot 20 jaar;Haïti;Bonaire;2015;0;0;0
9898;Totaal mannen en vrouwen;15 tot 20 jaar;Haïti;Bonaire;2016;0;0;0
9899;Totaal mannen en vrouwen;15 tot 20 jaar;Haïti;Bonaire;2017;1;0;1
9900;Totaal mannen en vrouwen;15 tot 20 jaar;Haïti;Bonaire;2018;0;0;0
9901;Totaal mannen en vrouwen;15 tot 20 jaar;Haïti;Bonaire;2019;0;0;0
9902;Totaal mannen en vrouwen;15 tot 20 jaar;Haïti;Bonaire;2020;0;0;0
9903;Totaal mannen en vrouwen;15 tot 20 jaar;Haïti;Bonaire;2021;0;0;0
9904;Totaal mannen en vrouwen;15 tot 20 jaar;Haïti;Bonaire;2022;1;0;1
9905;Totaal mannen en vrouwen;15 tot 20 jaar;Haïti;Bonaire;2023;3;0;3
9906;Totaal mannen en vrouwen;15 tot 20 jaar;Haïti;Sint Eustatius;2011;0;0;0
9907;Totaal mannen en vrouwen;15 tot 20 jaar;Haïti;Sint Eustatius;2012;0;0;0
9908;Totaal mannen en vrouwen;15 tot 20 jaar;Haïti;Sint Eustatius;2013;0;1;-1
9909;Totaal mannen en vrouwen;15 tot 20 jaar;Haïti;Sint Eustatius;2014;0;0;0
9910;Totaal mannen en vrouwen;15 tot 20 jaar;Haïti;Sint Eustatius;2015;0;0;0
9911;Totaal mannen en vrouwen;15 tot 20 jaar;Haïti;Sint Eustatius;2016;0;0;0
9912;Totaal mannen en vrouwen;15 tot 20 jaar;Haïti;Sint Eustatius;2017;0;0;0
9913;Totaal mannen en vrouwen;15 tot 20 jaar;Haïti;Sint Eustatius;2018;0;0;0
9914;Totaal mannen en vrouwen;15 tot 20 jaar;Haïti;Sint Eustatius;2019;0;0;0
9915;Totaal mannen en vrouwen;15 tot 20 jaar;Haïti;Sint Eustatius;2020;0;0;0
9916;Totaal mannen en vrouwen;15 tot 20 jaar;Haïti;Sint Eustatius;2021;0;0;0
9917;Totaal mannen en vrouwen;15 tot 20 jaar;Haïti;Sint Eustatius;2022;0;0;0
9918;Totaal mannen en vrouwen;15 tot 20 jaar;Haïti;Sint Eustatius;2023;0;0;0
9919;Totaal mannen en vrouwen;15 tot 20 jaar;Haïti;Saba;2011;0;0;0
9920;Totaal mannen en vrouwen;15 tot 20 jaar;Haïti;Saba;2012;0;0;0
9921;Totaal mannen en vrouwen;15 tot 20 jaar;Haïti;Saba;2013;0;0;0
9922;Totaal mannen en vrouwen;15 tot 20 jaar;Haïti;Saba;2014;0;0;0
9923;Totaal mannen en vrouwen;15 tot 20 jaar;Haïti;Saba;2015;0;0;0
9924;Totaal mannen en vrouwen;15 tot 20 jaar;Haïti;Saba;2016;0;0;0
9925;Totaal mannen en vrouwen;15 tot 20 jaar;Haïti;Saba;2017;0;0;0
9926;Totaal mannen en vrouwen;15 tot 20 jaar;Haïti;Saba;2018;0;0;0
9927;Totaal mannen en vrouwen;15 tot 20 jaar;Haïti;Saba;2019;0;0;0
9928;Totaal mannen en vrouwen;15 tot 20 jaar;Haïti;Saba;2020;0;0;0
9929;Totaal mannen en vrouwen;15 tot 20 jaar;Haïti;Saba;2021;0;0;0
9930;Totaal mannen en vrouwen;15 tot 20 jaar;Haïti;Saba;2022;0;0;0
9931;Totaal mannen en vrouwen;15 tot 20 jaar;Haïti;Saba;2023;0;0;0
9932;Totaal mannen en vrouwen;15 tot 20 jaar;Jamaica;Caribisch Nederland;2011;0;0;0
9933;Totaal mannen en vrouwen;15 tot 20 jaar;Jamaica;Caribisch Nederland;2012;1;0;1
9934;Totaal mannen en vrouwen;15 tot 20 jaar;Jamaica;Caribisch Nederland;2013;1;0;1
9935;Totaal mannen en vrouwen;15 tot 20 jaar;Jamaica;Caribisch Nederland;2014;0;0;0
9936;Totaal mannen en vrouwen;15 tot 20 jaar;Jamaica;Caribisch Nederland;2015;0;0;0
9937;Totaal mannen en vrouwen;15 tot 20 jaar;Jamaica;Caribisch Nederland;2016;2;0;2
9938;Totaal mannen en vrouwen;15 tot 20 jaar;Jamaica;Caribisch Nederland;2017;0;1;-1
9939;Totaal mannen en vrouwen;15 tot 20 jaar;Jamaica;Caribisch Nederland;2018;2;0;2
9940;Totaal mannen en vrouwen;15 tot 20 jaar;Jamaica;Caribisch Nederland;2019;0;0;0
9941;Totaal mannen en vrouwen;15 tot 20 jaar;Jamaica;Caribisch Nederland;2020;1;0;1
9942;Totaal mannen en vrouwen;15 tot 20 jaar;Jamaica;Caribisch Nederland;2021;0;0;0
9943;Totaal mannen en vrouwen;15 tot 20 jaar;Jamaica;Caribisch Nederland;2022;0;0;0
9944;Totaal mannen en vrouwen;15 tot 20 jaar;Jamaica;Caribisch Nederland;2023;2;0;2
9945;Totaal mannen en vrouwen;15 tot 20 jaar;Jamaica;Bonaire;2011;0;0;0
9946;Totaal mannen en vrouwen;15 tot 20 jaar;Jamaica;Bonaire;2012;0;0;0
9947;Totaal mannen en vrouwen;15 tot 20 jaar;Jamaica;Bonaire;2013;0;0;0
9948;Totaal mannen en vrouwen;15 tot 20 jaar;Jamaica;Bonaire;2014;0;0;0
9949;Totaal mannen en vrouwen;15 tot 20 jaar;Jamaica;Bonaire;2015;0;0;0
9950;Totaal mannen en vrouwen;15 tot 20 jaar;Jamaica;Bonaire;2016;0;0;0
9951;Totaal mannen en vrouwen;15 tot 20 jaar;Jamaica;Bonaire;2017;0;0;0
9952;Totaal mannen en vrouwen;15 tot 20 jaar;Jamaica;Bonaire;2018;2;0;2
9953;Totaal mannen en vrouwen;15 tot 20 jaar;Jamaica;Bonaire;2019;0;0;0
9954;Totaal mannen en vrouwen;15 tot 20 jaar;Jamaica;Bonaire;2020;0;0;0
9955;Totaal mannen en vrouwen;15 tot 20 jaar;Jamaica;Bonaire;2021;0;0;0
9956;Totaal mannen en vrouwen;15 tot 20 jaar;Jamaica;Bonaire;2022;0;0;0
9957;Totaal mannen en vrouwen;15 tot 20 jaar;Jamaica;Bonaire;2023;0;0;0
9958;Totaal mannen en vrouwen;15 tot 20 jaar;Jamaica;Sint Eustatius;2011;0;0;0
9959;Totaal mannen en vrouwen;15 tot 20 jaar;Jamaica;Sint Eustatius;2012;0;0;0
9960;Totaal mannen en vrouwen;15 tot 20 jaar;Jamaica;Sint Eustatius;2013;0;0;0
9961;Totaal mannen en vrouwen;15 tot 20 jaar;Jamaica;Sint Eustatius;2014;0;0;0
9962;Totaal mannen en vrouwen;15 tot 20 jaar;Jamaica;Sint Eustatius;2015;0;0;0
9963;Totaal mannen en vrouwen;15 tot 20 jaar;Jamaica;Sint Eustatius;2016;1;0;1
9964;Totaal mannen en vrouwen;15 tot 20 jaar;Jamaica;Sint Eustatius;2017;0;0;0
9965;Totaal mannen en vrouwen;15 tot 20 jaar;Jamaica;Sint Eustatius;2018;0;0;0
9966;Totaal mannen en vrouwen;15 tot 20 jaar;Jamaica;Sint Eustatius;2019;0;0;0
9967;Totaal mannen en vrouwen;15 tot 20 jaar;Jamaica;Sint Eustatius;2020;1;0;1
9968;Totaal mannen en vrouwen;15 tot 20 jaar;Jamaica;Sint Eustatius;2021;0;0;0
9969;Totaal mannen en vrouwen;15 tot 20 jaar;Jamaica;Sint Eustatius;2022;0;0;0
9970;Totaal mannen en vrouwen;15 tot 20 jaar;Jamaica;Sint Eustatius;2023;0;0;0
9971;Totaal mannen en vrouwen;15 tot 20 jaar;Jamaica;Saba;2011;0;0;0
9972;Totaal mannen en vrouwen;15 tot 20 jaar;Jamaica;Saba;2012;1;0;1
9973;Totaal mannen en vrouwen;15 tot 20 jaar;Jamaica;Saba;2013;1;0;1
9974;Totaal mannen en vrouwen;15 tot 20 jaar;Jamaica;Saba;2014;0;0;0
9975;Totaal mannen en vrouwen;15 tot 20 jaar;Jamaica;Saba;2015;0;0;0
9976;Totaal mannen en vrouwen;15 tot 20 jaar;Jamaica;Saba;2016;1;0;1
9977;Totaal mannen en vrouwen;15 tot 20 jaar;Jamaica;Saba;2017;0;1;-1
9978;Totaal mannen en vrouwen;15 tot 20 jaar;Jamaica;Saba;2018;0;0;0
9979;Totaal mannen en vrouwen;15 tot 20 jaar;Jamaica;Saba;2019;0;0;0
9980;Totaal mannen en vrouwen;15 tot 20 jaar;Jamaica;Saba;2020;0;0;0
9981;Totaal mannen en vrouwen;15 tot 20 jaar;Jamaica;Saba;2021;0;0;0
9982;Totaal mannen en vrouwen;15 tot 20 jaar;Jamaica;Saba;2022;0;0;0
9983;Totaal mannen en vrouwen;15 tot 20 jaar;Jamaica;Saba;2023;2;0;2
9984;Totaal mannen en vrouwen;15 tot 20 jaar;Nederland;Caribisch Nederland;2011;20;14;6
9985;Totaal mannen en vrouwen;15 tot 20 jaar;Nederland;Caribisch Nederland;2012;17;18;-1
9986;Totaal mannen en vrouwen;15 tot 20 jaar;Nederland;Caribisch Nederland;2013;19;25;-6
9987;Totaal mannen en vrouwen;15 tot 20 jaar;Nederland;Caribisch Nederland;2014;17;16;1
9988;Totaal mannen en vrouwen;15 tot 20 jaar;Nederland;Caribisch Nederland;2015;17;28;-11
9989;Totaal mannen en vrouwen;15 tot 20 jaar;Nederland;Caribisch Nederland;2016;19;36;-17
9990;Totaal mannen en vrouwen;15 tot 20 jaar;Nederland;Caribisch Nederland;2017;7;33;-26
9991;Totaal mannen en vrouwen;15 tot 20 jaar;Nederland;Caribisch Nederland;2018;15;37;-22
9992;Totaal mannen en vrouwen;15 tot 20 jaar;Nederland;Caribisch Nederland;2019;24;48;-24
9993;Totaal mannen en vrouwen;15 tot 20 jaar;Nederland;Caribisch Nederland;2020;24;28;-4
9994;Totaal mannen en vrouwen;15 tot 20 jaar;Nederland;Caribisch Nederland;2021;28;33;-5
9995;Totaal mannen en vrouwen;15 tot 20 jaar;Nederland;Caribisch Nederland;2022;29;32;-3
9996;Totaal mannen en vrouwen;15 tot 20 jaar;Nederland;Caribisch Nederland;2023;18;35;-17
9997;Totaal mannen en vrouwen;15 tot 20 jaar;Nederland;Bonaire;2011;20;12;8
9998;Totaal mannen en vrouwen;15 tot 20 jaar;Nederland;Bonaire;2012;17;16;1
9999;Totaal mannen en vrouwen;15 tot 20 jaar;Nederland;Bonaire;2013;16;22;-6
