ID;Geslacht;LeeftijdOp31December;Perioden;Immigratie_1;EmigratieInclusiefCorrecties_2;MigratiesaldoInclusiefCorrecties_3
0;Mannen en Vrouwen;Totaal;2023;336911;192469;144442
1;Mannen en Vrouwen;Totaal;2024;323309;201225;122084
2;Mannen en Vrouwen;Totaal;2025;314613;209453;105160
3;Mannen en Vrouwen;Totaal;2026;305314;217562;87752
4;Mannen en Vrouwen;Totaal;2027;305503;227798;77705
5;Mannen en Vrouwen;Totaal;2028;305973;238432;67541
6;Mannen en Vrouwen;Totaal;2029;307754;240326;67428
7;Mannen en Vrouwen;Totaal;2030;308688;241717;66971
8;Mannen en Vrouwen;Totaal;2031;309702;242704;66998
9;Mannen en Vrouwen;Totaal;2032;310202;243302;66900
10;Mannen en Vrouwen;Totaal;2033;309773;243440;66333
11;Mannen en Vrouwen;Totaal;2034;309123;244149;64974
12;Mannen en Vrouwen;Totaal;2035;309330;244902;64428
13;Mannen en Vrouwen;Totaal;2036;309381;245792;63589
14;Mannen en Vrouwen;Totaal;2037;309409;246701;62708
15;Mannen en Vrouwen;Totaal;2038;309439;247521;61918
16;Mannen en Vrouwen;Totaal;2039;309495;248236;61259
17;Mannen en Vrouwen;Totaal;2040;309565;248877;60688
18;Mannen en Vrouwen;Totaal;2041;309618;249430;60188
19;Mannen en Vrouwen;Totaal;2042;309706;249930;59776
20;Mannen en Vrouwen;Totaal;2043;309769;250414;59355
21;Mannen en Vrouwen;Totaal;2044;309872;250836;59036
22;Mannen en Vrouwen;Totaal;2045;309881;251232;58649
23;Mannen en Vrouwen;Totaal;2046;309895;251545;58350
24;Mannen en Vrouwen;Totaal;2047;309929;251815;58114
25;Mannen en Vrouwen;Totaal;2048;309956;252051;57905
26;Mannen en Vrouwen;Totaal;2049;309978;252294;57684
27;Mannen en Vrouwen;Totaal;2050;310012;252514;57498
28;Mannen en Vrouwen;Totaal;2051;310049;252834;57215
29;Mannen en Vrouwen;Totaal;2052;310053;253084;56969
30;Mannen en Vrouwen;Totaal;2053;310056;253291;56765
31;Mannen en Vrouwen;Totaal;2054;310103;253516;56587
32;Mannen en Vrouwen;Totaal;2055;310136;253758;56378
33;Mannen en Vrouwen;Totaal;2056;310194;254037;56157
34;Mannen en Vrouwen;Totaal;2057;310244;254317;55927
35;Mannen en Vrouwen;Totaal;2058;310319;254607;55712
36;Mannen en Vrouwen;Totaal;2059;310436;254899;55537
37;Mannen en Vrouwen;Totaal;2060;310499;255182;55317
38;Mannen en Vrouwen;Totaal;2061;310632;255464;55168
39;Mannen en Vrouwen;Totaal;2062;310742;255742;55000
40;Mannen en Vrouwen;Totaal;2063;310853;256005;54848
41;Mannen en Vrouwen;Totaal;2064;311001;256262;54739
42;Mannen en Vrouwen;Totaal;2065;311082;256521;54561
43;Mannen en Vrouwen;Totaal;2066;311228;256782;54446
44;Mannen en Vrouwen;Totaal;2067;311339;257028;54311
45;Mannen en Vrouwen;Totaal;2068;311396;257256;54140
46;Mannen en Vrouwen;Totaal;2069;311513;257480;54033
47;Mannen en Vrouwen;Totaal;2070;311608;257672;53936
48;Mannen en Vrouwen;0 jaar;2023;1772;436;1336
49;Mannen en Vrouwen;0 jaar;2024;1730;457;1273
50;Mannen en Vrouwen;0 jaar;2025;1720;487;1233
51;Mannen en Vrouwen;0 jaar;2026;1710;524;1186
52;Mannen en Vrouwen;0 jaar;2027;1713;568;1145
53;Mannen en Vrouwen;0 jaar;2028;1718;619;1099
54;Mannen en Vrouwen;0 jaar;2029;1735;639;1096
55;Mannen en Vrouwen;0 jaar;2030;1751;661;1090
56;Mannen en Vrouwen;0 jaar;2031;1760;682;1078
57;Mannen en Vrouwen;0 jaar;2032;1769;699;1070
58;Mannen en Vrouwen;0 jaar;2033;1776;712;1064
59;Mannen en Vrouwen;0 jaar;2034;1779;726;1053
60;Mannen en Vrouwen;0 jaar;2035;1783;737;1046
61;Mannen en Vrouwen;0 jaar;2036;1785;745;1040
62;Mannen en Vrouwen;0 jaar;2037;1788;751;1037
63;Mannen en Vrouwen;0 jaar;2038;1787;754;1033
64;Mannen en Vrouwen;0 jaar;2039;1789;755;1034
65;Mannen en Vrouwen;0 jaar;2040;1789;755;1034
66;Mannen en Vrouwen;0 jaar;2041;1789;755;1034
67;Mannen en Vrouwen;0 jaar;2042;1789;753;1036
68;Mannen en Vrouwen;0 jaar;2043;1788;753;1035
69;Mannen en Vrouwen;0 jaar;2044;1787;751;1036
70;Mannen en Vrouwen;0 jaar;2045;1786;751;1035
71;Mannen en Vrouwen;0 jaar;2046;1785;749;1036
72;Mannen en Vrouwen;0 jaar;2047;1785;749;1036
73;Mannen en Vrouwen;0 jaar;2048;1785;748;1037
74;Mannen en Vrouwen;0 jaar;2049;1782;747;1035
75;Mannen en Vrouwen;0 jaar;2050;1782;747;1035
76;Mannen en Vrouwen;0 jaar;2051;1781;746;1035
77;Mannen en Vrouwen;0 jaar;2052;1779;746;1033
78;Mannen en Vrouwen;0 jaar;2053;1778;746;1032
79;Mannen en Vrouwen;0 jaar;2054;1779;746;1033
80;Mannen en Vrouwen;0 jaar;2055;1780;746;1034
81;Mannen en Vrouwen;0 jaar;2056;1780;747;1033
82;Mannen en Vrouwen;0 jaar;2057;1780;748;1032
83;Mannen en Vrouwen;0 jaar;2058;1780;750;1030
84;Mannen en Vrouwen;0 jaar;2059;1780;752;1028
85;Mannen en Vrouwen;0 jaar;2060;1781;752;1029
86;Mannen en Vrouwen;0 jaar;2061;1781;756;1025
87;Mannen en Vrouwen;0 jaar;2062;1782;758;1024
88;Mannen en Vrouwen;0 jaar;2063;1782;760;1022
89;Mannen en Vrouwen;0 jaar;2064;1783;763;1020
90;Mannen en Vrouwen;0 jaar;2065;1785;767;1018
91;Mannen en Vrouwen;0 jaar;2066;1786;770;1016
92;Mannen en Vrouwen;0 jaar;2067;1787;771;1016
93;Mannen en Vrouwen;0 jaar;2068;1787;773;1014
94;Mannen en Vrouwen;0 jaar;2069;1786;775;1011
95;Mannen en Vrouwen;0 jaar;2070;1786;779;1007
96;Mannen en Vrouwen;1 jaar;2023;2828;1479;1349
97;Mannen en Vrouwen;1 jaar;2024;2714;1488;1226
98;Mannen en Vrouwen;1 jaar;2025;2670;1569;1101
99;Mannen en Vrouwen;1 jaar;2026;2616;1673;943
100;Mannen en Vrouwen;1 jaar;2027;2623;1799;824
101;Mannen en Vrouwen;1 jaar;2028;2647;1951;696
102;Mannen en Vrouwen;1 jaar;2029;2676;2005;671
103;Mannen en Vrouwen;1 jaar;2030;2702;2068;634
104;Mannen en Vrouwen;1 jaar;2031;2734;2130;604
105;Mannen en Vrouwen;1 jaar;2032;2754;2184;570
106;Mannen en Vrouwen;1 jaar;2033;2774;2228;546
107;Mannen en Vrouwen;1 jaar;2034;2782;2270;512
108;Mannen en Vrouwen;1 jaar;2035;2790;2308;482
109;Mannen en Vrouwen;1 jaar;2036;2798;2342;456
110;Mannen en Vrouwen;1 jaar;2037;2800;2369;431
111;Mannen en Vrouwen;1 jaar;2038;2804;2387;417
112;Mannen en Vrouwen;1 jaar;2039;2806;2394;412
113;Mannen en Vrouwen;1 jaar;2040;2808;2394;414
114;Mannen en Vrouwen;1 jaar;2041;2809;2393;416
115;Mannen en Vrouwen;1 jaar;2042;2809;2391;418
116;Mannen en Vrouwen;1 jaar;2043;2812;2387;425
117;Mannen en Vrouwen;1 jaar;2044;2812;2383;429
118;Mannen en Vrouwen;1 jaar;2045;2811;2381;430
119;Mannen en Vrouwen;1 jaar;2046;2809;2377;432
120;Mannen en Vrouwen;1 jaar;2047;2811;2374;437
121;Mannen en Vrouwen;1 jaar;2048;2808;2371;437
122;Mannen en Vrouwen;1 jaar;2049;2807;2367;440
123;Mannen en Vrouwen;1 jaar;2050;2808;2366;442
124;Mannen en Vrouwen;1 jaar;2051;2808;2364;444
125;Mannen en Vrouwen;1 jaar;2052;2806;2362;444
126;Mannen en Vrouwen;1 jaar;2053;2803;2360;443
127;Mannen en Vrouwen;1 jaar;2054;2804;2359;445
128;Mannen en Vrouwen;1 jaar;2055;2803;2359;444
129;Mannen en Vrouwen;1 jaar;2056;2804;2361;443
130;Mannen en Vrouwen;1 jaar;2057;2802;2362;440
131;Mannen en Vrouwen;1 jaar;2058;2801;2365;436
132;Mannen en Vrouwen;1 jaar;2059;2802;2368;434
133;Mannen en Vrouwen;1 jaar;2060;2803;2374;429
134;Mannen en Vrouwen;1 jaar;2061;2805;2380;425
135;Mannen en Vrouwen;1 jaar;2062;2802;2386;416
136;Mannen en Vrouwen;1 jaar;2063;2805;2395;410
137;Mannen en Vrouwen;1 jaar;2064;2806;2403;403
138;Mannen en Vrouwen;1 jaar;2065;2805;2411;394
139;Mannen en Vrouwen;1 jaar;2066;2806;2420;386
140;Mannen en Vrouwen;1 jaar;2067;2806;2427;379
141;Mannen en Vrouwen;1 jaar;2068;2805;2434;371
142;Mannen en Vrouwen;1 jaar;2069;2805;2442;363
143;Mannen en Vrouwen;1 jaar;2070;2809;2452;357
144;Mannen en Vrouwen;2 jaar;2023;3216;1846;1370
145;Mannen en Vrouwen;2 jaar;2024;3068;1675;1393
146;Mannen en Vrouwen;2 jaar;2025;3004;1697;1307
147;Mannen en Vrouwen;2 jaar;2026;2945;1788;1157
148;Mannen en Vrouwen;2 jaar;2027;2940;1904;1036
149;Mannen en Vrouwen;2 jaar;2028;2964;2047;917
150;Mannen en Vrouwen;2 jaar;2029;2990;2097;893
151;Mannen en Vrouwen;2 jaar;2030;3017;2151;866
152;Mannen en Vrouwen;2 jaar;2031;3050;2208;842
153;Mannen en Vrouwen;2 jaar;2032;3072;2262;810
154;Mannen en Vrouwen;2 jaar;2033;3087;2307;780
155;Mannen en Vrouwen;2 jaar;2034;3101;2351;750
156;Mannen en Vrouwen;2 jaar;2035;3109;2391;718
157;Mannen en Vrouwen;2 jaar;2036;3114;2429;685
158;Mannen en Vrouwen;2 jaar;2037;3119;2464;655
159;Mannen en Vrouwen;2 jaar;2038;3125;2490;635
160;Mannen en Vrouwen;2 jaar;2039;3129;2506;623
161;Mannen en Vrouwen;2 jaar;2040;3132;2512;620
162;Mannen en Vrouwen;2 jaar;2041;3134;2512;622
163;Mannen en Vrouwen;2 jaar;2042;3136;2508;628
164;Mannen en Vrouwen;2 jaar;2043;3139;2505;634
165;Mannen en Vrouwen;2 jaar;2044;3138;2502;636
166;Mannen en Vrouwen;2 jaar;2045;3138;2500;638
167;Mannen en Vrouwen;2 jaar;2046;3139;2495;644
168;Mannen en Vrouwen;2 jaar;2047;3137;2493;644
169;Mannen en Vrouwen;2 jaar;2048;3137;2489;648
170;Mannen en Vrouwen;2 jaar;2049;3134;2485;649
171;Mannen en Vrouwen;2 jaar;2050;3133;2483;650
172;Mannen en Vrouwen;2 jaar;2051;3132;2481;651
173;Mannen en Vrouwen;2 jaar;2052;3131;2478;653
174;Mannen en Vrouwen;2 jaar;2053;3129;2476;653
175;Mannen en Vrouwen;2 jaar;2054;3125;2474;651
176;Mannen en Vrouwen;2 jaar;2055;3123;2472;651
177;Mannen en Vrouwen;2 jaar;2056;3124;2473;651
178;Mannen en Vrouwen;2 jaar;2057;3123;2472;651
179;Mannen en Vrouwen;2 jaar;2058;3124;2474;650
180;Mannen en Vrouwen;2 jaar;2059;3125;2477;648
181;Mannen en Vrouwen;2 jaar;2060;3126;2480;646
182;Mannen en Vrouwen;2 jaar;2061;3126;2485;641
183;Mannen en Vrouwen;2 jaar;2062;3127;2490;637
184;Mannen en Vrouwen;2 jaar;2063;3129;2497;632
185;Mannen en Vrouwen;2 jaar;2064;3132;2505;627
186;Mannen en Vrouwen;2 jaar;2065;3129;2512;617
187;Mannen en Vrouwen;2 jaar;2066;3132;2521;611
188;Mannen en Vrouwen;2 jaar;2067;3130;2529;601
189;Mannen en Vrouwen;2 jaar;2068;3132;2536;596
190;Mannen en Vrouwen;2 jaar;2069;3132;2543;589
191;Mannen en Vrouwen;2 jaar;2070;3132;2556;576
192;Mannen en Vrouwen;3 jaar;2023;3183;1861;1322
193;Mannen en Vrouwen;3 jaar;2024;3057;1981;1076
194;Mannen en Vrouwen;3 jaar;2025;2963;1865;1098
195;Mannen en Vrouwen;3 jaar;2026;2882;1907;975
196;Mannen en Vrouwen;3 jaar;2027;2875;2014;861
197;Mannen en Vrouwen;3 jaar;2028;2888;2147;741
198;Mannen en Vrouwen;3 jaar;2029;2924;2186;738
199;Mannen en Vrouwen;3 jaar;2030;2951;2235;716
200;Mannen en Vrouwen;3 jaar;2031;2972;2283;689
201;Mannen en Vrouwen;3 jaar;2032;3000;2335;665
202;Mannen en Vrouwen;3 jaar;2033;3010;2379;631
203;Mannen en Vrouwen;3 jaar;2034;3022;2424;598
204;Mannen en Vrouwen;3 jaar;2035;3037;2466;571
205;Mannen en Vrouwen;3 jaar;2036;3043;2507;536
206;Mannen en Vrouwen;3 jaar;2037;3050;2545;505
207;Mannen en Vrouwen;3 jaar;2038;3056;2578;478
208;Mannen en Vrouwen;3 jaar;2039;3061;2602;459
209;Mannen en Vrouwen;3 jaar;2040;3065;2618;447
210;Mannen en Vrouwen;3 jaar;2041;3068;2622;446
211;Mannen en Vrouwen;3 jaar;2042;3070;2621;449
212;Mannen en Vrouwen;3 jaar;2043;3074;2619;455
213;Mannen en Vrouwen;3 jaar;2044;3074;2615;459
214;Mannen en Vrouwen;3 jaar;2045;3075;2612;463
215;Mannen en Vrouwen;3 jaar;2046;3075;2609;466
216;Mannen en Vrouwen;3 jaar;2047;3075;2604;471
217;Mannen en Vrouwen;3 jaar;2048;3073;2601;472
218;Mannen en Vrouwen;3 jaar;2049;3070;2597;473
219;Mannen en Vrouwen;3 jaar;2050;3068;2593;475
220;Mannen en Vrouwen;3 jaar;2051;3067;2590;477
221;Mannen en Vrouwen;3 jaar;2052;3066;2587;479
222;Mannen en Vrouwen;3 jaar;2053;3062;2585;477
223;Mannen en Vrouwen;3 jaar;2054;3063;2583;480
224;Mannen en Vrouwen;3 jaar;2055;3063;2579;484
225;Mannen en Vrouwen;3 jaar;2056;3063;2579;484
226;Mannen en Vrouwen;3 jaar;2057;3061;2578;483
227;Mannen en Vrouwen;3 jaar;2058;3060;2578;482
228;Mannen en Vrouwen;3 jaar;2059;3061;2581;480
229;Mannen en Vrouwen;3 jaar;2060;3060;2583;477
230;Mannen en Vrouwen;3 jaar;2061;3062;2587;475
231;Mannen en Vrouwen;3 jaar;2062;3061;2591;470
232;Mannen en Vrouwen;3 jaar;2063;3063;2595;468
233;Mannen en Vrouwen;3 jaar;2064;3063;2603;460
234;Mannen en Vrouwen;3 jaar;2065;3065;2609;456
235;Mannen en Vrouwen;3 jaar;2066;3066;2618;448
236;Mannen en Vrouwen;3 jaar;2067;3067;2627;440
237;Mannen en Vrouwen;3 jaar;2068;3069;2634;435
238;Mannen en Vrouwen;3 jaar;2069;3068;2640;428
239;Mannen en Vrouwen;3 jaar;2070;3068;2654;414
240;Mannen en Vrouwen;4 jaar;2023;3117;1862;1255
241;Mannen en Vrouwen;4 jaar;2024;2955;1871;1084
242;Mannen en Vrouwen;4 jaar;2025;2889;2002;887
243;Mannen en Vrouwen;4 jaar;2026;2787;1928;859
244;Mannen en Vrouwen;4 jaar;2027;2768;1990;778
245;Mannen en Vrouwen;4 jaar;2028;2783;2109;674
246;Mannen en Vrouwen;4 jaar;2029;2812;2131;681
247;Mannen en Vrouwen;4 jaar;2030;2841;2168;673
248;Mannen en Vrouwen;4 jaar;2031;2861;2207;654
249;Mannen en Vrouwen;4 jaar;2032;2887;2246;641
250;Mannen en Vrouwen;4 jaar;2033;2902;2286;616
251;Mannen en Vrouwen;4 jaar;2034;2913;2328;585
252;Mannen en Vrouwen;4 jaar;2035;2925;2368;557
253;Mannen en Vrouwen;4 jaar;2036;2938;2408;530
254;Mannen en Vrouwen;4 jaar;2037;2944;2446;498
255;Mannen en Vrouwen;4 jaar;2038;2951;2478;473
256;Mannen en Vrouwen;4 jaar;2039;2959;2505;454
257;Mannen en Vrouwen;4 jaar;2040;2965;2527;438
258;Mannen en Vrouwen;4 jaar;2041;2967;2538;429
259;Mannen en Vrouwen;4 jaar;2042;2970;2542;428
260;Mannen en Vrouwen;4 jaar;2043;2970;2542;428
261;Mannen en Vrouwen;4 jaar;2044;2976;2539;437
262;Mannen en Vrouwen;4 jaar;2045;2978;2537;441
263;Mannen en Vrouwen;4 jaar;2046;2977;2532;445
264;Mannen en Vrouwen;4 jaar;2047;2977;2528;449
265;Mannen en Vrouwen;4 jaar;2048;2976;2523;453
266;Mannen en Vrouwen;4 jaar;2049;2976;2519;457
267;Mannen en Vrouwen;4 jaar;2050;2974;2515;459
268;Mannen en Vrouwen;4 jaar;2051;2969;2512;457
269;Mannen en Vrouwen;4 jaar;2052;2968;2508;460
270;Mannen en Vrouwen;4 jaar;2053;2967;2506;461
271;Mannen en Vrouwen;4 jaar;2054;2965;2502;463
272;Mannen en Vrouwen;4 jaar;2055;2964;2499;465
273;Mannen en Vrouwen;4 jaar;2056;2962;2497;465
274;Mannen en Vrouwen;4 jaar;2057;2962;2496;466
275;Mannen en Vrouwen;4 jaar;2058;2960;2495;465
276;Mannen en Vrouwen;4 jaar;2059;2960;2496;464
277;Mannen en Vrouwen;4 jaar;2060;2960;2496;464
278;Mannen en Vrouwen;4 jaar;2061;2959;2498;461
279;Mannen en Vrouwen;4 jaar;2062;2961;2502;459
280;Mannen en Vrouwen;4 jaar;2063;2960;2505;455
281;Mannen en Vrouwen;4 jaar;2064;2962;2510;452
282;Mannen en Vrouwen;4 jaar;2065;2964;2517;447
283;Mannen en Vrouwen;4 jaar;2066;2965;2523;442
284;Mannen en Vrouwen;4 jaar;2067;2967;2532;435
285;Mannen en Vrouwen;4 jaar;2068;2969;2538;431
286;Mannen en Vrouwen;4 jaar;2069;2971;2546;425
287;Mannen en Vrouwen;4 jaar;2070;2974;2561;413
288;Mannen en Vrouwen;5 jaar;2023;3061;1864;1197
289;Mannen en Vrouwen;5 jaar;2024;2907;1866;1041
290;Mannen en Vrouwen;5 jaar;2025;2817;1897;920
291;Mannen en Vrouwen;5 jaar;2026;2742;2034;708
292;Mannen en Vrouwen;5 jaar;2027;2705;2001;704
293;Mannen en Vrouwen;5 jaar;2028;2722;2077;645
294;Mannen en Vrouwen;5 jaar;2029;2749;2089;660
295;Mannen en Vrouwen;5 jaar;2030;2769;2109;660
296;Mannen en Vrouwen;5 jaar;2031;2800;2140;660
297;Mannen en Vrouwen;5 jaar;2032;2820;2172;648
298;Mannen en Vrouwen;5 jaar;2033;2832;2204;628
299;Mannen en Vrouwen;5 jaar;2034;2841;2240;601
300;Mannen en Vrouwen;5 jaar;2035;2855;2280;575
301;Mannen en Vrouwen;5 jaar;2036;2868;2318;550
302;Mannen en Vrouwen;5 jaar;2037;2879;2356;523
303;Mannen en Vrouwen;5 jaar;2038;2887;2390;497
304;Mannen en Vrouwen;5 jaar;2039;2891;2419;472
305;Mannen en Vrouwen;5 jaar;2040;2901;2445;456
306;Mannen en Vrouwen;5 jaar;2041;2905;2462;443
307;Mannen en Vrouwen;5 jaar;2042;2909;2474;435
308;Mannen en Vrouwen;5 jaar;2043;2914;2478;436
309;Mannen en Vrouwen;5 jaar;2044;2918;2477;441
310;Mannen en Vrouwen;5 jaar;2045;2917;2475;442
311;Mannen en Vrouwen;5 jaar;2046;2918;2471;447
312;Mannen en Vrouwen;5 jaar;2047;2918;2467;451
313;Mannen en Vrouwen;5 jaar;2048;2918;2462;456
314;Mannen en Vrouwen;5 jaar;2049;2916;2458;458
315;Mannen en Vrouwen;5 jaar;2050;2915;2454;461
316;Mannen en Vrouwen;5 jaar;2051;2913;2451;462
317;Mannen en Vrouwen;5 jaar;2052;2910;2447;463
318;Mannen en Vrouwen;5 jaar;2053;2907;2443;464
319;Mannen en Vrouwen;5 jaar;2054;2906;2440;466
320;Mannen en Vrouwen;5 jaar;2055;2904;2437;467
321;Mannen en Vrouwen;5 jaar;2056;2905;2435;470
322;Mannen en Vrouwen;5 jaar;2057;2904;2432;472
323;Mannen en Vrouwen;5 jaar;2058;2904;2430;474
324;Mannen en Vrouwen;5 jaar;2059;2903;2430;473
325;Mannen en Vrouwen;5 jaar;2060;2902;2431;471
326;Mannen en Vrouwen;5 jaar;2061;2901;2432;469
327;Mannen en Vrouwen;5 jaar;2062;2901;2435;466
328;Mannen en Vrouwen;5 jaar;2063;2903;2437;466
329;Mannen en Vrouwen;5 jaar;2064;2902;2441;461
330;Mannen en Vrouwen;5 jaar;2065;2901;2446;455
331;Mannen en Vrouwen;5 jaar;2066;2904;2451;453
332;Mannen en Vrouwen;5 jaar;2067;2904;2459;445
333;Mannen en Vrouwen;5 jaar;2068;2907;2465;442
334;Mannen en Vrouwen;5 jaar;2069;2910;2473;437
335;Mannen en Vrouwen;5 jaar;2070;2912;2488;424
336;Mannen en Vrouwen;6 jaar;2023;2969;1800;1169
337;Mannen en Vrouwen;6 jaar;2024;2802;1794;1008
338;Mannen en Vrouwen;6 jaar;2025;2708;1814;894
339;Mannen en Vrouwen;6 jaar;2026;2618;1856;762
340;Mannen en Vrouwen;6 jaar;2027;2616;2008;608
341;Mannen en Vrouwen;6 jaar;2028;2611;1994;617
342;Mannen en Vrouwen;6 jaar;2029;2629;1967;662
343;Mannen en Vrouwen;6 jaar;2030;2646;1977;669
344;Mannen en Vrouwen;6 jaar;2031;2679;1992;687
345;Mannen en Vrouwen;6 jaar;2032;2695;2015;680
346;Mannen en Vrouwen;6 jaar;2033;2707;2037;670
347;Mannen en Vrouwen;6 jaar;2034;2719;2064;655
348;Mannen en Vrouwen;6 jaar;2035;2730;2098;632
349;Mannen en Vrouwen;6 jaar;2036;2743;2132;611
350;Mannen en Vrouwen;6 jaar;2037;2752;2166;586
351;Mannen en Vrouwen;6 jaar;2038;2763;2198;565
352;Mannen en Vrouwen;6 jaar;2039;2774;2226;548
353;Mannen en Vrouwen;6 jaar;2040;2782;2250;532
354;Mannen en Vrouwen;6 jaar;2041;2790;2271;519
355;Mannen en Vrouwen;6 jaar;2042;2793;2286;507
356;Mannen en Vrouwen;6 jaar;2043;2801;2296;505
357;Mannen en Vrouwen;6 jaar;2044;2803;2299;504
358;Mannen en Vrouwen;6 jaar;2045;2804;2297;507
359;Mannen en Vrouwen;6 jaar;2046;2806;2293;513
360;Mannen en Vrouwen;6 jaar;2047;2804;2291;513
361;Mannen en Vrouwen;6 jaar;2048;2804;2286;518
362;Mannen en Vrouwen;6 jaar;2049;2803;2283;520
363;Mannen en Vrouwen;6 jaar;2050;2800;2279;521
364;Mannen en Vrouwen;6 jaar;2051;2798;2275;523
365;Mannen en Vrouwen;6 jaar;2052;2798;2270;528
366;Mannen en Vrouwen;6 jaar;2053;2798;2267;531
367;Mannen en Vrouwen;6 jaar;2054;2798;2262;536
368;Mannen en Vrouwen;6 jaar;2055;2796;2259;537
369;Mannen en Vrouwen;6 jaar;2056;2793;2256;537
370;Mannen en Vrouwen;6 jaar;2057;2793;2252;541
371;Mannen en Vrouwen;6 jaar;2058;2791;2252;539
372;Mannen en Vrouwen;6 jaar;2059;2789;2250;539
373;Mannen en Vrouwen;6 jaar;2060;2787;2250;537
374;Mannen en Vrouwen;6 jaar;2061;2787;2249;538
375;Mannen en Vrouwen;6 jaar;2062;2787;2251;536
376;Mannen en Vrouwen;6 jaar;2063;2788;2252;536
377;Mannen en Vrouwen;6 jaar;2064;2790;2255;535
378;Mannen en Vrouwen;6 jaar;2065;2791;2258;533
379;Mannen en Vrouwen;6 jaar;2066;2793;2262;531
380;Mannen en Vrouwen;6 jaar;2067;2797;2269;528
381;Mannen en Vrouwen;6 jaar;2068;2800;2274;526
382;Mannen en Vrouwen;6 jaar;2069;2800;2282;518
383;Mannen en Vrouwen;6 jaar;2070;2800;2294;506
384;Mannen en Vrouwen;7 jaar;2023;2840;1695;1145
385;Mannen en Vrouwen;7 jaar;2024;2664;1661;1003
386;Mannen en Vrouwen;7 jaar;2025;2563;1676;887
387;Mannen en Vrouwen;7 jaar;2026;2467;1705;762
388;Mannen en Vrouwen;7 jaar;2027;2449;1768;681
389;Mannen en Vrouwen;7 jaar;2028;2481;1913;568
390;Mannen en Vrouwen;7 jaar;2029;2483;1815;668
391;Mannen en Vrouwen;7 jaar;2030;2499;1792;707
392;Mannen en Vrouwen;7 jaar;2031;2521;1797;724
393;Mannen en Vrouwen;7 jaar;2032;2545;1806;739
394;Mannen en Vrouwen;7 jaar;2033;2554;1820;734
395;Mannen en Vrouwen;7 jaar;2034;2560;1839;721
396;Mannen en Vrouwen;7 jaar;2035;2576;1860;716
397;Mannen en Vrouwen;7 jaar;2036;2583;1889;694
398;Mannen en Vrouwen;7 jaar;2037;2592;1917;675
399;Mannen en Vrouwen;7 jaar;2038;2604;1944;660
400;Mannen en Vrouwen;7 jaar;2039;2616;1969;647
401;Mannen en Vrouwen;7 jaar;2040;2630;1991;639
402;Mannen en Vrouwen;7 jaar;2041;2632;2010;622
403;Mannen en Vrouwen;7 jaar;2042;2645;2025;620
404;Mannen en Vrouwen;7 jaar;2043;2648;2038;610
405;Mannen en Vrouwen;7 jaar;2044;2656;2044;612
406;Mannen en Vrouwen;7 jaar;2045;2657;2046;611
407;Mannen en Vrouwen;7 jaar;2046;2658;2044;614
408;Mannen en Vrouwen;7 jaar;2047;2659;2042;617
409;Mannen en Vrouwen;7 jaar;2048;2657;2037;620
410;Mannen en Vrouwen;7 jaar;2049;2656;2034;622
411;Mannen en Vrouwen;7 jaar;2050;2659;2030;629
412;Mannen en Vrouwen;7 jaar;2051;2653;2026;627
413;Mannen en Vrouwen;7 jaar;2052;2653;2022;631
414;Mannen en Vrouwen;7 jaar;2053;2649;2018;631
415;Mannen en Vrouwen;7 jaar;2054;2649;2013;636
416;Mannen en Vrouwen;7 jaar;2055;2649;2010;639
417;Mannen en Vrouwen;7 jaar;2056;2646;2006;640
418;Mannen en Vrouwen;7 jaar;2057;2645;2003;642
419;Mannen en Vrouwen;7 jaar;2058;2642;2001;641
420;Mannen en Vrouwen;7 jaar;2059;2641;1999;642
421;Mannen en Vrouwen;7 jaar;2060;2640;1997;643
422;Mannen en Vrouwen;7 jaar;2061;2640;1997;643
423;Mannen en Vrouwen;7 jaar;2062;2641;1996;645
424;Mannen en Vrouwen;7 jaar;2063;2640;1997;643
425;Mannen en Vrouwen;7 jaar;2064;2640;1998;642
426;Mannen en Vrouwen;7 jaar;2065;2641;2000;641
427;Mannen en Vrouwen;7 jaar;2066;2645;2003;642
428;Mannen en Vrouwen;7 jaar;2067;2645;2007;638
429;Mannen en Vrouwen;7 jaar;2068;2647;2012;635
430;Mannen en Vrouwen;7 jaar;2069;2649;2016;633
431;Mannen en Vrouwen;7 jaar;2070;2650;2027;623
432;Mannen en Vrouwen;8 jaar;2023;2733;1552;1181
433;Mannen en Vrouwen;8 jaar;2024;2554;1540;1014
434;Mannen en Vrouwen;8 jaar;2025;2441;1535;906
435;Mannen en Vrouwen;8 jaar;2026;2339;1562;777
436;Mannen en Vrouwen;8 jaar;2027;2323;1616;707
437;Mannen en Vrouwen;8 jaar;2028;2341;1684;657
438;Mannen en Vrouwen;8 jaar;2029;2385;1731;654
439;Mannen en Vrouwen;8 jaar;2030;2381;1649;732
440;Mannen en Vrouwen;8 jaar;2031;2391;1628;763
441;Mannen en Vrouwen;8 jaar;2032;2416;1629;787
442;Mannen en Vrouwen;8 jaar;2033;2426;1632;794
443;Mannen en Vrouwen;8 jaar;2034;2431;1644;787
444;Mannen en Vrouwen;8 jaar;2035;2438;1660;778
445;Mannen en Vrouwen;8 jaar;2036;2449;1680;769
446;Mannen en Vrouwen;8 jaar;2037;2456;1704;752
447;Mannen en Vrouwen;8 jaar;2038;2466;1729;737
448;Mannen en Vrouwen;8 jaar;2039;2478;1751;727
449;Mannen en Vrouwen;8 jaar;2040;2490;1771;719
450;Mannen en Vrouwen;8 jaar;2041;2500;1790;710
451;Mannen en Vrouwen;8 jaar;2042;2510;1804;706
452;Mannen en Vrouwen;8 jaar;2043;2516;1818;698
453;Mannen en Vrouwen;8 jaar;2044;2521;1827;694
454;Mannen en Vrouwen;8 jaar;2045;2526;1832;694
455;Mannen en Vrouwen;8 jaar;2046;2530;1834;696
456;Mannen en Vrouwen;8 jaar;2047;2530;1833;697
457;Mannen en Vrouwen;8 jaar;2048;2530;1829;701
458;Mannen en Vrouwen;8 jaar;2049;2529;1826;703
459;Mannen en Vrouwen;8 jaar;2050;2528;1823;705
460;Mannen en Vrouwen;8 jaar;2051;2526;1819;707
461;Mannen en Vrouwen;8 jaar;2052;2525;1816;709
462;Mannen en Vrouwen;8 jaar;2053;2522;1811;711
463;Mannen en Vrouwen;8 jaar;2054;2519;1807;712
464;Mannen en Vrouwen;8 jaar;2055;2517;1803;714
465;Mannen en Vrouwen;8 jaar;2056;2518;1800;718
466;Mannen en Vrouwen;8 jaar;2057;2514;1797;717
467;Mannen en Vrouwen;8 jaar;2058;2512;1795;717
468;Mannen en Vrouwen;8 jaar;2059;2512;1792;720
469;Mannen en Vrouwen;8 jaar;2060;2510;1792;718
470;Mannen en Vrouwen;8 jaar;2061;2509;1789;720
471;Mannen en Vrouwen;8 jaar;2062;2512;1788;724
472;Mannen en Vrouwen;8 jaar;2063;2510;1788;722
473;Mannen en Vrouwen;8 jaar;2064;2511;1788;723
474;Mannen en Vrouwen;8 jaar;2065;2512;1790;722
475;Mannen en Vrouwen;8 jaar;2066;2512;1792;720
476;Mannen en Vrouwen;8 jaar;2067;2514;1794;720
477;Mannen en Vrouwen;8 jaar;2068;2517;1797;720
478;Mannen en Vrouwen;8 jaar;2069;2521;1802;719
479;Mannen en Vrouwen;8 jaar;2070;2523;1811;712
480;Mannen en Vrouwen;9 jaar;2023;2694;1486;1208
481;Mannen en Vrouwen;9 jaar;2024;2505;1432;1073
482;Mannen en Vrouwen;9 jaar;2025;2404;1444;960
483;Mannen en Vrouwen;9 jaar;2026;2297;1452;845
484;Mannen en Vrouwen;9 jaar;2027;2283;1508;775
485;Mannen en Vrouwen;9 jaar;2028;2298;1571;727
486;Mannen en Vrouwen;9 jaar;2029;2327;1559;768
487;Mannen en Vrouwen;9 jaar;2030;2362;1599;763
488;Mannen en Vrouwen;9 jaar;2031;2357;1527;830
489;Mannen en Vrouwen;9 jaar;2032;2362;1508;854
490;Mannen en Vrouwen;9 jaar;2033;2379;1506;873
491;Mannen en Vrouwen;9 jaar;2034;2388;1509;879
492;Mannen en Vrouwen;9 jaar;2035;2393;1520;873
493;Mannen en Vrouwen;9 jaar;2036;2395;1535;860
494;Mannen en Vrouwen;9 jaar;2037;2405;1552;853
495;Mannen en Vrouwen;9 jaar;2038;2412;1573;839
496;Mannen en Vrouwen;9 jaar;2039;2422;1593;829
497;Mannen en Vrouwen;9 jaar;2040;2436;1613;823
498;Mannen en Vrouwen;9 jaar;2041;2448;1631;817
499;Mannen en Vrouwen;9 jaar;2042;2457;1645;812
500;Mannen en Vrouwen;9 jaar;2043;2463;1660;803
501;Mannen en Vrouwen;9 jaar;2044;2475;1671;804
502;Mannen en Vrouwen;9 jaar;2045;2476;1679;797
503;Mannen en Vrouwen;9 jaar;2046;2478;1683;795
504;Mannen en Vrouwen;9 jaar;2047;2484;1685;799
505;Mannen en Vrouwen;9 jaar;2048;2485;1682;803
506;Mannen en Vrouwen;9 jaar;2049;2485;1682;803
507;Mannen en Vrouwen;9 jaar;2050;2484;1678;806
508;Mannen en Vrouwen;9 jaar;2051;2483;1675;808
509;Mannen en Vrouwen;9 jaar;2052;2480;1671;809
510;Mannen en Vrouwen;9 jaar;2053;2477;1668;809
511;Mannen en Vrouwen;9 jaar;2054;2476;1663;813
512;Mannen en Vrouwen;9 jaar;2055;2473;1661;812
513;Mannen en Vrouwen;9 jaar;2056;2472;1657;815
514;Mannen en Vrouwen;9 jaar;2057;2471;1655;816
515;Mannen en Vrouwen;9 jaar;2058;2469;1652;817
516;Mannen en Vrouwen;9 jaar;2059;2469;1649;820
517;Mannen en Vrouwen;9 jaar;2060;2469;1647;822
518;Mannen en Vrouwen;9 jaar;2061;2468;1647;821
519;Mannen en Vrouwen;9 jaar;2062;2469;1645;824
520;Mannen en Vrouwen;9 jaar;2063;2471;1646;825
521;Mannen en Vrouwen;9 jaar;2064;2470;1645;825
522;Mannen en Vrouwen;9 jaar;2065;2471;1645;826
523;Mannen en Vrouwen;9 jaar;2066;2472;1646;826
524;Mannen en Vrouwen;9 jaar;2067;2473;1647;826
525;Mannen en Vrouwen;9 jaar;2068;2473;1650;823
526;Mannen en Vrouwen;9 jaar;2069;2474;1653;821
527;Mannen en Vrouwen;9 jaar;2070;2475;1659;816
528;Mannen en Vrouwen;10 jaar;2023;2601;1355;1246
529;Mannen en Vrouwen;10 jaar;2024;2420;1349;1071
530;Mannen en Vrouwen;10 jaar;2025;2303;1331;972
531;Mannen en Vrouwen;10 jaar;2026;2208;1354;854
532;Mannen en Vrouwen;10 jaar;2027;2189;1395;794
533;Mannen en Vrouwen;10 jaar;2028;2206;1460;746
534;Mannen en Vrouwen;10 jaar;2029;2229;1450;779
535;Mannen en Vrouwen;10 jaar;2030;2246;1439;807
536;Mannen en Vrouwen;10 jaar;2031;2285;1473;812
537;Mannen en Vrouwen;10 jaar;2032;2277;1408;869
538;Mannen en Vrouwen;10 jaar;2033;2268;1387;881
539;Mannen en Vrouwen;10 jaar;2034;2279;1387;892
540;Mannen en Vrouwen;10 jaar;2035;2285;1390;895
541;Mannen en Vrouwen;10 jaar;2036;2287;1399;888
542;Mannen en Vrouwen;10 jaar;2037;2292;1412;880
543;Mannen en Vrouwen;10 jaar;2038;2301;1427;874
544;Mannen en Vrouwen;10 jaar;2039;2312;1446;866
545;Mannen en Vrouwen;10 jaar;2040;2324;1464;860
546;Mannen en Vrouwen;10 jaar;2041;2335;1480;855
547;Mannen en Vrouwen;10 jaar;2042;2346;1494;852
548;Mannen en Vrouwen;10 jaar;2043;2357;1508;849
549;Mannen en Vrouwen;10 jaar;2044;2362;1519;843
550;Mannen en Vrouwen;10 jaar;2045;2370;1530;840
551;Mannen en Vrouwen;10 jaar;2046;2374;1536;838
552;Mannen en Vrouwen;10 jaar;2047;2377;1540;837
553;Mannen en Vrouwen;10 jaar;2048;2380;1541;839
554;Mannen en Vrouwen;10 jaar;2049;2379;1539;840
555;Mannen en Vrouwen;10 jaar;2050;2379;1537;842
556;Mannen en Vrouwen;10 jaar;2051;2380;1535;845
557;Mannen en Vrouwen;10 jaar;2052;2378;1533;845
558;Mannen en Vrouwen;10 jaar;2053;2378;1529;849
559;Mannen en Vrouwen;10 jaar;2054;2376;1525;851
560;Mannen en Vrouwen;10 jaar;2055;2374;1522;852
561;Mannen en Vrouwen;10 jaar;2056;2372;1520;852
562;Mannen en Vrouwen;10 jaar;2057;2370;1516;854
563;Mannen en Vrouwen;10 jaar;2058;2369;1514;855
564;Mannen en Vrouwen;10 jaar;2059;2368;1512;856
565;Mannen en Vrouwen;10 jaar;2060;2368;1510;858
566;Mannen en Vrouwen;10 jaar;2061;2367;1508;859
567;Mannen en Vrouwen;10 jaar;2062;2366;1508;858
568;Mannen en Vrouwen;10 jaar;2063;2364;1506;858
569;Mannen en Vrouwen;10 jaar;2064;2366;1506;860
570;Mannen en Vrouwen;10 jaar;2065;2366;1505;861
571;Mannen en Vrouwen;10 jaar;2066;2365;1505;860
572;Mannen en Vrouwen;10 jaar;2067;2364;1506;858
573;Mannen en Vrouwen;10 jaar;2068;2365;1507;858
574;Mannen en Vrouwen;10 jaar;2069;2367;1509;858
575;Mannen en Vrouwen;10 jaar;2070;2369;1514;855
576;Mannen en Vrouwen;11 jaar;2023;2508;1297;1211
577;Mannen en Vrouwen;11 jaar;2024;2323;1227;1096
578;Mannen en Vrouwen;11 jaar;2025;2221;1241;980
579;Mannen en Vrouwen;11 jaar;2026;2118;1237;881
580;Mannen en Vrouwen;11 jaar;2027;2112;1289;823
581;Mannen en Vrouwen;11 jaar;2028;2118;1337;781
582;Mannen en Vrouwen;11 jaar;2029;2146;1334;812
583;Mannen en Vrouwen;11 jaar;2030;2162;1324;838
584;Mannen en Vrouwen;11 jaar;2031;2181;1313;868
585;Mannen en Vrouwen;11 jaar;2032;2211;1341;870
586;Mannen en Vrouwen;11 jaar;2033;2195;1283;912
587;Mannen en Vrouwen;11 jaar;2034;2190;1265;925
588;Mannen en Vrouwen;11 jaar;2035;2199;1263;936
589;Mannen en Vrouwen;11 jaar;2036;2202;1266;936
590;Mannen en Vrouwen;11 jaar;2037;2205;1275;930
591;Mannen en Vrouwen;11 jaar;2038;2206;1286;920
592;Mannen en Vrouwen;11 jaar;2039;2219;1299;920
593;Mannen en Vrouwen;11 jaar;2040;2227;1313;914
594;Mannen en Vrouwen;11 jaar;2041;2235;1329;906
595;Mannen en Vrouwen;11 jaar;2042;2246;1343;903
596;Mannen en Vrouwen;11 jaar;2043;2261;1356;905
597;Mannen en Vrouwen;11 jaar;2044;2270;1368;902
598;Mannen en Vrouwen;11 jaar;2045;2275;1378;897
599;Mannen en Vrouwen;11 jaar;2046;2282;1386;896
600;Mannen en Vrouwen;11 jaar;2047;2288;1391;897
601;Mannen en Vrouwen;11 jaar;2048;2286;1396;890
602;Mannen en Vrouwen;11 jaar;2049;2286;1396;890
603;Mannen en Vrouwen;11 jaar;2050;2286;1394;892
604;Mannen en Vrouwen;11 jaar;2051;2287;1392;895
605;Mannen en Vrouwen;11 jaar;2052;2288;1390;898
606;Mannen en Vrouwen;11 jaar;2053;2287;1386;901
607;Mannen en Vrouwen;11 jaar;2054;2286;1383;903
608;Mannen en Vrouwen;11 jaar;2055;2284;1380;904
609;Mannen en Vrouwen;11 jaar;2056;2282;1378;904
610;Mannen en Vrouwen;11 jaar;2057;2280;1375;905
611;Mannen en Vrouwen;11 jaar;2058;2280;1373;907
612;Mannen en Vrouwen;11 jaar;2059;2281;1371;910
613;Mannen en Vrouwen;11 jaar;2060;2279;1369;910
614;Mannen en Vrouwen;11 jaar;2061;2278;1366;912
615;Mannen en Vrouwen;11 jaar;2062;2279;1366;913
616;Mannen en Vrouwen;11 jaar;2063;2278;1365;913
617;Mannen en Vrouwen;11 jaar;2064;2276;1363;913
618;Mannen en Vrouwen;11 jaar;2065;2275;1363;912
619;Mannen en Vrouwen;11 jaar;2066;2276;1362;914
620;Mannen en Vrouwen;11 jaar;2067;2275;1363;912
621;Mannen en Vrouwen;11 jaar;2068;2274;1363;911
622;Mannen en Vrouwen;11 jaar;2069;2273;1364;909
623;Mannen en Vrouwen;11 jaar;2070;2273;1368;905
624;Mannen en Vrouwen;12 jaar;2023;2412;1184;1228
625;Mannen en Vrouwen;12 jaar;2024;2234;1162;1072
626;Mannen en Vrouwen;12 jaar;2025;2120;1123;997
627;Mannen en Vrouwen;12 jaar;2026;2027;1149;878
628;Mannen en Vrouwen;12 jaar;2027;2013;1184;829
629;Mannen en Vrouwen;12 jaar;2028;2030;1244;786
630;Mannen en Vrouwen;12 jaar;2029;2048;1232;816
631;Mannen en Vrouwen;12 jaar;2030;2065;1231;834
632;Mannen en Vrouwen;12 jaar;2031;2085;1221;864
633;Mannen en Vrouwen;12 jaar;2032;2096;1210;886
634;Mannen en Vrouwen;12 jaar;2033;2119;1234;885
635;Mannen en Vrouwen;12 jaar;2034;2097;1184;913
636;Mannen en Vrouwen;12 jaar;2035;2091;1169;922
637;Mannen en Vrouwen;12 jaar;2036;2100;1169;931
638;Mannen en Vrouwen;12 jaar;2037;2102;1172;930
639;Mannen en Vrouwen;12 jaar;2038;2107;1179;928
640;Mannen en Vrouwen;12 jaar;2039;2110;1189;921
641;Mannen en Vrouwen;12 jaar;2040;2117;1200;917
642;Mannen en Vrouwen;12 jaar;2041;2129;1213;916
643;Mannen en Vrouwen;12 jaar;2042;2140;1227;913
644;Mannen en Vrouwen;12 jaar;2043;2147;1239;908
645;Mannen en Vrouwen;12 jaar;2044;2157;1251;906
646;Mannen en Vrouwen;12 jaar;2045;2166;1261;905
647;Mannen en Vrouwen;12 jaar;2046;2171;1269;902
648;Mannen en Vrouwen;12 jaar;2047;2174;1277;897
649;Mannen en Vrouwen;12 jaar;2048;2180;1282;898
650;Mannen en Vrouwen;12 jaar;2049;2181;1284;897
651;Mannen en Vrouwen;12 jaar;2050;2182;1285;897
652;Mannen en Vrouwen;12 jaar;2051;2184;1284;900
653;Mannen en Vrouwen;12 jaar;2052;2182;1283;899
654;Mannen en Vrouwen;12 jaar;2053;2181;1281;900
655;Mannen en Vrouwen;12 jaar;2054;2184;1278;906
656;Mannen en Vrouwen;12 jaar;2055;2184;1274;910
657;Mannen en Vrouwen;12 jaar;2056;2180;1272;908
658;Mannen en Vrouwen;12 jaar;2057;2180;1270;910
659;Mannen en Vrouwen;12 jaar;2058;2179;1268;911
660;Mannen en Vrouwen;12 jaar;2059;2179;1266;913
661;Mannen en Vrouwen;12 jaar;2060;2179;1264;915
662;Mannen en Vrouwen;12 jaar;2061;2179;1262;917
663;Mannen en Vrouwen;12 jaar;2062;2177;1261;916
664;Mannen en Vrouwen;12 jaar;2063;2177;1260;917
665;Mannen en Vrouwen;12 jaar;2064;2176;1259;917
666;Mannen en Vrouwen;12 jaar;2065;2174;1258;916
667;Mannen en Vrouwen;12 jaar;2066;2176;1257;919
668;Mannen en Vrouwen;12 jaar;2067;2176;1257;919
669;Mannen en Vrouwen;12 jaar;2068;2176;1257;919
670;Mannen en Vrouwen;12 jaar;2069;2175;1258;917
671;Mannen en Vrouwen;12 jaar;2070;2177;1260;917
672;Mannen en Vrouwen;13 jaar;2023;2341;1138;1203
673;Mannen en Vrouwen;13 jaar;2024;2156;1074;1082
674;Mannen en Vrouwen;13 jaar;2025;2045;1071;974
675;Mannen en Vrouwen;13 jaar;2026;1939;1047;892
676;Mannen en Vrouwen;13 jaar;2027;1929;1106;823
677;Mannen en Vrouwen;13 jaar;2028;1936;1151;785
678;Mannen en Vrouwen;13 jaar;2029;1961;1155;806
679;Mannen en Vrouwen;13 jaar;2030;1976;1143;833
680;Mannen en Vrouwen;13 jaar;2031;1996;1141;855
681;Mannen en Vrouwen;13 jaar;2032;2010;1132;878
682;Mannen en Vrouwen;13 jaar;2033;2013;1122;891
683;Mannen en Vrouwen;13 jaar;2034;2027;1141;886
684;Mannen en Vrouwen;13 jaar;2035;2014;1097;917
685;Mannen en Vrouwen;13 jaar;2036;2007;1085;922
686;Mannen en Vrouwen;13 jaar;2037;2012;1085;927
687;Mannen en Vrouwen;13 jaar;2038;2012;1089;923
688;Mannen en Vrouwen;13 jaar;2039;2017;1095;922
689;Mannen en Vrouwen;13 jaar;2040;2020;1104;916
690;Mannen en Vrouwen;13 jaar;2041;2024;1113;911
691;Mannen en Vrouwen;13 jaar;2042;2035;1125;910
692;Mannen en Vrouwen;13 jaar;2043;2045;1137;908
693;Mannen en Vrouwen;13 jaar;2044;2057;1148;909
694;Mannen en Vrouwen;13 jaar;2045;2062;1159;903
695;Mannen en Vrouwen;13 jaar;2046;2067;1168;899
696;Mannen en Vrouwen;13 jaar;2047;2073;1175;898
697;Mannen en Vrouwen;13 jaar;2048;2079;1181;898
698;Mannen en Vrouwen;13 jaar;2049;2081;1185;896
699;Mannen en Vrouwen;13 jaar;2050;2083;1188;895
700;Mannen en Vrouwen;13 jaar;2051;2084;1188;896
701;Mannen en Vrouwen;13 jaar;2052;2085;1188;897
702;Mannen en Vrouwen;13 jaar;2053;2083;1186;897
703;Mannen en Vrouwen;13 jaar;2054;2083;1184;899
704;Mannen en Vrouwen;13 jaar;2055;2082;1181;901
705;Mannen en Vrouwen;13 jaar;2056;2084;1179;905
706;Mannen en Vrouwen;13 jaar;2057;2084;1177;907
707;Mannen en Vrouwen;13 jaar;2058;2082;1176;906
708;Mannen en Vrouwen;13 jaar;2059;2082;1174;908
709;Mannen en Vrouwen;13 jaar;2060;2082;1172;910
710;Mannen en Vrouwen;13 jaar;2061;2083;1170;913
711;Mannen en Vrouwen;13 jaar;2062;2083;1170;913
712;Mannen en Vrouwen;13 jaar;2063;2084;1168;916
713;Mannen en Vrouwen;13 jaar;2064;2086;1168;918
714;Mannen en Vrouwen;13 jaar;2065;2084;1166;918
715;Mannen en Vrouwen;13 jaar;2066;2084;1166;918
716;Mannen en Vrouwen;13 jaar;2067;2083;1165;918
717;Mannen en Vrouwen;13 jaar;2068;2081;1165;916
718;Mannen en Vrouwen;13 jaar;2069;2081;1165;916
719;Mannen en Vrouwen;13 jaar;2070;2082;1166;916
720;Mannen en Vrouwen;14 jaar;2023;2327;1093;1234
721;Mannen en Vrouwen;14 jaar;2024;2144;1016;1128
722;Mannen en Vrouwen;14 jaar;2025;2036;978;1058
723;Mannen en Vrouwen;14 jaar;2026;1934;984;950
724;Mannen en Vrouwen;14 jaar;2027;1915;998;917
725;Mannen en Vrouwen;14 jaar;2028;1929;1063;866
726;Mannen en Vrouwen;14 jaar;2029;1942;1058;884
727;Mannen en Vrouwen;14 jaar;2030;1963;1059;904
728;Mannen en Vrouwen;14 jaar;2031;1981;1050;931
729;Mannen en Vrouwen;14 jaar;2032;1995;1046;949
730;Mannen en Vrouwen;14 jaar;2033;1999;1038;961
731;Mannen en Vrouwen;14 jaar;2034;1998;1027;971
732;Mannen en Vrouwen;14 jaar;2035;2014;1044;970
733;Mannen en Vrouwen;14 jaar;2036;1994;1008;986
734;Mannen en Vrouwen;14 jaar;2037;1988;998;990
735;Mannen en Vrouwen;14 jaar;2038;1990;998;992
736;Mannen en Vrouwen;14 jaar;2039;1992;1000;992
737;Mannen en Vrouwen;14 jaar;2040;1994;1006;988
738;Mannen en Vrouwen;14 jaar;2041;2004;1014;990
739;Mannen en Vrouwen;14 jaar;2042;2008;1022;986
740;Mannen en Vrouwen;14 jaar;2043;2017;1033;984
741;Mannen en Vrouwen;14 jaar;2044;2029;1043;986
742;Mannen en Vrouwen;14 jaar;2045;2037;1053;984
743;Mannen en Vrouwen;14 jaar;2046;2044;1062;982
744;Mannen en Vrouwen;14 jaar;2047;2051;1070;981
745;Mannen en Vrouwen;14 jaar;2048;2055;1077;978
746;Mannen en Vrouwen;14 jaar;2049;2058;1082;976
747;Mannen en Vrouwen;14 jaar;2050;2061;1086;975
748;Mannen en Vrouwen;14 jaar;2051;2065;1088;977
749;Mannen en Vrouwen;14 jaar;2052;2065;1089;976
750;Mannen en Vrouwen;14 jaar;2053;2065;1088;977
751;Mannen en Vrouwen;14 jaar;2054;2065;1086;979
752;Mannen en Vrouwen;14 jaar;2055;2062;1084;978
753;Mannen en Vrouwen;14 jaar;2056;2063;1083;980
754;Mannen en Vrouwen;14 jaar;2057;2063;1081;982
755;Mannen en Vrouwen;14 jaar;2058;2063;1080;983
756;Mannen en Vrouwen;14 jaar;2059;2064;1078;986
757;Mannen en Vrouwen;14 jaar;2060;2064;1076;988
758;Mannen en Vrouwen;14 jaar;2061;2064;1076;988
759;Mannen en Vrouwen;14 jaar;2062;2062;1074;988
760;Mannen en Vrouwen;14 jaar;2063;2064;1073;991
761;Mannen en Vrouwen;14 jaar;2064;2065;1071;994
762;Mannen en Vrouwen;14 jaar;2065;2065;1070;995
763;Mannen en Vrouwen;14 jaar;2066;2066;1070;996
764;Mannen en Vrouwen;14 jaar;2067;2063;1070;993
765;Mannen en Vrouwen;14 jaar;2068;2061;1069;992
766;Mannen en Vrouwen;14 jaar;2069;2063;1070;993
767;Mannen en Vrouwen;14 jaar;2070;2064;1070;994
768;Mannen en Vrouwen;15 jaar;2023;2341;1055;1286
769;Mannen en Vrouwen;15 jaar;2024;2166;999;1167
770;Mannen en Vrouwen;15 jaar;2025;2066;958;1108
771;Mannen en Vrouwen;15 jaar;2026;1965;934;1031
772;Mannen en Vrouwen;15 jaar;2027;1945;977;968
773;Mannen en Vrouwen;15 jaar;2028;1946;1002;944
774;Mannen en Vrouwen;15 jaar;2029;1975;1020;955
775;Mannen en Vrouwen;15 jaar;2030;1986;1016;970
776;Mannen en Vrouwen;15 jaar;2031;2009;1016;993
777;Mannen en Vrouwen;15 jaar;2032;2019;1007;1012
778;Mannen en Vrouwen;15 jaar;2033;2030;1004;1026
779;Mannen en Vrouwen;15 jaar;2034;2031;994;1037
780;Mannen en Vrouwen;15 jaar;2035;2029;985;1044
781;Mannen en Vrouwen;15 jaar;2036;2044;1004;1040
782;Mannen en Vrouwen;15 jaar;2037;2026;971;1055
783;Mannen en Vrouwen;15 jaar;2038;2019;961;1058
784;Mannen en Vrouwen;15 jaar;2039;2024;961;1063
785;Mannen en Vrouwen;15 jaar;2040;2026;963;1063
786;Mannen en Vrouwen;15 jaar;2041;2028;968;1060
787;Mannen en Vrouwen;15 jaar;2042;2034;975;1059
788;Mannen en Vrouwen;15 jaar;2043;2042;983;1059
789;Mannen en Vrouwen;15 jaar;2044;2055;992;1063
790;Mannen en Vrouwen;15 jaar;2045;2061;1003;1058
791;Mannen en Vrouwen;15 jaar;2046;2069;1011;1058
792;Mannen en Vrouwen;15 jaar;2047;2075;1019;1056
793;Mannen en Vrouwen;15 jaar;2048;2080;1026;1054
794;Mannen en Vrouwen;15 jaar;2049;2087;1033;1054
795;Mannen en Vrouwen;15 jaar;2050;2087;1037;1050
796;Mannen en Vrouwen;15 jaar;2051;2093;1041;1052
797;Mannen en Vrouwen;15 jaar;2052;2094;1043;1051
798;Mannen en Vrouwen;15 jaar;2053;2093;1043;1050
799;Mannen en Vrouwen;15 jaar;2054;2094;1041;1053
800;Mannen en Vrouwen;15 jaar;2055;2093;1040;1053
801;Mannen en Vrouwen;15 jaar;2056;2093;1039;1054
802;Mannen en Vrouwen;15 jaar;2057;2094;1038;1056
803;Mannen en Vrouwen;15 jaar;2058;2097;1037;1060
804;Mannen en Vrouwen;15 jaar;2059;2096;1035;1061
805;Mannen en Vrouwen;15 jaar;2060;2094;1033;1061
806;Mannen en Vrouwen;15 jaar;2061;2094;1033;1061
807;Mannen en Vrouwen;15 jaar;2062;2094;1030;1064
808;Mannen en Vrouwen;15 jaar;2063;2094;1029;1065
809;Mannen en Vrouwen;15 jaar;2064;2095;1028;1067
810;Mannen en Vrouwen;15 jaar;2065;2095;1027;1068
811;Mannen en Vrouwen;15 jaar;2066;2095;1026;1069
812;Mannen en Vrouwen;15 jaar;2067;2097;1026;1071
813;Mannen en Vrouwen;15 jaar;2068;2095;1026;1069
814;Mannen en Vrouwen;15 jaar;2069;2095;1025;1070
815;Mannen en Vrouwen;15 jaar;2070;2094;1025;1069
816;Mannen en Vrouwen;16 jaar;2023;2471;950;1521
817;Mannen en Vrouwen;16 jaar;2024;2281;933;1348
818;Mannen en Vrouwen;16 jaar;2025;2176;908;1268
819;Mannen en Vrouwen;16 jaar;2026;2075;893;1182
820;Mannen en Vrouwen;16 jaar;2027;2056;907;1149
821;Mannen en Vrouwen;16 jaar;2028;2062;962;1100
822;Mannen en Vrouwen;16 jaar;2029;2078;944;1134
823;Mannen en Vrouwen;16 jaar;2030;2096;962;1134
824;Mannen en Vrouwen;16 jaar;2031;2106;958;1148
825;Mannen en Vrouwen;16 jaar;2032;2129;959;1170
826;Mannen en Vrouwen;16 jaar;2033;2131;950;1181
827;Mannen en Vrouwen;16 jaar;2034;2136;949;1187
828;Mannen en Vrouwen;16 jaar;2035;2143;941;1202
829;Mannen en Vrouwen;16 jaar;2036;2136;934;1202
830;Mannen en Vrouwen;16 jaar;2037;2147;951;1196
831;Mannen en Vrouwen;16 jaar;2038;2133;921;1212
832;Mannen en Vrouwen;16 jaar;2039;2130;912;1218
833;Mannen en Vrouwen;16 jaar;2040;2136;913;1223
834;Mannen en Vrouwen;16 jaar;2041;2137;915;1222
835;Mannen en Vrouwen;16 jaar;2042;2142;919;1223
836;Mannen en Vrouwen;16 jaar;2043;2146;926;1220
837;Mannen en Vrouwen;16 jaar;2044;2155;933;1222
838;Mannen en Vrouwen;16 jaar;2045;2161;942;1219
839;Mannen en Vrouwen;16 jaar;2046;2169;951;1218
840;Mannen en Vrouwen;16 jaar;2047;2176;960;1216
841;Mannen en Vrouwen;16 jaar;2048;2185;967;1218
842;Mannen en Vrouwen;16 jaar;2049;2191;974;1217
843;Mannen en Vrouwen;16 jaar;2050;2196;979;1217
844;Mannen en Vrouwen;16 jaar;2051;2200;985;1215
845;Mannen en Vrouwen;16 jaar;2052;2200;987;1213
846;Mannen en Vrouwen;16 jaar;2053;2205;989;1216
847;Mannen en Vrouwen;16 jaar;2054;2207;990;1217
848;Mannen en Vrouwen;16 jaar;2055;2206;989;1217
849;Mannen en Vrouwen;16 jaar;2056;2205;987;1218
850;Mannen en Vrouwen;16 jaar;2057;2205;986;1219
851;Mannen en Vrouwen;16 jaar;2058;2206;985;1221
852;Mannen en Vrouwen;16 jaar;2059;2205;984;1221
853;Mannen en Vrouwen;16 jaar;2060;2206;983;1223
854;Mannen en Vrouwen;16 jaar;2061;2206;982;1224
855;Mannen en Vrouwen;16 jaar;2062;2205;979;1226
856;Mannen en Vrouwen;16 jaar;2063;2205;979;1226
857;Mannen en Vrouwen;16 jaar;2064;2208;978;1230
858;Mannen en Vrouwen;16 jaar;2065;2206;977;1229
859;Mannen en Vrouwen;16 jaar;2066;2205;975;1230
860;Mannen en Vrouwen;16 jaar;2067;2206;976;1230
861;Mannen en Vrouwen;16 jaar;2068;2205;974;1231
862;Mannen en Vrouwen;16 jaar;2069;2204;975;1229
863;Mannen en Vrouwen;16 jaar;2070;2204;975;1229
864;Mannen en Vrouwen;17 jaar;2023;2837;904;1933
865;Mannen en Vrouwen;17 jaar;2024;2551;847;1704
866;Mannen en Vrouwen;17 jaar;2025;2391;841;1550
867;Mannen en Vrouwen;17 jaar;2026;2244;825;1419
868;Mannen en Vrouwen;17 jaar;2027;2234;848;1386
869;Mannen en Vrouwen;17 jaar;2028;2237;873;1364
870;Mannen en Vrouwen;17 jaar;2029;2255;882;1373
871;Mannen en Vrouwen;17 jaar;2030;2265;869;1396
872;Mannen en Vrouwen;17 jaar;2031;2293;884;1409
873;Mannen en Vrouwen;17 jaar;2032;2301;880;1421
874;Mannen en Vrouwen;17 jaar;2033;2318;879;1439
875;Mannen en Vrouwen;17 jaar;2034;2313;874;1439
876;Mannen en Vrouwen;17 jaar;2035;2318;873;1445
877;Mannen en Vrouwen;17 jaar;2036;2324;867;1457
878;Mannen en Vrouwen;17 jaar;2037;2316;860;1456
879;Mannen en Vrouwen;17 jaar;2038;2329;875;1454
880;Mannen en Vrouwen;17 jaar;2039;2313;850;1463
881;Mannen en Vrouwen;17 jaar;2040;2312;841;1471
882;Mannen en Vrouwen;17 jaar;2041;2314;842;1472
883;Mannen en Vrouwen;17 jaar;2042;2319;844;1475
884;Mannen en Vrouwen;17 jaar;2043;2322;847;1475
885;Mannen en Vrouwen;17 jaar;2044;2330;854;1476
886;Mannen en Vrouwen;17 jaar;2045;2338;861;1477
887;Mannen en Vrouwen;17 jaar;2046;2346;868;1478
888;Mannen en Vrouwen;17 jaar;2047;2353;875;1478
889;Mannen en Vrouwen;17 jaar;2048;2358;881;1477
890;Mannen en Vrouwen;17 jaar;2049;2370;888;1482
891;Mannen en Vrouwen;17 jaar;2050;2373;893;1480
892;Mannen en Vrouwen;17 jaar;2051;2381;899;1482
893;Mannen en Vrouwen;17 jaar;2052;2383;903;1480
894;Mannen en Vrouwen;17 jaar;2053;2385;906;1479
895;Mannen en Vrouwen;17 jaar;2054;2386;906;1480
896;Mannen en Vrouwen;17 jaar;2055;2385;907;1478
897;Mannen en Vrouwen;17 jaar;2056;2385;906;1479
898;Mannen en Vrouwen;17 jaar;2057;2386;905;1481
899;Mannen en Vrouwen;17 jaar;2058;2388;905;1483
900;Mannen en Vrouwen;17 jaar;2059;2389;904;1485
901;Mannen en Vrouwen;17 jaar;2060;2389;903;1486
902;Mannen en Vrouwen;17 jaar;2061;2390;901;1489
903;Mannen en Vrouwen;17 jaar;2062;2389;900;1489
904;Mannen en Vrouwen;17 jaar;2063;2391;900;1491
905;Mannen en Vrouwen;17 jaar;2064;2393;898;1495
906;Mannen en Vrouwen;17 jaar;2065;2393;897;1496
907;Mannen en Vrouwen;17 jaar;2066;2394;896;1498
908;Mannen en Vrouwen;17 jaar;2067;2394;895;1499
909;Mannen en Vrouwen;17 jaar;2068;2393;896;1497
910;Mannen en Vrouwen;17 jaar;2069;2393;895;1498
911;Mannen en Vrouwen;17 jaar;2070;2394;893;1501
912;Mannen en Vrouwen;18 jaar;2023;9447;1596;7851
913;Mannen en Vrouwen;18 jaar;2024;9064;1614;7450
914;Mannen en Vrouwen;18 jaar;2025;8884;1631;7253
915;Mannen en Vrouwen;18 jaar;2026;8720;1694;7026
916;Mannen en Vrouwen;18 jaar;2027;8738;1769;6969
917;Mannen en Vrouwen;18 jaar;2028;8739;1876;6863
918;Mannen en Vrouwen;18 jaar;2029;8766;1867;6899
919;Mannen en Vrouwen;18 jaar;2030;8772;1906;6866
920;Mannen en Vrouwen;18 jaar;2031;8775;1890;6885
921;Mannen en Vrouwen;18 jaar;2032;8797;1921;6876
922;Mannen en Vrouwen;18 jaar;2033;8767;1921;6846
923;Mannen en Vrouwen;18 jaar;2034;8762;1917;6845
924;Mannen en Vrouwen;18 jaar;2035;8760;1909;6851
925;Mannen en Vrouwen;18 jaar;2036;8767;1912;6855
926;Mannen en Vrouwen;18 jaar;2037;8773;1901;6872
927;Mannen en Vrouwen;18 jaar;2038;8765;1896;6869
928;Mannen en Vrouwen;18 jaar;2039;8783;1920;6863
929;Mannen en Vrouwen;18 jaar;2040;8756;1879;6877
930;Mannen en Vrouwen;18 jaar;2041;8747;1864;6883
931;Mannen en Vrouwen;18 jaar;2042;8755;1861;6894
932;Mannen en Vrouwen;18 jaar;2043;8764;1862;6902
933;Mannen en Vrouwen;18 jaar;2044;8772;1866;6906
934;Mannen en Vrouwen;18 jaar;2045;8781;1873;6908
935;Mannen en Vrouwen;18 jaar;2046;8798;1880;6918
936;Mannen en Vrouwen;18 jaar;2047;8811;1890;6921
937;Mannen en Vrouwen;18 jaar;2048;8830;1899;6931
938;Mannen en Vrouwen;18 jaar;2049;8847;1907;6940
939;Mannen en Vrouwen;18 jaar;2050;8859;1914;6945
940;Mannen en Vrouwen;18 jaar;2051;8873;1921;6952
941;Mannen en Vrouwen;18 jaar;2052;8879;1926;6953
942;Mannen en Vrouwen;18 jaar;2053;8890;1930;6960
943;Mannen en Vrouwen;18 jaar;2054;8899;1933;6966
944;Mannen en Vrouwen;18 jaar;2055;8903;1932;6971
945;Mannen en Vrouwen;18 jaar;2056;8903;1931;6972
946;Mannen en Vrouwen;18 jaar;2057;8905;1929;6976
947;Mannen en Vrouwen;18 jaar;2058;8905;1925;6980
948;Mannen en Vrouwen;18 jaar;2059;8908;1923;6985
949;Mannen en Vrouwen;18 jaar;2060;8907;1920;6987
950;Mannen en Vrouwen;18 jaar;2061;8905;1916;6989
951;Mannen en Vrouwen;18 jaar;2062;8904;1914;6990
952;Mannen en Vrouwen;18 jaar;2063;8904;1911;6993
953;Mannen en Vrouwen;18 jaar;2064;8902;1907;6995
954;Mannen en Vrouwen;18 jaar;2065;8901;1905;6996
955;Mannen en Vrouwen;18 jaar;2066;8905;1902;7003
956;Mannen en Vrouwen;18 jaar;2067;8905;1900;7005
957;Mannen en Vrouwen;18 jaar;2068;8904;1898;7006
958;Mannen en Vrouwen;18 jaar;2069;8903;1896;7007
959;Mannen en Vrouwen;18 jaar;2070;8907;1894;7013
960;Mannen en Vrouwen;19 jaar;2023;12336;2828;9508
961;Mannen en Vrouwen;19 jaar;2024;12056;2845;9211
962;Mannen en Vrouwen;19 jaar;2025;11909;2910;8999
963;Mannen en Vrouwen;19 jaar;2026;11729;2992;8737
964;Mannen en Vrouwen;19 jaar;2027;11765;3153;8612
965;Mannen en Vrouwen;19 jaar;2028;11742;3289;8453
966;Mannen en Vrouwen;19 jaar;2029;11759;3309;8450
967;Mannen en Vrouwen;19 jaar;2030;11750;3290;8460
968;Mannen en Vrouwen;19 jaar;2031;11740;3328;8412
969;Mannen en Vrouwen;19 jaar;2032;11704;3298;8406
970;Mannen en Vrouwen;19 jaar;2033;11676;3324;8352
971;Mannen en Vrouwen;19 jaar;2034;11625;3316;8309
972;Mannen en Vrouwen;19 jaar;2035;11650;3305;8345
973;Mannen en Vrouwen;19 jaar;2036;11636;3295;8341
974;Mannen en Vrouwen;19 jaar;2037;11644;3294;8350
975;Mannen en Vrouwen;19 jaar;2038;11649;3280;8369
976;Mannen en Vrouwen;19 jaar;2039;11638;3268;8370
977;Mannen en Vrouwen;19 jaar;2040;11663;3297;8366
978;Mannen en Vrouwen;19 jaar;2041;11633;3237;8396
979;Mannen en Vrouwen;19 jaar;2042;11622;3214;8408
980;Mannen en Vrouwen;19 jaar;2043;11629;3207;8422
981;Mannen en Vrouwen;19 jaar;2044;11642;3205;8437
982;Mannen en Vrouwen;19 jaar;2045;11649;3206;8443
983;Mannen en Vrouwen;19 jaar;2046;11655;3211;8444
984;Mannen en Vrouwen;19 jaar;2047;11675;3216;8459
985;Mannen en Vrouwen;19 jaar;2048;11690;3225;8465
986;Mannen en Vrouwen;19 jaar;2049;11710;3234;8476
987;Mannen en Vrouwen;19 jaar;2050;11729;3240;8489
988;Mannen en Vrouwen;19 jaar;2051;11742;3248;8494
989;Mannen en Vrouwen;19 jaar;2052;11754;3252;8502
990;Mannen en Vrouwen;19 jaar;2053;11764;3255;8509
991;Mannen en Vrouwen;19 jaar;2054;11776;3257;8519
992;Mannen en Vrouwen;19 jaar;2055;11781;3257;8524
993;Mannen en Vrouwen;19 jaar;2056;11789;3254;8535
994;Mannen en Vrouwen;19 jaar;2057;11789;3250;8539
995;Mannen en Vrouwen;19 jaar;2058;11791;3244;8547
996;Mannen en Vrouwen;19 jaar;2059;11790;3238;8552
997;Mannen en Vrouwen;19 jaar;2060;11790;3231;8559
998;Mannen en Vrouwen;19 jaar;2061;11789;3225;8564
999;Mannen en Vrouwen;19 jaar;2062;11793;3219;8574
1000;Mannen en Vrouwen;19 jaar;2063;11791;3213;8578
1001;Mannen en Vrouwen;19 jaar;2064;11789;3207;8582
1002;Mannen en Vrouwen;19 jaar;2065;11787;3200;8587
1003;Mannen en Vrouwen;19 jaar;2066;11789;3195;8594
1004;Mannen en Vrouwen;19 jaar;2067;11789;3190;8599
1005;Mannen en Vrouwen;19 jaar;2068;11790;3185;8605
1006;Mannen en Vrouwen;19 jaar;2069;11789;3181;8608
1007;Mannen en Vrouwen;19 jaar;2070;11792;3175;8617
1008;Mannen en Vrouwen;20 jaar;2023;12257;5011;7246
1009;Mannen en Vrouwen;20 jaar;2024;11958;5009;6949
1010;Mannen en Vrouwen;20 jaar;2025;11800;5059;6741
1011;Mannen en Vrouwen;20 jaar;2026;11619;5211;6408
1012;Mannen en Vrouwen;20 jaar;2027;11649;5427;6222
1013;Mannen en Vrouwen;20 jaar;2028;11639;5679;5960
1014;Mannen en Vrouwen;20 jaar;2029;11661;5675;5986
1015;Mannen en Vrouwen;20 jaar;2030;11665;5686;5979
1016;Mannen en Vrouwen;20 jaar;2031;11660;5645;6015
1017;Mannen en Vrouwen;20 jaar;2032;11636;5667;5969
1018;Mannen en Vrouwen;20 jaar;2033;11575;5606;5969
1019;Mannen en Vrouwen;20 jaar;2034;11550;5633;5917
1020;Mannen en Vrouwen;20 jaar;2035;11545;5617;5928
1021;Mannen en Vrouwen;20 jaar;2036;11562;5599;5963
1022;Mannen en Vrouwen;20 jaar;2037;11553;5583;5970
1023;Mannen en Vrouwen;20 jaar;2038;11562;5575;5987
1024;Mannen en Vrouwen;20 jaar;2039;11567;5548;6019
1025;Mannen en Vrouwen;20 jaar;2040;11559;5531;6028
1026;Mannen en Vrouwen;20 jaar;2041;11580;5564;6016
1027;Mannen en Vrouwen;20 jaar;2042;11556;5482;6074
1028;Mannen en Vrouwen;20 jaar;2043;11547;5449;6098
1029;Mannen en Vrouwen;20 jaar;2044;11552;5434;6118
1030;Mannen en Vrouwen;20 jaar;2045;11558;5424;6134
1031;Mannen en Vrouwen;20 jaar;2046;11567;5420;6147
1032;Mannen en Vrouwen;20 jaar;2047;11578;5417;6161
1033;Mannen en Vrouwen;20 jaar;2048;11590;5419;6171
1034;Mannen en Vrouwen;20 jaar;2049;11605;5422;6183
1035;Mannen en Vrouwen;20 jaar;2050;11621;5425;6196
1036;Mannen en Vrouwen;20 jaar;2051;11632;5429;6203
1037;Mannen en Vrouwen;20 jaar;2052;11646;5432;6214
1038;Mannen en Vrouwen;20 jaar;2053;11660;5431;6229
1039;Mannen en Vrouwen;20 jaar;2054;11670;5428;6242
1040;Mannen en Vrouwen;20 jaar;2055;11680;5423;6257
1041;Mannen en Vrouwen;20 jaar;2056;11686;5420;6266
1042;Mannen en Vrouwen;20 jaar;2057;11688;5411;6277
1043;Mannen en Vrouwen;20 jaar;2058;11689;5401;6288
1044;Mannen en Vrouwen;20 jaar;2059;11691;5390;6301
1045;Mannen en Vrouwen;20 jaar;2060;11691;5378;6313
1046;Mannen en Vrouwen;20 jaar;2061;11690;5366;6324
1047;Mannen en Vrouwen;20 jaar;2062;11691;5355;6336
1048;Mannen en Vrouwen;20 jaar;2063;11691;5343;6348
1049;Mannen en Vrouwen;20 jaar;2064;11691;5331;6360
1050;Mannen en Vrouwen;20 jaar;2065;11690;5320;6370
1051;Mannen en Vrouwen;20 jaar;2066;11688;5310;6378
1052;Mannen en Vrouwen;20 jaar;2067;11687;5301;6386
1053;Mannen en Vrouwen;20 jaar;2068;11690;5290;6400
1054;Mannen en Vrouwen;20 jaar;2069;11689;5281;6408
1055;Mannen en Vrouwen;20 jaar;2070;11689;5270;6419
1056;Mannen en Vrouwen;21 jaar;2023;12423;7273;5150
1057;Mannen en Vrouwen;21 jaar;2024;12155;8032;4123
1058;Mannen en Vrouwen;21 jaar;2025;12025;8057;3968
1059;Mannen en Vrouwen;21 jaar;2026;11859;8160;3699
1060;Mannen en Vrouwen;21 jaar;2027;11915;8467;3448
1061;Mannen en Vrouwen;21 jaar;2028;11917;8796;3121
1062;Mannen en Vrouwen;21 jaar;2029;11963;8858;3105
1063;Mannen en Vrouwen;21 jaar;2030;11988;8837;3151
1064;Mannen en Vrouwen;21 jaar;2031;12006;8836;3170
1065;Mannen en Vrouwen;21 jaar;2032;11997;8764;3233
1066;Mannen en Vrouwen;21 jaar;2033;11965;8765;3200
1067;Mannen en Vrouwen;21 jaar;2034;11906;8697;3209
1068;Mannen en Vrouwen;21 jaar;2035;11930;8723;3207
1069;Mannen en Vrouwen;21 jaar;2036;11921;8702;3219
1070;Mannen en Vrouwen;21 jaar;2037;11935;8685;3250
1071;Mannen en Vrouwen;21 jaar;2038;11930;8660;3270
1072;Mannen en Vrouwen;21 jaar;2039;11934;8644;3290
1073;Mannen en Vrouwen;21 jaar;2040;11940;8608;3332
1074;Mannen en Vrouwen;21 jaar;2041;11934;8582;3352
1075;Mannen en Vrouwen;21 jaar;2042;11957;8620;3337
1076;Mannen en Vrouwen;21 jaar;2043;11926;8520;3406
1077;Mannen en Vrouwen;21 jaar;2044;11922;8474;3448
1078;Mannen en Vrouwen;21 jaar;2045;11921;8452;3469
1079;Mannen en Vrouwen;21 jaar;2046;11923;8435;3488
1080;Mannen en Vrouwen;21 jaar;2047;11932;8424;3508
1081;Mannen en Vrouwen;21 jaar;2048;11945;8417;3528
1082;Mannen en Vrouwen;21 jaar;2049;11952;8413;3539
1083;Mannen en Vrouwen;21 jaar;2050;11968;8412;3556
1084;Mannen en Vrouwen;21 jaar;2051;11990;8414;3576
1085;Mannen en Vrouwen;21 jaar;2052;11999;8412;3587
1086;Mannen en Vrouwen;21 jaar;2053;12013;8408;3605
1087;Mannen en Vrouwen;21 jaar;2054;12023;8402;3621
1088;Mannen en Vrouwen;21 jaar;2055;12031;8395;3636
1089;Mannen en Vrouwen;21 jaar;2056;12042;8387;3655
1090;Mannen en Vrouwen;21 jaar;2057;12051;8375;3676
1091;Mannen en Vrouwen;21 jaar;2058;12055;8364;3691
1092;Mannen en Vrouwen;21 jaar;2059;12053;8347;3706
1093;Mannen en Vrouwen;21 jaar;2060;12053;8330;3723
1094;Mannen en Vrouwen;21 jaar;2061;12052;8312;3740
1095;Mannen en Vrouwen;21 jaar;2062;12054;8294;3760
1096;Mannen en Vrouwen;21 jaar;2063;12054;8277;3777
1097;Mannen en Vrouwen;21 jaar;2064;12055;8259;3796
1098;Mannen en Vrouwen;21 jaar;2065;12053;8241;3812
1099;Mannen en Vrouwen;21 jaar;2066;12053;8225;3828
1100;Mannen en Vrouwen;21 jaar;2067;12053;8209;3844
1101;Mannen en Vrouwen;21 jaar;2068;12056;8195;3861
1102;Mannen en Vrouwen;21 jaar;2069;12053;8179;3874
1103;Mannen en Vrouwen;21 jaar;2070;12052;8163;3889
1104;Mannen en Vrouwen;22 jaar;2023;13576;8613;4963
1105;Mannen en Vrouwen;22 jaar;2024;13333;9565;3768
1106;Mannen en Vrouwen;22 jaar;2025;13224;10328;2896
1107;Mannen en Vrouwen;22 jaar;2026;13069;10392;2677
1108;Mannen en Vrouwen;22 jaar;2027;13129;10592;2537
1109;Mannen en Vrouwen;22 jaar;2028;13129;10941;2188
1110;Mannen en Vrouwen;22 jaar;2029;13177;10960;2217
1111;Mannen en Vrouwen;22 jaar;2030;13216;11001;2215
1112;Mannen en Vrouwen;22 jaar;2031;13246;10961;2285
1113;Mannen en Vrouwen;22 jaar;2032;13251;10937;2314
1114;Mannen en Vrouwen;22 jaar;2033;13206;10837;2369
1115;Mannen en Vrouwen;22 jaar;2034;13162;10840;2322
1116;Mannen en Vrouwen;22 jaar;2035;13150;10769;2381
1117;Mannen en Vrouwen;22 jaar;2036;13164;10803;2361
1118;Mannen en Vrouwen;22 jaar;2037;13154;10780;2374
1119;Mannen en Vrouwen;22 jaar;2038;13171;10761;2410
1120;Mannen en Vrouwen;22 jaar;2039;13160;10731;2429
1121;Mannen en Vrouwen;22 jaar;2040;13162;10713;2449
1122;Mannen en Vrouwen;22 jaar;2041;13172;10677;2495
1123;Mannen en Vrouwen;22 jaar;2042;13167;10646;2521
1124;Mannen en Vrouwen;22 jaar;2043;13187;10693;2494
1125;Mannen en Vrouwen;22 jaar;2044;13156;10580;2576
1126;Mannen en Vrouwen;22 jaar;2045;13149;10530;2619
1127;Mannen en Vrouwen;22 jaar;2046;13154;10505;2649
1128;Mannen en Vrouwen;22 jaar;2047;13157;10485;2672
1129;Mannen en Vrouwen;22 jaar;2048;13162;10472;2690
1130;Mannen en Vrouwen;22 jaar;2049;13173;10466;2707
1131;Mannen en Vrouwen;22 jaar;2050;13182;10462;2720
1132;Mannen en Vrouwen;22 jaar;2051;13192;10467;2725
1133;Mannen en Vrouwen;22 jaar;2052;13209;10468;2741
1134;Mannen en Vrouwen;22 jaar;2053;13222;10467;2755
1135;Mannen en Vrouwen;22 jaar;2054;13231;10463;2768
1136;Mannen en Vrouwen;22 jaar;2055;13244;10458;2786
1137;Mannen en Vrouwen;22 jaar;2056;13255;10454;2801
1138;Mannen en Vrouwen;22 jaar;2057;13264;10445;2819
1139;Mannen en Vrouwen;22 jaar;2058;13267;10436;2831
1140;Mannen en Vrouwen;22 jaar;2059;13276;10422;2854
1141;Mannen en Vrouwen;22 jaar;2060;13279;10404;2875
1142;Mannen en Vrouwen;22 jaar;2061;13281;10385;2896
1143;Mannen en Vrouwen;22 jaar;2062;13282;10365;2917
1144;Mannen en Vrouwen;22 jaar;2063;13281;10345;2936
1145;Mannen en Vrouwen;22 jaar;2064;13280;10325;2955
1146;Mannen en Vrouwen;22 jaar;2065;13279;10305;2974
1147;Mannen en Vrouwen;22 jaar;2066;13278;10287;2991
1148;Mannen en Vrouwen;22 jaar;2067;13278;10269;3009
1149;Mannen en Vrouwen;22 jaar;2068;13276;10250;3026
1150;Mannen en Vrouwen;22 jaar;2069;13276;10233;3043
1151;Mannen en Vrouwen;22 jaar;2070;13276;10214;3062
1152;Mannen en Vrouwen;23 jaar;2023;14065;9034;5031
1153;Mannen en Vrouwen;23 jaar;2024;13809;9667;4142
1154;Mannen en Vrouwen;23 jaar;2025;13696;10446;3250
1155;Mannen en Vrouwen;23 jaar;2026;13542;11090;2452
1156;Mannen en Vrouwen;23 jaar;2027;13590;11226;2364
1157;Mannen en Vrouwen;23 jaar;2028;13593;11437;2156
1158;Mannen en Vrouwen;23 jaar;2029;13643;11416;2227
1159;Mannen en Vrouwen;23 jaar;2030;13657;11398;2259
1160;Mannen en Vrouwen;23 jaar;2031;13699;11417;2282
1161;Mannen en Vrouwen;23 jaar;2032;13704;11363;2341
1162;Mannen en Vrouwen;23 jaar;2033;13675;11316;2359
1163;Mannen en Vrouwen;23 jaar;2034;13627;11244;2383
1164;Mannen en Vrouwen;23 jaar;2035;13616;11237;2379
1165;Mannen en Vrouwen;23 jaar;2036;13601;11175;2426
1166;Mannen en Vrouwen;23 jaar;2037;13615;11206;2409
1167;Mannen en Vrouwen;23 jaar;2038;13601;11174;2427
1168;Mannen en Vrouwen;23 jaar;2039;13622;11155;2467
1169;Mannen en Vrouwen;23 jaar;2040;13610;11127;2483
1170;Mannen en Vrouwen;23 jaar;2041;13613;11107;2506
1171;Mannen en Vrouwen;23 jaar;2042;13624;11080;2544
1172;Mannen en Vrouwen;23 jaar;2043;13614;11051;2563
1173;Mannen en Vrouwen;23 jaar;2044;13641;11105;2536
1174;Mannen en Vrouwen;23 jaar;2045;13605;10992;2613
1175;Mannen en Vrouwen;23 jaar;2046;13597;10945;2652
1176;Mannen en Vrouwen;23 jaar;2047;13601;10922;2679
1177;Mannen en Vrouwen;23 jaar;2048;13605;10905;2700
1178;Mannen en Vrouwen;23 jaar;2049;13610;10896;2714
1179;Mannen en Vrouwen;23 jaar;2050;13616;10892;2724
1180;Mannen en Vrouwen;23 jaar;2051;13627;10898;2729
1181;Mannen en Vrouwen;23 jaar;2052;13637;10905;2732
1182;Mannen en Vrouwen;23 jaar;2053;13654;10912;2742
1183;Mannen en Vrouwen;23 jaar;2054;13669;10916;2753
1184;Mannen en Vrouwen;23 jaar;2055;13678;10919;2759
1185;Mannen en Vrouwen;23 jaar;2056;13689;10920;2769
1186;Mannen en Vrouwen;23 jaar;2057;13701;10919;2782
1187;Mannen en Vrouwen;23 jaar;2058;13712;10916;2796
1188;Mannen en Vrouwen;23 jaar;2059;13715;10909;2806
1189;Mannen en Vrouwen;23 jaar;2060;13721;10899;2822
1190;Mannen en Vrouwen;23 jaar;2061;13729;10884;2845
1191;Mannen en Vrouwen;23 jaar;2062;13731;10866;2865
1192;Mannen en Vrouwen;23 jaar;2063;13730;10849;2881
1193;Mannen en Vrouwen;23 jaar;2064;13730;10830;2900
1194;Mannen en Vrouwen;23 jaar;2065;13730;10812;2918
1195;Mannen en Vrouwen;23 jaar;2066;13730;10793;2937
1196;Mannen en Vrouwen;23 jaar;2067;13730;10776;2954
1197;Mannen en Vrouwen;23 jaar;2068;13727;10759;2968
1198;Mannen en Vrouwen;23 jaar;2069;13723;10742;2981
1199;Mannen en Vrouwen;23 jaar;2070;13725;10723;3002
1200;Mannen en Vrouwen;24 jaar;2023;13701;8888;4813
1201;Mannen en Vrouwen;24 jaar;2024;13469;9562;3907
1202;Mannen en Vrouwen;24 jaar;2025;13341;10044;3297
1203;Mannen en Vrouwen;24 jaar;2026;13186;10683;2503
1204;Mannen en Vrouwen;24 jaar;2027;13243;11259;1984
1205;Mannen en Vrouwen;24 jaar;2028;13238;11413;1825
1206;Mannen en Vrouwen;24 jaar;2029;13275;11280;1995
1207;Mannen en Vrouwen;24 jaar;2030;13294;11236;2058
1208;Mannen en Vrouwen;24 jaar;2031;13316;11199;2117
1209;Mannen en Vrouwen;24 jaar;2032;13332;11204;2128
1210;Mannen en Vrouwen;24 jaar;2033;13305;11142;2163
1211;Mannen en Vrouwen;24 jaar;2034;13272;11125;2147
1212;Mannen en Vrouwen;24 jaar;2035;13262;11061;2201
1213;Mannen en Vrouwen;24 jaar;2036;13251;11055;2196
1214;Mannen en Vrouwen;24 jaar;2037;13233;11000;2233
1215;Mannen en Vrouwen;24 jaar;2038;13245;11029;2216
1216;Mannen en Vrouwen;24 jaar;2039;13234;10993;2241
1217;Mannen en Vrouwen;24 jaar;2040;13252;10975;2277
1218;Mannen en Vrouwen;24 jaar;2041;13238;10948;2290
1219;Mannen en Vrouwen;24 jaar;2042;13244;10931;2313
1220;Mannen en Vrouwen;24 jaar;2043;13252;10912;2340
1221;Mannen en Vrouwen;24 jaar;2044;13245;10887;2358
1222;Mannen en Vrouwen;24 jaar;2045;13275;10946;2329
1223;Mannen en Vrouwen;24 jaar;2046;13231;10831;2400
1224;Mannen en Vrouwen;24 jaar;2047;13224;10788;2436
1225;Mannen en Vrouwen;24 jaar;2048;13225;10768;2457
1226;Mannen en Vrouwen;24 jaar;2049;13229;10756;2473
1227;Mannen en Vrouwen;24 jaar;2050;13233;10749;2484
1228;Mannen en Vrouwen;24 jaar;2051;13242;10755;2487
1229;Mannen en Vrouwen;24 jaar;2052;13250;10763;2487
1230;Mannen en Vrouwen;24 jaar;2053;13262;10775;2487
1231;Mannen en Vrouwen;24 jaar;2054;13280;10788;2492
1232;Mannen en Vrouwen;24 jaar;2055;13294;10798;2496
1233;Mannen en Vrouwen;24 jaar;2056;13306;10807;2499
1234;Mannen en Vrouwen;24 jaar;2057;13318;10814;2504
1235;Mannen en Vrouwen;24 jaar;2058;13332;10816;2516
1236;Mannen en Vrouwen;24 jaar;2059;13340;10818;2522
1237;Mannen en Vrouwen;24 jaar;2060;13347;10816;2531
1238;Mannen en Vrouwen;24 jaar;2061;13355;10809;2546
1239;Mannen en Vrouwen;24 jaar;2062;13361;10796;2565
1240;Mannen en Vrouwen;24 jaar;2063;13362;10782;2580
1241;Mannen en Vrouwen;24 jaar;2064;13362;10765;2597
1242;Mannen en Vrouwen;24 jaar;2065;13360;10749;2611
1243;Mannen en Vrouwen;24 jaar;2066;13360;10733;2627
1244;Mannen en Vrouwen;24 jaar;2067;13361;10717;2644
1245;Mannen en Vrouwen;24 jaar;2068;13356;10701;2655
1246;Mannen en Vrouwen;24 jaar;2069;13353;10685;2668
1247;Mannen en Vrouwen;24 jaar;2070;13351;10667;2684
1248;Mannen en Vrouwen;25 jaar;2023;13206;8347;4859
1249;Mannen en Vrouwen;25 jaar;2024;12965;8945;4020
1250;Mannen en Vrouwen;25 jaar;2025;12853;9491;3362
1251;Mannen en Vrouwen;25 jaar;2026;12680;9872;2808
1252;Mannen en Vrouwen;25 jaar;2027;12736;10439;2297
1253;Mannen en Vrouwen;25 jaar;2028;12750;10913;1837
1254;Mannen en Vrouwen;25 jaar;2029;12788;10738;2050
1255;Mannen en Vrouwen;25 jaar;2030;12796;10613;2183
1256;Mannen en Vrouwen;25 jaar;2031;12824;10560;2264
1257;Mannen en Vrouwen;25 jaar;2032;12827;10509;2318
1258;Mannen en Vrouwen;25 jaar;2033;12810;10503;2307
1259;Mannen en Vrouwen;25 jaar;2034;12779;10475;2304
1260;Mannen en Vrouwen;25 jaar;2035;12785;10463;2322
1261;Mannen en Vrouwen;25 jaar;2036;12770;10413;2357
1262;Mannen en Vrouwen;25 jaar;2037;12757;10407;2350
1263;Mannen en Vrouwen;25 jaar;2038;12737;10354;2383
1264;Mannen en Vrouwen;25 jaar;2039;12756;10382;2374
1265;Mannen en Vrouwen;25 jaar;2040;12739;10346;2393
1266;Mannen en Vrouwen;25 jaar;2041;12759;10329;2430
1267;Mannen en Vrouwen;25 jaar;2042;12749;10303;2446
1268;Mannen en Vrouwen;25 jaar;2043;12752;10291;2461
1269;Mannen en Vrouwen;25 jaar;2044;12754;10279;2475
1270;Mannen en Vrouwen;25 jaar;2045;12751;10254;2497
1271;Mannen en Vrouwen;25 jaar;2046;12785;10317;2468
1272;Mannen en Vrouwen;25 jaar;2047;12738;10203;2535
1273;Mannen en Vrouwen;25 jaar;2048;12726;10164;2562
1274;Mannen en Vrouwen;25 jaar;2049;12727;10149;2578
1275;Mannen en Vrouwen;25 jaar;2050;12731;10140;2591
1276;Mannen en Vrouwen;25 jaar;2051;12732;10141;2591
1277;Mannen en Vrouwen;25 jaar;2052;12742;10150;2592
1278;Mannen en Vrouwen;25 jaar;2053;12753;10160;2593
1279;Mannen en Vrouwen;25 jaar;2054;12765;10177;2588
1280;Mannen en Vrouwen;25 jaar;2055;12785;10196;2589
1281;Mannen en Vrouwen;25 jaar;2056;12801;10213;2588
1282;Mannen en Vrouwen;25 jaar;2057;12816;10226;2590
1283;Mannen en Vrouwen;25 jaar;2058;12830;10237;2593
1284;Mannen en Vrouwen;25 jaar;2059;12839;10245;2594
1285;Mannen en Vrouwen;25 jaar;2060;12849;10250;2599
1286;Mannen en Vrouwen;25 jaar;2061;12860;10252;2608
1287;Mannen en Vrouwen;25 jaar;2062;12866;10248;2618
1288;Mannen en Vrouwen;25 jaar;2063;12866;10239;2627
1289;Mannen en Vrouwen;25 jaar;2064;12866;10227;2639
1290;Mannen en Vrouwen;25 jaar;2065;12868;10213;2655
1291;Mannen en Vrouwen;25 jaar;2066;12868;10200;2668
1292;Mannen en Vrouwen;25 jaar;2067;12866;10186;2680
1293;Mannen en Vrouwen;25 jaar;2068;12866;10173;2693
1294;Mannen en Vrouwen;25 jaar;2069;12865;10158;2707
1295;Mannen en Vrouwen;25 jaar;2070;12863;10142;2721
1296;Mannen en Vrouwen;26 jaar;2023;12591;7524;5067
1297;Mannen en Vrouwen;26 jaar;2024;12378;8111;4267
1298;Mannen en Vrouwen;26 jaar;2025;12260;8594;3666
1299;Mannen en Vrouwen;26 jaar;2026;12116;9069;3047
1300;Mannen en Vrouwen;26 jaar;2027;12152;9432;2720
1301;Mannen en Vrouwen;26 jaar;2028;12167;9915;2252
1302;Mannen en Vrouwen;26 jaar;2029;12223;9986;2237
1303;Mannen en Vrouwen;26 jaar;2030;12242;9833;2409
1304;Mannen en Vrouwen;26 jaar;2031;12252;9723;2529
1305;Mannen en Vrouwen;26 jaar;2032;12263;9666;2597
1306;Mannen en Vrouwen;26 jaar;2033;12227;9606;2621
1307;Mannen en Vrouwen;26 jaar;2034;12210;9625;2585
1308;Mannen en Vrouwen;26 jaar;2035;12214;9607;2607
1309;Mannen en Vrouwen;26 jaar;2036;12220;9603;2617
1310;Mannen en Vrouwen;26 jaar;2037;12204;9565;2639
1311;Mannen en Vrouwen;26 jaar;2038;12185;9555;2630
1312;Mannen en Vrouwen;26 jaar;2039;12171;9506;2665
1313;Mannen en Vrouwen;26 jaar;2040;12187;9533;2654
1314;Mannen en Vrouwen;26 jaar;2041;12175;9497;2678
1315;Mannen en Vrouwen;26 jaar;2042;12190;9482;2708
1316;Mannen en Vrouwen;26 jaar;2043;12178;9459;2719
1317;Mannen en Vrouwen;26 jaar;2044;12179;9450;2729
1318;Mannen en Vrouwen;26 jaar;2045;12188;9442;2746
1319;Mannen en Vrouwen;26 jaar;2046;12182;9418;2764
1320;Mannen en Vrouwen;26 jaar;2047;12215;9478;2737
1321;Mannen en Vrouwen;26 jaar;2048;12170;9369;2801
1322;Mannen en Vrouwen;26 jaar;2049;12156;9334;2822
1323;Mannen en Vrouwen;26 jaar;2050;12154;9321;2833
1324;Mannen en Vrouwen;26 jaar;2051;12160;9317;2843
1325;Mannen en Vrouwen;26 jaar;2052;12162;9320;2842
1326;Mannen en Vrouwen;26 jaar;2053;12168;9330;2838
1327;Mannen en Vrouwen;26 jaar;2054;12178;9343;2835
1328;Mannen en Vrouwen;26 jaar;2055;12191;9364;2827
1329;Mannen en Vrouwen;26 jaar;2056;12211;9387;2824
1330;Mannen en Vrouwen;26 jaar;2057;12230;9406;2824
1331;Mannen en Vrouwen;26 jaar;2058;12244;9424;2820
1332;Mannen en Vrouwen;26 jaar;2059;12254;9438;2816
1333;Mannen en Vrouwen;26 jaar;2060;12264;9449;2815
1334;Mannen en Vrouwen;26 jaar;2061;12276;9456;2820
1335;Mannen en Vrouwen;26 jaar;2062;12283;9461;2822
1336;Mannen en Vrouwen;26 jaar;2063;12289;9459;2830
1337;Mannen en Vrouwen;26 jaar;2064;12291;9453;2838
1338;Mannen en Vrouwen;26 jaar;2065;12297;9443;2854
1339;Mannen en Vrouwen;26 jaar;2066;12299;9432;2867
1340;Mannen en Vrouwen;26 jaar;2067;12297;9421;2876
1341;Mannen en Vrouwen;26 jaar;2068;12294;9409;2885
1342;Mannen en Vrouwen;26 jaar;2069;12294;9398;2896
1343;Mannen en Vrouwen;26 jaar;2070;12289;9383;2906
1344;Mannen en Vrouwen;27 jaar;2023;12052;6898;5154
1345;Mannen en Vrouwen;27 jaar;2024;11814;7312;4502
1346;Mannen en Vrouwen;27 jaar;2025;11712;7801;3911
1347;Mannen en Vrouwen;27 jaar;2026;11557;8222;3335
1348;Mannen en Vrouwen;27 jaar;2027;11614;8692;2922
1349;Mannen en Vrouwen;27 jaar;2028;11632;9009;2623
1350;Mannen en Vrouwen;27 jaar;2029;11691;9114;2577
1351;Mannen en Vrouwen;27 jaar;2030;11727;9144;2583
1352;Mannen en Vrouwen;27 jaar;2031;11744;9008;2736
1353;Mannen en Vrouwen;27 jaar;2032;11739;8904;2835
1354;Mannen en Vrouwen;27 jaar;2033;11707;8841;2866
1355;Mannen en Vrouwen;27 jaar;2034;11671;8803;2868
1356;Mannen en Vrouwen;27 jaar;2035;11686;8825;2861
1357;Mannen en Vrouwen;27 jaar;2036;11692;8815;2877
1358;Mannen en Vrouwen;27 jaar;2037;11687;8814;2873
1359;Mannen en Vrouwen;27 jaar;2038;11680;8778;2902
1360;Mannen en Vrouwen;27 jaar;2039;11657;8765;2892
1361;Mannen en Vrouwen;27 jaar;2040;11641;8722;2919
1362;Mannen en Vrouwen;27 jaar;2041;11659;8746;2913
1363;Mannen en Vrouwen;27 jaar;2042;11647;8711;2936
1364;Mannen en Vrouwen;27 jaar;2043;11661;8701;2960
1365;Mannen en Vrouwen;27 jaar;2044;11651;8679;2972
1366;Mannen en Vrouwen;27 jaar;2045;11649;8670;2979
1367;Mannen en Vrouwen;27 jaar;2046;11661;8664;2997
1368;Mannen en Vrouwen;27 jaar;2047;11651;8640;3011
1369;Mannen en Vrouwen;27 jaar;2048;11685;8697;2988
1370;Mannen en Vrouwen;27 jaar;2049;11640;8596;3044
1371;Mannen en Vrouwen;27 jaar;2050;11622;8564;3058
1372;Mannen en Vrouwen;27 jaar;2051;11622;8557;3065
1373;Mannen en Vrouwen;27 jaar;2052;11625;8552;3073
1374;Mannen en Vrouwen;27 jaar;2053;11629;8554;3075
1375;Mannen en Vrouwen;27 jaar;2054;11635;8564;3071
1376;Mannen en Vrouwen;27 jaar;2055;11647;8580;3067
1377;Mannen en Vrouwen;27 jaar;2056;11659;8601;3058
1378;Mannen en Vrouwen;27 jaar;2057;11679;8624;3055
1379;Mannen en Vrouwen;27 jaar;2058;11698;8643;3055
1380;Mannen en Vrouwen;27 jaar;2059;11711;8662;3049
1381;Mannen en Vrouwen;27 jaar;2060;11722;8676;3046
1382;Mannen en Vrouwen;27 jaar;2061;11732;8687;3045
1383;Mannen en Vrouwen;27 jaar;2062;11741;8696;3045
1384;Mannen en Vrouwen;27 jaar;2063;11752;8700;3052
1385;Mannen en Vrouwen;27 jaar;2064;11756;8699;3057
1386;Mannen en Vrouwen;27 jaar;2065;11760;8694;3066
1387;Mannen en Vrouwen;27 jaar;2066;11761;8687;3074
1388;Mannen en Vrouwen;27 jaar;2067;11761;8678;3083
1389;Mannen en Vrouwen;27 jaar;2068;11760;8668;3092
1390;Mannen en Vrouwen;27 jaar;2069;11760;8657;3103
1391;Mannen en Vrouwen;27 jaar;2070;11758;8644;3114
1392;Mannen en Vrouwen;28 jaar;2023;11538;6280;5258
1393;Mannen en Vrouwen;28 jaar;2024;11288;6765;4523
1394;Mannen en Vrouwen;28 jaar;2025;11137;7116;4021
1395;Mannen en Vrouwen;28 jaar;2026;10974;7540;3434
1396;Mannen en Vrouwen;28 jaar;2027;11014;7955;3059
1397;Mannen en Vrouwen;28 jaar;2028;11051;8376;2675
1398;Mannen en Vrouwen;28 jaar;2029;11116;8364;2752
1399;Mannen en Vrouwen;28 jaar;2030;11153;8428;2725
1400;Mannen en Vrouwen;28 jaar;2031;11180;8433;2747
1401;Mannen en Vrouwen;28 jaar;2032;11183;8304;2879
1402;Mannen en Vrouwen;28 jaar;2033;11134;8200;2934
1403;Mannen en Vrouwen;28 jaar;2034;11099;8158;2941
1404;Mannen en Vrouwen;28 jaar;2035;11095;8123;2972
1405;Mannen en Vrouwen;28 jaar;2036;11107;8148;2959
1406;Mannen en Vrouwen;28 jaar;2037;11108;8140;2968
1407;Mannen en Vrouwen;28 jaar;2038;11107;8137;2970
1408;Mannen en Vrouwen;28 jaar;2039;11093;8104;2989
1409;Mannen en Vrouwen;28 jaar;2040;11079;8090;2989
1410;Mannen en Vrouwen;28 jaar;2041;11061;8050;3011
1411;Mannen en Vrouwen;28 jaar;2042;11077;8073;3004
1412;Mannen en Vrouwen;28 jaar;2043;11065;8041;3024
1413;Mannen en Vrouwen;28 jaar;2044;11078;8033;3045
1414;Mannen en Vrouwen;28 jaar;2045;11070;8013;3057
1415;Mannen en Vrouwen;28 jaar;2046;11066;8003;3063
1416;Mannen en Vrouwen;28 jaar;2047;11068;7997;3071
1417;Mannen en Vrouwen;28 jaar;2048;11063;7974;3089
1418;Mannen en Vrouwen;28 jaar;2049;11098;8029;3069
1419;Mannen en Vrouwen;28 jaar;2050;11053;7936;3117
1420;Mannen en Vrouwen;28 jaar;2051;11040;7911;3129
1421;Mannen en Vrouwen;28 jaar;2052;11039;7903;3136
1422;Mannen en Vrouwen;28 jaar;2053;11043;7898;3145
1423;Mannen en Vrouwen;28 jaar;2054;11046;7899;3147
1424;Mannen en Vrouwen;28 jaar;2055;11052;7910;3142
1425;Mannen en Vrouwen;28 jaar;2056;11060;7925;3135
1426;Mannen en Vrouwen;28 jaar;2057;11072;7945;3127
1427;Mannen en Vrouwen;28 jaar;2058;11090;7968;3122
1428;Mannen en Vrouwen;28 jaar;2059;11107;7987;3120
1429;Mannen en Vrouwen;28 jaar;2060;11124;8004;3120
1430;Mannen en Vrouwen;28 jaar;2061;11136;8018;3118
1431;Mannen en Vrouwen;28 jaar;2062;11148;8029;3119
1432;Mannen en Vrouwen;28 jaar;2063;11155;8038;3117
1433;Mannen en Vrouwen;28 jaar;2064;11162;8043;3119
1434;Mannen en Vrouwen;28 jaar;2065;11166;8043;3123
1435;Mannen en Vrouwen;28 jaar;2066;11169;8038;3131
1436;Mannen en Vrouwen;28 jaar;2067;11174;8032;3142
1437;Mannen en Vrouwen;28 jaar;2068;11174;8023;3151
1438;Mannen en Vrouwen;28 jaar;2069;11173;8015;3158
1439;Mannen en Vrouwen;28 jaar;2070;11171;8004;3167
1440;Mannen en Vrouwen;29 jaar;2023;10801;6001;4800
1441;Mannen en Vrouwen;29 jaar;2024;10552;6232;4320
1442;Mannen en Vrouwen;29 jaar;2025;10405;6635;3770
1443;Mannen en Vrouwen;29 jaar;2026;10243;6953;3290
1444;Mannen en Vrouwen;29 jaar;2027;10288;7377;2911
1445;Mannen en Vrouwen;29 jaar;2028;10318;7756;2562
1446;Mannen en Vrouwen;29 jaar;2029;10402;7862;2540
1447;Mannen en Vrouwen;29 jaar;2030;10440;7834;2606
1448;Mannen en Vrouwen;29 jaar;2031;10468;7872;2596
1449;Mannen en Vrouwen;29 jaar;2032;10481;7859;2622
1450;Mannen en Vrouwen;29 jaar;2033;10440;7731;2709
1451;Mannen en Vrouwen;29 jaar;2034;10394;7656;2738
1452;Mannen en Vrouwen;29 jaar;2035;10390;7622;2768
1453;Mannen en Vrouwen;29 jaar;2036;10379;7594;2785
1454;Mannen en Vrouwen;29 jaar;2037;10392;7618;2774
1455;Mannen en Vrouwen;29 jaar;2038;10395;7612;2783
1456;Mannen en Vrouwen;29 jaar;2039;10396;7608;2788
1457;Mannen en Vrouwen;29 jaar;2040;10378;7578;2800
1458;Mannen en Vrouwen;29 jaar;2041;10363;7563;2800
1459;Mannen en Vrouwen;29 jaar;2042;10346;7525;2821
1460;Mannen en Vrouwen;29 jaar;2043;10363;7547;2816
1461;Mannen en Vrouwen;29 jaar;2044;10350;7517;2833
1462;Mannen en Vrouwen;29 jaar;2045;10362;7511;2851
1463;Mannen en Vrouwen;29 jaar;2046;10351;7491;2860
1464;Mannen en Vrouwen;29 jaar;2047;10350;7481;2869
1465;Mannen en Vrouwen;29 jaar;2048;10353;7476;2877
1466;Mannen en Vrouwen;29 jaar;2049;10347;7454;2893
1467;Mannen en Vrouwen;29 jaar;2050;10384;7505;2879
1468;Mannen en Vrouwen;29 jaar;2051;10337;7421;2916
1469;Mannen en Vrouwen;29 jaar;2052;10322;7396;2926
1470;Mannen en Vrouwen;29 jaar;2053;10323;7387;2936
1471;Mannen en Vrouwen;29 jaar;2054;10324;7382;2942
1472;Mannen en Vrouwen;29 jaar;2055;10329;7385;2944
1473;Mannen en Vrouwen;29 jaar;2056;10333;7396;2937
1474;Mannen en Vrouwen;29 jaar;2057;10340;7411;2929
1475;Mannen en Vrouwen;29 jaar;2058;10355;7431;2924
1476;Mannen en Vrouwen;29 jaar;2059;10370;7453;2917
1477;Mannen en Vrouwen;29 jaar;2060;10389;7471;2918
1478;Mannen en Vrouwen;29 jaar;2061;10408;7488;2920
1479;Mannen en Vrouwen;29 jaar;2062;10415;7502;2913
1480;Mannen en Vrouwen;29 jaar;2063;10426;7512;2914
1481;Mannen en Vrouwen;29 jaar;2064;10438;7520;2918
1482;Mannen en Vrouwen;29 jaar;2065;10440;7524;2916
1483;Mannen en Vrouwen;29 jaar;2066;10446;7526;2920
1484;Mannen en Vrouwen;29 jaar;2067;10452;7523;2929
1485;Mannen en Vrouwen;29 jaar;2068;10455;7516;2939
1486;Mannen en Vrouwen;29 jaar;2069;10455;7509;2946
1487;Mannen en Vrouwen;29 jaar;2070;10451;7499;2952
1488;Mannen en Vrouwen;30 jaar;2023;10080;5612;4468
1489;Mannen en Vrouwen;30 jaar;2024;9836;5912;3924
1490;Mannen en Vrouwen;30 jaar;2025;9653;6126;3527
1491;Mannen en Vrouwen;30 jaar;2026;9465;6491;2974
1492;Mannen en Vrouwen;30 jaar;2027;9486;6838;2648
1493;Mannen en Vrouwen;30 jaar;2028;9529;7243;2286
1494;Mannen en Vrouwen;30 jaar;2029;9598;7337;2261
1495;Mannen en Vrouwen;30 jaar;2030;9663;7413;2250
1496;Mannen en Vrouwen;30 jaar;2031;9694;7377;2317
1497;Mannen en Vrouwen;30 jaar;2032;9703;7396;2307
1498;Mannen en Vrouwen;30 jaar;2033;9685;7370;2315
1499;Mannen en Vrouwen;30 jaar;2034;9641;7279;2362
1500;Mannen en Vrouwen;30 jaar;2035;9616;7217;2399
1501;Mannen en Vrouwen;30 jaar;2036;9611;7190;2421
1502;Mannen en Vrouwen;30 jaar;2037;9600;7169;2431
1503;Mannen en Vrouwen;30 jaar;2038;9615;7191;2424
1504;Mannen en Vrouwen;30 jaar;2039;9614;7188;2426
1505;Mannen en Vrouwen;30 jaar;2040;9617;7185;2432
1506;Mannen en Vrouwen;30 jaar;2041;9599;7158;2441
1507;Mannen en Vrouwen;30 jaar;2042;9585;7144;2441
1508;Mannen en Vrouwen;30 jaar;2043;9566;7113;2453
1509;Mannen en Vrouwen;30 jaar;2044;9585;7130;2455
1510;Mannen en Vrouwen;30 jaar;2045;9566;7104;2462
1511;Mannen en Vrouwen;30 jaar;2046;9583;7095;2488
1512;Mannen en Vrouwen;30 jaar;2047;9569;7076;2493
1513;Mannen en Vrouwen;30 jaar;2048;9571;7066;2505
1514;Mannen en Vrouwen;30 jaar;2049;9573;7061;2512
1515;Mannen en Vrouwen;30 jaar;2050;9565;7042;2523
1516;Mannen en Vrouwen;30 jaar;2051;9603;7091;2512
1517;Mannen en Vrouwen;30 jaar;2052;9557;7011;2546
1518;Mannen en Vrouwen;30 jaar;2053;9544;6987;2557
1519;Mannen en Vrouwen;30 jaar;2054;9539;6978;2561
1520;Mannen en Vrouwen;30 jaar;2055;9545;6974;2571
1521;Mannen en Vrouwen;30 jaar;2056;9550;6978;2572
1522;Mannen en Vrouwen;30 jaar;2057;9553;6988;2565
1523;Mannen en Vrouwen;30 jaar;2058;9562;7001;2561
1524;Mannen en Vrouwen;30 jaar;2059;9574;7020;2554
1525;Mannen en Vrouwen;30 jaar;2060;9592;7040;2552
1526;Mannen en Vrouwen;30 jaar;2061;9606;7058;2548
1527;Mannen en Vrouwen;30 jaar;2062;9623;7072;2551
1528;Mannen en Vrouwen;30 jaar;2063;9634;7085;2549
1529;Mannen en Vrouwen;30 jaar;2064;9642;7093;2549
1530;Mannen en Vrouwen;30 jaar;2065;9655;7101;2554
1531;Mannen en Vrouwen;30 jaar;2066;9662;7105;2557
1532;Mannen en Vrouwen;30 jaar;2067;9663;7107;2556
1533;Mannen en Vrouwen;30 jaar;2068;9667;7104;2563
1534;Mannen en Vrouwen;30 jaar;2069;9670;7098;2572
1535;Mannen en Vrouwen;30 jaar;2070;9670;7091;2579
1536;Mannen en Vrouwen;31 jaar;2023;9348;5203;4145
1537;Mannen en Vrouwen;31 jaar;2024;9100;5487;3613
1538;Mannen en Vrouwen;31 jaar;2025;8938;5760;3178
1539;Mannen en Vrouwen;31 jaar;2026;8730;5969;2761
1540;Mannen en Vrouwen;31 jaar;2027;8740;6348;2392
1541;Mannen en Vrouwen;31 jaar;2028;8762;6685;2077
1542;Mannen en Vrouwen;31 jaar;2029;8849;6812;2037
1543;Mannen en Vrouwen;31 jaar;2030;8892;6880;2012
1544;Mannen en Vrouwen;31 jaar;2031;8952;6935;2017
1545;Mannen en Vrouwen;31 jaar;2032;8963;6893;2070
1546;Mannen en Vrouwen;31 jaar;2033;8940;6898;2042
1547;Mannen en Vrouwen;31 jaar;2034;8918;6889;2029
1548;Mannen en Vrouwen;31 jaar;2035;8898;6814;2084
1549;Mannen en Vrouwen;31 jaar;2036;8873;6767;2106
1550;Mannen en Vrouwen;31 jaar;2037;8865;6747;2118
1551;Mannen en Vrouwen;31 jaar;2038;8854;6730;2124
1552;Mannen en Vrouwen;31 jaar;2039;8865;6750;2115
1553;Mannen en Vrouwen;31 jaar;2040;8869;6748;2121
1554;Mannen en Vrouwen;31 jaar;2041;8871;6746;2125
1555;Mannen en Vrouwen;31 jaar;2042;8852;6723;2129
1556;Mannen en Vrouwen;31 jaar;2043;8836;6711;2125
1557;Mannen en Vrouwen;31 jaar;2044;8821;6685;2136
1558;Mannen en Vrouwen;31 jaar;2045;8837;6702;2135
1559;Mannen en Vrouwen;31 jaar;2046;8824;6675;2149
1560;Mannen en Vrouwen;31 jaar;2047;8834;6665;2169
1561;Mannen en Vrouwen;31 jaar;2048;8823;6648;2175
1562;Mannen en Vrouwen;31 jaar;2049;8823;6640;2183
1563;Mannen en Vrouwen;31 jaar;2050;8828;6635;2193
1564;Mannen en Vrouwen;31 jaar;2051;8821;6620;2201
1565;Mannen en Vrouwen;31 jaar;2052;8853;6663;2190
1566;Mannen en Vrouwen;31 jaar;2053;8807;6589;2218
1567;Mannen en Vrouwen;31 jaar;2054;8797;6568;2229
1568;Mannen en Vrouwen;31 jaar;2055;8796;6562;2234
1569;Mannen en Vrouwen;31 jaar;2056;8799;6559;2240
1570;Mannen en Vrouwen;31 jaar;2057;8802;6561;2241
1571;Mannen en Vrouwen;31 jaar;2058;8804;6571;2233
1572;Mannen en Vrouwen;31 jaar;2059;8815;6583;2232
1573;Mannen en Vrouwen;31 jaar;2060;8825;6600;2225
1574;Mannen en Vrouwen;31 jaar;2061;8846;6618;2228
1575;Mannen en Vrouwen;31 jaar;2062;8860;6635;2225
1576;Mannen en Vrouwen;31 jaar;2063;8873;6648;2225
1577;Mannen en Vrouwen;31 jaar;2064;8887;6659;2228
1578;Mannen en Vrouwen;31 jaar;2065;8896;6667;2229
1579;Mannen en Vrouwen;31 jaar;2066;8906;6676;2230
1580;Mannen en Vrouwen;31 jaar;2067;8910;6679;2231
1581;Mannen en Vrouwen;31 jaar;2068;8917;6680;2237
1582;Mannen en Vrouwen;31 jaar;2069;8918;6678;2240
1583;Mannen en Vrouwen;31 jaar;2070;8920;6673;2247
1584;Mannen en Vrouwen;32 jaar;2023;8739;4897;3842
1585;Mannen en Vrouwen;32 jaar;2024;8483;5143;3340
1586;Mannen en Vrouwen;32 jaar;2025;8309;5393;2916
1587;Mannen en Vrouwen;32 jaar;2026;8110;5649;2461
1588;Mannen en Vrouwen;32 jaar;2027;8105;5889;2216
1589;Mannen en Vrouwen;32 jaar;2028;8114;6244;1870
1590;Mannen en Vrouwen;32 jaar;2029;8175;6319;1856
1591;Mannen en Vrouwen;32 jaar;2030;8232;6416;1816
1592;Mannen en Vrouwen;32 jaar;2031;8274;6464;1810
1593;Mannen en Vrouwen;32 jaar;2032;8318;6503;1815
1594;Mannen en Vrouwen;32 jaar;2033;8294;6451;1843
1595;Mannen en Vrouwen;32 jaar;2034;8266;6467;1799
1596;Mannen en Vrouwen;32 jaar;2035;8267;6460;1807
1597;Mannen en Vrouwen;32 jaar;2036;8245;6397;1848
1598;Mannen en Vrouwen;32 jaar;2037;8223;6357;1866
1599;Mannen en Vrouwen;32 jaar;2038;8209;6341;1868
1600;Mannen en Vrouwen;32 jaar;2039;8198;6325;1873
1601;Mannen en Vrouwen;32 jaar;2040;8213;6346;1867
1602;Mannen en Vrouwen;32 jaar;2041;8215;6345;1870
1603;Mannen en Vrouwen;32 jaar;2042;8217;6343;1874
1604;Mannen en Vrouwen;32 jaar;2043;8201;6322;1879
1605;Mannen en Vrouwen;32 jaar;2044;8192;6312;1880
1606;Mannen en Vrouwen;32 jaar;2045;8172;6287;1885
1607;Mannen en Vrouwen;32 jaar;2046;8186;6301;1885
1608;Mannen en Vrouwen;32 jaar;2047;8172;6277;1895
1609;Mannen en Vrouwen;32 jaar;2048;8183;6269;1914
1610;Mannen en Vrouwen;32 jaar;2049;8174;6253;1921
1611;Mannen en Vrouwen;32 jaar;2050;8173;6245;1928
1612;Mannen en Vrouwen;32 jaar;2051;8177;6243;1934
1613;Mannen en Vrouwen;32 jaar;2052;8167;6229;1938
1614;Mannen en Vrouwen;32 jaar;2053;8203;6268;1935
1615;Mannen en Vrouwen;32 jaar;2054;8162;6200;1962
1616;Mannen en Vrouwen;32 jaar;2055;8149;6181;1968
1617;Mannen en Vrouwen;32 jaar;2056;8145;6175;1970
1618;Mannen en Vrouwen;32 jaar;2057;8149;6172;1977
1619;Mannen en Vrouwen;32 jaar;2058;8158;6176;1982
1620;Mannen en Vrouwen;32 jaar;2059;8157;6186;1971
1621;Mannen en Vrouwen;32 jaar;2060;8164;6198;1966
1622;Mannen en Vrouwen;32 jaar;2061;8174;6215;1959
1623;Mannen en Vrouwen;32 jaar;2062;8194;6232;1962
1624;Mannen en Vrouwen;32 jaar;2063;8207;6247;1960
1625;Mannen en Vrouwen;32 jaar;2064;8222;6260;1962
1626;Mannen en Vrouwen;32 jaar;2065;8231;6271;1960
1627;Mannen en Vrouwen;32 jaar;2066;8242;6280;1962
1628;Mannen en Vrouwen;32 jaar;2067;8251;6288;1963
1629;Mannen en Vrouwen;32 jaar;2068;8252;6292;1960
1630;Mannen en Vrouwen;32 jaar;2069;8256;6293;1963
1631;Mannen en Vrouwen;32 jaar;2070;8261;6290;1971
1632;Mannen en Vrouwen;33 jaar;2023;8125;4623;3502
1633;Mannen en Vrouwen;33 jaar;2024;7885;4830;3055
1634;Mannen en Vrouwen;33 jaar;2025;7706;5049;2657
1635;Mannen en Vrouwen;33 jaar;2026;7506;5278;2228
1636;Mannen en Vrouwen;33 jaar;2027;7519;5559;1960
1637;Mannen en Vrouwen;33 jaar;2028;7521;5791;1730
1638;Mannen en Vrouwen;33 jaar;2029;7566;5897;1669
1639;Mannen en Vrouwen;33 jaar;2030;7601;5952;1649
1640;Mannen en Vrouwen;33 jaar;2031;7655;6026;1629
1641;Mannen en Vrouwen;33 jaar;2032;7678;6057;1621
1642;Mannen en Vrouwen;33 jaar;2033;7689;6078;1611
1643;Mannen en Vrouwen;33 jaar;2034;7661;6045;1616
1644;Mannen en Vrouwen;33 jaar;2035;7661;6060;1601
1645;Mannen en Vrouwen;33 jaar;2036;7656;6057;1599
1646;Mannen en Vrouwen;33 jaar;2037;7633;6004;1629
1647;Mannen en Vrouwen;33 jaar;2038;7612;5967;1645
1648;Mannen en Vrouwen;33 jaar;2039;7603;5951;1652
1649;Mannen en Vrouwen;33 jaar;2040;7593;5937;1656
1650;Mannen en Vrouwen;33 jaar;2041;7608;5957;1651
1651;Mannen en Vrouwen;33 jaar;2042;7610;5957;1653
1652;Mannen en Vrouwen;33 jaar;2043;7612;5956;1656
1653;Mannen en Vrouwen;33 jaar;2044;7594;5936;1658
1654;Mannen en Vrouwen;33 jaar;2045;7580;5926;1654
1655;Mannen en Vrouwen;33 jaar;2046;7566;5902;1664
1656;Mannen en Vrouwen;33 jaar;2047;7582;5915;1667
1657;Mannen en Vrouwen;33 jaar;2048;7565;5892;1673
1658;Mannen en Vrouwen;33 jaar;2049;7580;5885;1695
1659;Mannen en Vrouwen;33 jaar;2050;7563;5869;1694
1660;Mannen en Vrouwen;33 jaar;2051;7563;5863;1700
1661;Mannen en Vrouwen;33 jaar;2052;7572;5860;1712
1662;Mannen en Vrouwen;33 jaar;2053;7556;5846;1710
1663;Mannen en Vrouwen;33 jaar;2054;7594;5885;1709
1664;Mannen en Vrouwen;33 jaar;2055;7553;5821;1732
1665;Mannen en Vrouwen;33 jaar;2056;7544;5804;1740
1666;Mannen en Vrouwen;33 jaar;2057;7544;5799;1745
1667;Mannen en Vrouwen;33 jaar;2058;7544;5798;1746
1668;Mannen en Vrouwen;33 jaar;2059;7549;5801;1748
1669;Mannen en Vrouwen;33 jaar;2060;7556;5810;1746
1670;Mannen en Vrouwen;33 jaar;2061;7561;5824;1737
1671;Mannen en Vrouwen;33 jaar;2062;7569;5840;1729
1672;Mannen en Vrouwen;33 jaar;2063;7587;5857;1730
1673;Mannen en Vrouwen;33 jaar;2064;7599;5870;1729
1674;Mannen en Vrouwen;33 jaar;2065;7611;5884;1727
1675;Mannen en Vrouwen;33 jaar;2066;7619;5894;1725
1676;Mannen en Vrouwen;33 jaar;2067;7629;5904;1725
1677;Mannen en Vrouwen;33 jaar;2068;7639;5910;1729
1678;Mannen en Vrouwen;33 jaar;2069;7644;5915;1729
1679;Mannen en Vrouwen;33 jaar;2070;7646;5914;1732
1680;Mannen en Vrouwen;34 jaar;2023;7455;4310;3145
1681;Mannen en Vrouwen;34 jaar;2024;7221;4547;2674
1682;Mannen en Vrouwen;34 jaar;2025;7045;4743;2302
1683;Mannen en Vrouwen;34 jaar;2026;6843;4959;1884
1684;Mannen en Vrouwen;34 jaar;2027;6842;5222;1620
1685;Mannen en Vrouwen;34 jaar;2028;6863;5508;1355
1686;Mannen en Vrouwen;34 jaar;2029;6894;5521;1373
1687;Mannen en Vrouwen;34 jaar;2030;6921;5603;1318
1688;Mannen en Vrouwen;34 jaar;2031;6954;5643;1311
1689;Mannen en Vrouwen;34 jaar;2032;6985;5701;1284
1690;Mannen en Vrouwen;34 jaar;2033;6984;5719;1265
1691;Mannen en Vrouwen;34 jaar;2034;6985;5753;1232
1692;Mannen en Vrouwen;34 jaar;2035;6980;5726;1254
1693;Mannen en Vrouwen;34 jaar;2036;6977;5744;1233
1694;Mannen en Vrouwen;34 jaar;2037;6969;5741;1228
1695;Mannen en Vrouwen;34 jaar;2038;6948;5695;1253
1696;Mannen en Vrouwen;34 jaar;2039;6927;5662;1265
1697;Mannen en Vrouwen;34 jaar;2040;6923;5649;1274
1698;Mannen en Vrouwen;34 jaar;2041;6913;5636;1277
1699;Mannen en Vrouwen;34 jaar;2042;6926;5657;1269
1700;Mannen en Vrouwen;34 jaar;2043;6925;5657;1268
1701;Mannen en Vrouwen;34 jaar;2044;6929;5658;1271
1702;Mannen en Vrouwen;34 jaar;2045;6911;5639;1272
1703;Mannen en Vrouwen;34 jaar;2046;6903;5631;1272
1704;Mannen en Vrouwen;34 jaar;2047;6886;5606;1280
1705;Mannen en Vrouwen;34 jaar;2048;6902;5620;1282
1706;Mannen en Vrouwen;34 jaar;2049;6889;5599;1290
1707;Mannen en Vrouwen;34 jaar;2050;6898;5591;1307
1708;Mannen en Vrouwen;34 jaar;2051;6890;5579;1311
1709;Mannen en Vrouwen;34 jaar;2052;6884;5573;1311
1710;Mannen en Vrouwen;34 jaar;2053;6890;5570;1320
1711;Mannen en Vrouwen;34 jaar;2054;6886;5556;1330
1712;Mannen en Vrouwen;34 jaar;2055;6915;5593;1322
1713;Mannen en Vrouwen;34 jaar;2056;6872;5534;1338
1714;Mannen en Vrouwen;34 jaar;2057;6861;5519;1342
1715;Mannen en Vrouwen;34 jaar;2058;6859;5516;1343
1716;Mannen en Vrouwen;34 jaar;2059;6863;5516;1347
1717;Mannen en Vrouwen;34 jaar;2060;6865;5519;1346
1718;Mannen en Vrouwen;34 jaar;2061;6872;5529;1343
1719;Mannen en Vrouwen;34 jaar;2062;6878;5542;1336
1720;Mannen en Vrouwen;34 jaar;2063;6894;5557;1337
1721;Mannen en Vrouwen;34 jaar;2064;6906;5574;1332
1722;Mannen en Vrouwen;34 jaar;2065;6918;5588;1330
1723;Mannen en Vrouwen;34 jaar;2066;6930;5602;1328
1724;Mannen en Vrouwen;34 jaar;2067;6941;5614;1327
1725;Mannen en Vrouwen;34 jaar;2068;6946;5622;1324
1726;Mannen en Vrouwen;34 jaar;2069;6958;5629;1329
1727;Mannen en Vrouwen;34 jaar;2070;6967;5632;1335
1728;Mannen en Vrouwen;35 jaar;2023;6893;4030;2863
1729;Mannen en Vrouwen;35 jaar;2024;6619;4259;2360
1730;Mannen en Vrouwen;35 jaar;2025;6443;4486;1957
1731;Mannen en Vrouwen;35 jaar;2026;6218;4674;1544
1732;Mannen en Vrouwen;35 jaar;2027;6214;4927;1287
1733;Mannen en Vrouwen;35 jaar;2028;6222;5190;1032
1734;Mannen en Vrouwen;35 jaar;2029;6274;5260;1014
1735;Mannen en Vrouwen;35 jaar;2030;6282;5262;1020
1736;Mannen en Vrouwen;35 jaar;2031;6307;5324;983
1737;Mannen en Vrouwen;35 jaar;2032;6327;5352;975
1738;Mannen en Vrouwen;35 jaar;2033;6334;5397;937
1739;Mannen en Vrouwen;35 jaar;2034;6329;5428;901
1740;Mannen en Vrouwen;35 jaar;2035;6351;5461;890
1741;Mannen en Vrouwen;35 jaar;2036;6344;5439;905
1742;Mannen en Vrouwen;35 jaar;2037;6338;5457;881
1743;Mannen en Vrouwen;35 jaar;2038;6332;5455;877
1744;Mannen en Vrouwen;35 jaar;2039;6313;5415;898
1745;Mannen en Vrouwen;35 jaar;2040;6294;5385;909
1746;Mannen en Vrouwen;35 jaar;2041;6288;5375;913
1747;Mannen en Vrouwen;35 jaar;2042;6282;5362;920
1748;Mannen en Vrouwen;35 jaar;2043;6291;5382;909
1749;Mannen en Vrouwen;35 jaar;2044;6295;5384;911
1750;Mannen en Vrouwen;35 jaar;2045;6295;5385;910
1751;Mannen en Vrouwen;35 jaar;2046;6278;5368;910
1752;Mannen en Vrouwen;35 jaar;2047;6271;5358;913
1753;Mannen en Vrouwen;35 jaar;2048;6254;5337;917
1754;Mannen en Vrouwen;35 jaar;2049;6267;5349;918
1755;Mannen en Vrouwen;35 jaar;2050;6254;5329;925
1756;Mannen en Vrouwen;35 jaar;2051;6263;5325;938
1757;Mannen en Vrouwen;35 jaar;2052;6257;5312;945
1758;Mannen en Vrouwen;35 jaar;2053;6253;5305;948
1759;Mannen en Vrouwen;35 jaar;2054;6259;5303;956
1760;Mannen en Vrouwen;35 jaar;2055;6250;5291;959
1761;Mannen en Vrouwen;35 jaar;2056;6278;5327;951
1762;Mannen en Vrouwen;35 jaar;2057;6241;5272;969
1763;Mannen en Vrouwen;35 jaar;2058;6234;5258;976
1764;Mannen en Vrouwen;35 jaar;2059;6230;5256;974
1765;Mannen en Vrouwen;35 jaar;2060;6234;5256;978
1766;Mannen en Vrouwen;35 jaar;2061;6238;5261;977
1767;Mannen en Vrouwen;35 jaar;2062;6239;5270;969
1768;Mannen en Vrouwen;35 jaar;2063;6249;5282;967
1769;Mannen en Vrouwen;35 jaar;2064;6258;5298;960
1770;Mannen en Vrouwen;35 jaar;2065;6274;5315;959
1771;Mannen en Vrouwen;35 jaar;2066;6284;5329;955
1772;Mannen en Vrouwen;35 jaar;2067;6294;5342;952
1773;Mannen en Vrouwen;35 jaar;2068;6303;5352;951
1774;Mannen en Vrouwen;35 jaar;2069;6314;5362;952
1775;Mannen en Vrouwen;35 jaar;2070;6321;5367;954
1776;Mannen en Vrouwen;36 jaar;2023;6358;3738;2620
1777;Mannen en Vrouwen;36 jaar;2024;6080;3985;2095
1778;Mannen en Vrouwen;36 jaar;2025;5884;4197;1687
1779;Mannen en Vrouwen;36 jaar;2026;5694;4417;1277
1780;Mannen en Vrouwen;36 jaar;2027;5688;4634;1054
1781;Mannen en Vrouwen;36 jaar;2028;5692;4886;806
1782;Mannen en Vrouwen;36 jaar;2029;5729;4942;787
1783;Mannen en Vrouwen;36 jaar;2030;5751;4995;756
1784;Mannen en Vrouwen;36 jaar;2031;5760;4988;772
1785;Mannen en Vrouwen;36 jaar;2032;5772;5034;738
1786;Mannen en Vrouwen;36 jaar;2033;5767;5051;716
1787;Mannen en Vrouwen;36 jaar;2034;5773;5104;669
1788;Mannen en Vrouwen;36 jaar;2035;5781;5134;647
1789;Mannen en Vrouwen;36 jaar;2036;5802;5168;634
1790;Mannen en Vrouwen;36 jaar;2037;5798;5149;649
1791;Mannen en Vrouwen;36 jaar;2038;5790;5166;624
1792;Mannen en Vrouwen;36 jaar;2039;5782;5164;618
1793;Mannen en Vrouwen;36 jaar;2040;5764;5125;639
1794;Mannen en Vrouwen;36 jaar;2041;5749;5099;650
1795;Mannen en Vrouwen;36 jaar;2042;5741;5090;651
1796;Mannen en Vrouwen;36 jaar;2043;5731;5079;652
1797;Mannen en Vrouwen;36 jaar;2044;5745;5098;647
1798;Mannen en Vrouwen;36 jaar;2045;5746;5100;646
1799;Mannen en Vrouwen;36 jaar;2046;5746;5101;645
1800;Mannen en Vrouwen;36 jaar;2047;5735;5083;652
1801;Mannen en Vrouwen;36 jaar;2048;5725;5074;651
1802;Mannen en Vrouwen;36 jaar;2049;5709;5055;654
1803;Mannen en Vrouwen;36 jaar;2050;5720;5066;654
1804;Mannen en Vrouwen;36 jaar;2051;5712;5050;662
1805;Mannen en Vrouwen;36 jaar;2052;5719;5044;675
1806;Mannen en Vrouwen;36 jaar;2053;5715;5032;683
1807;Mannen en Vrouwen;36 jaar;2054;5710;5027;683
1808;Mannen en Vrouwen;36 jaar;2055;5709;5025;684
1809;Mannen en Vrouwen;36 jaar;2056;5706;5015;691
1810;Mannen en Vrouwen;36 jaar;2057;5728;5051;677
1811;Mannen en Vrouwen;36 jaar;2058;5699;4998;701
1812;Mannen en Vrouwen;36 jaar;2059;5691;4986;705
1813;Mannen en Vrouwen;36 jaar;2060;5693;4984;709
1814;Mannen en Vrouwen;36 jaar;2061;5693;4985;708
1815;Mannen en Vrouwen;36 jaar;2062;5697;4989;708
1816;Mannen en Vrouwen;36 jaar;2063;5697;4998;699
1817;Mannen en Vrouwen;36 jaar;2064;5706;5010;696
1818;Mannen en Vrouwen;36 jaar;2065;5718;5025;693
1819;Mannen en Vrouwen;36 jaar;2066;5728;5041;687
1820;Mannen en Vrouwen;36 jaar;2067;5739;5054;685
1821;Mannen en Vrouwen;36 jaar;2068;5747;5067;680
1822;Mannen en Vrouwen;36 jaar;2069;5760;5078;682
1823;Mannen en Vrouwen;36 jaar;2070;5763;5083;680
1824;Mannen en Vrouwen;37 jaar;2023;6040;3597;2443
1825;Mannen en Vrouwen;37 jaar;2024;5730;3700;2030
1826;Mannen en Vrouwen;37 jaar;2025;5500;3930;1570
1827;Mannen en Vrouwen;37 jaar;2026;5262;4134;1128
1828;Mannen en Vrouwen;37 jaar;2027;5277;4393;884
1829;Mannen en Vrouwen;37 jaar;2028;5286;4614;672
1830;Mannen en Vrouwen;37 jaar;2029;5316;4677;639
1831;Mannen en Vrouwen;37 jaar;2030;5333;4721;612
1832;Mannen en Vrouwen;37 jaar;2031;5356;4761;595
1833;Mannen en Vrouwen;37 jaar;2032;5352;4749;603
1834;Mannen en Vrouwen;37 jaar;2033;5342;4781;561
1835;Mannen en Vrouwen;37 jaar;2034;5332;4811;521
1836;Mannen en Vrouwen;37 jaar;2035;5354;4864;490
1837;Mannen en Vrouwen;37 jaar;2036;5359;4896;463
1838;Mannen en Vrouwen;37 jaar;2037;5377;4928;449
1839;Mannen en Vrouwen;37 jaar;2038;5374;4911;463
1840;Mannen en Vrouwen;37 jaar;2039;5367;4926;441
1841;Mannen en Vrouwen;37 jaar;2040;5364;4926;438
1842;Mannen en Vrouwen;37 jaar;2041;5349;4891;458
1843;Mannen en Vrouwen;37 jaar;2042;5331;4868;463
1844;Mannen en Vrouwen;37 jaar;2043;5326;4860;466
1845;Mannen en Vrouwen;37 jaar;2044;5318;4850;468
1846;Mannen en Vrouwen;37 jaar;2045;5329;4869;460
1847;Mannen en Vrouwen;37 jaar;2046;5326;4871;455
1848;Mannen en Vrouwen;37 jaar;2047;5326;4871;455
1849;Mannen en Vrouwen;37 jaar;2048;5316;4855;461
1850;Mannen en Vrouwen;37 jaar;2049;5306;4847;459
1851;Mannen en Vrouwen;37 jaar;2050;5296;4829;467
1852;Mannen en Vrouwen;37 jaar;2051;5304;4842;462
1853;Mannen en Vrouwen;37 jaar;2052;5293;4825;468
1854;Mannen en Vrouwen;37 jaar;2053;5303;4820;483
1855;Mannen en Vrouwen;37 jaar;2054;5295;4809;486
1856;Mannen en Vrouwen;37 jaar;2055;5292;4805;487
1857;Mannen en Vrouwen;37 jaar;2056;5299;4805;494
1858;Mannen en Vrouwen;37 jaar;2057;5289;4796;493
1859;Mannen en Vrouwen;37 jaar;2058;5314;4831;483
1860;Mannen en Vrouwen;37 jaar;2059;5283;4783;500
1861;Mannen en Vrouwen;37 jaar;2060;5273;4772;501
1862;Mannen en Vrouwen;37 jaar;2061;5275;4770;505
1863;Mannen en Vrouwen;37 jaar;2062;5279;4772;507
1864;Mannen en Vrouwen;37 jaar;2063;5277;4776;501
1865;Mannen en Vrouwen;37 jaar;2064;5282;4785;497
1866;Mannen en Vrouwen;37 jaar;2065;5290;4796;494
1867;Mannen en Vrouwen;37 jaar;2066;5301;4811;490
1868;Mannen en Vrouwen;37 jaar;2067;5314;4827;487
1869;Mannen en Vrouwen;37 jaar;2068;5322;4839;483
1870;Mannen en Vrouwen;37 jaar;2069;5334;4852;482
1871;Mannen en Vrouwen;37 jaar;2070;5341;4860;481
1872;Mannen en Vrouwen;38 jaar;2023;5626;3415;2211
1873;Mannen en Vrouwen;38 jaar;2024;5354;3557;1797
1874;Mannen en Vrouwen;38 jaar;2025;5157;3660;1497
1875;Mannen en Vrouwen;38 jaar;2026;4933;3883;1050
1876;Mannen en Vrouwen;38 jaar;2027;4936;4125;811
1877;Mannen en Vrouwen;38 jaar;2028;4967;4393;574
1878;Mannen en Vrouwen;38 jaar;2029;4998;4435;563
1879;Mannen en Vrouwen;38 jaar;2030;5008;4488;520
1880;Mannen en Vrouwen;38 jaar;2031;5026;4519;507
1881;Mannen en Vrouwen;38 jaar;2032;5034;4551;483
1882;Mannen en Vrouwen;38 jaar;2033;5015;4531;484
1883;Mannen en Vrouwen;38 jaar;2034;5002;4573;429
1884;Mannen en Vrouwen;38 jaar;2035;5014;4604;410
1885;Mannen en Vrouwen;38 jaar;2036;5031;4657;374
1886;Mannen en Vrouwen;38 jaar;2037;5034;4688;346
1887;Mannen en Vrouwen;38 jaar;2038;5049;4720;329
1888;Mannen en Vrouwen;38 jaar;2039;5048;4705;343
1889;Mannen en Vrouwen;38 jaar;2040;5042;4719;323
1890;Mannen en Vrouwen;38 jaar;2041;5039;4719;320
1891;Mannen en Vrouwen;38 jaar;2042;5023;4688;335
1892;Mannen en Vrouwen;38 jaar;2043;5007;4667;340
1893;Mannen en Vrouwen;38 jaar;2044;4999;4660;339
1894;Mannen en Vrouwen;38 jaar;2045;4994;4651;343
1895;Mannen en Vrouwen;38 jaar;2046;5001;4669;332
1896;Mannen en Vrouwen;38 jaar;2047;5002;4670;332
1897;Mannen en Vrouwen;38 jaar;2048;5003;4671;332
1898;Mannen en Vrouwen;38 jaar;2049;4995;4657;338
1899;Mannen en Vrouwen;38 jaar;2050;4985;4648;337
1900;Mannen en Vrouwen;38 jaar;2051;4975;4635;340
1901;Mannen en Vrouwen;38 jaar;2052;4982;4646;336
1902;Mannen en Vrouwen;38 jaar;2053;4969;4630;339
1903;Mannen en Vrouwen;38 jaar;2054;4981;4626;355
1904;Mannen en Vrouwen;38 jaar;2055;4970;4617;353
1905;Mannen en Vrouwen;38 jaar;2056;4970;4613;357
1906;Mannen en Vrouwen;38 jaar;2057;4976;4613;363
1907;Mannen en Vrouwen;38 jaar;2058;4968;4607;361
1908;Mannen en Vrouwen;38 jaar;2059;4994;4639;355
1909;Mannen en Vrouwen;38 jaar;2060;4959;4594;365
1910;Mannen en Vrouwen;38 jaar;2061;4956;4585;371
1911;Mannen en Vrouwen;38 jaar;2062;4954;4584;370
1912;Mannen en Vrouwen;38 jaar;2063;4957;4586;371
1913;Mannen en Vrouwen;38 jaar;2064;4962;4591;371
1914;Mannen en Vrouwen;38 jaar;2065;4961;4600;361
1915;Mannen en Vrouwen;38 jaar;2066;4971;4612;359
1916;Mannen en Vrouwen;38 jaar;2067;4978;4627;351
1917;Mannen en Vrouwen;38 jaar;2068;4988;4642;346
1918;Mannen en Vrouwen;38 jaar;2069;5000;4655;345
1919;Mannen en Vrouwen;38 jaar;2070;5010;4665;345
1920;Mannen en Vrouwen;39 jaar;2023;5361;3196;2165
1921;Mannen en Vrouwen;39 jaar;2024;5060;3330;1730
1922;Mannen en Vrouwen;39 jaar;2025;4859;3457;1402
1923;Mannen en Vrouwen;39 jaar;2026;4626;3557;1069
1924;Mannen en Vrouwen;39 jaar;2027;4613;3811;802
1925;Mannen en Vrouwen;39 jaar;2028;4625;4051;574
1926;Mannen en Vrouwen;39 jaar;2029;4682;4147;535
1927;Mannen en Vrouwen;39 jaar;2030;4698;4177;521
1928;Mannen en Vrouwen;39 jaar;2031;4708;4216;492
1929;Mannen en Vrouwen;39 jaar;2032;4715;4236;479
1930;Mannen en Vrouwen;39 jaar;2033;4706;4258;448
1931;Mannen en Vrouwen;39 jaar;2034;4684;4250;434
1932;Mannen en Vrouwen;39 jaar;2035;4689;4289;400
1933;Mannen en Vrouwen;39 jaar;2036;4697;4318;379
1934;Mannen en Vrouwen;39 jaar;2037;4713;4369;344
1935;Mannen en Vrouwen;39 jaar;2038;4716;4397;319
1936;Mannen en Vrouwen;39 jaar;2039;4733;4425;308
1937;Mannen en Vrouwen;39 jaar;2040;4728;4412;316
1938;Mannen en Vrouwen;39 jaar;2041;4724;4425;299
1939;Mannen en Vrouwen;39 jaar;2042;4721;4425;296
1940;Mannen en Vrouwen;39 jaar;2043;4705;4398;307
1941;Mannen en Vrouwen;39 jaar;2044;4689;4378;311
1942;Mannen en Vrouwen;39 jaar;2045;4684;4371;313
1943;Mannen en Vrouwen;39 jaar;2046;4678;4363;315
1944;Mannen en Vrouwen;39 jaar;2047;4685;4381;304
1945;Mannen en Vrouwen;39 jaar;2048;4690;4383;307
1946;Mannen en Vrouwen;39 jaar;2049;4685;4383;302
1947;Mannen en Vrouwen;39 jaar;2050;4679;4372;307
1948;Mannen en Vrouwen;39 jaar;2051;4670;4366;304
1949;Mannen en Vrouwen;39 jaar;2052;4658;4350;308
1950;Mannen en Vrouwen;39 jaar;2053;4668;4362;306
1951;Mannen en Vrouwen;39 jaar;2054;4656;4346;310
1952;Mannen en Vrouwen;39 jaar;2055;4662;4345;317
1953;Mannen en Vrouwen;39 jaar;2056;4652;4336;316
1954;Mannen en Vrouwen;39 jaar;2057;4651;4333;318
1955;Mannen en Vrouwen;39 jaar;2058;4657;4335;322
1956;Mannen en Vrouwen;39 jaar;2059;4653;4329;324
1957;Mannen en Vrouwen;39 jaar;2060;4675;4362;313
1958;Mannen en Vrouwen;39 jaar;2061;4645;4319;326
1959;Mannen en Vrouwen;39 jaar;2062;4640;4311;329
1960;Mannen en Vrouwen;39 jaar;2063;4641;4310;331
1961;Mannen en Vrouwen;39 jaar;2064;4644;4313;331
1962;Mannen en Vrouwen;39 jaar;2065;4649;4318;331
1963;Mannen en Vrouwen;39 jaar;2066;4646;4328;318
1964;Mannen en Vrouwen;39 jaar;2067;4655;4339;316
1965;Mannen en Vrouwen;39 jaar;2068;4664;4354;310
1966;Mannen en Vrouwen;39 jaar;2069;4674;4369;305
1967;Mannen en Vrouwen;39 jaar;2070;4684;4382;302
1968;Mannen en Vrouwen;40 jaar;2023;4943;2971;1972
1969;Mannen en Vrouwen;40 jaar;2024;4658;3095;1563
1970;Mannen en Vrouwen;40 jaar;2025;4452;3220;1232
1971;Mannen en Vrouwen;40 jaar;2026;4239;3338;901
1972;Mannen en Vrouwen;40 jaar;2027;4234;3480;754
1973;Mannen en Vrouwen;40 jaar;2028;4232;3728;504
1974;Mannen en Vrouwen;40 jaar;2029;4263;3808;455
1975;Mannen en Vrouwen;40 jaar;2030;4305;3885;420
1976;Mannen en Vrouwen;40 jaar;2031;4319;3905;414
1977;Mannen en Vrouwen;40 jaar;2032;4324;3933;391
1978;Mannen en Vrouwen;40 jaar;2033;4315;3942;373
1979;Mannen en Vrouwen;40 jaar;2034;4303;3971;332
1980;Mannen en Vrouwen;40 jaar;2035;4298;3964;334
1981;Mannen en Vrouwen;40 jaar;2036;4297;4001;296
1982;Mannen en Vrouwen;40 jaar;2037;4306;4028;278
1983;Mannen en Vrouwen;40 jaar;2038;4323;4073;250
1984;Mannen en Vrouwen;40 jaar;2039;4328;4097;231
1985;Mannen en Vrouwen;40 jaar;2040;4342;4125;217
1986;Mannen en Vrouwen;40 jaar;2041;4334;4112;222
1987;Mannen en Vrouwen;40 jaar;2042;4335;4124;211
1988;Mannen en Vrouwen;40 jaar;2043;4332;4126;206
1989;Mannen en Vrouwen;40 jaar;2044;4318;4099;219
1990;Mannen en Vrouwen;40 jaar;2045;4305;4083;222
1991;Mannen en Vrouwen;40 jaar;2046;4300;4078;222
1992;Mannen en Vrouwen;40 jaar;2047;4287;4070;217
1993;Mannen en Vrouwen;40 jaar;2048;4296;4086;210
1994;Mannen en Vrouwen;40 jaar;2049;4297;4089;208
1995;Mannen en Vrouwen;40 jaar;2050;4297;4090;207
1996;Mannen en Vrouwen;40 jaar;2051;4287;4081;206
1997;Mannen en Vrouwen;40 jaar;2052;4280;4075;205
1998;Mannen en Vrouwen;40 jaar;2053;4268;4061;207
1999;Mannen en Vrouwen;40 jaar;2054;4277;4071;206
2000;Mannen en Vrouwen;40 jaar;2055;4267;4058;209
2001;Mannen en Vrouwen;40 jaar;2056;4273;4057;216
2002;Mannen en Vrouwen;40 jaar;2057;4266;4049;217
2003;Mannen en Vrouwen;40 jaar;2058;4266;4048;218
2004;Mannen en Vrouwen;40 jaar;2059;4266;4050;216
2005;Mannen en Vrouwen;40 jaar;2060;4260;4045;215
2006;Mannen en Vrouwen;40 jaar;2061;4284;4076;208
2007;Mannen en Vrouwen;40 jaar;2062;4257;4035;222
2008;Mannen en Vrouwen;40 jaar;2063;4247;4029;218
2009;Mannen en Vrouwen;40 jaar;2064;4254;4029;225
2010;Mannen en Vrouwen;40 jaar;2065;4252;4031;221
2011;Mannen en Vrouwen;40 jaar;2066;4256;4038;218
2012;Mannen en Vrouwen;40 jaar;2067;4259;4047;212
2013;Mannen en Vrouwen;40 jaar;2068;4261;4058;203
2014;Mannen en Vrouwen;40 jaar;2069;4274;4073;201
2015;Mannen en Vrouwen;40 jaar;2070;4285;4086;199
2016;Mannen en Vrouwen;41 jaar;2023;4613;2769;1844
2017;Mannen en Vrouwen;41 jaar;2024;4307;2904;1403
2018;Mannen en Vrouwen;41 jaar;2025;4101;3021;1080
2019;Mannen en Vrouwen;41 jaar;2026;3877;3144;733
2020;Mannen en Vrouwen;41 jaar;2027;3880;3301;579
2021;Mannen en Vrouwen;41 jaar;2028;3889;3447;442
2022;Mannen en Vrouwen;41 jaar;2029;3907;3547;360
2023;Mannen en Vrouwen;41 jaar;2030;3922;3613;309
2024;Mannen en Vrouwen;41 jaar;2031;3956;3679;277
2025;Mannen en Vrouwen;41 jaar;2032;3963;3690;273
2026;Mannen en Vrouwen;41 jaar;2033;3951;3708;243
2027;Mannen en Vrouwen;41 jaar;2034;3938;3727;211
2028;Mannen en Vrouwen;41 jaar;2035;3944;3753;191
2029;Mannen en Vrouwen;41 jaar;2036;3938;3750;188
2030;Mannen en Vrouwen;41 jaar;2037;3934;3784;150
2031;Mannen en Vrouwen;41 jaar;2038;3943;3809;134
2032;Mannen en Vrouwen;41 jaar;2039;3957;3850;107
2033;Mannen en Vrouwen;41 jaar;2040;3969;3872;97
2034;Mannen en Vrouwen;41 jaar;2041;3977;3898;79
2035;Mannen en Vrouwen;41 jaar;2042;3975;3888;87
2036;Mannen en Vrouwen;41 jaar;2043;3967;3899;68
2037;Mannen en Vrouwen;41 jaar;2044;3967;3901;66
2038;Mannen en Vrouwen;41 jaar;2045;3960;3878;82
2039;Mannen en Vrouwen;41 jaar;2046;3941;3861;80
2040;Mannen en Vrouwen;41 jaar;2047;3936;3855;81
2041;Mannen en Vrouwen;41 jaar;2048;3928;3848;80
2042;Mannen en Vrouwen;41 jaar;2049;3931;3864;67
2043;Mannen en Vrouwen;41 jaar;2050;3936;3867;69
2044;Mannen en Vrouwen;41 jaar;2051;3935;3869;66
2045;Mannen en Vrouwen;41 jaar;2052;3927;3860;67
2046;Mannen en Vrouwen;41 jaar;2053;3916;3853;63
2047;Mannen en Vrouwen;41 jaar;2054;3905;3840;65
2048;Mannen en Vrouwen;41 jaar;2055;3915;3852;63
2049;Mannen en Vrouwen;41 jaar;2056;3904;3840;64
2050;Mannen en Vrouwen;41 jaar;2057;3911;3839;72
2051;Mannen en Vrouwen;41 jaar;2058;3908;3834;74
2052;Mannen en Vrouwen;41 jaar;2059;3904;3832;72
2053;Mannen en Vrouwen;41 jaar;2060;3904;3834;70
2054;Mannen en Vrouwen;41 jaar;2061;3901;3831;70
2055;Mannen en Vrouwen;41 jaar;2062;3922;3860;62
2056;Mannen en Vrouwen;41 jaar;2063;3899;3823;76
2057;Mannen en Vrouwen;41 jaar;2064;3892;3816;76
2058;Mannen en Vrouwen;41 jaar;2065;3891;3817;74
2059;Mannen en Vrouwen;41 jaar;2066;3895;3820;75
2060;Mannen en Vrouwen;41 jaar;2067;3897;3826;71
2061;Mannen en Vrouwen;41 jaar;2068;3900;3835;65
2062;Mannen en Vrouwen;41 jaar;2069;3902;3846;56
2063;Mannen en Vrouwen;41 jaar;2070;3913;3859;54
2064;Mannen en Vrouwen;42 jaar;2023;4334;2590;1744
2065;Mannen en Vrouwen;42 jaar;2024;4030;2738;1292
2066;Mannen en Vrouwen;42 jaar;2025;3824;2858;966
2067;Mannen en Vrouwen;42 jaar;2026;3612;2976;636
2068;Mannen en Vrouwen;42 jaar;2027;3609;3147;462
2069;Mannen en Vrouwen;42 jaar;2028;3616;3314;302
2070;Mannen en Vrouwen;42 jaar;2029;3639;3333;306
2071;Mannen en Vrouwen;42 jaar;2030;3647;3423;224
2072;Mannen en Vrouwen;42 jaar;2031;3661;3479;182
2073;Mannen en Vrouwen;42 jaar;2032;3685;3533;152
2074;Mannen en Vrouwen;42 jaar;2033;3680;3538;142
2075;Mannen en Vrouwen;42 jaar;2034;3668;3566;102
2076;Mannen en Vrouwen;42 jaar;2035;3670;3586;84
2077;Mannen en Vrouwen;42 jaar;2036;3675;3615;60
2078;Mannen en Vrouwen;42 jaar;2037;3666;3613;53
2079;Mannen en Vrouwen;42 jaar;2038;3667;3646;21
2080;Mannen en Vrouwen;42 jaar;2039;3670;3669;1
2081;Mannen en Vrouwen;42 jaar;2040;3686;3707;-21
2082;Mannen en Vrouwen;42 jaar;2041;3696;3731;-35
2083;Mannen en Vrouwen;42 jaar;2042;3706;3755;-49
2084;Mannen en Vrouwen;42 jaar;2043;3702;3747;-45
2085;Mannen en Vrouwen;42 jaar;2044;3696;3759;-63
2086;Mannen en Vrouwen;42 jaar;2045;3693;3763;-70
2087;Mannen en Vrouwen;42 jaar;2046;3685;3739;-54
2088;Mannen en Vrouwen;42 jaar;2047;3672;3725;-53
2089;Mannen en Vrouwen;42 jaar;2048;3662;3721;-59
2090;Mannen en Vrouwen;42 jaar;2049;3657;3716;-59
2091;Mannen en Vrouwen;42 jaar;2050;3661;3732;-71
2092;Mannen en Vrouwen;42 jaar;2051;3662;3736;-74
2093;Mannen en Vrouwen;42 jaar;2052;3661;3739;-78
2094;Mannen en Vrouwen;42 jaar;2053;3652;3730;-78
2095;Mannen en Vrouwen;42 jaar;2054;3643;3725;-82
2096;Mannen en Vrouwen;42 jaar;2055;3633;3713;-80
2097;Mannen en Vrouwen;42 jaar;2056;3643;3725;-82
2098;Mannen en Vrouwen;42 jaar;2057;3634;3715;-81
2099;Mannen en Vrouwen;42 jaar;2058;3639;3716;-77
2100;Mannen en Vrouwen;42 jaar;2059;3634;3711;-77
2101;Mannen en Vrouwen;42 jaar;2060;3634;3711;-77
2102;Mannen en Vrouwen;42 jaar;2061;3637;3714;-77
2103;Mannen en Vrouwen;42 jaar;2062;3631;3710;-79
2104;Mannen en Vrouwen;42 jaar;2063;3654;3738;-84
2105;Mannen en Vrouwen;42 jaar;2064;3632;3704;-72
2106;Mannen en Vrouwen;42 jaar;2065;3620;3698;-78
2107;Mannen en Vrouwen;42 jaar;2066;3620;3701;-81
2108;Mannen en Vrouwen;42 jaar;2067;3625;3703;-78
2109;Mannen en Vrouwen;42 jaar;2068;3625;3711;-86
2110;Mannen en Vrouwen;42 jaar;2069;3630;3720;-90
2111;Mannen en Vrouwen;42 jaar;2070;3635;3729;-94
2112;Mannen en Vrouwen;43 jaar;2023;4074;2432;1642
2113;Mannen en Vrouwen;43 jaar;2024;3796;2518;1278
2114;Mannen en Vrouwen;43 jaar;2025;3578;2652;926
2115;Mannen en Vrouwen;43 jaar;2026;3358;2761;597
2116;Mannen en Vrouwen;43 jaar;2027;3358;2923;435
2117;Mannen en Vrouwen;43 jaar;2028;3362;3098;264
2118;Mannen en Vrouwen;43 jaar;2029;3387;3139;248
2119;Mannen en Vrouwen;43 jaar;2030;3399;3151;248
2120;Mannen en Vrouwen;43 jaar;2031;3406;3230;176
2121;Mannen en Vrouwen;43 jaar;2032;3410;3275;135
2122;Mannen en Vrouwen;43 jaar;2033;3423;3320;103
2123;Mannen en Vrouwen;43 jaar;2034;3417;3336;81
2124;Mannen en Vrouwen;43 jaar;2035;3410;3363;47
2125;Mannen en Vrouwen;43 jaar;2036;3410;3384;26
2126;Mannen en Vrouwen;43 jaar;2037;3420;3414;6
2127;Mannen en Vrouwen;43 jaar;2038;3411;3411;0
2128;Mannen en Vrouwen;43 jaar;2039;3415;3442;-27
2129;Mannen en Vrouwen;43 jaar;2040;3417;3464;-47
2130;Mannen en Vrouwen;43 jaar;2041;3430;3502;-72
2131;Mannen en Vrouwen;43 jaar;2042;3439;3524;-85
2132;Mannen en Vrouwen;43 jaar;2043;3450;3548;-98
2133;Mannen en Vrouwen;43 jaar;2044;3445;3541;-96
2134;Mannen en Vrouwen;43 jaar;2045;3440;3554;-114
2135;Mannen en Vrouwen;43 jaar;2046;3437;3555;-118
2136;Mannen en Vrouwen;43 jaar;2047;3427;3537;-110
2137;Mannen en Vrouwen;43 jaar;2048;3413;3523;-110
2138;Mannen en Vrouwen;43 jaar;2049;3408;3520;-112
2139;Mannen en Vrouwen;43 jaar;2050;3404;3516;-112
2140;Mannen en Vrouwen;43 jaar;2051;3409;3531;-122
2141;Mannen en Vrouwen;43 jaar;2052;3409;3535;-126
2142;Mannen en Vrouwen;43 jaar;2053;3407;3538;-131
2143;Mannen en Vrouwen;43 jaar;2054;3401;3530;-129
2144;Mannen en Vrouwen;43 jaar;2055;3393;3526;-133
2145;Mannen en Vrouwen;43 jaar;2056;3379;3517;-138
2146;Mannen en Vrouwen;43 jaar;2057;3392;3529;-137
2147;Mannen en Vrouwen;43 jaar;2058;3383;3521;-138
2148;Mannen en Vrouwen;43 jaar;2059;3386;3521;-135
2149;Mannen en Vrouwen;43 jaar;2060;3382;3517;-135
2150;Mannen en Vrouwen;43 jaar;2061;3381;3518;-137
2151;Mannen en Vrouwen;43 jaar;2062;3384;3522;-138
2152;Mannen en Vrouwen;43 jaar;2063;3377;3519;-142
2153;Mannen en Vrouwen;43 jaar;2064;3397;3545;-148
2154;Mannen en Vrouwen;43 jaar;2065;3379;3515;-136
2155;Mannen en Vrouwen;43 jaar;2066;3369;3510;-141
2156;Mannen en Vrouwen;43 jaar;2067;3369;3513;-144
2157;Mannen en Vrouwen;43 jaar;2068;3373;3516;-143
2158;Mannen en Vrouwen;43 jaar;2069;3373;3524;-151
2159;Mannen en Vrouwen;43 jaar;2070;3376;3531;-155
2160;Mannen en Vrouwen;44 jaar;2023;3814;2264;1550
2161;Mannen en Vrouwen;44 jaar;2024;3559;2394;1165
2162;Mannen en Vrouwen;44 jaar;2025;3361;2465;896
2163;Mannen en Vrouwen;44 jaar;2026;3145;2594;551
2164;Mannen en Vrouwen;44 jaar;2027;3132;2741;391
2165;Mannen en Vrouwen;44 jaar;2028;3137;2915;222
2166;Mannen en Vrouwen;44 jaar;2029;3156;2975;181
2167;Mannen en Vrouwen;44 jaar;2030;3174;3009;165
2168;Mannen en Vrouwen;44 jaar;2031;3182;3016;166
2169;Mannen en Vrouwen;44 jaar;2032;3185;3083;102
2170;Mannen en Vrouwen;44 jaar;2033;3181;3119;62
2171;Mannen en Vrouwen;44 jaar;2034;3189;3172;17
2172;Mannen en Vrouwen;44 jaar;2035;3194;3188;6
2173;Mannen en Vrouwen;44 jaar;2036;3191;3216;-25
2174;Mannen en Vrouwen;44 jaar;2037;3190;3235;-45
2175;Mannen en Vrouwen;44 jaar;2038;3195;3263;-68
2176;Mannen en Vrouwen;44 jaar;2039;3188;3262;-74
2177;Mannen en Vrouwen;44 jaar;2040;3186;3289;-103
2178;Mannen en Vrouwen;44 jaar;2041;3196;3309;-113
2179;Mannen en Vrouwen;44 jaar;2042;3211;3345;-134
2180;Mannen en Vrouwen;44 jaar;2043;3220;3367;-147
2181;Mannen en Vrouwen;44 jaar;2044;3227;3389;-162
2182;Mannen en Vrouwen;44 jaar;2045;3220;3383;-163
2183;Mannen en Vrouwen;44 jaar;2046;3217;3394;-177
2184;Mannen en Vrouwen;44 jaar;2047;3217;3394;-177
2185;Mannen en Vrouwen;44 jaar;2048;3202;3376;-174
2186;Mannen en Vrouwen;44 jaar;2049;3190;3365;-175
2187;Mannen en Vrouwen;44 jaar;2050;3188;3363;-175
2188;Mannen en Vrouwen;44 jaar;2051;3180;3359;-179
2189;Mannen en Vrouwen;44 jaar;2052;3188;3374;-186
2190;Mannen en Vrouwen;44 jaar;2053;3187;3377;-190
2191;Mannen en Vrouwen;44 jaar;2054;3187;3381;-194
2192;Mannen en Vrouwen;44 jaar;2055;3178;3373;-195
2193;Mannen en Vrouwen;44 jaar;2056;3167;3370;-203
2194;Mannen en Vrouwen;44 jaar;2057;3160;3361;-201
2195;Mannen en Vrouwen;44 jaar;2058;3169;3373;-204
2196;Mannen en Vrouwen;44 jaar;2059;3165;3367;-202
2197;Mannen en Vrouwen;44 jaar;2060;3166;3369;-203
2198;Mannen en Vrouwen;44 jaar;2061;3161;3365;-204
2199;Mannen en Vrouwen;44 jaar;2062;3156;3366;-210
2200;Mannen en Vrouwen;44 jaar;2063;3160;3370;-210
2201;Mannen en Vrouwen;44 jaar;2064;3159;3366;-207
2202;Mannen en Vrouwen;44 jaar;2065;3174;3391;-217
2203;Mannen en Vrouwen;44 jaar;2066;3154;3364;-210
2204;Mannen en Vrouwen;44 jaar;2067;3151;3360;-209
2205;Mannen en Vrouwen;44 jaar;2068;3153;3363;-210
2206;Mannen en Vrouwen;44 jaar;2069;3154;3367;-213
2207;Mannen en Vrouwen;44 jaar;2070;3154;3372;-218
2208;Mannen en Vrouwen;45 jaar;2023;3586;2120;1466
2209;Mannen en Vrouwen;45 jaar;2024;3325;2227;1098
2210;Mannen en Vrouwen;45 jaar;2025;3156;2340;816
2211;Mannen en Vrouwen;45 jaar;2026;2954;2401;553
2212;Mannen en Vrouwen;45 jaar;2027;2931;2566;365
2213;Mannen en Vrouwen;45 jaar;2028;2926;2718;208
2214;Mannen en Vrouwen;45 jaar;2029;2945;2783;162
2215;Mannen en Vrouwen;45 jaar;2030;2955;2835;120
2216;Mannen en Vrouwen;45 jaar;2031;2967;2863;104
2217;Mannen en Vrouwen;45 jaar;2032;2970;2866;104
2218;Mannen en Vrouwen;45 jaar;2033;2965;2920;45
2219;Mannen en Vrouwen;45 jaar;2034;2959;2964;-5
2220;Mannen en Vrouwen;45 jaar;2035;2978;3017;-39
2221;Mannen en Vrouwen;45 jaar;2036;2979;3036;-57
2222;Mannen en Vrouwen;45 jaar;2037;2979;3063;-84
2223;Mannen en Vrouwen;45 jaar;2038;2977;3080;-103
2224;Mannen en Vrouwen;45 jaar;2039;2983;3105;-122
2225;Mannen en Vrouwen;45 jaar;2040;2974;3104;-130
2226;Mannen en Vrouwen;45 jaar;2041;2973;3129;-156
2227;Mannen en Vrouwen;45 jaar;2042;2981;3148;-167
2228;Mannen en Vrouwen;45 jaar;2043;2996;3183;-187
2229;Mannen en Vrouwen;45 jaar;2044;3006;3202;-196
2230;Mannen en Vrouwen;45 jaar;2045;3014;3225;-211
2231;Mannen en Vrouwen;45 jaar;2046;3005;3218;-213
2232;Mannen en Vrouwen;45 jaar;2047;3007;3228;-221
2233;Mannen en Vrouwen;45 jaar;2048;3002;3229;-227
2234;Mannen en Vrouwen;45 jaar;2049;2988;3212;-224
2235;Mannen en Vrouwen;45 jaar;2050;2976;3200;-224
2236;Mannen en Vrouwen;45 jaar;2051;2975;3200;-225
2237;Mannen en Vrouwen;45 jaar;2052;2967;3196;-229
2238;Mannen en Vrouwen;45 jaar;2053;2977;3210;-233
2239;Mannen en Vrouwen;45 jaar;2054;2972;3214;-242
2240;Mannen en Vrouwen;45 jaar;2055;2974;3218;-244
2241;Mannen en Vrouwen;45 jaar;2056;2965;3212;-247
2242;Mannen en Vrouwen;45 jaar;2057;2959;3208;-249
2243;Mannen en Vrouwen;45 jaar;2058;2948;3202;-254
2244;Mannen en Vrouwen;45 jaar;2059;2955;3212;-257
2245;Mannen en Vrouwen;45 jaar;2060;2950;3206;-256
2246;Mannen en Vrouwen;45 jaar;2061;2953;3209;-256
2247;Mannen en Vrouwen;45 jaar;2062;2946;3205;-259
2248;Mannen en Vrouwen;45 jaar;2063;2946;3206;-260
2249;Mannen en Vrouwen;45 jaar;2064;2950;3210;-260
2250;Mannen en Vrouwen;45 jaar;2065;2944;3208;-264
2251;Mannen en Vrouwen;45 jaar;2066;2962;3233;-271
2252;Mannen en Vrouwen;45 jaar;2067;2942;3207;-265
2253;Mannen en Vrouwen;45 jaar;2068;2936;3203;-267
2254;Mannen en Vrouwen;45 jaar;2069;2941;3205;-264
2255;Mannen en Vrouwen;45 jaar;2070;2943;3208;-265
2256;Mannen en Vrouwen;46 jaar;2023;3372;1974;1398
2257;Mannen en Vrouwen;46 jaar;2024;3119;2078;1041
2258;Mannen en Vrouwen;46 jaar;2025;2935;2161;774
2259;Mannen en Vrouwen;46 jaar;2026;2757;2263;494
2260;Mannen en Vrouwen;46 jaar;2027;2745;2352;393
2261;Mannen en Vrouwen;46 jaar;2028;2731;2514;217
2262;Mannen en Vrouwen;46 jaar;2029;2737;2561;176
2263;Mannen en Vrouwen;46 jaar;2030;2743;2616;127
2264;Mannen en Vrouwen;46 jaar;2031;2755;2655;100
2265;Mannen en Vrouwen;46 jaar;2032;2762;2676;86
2266;Mannen en Vrouwen;46 jaar;2033;2759;2674;85
2267;Mannen en Vrouwen;46 jaar;2034;2752;2735;17
2268;Mannen en Vrouwen;46 jaar;2035;2758;2777;-19
2269;Mannen en Vrouwen;46 jaar;2036;2776;2829;-53
2270;Mannen en Vrouwen;46 jaar;2037;2779;2848;-69
2271;Mannen en Vrouwen;46 jaar;2038;2777;2871;-94
2272;Mannen en Vrouwen;46 jaar;2039;2777;2887;-110
2273;Mannen en Vrouwen;46 jaar;2040;2781;2912;-131
2274;Mannen en Vrouwen;46 jaar;2041;2771;2910;-139
2275;Mannen en Vrouwen;46 jaar;2042;2772;2934;-162
2276;Mannen en Vrouwen;46 jaar;2043;2778;2954;-176
2277;Mannen en Vrouwen;46 jaar;2044;2793;2987;-194
2278;Mannen en Vrouwen;46 jaar;2045;2801;3006;-205
2279;Mannen en Vrouwen;46 jaar;2046;2811;3027;-216
2280;Mannen en Vrouwen;46 jaar;2047;2803;3022;-219
2281;Mannen en Vrouwen;46 jaar;2048;2803;3031;-228
2282;Mannen en Vrouwen;46 jaar;2049;2801;3034;-233
2283;Mannen en Vrouwen;46 jaar;2050;2787;3018;-231
2284;Mannen en Vrouwen;46 jaar;2051;2775;3008;-233
2285;Mannen en Vrouwen;46 jaar;2052;2776;3005;-229
2286;Mannen en Vrouwen;46 jaar;2053;2767;3002;-235
2287;Mannen en Vrouwen;46 jaar;2054;2772;3016;-244
2288;Mannen en Vrouwen;46 jaar;2055;2773;3020;-247
2289;Mannen en Vrouwen;46 jaar;2056;2773;3024;-251
2290;Mannen en Vrouwen;46 jaar;2057;2761;3018;-257
2291;Mannen en Vrouwen;46 jaar;2058;2757;3017;-260
2292;Mannen en Vrouwen;46 jaar;2059;2746;3009;-263
2293;Mannen en Vrouwen;46 jaar;2060;2753;3021;-268
2294;Mannen en Vrouwen;46 jaar;2061;2745;3014;-269
2295;Mannen en Vrouwen;46 jaar;2062;2753;3019;-266
2296;Mannen en Vrouwen;46 jaar;2063;2745;3016;-271
2297;Mannen en Vrouwen;46 jaar;2064;2744;3018;-274
2298;Mannen en Vrouwen;46 jaar;2065;2750;3023;-273
2299;Mannen en Vrouwen;46 jaar;2066;2744;3020;-276
2300;Mannen en Vrouwen;46 jaar;2067;2763;3045;-282
2301;Mannen en Vrouwen;46 jaar;2068;2743;3019;-276
2302;Mannen en Vrouwen;46 jaar;2069;2740;3016;-276
2303;Mannen en Vrouwen;46 jaar;2070;2737;3017;-280
2304;Mannen en Vrouwen;47 jaar;2023;3172;1905;1267
2305;Mannen en Vrouwen;47 jaar;2024;2933;1964;969
2306;Mannen en Vrouwen;47 jaar;2025;2762;2041;721
2307;Mannen en Vrouwen;47 jaar;2026;2580;2109;471
2308;Mannen en Vrouwen;47 jaar;2027;2586;2237;349
2309;Mannen en Vrouwen;47 jaar;2028;2579;2324;255
2310;Mannen en Vrouwen;47 jaar;2029;2578;2395;183
2311;Mannen en Vrouwen;47 jaar;2030;2574;2430;144
2312;Mannen en Vrouwen;47 jaar;2031;2583;2475;108
2313;Mannen en Vrouwen;47 jaar;2032;2585;2506;79
2314;Mannen en Vrouwen;47 jaar;2033;2588;2520;68
2315;Mannen en Vrouwen;47 jaar;2034;2582;2529;53
2316;Mannen en Vrouwen;47 jaar;2035;2585;2587;-2
2317;Mannen en Vrouwen;47 jaar;2036;2590;2627;-37
2318;Mannen en Vrouwen;47 jaar;2037;2609;2676;-67
2319;Mannen en Vrouwen;47 jaar;2038;2613;2693;-80
2320;Mannen en Vrouwen;47 jaar;2039;2611;2716;-105
2321;Mannen en Vrouwen;47 jaar;2040;2610;2731;-121
2322;Mannen en Vrouwen;47 jaar;2041;2613;2753;-140
2323;Mannen en Vrouwen;47 jaar;2042;2607;2752;-145
2324;Mannen en Vrouwen;47 jaar;2043;2608;2775;-167
2325;Mannen en Vrouwen;47 jaar;2044;2610;2794;-184
2326;Mannen en Vrouwen;47 jaar;2045;2628;2824;-196
2327;Mannen en Vrouwen;47 jaar;2046;2628;2843;-215
2328;Mannen en Vrouwen;47 jaar;2047;2638;2862;-224
2329;Mannen en Vrouwen;47 jaar;2048;2636;2857;-221
2330;Mannen en Vrouwen;47 jaar;2049;2632;2867;-235
2331;Mannen en Vrouwen;47 jaar;2050;2635;2869;-234
2332;Mannen en Vrouwen;47 jaar;2051;2621;2854;-233
2333;Mannen en Vrouwen;47 jaar;2052;2610;2846;-236
2334;Mannen en Vrouwen;47 jaar;2053;2604;2842;-238
2335;Mannen en Vrouwen;47 jaar;2054;2598;2840;-242
2336;Mannen en Vrouwen;47 jaar;2055;2606;2853;-247
2337;Mannen en Vrouwen;47 jaar;2056;2605;2857;-252
2338;Mannen en Vrouwen;47 jaar;2057;2607;2861;-254
2339;Mannen en Vrouwen;47 jaar;2058;2595;2857;-262
2340;Mannen en Vrouwen;47 jaar;2059;2592;2854;-262
2341;Mannen en Vrouwen;47 jaar;2060;2582;2848;-266
2342;Mannen en Vrouwen;47 jaar;2061;2589;2860;-271
2343;Mannen en Vrouwen;47 jaar;2062;2582;2855;-273
2344;Mannen en Vrouwen;47 jaar;2063;2585;2859;-274
2345;Mannen en Vrouwen;47 jaar;2064;2581;2857;-276
2346;Mannen en Vrouwen;47 jaar;2065;2579;2858;-279
2347;Mannen en Vrouwen;47 jaar;2066;2585;2864;-279
2348;Mannen en Vrouwen;47 jaar;2067;2580;2862;-282
2349;Mannen en Vrouwen;47 jaar;2068;2599;2886;-287
2350;Mannen en Vrouwen;47 jaar;2069;2578;2861;-283
2351;Mannen en Vrouwen;47 jaar;2070;2572;2859;-287
2352;Mannen en Vrouwen;48 jaar;2023;3005;1776;1229
2353;Mannen en Vrouwen;48 jaar;2024;2781;1862;919
2354;Mannen en Vrouwen;48 jaar;2025;2607;1906;701
2355;Mannen en Vrouwen;48 jaar;2026;2442;1970;472
2356;Mannen en Vrouwen;48 jaar;2027;2432;2065;367
2357;Mannen en Vrouwen;48 jaar;2028;2437;2191;246
2358;Mannen en Vrouwen;48 jaar;2029;2444;2203;241
2359;Mannen en Vrouwen;48 jaar;2030;2435;2260;175
2360;Mannen en Vrouwen;48 jaar;2031;2433;2287;146
2361;Mannen en Vrouwen;48 jaar;2032;2438;2324;114
2362;Mannen en Vrouwen;48 jaar;2033;2437;2347;90
2363;Mannen en Vrouwen;48 jaar;2034;2437;2370;67
2364;Mannen en Vrouwen;48 jaar;2035;2439;2382;57
2365;Mannen en Vrouwen;48 jaar;2036;2442;2434;8
2366;Mannen en Vrouwen;48 jaar;2037;2444;2471;-27
2367;Mannen en Vrouwen;48 jaar;2038;2467;2516;-49
2368;Mannen en Vrouwen;48 jaar;2039;2467;2533;-66
2369;Mannen en Vrouwen;48 jaar;2040;2468;2552;-84
2370;Mannen en Vrouwen;48 jaar;2041;2466;2566;-100
2371;Mannen en Vrouwen;48 jaar;2042;2472;2585;-113
2372;Mannen en Vrouwen;48 jaar;2043;2463;2586;-123
2373;Mannen en Vrouwen;48 jaar;2044;2462;2607;-145
2374;Mannen en Vrouwen;48 jaar;2045;2466;2623;-157
2375;Mannen en Vrouwen;48 jaar;2046;2482;2651;-169
2376;Mannen en Vrouwen;48 jaar;2047;2485;2668;-183
2377;Mannen en Vrouwen;48 jaar;2048;2496;2685;-189
2378;Mannen en Vrouwen;48 jaar;2049;2495;2681;-186
2379;Mannen en Vrouwen;48 jaar;2050;2493;2690;-197
2380;Mannen en Vrouwen;48 jaar;2051;2488;2694;-206
2381;Mannen en Vrouwen;48 jaar;2052;2479;2679;-200
2382;Mannen en Vrouwen;48 jaar;2053;2467;2671;-204
2383;Mannen en Vrouwen;48 jaar;2054;2460;2669;-209
2384;Mannen en Vrouwen;48 jaar;2055;2457;2668;-211
2385;Mannen en Vrouwen;48 jaar;2056;2460;2680;-220
2386;Mannen en Vrouwen;48 jaar;2057;2460;2684;-224
2387;Mannen en Vrouwen;48 jaar;2058;2459;2688;-229
2388;Mannen en Vrouwen;48 jaar;2059;2455;2684;-229
2389;Mannen en Vrouwen;48 jaar;2060;2446;2684;-238
2390;Mannen en Vrouwen;48 jaar;2061;2437;2678;-241
2391;Mannen en Vrouwen;48 jaar;2062;2442;2688;-246
2392;Mannen en Vrouwen;48 jaar;2063;2436;2685;-249
2393;Mannen en Vrouwen;48 jaar;2064;2444;2688;-244
2394;Mannen en Vrouwen;48 jaar;2065;2438;2687;-249
2395;Mannen en Vrouwen;48 jaar;2066;2437;2689;-252
2396;Mannen en Vrouwen;48 jaar;2067;2439;2693;-254
2397;Mannen en Vrouwen;48 jaar;2068;2435;2693;-258
2398;Mannen en Vrouwen;48 jaar;2069;2453;2715;-262
2399;Mannen en Vrouwen;48 jaar;2070;2432;2691;-259
2400;Mannen en Vrouwen;49 jaar;2023;2774;1727;1047
2401;Mannen en Vrouwen;49 jaar;2024;2566;1757;809
2402;Mannen en Vrouwen;49 jaar;2025;2424;1820;604
2403;Mannen en Vrouwen;49 jaar;2026;2274;1861;413
2404;Mannen en Vrouwen;49 jaar;2027;2270;1955;315
2405;Mannen en Vrouwen;49 jaar;2028;2263;2052;211
2406;Mannen en Vrouwen;49 jaar;2029;2283;2112;171
2407;Mannen en Vrouwen;49 jaar;2030;2280;2118;162
2408;Mannen en Vrouwen;49 jaar;2031;2270;2169;101
2409;Mannen en Vrouwen;49 jaar;2032;2262;2192;70
2410;Mannen en Vrouwen;49 jaar;2033;2261;2221;40
2411;Mannen en Vrouwen;49 jaar;2034;2258;2254;4
2412;Mannen en Vrouwen;49 jaar;2035;2272;2277;-5
2413;Mannen en Vrouwen;49 jaar;2036;2274;2290;-16
2414;Mannen en Vrouwen;49 jaar;2037;2273;2342;-69
2415;Mannen en Vrouwen;49 jaar;2038;2279;2377;-98
2416;Mannen en Vrouwen;49 jaar;2039;2300;2418;-118
2417;Mannen en Vrouwen;49 jaar;2040;2298;2435;-137
2418;Mannen en Vrouwen;49 jaar;2041;2300;2452;-152
2419;Mannen en Vrouwen;49 jaar;2042;2298;2466;-168
2420;Mannen en Vrouwen;49 jaar;2043;2305;2486;-181
2421;Mannen en Vrouwen;49 jaar;2044;2297;2484;-187
2422;Mannen en Vrouwen;49 jaar;2045;2297;2505;-208
2423;Mannen en Vrouwen;49 jaar;2046;2299;2521;-222
2424;Mannen en Vrouwen;49 jaar;2047;2317;2546;-229
2425;Mannen en Vrouwen;49 jaar;2048;2319;2562;-243
2426;Mannen en Vrouwen;49 jaar;2049;2327;2581;-254
2427;Mannen en Vrouwen;49 jaar;2050;2327;2577;-250
2428;Mannen en Vrouwen;49 jaar;2051;2324;2586;-262
2429;Mannen en Vrouwen;49 jaar;2052;2320;2589;-269
2430;Mannen en Vrouwen;49 jaar;2053;2310;2576;-266
2431;Mannen en Vrouwen;49 jaar;2054;2302;2569;-267
2432;Mannen en Vrouwen;49 jaar;2055;2297;2568;-271
2433;Mannen en Vrouwen;49 jaar;2056;2292;2566;-274
2434;Mannen en Vrouwen;49 jaar;2057;2296;2579;-283
2435;Mannen en Vrouwen;49 jaar;2058;2294;2583;-289
2436;Mannen en Vrouwen;49 jaar;2059;2295;2588;-293
2437;Mannen en Vrouwen;49 jaar;2060;2290;2586;-296
2438;Mannen en Vrouwen;49 jaar;2061;2280;2584;-304
2439;Mannen en Vrouwen;49 jaar;2062;2274;2579;-305
2440;Mannen en Vrouwen;49 jaar;2063;2277;2590;-313
2441;Mannen en Vrouwen;49 jaar;2064;2271;2587;-316
2442;Mannen en Vrouwen;49 jaar;2065;2278;2591;-313
2443;Mannen en Vrouwen;49 jaar;2066;2276;2590;-314
2444;Mannen en Vrouwen;49 jaar;2067;2274;2593;-319
2445;Mannen en Vrouwen;49 jaar;2068;2276;2598;-322
2446;Mannen en Vrouwen;49 jaar;2069;2270;2597;-327
2447;Mannen en Vrouwen;49 jaar;2070;2284;2621;-337
2448;Mannen en Vrouwen;50 jaar;2023;2600;1626;974
2449;Mannen en Vrouwen;50 jaar;2024;2394;1711;683
2450;Mannen en Vrouwen;50 jaar;2025;2245;1724;521
2451;Mannen en Vrouwen;50 jaar;2026;2097;1775;322
2452;Mannen en Vrouwen;50 jaar;2027;2090;1848;242
2453;Mannen en Vrouwen;50 jaar;2028;2086;1944;142
2454;Mannen en Vrouwen;50 jaar;2029;2095;1979;116
2455;Mannen en Vrouwen;50 jaar;2030;2108;2031;77
2456;Mannen en Vrouwen;50 jaar;2031;2104;2033;71
2457;Mannen en Vrouwen;50 jaar;2032;2097;2075;22
2458;Mannen en Vrouwen;50 jaar;2033;2087;2092;-5
2459;Mannen en Vrouwen;50 jaar;2034;2086;2131;-45
2460;Mannen en Vrouwen;50 jaar;2035;2092;2164;-72
2461;Mannen en Vrouwen;50 jaar;2036;2104;2190;-86
2462;Mannen en Vrouwen;50 jaar;2037;2106;2203;-97
2463;Mannen en Vrouwen;50 jaar;2038;2102;2251;-149
2464;Mannen en Vrouwen;50 jaar;2039;2108;2284;-176
2465;Mannen en Vrouwen;50 jaar;2040;2126;2323;-197
2466;Mannen en Vrouwen;50 jaar;2041;2129;2340;-211
2467;Mannen en Vrouwen;50 jaar;2042;2125;2356;-231
2468;Mannen en Vrouwen;50 jaar;2043;2129;2370;-241
2469;Mannen en Vrouwen;50 jaar;2044;2134;2390;-256
2470;Mannen en Vrouwen;50 jaar;2045;2126;2388;-262
2471;Mannen en Vrouwen;50 jaar;2046;2125;2407;-282
2472;Mannen en Vrouwen;50 jaar;2047;2129;2423;-294
2473;Mannen en Vrouwen;50 jaar;2048;2138;2448;-310
2474;Mannen en Vrouwen;50 jaar;2049;2146;2462;-316
2475;Mannen en Vrouwen;50 jaar;2050;2156;2479;-323
2476;Mannen en Vrouwen;50 jaar;2051;2151;2477;-326
2477;Mannen en Vrouwen;50 jaar;2052;2150;2486;-336
2478;Mannen en Vrouwen;50 jaar;2053;2144;2489;-345
2479;Mannen en Vrouwen;50 jaar;2054;2134;2477;-343
2480;Mannen en Vrouwen;50 jaar;2055;2126;2469;-343
2481;Mannen en Vrouwen;50 jaar;2056;2123;2468;-345
2482;Mannen en Vrouwen;50 jaar;2057;2117;2468;-351
2483;Mannen en Vrouwen;50 jaar;2058;2124;2480;-356
2484;Mannen en Vrouwen;50 jaar;2059;2126;2485;-359
2485;Mannen en Vrouwen;50 jaar;2060;2123;2489;-366
2486;Mannen en Vrouwen;50 jaar;2061;2114;2487;-373
2487;Mannen en Vrouwen;50 jaar;2062;2111;2486;-375
2488;Mannen en Vrouwen;50 jaar;2063;2104;2480;-376
2489;Mannen en Vrouwen;50 jaar;2064;2108;2493;-385
2490;Mannen en Vrouwen;50 jaar;2065;2101;2488;-387
2491;Mannen en Vrouwen;50 jaar;2066;2107;2494;-387
2492;Mannen en Vrouwen;50 jaar;2067;2103;2493;-390
2493;Mannen en Vrouwen;50 jaar;2068;2101;2496;-395
2494;Mannen en Vrouwen;50 jaar;2069;2103;2500;-397
2495;Mannen en Vrouwen;50 jaar;2070;2100;2500;-400
2496;Mannen en Vrouwen;51 jaar;2023;2454;1616;838
2497;Mannen en Vrouwen;51 jaar;2024;2239;1631;608
2498;Mannen en Vrouwen;51 jaar;2025;2089;1693;396
2499;Mannen en Vrouwen;51 jaar;2026;1931;1697;234
2500;Mannen en Vrouwen;51 jaar;2027;1921;1773;148
2501;Mannen en Vrouwen;51 jaar;2028;1914;1850;64
2502;Mannen en Vrouwen;51 jaar;2029;1924;1890;34
2503;Mannen en Vrouwen;51 jaar;2030;1928;1918;10
2504;Mannen en Vrouwen;51 jaar;2031;1937;1966;-29
2505;Mannen en Vrouwen;51 jaar;2032;1933;1966;-33
2506;Mannen en Vrouwen;51 jaar;2033;1922;2000;-78
2507;Mannen en Vrouwen;51 jaar;2034;1908;2029;-121
2508;Mannen en Vrouwen;51 jaar;2035;1920;2068;-148
2509;Mannen en Vrouwen;51 jaar;2036;1925;2103;-178
2510;Mannen en Vrouwen;51 jaar;2037;1935;2130;-195
2511;Mannen en Vrouwen;51 jaar;2038;1939;2143;-204
2512;Mannen en Vrouwen;51 jaar;2039;1935;2189;-254
2513;Mannen en Vrouwen;51 jaar;2040;1939;2222;-283
2514;Mannen en Vrouwen;51 jaar;2041;1957;2261;-304
2515;Mannen en Vrouwen;51 jaar;2042;1957;2278;-321
2516;Mannen en Vrouwen;51 jaar;2043;1957;2294;-337
2517;Mannen en Vrouwen;51 jaar;2044;1958;2307;-349
2518;Mannen en Vrouwen;51 jaar;2045;1964;2327;-363
2519;Mannen en Vrouwen;51 jaar;2046;1954;2325;-371
2520;Mannen en Vrouwen;51 jaar;2047;1955;2343;-388
2521;Mannen en Vrouwen;51 jaar;2048;1959;2358;-399
2522;Mannen en Vrouwen;51 jaar;2049;1969;2384;-415
2523;Mannen en Vrouwen;51 jaar;2050;1973;2399;-426
2524;Mannen en Vrouwen;51 jaar;2051;1984;2416;-432
2525;Mannen en Vrouwen;51 jaar;2052;1983;2413;-430
2526;Mannen en Vrouwen;51 jaar;2053;1979;2420;-441
2527;Mannen en Vrouwen;51 jaar;2054;1973;2423;-450
2528;Mannen en Vrouwen;51 jaar;2055;1963;2411;-448
2529;Mannen en Vrouwen;51 jaar;2056;1956;2403;-447
2530;Mannen en Vrouwen;51 jaar;2057;1950;2403;-453
2531;Mannen en Vrouwen;51 jaar;2058;1944;2402;-458
2532;Mannen en Vrouwen;51 jaar;2059;1954;2415;-461
2533;Mannen en Vrouwen;51 jaar;2060;1953;2420;-467
2534;Mannen en Vrouwen;51 jaar;2061;1955;2425;-470
2535;Mannen en Vrouwen;51 jaar;2062;1945;2422;-477
2536;Mannen en Vrouwen;51 jaar;2063;1940;2422;-482
2537;Mannen en Vrouwen;51 jaar;2064;1935;2417;-482
2538;Mannen en Vrouwen;51 jaar;2065;1939;2429;-490
2539;Mannen en Vrouwen;51 jaar;2066;1933;2425;-492
2540;Mannen en Vrouwen;51 jaar;2067;1938;2429;-491
2541;Mannen en Vrouwen;51 jaar;2068;1935;2429;-494
2542;Mannen en Vrouwen;51 jaar;2069;1931;2431;-500
2543;Mannen en Vrouwen;51 jaar;2070;1935;2435;-500
2544;Mannen en Vrouwen;52 jaar;2023;2244;1586;658
2545;Mannen en Vrouwen;52 jaar;2024;2068;1626;442
2546;Mannen en Vrouwen;52 jaar;2025;1928;1631;297
2547;Mannen en Vrouwen;52 jaar;2026;1797;1686;111
2548;Mannen en Vrouwen;52 jaar;2027;1780;1715;65
2549;Mannen en Vrouwen;52 jaar;2028;1773;1789;-16
2550;Mannen en Vrouwen;52 jaar;2029;1777;1815;-38
2551;Mannen en Vrouwen;52 jaar;2030;1779;1851;-72
2552;Mannen en Vrouwen;52 jaar;2031;1781;1874;-93
2553;Mannen en Vrouwen;52 jaar;2032;1793;1917;-124
2554;Mannen en Vrouwen;52 jaar;2033;1783;1911;-128
2555;Mannen en Vrouwen;52 jaar;2034;1769;1954;-185
2556;Mannen en Vrouwen;52 jaar;2035;1767;1983;-216
2557;Mannen en Vrouwen;52 jaar;2036;1776;2026;-250
2558;Mannen en Vrouwen;52 jaar;2037;1781;2060;-279
2559;Mannen en Vrouwen;52 jaar;2038;1786;2086;-300
2560;Mannen en Vrouwen;52 jaar;2039;1790;2100;-310
2561;Mannen en Vrouwen;52 jaar;2040;1791;2142;-351
2562;Mannen en Vrouwen;52 jaar;2041;1794;2175;-381
2563;Mannen en Vrouwen;52 jaar;2042;1808;2213;-405
2564;Mannen en Vrouwen;52 jaar;2043;1810;2229;-419
2565;Mannen en Vrouwen;52 jaar;2044;1811;2246;-435
2566;Mannen en Vrouwen;52 jaar;2045;1808;2258;-450
2567;Mannen en Vrouwen;52 jaar;2046;1813;2278;-465
2568;Mannen en Vrouwen;52 jaar;2047;1806;2277;-471
2569;Mannen en Vrouwen;52 jaar;2048;1806;2293;-487
2570;Mannen en Vrouwen;52 jaar;2049;1812;2307;-495
2571;Mannen en Vrouwen;52 jaar;2050;1823;2333;-510
2572;Mannen en Vrouwen;52 jaar;2051;1827;2348;-521
2573;Mannen en Vrouwen;52 jaar;2052;1832;2365;-533
2574;Mannen en Vrouwen;52 jaar;2053;1831;2363;-532
2575;Mannen en Vrouwen;52 jaar;2054;1826;2370;-544
2576;Mannen en Vrouwen;52 jaar;2055;1827;2372;-545
2577;Mannen en Vrouwen;52 jaar;2056;1816;2360;-544
2578;Mannen en Vrouwen;52 jaar;2057;1804;2354;-550
2579;Mannen en Vrouwen;52 jaar;2058;1799;2353;-554
2580;Mannen en Vrouwen;52 jaar;2059;1798;2353;-555
2581;Mannen en Vrouwen;52 jaar;2060;1806;2366;-560
2582;Mannen en Vrouwen;52 jaar;2061;1803;2371;-568
2583;Mannen en Vrouwen;52 jaar;2062;1805;2377;-572
2584;Mannen en Vrouwen;52 jaar;2063;1799;2372;-573
2585;Mannen en Vrouwen;52 jaar;2064;1794;2373;-579
2586;Mannen en Vrouwen;52 jaar;2065;1784;2369;-585
2587;Mannen en Vrouwen;52 jaar;2066;1794;2380;-586
2588;Mannen en Vrouwen;52 jaar;2067;1787;2377;-590
2589;Mannen en Vrouwen;52 jaar;2068;1789;2383;-594
2590;Mannen en Vrouwen;52 jaar;2069;1788;2382;-594
2591;Mannen en Vrouwen;52 jaar;2070;1788;2382;-594
2592;Mannen en Vrouwen;53 jaar;2023;2111;1543;568
2593;Mannen en Vrouwen;53 jaar;2024;1947;1593;354
2594;Mannen en Vrouwen;53 jaar;2025;1820;1620;200
2595;Mannen en Vrouwen;53 jaar;2026;1684;1623;61
2596;Mannen en Vrouwen;53 jaar;2027;1665;1698;-33
2597;Mannen en Vrouwen;53 jaar;2028;1654;1728;-74
2598;Mannen en Vrouwen;53 jaar;2029;1658;1750;-92
2599;Mannen en Vrouwen;53 jaar;2030;1654;1770;-116
2600;Mannen en Vrouwen;53 jaar;2031;1660;1801;-141
2601;Mannen en Vrouwen;53 jaar;2032;1658;1819;-161
2602;Mannen en Vrouwen;53 jaar;2033;1664;1857;-193
2603;Mannen en Vrouwen;53 jaar;2034;1655;1861;-206
2604;Mannen en Vrouwen;53 jaar;2035;1648;1904;-256
2605;Mannen en Vrouwen;53 jaar;2036;1646;1934;-288
2606;Mannen en Vrouwen;53 jaar;2037;1654;1976;-322
2607;Mannen en Vrouwen;53 jaar;2038;1659;2011;-352
2608;Mannen en Vrouwen;53 jaar;2039;1666;2037;-371
2609;Mannen en Vrouwen;53 jaar;2040;1668;2050;-382
2610;Mannen en Vrouwen;53 jaar;2041;1671;2091;-420
2611;Mannen en Vrouwen;53 jaar;2042;1673;2123;-450
2612;Mannen en Vrouwen;53 jaar;2043;1686;2160;-474
2613;Mannen en Vrouwen;53 jaar;2044;1690;2177;-487
2614;Mannen en Vrouwen;53 jaar;2045;1687;2192;-505
2615;Mannen en Vrouwen;53 jaar;2046;1686;2205;-519
2616;Mannen en Vrouwen;53 jaar;2047;1692;2223;-531
2617;Mannen en Vrouwen;53 jaar;2048;1684;2222;-538
2618;Mannen en Vrouwen;53 jaar;2049;1684;2238;-554
2619;Mannen en Vrouwen;53 jaar;2050;1690;2252;-562
2620;Mannen en Vrouwen;53 jaar;2051;1700;2278;-578
2621;Mannen en Vrouwen;53 jaar;2052;1706;2291;-585
2622;Mannen en Vrouwen;53 jaar;2053;1711;2308;-597
2623;Mannen en Vrouwen;53 jaar;2054;1705;2305;-600
2624;Mannen en Vrouwen;53 jaar;2055;1705;2312;-607
2625;Mannen en Vrouwen;53 jaar;2056;1703;2316;-613
2626;Mannen en Vrouwen;53 jaar;2057;1695;2304;-609
2627;Mannen en Vrouwen;53 jaar;2058;1683;2297;-614
2628;Mannen en Vrouwen;53 jaar;2059;1679;2298;-619
2629;Mannen en Vrouwen;53 jaar;2060;1675;2297;-622
2630;Mannen en Vrouwen;53 jaar;2061;1681;2310;-629
2631;Mannen en Vrouwen;53 jaar;2062;1681;2316;-635
2632;Mannen en Vrouwen;53 jaar;2063;1683;2321;-638
2633;Mannen en Vrouwen;53 jaar;2064;1678;2318;-640
2634;Mannen en Vrouwen;53 jaar;2065;1670;2318;-648
2635;Mannen en Vrouwen;53 jaar;2066;1666;2314;-648
2636;Mannen en Vrouwen;53 jaar;2067;1676;2327;-651
2637;Mannen en Vrouwen;53 jaar;2068;1668;2323;-655
2638;Mannen en Vrouwen;53 jaar;2069;1672;2329;-657
2639;Mannen en Vrouwen;53 jaar;2070;1668;2326;-658
2640;Mannen en Vrouwen;54 jaar;2023;1937;1488;449
2641;Mannen en Vrouwen;54 jaar;2024;1797;1527;270
2642;Mannen en Vrouwen;54 jaar;2025;1680;1559;121
2643;Mannen en Vrouwen;54 jaar;2026;1555;1580;-25
2644;Mannen en Vrouwen;54 jaar;2027;1531;1605;-74
2645;Mannen en Vrouwen;54 jaar;2028;1514;1677;-163
2646;Mannen en Vrouwen;54 jaar;2029;1514;1655;-141
2647;Mannen en Vrouwen;54 jaar;2030;1511;1671;-160
2648;Mannen en Vrouwen;54 jaar;2031;1509;1689;-180
2649;Mannen en Vrouwen;54 jaar;2032;1511;1711;-200
2650;Mannen en Vrouwen;54 jaar;2033;1506;1725;-219
2651;Mannen en Vrouwen;54 jaar;2034;1509;1769;-260
2652;Mannen en Vrouwen;54 jaar;2035;1507;1776;-269
2653;Mannen en Vrouwen;54 jaar;2036;1497;1815;-318
2654;Mannen en Vrouwen;54 jaar;2037;1497;1844;-347
2655;Mannen en Vrouwen;54 jaar;2038;1504;1884;-380
2656;Mannen en Vrouwen;54 jaar;2039;1509;1918;-409
2657;Mannen en Vrouwen;54 jaar;2040;1518;1943;-425
2658;Mannen en Vrouwen;54 jaar;2041;1520;1958;-438
2659;Mannen en Vrouwen;54 jaar;2042;1522;1995;-473
2660;Mannen en Vrouwen;54 jaar;2043;1526;2025;-499
2661;Mannen en Vrouwen;54 jaar;2044;1537;2060;-523
2662;Mannen en Vrouwen;54 jaar;2045;1540;2076;-536
2663;Mannen en Vrouwen;54 jaar;2046;1535;2090;-555
2664;Mannen en Vrouwen;54 jaar;2047;1538;2102;-564
2665;Mannen en Vrouwen;54 jaar;2048;1544;2118;-574
2666;Mannen en Vrouwen;54 jaar;2049;1536;2118;-582
2667;Mannen en Vrouwen;54 jaar;2050;1535;2132;-597
2668;Mannen en Vrouwen;54 jaar;2051;1541;2147;-606
2669;Mannen en Vrouwen;54 jaar;2052;1547;2170;-623
2670;Mannen en Vrouwen;54 jaar;2053;1554;2182;-628
2671;Mannen en Vrouwen;54 jaar;2054;1562;2200;-638
2672;Mannen en Vrouwen;54 jaar;2055;1559;2198;-639
2673;Mannen en Vrouwen;54 jaar;2056;1555;2204;-649
2674;Mannen en Vrouwen;54 jaar;2057;1554;2208;-654
2675;Mannen en Vrouwen;54 jaar;2058;1544;2197;-653
2676;Mannen en Vrouwen;54 jaar;2059;1535;2191;-656
2677;Mannen en Vrouwen;54 jaar;2060;1533;2191;-658
2678;Mannen en Vrouwen;54 jaar;2061;1528;2191;-663
2679;Mannen en Vrouwen;54 jaar;2062;1535;2204;-669
2680;Mannen en Vrouwen;54 jaar;2063;1533;2209;-676
2681;Mannen en Vrouwen;54 jaar;2064;1536;2215;-679
2682;Mannen en Vrouwen;54 jaar;2065;1530;2213;-683
2683;Mannen en Vrouwen;54 jaar;2066;1523;2213;-690
2684;Mannen en Vrouwen;54 jaar;2067;1519;2209;-690
2685;Mannen en Vrouwen;54 jaar;2068;1524;2221;-697
2686;Mannen en Vrouwen;54 jaar;2069;1518;2219;-701
2687;Mannen en Vrouwen;54 jaar;2070;1522;2224;-702
2688;Mannen en Vrouwen;55 jaar;2023;1706;1353;353
2689;Mannen en Vrouwen;55 jaar;2024;1609;1425;184
2690;Mannen en Vrouwen;55 jaar;2025;1513;1460;53
2691;Mannen en Vrouwen;55 jaar;2026;1409;1482;-73
2692;Mannen en Vrouwen;55 jaar;2027;1392;1527;-135
2693;Mannen en Vrouwen;55 jaar;2028;1368;1553;-185
2694;Mannen en Vrouwen;55 jaar;2029;1365;1577;-212
2695;Mannen en Vrouwen;55 jaar;2030;1351;1553;-202
2696;Mannen en Vrouwen;55 jaar;2031;1348;1563;-215
2697;Mannen en Vrouwen;55 jaar;2032;1348;1577;-229
2698;Mannen en Vrouwen;55 jaar;2033;1349;1597;-248
2699;Mannen en Vrouwen;55 jaar;2034;1347;1619;-272
2700;Mannen en Vrouwen;55 jaar;2035;1357;1663;-306
2701;Mannen en Vrouwen;55 jaar;2036;1353;1672;-319
2702;Mannen en Vrouwen;55 jaar;2037;1343;1713;-370
2703;Mannen en Vrouwen;55 jaar;2038;1342;1740;-398
2704;Mannen en Vrouwen;55 jaar;2039;1349;1779;-430
2705;Mannen en Vrouwen;55 jaar;2040;1351;1812;-461
2706;Mannen en Vrouwen;55 jaar;2041;1364;1836;-472
2707;Mannen en Vrouwen;55 jaar;2042;1370;1849;-479
2708;Mannen en Vrouwen;55 jaar;2043;1366;1886;-520
2709;Mannen en Vrouwen;55 jaar;2044;1374;1914;-540
2710;Mannen en Vrouwen;55 jaar;2045;1383;1949;-566
2711;Mannen en Vrouwen;55 jaar;2046;1386;1963;-577
2712;Mannen en Vrouwen;55 jaar;2047;1383;1978;-595
2713;Mannen en Vrouwen;55 jaar;2048;1384;1989;-605
2714;Mannen en Vrouwen;55 jaar;2049;1387;2005;-618
2715;Mannen en Vrouwen;55 jaar;2050;1382;2003;-621
2716;Mannen en Vrouwen;55 jaar;2051;1382;2020;-638
2717;Mannen en Vrouwen;55 jaar;2052;1386;2033;-647
2718;Mannen en Vrouwen;55 jaar;2053;1394;2055;-661
2719;Mannen en Vrouwen;55 jaar;2054;1397;2067;-670
2720;Mannen en Vrouwen;55 jaar;2055;1404;2083;-679
2721;Mannen en Vrouwen;55 jaar;2056;1402;2082;-680
2722;Mannen en Vrouwen;55 jaar;2057;1400;2089;-689
2723;Mannen en Vrouwen;55 jaar;2058;1396;2094;-698
2724;Mannen en Vrouwen;55 jaar;2059;1390;2083;-693
2725;Mannen en Vrouwen;55 jaar;2060;1383;2078;-695
2726;Mannen en Vrouwen;55 jaar;2061;1381;2080;-699
2727;Mannen en Vrouwen;55 jaar;2062;1378;2079;-701
2728;Mannen en Vrouwen;55 jaar;2063;1381;2094;-713
2729;Mannen en Vrouwen;55 jaar;2064;1381;2099;-718
2730;Mannen en Vrouwen;55 jaar;2065;1381;2103;-722
2731;Mannen en Vrouwen;55 jaar;2066;1376;2102;-726
2732;Mannen en Vrouwen;55 jaar;2067;1370;2102;-732
2733;Mannen en Vrouwen;55 jaar;2068;1367;2100;-733
2734;Mannen en Vrouwen;55 jaar;2069;1370;2112;-742
2735;Mannen en Vrouwen;55 jaar;2070;1367;2110;-743
2736;Mannen en Vrouwen;56 jaar;2023;1527;1193;334
2737;Mannen en Vrouwen;56 jaar;2024;1426;1280;146
2738;Mannen en Vrouwen;56 jaar;2025;1356;1342;14
2739;Mannen en Vrouwen;56 jaar;2026;1257;1375;-118
2740;Mannen en Vrouwen;56 jaar;2027;1244;1409;-165
2741;Mannen en Vrouwen;56 jaar;2028;1229;1453;-224
2742;Mannen en Vrouwen;56 jaar;2029;1214;1433;-219
2743;Mannen en Vrouwen;56 jaar;2030;1203;1449;-246
2744;Mannen en Vrouwen;56 jaar;2031;1196;1424;-228
2745;Mannen en Vrouwen;56 jaar;2032;1192;1430;-238
2746;Mannen en Vrouwen;56 jaar;2033;1189;1441;-252
2747;Mannen en Vrouwen;56 jaar;2034;1191;1468;-277
2748;Mannen en Vrouwen;56 jaar;2035;1190;1489;-299
2749;Mannen en Vrouwen;56 jaar;2036;1198;1532;-334
2750;Mannen en Vrouwen;56 jaar;2037;1198;1544;-346
2751;Mannen en Vrouwen;56 jaar;2038;1189;1580;-391
2752;Mannen en Vrouwen;56 jaar;2039;1187;1605;-418
2753;Mannen en Vrouwen;56 jaar;2040;1194;1642;-448
2754;Mannen en Vrouwen;56 jaar;2041;1196;1672;-476
2755;Mannen en Vrouwen;56 jaar;2042;1208;1698;-490
2756;Mannen en Vrouwen;56 jaar;2043;1213;1711;-498
2757;Mannen en Vrouwen;56 jaar;2044;1211;1744;-533
2758;Mannen en Vrouwen;56 jaar;2045;1215;1772;-557
2759;Mannen en Vrouwen;56 jaar;2046;1226;1804;-578
2760;Mannen en Vrouwen;56 jaar;2047;1227;1819;-592
2761;Mannen en Vrouwen;56 jaar;2048;1226;1832;-606
2762;Mannen en Vrouwen;56 jaar;2049;1228;1842;-614
2763;Mannen en Vrouwen;56 jaar;2050;1231;1859;-628
2764;Mannen en Vrouwen;56 jaar;2051;1227;1859;-632
2765;Mannen en Vrouwen;56 jaar;2052;1227;1873;-646
2766;Mannen en Vrouwen;56 jaar;2053;1230;1884;-654
2767;Mannen en Vrouwen;56 jaar;2054;1238;1905;-667
2768;Mannen en Vrouwen;56 jaar;2055;1240;1917;-677
2769;Mannen en Vrouwen;56 jaar;2056;1247;1933;-686
2770;Mannen en Vrouwen;56 jaar;2057;1246;1932;-686
2771;Mannen en Vrouwen;56 jaar;2058;1243;1939;-696
2772;Mannen en Vrouwen;56 jaar;2059;1241;1942;-701
2773;Mannen en Vrouwen;56 jaar;2060;1235;1934;-699
2774;Mannen en Vrouwen;56 jaar;2061;1226;1930;-704
2775;Mannen en Vrouwen;56 jaar;2062;1225;1931;-706
2776;Mannen en Vrouwen;56 jaar;2063;1222;1931;-709
2777;Mannen en Vrouwen;56 jaar;2064;1226;1944;-718
2778;Mannen en Vrouwen;56 jaar;2065;1225;1949;-724
2779;Mannen en Vrouwen;56 jaar;2066;1224;1954;-730
2780;Mannen en Vrouwen;56 jaar;2067;1218;1954;-736
2781;Mannen en Vrouwen;56 jaar;2068;1212;1954;-742
2782;Mannen en Vrouwen;56 jaar;2069;1210;1952;-742
2783;Mannen en Vrouwen;56 jaar;2070;1216;1962;-746
2784;Mannen en Vrouwen;57 jaar;2023;1351;1135;216
2785;Mannen en Vrouwen;57 jaar;2024;1262;1165;97
2786;Mannen en Vrouwen;57 jaar;2025;1191;1239;-48
2787;Mannen en Vrouwen;57 jaar;2026;1135;1302;-167
2788;Mannen en Vrouwen;57 jaar;2027;1119;1354;-235
2789;Mannen en Vrouwen;57 jaar;2028;1109;1385;-276
2790;Mannen en Vrouwen;57 jaar;2029;1099;1383;-284
2791;Mannen en Vrouwen;57 jaar;2030;1077;1359;-282
2792;Mannen en Vrouwen;57 jaar;2031;1072;1369;-297
2793;Mannen en Vrouwen;57 jaar;2032;1065;1340;-275
2794;Mannen en Vrouwen;57 jaar;2033;1060;1343;-283
2795;Mannen en Vrouwen;57 jaar;2034;1057;1360;-303
2796;Mannen en Vrouwen;57 jaar;2035;1063;1387;-324
2797;Mannen en Vrouwen;57 jaar;2036;1062;1407;-345
2798;Mannen en Vrouwen;57 jaar;2037;1071;1450;-379
2799;Mannen en Vrouwen;57 jaar;2038;1068;1461;-393
2800;Mannen en Vrouwen;57 jaar;2039;1060;1491;-431
2801;Mannen en Vrouwen;57 jaar;2040;1059;1515;-456
2802;Mannen en Vrouwen;57 jaar;2041;1068;1552;-484
2803;Mannen en Vrouwen;57 jaar;2042;1071;1582;-511
2804;Mannen en Vrouwen;57 jaar;2043;1082;1606;-524
2805;Mannen en Vrouwen;57 jaar;2044;1085;1619;-534
2806;Mannen en Vrouwen;57 jaar;2045;1079;1652;-573
2807;Mannen en Vrouwen;57 jaar;2046;1084;1678;-594
2808;Mannen en Vrouwen;57 jaar;2047;1096;1709;-613
2809;Mannen en Vrouwen;57 jaar;2048;1095;1722;-627
2810;Mannen en Vrouwen;57 jaar;2049;1096;1736;-640
2811;Mannen en Vrouwen;57 jaar;2050;1096;1745;-649
2812;Mannen en Vrouwen;57 jaar;2051;1099;1761;-662
2813;Mannen en Vrouwen;57 jaar;2052;1097;1761;-664
2814;Mannen en Vrouwen;57 jaar;2053;1096;1774;-678
2815;Mannen en Vrouwen;57 jaar;2054;1100;1785;-685
2816;Mannen en Vrouwen;57 jaar;2055;1109;1805;-696
2817;Mannen en Vrouwen;57 jaar;2056;1112;1817;-705
2818;Mannen en Vrouwen;57 jaar;2057;1118;1833;-715
2819;Mannen en Vrouwen;57 jaar;2058;1115;1832;-717
2820;Mannen en Vrouwen;57 jaar;2059;1113;1838;-725
2821;Mannen en Vrouwen;57 jaar;2060;1110;1843;-733
2822;Mannen en Vrouwen;57 jaar;2061;1102;1834;-732
2823;Mannen en Vrouwen;57 jaar;2062;1096;1828;-732
2824;Mannen en Vrouwen;57 jaar;2063;1097;1830;-733
2825;Mannen en Vrouwen;57 jaar;2064;1090;1830;-740
2826;Mannen en Vrouwen;57 jaar;2065;1096;1842;-746
2827;Mannen en Vrouwen;57 jaar;2066;1096;1848;-752
2828;Mannen en Vrouwen;57 jaar;2067;1092;1852;-760
2829;Mannen en Vrouwen;57 jaar;2068;1086;1852;-766
2830;Mannen en Vrouwen;57 jaar;2069;1086;1852;-766
2831;Mannen en Vrouwen;57 jaar;2070;1082;1848;-766
2832;Mannen en Vrouwen;58 jaar;2023;1237;1078;159
2833;Mannen en Vrouwen;58 jaar;2024;1154;1109;45
2834;Mannen en Vrouwen;58 jaar;2025;1088;1136;-48
2835;Mannen en Vrouwen;58 jaar;2026;1020;1206;-186
2836;Mannen en Vrouwen;58 jaar;2027;1030;1285;-255
2837;Mannen en Vrouwen;58 jaar;2028;1022;1336;-314
2838;Mannen en Vrouwen;58 jaar;2029;1014;1324;-310
2839;Mannen en Vrouwen;58 jaar;2030;1000;1314;-314
2840;Mannen en Vrouwen;58 jaar;2031;981;1288;-307
2841;Mannen en Vrouwen;58 jaar;2032;973;1292;-319
2842;Mannen en Vrouwen;58 jaar;2033;965;1263;-298
2843;Mannen en Vrouwen;58 jaar;2034;961;1270;-309
2844;Mannen en Vrouwen;58 jaar;2035;959;1287;-328
2845;Mannen en Vrouwen;58 jaar;2036;962;1312;-350
2846;Mannen en Vrouwen;58 jaar;2037;963;1331;-368
2847;Mannen en Vrouwen;58 jaar;2038;973;1372;-399
2848;Mannen en Vrouwen;58 jaar;2039;970;1382;-412
2849;Mannen en Vrouwen;58 jaar;2040;963;1409;-446
2850;Mannen en Vrouwen;58 jaar;2041;962;1430;-468
2851;Mannen en Vrouwen;58 jaar;2042;970;1467;-497
2852;Mannen en Vrouwen;58 jaar;2043;974;1495;-521
2853;Mannen en Vrouwen;58 jaar;2044;982;1518;-536
2854;Mannen en Vrouwen;58 jaar;2045;984;1532;-548
2855;Mannen en Vrouwen;58 jaar;2046;983;1562;-579
2856;Mannen en Vrouwen;58 jaar;2047;986;1585;-599
2857;Mannen en Vrouwen;58 jaar;2048;997;1618;-621
2858;Mannen en Vrouwen;58 jaar;2049;997;1629;-632
2859;Mannen en Vrouwen;58 jaar;2050;998;1642;-644
2860;Mannen en Vrouwen;58 jaar;2051;995;1654;-659
2861;Mannen en Vrouwen;58 jaar;2052;1000;1668;-668
2862;Mannen en Vrouwen;58 jaar;2053;992;1668;-676
2863;Mannen en Vrouwen;58 jaar;2054;993;1680;-687
2864;Mannen en Vrouwen;58 jaar;2055;999;1691;-692
2865;Mannen en Vrouwen;58 jaar;2056;1007;1711;-704
2866;Mannen en Vrouwen;58 jaar;2057;1008;1723;-715
2867;Mannen en Vrouwen;58 jaar;2058;1015;1738;-723
2868;Mannen en Vrouwen;58 jaar;2059;1014;1737;-723
2869;Mannen en Vrouwen;58 jaar;2060;1012;1743;-731
2870;Mannen en Vrouwen;58 jaar;2061;1011;1746;-735
2871;Mannen en Vrouwen;58 jaar;2062;1005;1739;-734
2872;Mannen en Vrouwen;58 jaar;2063;999;1733;-734
2873;Mannen en Vrouwen;58 jaar;2064;994;1734;-740
2874;Mannen en Vrouwen;58 jaar;2065;990;1735;-745
2875;Mannen en Vrouwen;58 jaar;2066;996;1746;-750
2876;Mannen en Vrouwen;58 jaar;2067;993;1751;-758
2877;Mannen en Vrouwen;58 jaar;2068;993;1757;-764
2878;Mannen en Vrouwen;58 jaar;2069;989;1756;-767
2879;Mannen en Vrouwen;58 jaar;2070;984;1755;-771
2880;Mannen en Vrouwen;59 jaar;2023;1131;1035;96
2881;Mannen en Vrouwen;59 jaar;2024;1058;1042;16
2882;Mannen en Vrouwen;59 jaar;2025;991;1068;-77
2883;Mannen en Vrouwen;59 jaar;2026;933;1098;-165
2884;Mannen en Vrouwen;59 jaar;2027;931;1177;-246
2885;Mannen en Vrouwen;59 jaar;2028;942;1254;-312
2886;Mannen en Vrouwen;59 jaar;2029;938;1268;-330
2887;Mannen en Vrouwen;59 jaar;2030;926;1253;-327
2888;Mannen en Vrouwen;59 jaar;2031;916;1242;-326
2889;Mannen en Vrouwen;59 jaar;2032;896;1216;-320
2890;Mannen en Vrouwen;59 jaar;2033;884;1217;-333
2891;Mannen en Vrouwen;59 jaar;2034;874;1194;-320
2892;Mannen en Vrouwen;59 jaar;2035;873;1201;-328
2893;Mannen en Vrouwen;59 jaar;2036;869;1220;-351
2894;Mannen en Vrouwen;59 jaar;2037;874;1244;-370
2895;Mannen en Vrouwen;59 jaar;2038;874;1262;-388
2896;Mannen en Vrouwen;59 jaar;2039;885;1300;-415
2897;Mannen en Vrouwen;59 jaar;2040;883;1310;-427
2898;Mannen en Vrouwen;59 jaar;2041;878;1337;-459
2899;Mannen en Vrouwen;59 jaar;2042;876;1357;-481
2900;Mannen en Vrouwen;59 jaar;2043;882;1392;-510
2901;Mannen en Vrouwen;59 jaar;2044;887;1417;-530
2902;Mannen en Vrouwen;59 jaar;2045;895;1440;-545
2903;Mannen en Vrouwen;59 jaar;2046;899;1453;-554
2904;Mannen en Vrouwen;59 jaar;2047;896;1480;-584
2905;Mannen en Vrouwen;59 jaar;2048;899;1504;-605
2906;Mannen en Vrouwen;59 jaar;2049;906;1533;-627
2907;Mannen en Vrouwen;59 jaar;2050;909;1546;-637
2908;Mannen en Vrouwen;59 jaar;2051;909;1560;-651
2909;Mannen en Vrouwen;59 jaar;2052;906;1568;-662
2910;Mannen en Vrouwen;59 jaar;2053;907;1582;-675
2911;Mannen en Vrouwen;59 jaar;2054;905;1582;-677
2912;Mannen en Vrouwen;59 jaar;2055;903;1594;-691
2913;Mannen en Vrouwen;59 jaar;2056;907;1605;-698
2914;Mannen en Vrouwen;59 jaar;2057;916;1624;-708
2915;Mannen en Vrouwen;59 jaar;2058;918;1636;-718
2916;Mannen en Vrouwen;59 jaar;2059;928;1650;-722
2917;Mannen en Vrouwen;59 jaar;2060;922;1651;-729
2918;Mannen en Vrouwen;59 jaar;2061;923;1656;-733
2919;Mannen en Vrouwen;59 jaar;2062;921;1660;-739
2920;Mannen en Vrouwen;59 jaar;2063;917;1652;-735
2921;Mannen en Vrouwen;59 jaar;2064;908;1647;-739
2922;Mannen en Vrouwen;59 jaar;2065;902;1647;-745
2923;Mannen en Vrouwen;59 jaar;2066;904;1648;-744
2924;Mannen en Vrouwen;59 jaar;2067;907;1660;-753
2925;Mannen en Vrouwen;59 jaar;2068;907;1666;-759
2926;Mannen en Vrouwen;59 jaar;2069;905;1671;-766
2927;Mannen en Vrouwen;59 jaar;2070;899;1669;-770
2928;Mannen en Vrouwen;60 jaar;2023;1091;969;122
2929;Mannen en Vrouwen;60 jaar;2024;990;1027;-37
2930;Mannen en Vrouwen;60 jaar;2025;917;1038;-121
2931;Mannen en Vrouwen;60 jaar;2026;846;1067;-221
2932;Mannen en Vrouwen;60 jaar;2027;846;1110;-264
2933;Mannen en Vrouwen;60 jaar;2028;844;1192;-348
2934;Mannen en Vrouwen;60 jaar;2029;862;1234;-372
2935;Mannen en Vrouwen;60 jaar;2030;852;1246;-394
2936;Mannen en Vrouwen;60 jaar;2031;844;1232;-388
2937;Mannen en Vrouwen;60 jaar;2032;831;1221;-390
2938;Mannen en Vrouwen;60 jaar;2033;809;1193;-384
2939;Mannen en Vrouwen;60 jaar;2034;799;1201;-402
2940;Mannen en Vrouwen;60 jaar;2035;792;1179;-387
2941;Mannen en Vrouwen;60 jaar;2036;791;1188;-397
2942;Mannen en Vrouwen;60 jaar;2037;788;1208;-420
2943;Mannen en Vrouwen;60 jaar;2038;791;1232;-441
2944;Mannen en Vrouwen;60 jaar;2039;791;1249;-458
2945;Mannen en Vrouwen;60 jaar;2040;801;1288;-487
2946;Mannen en Vrouwen;60 jaar;2041;800;1298;-498
2947;Mannen en Vrouwen;60 jaar;2042;791;1323;-532
2948;Mannen en Vrouwen;60 jaar;2043;793;1344;-551
2949;Mannen en Vrouwen;60 jaar;2044;797;1379;-582
2950;Mannen en Vrouwen;60 jaar;2045;800;1406;-606
2951;Mannen en Vrouwen;60 jaar;2046;806;1428;-622
2952;Mannen en Vrouwen;60 jaar;2047;812;1441;-629
2953;Mannen en Vrouwen;60 jaar;2048;814;1468;-654
2954;Mannen en Vrouwen;60 jaar;2049;815;1491;-676
2955;Mannen en Vrouwen;60 jaar;2050;825;1520;-695
2956;Mannen en Vrouwen;60 jaar;2051;825;1533;-708
2957;Mannen en Vrouwen;60 jaar;2052;821;1544;-723
2958;Mannen en Vrouwen;60 jaar;2053;820;1555;-735
2959;Mannen en Vrouwen;60 jaar;2054;822;1569;-747
2960;Mannen en Vrouwen;60 jaar;2055;818;1570;-752
2961;Mannen en Vrouwen;60 jaar;2056;818;1581;-763
2962;Mannen en Vrouwen;60 jaar;2057;816;1593;-777
2963;Mannen en Vrouwen;60 jaar;2058;824;1612;-788
2964;Mannen en Vrouwen;60 jaar;2059;834;1622;-788
2965;Mannen en Vrouwen;60 jaar;2060;839;1637;-798
2966;Mannen en Vrouwen;60 jaar;2061;834;1638;-804
2967;Mannen en Vrouwen;60 jaar;2062;832;1644;-812
2968;Mannen en Vrouwen;60 jaar;2063;831;1647;-816
2969;Mannen en Vrouwen;60 jaar;2064;828;1641;-813
2970;Mannen en Vrouwen;60 jaar;2065;821;1636;-815
2971;Mannen en Vrouwen;60 jaar;2066;818;1638;-820
2972;Mannen en Vrouwen;60 jaar;2067;816;1640;-824
2973;Mannen en Vrouwen;60 jaar;2068;817;1651;-834
2974;Mannen en Vrouwen;60 jaar;2069;820;1658;-838
2975;Mannen en Vrouwen;60 jaar;2070;820;1662;-842
2976;Mannen en Vrouwen;61 jaar;2023;993;924;69
2977;Mannen en Vrouwen;61 jaar;2024;895;934;-39
2978;Mannen en Vrouwen;61 jaar;2025;829;987;-158
2979;Mannen en Vrouwen;61 jaar;2026;761;1005;-244
2980;Mannen en Vrouwen;61 jaar;2027;754;1041;-287
2981;Mannen en Vrouwen;61 jaar;2028;752;1081;-329
2982;Mannen en Vrouwen;61 jaar;2029;759;1128;-369
2983;Mannen en Vrouwen;61 jaar;2030;769;1162;-393
2984;Mannen en Vrouwen;61 jaar;2031;762;1172;-410
2985;Mannen en Vrouwen;61 jaar;2032;753;1157;-404
2986;Mannen en Vrouwen;61 jaar;2033;741;1142;-401
2987;Mannen en Vrouwen;61 jaar;2034;720;1120;-400
2988;Mannen en Vrouwen;61 jaar;2035;712;1127;-415
2989;Mannen en Vrouwen;61 jaar;2036;706;1106;-400
2990;Mannen en Vrouwen;61 jaar;2037;705;1113;-408
2991;Mannen en Vrouwen;61 jaar;2038;703;1133;-430
2992;Mannen en Vrouwen;61 jaar;2039;705;1155;-450
2993;Mannen en Vrouwen;61 jaar;2040;705;1171;-466
2994;Mannen en Vrouwen;61 jaar;2041;714;1207;-493
2995;Mannen en Vrouwen;61 jaar;2042;714;1218;-504
2996;Mannen en Vrouwen;61 jaar;2043;706;1240;-534
2997;Mannen en Vrouwen;61 jaar;2044;703;1260;-557
2998;Mannen en Vrouwen;61 jaar;2045;710;1294;-584
2999;Mannen en Vrouwen;61 jaar;2046;712;1318;-606
3000;Mannen en Vrouwen;61 jaar;2047;720;1340;-620
3001;Mannen en Vrouwen;61 jaar;2048;724;1351;-627
3002;Mannen en Vrouwen;61 jaar;2049;726;1376;-650
3003;Mannen en Vrouwen;61 jaar;2050;727;1399;-672
3004;Mannen en Vrouwen;61 jaar;2051;739;1427;-688
3005;Mannen en Vrouwen;61 jaar;2052;738;1438;-700
3006;Mannen en Vrouwen;61 jaar;2053;734;1449;-715
3007;Mannen en Vrouwen;61 jaar;2054;733;1461;-728
3008;Mannen en Vrouwen;61 jaar;2055;735;1473;-738
3009;Mannen en Vrouwen;61 jaar;2056;730;1474;-744
3010;Mannen en Vrouwen;61 jaar;2057;731;1485;-754
3011;Mannen en Vrouwen;61 jaar;2058;731;1497;-766
3012;Mannen en Vrouwen;61 jaar;2059;740;1514;-774
3013;Mannen en Vrouwen;61 jaar;2060;745;1525;-780
3014;Mannen en Vrouwen;61 jaar;2061;751;1539;-788
3015;Mannen en Vrouwen;61 jaar;2062;746;1540;-794
3016;Mannen en Vrouwen;61 jaar;2063;745;1546;-801
3017;Mannen en Vrouwen;61 jaar;2064;744;1550;-806
3018;Mannen en Vrouwen;61 jaar;2065;738;1543;-805
3019;Mannen en Vrouwen;61 jaar;2066;733;1538;-805
3020;Mannen en Vrouwen;61 jaar;2067;733;1540;-807
3021;Mannen en Vrouwen;61 jaar;2068;731;1541;-810
3022;Mannen en Vrouwen;61 jaar;2069;729;1553;-824
3023;Mannen en Vrouwen;61 jaar;2070;732;1558;-826
3024;Mannen en Vrouwen;62 jaar;2023;873;850;23
3025;Mannen en Vrouwen;62 jaar;2024;791;878;-87
3026;Mannen en Vrouwen;62 jaar;2025;738;895;-157
3027;Mannen en Vrouwen;62 jaar;2026;683;949;-266
3028;Mannen en Vrouwen;62 jaar;2027;678;978;-300
3029;Mannen en Vrouwen;62 jaar;2028;676;1013;-337
3030;Mannen en Vrouwen;62 jaar;2029;681;1018;-337
3031;Mannen en Vrouwen;62 jaar;2030;681;1059;-378
3032;Mannen en Vrouwen;62 jaar;2031;693;1092;-399
3033;Mannen en Vrouwen;62 jaar;2032;687;1101;-414
3034;Mannen en Vrouwen;62 jaar;2033;676;1084;-408
3035;Mannen en Vrouwen;62 jaar;2034;664;1074;-410
3036;Mannen en Vrouwen;62 jaar;2035;647;1053;-406
3037;Mannen en Vrouwen;62 jaar;2036;639;1061;-422
3038;Mannen en Vrouwen;62 jaar;2037;632;1042;-410
3039;Mannen en Vrouwen;62 jaar;2038;632;1050;-418
3040;Mannen en Vrouwen;62 jaar;2039;629;1068;-439
3041;Mannen en Vrouwen;62 jaar;2040;632;1090;-458
3042;Mannen en Vrouwen;62 jaar;2041;631;1105;-474
3043;Mannen en Vrouwen;62 jaar;2042;638;1139;-501
3044;Mannen en Vrouwen;62 jaar;2043;636;1148;-512
3045;Mannen en Vrouwen;62 jaar;2044;631;1169;-538
3046;Mannen en Vrouwen;62 jaar;2045;628;1189;-561
3047;Mannen en Vrouwen;62 jaar;2046;634;1220;-586
3048;Mannen en Vrouwen;62 jaar;2047;635;1243;-608
3049;Mannen en Vrouwen;62 jaar;2048;641;1263;-622
3050;Mannen en Vrouwen;62 jaar;2049;648;1274;-626
3051;Mannen en Vrouwen;62 jaar;2050;651;1299;-648
3052;Mannen en Vrouwen;62 jaar;2051;654;1319;-665
3053;Mannen en Vrouwen;62 jaar;2052;663;1344;-681
3054;Mannen en Vrouwen;62 jaar;2053;664;1354;-690
3055;Mannen en Vrouwen;62 jaar;2054;661;1365;-704
3056;Mannen en Vrouwen;62 jaar;2055;659;1376;-717
3057;Mannen en Vrouwen;62 jaar;2056;660;1389;-729
3058;Mannen en Vrouwen;62 jaar;2057;655;1390;-735
3059;Mannen en Vrouwen;62 jaar;2058;656;1401;-745
3060;Mannen en Vrouwen;62 jaar;2059;656;1412;-756
3061;Mannen en Vrouwen;62 jaar;2060;663;1428;-765
3062;Mannen en Vrouwen;62 jaar;2061;665;1439;-774
3063;Mannen en Vrouwen;62 jaar;2062;673;1452;-779
3064;Mannen en Vrouwen;62 jaar;2063;672;1452;-780
3065;Mannen en Vrouwen;62 jaar;2064;670;1458;-788
3066;Mannen en Vrouwen;62 jaar;2065;670;1463;-793
3067;Mannen en Vrouwen;62 jaar;2066;661;1457;-796
3068;Mannen en Vrouwen;62 jaar;2067;657;1453;-796
3069;Mannen en Vrouwen;62 jaar;2068;658;1454;-796
3070;Mannen en Vrouwen;62 jaar;2069;653;1456;-803
3071;Mannen en Vrouwen;62 jaar;2070;656;1467;-811
3072;Mannen en Vrouwen;63 jaar;2023;780;821;-41
3073;Mannen en Vrouwen;63 jaar;2024;714;814;-100
3074;Mannen en Vrouwen;63 jaar;2025;661;845;-184
3075;Mannen en Vrouwen;63 jaar;2026;614;864;-250
3076;Mannen en Vrouwen;63 jaar;2027;612;932;-320
3077;Mannen en Vrouwen;63 jaar;2028;608;961;-353
3078;Mannen en Vrouwen;63 jaar;2029;608;966;-358
3079;Mannen en Vrouwen;63 jaar;2030;608;965;-357
3080;Mannen en Vrouwen;63 jaar;2031;609;1004;-395
3081;Mannen en Vrouwen;63 jaar;2032;619;1033;-414
3082;Mannen en Vrouwen;63 jaar;2033;611;1039;-428
3083;Mannen en Vrouwen;63 jaar;2034;601;1025;-424
3084;Mannen en Vrouwen;63 jaar;2035;590;1018;-428
3085;Mannen en Vrouwen;63 jaar;2036;574;999;-425
3086;Mannen en Vrouwen;63 jaar;2037;566;1007;-441
3087;Mannen en Vrouwen;63 jaar;2038;559;988;-429
3088;Mannen en Vrouwen;63 jaar;2039;559;994;-435
3089;Mannen en Vrouwen;63 jaar;2040;554;1012;-458
3090;Mannen en Vrouwen;63 jaar;2041;558;1032;-474
3091;Mannen en Vrouwen;63 jaar;2042;557;1046;-489
3092;Mannen en Vrouwen;63 jaar;2043;564;1080;-516
3093;Mannen en Vrouwen;63 jaar;2044;562;1087;-525
3094;Mannen en Vrouwen;63 jaar;2045;555;1105;-550
3095;Mannen en Vrouwen;63 jaar;2046;554;1124;-570
3096;Mannen en Vrouwen;63 jaar;2047;560;1154;-594
3097;Mannen en Vrouwen;63 jaar;2048;564;1176;-612
3098;Mannen en Vrouwen;63 jaar;2049;569;1194;-625
3099;Mannen en Vrouwen;63 jaar;2050;574;1205;-631
3100;Mannen en Vrouwen;63 jaar;2051;574;1228;-654
3101;Mannen en Vrouwen;63 jaar;2052;579;1246;-667
3102;Mannen en Vrouwen;63 jaar;2053;588;1271;-683
3103;Mannen en Vrouwen;63 jaar;2054;589;1280;-691
3104;Mannen en Vrouwen;63 jaar;2055;588;1292;-704
3105;Mannen en Vrouwen;63 jaar;2056;588;1302;-714
3106;Mannen en Vrouwen;63 jaar;2057;587;1314;-727
3107;Mannen en Vrouwen;63 jaar;2058;582;1316;-734
3108;Mannen en Vrouwen;63 jaar;2059;583;1327;-744
3109;Mannen en Vrouwen;63 jaar;2060;584;1336;-752
3110;Mannen en Vrouwen;63 jaar;2061;592;1353;-761
3111;Mannen en Vrouwen;63 jaar;2062;590;1365;-775
3112;Mannen en Vrouwen;63 jaar;2063;595;1378;-783
3113;Mannen en Vrouwen;63 jaar;2064;598;1377;-779
3114;Mannen en Vrouwen;63 jaar;2065;596;1383;-787
3115;Mannen en Vrouwen;63 jaar;2066;593;1387;-794
3116;Mannen en Vrouwen;63 jaar;2067;588;1382;-794
3117;Mannen en Vrouwen;63 jaar;2068;583;1379;-796
3118;Mannen en Vrouwen;63 jaar;2069;584;1380;-796
3119;Mannen en Vrouwen;63 jaar;2070;579;1381;-802
3120;Mannen en Vrouwen;64 jaar;2023;672;765;-93
3121;Mannen en Vrouwen;64 jaar;2024;617;800;-183
3122;Mannen en Vrouwen;64 jaar;2025;588;797;-209
3123;Mannen en Vrouwen;64 jaar;2026;551;834;-283
3124;Mannen en Vrouwen;64 jaar;2027;551;872;-321
3125;Mannen en Vrouwen;64 jaar;2028;557;938;-381
3126;Mannen en Vrouwen;64 jaar;2029;561;942;-381
3127;Mannen en Vrouwen;64 jaar;2030;554;940;-386
3128;Mannen en Vrouwen;64 jaar;2031;555;937;-382
3129;Mannen en Vrouwen;64 jaar;2032;554;974;-420
3130;Mannen en Vrouwen;64 jaar;2033;563;1001;-438
3131;Mannen en Vrouwen;64 jaar;2034;555;1012;-457
3132;Mannen en Vrouwen;64 jaar;2035;546;1000;-454
3133;Mannen en Vrouwen;64 jaar;2036;535;993;-458
3134;Mannen en Vrouwen;64 jaar;2037;520;974;-454
3135;Mannen en Vrouwen;64 jaar;2038;512;982;-470
3136;Mannen en Vrouwen;64 jaar;2039;505;963;-458
3137;Mannen en Vrouwen;64 jaar;2040;505;969;-464
3138;Mannen en Vrouwen;64 jaar;2041;501;988;-487
3139;Mannen en Vrouwen;64 jaar;2042;504;1007;-503
3140;Mannen en Vrouwen;64 jaar;2043;503;1020;-517
3141;Mannen en Vrouwen;64 jaar;2044;511;1053;-542
3142;Mannen en Vrouwen;64 jaar;2045;507;1060;-553
3143;Mannen en Vrouwen;64 jaar;2046;503;1080;-577
3144;Mannen en Vrouwen;64 jaar;2047;501;1097;-596
3145;Mannen en Vrouwen;64 jaar;2048;507;1127;-620
3146;Mannen en Vrouwen;64 jaar;2049;511;1149;-638
3147;Mannen en Vrouwen;64 jaar;2050;516;1168;-652
3148;Mannen en Vrouwen;64 jaar;2051;520;1177;-657
3149;Mannen en Vrouwen;64 jaar;2052;520;1199;-679
3150;Mannen en Vrouwen;64 jaar;2053;524;1217;-693
3151;Mannen en Vrouwen;64 jaar;2054;534;1242;-708
3152;Mannen en Vrouwen;64 jaar;2055;535;1253;-718
3153;Mannen en Vrouwen;64 jaar;2056;536;1265;-729
3154;Mannen en Vrouwen;64 jaar;2057;533;1276;-743
3155;Mannen en Vrouwen;64 jaar;2058;533;1288;-755
3156;Mannen en Vrouwen;64 jaar;2059;529;1289;-760
3157;Mannen en Vrouwen;64 jaar;2060;528;1301;-773
3158;Mannen en Vrouwen;64 jaar;2061;531;1312;-781
3159;Mannen en Vrouwen;64 jaar;2062;536;1327;-791
3160;Mannen en Vrouwen;64 jaar;2063;537;1338;-801
3161;Mannen en Vrouwen;64 jaar;2064;542;1352;-810
3162;Mannen en Vrouwen;64 jaar;2065;544;1352;-808
3163;Mannen en Vrouwen;64 jaar;2066;542;1357;-815
3164;Mannen en Vrouwen;64 jaar;2067;542;1362;-820
3165;Mannen en Vrouwen;64 jaar;2068;534;1356;-822
3166;Mannen en Vrouwen;64 jaar;2069;530;1352;-822
3167;Mannen en Vrouwen;64 jaar;2070;528;1354;-826
3168;Mannen en Vrouwen;65 jaar;2023;640;726;-86
3169;Mannen en Vrouwen;65 jaar;2024;580;749;-169
3170;Mannen en Vrouwen;65 jaar;2025;535;792;-257
3171;Mannen en Vrouwen;65 jaar;2026;500;794;-294
3172;Mannen en Vrouwen;65 jaar;2027;499;846;-347
3173;Mannen en Vrouwen;65 jaar;2028;506;887;-381
3174;Mannen en Vrouwen;65 jaar;2029;511;928;-417
3175;Mannen en Vrouwen;65 jaar;2030;507;928;-421
3176;Mannen en Vrouwen;65 jaar;2031;504;927;-423
3177;Mannen en Vrouwen;65 jaar;2032;504;924;-420
3178;Mannen en Vrouwen;65 jaar;2033;504;958;-454
3179;Mannen en Vrouwen;65 jaar;2034;510;988;-478
3180;Mannen en Vrouwen;65 jaar;2035;504;1000;-496
3181;Mannen en Vrouwen;65 jaar;2036;495;990;-495
3182;Mannen en Vrouwen;65 jaar;2037;484;985;-501
3183;Mannen en Vrouwen;65 jaar;2038;469;967;-498
3184;Mannen en Vrouwen;65 jaar;2039;461;975;-514
3185;Mannen en Vrouwen;65 jaar;2040;457;958;-501
3186;Mannen en Vrouwen;65 jaar;2041;456;965;-509
3187;Mannen en Vrouwen;65 jaar;2042;451;983;-532
3188;Mannen en Vrouwen;65 jaar;2043;457;1004;-547
3189;Mannen en Vrouwen;65 jaar;2044;454;1019;-565
3190;Mannen en Vrouwen;65 jaar;2045;460;1053;-593
3191;Mannen en Vrouwen;65 jaar;2046;458;1059;-601
3192;Mannen en Vrouwen;65 jaar;2047;451;1079;-628
3193;Mannen en Vrouwen;65 jaar;2048;453;1097;-644
3194;Mannen en Vrouwen;65 jaar;2049;459;1126;-667
3195;Mannen en Vrouwen;65 jaar;2050;462;1147;-685
3196;Mannen en Vrouwen;65 jaar;2051;467;1167;-700
3197;Mannen en Vrouwen;65 jaar;2052;469;1177;-708
3198;Mannen en Vrouwen;65 jaar;2053;471;1198;-727
3199;Mannen en Vrouwen;65 jaar;2054;475;1218;-743
3200;Mannen en Vrouwen;65 jaar;2055;482;1242;-760
3201;Mannen en Vrouwen;65 jaar;2056;484;1254;-770
3202;Mannen en Vrouwen;65 jaar;2057;483;1266;-783
3203;Mannen en Vrouwen;65 jaar;2058;483;1276;-793
3204;Mannen en Vrouwen;65 jaar;2059;486;1290;-804
3205;Mannen en Vrouwen;65 jaar;2060;479;1292;-813
3206;Mannen en Vrouwen;65 jaar;2061;480;1304;-824
3207;Mannen en Vrouwen;65 jaar;2062;481;1315;-834
3208;Mannen en Vrouwen;65 jaar;2063;488;1331;-843
3209;Mannen en Vrouwen;65 jaar;2064;488;1341;-853
3210;Mannen en Vrouwen;65 jaar;2065;494;1356;-862
3211;Mannen en Vrouwen;65 jaar;2066;496;1357;-861
3212;Mannen en Vrouwen;65 jaar;2067;493;1363;-870
3213;Mannen en Vrouwen;65 jaar;2068;489;1367;-878
3214;Mannen en Vrouwen;65 jaar;2069;485;1362;-877
3215;Mannen en Vrouwen;65 jaar;2070;481;1359;-878
3216;Mannen en Vrouwen;66 jaar;2023;559;693;-134
3217;Mannen en Vrouwen;66 jaar;2024;510;708;-198
3218;Mannen en Vrouwen;66 jaar;2025;479;737;-258
3219;Mannen en Vrouwen;66 jaar;2026;446;784;-338
3220;Mannen en Vrouwen;66 jaar;2027;452;799;-347
3221;Mannen en Vrouwen;66 jaar;2028;452;855;-403
3222;Mannen en Vrouwen;66 jaar;2029;461;871;-410
3223;Mannen en Vrouwen;66 jaar;2030;460;910;-450
3224;Mannen en Vrouwen;66 jaar;2031;457;908;-451
3225;Mannen en Vrouwen;66 jaar;2032;456;906;-450
3226;Mannen en Vrouwen;66 jaar;2033;456;901;-445
3227;Mannen en Vrouwen;66 jaar;2034;456;937;-481
3228;Mannen en Vrouwen;66 jaar;2035;464;968;-504
3229;Mannen en Vrouwen;66 jaar;2036;457;981;-524
3230;Mannen en Vrouwen;66 jaar;2037;449;970;-521
3231;Mannen en Vrouwen;66 jaar;2038;437;965;-528
3232;Mannen en Vrouwen;66 jaar;2039;424;945;-521
3233;Mannen en Vrouwen;66 jaar;2040;415;953;-538
3234;Mannen en Vrouwen;66 jaar;2041;410;936;-526
3235;Mannen en Vrouwen;66 jaar;2042;410;943;-533
3236;Mannen en Vrouwen;66 jaar;2043;408;962;-554
3237;Mannen en Vrouwen;66 jaar;2044;408;981;-573
3238;Mannen en Vrouwen;66 jaar;2045;411;996;-585
3239;Mannen en Vrouwen;66 jaar;2046;414;1027;-613
3240;Mannen en Vrouwen;66 jaar;2047;415;1034;-619
3241;Mannen en Vrouwen;66 jaar;2048;409;1051;-642
3242;Mannen en Vrouwen;66 jaar;2049;407;1068;-661
3243;Mannen en Vrouwen;66 jaar;2050;411;1098;-687
3244;Mannen en Vrouwen;66 jaar;2051;417;1118;-701
3245;Mannen en Vrouwen;66 jaar;2052;423;1137;-714
3246;Mannen en Vrouwen;66 jaar;2053;425;1145;-720
3247;Mannen en Vrouwen;66 jaar;2054;425;1167;-742
3248;Mannen en Vrouwen;66 jaar;2055;425;1186;-761
3249;Mannen en Vrouwen;66 jaar;2056;437;1211;-774
3250;Mannen en Vrouwen;66 jaar;2057;437;1222;-785
3251;Mannen en Vrouwen;66 jaar;2058;436;1233;-797
3252;Mannen en Vrouwen;66 jaar;2059;438;1244;-806
3253;Mannen en Vrouwen;66 jaar;2060;435;1256;-821
3254;Mannen en Vrouwen;66 jaar;2061;435;1259;-824
3255;Mannen en Vrouwen;66 jaar;2062;434;1270;-836
3256;Mannen en Vrouwen;66 jaar;2063;434;1282;-848
3257;Mannen en Vrouwen;66 jaar;2064;443;1299;-856
3258;Mannen en Vrouwen;66 jaar;2065;444;1310;-866
3259;Mannen en Vrouwen;66 jaar;2066;446;1323;-877
3260;Mannen en Vrouwen;66 jaar;2067;447;1325;-878
3261;Mannen en Vrouwen;66 jaar;2068;446;1330;-884
3262;Mannen en Vrouwen;66 jaar;2069;444;1334;-890
3263;Mannen en Vrouwen;66 jaar;2070;437;1329;-892
3264;Mannen en Vrouwen;67 jaar;2023;510;654;-144
3265;Mannen en Vrouwen;67 jaar;2024;466;660;-194
3266;Mannen en Vrouwen;67 jaar;2025;432;682;-250
3267;Mannen en Vrouwen;67 jaar;2026;403;717;-314
3268;Mannen en Vrouwen;67 jaar;2027;402;779;-377
3269;Mannen en Vrouwen;67 jaar;2028;409;791;-382
3270;Mannen en Vrouwen;67 jaar;2029;412;825;-413
3271;Mannen en Vrouwen;67 jaar;2030;417;840;-423
3272;Mannen en Vrouwen;67 jaar;2031;420;876;-456
3273;Mannen en Vrouwen;67 jaar;2032;417;875;-458
3274;Mannen en Vrouwen;67 jaar;2033;415;870;-455
3275;Mannen en Vrouwen;67 jaar;2034;414;866;-452
3276;Mannen en Vrouwen;67 jaar;2035;414;902;-488
3277;Mannen en Vrouwen;67 jaar;2036;420;932;-512
3278;Mannen en Vrouwen;67 jaar;2037;414;946;-532
3279;Mannen en Vrouwen;67 jaar;2038;406;933;-527
3280;Mannen en Vrouwen;67 jaar;2039;394;928;-534
3281;Mannen en Vrouwen;67 jaar;2040;381;910;-529
3282;Mannen en Vrouwen;67 jaar;2041;374;917;-543
3283;Mannen en Vrouwen;67 jaar;2042;368;902;-534
3284;Mannen en Vrouwen;67 jaar;2043;368;908;-540
3285;Mannen en Vrouwen;67 jaar;2044;365;925;-560
3286;Mannen en Vrouwen;67 jaar;2045;366;945;-579
3287;Mannen en Vrouwen;67 jaar;2046;367;958;-591
3288;Mannen en Vrouwen;67 jaar;2047;371;990;-619
3289;Mannen en Vrouwen;67 jaar;2048;371;995;-624
3290;Mannen en Vrouwen;67 jaar;2049;367;1012;-645
3291;Mannen en Vrouwen;67 jaar;2050;366;1029;-663
3292;Mannen en Vrouwen;67 jaar;2051;371;1057;-686
3293;Mannen en Vrouwen;67 jaar;2052;377;1076;-699
3294;Mannen en Vrouwen;67 jaar;2053;381;1093;-712
3295;Mannen en Vrouwen;67 jaar;2054;383;1102;-719
3296;Mannen en Vrouwen;67 jaar;2055;382;1123;-741
3297;Mannen en Vrouwen;67 jaar;2056;385;1141;-756
3298;Mannen en Vrouwen;67 jaar;2057;394;1166;-772
3299;Mannen en Vrouwen;67 jaar;2058;394;1178;-784
3300;Mannen en Vrouwen;67 jaar;2059;394;1190;-796
3301;Mannen en Vrouwen;67 jaar;2060;394;1201;-807
3302;Mannen en Vrouwen;67 jaar;2061;395;1214;-819
3303;Mannen en Vrouwen;67 jaar;2062;391;1216;-825
3304;Mannen en Vrouwen;67 jaar;2063;391;1227;-836
3305;Mannen en Vrouwen;67 jaar;2064;391;1239;-848
3306;Mannen en Vrouwen;67 jaar;2065;399;1256;-857
3307;Mannen en Vrouwen;67 jaar;2066;402;1267;-865
3308;Mannen en Vrouwen;67 jaar;2067;405;1282;-877
3309;Mannen en Vrouwen;67 jaar;2068;406;1283;-877
3310;Mannen en Vrouwen;67 jaar;2069;406;1288;-882
3311;Mannen en Vrouwen;67 jaar;2070;403;1292;-889
3312;Mannen en Vrouwen;68 jaar;2023;473;556;-83
3313;Mannen en Vrouwen;68 jaar;2024;428;584;-156
3314;Mannen en Vrouwen;68 jaar;2025;397;593;-196
3315;Mannen en Vrouwen;68 jaar;2026;367;619;-252
3316;Mannen en Vrouwen;68 jaar;2027;369;664;-295
3317;Mannen en Vrouwen;68 jaar;2028;371;729;-358
3318;Mannen en Vrouwen;68 jaar;2029;383;719;-336
3319;Mannen en Vrouwen;68 jaar;2030;384;748;-364
3320;Mannen en Vrouwen;68 jaar;2031;388;763;-375
3321;Mannen en Vrouwen;68 jaar;2032;391;798;-407
3322;Mannen en Vrouwen;68 jaar;2033;387;795;-408
3323;Mannen en Vrouwen;68 jaar;2034;384;793;-409
3324;Mannen en Vrouwen;68 jaar;2035;383;788;-405
3325;Mannen en Vrouwen;68 jaar;2036;382;824;-442
3326;Mannen en Vrouwen;68 jaar;2037;390;852;-462
3327;Mannen en Vrouwen;68 jaar;2038;384;866;-482
3328;Mannen en Vrouwen;68 jaar;2039;374;856;-482
3329;Mannen en Vrouwen;68 jaar;2040;363;852;-489
3330;Mannen en Vrouwen;68 jaar;2041;351;835;-484
3331;Mannen en Vrouwen;68 jaar;2042;344;843;-499
3332;Mannen en Vrouwen;68 jaar;2043;338;827;-489
3333;Mannen en Vrouwen;68 jaar;2044;339;831;-492
3334;Mannen en Vrouwen;68 jaar;2045;336;850;-514
3335;Mannen en Vrouwen;68 jaar;2046;338;867;-529
3336;Mannen en Vrouwen;68 jaar;2047;338;879;-541
3337;Mannen en Vrouwen;68 jaar;2048;343;906;-563
3338;Mannen en Vrouwen;68 jaar;2049;341;912;-571
3339;Mannen en Vrouwen;68 jaar;2050;338;929;-591
3340;Mannen en Vrouwen;68 jaar;2051;337;944;-607
3341;Mannen en Vrouwen;68 jaar;2052;340;970;-630
3342;Mannen en Vrouwen;68 jaar;2053;346;988;-642
3343;Mannen en Vrouwen;68 jaar;2054;351;1002;-651
3344;Mannen en Vrouwen;68 jaar;2055;354;1009;-655
3345;Mannen en Vrouwen;68 jaar;2056;353;1030;-677
3346;Mannen en Vrouwen;68 jaar;2057;353;1047;-694
3347;Mannen en Vrouwen;68 jaar;2058;363;1070;-707
3348;Mannen en Vrouwen;68 jaar;2059;366;1082;-716
3349;Mannen en Vrouwen;68 jaar;2060;364;1092;-728
3350;Mannen en Vrouwen;68 jaar;2061;367;1104;-737
3351;Mannen en Vrouwen;68 jaar;2062;364;1116;-752
3352;Mannen en Vrouwen;68 jaar;2063;364;1118;-754
3353;Mannen en Vrouwen;68 jaar;2064;363;1129;-766
3354;Mannen en Vrouwen;68 jaar;2065;363;1141;-778
3355;Mannen en Vrouwen;68 jaar;2066;371;1157;-786
3356;Mannen en Vrouwen;68 jaar;2067;372;1165;-793
3357;Mannen en Vrouwen;68 jaar;2068;374;1179;-805
3358;Mannen en Vrouwen;68 jaar;2069;373;1180;-807
3359;Mannen en Vrouwen;68 jaar;2070;375;1186;-811
3360;Mannen en Vrouwen;69 jaar;2023;400;487;-87
3361;Mannen en Vrouwen;69 jaar;2024;373;489;-116
3362;Mannen en Vrouwen;69 jaar;2025;354;519;-165
3363;Mannen en Vrouwen;69 jaar;2026;338;529;-191
3364;Mannen en Vrouwen;69 jaar;2027;338;566;-228
3365;Mannen en Vrouwen;69 jaar;2028;347;611;-264
3366;Mannen en Vrouwen;69 jaar;2029;351;654;-303
3367;Mannen en Vrouwen;69 jaar;2030;356;641;-285
3368;Mannen en Vrouwen;69 jaar;2031;356;670;-314
3369;Mannen en Vrouwen;69 jaar;2032;361;683;-322
3370;Mannen en Vrouwen;69 jaar;2033;363;714;-351
3371;Mannen en Vrouwen;69 jaar;2034;358;715;-357
3372;Mannen en Vrouwen;69 jaar;2035;355;715;-360
3373;Mannen en Vrouwen;69 jaar;2036;355;709;-354
3374;Mannen en Vrouwen;69 jaar;2037;355;745;-390
3375;Mannen en Vrouwen;69 jaar;2038;361;771;-410
3376;Mannen en Vrouwen;69 jaar;2039;355;785;-430
3377;Mannen en Vrouwen;69 jaar;2040;347;777;-430
3378;Mannen en Vrouwen;69 jaar;2041;337;776;-439
3379;Mannen en Vrouwen;69 jaar;2042;324;763;-439
3380;Mannen en Vrouwen;69 jaar;2043;318;771;-453
3381;Mannen en Vrouwen;69 jaar;2044;315;757;-442
3382;Mannen en Vrouwen;69 jaar;2045;312;759;-447
3383;Mannen en Vrouwen;69 jaar;2046;310;778;-468
3384;Mannen en Vrouwen;69 jaar;2047;313;793;-480
3385;Mannen en Vrouwen;69 jaar;2048;312;804;-492
3386;Mannen en Vrouwen;69 jaar;2049;317;829;-512
3387;Mannen en Vrouwen;69 jaar;2050;316;833;-517
3388;Mannen en Vrouwen;69 jaar;2051;311;851;-540
3389;Mannen en Vrouwen;69 jaar;2052;312;865;-553
3390;Mannen en Vrouwen;69 jaar;2053;319;889;-570
3391;Mannen en Vrouwen;69 jaar;2054;320;905;-585
3392;Mannen en Vrouwen;69 jaar;2055;325;917;-592
3393;Mannen en Vrouwen;69 jaar;2056;326;925;-599
3394;Mannen en Vrouwen;69 jaar;2057;326;945;-619
3395;Mannen en Vrouwen;69 jaar;2058;332;961;-629
3396;Mannen en Vrouwen;69 jaar;2059;338;982;-644
3397;Mannen en Vrouwen;69 jaar;2060;339;992;-653
3398;Mannen en Vrouwen;69 jaar;2061;341;1003;-662
3399;Mannen en Vrouwen;69 jaar;2062;339;1014;-675
3400;Mannen en Vrouwen;69 jaar;2063;341;1025;-684
3401;Mannen en Vrouwen;69 jaar;2064;339;1029;-690
3402;Mannen en Vrouwen;69 jaar;2065;339;1040;-701
3403;Mannen en Vrouwen;69 jaar;2066;340;1050;-710
3404;Mannen en Vrouwen;69 jaar;2067;346;1065;-719
3405;Mannen en Vrouwen;69 jaar;2068;347;1073;-726
3406;Mannen en Vrouwen;69 jaar;2069;352;1087;-735
3407;Mannen en Vrouwen;69 jaar;2070;354;1088;-734
3408;Mannen en Vrouwen;70 jaar;2023;400;389;11
3409;Mannen en Vrouwen;70 jaar;2024;364;412;-48
3410;Mannen en Vrouwen;70 jaar;2025;337;424;-87
3411;Mannen en Vrouwen;70 jaar;2026;315;454;-139
3412;Mannen en Vrouwen;70 jaar;2027;316;472;-156
3413;Mannen en Vrouwen;70 jaar;2028;321;508;-187
3414;Mannen en Vrouwen;70 jaar;2029;328;533;-205
3415;Mannen en Vrouwen;70 jaar;2030;327;573;-246
3416;Mannen en Vrouwen;70 jaar;2031;333;558;-225
3417;Mannen en Vrouwen;70 jaar;2032;333;586;-253
3418;Mannen en Vrouwen;70 jaar;2033;337;597;-260
3419;Mannen en Vrouwen;70 jaar;2034;339;626;-287
3420;Mannen en Vrouwen;70 jaar;2035;336;629;-293
3421;Mannen en Vrouwen;70 jaar;2036;331;628;-297
3422;Mannen en Vrouwen;70 jaar;2037;331;620;-289
3423;Mannen en Vrouwen;70 jaar;2038;331;653;-322
3424;Mannen en Vrouwen;70 jaar;2039;336;676;-340
3425;Mannen en Vrouwen;70 jaar;2040;331;690;-359
3426;Mannen en Vrouwen;70 jaar;2041;322;681;-359
3427;Mannen en Vrouwen;70 jaar;2042;314;681;-367
3428;Mannen en Vrouwen;70 jaar;2043;301;670;-369
3429;Mannen en Vrouwen;70 jaar;2044;296;677;-381
3430;Mannen en Vrouwen;70 jaar;2045;292;662;-370
3431;Mannen en Vrouwen;70 jaar;2046;289;664;-375
3432;Mannen en Vrouwen;70 jaar;2047;287;681;-394
3433;Mannen en Vrouwen;70 jaar;2048;290;693;-403
3434;Mannen en Vrouwen;70 jaar;2049;290;703;-413
3435;Mannen en Vrouwen;70 jaar;2050;295;725;-430
3436;Mannen en Vrouwen;70 jaar;2051;295;729;-434
3437;Mannen en Vrouwen;70 jaar;2052;290;745;-455
3438;Mannen en Vrouwen;70 jaar;2053;291;758;-467
3439;Mannen en Vrouwen;70 jaar;2054;294;780;-486
3440;Mannen en Vrouwen;70 jaar;2055;297;793;-496
3441;Mannen en Vrouwen;70 jaar;2056;304;805;-501
3442;Mannen en Vrouwen;70 jaar;2057;306;810;-504
3443;Mannen en Vrouwen;70 jaar;2058;305;828;-523
3444;Mannen en Vrouwen;70 jaar;2059;309;843;-534
3445;Mannen en Vrouwen;70 jaar;2060;316;861;-545
3446;Mannen en Vrouwen;70 jaar;2061;316;869;-553
3447;Mannen en Vrouwen;70 jaar;2062;317;881;-564
3448;Mannen en Vrouwen;70 jaar;2063;316;890;-574
3449;Mannen en Vrouwen;70 jaar;2064;318;902;-584
3450;Mannen en Vrouwen;70 jaar;2065;316;904;-588
3451;Mannen en Vrouwen;70 jaar;2066;315;914;-599
3452;Mannen en Vrouwen;70 jaar;2067;318;923;-605
3453;Mannen en Vrouwen;70 jaar;2068;323;937;-614
3454;Mannen en Vrouwen;70 jaar;2069;327;944;-617
3455;Mannen en Vrouwen;70 jaar;2070;331;954;-623
3456;Mannen en Vrouwen;71 jaar;2023;380;360;20
3457;Mannen en Vrouwen;71 jaar;2024;344;348;-4
3458;Mannen en Vrouwen;71 jaar;2025;318;366;-48
3459;Mannen en Vrouwen;71 jaar;2026;293;378;-85
3460;Mannen en Vrouwen;71 jaar;2027;295;414;-119
3461;Mannen en Vrouwen;71 jaar;2028;299;433;-134
3462;Mannen en Vrouwen;71 jaar;2029;307;449;-142
3463;Mannen en Vrouwen;71 jaar;2030;308;470;-162
3464;Mannen en Vrouwen;71 jaar;2031;308;507;-199
3465;Mannen en Vrouwen;71 jaar;2032;316;493;-177
3466;Mannen en Vrouwen;71 jaar;2033;317;519;-202
3467;Mannen en Vrouwen;71 jaar;2034;320;529;-209
3468;Mannen en Vrouwen;71 jaar;2035;321;555;-234
3469;Mannen en Vrouwen;71 jaar;2036;317;557;-240
3470;Mannen en Vrouwen;71 jaar;2037;312;558;-246
3471;Mannen en Vrouwen;71 jaar;2038;312;550;-238
3472;Mannen en Vrouwen;71 jaar;2039;311;581;-270
3473;Mannen en Vrouwen;71 jaar;2040;318;601;-283
3474;Mannen en Vrouwen;71 jaar;2041;312;615;-303
3475;Mannen en Vrouwen;71 jaar;2042;305;607;-302
3476;Mannen en Vrouwen;71 jaar;2043;296;606;-310
3477;Mannen en Vrouwen;71 jaar;2044;284;597;-313
3478;Mannen en Vrouwen;71 jaar;2045;278;602;-324
3479;Mannen en Vrouwen;71 jaar;2046;274;589;-315
3480;Mannen en Vrouwen;71 jaar;2047;273;588;-315
3481;Mannen en Vrouwen;71 jaar;2048;270;605;-335
3482;Mannen en Vrouwen;71 jaar;2049;273;616;-343
3483;Mannen en Vrouwen;71 jaar;2050;273;624;-351
3484;Mannen en Vrouwen;71 jaar;2051;278;644;-366
3485;Mannen en Vrouwen;71 jaar;2052;277;647;-370
3486;Mannen en Vrouwen;71 jaar;2053;272;661;-389
3487;Mannen en Vrouwen;71 jaar;2054;273;674;-401
3488;Mannen en Vrouwen;71 jaar;2055;277;694;-417
3489;Mannen en Vrouwen;71 jaar;2056;279;706;-427
3490;Mannen en Vrouwen;71 jaar;2057;286;716;-430
3491;Mannen en Vrouwen;71 jaar;2058;288;720;-432
3492;Mannen en Vrouwen;71 jaar;2059;290;737;-447
3493;Mannen en Vrouwen;71 jaar;2060;292;750;-458
3494;Mannen en Vrouwen;71 jaar;2061;299;767;-468
3495;Mannen en Vrouwen;71 jaar;2062;299;774;-475
3496;Mannen en Vrouwen;71 jaar;2063;300;784;-484
3497;Mannen en Vrouwen;71 jaar;2064;300;793;-493
3498;Mannen en Vrouwen;71 jaar;2065;302;803;-501
3499;Mannen en Vrouwen;71 jaar;2066;299;806;-507
3500;Mannen en Vrouwen;71 jaar;2067;299;814;-515
3501;Mannen en Vrouwen;71 jaar;2068;299;823;-524
3502;Mannen en Vrouwen;71 jaar;2069;308;835;-527
3503;Mannen en Vrouwen;71 jaar;2070;311;841;-530
3504;Mannen en Vrouwen;72 jaar;2023;339;304;35
3505;Mannen en Vrouwen;72 jaar;2024;314;319;-5
3506;Mannen en Vrouwen;72 jaar;2025;289;314;-25
3507;Mannen en Vrouwen;72 jaar;2026;271;332;-61
3508;Mannen en Vrouwen;72 jaar;2027;272;354;-82
3509;Mannen en Vrouwen;72 jaar;2028;277;387;-110
3510;Mannen en Vrouwen;72 jaar;2029;283;392;-109
3511;Mannen en Vrouwen;72 jaar;2030;288;406;-118
3512;Mannen en Vrouwen;72 jaar;2031;292;426;-134
3513;Mannen en Vrouwen;72 jaar;2032;292;459;-167
3514;Mannen en Vrouwen;72 jaar;2033;299;444;-145
3515;Mannen en Vrouwen;72 jaar;2034;299;470;-171
3516;Mannen en Vrouwen;72 jaar;2035;302;480;-178
3517;Mannen en Vrouwen;72 jaar;2036;303;504;-201
3518;Mannen en Vrouwen;72 jaar;2037;298;507;-209
3519;Mannen en Vrouwen;72 jaar;2038;294;508;-214
3520;Mannen en Vrouwen;72 jaar;2039;294;499;-205
3521;Mannen en Vrouwen;72 jaar;2040;294;528;-234
3522;Mannen en Vrouwen;72 jaar;2041;301;547;-246
3523;Mannen en Vrouwen;72 jaar;2042;295;560;-265
3524;Mannen en Vrouwen;72 jaar;2043;288;553;-265
3525;Mannen en Vrouwen;72 jaar;2044;279;553;-274
3526;Mannen en Vrouwen;72 jaar;2045;267;544;-277
3527;Mannen en Vrouwen;72 jaar;2046;261;550;-289
3528;Mannen en Vrouwen;72 jaar;2047;256;536;-280
3529;Mannen en Vrouwen;72 jaar;2048;254;535;-281
3530;Mannen en Vrouwen;72 jaar;2049;253;550;-297
3531;Mannen en Vrouwen;72 jaar;2050;256;561;-305
3532;Mannen en Vrouwen;72 jaar;2051;254;569;-315
3533;Mannen en Vrouwen;72 jaar;2052;259;586;-327
3534;Mannen en Vrouwen;72 jaar;2053;259;590;-331
3535;Mannen en Vrouwen;72 jaar;2054;255;603;-348
3536;Mannen en Vrouwen;72 jaar;2055;253;613;-360
3537;Mannen en Vrouwen;72 jaar;2056;259;632;-373
3538;Mannen en Vrouwen;72 jaar;2057;263;643;-380
3539;Mannen en Vrouwen;72 jaar;2058;267;651;-384
3540;Mannen en Vrouwen;72 jaar;2059;269;657;-388
3541;Mannen en Vrouwen;72 jaar;2060;271;671;-400
3542;Mannen en Vrouwen;72 jaar;2061;274;683;-409
3543;Mannen en Vrouwen;72 jaar;2062;281;699;-418
3544;Mannen en Vrouwen;72 jaar;2063;280;705;-425
3545;Mannen en Vrouwen;72 jaar;2064;282;716;-434
3546;Mannen en Vrouwen;72 jaar;2065;282;723;-441
3547;Mannen en Vrouwen;72 jaar;2066;284;733;-449
3548;Mannen en Vrouwen;72 jaar;2067;281;736;-455
3549;Mannen en Vrouwen;72 jaar;2068;281;743;-462
3550;Mannen en Vrouwen;72 jaar;2069;282;751;-469
3551;Mannen en Vrouwen;72 jaar;2070;288;762;-474
3552;Mannen en Vrouwen;73 jaar;2023;319;273;46
3553;Mannen en Vrouwen;73 jaar;2024;294;272;22
3554;Mannen en Vrouwen;73 jaar;2025;277;288;-11
3555;Mannen en Vrouwen;73 jaar;2026;258;287;-29
3556;Mannen en Vrouwen;73 jaar;2027;258;312;-54
3557;Mannen en Vrouwen;73 jaar;2028;264;334;-70
3558;Mannen en Vrouwen;73 jaar;2029;270;355;-85
3559;Mannen en Vrouwen;73 jaar;2030;274;358;-84
3560;Mannen en Vrouwen;73 jaar;2031;278;372;-94
3561;Mannen en Vrouwen;73 jaar;2032;283;390;-107
3562;Mannen en Vrouwen;73 jaar;2033;281;421;-140
3563;Mannen en Vrouwen;73 jaar;2034;288;409;-121
3564;Mannen en Vrouwen;73 jaar;2035;287;434;-147
3565;Mannen en Vrouwen;73 jaar;2036;290;443;-153
3566;Mannen en Vrouwen;73 jaar;2037;290;467;-177
3567;Mannen en Vrouwen;73 jaar;2038;286;470;-184
3568;Mannen en Vrouwen;73 jaar;2039;282;471;-189
3569;Mannen en Vrouwen;73 jaar;2040;282;462;-180
3570;Mannen en Vrouwen;73 jaar;2041;282;491;-209
3571;Mannen en Vrouwen;73 jaar;2042;288;508;-220
3572;Mannen en Vrouwen;73 jaar;2043;283;521;-238
3573;Mannen en Vrouwen;73 jaar;2044;276;516;-240
3574;Mannen en Vrouwen;73 jaar;2045;268;516;-248
3575;Mannen en Vrouwen;73 jaar;2046;254;507;-253
3576;Mannen en Vrouwen;73 jaar;2047;248;514;-266
3577;Mannen en Vrouwen;73 jaar;2048;245;499;-254
3578;Mannen en Vrouwen;73 jaar;2049;244;499;-255
3579;Mannen en Vrouwen;73 jaar;2050;241;514;-273
3580;Mannen en Vrouwen;73 jaar;2051;244;524;-280
3581;Mannen en Vrouwen;73 jaar;2052;244;529;-285
3582;Mannen en Vrouwen;73 jaar;2053;248;546;-298
3583;Mannen en Vrouwen;73 jaar;2054;249;549;-300
3584;Mannen en Vrouwen;73 jaar;2055;245;561;-316
3585;Mannen en Vrouwen;73 jaar;2056;245;572;-327
3586;Mannen en Vrouwen;73 jaar;2057;249;591;-342
3587;Mannen en Vrouwen;73 jaar;2058;252;600;-348
3588;Mannen en Vrouwen;73 jaar;2059;258;610;-352
3589;Mannen en Vrouwen;73 jaar;2060;259;613;-354
3590;Mannen en Vrouwen;73 jaar;2061;260;627;-367
3591;Mannen en Vrouwen;73 jaar;2062;263;638;-375
3592;Mannen en Vrouwen;73 jaar;2063;269;653;-384
3593;Mannen en Vrouwen;73 jaar;2064;271;659;-388
3594;Mannen en Vrouwen;73 jaar;2065;270;669;-399
3595;Mannen en Vrouwen;73 jaar;2066;272;676;-404
3596;Mannen en Vrouwen;73 jaar;2067;271;685;-414
3597;Mannen en Vrouwen;73 jaar;2068;270;688;-418
3598;Mannen en Vrouwen;73 jaar;2069;270;696;-426
3599;Mannen en Vrouwen;73 jaar;2070;272;703;-431
3600;Mannen en Vrouwen;74 jaar;2023;292;259;33
3601;Mannen en Vrouwen;74 jaar;2024;270;256;14
3602;Mannen en Vrouwen;74 jaar;2025;253;252;1
3603;Mannen en Vrouwen;74 jaar;2026;243;270;-27
3604;Mannen en Vrouwen;74 jaar;2027;242;279;-37
3605;Mannen en Vrouwen;74 jaar;2028;246;304;-58
3606;Mannen en Vrouwen;74 jaar;2029;251;316;-65
3607;Mannen en Vrouwen;74 jaar;2030;255;334;-79
3608;Mannen en Vrouwen;74 jaar;2031;258;338;-80
3609;Mannen en Vrouwen;74 jaar;2032;262;350;-88
3610;Mannen en Vrouwen;74 jaar;2033;267;366;-99
3611;Mannen en Vrouwen;74 jaar;2034;265;397;-132
3612;Mannen en Vrouwen;74 jaar;2035;273;386;-113
3613;Mannen en Vrouwen;74 jaar;2036;271;409;-138
3614;Mannen en Vrouwen;74 jaar;2037;274;420;-146
3615;Mannen en Vrouwen;74 jaar;2038;274;442;-168
3616;Mannen en Vrouwen;74 jaar;2039;271;446;-175
3617;Mannen en Vrouwen;74 jaar;2040;267;447;-180
3618;Mannen en Vrouwen;74 jaar;2041;267;439;-172
3619;Mannen en Vrouwen;74 jaar;2042;266;467;-201
3620;Mannen en Vrouwen;74 jaar;2043;273;483;-210
3621;Mannen en Vrouwen;74 jaar;2044;268;497;-229
3622;Mannen en Vrouwen;74 jaar;2045;260;492;-232
3623;Mannen en Vrouwen;74 jaar;2046;253;492;-239
3624;Mannen en Vrouwen;74 jaar;2047;240;485;-245
3625;Mannen en Vrouwen;74 jaar;2048;234;492;-258
3626;Mannen en Vrouwen;74 jaar;2049;231;478;-247
3627;Mannen en Vrouwen;74 jaar;2050;229;479;-250
3628;Mannen en Vrouwen;74 jaar;2051;227;494;-267
3629;Mannen en Vrouwen;74 jaar;2052;230;503;-273
3630;Mannen en Vrouwen;74 jaar;2053;229;508;-279
3631;Mannen en Vrouwen;74 jaar;2054;236;526;-290
3632;Mannen en Vrouwen;74 jaar;2055;237;529;-292
3633;Mannen en Vrouwen;74 jaar;2056;233;541;-308
3634;Mannen en Vrouwen;74 jaar;2057;235;552;-317
3635;Mannen en Vrouwen;74 jaar;2058;238;570;-332
3636;Mannen en Vrouwen;74 jaar;2059;239;581;-342
3637;Mannen en Vrouwen;74 jaar;2060;244;589;-345
3638;Mannen en Vrouwen;74 jaar;2061;247;593;-346
3639;Mannen en Vrouwen;74 jaar;2062;249;608;-359
3640;Mannen en Vrouwen;74 jaar;2063;248;618;-370
3641;Mannen en Vrouwen;74 jaar;2064;256;631;-375
3642;Mannen en Vrouwen;74 jaar;2065;258;639;-381
3643;Mannen en Vrouwen;74 jaar;2066;258;648;-390
3644;Mannen en Vrouwen;74 jaar;2067;259;656;-397
3645;Mannen en Vrouwen;74 jaar;2068;258;664;-406
3646;Mannen en Vrouwen;74 jaar;2069;258;668;-410
3647;Mannen en Vrouwen;74 jaar;2070;257;675;-418
3648;Mannen en Vrouwen;75 jaar;2023;262;227;35
3649;Mannen en Vrouwen;75 jaar;2024;249;233;16
3650;Mannen en Vrouwen;75 jaar;2025;234;236;-2
3651;Mannen en Vrouwen;75 jaar;2026;226;230;-4
3652;Mannen en Vrouwen;75 jaar;2027;227;253;-26
3653;Mannen en Vrouwen;75 jaar;2028;231;264;-33
3654;Mannen en Vrouwen;75 jaar;2029;237;278;-41
3655;Mannen en Vrouwen;75 jaar;2030;239;288;-49
3656;Mannen en Vrouwen;75 jaar;2031;243;306;-63
3657;Mannen en Vrouwen;75 jaar;2032;247;308;-61
3658;Mannen en Vrouwen;75 jaar;2033;252;319;-67
3659;Mannen en Vrouwen;75 jaar;2034;255;335;-80
3660;Mannen en Vrouwen;75 jaar;2035;254;364;-110
3661;Mannen en Vrouwen;75 jaar;2036;260;353;-93
3662;Mannen en Vrouwen;75 jaar;2037;260;376;-116
3663;Mannen en Vrouwen;75 jaar;2038;263;385;-122
3664;Mannen en Vrouwen;75 jaar;2039;264;404;-140
3665;Mannen en Vrouwen;75 jaar;2040;260;408;-148
3666;Mannen en Vrouwen;75 jaar;2041;256;409;-153
3667;Mannen en Vrouwen;75 jaar;2042;254;400;-146
3668;Mannen en Vrouwen;75 jaar;2043;254;427;-173
3669;Mannen en Vrouwen;75 jaar;2044;263;442;-179
3670;Mannen en Vrouwen;75 jaar;2045;256;455;-199
3671;Mannen en Vrouwen;75 jaar;2046;249;450;-201
3672;Mannen en Vrouwen;75 jaar;2047;242;450;-208
3673;Mannen en Vrouwen;75 jaar;2048;230;442;-212
3674;Mannen en Vrouwen;75 jaar;2049;224;448;-224
3675;Mannen en Vrouwen;75 jaar;2050;220;435;-215
3676;Mannen en Vrouwen;75 jaar;2051;218;435;-217
3677;Mannen en Vrouwen;75 jaar;2052;218;448;-230
3678;Mannen en Vrouwen;75 jaar;2053;219;456;-237
3679;Mannen en Vrouwen;75 jaar;2054;218;462;-244
3680;Mannen en Vrouwen;75 jaar;2055;228;476;-248
3681;Mannen en Vrouwen;75 jaar;2056;227;480;-253
3682;Mannen en Vrouwen;75 jaar;2057;224;491;-267
3683;Mannen en Vrouwen;75 jaar;2058;227;500;-273
3684;Mannen en Vrouwen;75 jaar;2059;229;519;-290
3685;Mannen en Vrouwen;75 jaar;2060;231;527;-296
3686;Mannen en Vrouwen;75 jaar;2061;237;536;-299
3687;Mannen en Vrouwen;75 jaar;2062;238;540;-302
3688;Mannen en Vrouwen;75 jaar;2063;238;552;-314
3689;Mannen en Vrouwen;75 jaar;2064;240;563;-323
3690;Mannen en Vrouwen;75 jaar;2065;252;574;-322
3691;Mannen en Vrouwen;75 jaar;2066;253;580;-327
3692;Mannen en Vrouwen;75 jaar;2067;251;589;-338
3693;Mannen en Vrouwen;75 jaar;2068;249;596;-347
3694;Mannen en Vrouwen;75 jaar;2069;255;605;-350
3695;Mannen en Vrouwen;75 jaar;2070;248;607;-359
3696;Mannen en Vrouwen;76 jaar;2023;259;206;53
3697;Mannen en Vrouwen;76 jaar;2024;241;206;35
3698;Mannen en Vrouwen;76 jaar;2025;223;211;12
3699;Mannen en Vrouwen;76 jaar;2026;208;217;-9
3700;Mannen en Vrouwen;76 jaar;2027;211;216;-5
3701;Mannen en Vrouwen;76 jaar;2028;217;238;-21
3702;Mannen en Vrouwen;76 jaar;2029;224;240;-16
3703;Mannen en Vrouwen;76 jaar;2030;224;252;-28
3704;Mannen en Vrouwen;76 jaar;2031;226;262;-36
3705;Mannen en Vrouwen;76 jaar;2032;229;277;-48
3706;Mannen en Vrouwen;76 jaar;2033;233;279;-46
3707;Mannen en Vrouwen;76 jaar;2034;238;290;-52
3708;Mannen en Vrouwen;76 jaar;2035;241;305;-64
3709;Mannen en Vrouwen;76 jaar;2036;241;332;-91
3710;Mannen en Vrouwen;76 jaar;2037;247;323;-76
3711;Mannen en Vrouwen;76 jaar;2038;248;346;-98
3712;Mannen en Vrouwen;76 jaar;2039;250;354;-104
3713;Mannen en Vrouwen;76 jaar;2040;251;374;-123
3714;Mannen en Vrouwen;76 jaar;2041;247;378;-131
3715;Mannen en Vrouwen;76 jaar;2042;243;379;-136
3716;Mannen en Vrouwen;76 jaar;2043;243;372;-129
3717;Mannen en Vrouwen;76 jaar;2044;243;396;-153
3718;Mannen en Vrouwen;76 jaar;2045;249;412;-163
3719;Mannen en Vrouwen;76 jaar;2046;245;423;-178
3720;Mannen en Vrouwen;76 jaar;2047;236;419;-183
3721;Mannen en Vrouwen;76 jaar;2048;229;418;-189
3722;Mannen en Vrouwen;76 jaar;2049;219;412;-193
3723;Mannen en Vrouwen;76 jaar;2050;214;416;-202
3724;Mannen en Vrouwen;76 jaar;2051;208;404;-196
3725;Mannen en Vrouwen;76 jaar;2052;208;403;-195
3726;Mannen en Vrouwen;76 jaar;2053;206;415;-209
3727;Mannen en Vrouwen;76 jaar;2054;209;422;-213
3728;Mannen en Vrouwen;76 jaar;2055;208;427;-219
3729;Mannen en Vrouwen;76 jaar;2056;216;440;-224
3730;Mannen en Vrouwen;76 jaar;2057;215;444;-229
3731;Mannen en Vrouwen;76 jaar;2058;215;455;-240
3732;Mannen en Vrouwen;76 jaar;2059;216;463;-247
3733;Mannen en Vrouwen;76 jaar;2060;219;478;-259
3734;Mannen en Vrouwen;76 jaar;2061;221;487;-266
3735;Mannen en Vrouwen;76 jaar;2062;227;495;-268
3736;Mannen en Vrouwen;76 jaar;2063;229;499;-270
3737;Mannen en Vrouwen;76 jaar;2064;228;511;-283
3738;Mannen en Vrouwen;76 jaar;2065;230;520;-290
3739;Mannen en Vrouwen;76 jaar;2066;242;531;-289
3740;Mannen en Vrouwen;76 jaar;2067;243;537;-294
3741;Mannen en Vrouwen;76 jaar;2068;241;545;-304
3742;Mannen en Vrouwen;76 jaar;2069;238;551;-313
3743;Mannen en Vrouwen;76 jaar;2070;245;558;-313
3744;Mannen en Vrouwen;77 jaar;2023;244;187;57
3745;Mannen en Vrouwen;77 jaar;2024;231;189;42
3746;Mannen en Vrouwen;77 jaar;2025;215;192;23
3747;Mannen en Vrouwen;77 jaar;2026;200;198;2
3748;Mannen en Vrouwen;77 jaar;2027;195;209;-14
3749;Mannen en Vrouwen;77 jaar;2028;200;207;-7
3750;Mannen en Vrouwen;77 jaar;2029;205;222;-17
3751;Mannen en Vrouwen;77 jaar;2030;205;224;-19
3752;Mannen en Vrouwen;77 jaar;2031;207;235;-28
3753;Mannen en Vrouwen;77 jaar;2032;210;244;-34
3754;Mannen en Vrouwen;77 jaar;2033;214;258;-44
3755;Mannen en Vrouwen;77 jaar;2034;217;261;-44
3756;Mannen en Vrouwen;77 jaar;2035;221;271;-50
3757;Mannen en Vrouwen;77 jaar;2036;223;286;-63
3758;Mannen en Vrouwen;77 jaar;2037;223;311;-88
3759;Mannen en Vrouwen;77 jaar;2038;228;303;-75
3760;Mannen en Vrouwen;77 jaar;2039;230;324;-94
3761;Mannen en Vrouwen;77 jaar;2040;233;332;-99
3762;Mannen en Vrouwen;77 jaar;2041;233;351;-118
3763;Mannen en Vrouwen;77 jaar;2042;230;354;-124
3764;Mannen en Vrouwen;77 jaar;2043;226;356;-130
3765;Mannen en Vrouwen;77 jaar;2044;226;349;-123
3766;Mannen en Vrouwen;77 jaar;2045;225;372;-147
3767;Mannen en Vrouwen;77 jaar;2046;232;385;-153
3768;Mannen en Vrouwen;77 jaar;2047;226;396;-170
3769;Mannen en Vrouwen;77 jaar;2048;220;392;-172
3770;Mannen en Vrouwen;77 jaar;2049;212;393;-181
3771;Mannen en Vrouwen;77 jaar;2050;201;386;-185
3772;Mannen en Vrouwen;77 jaar;2051;197;390;-193
3773;Mannen en Vrouwen;77 jaar;2052;192;379;-187
3774;Mannen en Vrouwen;77 jaar;2053;191;378;-187
3775;Mannen en Vrouwen;77 jaar;2054;190;388;-198
3776;Mannen en Vrouwen;77 jaar;2055;192;396;-204
3777;Mannen en Vrouwen;77 jaar;2056;192;400;-208
3778;Mannen en Vrouwen;77 jaar;2057;199;414;-215
3779;Mannen en Vrouwen;77 jaar;2058;200;416;-216
3780;Mannen en Vrouwen;77 jaar;2059;200;427;-227
3781;Mannen en Vrouwen;77 jaar;2060;200;437;-237
3782;Mannen en Vrouwen;77 jaar;2061;203;451;-248
3783;Mannen en Vrouwen;77 jaar;2062;206;461;-255
3784;Mannen en Vrouwen;77 jaar;2063;211;468;-257
3785;Mannen en Vrouwen;77 jaar;2064;212;470;-258
3786;Mannen en Vrouwen;77 jaar;2065;213;482;-269
3787;Mannen en Vrouwen;77 jaar;2066;214;491;-277
3788;Mannen en Vrouwen;77 jaar;2067;224;501;-277
3789;Mannen en Vrouwen;77 jaar;2068;222;507;-285
3790;Mannen en Vrouwen;77 jaar;2069;226;516;-290
3791;Mannen en Vrouwen;77 jaar;2070;222;522;-300
3792;Mannen en Vrouwen;78 jaar;2023;177;142;35
3793;Mannen en Vrouwen;78 jaar;2024;212;173;39
3794;Mannen en Vrouwen;78 jaar;2025;202;177;25
3795;Mannen en Vrouwen;78 jaar;2026;190;181;9
3796;Mannen en Vrouwen;78 jaar;2027;186;189;-3
3797;Mannen en Vrouwen;78 jaar;2028;186;203;-17
3798;Mannen en Vrouwen;78 jaar;2029;189;193;-4
3799;Mannen en Vrouwen;78 jaar;2030;192;208;-16
3800;Mannen en Vrouwen;78 jaar;2031;192;211;-19
3801;Mannen en Vrouwen;78 jaar;2032;195;221;-26
3802;Mannen en Vrouwen;78 jaar;2033;198;230;-32
3803;Mannen en Vrouwen;78 jaar;2034;202;244;-42
3804;Mannen en Vrouwen;78 jaar;2035;205;248;-43
3805;Mannen en Vrouwen;78 jaar;2036;207;259;-52
3806;Mannen en Vrouwen;78 jaar;2037;211;273;-62
3807;Mannen en Vrouwen;78 jaar;2038;210;299;-89
3808;Mannen en Vrouwen;78 jaar;2039;216;290;-74
3809;Mannen en Vrouwen;78 jaar;2040;216;311;-95
3810;Mannen en Vrouwen;78 jaar;2041;217;319;-102
3811;Mannen en Vrouwen;78 jaar;2042;219;339;-120
3812;Mannen en Vrouwen;78 jaar;2043;215;343;-128
3813;Mannen en Vrouwen;78 jaar;2044;214;344;-130
3814;Mannen en Vrouwen;78 jaar;2045;213;336;-123
3815;Mannen en Vrouwen;78 jaar;2046;213;360;-147
3816;Mannen en Vrouwen;78 jaar;2047;219;373;-154
3817;Mannen en Vrouwen;78 jaar;2048;214;384;-170
3818;Mannen en Vrouwen;78 jaar;2049;207;380;-173
3819;Mannen en Vrouwen;78 jaar;2050;201;380;-179
3820;Mannen en Vrouwen;78 jaar;2051;189;375;-186
3821;Mannen en Vrouwen;78 jaar;2052;185;379;-194
3822;Mannen en Vrouwen;78 jaar;2053;182;366;-184
3823;Mannen en Vrouwen;78 jaar;2054;181;365;-184
3824;Mannen en Vrouwen;78 jaar;2055;179;375;-196
3825;Mannen en Vrouwen;78 jaar;2056;182;382;-200
3826;Mannen en Vrouwen;78 jaar;2057;182;388;-206
3827;Mannen en Vrouwen;78 jaar;2058;189;399;-210
3828;Mannen en Vrouwen;78 jaar;2059;189;402;-213
3829;Mannen en Vrouwen;78 jaar;2060;185;413;-228
3830;Mannen en Vrouwen;78 jaar;2061;187;421;-234
3831;Mannen en Vrouwen;78 jaar;2062;191;435;-244
3832;Mannen en Vrouwen;78 jaar;2063;191;444;-253
3833;Mannen en Vrouwen;78 jaar;2064;199;450;-251
3834;Mannen en Vrouwen;78 jaar;2065;199;454;-255
3835;Mannen en Vrouwen;78 jaar;2066;202;466;-264
3836;Mannen en Vrouwen;78 jaar;2067;202;474;-272
3837;Mannen en Vrouwen;78 jaar;2068;210;483;-273
3838;Mannen en Vrouwen;78 jaar;2069;211;489;-278
3839;Mannen en Vrouwen;78 jaar;2070;213;496;-283
3840;Mannen en Vrouwen;79 jaar;2023;161;123;38
3841;Mannen en Vrouwen;79 jaar;2024;155;127;28
3842;Mannen en Vrouwen;79 jaar;2025;188;153;35
3843;Mannen en Vrouwen;79 jaar;2026;179;159;20
3844;Mannen en Vrouwen;79 jaar;2027;172;168;4
3845;Mannen en Vrouwen;79 jaar;2028;171;176;-5
3846;Mannen en Vrouwen;79 jaar;2029;171;184;-13
3847;Mannen en Vrouwen;79 jaar;2030;173;175;-2
3848;Mannen en Vrouwen;79 jaar;2031;178;189;-11
3849;Mannen en Vrouwen;79 jaar;2032;179;192;-13
3850;Mannen en Vrouwen;79 jaar;2033;182;201;-19
3851;Mannen en Vrouwen;79 jaar;2034;184;212;-28
3852;Mannen en Vrouwen;79 jaar;2035;186;224;-38
3853;Mannen en Vrouwen;79 jaar;2036;188;228;-40
3854;Mannen en Vrouwen;79 jaar;2037;192;238;-46
3855;Mannen en Vrouwen;79 jaar;2038;195;252;-57
3856;Mannen en Vrouwen;79 jaar;2039;195;276;-81
3857;Mannen en Vrouwen;79 jaar;2040;200;269;-69
3858;Mannen en Vrouwen;79 jaar;2041;200;287;-87
3859;Mannen en Vrouwen;79 jaar;2042;202;296;-94
3860;Mannen en Vrouwen;79 jaar;2043;203;313;-110
3861;Mannen en Vrouwen;79 jaar;2044;199;317;-118
3862;Mannen en Vrouwen;79 jaar;2045;197;318;-121
3863;Mannen en Vrouwen;79 jaar;2046;197;313;-116
3864;Mannen en Vrouwen;79 jaar;2047;197;334;-137
3865;Mannen en Vrouwen;79 jaar;2048;203;347;-144
3866;Mannen en Vrouwen;79 jaar;2049;199;358;-159
3867;Mannen en Vrouwen;79 jaar;2050;193;354;-161
3868;Mannen en Vrouwen;79 jaar;2051;187;355;-168
3869;Mannen en Vrouwen;79 jaar;2052;176;350;-174
3870;Mannen en Vrouwen;79 jaar;2053;172;355;-183
3871;Mannen en Vrouwen;79 jaar;2054;170;343;-173
3872;Mannen en Vrouwen;79 jaar;2055;167;342;-175
3873;Mannen en Vrouwen;79 jaar;2056;166;352;-186
3874;Mannen en Vrouwen;79 jaar;2057;170;359;-189
3875;Mannen en Vrouwen;79 jaar;2058;169;363;-194
3876;Mannen en Vrouwen;79 jaar;2059;177;375;-198
3877;Mannen en Vrouwen;79 jaar;2060;176;376;-200
3878;Mannen en Vrouwen;79 jaar;2061;174;388;-214
3879;Mannen en Vrouwen;79 jaar;2062;175;396;-221
3880;Mannen en Vrouwen;79 jaar;2063;179;409;-230
3881;Mannen en Vrouwen;79 jaar;2064;179;417;-238
3882;Mannen en Vrouwen;79 jaar;2065;186;424;-238
3883;Mannen en Vrouwen;79 jaar;2066;189;427;-238
3884;Mannen en Vrouwen;79 jaar;2067;190;436;-246
3885;Mannen en Vrouwen;79 jaar;2068;189;444;-255
3886;Mannen en Vrouwen;79 jaar;2069;198;454;-256
3887;Mannen en Vrouwen;79 jaar;2070;199;460;-261
3888;Mannen en Vrouwen;80 jaar;2023;149;103;46
3889;Mannen en Vrouwen;80 jaar;2024;145;113;32
3890;Mannen en Vrouwen;80 jaar;2025;135;119;16
3891;Mannen en Vrouwen;80 jaar;2026;164;140;24
3892;Mannen en Vrouwen;80 jaar;2027;159;150;9
3893;Mannen en Vrouwen;80 jaar;2028;156;161;-5
3894;Mannen en Vrouwen;80 jaar;2029;155;163;-8
3895;Mannen en Vrouwen;80 jaar;2030;152;173;-21
3896;Mannen en Vrouwen;80 jaar;2031;155;163;-8
3897;Mannen en Vrouwen;80 jaar;2032;158;178;-20
3898;Mannen en Vrouwen;80 jaar;2033;159;181;-22
3899;Mannen en Vrouwen;80 jaar;2034;160;192;-32
3900;Mannen en Vrouwen;80 jaar;2035;164;201;-37
3901;Mannen en Vrouwen;80 jaar;2036;165;213;-48
3902;Mannen en Vrouwen;80 jaar;2037;167;218;-51
3903;Mannen en Vrouwen;80 jaar;2038;169;230;-61
3904;Mannen en Vrouwen;80 jaar;2039;172;241;-69
3905;Mannen en Vrouwen;80 jaar;2040;171;268;-97
3906;Mannen en Vrouwen;80 jaar;2041;176;258;-82
3907;Mannen en Vrouwen;80 jaar;2042;176;280;-104
3908;Mannen en Vrouwen;80 jaar;2043;182;288;-106
3909;Mannen en Vrouwen;80 jaar;2044;181;307;-126
3910;Mannen en Vrouwen;80 jaar;2045;179;311;-132
3911;Mannen en Vrouwen;80 jaar;2046;176;314;-138
3912;Mannen en Vrouwen;80 jaar;2047;176;308;-132
3913;Mannen en Vrouwen;80 jaar;2048;176;331;-155
3914;Mannen en Vrouwen;80 jaar;2049;183;344;-161
3915;Mannen en Vrouwen;80 jaar;2050;178;357;-179
3916;Mannen en Vrouwen;80 jaar;2051;173;352;-179
3917;Mannen en Vrouwen;80 jaar;2052;165;355;-190
3918;Mannen en Vrouwen;80 jaar;2053;157;350;-193
3919;Mannen en Vrouwen;80 jaar;2054;154;357;-203
3920;Mannen en Vrouwen;80 jaar;2055;150;346;-196
3921;Mannen en Vrouwen;80 jaar;2056;150;345;-195
3922;Mannen en Vrouwen;80 jaar;2057;150;356;-206
3923;Mannen en Vrouwen;80 jaar;2058;150;362;-212
3924;Mannen en Vrouwen;80 jaar;2059;151;367;-216
3925;Mannen en Vrouwen;80 jaar;2060;156;380;-224
3926;Mannen en Vrouwen;80 jaar;2061;159;382;-223
3927;Mannen en Vrouwen;80 jaar;2062;158;394;-236
3928;Mannen en Vrouwen;80 jaar;2063;159;404;-245
3929;Mannen en Vrouwen;80 jaar;2064;163;417;-254
3930;Mannen en Vrouwen;80 jaar;2065;165;426;-261
3931;Mannen en Vrouwen;80 jaar;2066;170;430;-260
3932;Mannen en Vrouwen;80 jaar;2067;171;433;-262
3933;Mannen en Vrouwen;80 jaar;2068;172;443;-271
3934;Mannen en Vrouwen;80 jaar;2069;172;451;-279
3935;Mannen en Vrouwen;80 jaar;2070;181;460;-279
3936;Mannen en Vrouwen;81 jaar;2023;131;97;34
3937;Mannen en Vrouwen;81 jaar;2024;132;96;36
3938;Mannen en Vrouwen;81 jaar;2025;128;106;22
3939;Mannen en Vrouwen;81 jaar;2026;117;113;4
3940;Mannen en Vrouwen;81 jaar;2027;149;134;15
3941;Mannen en Vrouwen;81 jaar;2028;147;144;3
3942;Mannen en Vrouwen;81 jaar;2029;143;150;-7
3943;Mannen en Vrouwen;81 jaar;2030;139;152;-13
3944;Mannen en Vrouwen;81 jaar;2031;138;163;-25
3945;Mannen en Vrouwen;81 jaar;2032;142;154;-12
3946;Mannen en Vrouwen;81 jaar;2033;146;168;-22
3947;Mannen en Vrouwen;81 jaar;2034;146;171;-25
3948;Mannen en Vrouwen;81 jaar;2035;148;182;-34
3949;Mannen en Vrouwen;81 jaar;2036;149;190;-41
3950;Mannen en Vrouwen;81 jaar;2037;152;202;-50
3951;Mannen en Vrouwen;81 jaar;2038;154;208;-54
3952;Mannen en Vrouwen;81 jaar;2039;157;220;-63
3953;Mannen en Vrouwen;81 jaar;2040;159;231;-72
3954;Mannen en Vrouwen;81 jaar;2041;159;257;-98
3955;Mannen en Vrouwen;81 jaar;2042;164;249;-85
3956;Mannen en Vrouwen;81 jaar;2043;164;269;-105
3957;Mannen en Vrouwen;81 jaar;2044;168;279;-111
3958;Mannen en Vrouwen;81 jaar;2045;168;297;-129
3959;Mannen en Vrouwen;81 jaar;2046;165;302;-137
3960;Mannen en Vrouwen;81 jaar;2047;163;305;-142
3961;Mannen en Vrouwen;81 jaar;2048;163;299;-136
3962;Mannen en Vrouwen;81 jaar;2049;164;322;-158
3963;Mannen en Vrouwen;81 jaar;2050;168;333;-165
3964;Mannen en Vrouwen;81 jaar;2051;165;348;-183
3965;Mannen en Vrouwen;81 jaar;2052;161;343;-182
3966;Mannen en Vrouwen;81 jaar;2053;153;346;-193
3967;Mannen en Vrouwen;81 jaar;2054;146;342;-196
3968;Mannen en Vrouwen;81 jaar;2055;144;349;-205
3969;Mannen en Vrouwen;81 jaar;2056;139;338;-199
3970;Mannen en Vrouwen;81 jaar;2057;140;336;-196
3971;Mannen en Vrouwen;81 jaar;2058;139;348;-209
3972;Mannen en Vrouwen;81 jaar;2059;140;354;-214
3973;Mannen en Vrouwen;81 jaar;2060;142;359;-217
3974;Mannen en Vrouwen;81 jaar;2061;147;370;-223
3975;Mannen en Vrouwen;81 jaar;2062;150;373;-223
3976;Mannen en Vrouwen;81 jaar;2063;150;385;-235
3977;Mannen en Vrouwen;81 jaar;2064;151;394;-243
3978;Mannen en Vrouwen;81 jaar;2065;153;408;-255
3979;Mannen en Vrouwen;81 jaar;2066;157;415;-258
3980;Mannen en Vrouwen;81 jaar;2067;161;420;-259
3981;Mannen en Vrouwen;81 jaar;2068;162;422;-260
3982;Mannen en Vrouwen;81 jaar;2069;164;433;-269
3983;Mannen en Vrouwen;81 jaar;2070;167;441;-274
3984;Mannen en Vrouwen;82 jaar;2023;115;87;28
3985;Mannen en Vrouwen;82 jaar;2024;114;90;24
3986;Mannen en Vrouwen;82 jaar;2025;113;91;22
3987;Mannen en Vrouwen;82 jaar;2026;110;100;10
3988;Mannen en Vrouwen;82 jaar;2027;104;110;-6
3989;Mannen en Vrouwen;82 jaar;2028;137;126;11
3990;Mannen en Vrouwen;82 jaar;2029;133;132;1
3991;Mannen en Vrouwen;82 jaar;2030;128;138;-10
3992;Mannen en Vrouwen;82 jaar;2031;128;139;-11
3993;Mannen en Vrouwen;82 jaar;2032;126;149;-23
3994;Mannen en Vrouwen;82 jaar;2033;129;142;-13
3995;Mannen en Vrouwen;82 jaar;2034;131;155;-24
3996;Mannen en Vrouwen;82 jaar;2035;132;158;-26
3997;Mannen en Vrouwen;82 jaar;2036;134;168;-34
3998;Mannen en Vrouwen;82 jaar;2037;137;177;-40
3999;Mannen en Vrouwen;82 jaar;2038;138;188;-50
4000;Mannen en Vrouwen;82 jaar;2039;140;193;-53
4001;Mannen en Vrouwen;82 jaar;2040;142;203;-61
4002;Mannen en Vrouwen;82 jaar;2041;144;214;-70
4003;Mannen en Vrouwen;82 jaar;2042;144;238;-94
4004;Mannen en Vrouwen;82 jaar;2043;148;231;-83
4005;Mannen en Vrouwen;82 jaar;2044;149;252;-103
4006;Mannen en Vrouwen;82 jaar;2045;151;261;-110
4007;Mannen en Vrouwen;82 jaar;2046;153;278;-125
4008;Mannen en Vrouwen;82 jaar;2047;151;282;-131
4009;Mannen en Vrouwen;82 jaar;2048;148;287;-139
4010;Mannen en Vrouwen;82 jaar;2049;148;280;-132
4011;Mannen en Vrouwen;82 jaar;2050;149;302;-153
4012;Mannen en Vrouwen;82 jaar;2051;154;314;-160
4013;Mannen en Vrouwen;82 jaar;2052;150;328;-178
4014;Mannen en Vrouwen;82 jaar;2053;145;325;-180
4015;Mannen en Vrouwen;82 jaar;2054;140;328;-188
4016;Mannen en Vrouwen;82 jaar;2055;133;324;-191
4017;Mannen en Vrouwen;82 jaar;2056;131;330;-199
4018;Mannen en Vrouwen;82 jaar;2057;128;320;-192
4019;Mannen en Vrouwen;82 jaar;2058;127;318;-191
4020;Mannen en Vrouwen;82 jaar;2059;128;329;-201
4021;Mannen en Vrouwen;82 jaar;2060;129;334;-205
4022;Mannen en Vrouwen;82 jaar;2061;131;338;-207
4023;Mannen en Vrouwen;82 jaar;2062;134;347;-213
4024;Mannen en Vrouwen;82 jaar;2063;139;351;-212
4025;Mannen en Vrouwen;82 jaar;2064;138;363;-225
4026;Mannen en Vrouwen;82 jaar;2065;137;370;-233
4027;Mannen en Vrouwen;82 jaar;2066;141;384;-243
4028;Mannen en Vrouwen;82 jaar;2067;145;391;-246
4029;Mannen en Vrouwen;82 jaar;2068;149;395;-246
4030;Mannen en Vrouwen;82 jaar;2069;151;397;-246
4031;Mannen en Vrouwen;82 jaar;2070;151;408;-257
4032;Mannen en Vrouwen;83 jaar;2023;99;81;18
4033;Mannen en Vrouwen;83 jaar;2024;95;75;20
4034;Mannen en Vrouwen;83 jaar;2025;92;79;13
4035;Mannen en Vrouwen;83 jaar;2026;93;80;13
4036;Mannen en Vrouwen;83 jaar;2027;97;90;7
4037;Mannen en Vrouwen;83 jaar;2028;95;99;-4
4038;Mannen en Vrouwen;83 jaar;2029;123;110;13
4039;Mannen en Vrouwen;83 jaar;2030;120;115;5
4040;Mannen en Vrouwen;83 jaar;2031;116;121;-5
4041;Mannen en Vrouwen;83 jaar;2032;113;122;-9
4042;Mannen en Vrouwen;83 jaar;2033;114;132;-18
4043;Mannen en Vrouwen;83 jaar;2034;115;124;-9
4044;Mannen en Vrouwen;83 jaar;2035;119;136;-17
4045;Mannen en Vrouwen;83 jaar;2036;119;140;-21
4046;Mannen en Vrouwen;83 jaar;2037;120;150;-30
4047;Mannen en Vrouwen;83 jaar;2038;122;157;-35
4048;Mannen en Vrouwen;83 jaar;2039;124;168;-44
4049;Mannen en Vrouwen;83 jaar;2040;126;173;-47
4050;Mannen en Vrouwen;83 jaar;2041;127;182;-55
4051;Mannen en Vrouwen;83 jaar;2042;130;192;-62
4052;Mannen en Vrouwen;83 jaar;2043;129;214;-85
4053;Mannen en Vrouwen;83 jaar;2044;134;207;-73
4054;Mannen en Vrouwen;83 jaar;2045;134;227;-93
4055;Mannen en Vrouwen;83 jaar;2046;136;236;-100
4056;Mannen en Vrouwen;83 jaar;2047;137;251;-114
4057;Mannen en Vrouwen;83 jaar;2048;136;255;-119
4058;Mannen en Vrouwen;83 jaar;2049;134;259;-125
4059;Mannen en Vrouwen;83 jaar;2050;134;253;-119
4060;Mannen en Vrouwen;83 jaar;2051;134;274;-140
4061;Mannen en Vrouwen;83 jaar;2052;140;284;-144
4062;Mannen en Vrouwen;83 jaar;2053;136;298;-162
4063;Mannen en Vrouwen;83 jaar;2054;132;296;-164
4064;Mannen en Vrouwen;83 jaar;2055;126;299;-173
4065;Mannen en Vrouwen;83 jaar;2056;120;297;-177
4066;Mannen en Vrouwen;83 jaar;2057;117;303;-186
4067;Mannen en Vrouwen;83 jaar;2058;114;295;-181
4068;Mannen en Vrouwen;83 jaar;2059;116;293;-177
4069;Mannen en Vrouwen;83 jaar;2060;114;303;-189
4070;Mannen en Vrouwen;83 jaar;2061;115;308;-193
4071;Mannen en Vrouwen;83 jaar;2062;117;312;-195
4072;Mannen en Vrouwen;83 jaar;2063;120;321;-201
4073;Mannen en Vrouwen;83 jaar;2064;121;324;-203
4074;Mannen en Vrouwen;83 jaar;2065;119;335;-216
4075;Mannen en Vrouwen;83 jaar;2066;120;342;-222
4076;Mannen en Vrouwen;83 jaar;2067;124;354;-230
4077;Mannen en Vrouwen;83 jaar;2068;128;361;-233
4078;Mannen en Vrouwen;83 jaar;2069;131;365;-234
4079;Mannen en Vrouwen;83 jaar;2070;133;368;-235
4080;Mannen en Vrouwen;84 jaar;2023;87;62;25
4081;Mannen en Vrouwen;84 jaar;2024;85;68;17
4082;Mannen en Vrouwen;84 jaar;2025;79;63;16
4083;Mannen en Vrouwen;84 jaar;2026;77;69;8
4084;Mannen en Vrouwen;84 jaar;2027;83;71;12
4085;Mannen en Vrouwen;84 jaar;2028;86;80;6
4086;Mannen en Vrouwen;84 jaar;2029;85;87;-2
4087;Mannen en Vrouwen;84 jaar;2030;108;94;14
4088;Mannen en Vrouwen;84 jaar;2031;105;98;7
4089;Mannen en Vrouwen;84 jaar;2032;101;105;-4
4090;Mannen en Vrouwen;84 jaar;2033;99;106;-7
4091;Mannen en Vrouwen;84 jaar;2034;99;116;-17
4092;Mannen en Vrouwen;84 jaar;2035;100;110;-10
4093;Mannen en Vrouwen;84 jaar;2036;104;122;-18
4094;Mannen en Vrouwen;84 jaar;2037;104;126;-22
4095;Mannen en Vrouwen;84 jaar;2038;104;135;-31
4096;Mannen en Vrouwen;84 jaar;2039;106;143;-37
4097;Mannen en Vrouwen;84 jaar;2040;109;154;-45
4098;Mannen en Vrouwen;84 jaar;2041;110;158;-48
4099;Mannen en Vrouwen;84 jaar;2042;112;168;-56
4100;Mannen en Vrouwen;84 jaar;2043;114;177;-63
4101;Mannen en Vrouwen;84 jaar;2044;114;200;-86
4102;Mannen en Vrouwen;84 jaar;2045;118;192;-74
4103;Mannen en Vrouwen;84 jaar;2046;118;212;-94
4104;Mannen en Vrouwen;84 jaar;2047;120;219;-99
4105;Mannen en Vrouwen;84 jaar;2048;121;234;-113
4106;Mannen en Vrouwen;84 jaar;2049;119;239;-120
4107;Mannen en Vrouwen;84 jaar;2050;119;242;-123
4108;Mannen en Vrouwen;84 jaar;2051;119;236;-117
4109;Mannen en Vrouwen;84 jaar;2052;119;257;-138
4110;Mannen en Vrouwen;84 jaar;2053;122;268;-146
4111;Mannen en Vrouwen;84 jaar;2054;120;281;-161
4112;Mannen en Vrouwen;84 jaar;2055;117;279;-162
4113;Mannen en Vrouwen;84 jaar;2056;112;283;-171
4114;Mannen en Vrouwen;84 jaar;2057;105;281;-176
4115;Mannen en Vrouwen;84 jaar;2058;103;287;-184
4116;Mannen en Vrouwen;84 jaar;2059;101;280;-179
4117;Mannen en Vrouwen;84 jaar;2060;102;279;-177
4118;Mannen en Vrouwen;84 jaar;2061;101;291;-190
4119;Mannen en Vrouwen;84 jaar;2062;102;296;-194
4120;Mannen en Vrouwen;84 jaar;2063;103;301;-198
4121;Mannen en Vrouwen;84 jaar;2064;107;309;-202
4122;Mannen en Vrouwen;84 jaar;2065;108;313;-205
4123;Mannen en Vrouwen;84 jaar;2066;106;325;-219
4124;Mannen en Vrouwen;84 jaar;2067;108;332;-224
4125;Mannen en Vrouwen;84 jaar;2068;112;345;-233
4126;Mannen en Vrouwen;84 jaar;2069;113;352;-239
4127;Mannen en Vrouwen;84 jaar;2070;117;355;-238
4128;Mannen en Vrouwen;85 jaar;2023;81;53;28
4129;Mannen en Vrouwen;85 jaar;2024;74;51;23
4130;Mannen en Vrouwen;85 jaar;2025;71;57;14
4131;Mannen en Vrouwen;85 jaar;2026;66;53;13
4132;Mannen en Vrouwen;85 jaar;2027;67;59;8
4133;Mannen en Vrouwen;85 jaar;2028;73;59;14
4134;Mannen en Vrouwen;85 jaar;2029;77;66;11
4135;Mannen en Vrouwen;85 jaar;2030;75;70;5
4136;Mannen en Vrouwen;85 jaar;2031;96;75;21
4137;Mannen en Vrouwen;85 jaar;2032;93;78;15
4138;Mannen en Vrouwen;85 jaar;2033;91;82;9
4139;Mannen en Vrouwen;85 jaar;2034;89;83;6
4140;Mannen en Vrouwen;85 jaar;2035;90;91;-1
4141;Mannen en Vrouwen;85 jaar;2036;91;86;5
4142;Mannen en Vrouwen;85 jaar;2037;93;95;-2
4143;Mannen en Vrouwen;85 jaar;2038;93;98;-5
4144;Mannen en Vrouwen;85 jaar;2039;93;104;-11
4145;Mannen en Vrouwen;85 jaar;2040;95;111;-16
4146;Mannen en Vrouwen;85 jaar;2041;97;118;-21
4147;Mannen en Vrouwen;85 jaar;2042;99;121;-22
4148;Mannen en Vrouwen;85 jaar;2043;101;129;-28
4149;Mannen en Vrouwen;85 jaar;2044;103;137;-34
4150;Mannen en Vrouwen;85 jaar;2045;103;155;-52
4151;Mannen en Vrouwen;85 jaar;2046;105;150;-45
4152;Mannen en Vrouwen;85 jaar;2047;106;164;-58
4153;Mannen en Vrouwen;85 jaar;2048;110;171;-61
4154;Mannen en Vrouwen;85 jaar;2049;110;184;-74
4155;Mannen en Vrouwen;85 jaar;2050;109;186;-77
4156;Mannen en Vrouwen;85 jaar;2051;108;190;-82
4157;Mannen en Vrouwen;85 jaar;2052;108;184;-76
4158;Mannen en Vrouwen;85 jaar;2053;109;201;-92
4159;Mannen en Vrouwen;85 jaar;2054;112;209;-97
4160;Mannen en Vrouwen;85 jaar;2055;110;219;-109
4161;Mannen en Vrouwen;85 jaar;2056;106;220;-114
4162;Mannen en Vrouwen;85 jaar;2057;101;221;-120
4163;Mannen en Vrouwen;85 jaar;2058;95;220;-125
4164;Mannen en Vrouwen;85 jaar;2059;91;224;-133
4165;Mannen en Vrouwen;85 jaar;2060;90;217;-127
4166;Mannen en Vrouwen;85 jaar;2061;91;215;-124
4167;Mannen en Vrouwen;85 jaar;2062;91;225;-134
4168;Mannen en Vrouwen;85 jaar;2063;93;227;-134
4169;Mannen en Vrouwen;85 jaar;2064;93;231;-138
4170;Mannen en Vrouwen;85 jaar;2065;97;234;-137
4171;Mannen en Vrouwen;85 jaar;2066;97;238;-141
4172;Mannen en Vrouwen;85 jaar;2067;96;243;-147
4173;Mannen en Vrouwen;85 jaar;2068;96;249;-153
4174;Mannen en Vrouwen;85 jaar;2069;100;258;-158
4175;Mannen en Vrouwen;85 jaar;2070;102;262;-160
4176;Mannen en Vrouwen;86 jaar;2023;60;43;17
4177;Mannen en Vrouwen;86 jaar;2024;60;46;14
4178;Mannen en Vrouwen;86 jaar;2025;59;44;15
4179;Mannen en Vrouwen;86 jaar;2026;55;51;4
4180;Mannen en Vrouwen;86 jaar;2027;57;47;10
4181;Mannen en Vrouwen;86 jaar;2028;58;53;5
4182;Mannen en Vrouwen;86 jaar;2029;63;53;10
4183;Mannen en Vrouwen;86 jaar;2030;65;58;7
4184;Mannen en Vrouwen;86 jaar;2031;64;62;2
4185;Mannen en Vrouwen;86 jaar;2032;79;66;13
4186;Mannen en Vrouwen;86 jaar;2033;79;68;11
4187;Mannen en Vrouwen;86 jaar;2034;76;72;4
4188;Mannen en Vrouwen;86 jaar;2035;75;72;3
4189;Mannen en Vrouwen;86 jaar;2036;74;78;-4
4190;Mannen en Vrouwen;86 jaar;2037;75;75;0
4191;Mannen en Vrouwen;86 jaar;2038;78;83;-5
4192;Mannen en Vrouwen;86 jaar;2039;77;86;-9
4193;Mannen en Vrouwen;86 jaar;2040;78;92;-14
4194;Mannen en Vrouwen;86 jaar;2041;79;97;-18
4195;Mannen en Vrouwen;86 jaar;2042;82;104;-22
4196;Mannen en Vrouwen;86 jaar;2043;83;107;-24
4197;Mannen en Vrouwen;86 jaar;2044;84;113;-29
4198;Mannen en Vrouwen;86 jaar;2045;87;121;-34
4199;Mannen en Vrouwen;86 jaar;2046;88;135;-47
4200;Mannen en Vrouwen;86 jaar;2047;90;134;-44
4201;Mannen en Vrouwen;86 jaar;2048;90;146;-56
4202;Mannen en Vrouwen;86 jaar;2049;91;152;-61
4203;Mannen en Vrouwen;86 jaar;2050;92;163;-71
4204;Mannen en Vrouwen;86 jaar;2051;93;165;-72
4205;Mannen en Vrouwen;86 jaar;2052;92;170;-78
4206;Mannen en Vrouwen;86 jaar;2053;93;165;-72
4207;Mannen en Vrouwen;86 jaar;2054;93;178;-85
4208;Mannen en Vrouwen;86 jaar;2055;96;187;-91
4209;Mannen en Vrouwen;86 jaar;2056;93;195;-102
4210;Mannen en Vrouwen;86 jaar;2057;89;197;-108
4211;Mannen en Vrouwen;86 jaar;2058;84;196;-112
4212;Mannen en Vrouwen;86 jaar;2059;79;195;-116
4213;Mannen en Vrouwen;86 jaar;2060;77;197;-120
4214;Mannen en Vrouwen;86 jaar;2061;77;191;-114
4215;Mannen en Vrouwen;86 jaar;2062;78;190;-112
4216;Mannen en Vrouwen;86 jaar;2063;77;198;-121
4217;Mannen en Vrouwen;86 jaar;2064;80;198;-118
4218;Mannen en Vrouwen;86 jaar;2065;79;199;-120
4219;Mannen en Vrouwen;86 jaar;2066;82;201;-119
4220;Mannen en Vrouwen;86 jaar;2067;83;203;-120
4221;Mannen en Vrouwen;86 jaar;2068;80;208;-128
4222;Mannen en Vrouwen;86 jaar;2069;80;211;-131
4223;Mannen en Vrouwen;86 jaar;2070;84;218;-134
4224;Mannen en Vrouwen;87 jaar;2023;52;28;24
4225;Mannen en Vrouwen;87 jaar;2024;49;34;15
4226;Mannen en Vrouwen;87 jaar;2025;48;36;12
4227;Mannen en Vrouwen;87 jaar;2026;47;36;11
4228;Mannen en Vrouwen;87 jaar;2027;47;43;4
4229;Mannen en Vrouwen;87 jaar;2028;46;40;6
4230;Mannen en Vrouwen;87 jaar;2029;49;43;6
4231;Mannen en Vrouwen;87 jaar;2030;52;42;10
4232;Mannen en Vrouwen;87 jaar;2031;55;46;9
4233;Mannen en Vrouwen;87 jaar;2032;53;49;4
4234;Mannen en Vrouwen;87 jaar;2033;69;52;17
4235;Mannen en Vrouwen;87 jaar;2034;66;54;12
4236;Mannen en Vrouwen;87 jaar;2035;64;57;7
4237;Mannen en Vrouwen;87 jaar;2036;62;57;5
4238;Mannen en Vrouwen;87 jaar;2037;62;62;0
4239;Mannen en Vrouwen;87 jaar;2038;63;58;5
4240;Mannen en Vrouwen;87 jaar;2039;65;65;0
4241;Mannen en Vrouwen;87 jaar;2040;65;67;-2
4242;Mannen en Vrouwen;87 jaar;2041;66;71;-5
4243;Mannen en Vrouwen;87 jaar;2042;67;77;-10
4244;Mannen en Vrouwen;87 jaar;2043;68;82;-14
4245;Mannen en Vrouwen;87 jaar;2044;70;85;-15
4246;Mannen en Vrouwen;87 jaar;2045;74;90;-16
4247;Mannen en Vrouwen;87 jaar;2046;74;97;-23
4248;Mannen en Vrouwen;87 jaar;2047;75;109;-34
4249;Mannen en Vrouwen;87 jaar;2048;78;107;-29
4250;Mannen en Vrouwen;87 jaar;2049;78;118;-40
4251;Mannen en Vrouwen;87 jaar;2050;79;123;-44
4252;Mannen en Vrouwen;87 jaar;2051;79;132;-53
4253;Mannen en Vrouwen;87 jaar;2052;79;134;-55
4254;Mannen en Vrouwen;87 jaar;2053;79;136;-57
4255;Mannen en Vrouwen;87 jaar;2054;79;131;-52
4256;Mannen en Vrouwen;87 jaar;2055;78;144;-66
4257;Mannen en Vrouwen;87 jaar;2056;84;150;-66
4258;Mannen en Vrouwen;87 jaar;2057;81;157;-76
4259;Mannen en Vrouwen;87 jaar;2058;77;158;-81
4260;Mannen en Vrouwen;87 jaar;2059;74;157;-83
4261;Mannen en Vrouwen;87 jaar;2060;68;158;-90
4262;Mannen en Vrouwen;87 jaar;2061;66;157;-91
4263;Mannen en Vrouwen;87 jaar;2062;67;152;-85
4264;Mannen en Vrouwen;87 jaar;2063;67;149;-82
4265;Mannen en Vrouwen;87 jaar;2064;68;156;-88
4266;Mannen en Vrouwen;87 jaar;2065;69;156;-87
4267;Mannen en Vrouwen;87 jaar;2066;69;157;-88
4268;Mannen en Vrouwen;87 jaar;2067;74;158;-84
4269;Mannen en Vrouwen;87 jaar;2068;74;159;-85
4270;Mannen en Vrouwen;87 jaar;2069;74;162;-88
4271;Mannen en Vrouwen;87 jaar;2070;74;164;-90
4272;Mannen en Vrouwen;88 jaar;2023;27;21;6
4273;Mannen en Vrouwen;88 jaar;2024;26;23;3
4274;Mannen en Vrouwen;88 jaar;2025;24;27;-3
4275;Mannen en Vrouwen;88 jaar;2026;24;29;-5
4276;Mannen en Vrouwen;88 jaar;2027;24;30;-6
4277;Mannen en Vrouwen;88 jaar;2028;25;36;-11
4278;Mannen en Vrouwen;88 jaar;2029;25;33;-8
4279;Mannen en Vrouwen;88 jaar;2030;26;36;-10
4280;Mannen en Vrouwen;88 jaar;2031;28;36;-8
4281;Mannen en Vrouwen;88 jaar;2032;28;39;-11
4282;Mannen en Vrouwen;88 jaar;2033;28;41;-13
4283;Mannen en Vrouwen;88 jaar;2034;35;44;-9
4284;Mannen en Vrouwen;88 jaar;2035;34;45;-11
4285;Mannen en Vrouwen;88 jaar;2036;33;47;-14
4286;Mannen en Vrouwen;88 jaar;2037;32;48;-16
4287;Mannen en Vrouwen;88 jaar;2038;32;51;-19
4288;Mannen en Vrouwen;88 jaar;2039;32;49;-17
4289;Mannen en Vrouwen;88 jaar;2040;33;55;-22
4290;Mannen en Vrouwen;88 jaar;2041;33;56;-23
4291;Mannen en Vrouwen;88 jaar;2042;33;59;-26
4292;Mannen en Vrouwen;88 jaar;2043;35;64;-29
4293;Mannen en Vrouwen;88 jaar;2044;36;69;-33
4294;Mannen en Vrouwen;88 jaar;2045;36;71;-35
4295;Mannen en Vrouwen;88 jaar;2046;36;76;-40
4296;Mannen en Vrouwen;88 jaar;2047;38;81;-43
4297;Mannen en Vrouwen;88 jaar;2048;38;92;-54
4298;Mannen en Vrouwen;88 jaar;2049;38;90;-52
4299;Mannen en Vrouwen;88 jaar;2050;39;100;-61
4300;Mannen en Vrouwen;88 jaar;2051;41;104;-63
4301;Mannen en Vrouwen;88 jaar;2052;41;112;-71
4302;Mannen en Vrouwen;88 jaar;2053;41;113;-72
4303;Mannen en Vrouwen;88 jaar;2054;40;115;-75
4304;Mannen en Vrouwen;88 jaar;2055;41;110;-69
4305;Mannen en Vrouwen;88 jaar;2056;41;121;-80
4306;Mannen en Vrouwen;88 jaar;2057;42;127;-85
4307;Mannen en Vrouwen;88 jaar;2058;42;132;-90
4308;Mannen en Vrouwen;88 jaar;2059;40;134;-94
4309;Mannen en Vrouwen;88 jaar;2060;39;133;-94
4310;Mannen en Vrouwen;88 jaar;2061;37;133;-96
4311;Mannen en Vrouwen;88 jaar;2062;35;133;-98
4312;Mannen en Vrouwen;88 jaar;2063;34;127;-93
4313;Mannen en Vrouwen;88 jaar;2064;35;125;-90
4314;Mannen en Vrouwen;88 jaar;2065;34;131;-97
4315;Mannen en Vrouwen;88 jaar;2066;36;132;-96
4316;Mannen en Vrouwen;88 jaar;2067;37;133;-96
4317;Mannen en Vrouwen;88 jaar;2068;38;132;-94
4318;Mannen en Vrouwen;88 jaar;2069;38;133;-95
4319;Mannen en Vrouwen;88 jaar;2070;37;136;-99
4320;Mannen en Vrouwen;89 jaar;2023;16;16;0
4321;Mannen en Vrouwen;89 jaar;2024;14;16;-2
4322;Mannen en Vrouwen;89 jaar;2025;13;17;-4
4323;Mannen en Vrouwen;89 jaar;2026;12;20;-8
4324;Mannen en Vrouwen;89 jaar;2027;13;22;-9
4325;Mannen en Vrouwen;89 jaar;2028;13;22;-9
4326;Mannen en Vrouwen;89 jaar;2029;14;26;-12
4327;Mannen en Vrouwen;89 jaar;2030;13;24;-11
4328;Mannen en Vrouwen;89 jaar;2031;14;26;-12
4329;Mannen en Vrouwen;89 jaar;2032;14;25;-11
4330;Mannen en Vrouwen;89 jaar;2033;15;28;-13
4331;Mannen en Vrouwen;89 jaar;2034;14;29;-15
4332;Mannen en Vrouwen;89 jaar;2035;17;30;-13
4333;Mannen en Vrouwen;89 jaar;2036;17;31;-14
4334;Mannen en Vrouwen;89 jaar;2037;17;32;-15
4335;Mannen en Vrouwen;89 jaar;2038;16;33;-17
4336;Mannen en Vrouwen;89 jaar;2039;16;35;-19
4337;Mannen en Vrouwen;89 jaar;2040;16;33;-17
4338;Mannen en Vrouwen;89 jaar;2041;17;36;-19
4339;Mannen en Vrouwen;89 jaar;2042;17;37;-20
4340;Mannen en Vrouwen;89 jaar;2043;17;39;-22
4341;Mannen en Vrouwen;89 jaar;2044;17;42;-25
4342;Mannen en Vrouwen;89 jaar;2045;17;45;-28
4343;Mannen en Vrouwen;89 jaar;2046;18;47;-29
4344;Mannen en Vrouwen;89 jaar;2047;18;50;-32
4345;Mannen en Vrouwen;89 jaar;2048;19;54;-35
4346;Mannen en Vrouwen;89 jaar;2049;19;61;-42
4347;Mannen en Vrouwen;89 jaar;2050;19;60;-41
4348;Mannen en Vrouwen;89 jaar;2051;19;66;-47
4349;Mannen en Vrouwen;89 jaar;2052;19;69;-50
4350;Mannen en Vrouwen;89 jaar;2053;19;75;-56
4351;Mannen en Vrouwen;89 jaar;2054;19;75;-56
4352;Mannen en Vrouwen;89 jaar;2055;19;76;-57
4353;Mannen en Vrouwen;89 jaar;2056;19;72;-53
4354;Mannen en Vrouwen;89 jaar;2057;19;80;-61
4355;Mannen en Vrouwen;89 jaar;2058;21;84;-63
4356;Mannen en Vrouwen;89 jaar;2059;20;86;-66
4357;Mannen en Vrouwen;89 jaar;2060;19;88;-69
4358;Mannen en Vrouwen;89 jaar;2061;19;87;-68
4359;Mannen en Vrouwen;89 jaar;2062;19;87;-68
4360;Mannen en Vrouwen;89 jaar;2063;17;87;-70
4361;Mannen en Vrouwen;89 jaar;2064;17;82;-65
4362;Mannen en Vrouwen;89 jaar;2065;17;82;-65
4363;Mannen en Vrouwen;89 jaar;2066;17;85;-68
4364;Mannen en Vrouwen;89 jaar;2067;17;86;-69
4365;Mannen en Vrouwen;89 jaar;2068;17;86;-69
4366;Mannen en Vrouwen;89 jaar;2069;17;85;-68
4367;Mannen en Vrouwen;89 jaar;2070;17;86;-69
4368;Mannen en Vrouwen;90 jaar;2023;9;8;1
4369;Mannen en Vrouwen;90 jaar;2024;8;10;-2
4370;Mannen en Vrouwen;90 jaar;2025;7;10;-3
4371;Mannen en Vrouwen;90 jaar;2026;7;11;-4
4372;Mannen en Vrouwen;90 jaar;2027;7;12;-5
4373;Mannen en Vrouwen;90 jaar;2028;7;13;-6
4374;Mannen en Vrouwen;90 jaar;2029;7;13;-6
4375;Mannen en Vrouwen;90 jaar;2030;7;15;-8
4376;Mannen en Vrouwen;90 jaar;2031;7;13;-6
4377;Mannen en Vrouwen;90 jaar;2032;7;15;-8
4378;Mannen en Vrouwen;90 jaar;2033;7;15;-8
4379;Mannen en Vrouwen;90 jaar;2034;9;16;-7
4380;Mannen en Vrouwen;90 jaar;2035;7;16;-9
4381;Mannen en Vrouwen;90 jaar;2036;9;18;-9
4382;Mannen en Vrouwen;90 jaar;2037;9;19;-10
4383;Mannen en Vrouwen;90 jaar;2038;9;19;-10
4384;Mannen en Vrouwen;90 jaar;2039;9;19;-10
4385;Mannen en Vrouwen;90 jaar;2040;9;20;-11
4386;Mannen en Vrouwen;90 jaar;2041;9;19;-10
4387;Mannen en Vrouwen;90 jaar;2042;9;21;-12
4388;Mannen en Vrouwen;90 jaar;2043;9;21;-12
4389;Mannen en Vrouwen;90 jaar;2044;9;21;-12
4390;Mannen en Vrouwen;90 jaar;2045;9;23;-14
4391;Mannen en Vrouwen;90 jaar;2046;9;25;-16
4392;Mannen en Vrouwen;90 jaar;2047;9;26;-17
4393;Mannen en Vrouwen;90 jaar;2048;9;27;-18
4394;Mannen en Vrouwen;90 jaar;2049;9;30;-21
4395;Mannen en Vrouwen;90 jaar;2050;9;34;-25
4396;Mannen en Vrouwen;90 jaar;2051;10;33;-23
4397;Mannen en Vrouwen;90 jaar;2052;10;37;-27
4398;Mannen en Vrouwen;90 jaar;2053;10;38;-28
4399;Mannen en Vrouwen;90 jaar;2054;10;41;-31
4400;Mannen en Vrouwen;90 jaar;2055;10;42;-32
4401;Mannen en Vrouwen;90 jaar;2056;10;43;-33
4402;Mannen en Vrouwen;90 jaar;2057;10;42;-32
4403;Mannen en Vrouwen;90 jaar;2058;10;45;-35
4404;Mannen en Vrouwen;90 jaar;2059;11;47;-36
4405;Mannen en Vrouwen;90 jaar;2060;10;49;-39
4406;Mannen en Vrouwen;90 jaar;2061;10;50;-40
4407;Mannen en Vrouwen;90 jaar;2062;10;49;-39
4408;Mannen en Vrouwen;90 jaar;2063;9;48;-39
4409;Mannen en Vrouwen;90 jaar;2064;9;48;-39
4410;Mannen en Vrouwen;90 jaar;2065;9;46;-37
4411;Mannen en Vrouwen;90 jaar;2066;9;45;-36
4412;Mannen en Vrouwen;90 jaar;2067;9;48;-39
4413;Mannen en Vrouwen;90 jaar;2068;9;47;-38
4414;Mannen en Vrouwen;90 jaar;2069;9;47;-38
4415;Mannen en Vrouwen;90 jaar;2070;9;48;-39
4416;Mannen en Vrouwen;91 jaar;2023;2;1;1
4417;Mannen en Vrouwen;91 jaar;2024;1;1;0
4418;Mannen en Vrouwen;91 jaar;2025;0;1;-1
4419;Mannen en Vrouwen;91 jaar;2026;0;1;-1
4420;Mannen en Vrouwen;91 jaar;2027;0;1;-1
4421;Mannen en Vrouwen;91 jaar;2028;0;1;-1
4422;Mannen en Vrouwen;91 jaar;2029;0;1;-1
4423;Mannen en Vrouwen;91 jaar;2030;0;1;-1
4424;Mannen en Vrouwen;91 jaar;2031;0;1;-1
4425;Mannen en Vrouwen;91 jaar;2032;0;0;0
4426;Mannen en Vrouwen;91 jaar;2033;0;0;0
4427;Mannen en Vrouwen;91 jaar;2034;0;0;0
4428;Mannen en Vrouwen;91 jaar;2035;0;0;0
4429;Mannen en Vrouwen;91 jaar;2036;0;0;0
4430;Mannen en Vrouwen;91 jaar;2037;0;0;0
4431;Mannen en Vrouwen;91 jaar;2038;0;0;0
4432;Mannen en Vrouwen;91 jaar;2039;0;0;0
4433;Mannen en Vrouwen;91 jaar;2040;0;0;0
4434;Mannen en Vrouwen;91 jaar;2041;0;0;0
4435;Mannen en Vrouwen;91 jaar;2042;0;0;0
4436;Mannen en Vrouwen;91 jaar;2043;0;0;0
4437;Mannen en Vrouwen;91 jaar;2044;0;0;0
4438;Mannen en Vrouwen;91 jaar;2045;0;0;0
4439;Mannen en Vrouwen;91 jaar;2046;0;0;0
4440;Mannen en Vrouwen;91 jaar;2047;0;0;0
4441;Mannen en Vrouwen;91 jaar;2048;0;0;0
4442;Mannen en Vrouwen;91 jaar;2049;0;0;0
4443;Mannen en Vrouwen;91 jaar;2050;0;0;0
4444;Mannen en Vrouwen;91 jaar;2051;0;0;0
4445;Mannen en Vrouwen;91 jaar;2052;0;0;0
4446;Mannen en Vrouwen;91 jaar;2053;0;0;0
4447;Mannen en Vrouwen;91 jaar;2054;0;0;0
4448;Mannen en Vrouwen;91 jaar;2055;0;0;0
4449;Mannen en Vrouwen;91 jaar;2056;0;0;0
4450;Mannen en Vrouwen;91 jaar;2057;0;0;0
4451;Mannen en Vrouwen;91 jaar;2058;0;0;0
4452;Mannen en Vrouwen;91 jaar;2059;0;0;0
4453;Mannen en Vrouwen;91 jaar;2060;0;0;0
4454;Mannen en Vrouwen;91 jaar;2061;0;0;0
4455;Mannen en Vrouwen;91 jaar;2062;0;0;0
4456;Mannen en Vrouwen;91 jaar;2063;0;0;0
4457;Mannen en Vrouwen;91 jaar;2064;0;0;0
4458;Mannen en Vrouwen;91 jaar;2065;0;0;0
4459;Mannen en Vrouwen;91 jaar;2066;0;0;0
4460;Mannen en Vrouwen;91 jaar;2067;0;0;0
4461;Mannen en Vrouwen;91 jaar;2068;0;0;0
4462;Mannen en Vrouwen;91 jaar;2069;0;0;0
4463;Mannen en Vrouwen;91 jaar;2070;0;0;0
4464;Mannen en Vrouwen;92 jaar;2023;1;0;1
4465;Mannen en Vrouwen;92 jaar;2024;0;1;-1
4466;Mannen en Vrouwen;92 jaar;2025;0;0;0
4467;Mannen en Vrouwen;92 jaar;2026;0;1;-1
4468;Mannen en Vrouwen;92 jaar;2027;0;1;-1
4469;Mannen en Vrouwen;92 jaar;2028;0;1;-1
4470;Mannen en Vrouwen;92 jaar;2029;0;1;-1
4471;Mannen en Vrouwen;92 jaar;2030;0;1;-1
4472;Mannen en Vrouwen;92 jaar;2031;0;0;0
4473;Mannen en Vrouwen;92 jaar;2032;0;0;0
4474;Mannen en Vrouwen;92 jaar;2033;0;0;0
4475;Mannen en Vrouwen;92 jaar;2034;0;0;0
4476;Mannen en Vrouwen;92 jaar;2035;0;0;0
4477;Mannen en Vrouwen;92 jaar;2036;0;0;0
4478;Mannen en Vrouwen;92 jaar;2037;0;0;0
4479;Mannen en Vrouwen;92 jaar;2038;0;0;0
4480;Mannen en Vrouwen;92 jaar;2039;0;0;0
4481;Mannen en Vrouwen;92 jaar;2040;0;0;0
4482;Mannen en Vrouwen;92 jaar;2041;0;0;0
4483;Mannen en Vrouwen;92 jaar;2042;0;0;0
4484;Mannen en Vrouwen;92 jaar;2043;0;0;0
4485;Mannen en Vrouwen;92 jaar;2044;0;0;0
4486;Mannen en Vrouwen;92 jaar;2045;0;0;0
4487;Mannen en Vrouwen;92 jaar;2046;0;0;0
4488;Mannen en Vrouwen;92 jaar;2047;0;0;0
4489;Mannen en Vrouwen;92 jaar;2048;0;0;0
4490;Mannen en Vrouwen;92 jaar;2049;0;0;0
4491;Mannen en Vrouwen;92 jaar;2050;0;0;0
4492;Mannen en Vrouwen;92 jaar;2051;0;0;0
4493;Mannen en Vrouwen;92 jaar;2052;0;0;0
4494;Mannen en Vrouwen;92 jaar;2053;0;0;0
4495;Mannen en Vrouwen;92 jaar;2054;0;0;0
4496;Mannen en Vrouwen;92 jaar;2055;0;0;0
4497;Mannen en Vrouwen;92 jaar;2056;0;0;0
4498;Mannen en Vrouwen;92 jaar;2057;0;0;0
4499;Mannen en Vrouwen;92 jaar;2058;0;0;0
4500;Mannen en Vrouwen;92 jaar;2059;0;0;0
4501;Mannen en Vrouwen;92 jaar;2060;0;0;0
4502;Mannen en Vrouwen;92 jaar;2061;0;0;0
4503;Mannen en Vrouwen;92 jaar;2062;0;0;0
4504;Mannen en Vrouwen;92 jaar;2063;0;0;0
4505;Mannen en Vrouwen;92 jaar;2064;0;0;0
4506;Mannen en Vrouwen;92 jaar;2065;0;0;0
4507;Mannen en Vrouwen;92 jaar;2066;0;0;0
4508;Mannen en Vrouwen;92 jaar;2067;0;0;0
4509;Mannen en Vrouwen;92 jaar;2068;0;0;0
4510;Mannen en Vrouwen;92 jaar;2069;0;0;0
4511;Mannen en Vrouwen;92 jaar;2070;0;0;0
4512;Mannen en Vrouwen;93 jaar;2023;1;1;0
4513;Mannen en Vrouwen;93 jaar;2024;0;0;0
4514;Mannen en Vrouwen;93 jaar;2025;0;0;0
4515;Mannen en Vrouwen;93 jaar;2026;0;0;0
4516;Mannen en Vrouwen;93 jaar;2027;0;0;0
4517;Mannen en Vrouwen;93 jaar;2028;0;0;0
4518;Mannen en Vrouwen;93 jaar;2029;0;0;0
4519;Mannen en Vrouwen;93 jaar;2030;0;0;0
4520;Mannen en Vrouwen;93 jaar;2031;0;0;0
4521;Mannen en Vrouwen;93 jaar;2032;0;0;0
4522;Mannen en Vrouwen;93 jaar;2033;0;0;0
4523;Mannen en Vrouwen;93 jaar;2034;0;0;0
4524;Mannen en Vrouwen;93 jaar;2035;0;0;0
4525;Mannen en Vrouwen;93 jaar;2036;0;0;0
4526;Mannen en Vrouwen;93 jaar;2037;0;0;0
4527;Mannen en Vrouwen;93 jaar;2038;0;0;0
4528;Mannen en Vrouwen;93 jaar;2039;0;0;0
4529;Mannen en Vrouwen;93 jaar;2040;0;0;0
4530;Mannen en Vrouwen;93 jaar;2041;0;0;0
4531;Mannen en Vrouwen;93 jaar;2042;0;0;0
4532;Mannen en Vrouwen;93 jaar;2043;0;0;0
4533;Mannen en Vrouwen;93 jaar;2044;0;0;0
4534;Mannen en Vrouwen;93 jaar;2045;0;0;0
4535;Mannen en Vrouwen;93 jaar;2046;0;0;0
4536;Mannen en Vrouwen;93 jaar;2047;0;0;0
4537;Mannen en Vrouwen;93 jaar;2048;0;0;0
4538;Mannen en Vrouwen;93 jaar;2049;0;0;0
4539;Mannen en Vrouwen;93 jaar;2050;0;0;0
4540;Mannen en Vrouwen;93 jaar;2051;0;0;0
4541;Mannen en Vrouwen;93 jaar;2052;0;0;0
4542;Mannen en Vrouwen;93 jaar;2053;0;0;0
4543;Mannen en Vrouwen;93 jaar;2054;0;0;0
4544;Mannen en Vrouwen;93 jaar;2055;0;0;0
4545;Mannen en Vrouwen;93 jaar;2056;0;0;0
4546;Mannen en Vrouwen;93 jaar;2057;0;0;0
4547;Mannen en Vrouwen;93 jaar;2058;0;0;0
4548;Mannen en Vrouwen;93 jaar;2059;0;0;0
4549;Mannen en Vrouwen;93 jaar;2060;0;0;0
4550;Mannen en Vrouwen;93 jaar;2061;0;0;0
4551;Mannen en Vrouwen;93 jaar;2062;0;0;0
4552;Mannen en Vrouwen;93 jaar;2063;0;0;0
4553;Mannen en Vrouwen;93 jaar;2064;0;0;0
4554;Mannen en Vrouwen;93 jaar;2065;0;0;0
4555;Mannen en Vrouwen;93 jaar;2066;0;0;0
4556;Mannen en Vrouwen;93 jaar;2067;0;0;0
4557;Mannen en Vrouwen;93 jaar;2068;0;0;0
4558;Mannen en Vrouwen;93 jaar;2069;0;0;0
4559;Mannen en Vrouwen;93 jaar;2070;0;0;0
4560;Mannen en Vrouwen;94 jaar;2023;0;1;-1
4561;Mannen en Vrouwen;94 jaar;2024;0;1;-1
4562;Mannen en Vrouwen;94 jaar;2025;0;0;0
4563;Mannen en Vrouwen;94 jaar;2026;0;0;0
4564;Mannen en Vrouwen;94 jaar;2027;0;0;0
4565;Mannen en Vrouwen;94 jaar;2028;0;0;0
4566;Mannen en Vrouwen;94 jaar;2029;0;0;0
4567;Mannen en Vrouwen;94 jaar;2030;0;0;0
4568;Mannen en Vrouwen;94 jaar;2031;0;0;0
4569;Mannen en Vrouwen;94 jaar;2032;0;0;0
4570;Mannen en Vrouwen;94 jaar;2033;0;0;0
4571;Mannen en Vrouwen;94 jaar;2034;0;0;0
4572;Mannen en Vrouwen;94 jaar;2035;0;0;0
4573;Mannen en Vrouwen;94 jaar;2036;0;0;0
4574;Mannen en Vrouwen;94 jaar;2037;0;0;0
4575;Mannen en Vrouwen;94 jaar;2038;0;0;0
4576;Mannen en Vrouwen;94 jaar;2039;0;0;0
4577;Mannen en Vrouwen;94 jaar;2040;0;0;0
4578;Mannen en Vrouwen;94 jaar;2041;0;0;0
4579;Mannen en Vrouwen;94 jaar;2042;0;0;0
4580;Mannen en Vrouwen;94 jaar;2043;0;0;0
4581;Mannen en Vrouwen;94 jaar;2044;0;0;0
4582;Mannen en Vrouwen;94 jaar;2045;0;0;0
4583;Mannen en Vrouwen;94 jaar;2046;0;0;0
4584;Mannen en Vrouwen;94 jaar;2047;0;0;0
4585;Mannen en Vrouwen;94 jaar;2048;0;0;0
4586;Mannen en Vrouwen;94 jaar;2049;0;0;0
4587;Mannen en Vrouwen;94 jaar;2050;0;0;0
4588;Mannen en Vrouwen;94 jaar;2051;0;0;0
4589;Mannen en Vrouwen;94 jaar;2052;0;0;0
4590;Mannen en Vrouwen;94 jaar;2053;0;0;0
4591;Mannen en Vrouwen;94 jaar;2054;0;0;0
4592;Mannen en Vrouwen;94 jaar;2055;0;0;0
4593;Mannen en Vrouwen;94 jaar;2056;0;0;0
4594;Mannen en Vrouwen;94 jaar;2057;0;0;0
4595;Mannen en Vrouwen;94 jaar;2058;0;0;0
4596;Mannen en Vrouwen;94 jaar;2059;0;0;0
4597;Mannen en Vrouwen;94 jaar;2060;0;0;0
4598;Mannen en Vrouwen;94 jaar;2061;0;0;0
4599;Mannen en Vrouwen;94 jaar;2062;0;0;0
4600;Mannen en Vrouwen;94 jaar;2063;0;0;0
4601;Mannen en Vrouwen;94 jaar;2064;0;0;0
4602;Mannen en Vrouwen;94 jaar;2065;0;0;0
4603;Mannen en Vrouwen;94 jaar;2066;0;0;0
4604;Mannen en Vrouwen;94 jaar;2067;0;0;0
4605;Mannen en Vrouwen;94 jaar;2068;0;0;0
4606;Mannen en Vrouwen;94 jaar;2069;0;0;0
4607;Mannen en Vrouwen;94 jaar;2070;0;0;0
4608;Mannen en Vrouwen;95 jaar;2023;2;0;2
4609;Mannen en Vrouwen;95 jaar;2024;0;0;0
4610;Mannen en Vrouwen;95 jaar;2025;0;0;0
4611;Mannen en Vrouwen;95 jaar;2026;0;0;0
4612;Mannen en Vrouwen;95 jaar;2027;0;0;0
4613;Mannen en Vrouwen;95 jaar;2028;0;0;0
4614;Mannen en Vrouwen;95 jaar;2029;0;0;0
4615;Mannen en Vrouwen;95 jaar;2030;0;0;0
4616;Mannen en Vrouwen;95 jaar;2031;0;0;0
4617;Mannen en Vrouwen;95 jaar;2032;0;0;0
4618;Mannen en Vrouwen;95 jaar;2033;0;0;0
4619;Mannen en Vrouwen;95 jaar;2034;0;0;0
4620;Mannen en Vrouwen;95 jaar;2035;0;0;0
4621;Mannen en Vrouwen;95 jaar;2036;0;0;0
4622;Mannen en Vrouwen;95 jaar;2037;0;0;0
4623;Mannen en Vrouwen;95 jaar;2038;0;0;0
4624;Mannen en Vrouwen;95 jaar;2039;0;0;0
4625;Mannen en Vrouwen;95 jaar;2040;0;0;0
4626;Mannen en Vrouwen;95 jaar;2041;0;0;0
4627;Mannen en Vrouwen;95 jaar;2042;0;0;0
4628;Mannen en Vrouwen;95 jaar;2043;0;0;0
4629;Mannen en Vrouwen;95 jaar;2044;0;0;0
4630;Mannen en Vrouwen;95 jaar;2045;0;0;0
4631;Mannen en Vrouwen;95 jaar;2046;0;0;0
4632;Mannen en Vrouwen;95 jaar;2047;0;0;0
4633;Mannen en Vrouwen;95 jaar;2048;0;0;0
4634;Mannen en Vrouwen;95 jaar;2049;0;0;0
4635;Mannen en Vrouwen;95 jaar;2050;0;0;0
4636;Mannen en Vrouwen;95 jaar;2051;0;0;0
4637;Mannen en Vrouwen;95 jaar;2052;0;0;0
4638;Mannen en Vrouwen;95 jaar;2053;0;0;0
4639;Mannen en Vrouwen;95 jaar;2054;0;0;0
4640;Mannen en Vrouwen;95 jaar;2055;0;0;0
4641;Mannen en Vrouwen;95 jaar;2056;0;0;0
4642;Mannen en Vrouwen;95 jaar;2057;0;0;0
4643;Mannen en Vrouwen;95 jaar;2058;0;0;0
4644;Mannen en Vrouwen;95 jaar;2059;0;0;0
4645;Mannen en Vrouwen;95 jaar;2060;0;0;0
4646;Mannen en Vrouwen;95 jaar;2061;0;0;0
4647;Mannen en Vrouwen;95 jaar;2062;0;0;0
4648;Mannen en Vrouwen;95 jaar;2063;0;0;0
4649;Mannen en Vrouwen;95 jaar;2064;0;0;0
4650;Mannen en Vrouwen;95 jaar;2065;0;0;0
4651;Mannen en Vrouwen;95 jaar;2066;0;0;0
4652;Mannen en Vrouwen;95 jaar;2067;0;0;0
4653;Mannen en Vrouwen;95 jaar;2068;0;0;0
4654;Mannen en Vrouwen;95 jaar;2069;0;0;0
4655;Mannen en Vrouwen;95 jaar;2070;0;0;0
4656;Mannen en Vrouwen;96 jaar;2023;1;0;1
4657;Mannen en Vrouwen;96 jaar;2024;0;0;0
4658;Mannen en Vrouwen;96 jaar;2025;0;0;0
4659;Mannen en Vrouwen;96 jaar;2026;0;0;0
4660;Mannen en Vrouwen;96 jaar;2027;0;0;0
4661;Mannen en Vrouwen;96 jaar;2028;0;0;0
4662;Mannen en Vrouwen;96 jaar;2029;0;0;0
4663;Mannen en Vrouwen;96 jaar;2030;0;0;0
4664;Mannen en Vrouwen;96 jaar;2031;0;0;0
4665;Mannen en Vrouwen;96 jaar;2032;0;0;0
4666;Mannen en Vrouwen;96 jaar;2033;0;0;0
4667;Mannen en Vrouwen;96 jaar;2034;0;0;0
4668;Mannen en Vrouwen;96 jaar;2035;0;0;0
4669;Mannen en Vrouwen;96 jaar;2036;0;0;0
4670;Mannen en Vrouwen;96 jaar;2037;0;0;0
4671;Mannen en Vrouwen;96 jaar;2038;0;0;0
4672;Mannen en Vrouwen;96 jaar;2039;0;0;0
4673;Mannen en Vrouwen;96 jaar;2040;0;0;0
4674;Mannen en Vrouwen;96 jaar;2041;0;0;0
4675;Mannen en Vrouwen;96 jaar;2042;0;0;0
4676;Mannen en Vrouwen;96 jaar;2043;0;0;0
4677;Mannen en Vrouwen;96 jaar;2044;0;0;0
4678;Mannen en Vrouwen;96 jaar;2045;0;0;0
4679;Mannen en Vrouwen;96 jaar;2046;0;0;0
4680;Mannen en Vrouwen;96 jaar;2047;0;0;0
4681;Mannen en Vrouwen;96 jaar;2048;0;0;0
4682;Mannen en Vrouwen;96 jaar;2049;0;0;0
4683;Mannen en Vrouwen;96 jaar;2050;0;0;0
4684;Mannen en Vrouwen;96 jaar;2051;0;0;0
4685;Mannen en Vrouwen;96 jaar;2052;0;0;0
4686;Mannen en Vrouwen;96 jaar;2053;0;0;0
4687;Mannen en Vrouwen;96 jaar;2054;0;0;0
4688;Mannen en Vrouwen;96 jaar;2055;0;0;0
4689;Mannen en Vrouwen;96 jaar;2056;0;0;0
4690;Mannen en Vrouwen;96 jaar;2057;0;0;0
4691;Mannen en Vrouwen;96 jaar;2058;0;0;0
4692;Mannen en Vrouwen;96 jaar;2059;0;0;0
4693;Mannen en Vrouwen;96 jaar;2060;0;0;0
4694;Mannen en Vrouwen;96 jaar;2061;0;0;0
4695;Mannen en Vrouwen;96 jaar;2062;0;0;0
4696;Mannen en Vrouwen;96 jaar;2063;0;0;0
4697;Mannen en Vrouwen;96 jaar;2064;0;0;0
4698;Mannen en Vrouwen;96 jaar;2065;0;0;0
4699;Mannen en Vrouwen;96 jaar;2066;0;0;0
4700;Mannen en Vrouwen;96 jaar;2067;0;0;0
4701;Mannen en Vrouwen;96 jaar;2068;0;0;0
4702;Mannen en Vrouwen;96 jaar;2069;0;0;0
4703;Mannen en Vrouwen;96 jaar;2070;0;0;0
4704;Mannen en Vrouwen;97 jaar;2023;0;0;0
4705;Mannen en Vrouwen;97 jaar;2024;0;0;0
4706;Mannen en Vrouwen;97 jaar;2025;0;0;0
4707;Mannen en Vrouwen;97 jaar;2026;0;0;0
4708;Mannen en Vrouwen;97 jaar;2027;0;0;0
4709;Mannen en Vrouwen;97 jaar;2028;0;0;0
4710;Mannen en Vrouwen;97 jaar;2029;0;0;0
4711;Mannen en Vrouwen;97 jaar;2030;0;0;0
4712;Mannen en Vrouwen;97 jaar;2031;0;0;0
4713;Mannen en Vrouwen;97 jaar;2032;0;0;0
4714;Mannen en Vrouwen;97 jaar;2033;0;0;0
4715;Mannen en Vrouwen;97 jaar;2034;0;0;0
4716;Mannen en Vrouwen;97 jaar;2035;0;0;0
4717;Mannen en Vrouwen;97 jaar;2036;0;0;0
4718;Mannen en Vrouwen;97 jaar;2037;0;0;0
4719;Mannen en Vrouwen;97 jaar;2038;0;0;0
4720;Mannen en Vrouwen;97 jaar;2039;0;0;0
4721;Mannen en Vrouwen;97 jaar;2040;0;0;0
4722;Mannen en Vrouwen;97 jaar;2041;0;0;0
4723;Mannen en Vrouwen;97 jaar;2042;0;0;0
4724;Mannen en Vrouwen;97 jaar;2043;0;0;0
4725;Mannen en Vrouwen;97 jaar;2044;0;0;0
4726;Mannen en Vrouwen;97 jaar;2045;0;0;0
4727;Mannen en Vrouwen;97 jaar;2046;0;0;0
4728;Mannen en Vrouwen;97 jaar;2047;0;0;0
4729;Mannen en Vrouwen;97 jaar;2048;0;0;0
4730;Mannen en Vrouwen;97 jaar;2049;0;0;0
4731;Mannen en Vrouwen;97 jaar;2050;0;0;0
4732;Mannen en Vrouwen;97 jaar;2051;0;0;0
4733;Mannen en Vrouwen;97 jaar;2052;0;0;0
4734;Mannen en Vrouwen;97 jaar;2053;0;0;0
4735;Mannen en Vrouwen;97 jaar;2054;0;0;0
4736;Mannen en Vrouwen;97 jaar;2055;0;0;0
4737;Mannen en Vrouwen;97 jaar;2056;0;0;0
4738;Mannen en Vrouwen;97 jaar;2057;0;0;0
4739;Mannen en Vrouwen;97 jaar;2058;0;0;0
4740;Mannen en Vrouwen;97 jaar;2059;0;0;0
4741;Mannen en Vrouwen;97 jaar;2060;0;0;0
4742;Mannen en Vrouwen;97 jaar;2061;0;0;0
4743;Mannen en Vrouwen;97 jaar;2062;0;0;0
4744;Mannen en Vrouwen;97 jaar;2063;0;0;0
4745;Mannen en Vrouwen;97 jaar;2064;0;0;0
4746;Mannen en Vrouwen;97 jaar;2065;0;0;0
4747;Mannen en Vrouwen;97 jaar;2066;0;0;0
4748;Mannen en Vrouwen;97 jaar;2067;0;0;0
4749;Mannen en Vrouwen;97 jaar;2068;0;0;0
4750;Mannen en Vrouwen;97 jaar;2069;0;0;0
4751;Mannen en Vrouwen;97 jaar;2070;0;0;0
4752;Mannen en Vrouwen;98 jaar;2023;0;0;0
4753;Mannen en Vrouwen;98 jaar;2024;0;0;0
4754;Mannen en Vrouwen;98 jaar;2025;0;0;0
4755;Mannen en Vrouwen;98 jaar;2026;0;0;0
4756;Mannen en Vrouwen;98 jaar;2027;0;0;0
4757;Mannen en Vrouwen;98 jaar;2028;0;0;0
4758;Mannen en Vrouwen;98 jaar;2029;0;0;0
4759;Mannen en Vrouwen;98 jaar;2030;0;0;0
4760;Mannen en Vrouwen;98 jaar;2031;0;0;0
4761;Mannen en Vrouwen;98 jaar;2032;0;0;0
4762;Mannen en Vrouwen;98 jaar;2033;0;0;0
4763;Mannen en Vrouwen;98 jaar;2034;0;0;0
4764;Mannen en Vrouwen;98 jaar;2035;0;0;0
4765;Mannen en Vrouwen;98 jaar;2036;0;0;0
4766;Mannen en Vrouwen;98 jaar;2037;0;0;0
4767;Mannen en Vrouwen;98 jaar;2038;0;0;0
4768;Mannen en Vrouwen;98 jaar;2039;0;0;0
4769;Mannen en Vrouwen;98 jaar;2040;0;0;0
4770;Mannen en Vrouwen;98 jaar;2041;0;0;0
4771;Mannen en Vrouwen;98 jaar;2042;0;0;0
4772;Mannen en Vrouwen;98 jaar;2043;0;0;0
4773;Mannen en Vrouwen;98 jaar;2044;0;0;0
4774;Mannen en Vrouwen;98 jaar;2045;0;0;0
4775;Mannen en Vrouwen;98 jaar;2046;0;0;0
4776;Mannen en Vrouwen;98 jaar;2047;0;0;0
4777;Mannen en Vrouwen;98 jaar;2048;0;0;0
4778;Mannen en Vrouwen;98 jaar;2049;0;0;0
4779;Mannen en Vrouwen;98 jaar;2050;0;0;0
4780;Mannen en Vrouwen;98 jaar;2051;0;0;0
4781;Mannen en Vrouwen;98 jaar;2052;0;0;0
4782;Mannen en Vrouwen;98 jaar;2053;0;0;0
4783;Mannen en Vrouwen;98 jaar;2054;0;0;0
4784;Mannen en Vrouwen;98 jaar;2055;0;0;0
4785;Mannen en Vrouwen;98 jaar;2056;0;0;0
4786;Mannen en Vrouwen;98 jaar;2057;0;0;0
4787;Mannen en Vrouwen;98 jaar;2058;0;0;0
4788;Mannen en Vrouwen;98 jaar;2059;0;0;0
4789;Mannen en Vrouwen;98 jaar;2060;0;0;0
4790;Mannen en Vrouwen;98 jaar;2061;0;0;0
4791;Mannen en Vrouwen;98 jaar;2062;0;0;0
4792;Mannen en Vrouwen;98 jaar;2063;0;0;0
4793;Mannen en Vrouwen;98 jaar;2064;0;0;0
4794;Mannen en Vrouwen;98 jaar;2065;0;0;0
4795;Mannen en Vrouwen;98 jaar;2066;0;0;0
4796;Mannen en Vrouwen;98 jaar;2067;0;0;0
4797;Mannen en Vrouwen;98 jaar;2068;0;0;0
4798;Mannen en Vrouwen;98 jaar;2069;0;0;0
4799;Mannen en Vrouwen;98 jaar;2070;0;0;0
4800;Mannen en Vrouwen;99 jaar of ouder;2023;0;0;0
4801;Mannen en Vrouwen;99 jaar of ouder;2024;0;0;0
4802;Mannen en Vrouwen;99 jaar of ouder;2025;0;0;0
4803;Mannen en Vrouwen;99 jaar of ouder;2026;0;0;0
4804;Mannen en Vrouwen;99 jaar of ouder;2027;0;0;0
4805;Mannen en Vrouwen;99 jaar of ouder;2028;0;0;0
4806;Mannen en Vrouwen;99 jaar of ouder;2029;0;0;0
4807;Mannen en Vrouwen;99 jaar of ouder;2030;0;0;0
4808;Mannen en Vrouwen;99 jaar of ouder;2031;0;0;0
4809;Mannen en Vrouwen;99 jaar of ouder;2032;0;0;0
4810;Mannen en Vrouwen;99 jaar of ouder;2033;0;0;0
4811;Mannen en Vrouwen;99 jaar of ouder;2034;0;0;0
4812;Mannen en Vrouwen;99 jaar of ouder;2035;0;0;0
4813;Mannen en Vrouwen;99 jaar of ouder;2036;0;0;0
4814;Mannen en Vrouwen;99 jaar of ouder;2037;0;0;0
4815;Mannen en Vrouwen;99 jaar of ouder;2038;0;0;0
4816;Mannen en Vrouwen;99 jaar of ouder;2039;0;0;0
4817;Mannen en Vrouwen;99 jaar of ouder;2040;0;0;0
4818;Mannen en Vrouwen;99 jaar of ouder;2041;0;0;0
4819;Mannen en Vrouwen;99 jaar of ouder;2042;0;0;0
4820;Mannen en Vrouwen;99 jaar of ouder;2043;0;0;0
4821;Mannen en Vrouwen;99 jaar of ouder;2044;0;0;0
4822;Mannen en Vrouwen;99 jaar of ouder;2045;0;0;0
4823;Mannen en Vrouwen;99 jaar of ouder;2046;0;0;0
4824;Mannen en Vrouwen;99 jaar of ouder;2047;0;0;0
4825;Mannen en Vrouwen;99 jaar of ouder;2048;0;0;0
4826;Mannen en Vrouwen;99 jaar of ouder;2049;0;0;0
4827;Mannen en Vrouwen;99 jaar of ouder;2050;0;0;0
4828;Mannen en Vrouwen;99 jaar of ouder;2051;0;0;0
4829;Mannen en Vrouwen;99 jaar of ouder;2052;0;0;0
4830;Mannen en Vrouwen;99 jaar of ouder;2053;0;0;0
4831;Mannen en Vrouwen;99 jaar of ouder;2054;0;0;0
4832;Mannen en Vrouwen;99 jaar of ouder;2055;0;0;0
4833;Mannen en Vrouwen;99 jaar of ouder;2056;0;0;0
4834;Mannen en Vrouwen;99 jaar of ouder;2057;0;0;0
4835;Mannen en Vrouwen;99 jaar of ouder;2058;0;0;0
4836;Mannen en Vrouwen;99 jaar of ouder;2059;0;0;0
4837;Mannen en Vrouwen;99 jaar of ouder;2060;0;0;0
4838;Mannen en Vrouwen;99 jaar of ouder;2061;0;0;0
4839;Mannen en Vrouwen;99 jaar of ouder;2062;0;0;0
4840;Mannen en Vrouwen;99 jaar of ouder;2063;0;0;0
4841;Mannen en Vrouwen;99 jaar of ouder;2064;0;0;0
4842;Mannen en Vrouwen;99 jaar of ouder;2065;0;0;0
4843;Mannen en Vrouwen;99 jaar of ouder;2066;0;0;0
4844;Mannen en Vrouwen;99 jaar of ouder;2067;0;0;0
4845;Mannen en Vrouwen;99 jaar of ouder;2068;0;0;0
4846;Mannen en Vrouwen;99 jaar of ouder;2069;0;0;0
4847;Mannen en Vrouwen;99 jaar of ouder;2070;0;0;0
4848;Mannen en Vrouwen;0 tot 5 jaar;2023;14116;7484;6632
4849;Mannen en Vrouwen;0 tot 5 jaar;2024;13524;7472;6052
4850;Mannen en Vrouwen;0 tot 5 jaar;2025;13246;7620;5626
4851;Mannen en Vrouwen;0 tot 5 jaar;2026;12940;7820;5120
4852;Mannen en Vrouwen;0 tot 5 jaar;2027;12919;8275;4644
4853;Mannen en Vrouwen;0 tot 5 jaar;2028;13000;8873;4127
4854;Mannen en Vrouwen;0 tot 5 jaar;2029;13137;9058;4079
4855;Mannen en Vrouwen;0 tot 5 jaar;2030;13262;9283;3979
4856;Mannen en Vrouwen;0 tot 5 jaar;2031;13377;9510;3867
4857;Mannen en Vrouwen;0 tot 5 jaar;2032;13482;9726;3756
4858;Mannen en Vrouwen;0 tot 5 jaar;2033;13549;9912;3637
4859;Mannen en Vrouwen;0 tot 5 jaar;2034;13597;10099;3498
4860;Mannen en Vrouwen;0 tot 5 jaar;2035;13644;10270;3374
4861;Mannen en Vrouwen;0 tot 5 jaar;2036;13678;10431;3247
4862;Mannen en Vrouwen;0 tot 5 jaar;2037;13701;10575;3126
4863;Mannen en Vrouwen;0 tot 5 jaar;2038;13723;10687;3036
4864;Mannen en Vrouwen;0 tot 5 jaar;2039;13744;10762;2982
4865;Mannen en Vrouwen;0 tot 5 jaar;2040;13759;10806;2953
4866;Mannen en Vrouwen;0 tot 5 jaar;2041;13767;10820;2947
4867;Mannen en Vrouwen;0 tot 5 jaar;2042;13774;10815;2959
4868;Mannen en Vrouwen;0 tot 5 jaar;2043;13783;10806;2977
4869;Mannen en Vrouwen;0 tot 5 jaar;2044;13787;10790;2997
4870;Mannen en Vrouwen;0 tot 5 jaar;2045;13788;10781;3007
4871;Mannen en Vrouwen;0 tot 5 jaar;2046;13785;10762;3023
4872;Mannen en Vrouwen;0 tot 5 jaar;2047;13785;10748;3037
4873;Mannen en Vrouwen;0 tot 5 jaar;2048;13779;10732;3047
4874;Mannen en Vrouwen;0 tot 5 jaar;2049;13769;10715;3054
4875;Mannen en Vrouwen;0 tot 5 jaar;2050;13765;10704;3061
4876;Mannen en Vrouwen;0 tot 5 jaar;2051;13757;10693;3064
4877;Mannen en Vrouwen;0 tot 5 jaar;2052;13750;10681;3069
4878;Mannen en Vrouwen;0 tot 5 jaar;2053;13739;10673;3066
4879;Mannen en Vrouwen;0 tot 5 jaar;2054;13736;10664;3072
4880;Mannen en Vrouwen;0 tot 5 jaar;2055;13733;10655;3078
4881;Mannen en Vrouwen;0 tot 5 jaar;2056;13733;10657;3076
4882;Mannen en Vrouwen;0 tot 5 jaar;2057;13728;10656;3072
4883;Mannen en Vrouwen;0 tot 5 jaar;2058;13725;10662;3063
4884;Mannen en Vrouwen;0 tot 5 jaar;2059;13728;10674;3054
4885;Mannen en Vrouwen;0 tot 5 jaar;2060;13730;10685;3045
4886;Mannen en Vrouwen;0 tot 5 jaar;2061;13733;10706;3027
4887;Mannen en Vrouwen;0 tot 5 jaar;2062;13733;10727;3006
4888;Mannen en Vrouwen;0 tot 5 jaar;2063;13739;10752;2987
4889;Mannen en Vrouwen;0 tot 5 jaar;2064;13746;10784;2962
4890;Mannen en Vrouwen;0 tot 5 jaar;2065;13748;10816;2932
4891;Mannen en Vrouwen;0 tot 5 jaar;2066;13755;10852;2903
4892;Mannen en Vrouwen;0 tot 5 jaar;2067;13757;10886;2871
4893;Mannen en Vrouwen;0 tot 5 jaar;2068;13762;10915;2847
4894;Mannen en Vrouwen;0 tot 5 jaar;2069;13762;10946;2816
4895;Mannen en Vrouwen;0 tot 5 jaar;2070;13769;11002;2767
4896;Mannen en Vrouwen;5 tot 10 jaar;2023;14297;8397;5900
4897;Mannen en Vrouwen;5 tot 10 jaar;2024;13432;8293;5139
4898;Mannen en Vrouwen;5 tot 10 jaar;2025;12933;8366;4567
4899;Mannen en Vrouwen;5 tot 10 jaar;2026;12463;8609;3854
4900;Mannen en Vrouwen;5 tot 10 jaar;2027;12376;8901;3475
4901;Mannen en Vrouwen;5 tot 10 jaar;2028;12453;9239;3214
4902;Mannen en Vrouwen;5 tot 10 jaar;2029;12573;9161;3412
4903;Mannen en Vrouwen;5 tot 10 jaar;2030;12657;9126;3531
4904;Mannen en Vrouwen;5 tot 10 jaar;2031;12748;9084;3664
4905;Mannen en Vrouwen;5 tot 10 jaar;2032;12838;9130;3708
4906;Mannen en Vrouwen;5 tot 10 jaar;2033;12898;9199;3699
4907;Mannen en Vrouwen;5 tot 10 jaar;2034;12939;9296;3643
4908;Mannen en Vrouwen;5 tot 10 jaar;2035;12992;9418;3574
4909;Mannen en Vrouwen;5 tot 10 jaar;2036;13038;9554;3484
4910;Mannen en Vrouwen;5 tot 10 jaar;2037;13084;9695;3389
4911;Mannen en Vrouwen;5 tot 10 jaar;2038;13132;9834;3298
4912;Mannen en Vrouwen;5 tot 10 jaar;2039;13181;9958;3223
4913;Mannen en Vrouwen;5 tot 10 jaar;2040;13239;10070;3169
4914;Mannen en Vrouwen;5 tot 10 jaar;2041;13275;10164;3111
4915;Mannen en Vrouwen;5 tot 10 jaar;2042;13314;10234;3080
4916;Mannen en Vrouwen;5 tot 10 jaar;2043;13342;10290;3052
4917;Mannen en Vrouwen;5 tot 10 jaar;2044;13373;10318;3055
4918;Mannen en Vrouwen;5 tot 10 jaar;2045;13380;10329;3051
4919;Mannen en Vrouwen;5 tot 10 jaar;2046;13390;10325;3065
4920;Mannen en Vrouwen;5 tot 10 jaar;2047;13395;10318;3077
4921;Mannen en Vrouwen;5 tot 10 jaar;2048;13394;10296;3098
4922;Mannen en Vrouwen;5 tot 10 jaar;2049;13389;10283;3106
4923;Mannen en Vrouwen;5 tot 10 jaar;2050;13386;10264;3122
4924;Mannen en Vrouwen;5 tot 10 jaar;2051;13373;10246;3127
4925;Mannen en Vrouwen;5 tot 10 jaar;2052;13366;10226;3140
4926;Mannen en Vrouwen;5 tot 10 jaar;2053;13353;10207;3146
4927;Mannen en Vrouwen;5 tot 10 jaar;2054;13348;10185;3163
4928;Mannen en Vrouwen;5 tot 10 jaar;2055;13339;10170;3169
4929;Mannen en Vrouwen;5 tot 10 jaar;2056;13334;10154;3180
4930;Mannen en Vrouwen;5 tot 10 jaar;2057;13327;10139;3188
4931;Mannen en Vrouwen;5 tot 10 jaar;2058;13318;10130;3188
4932;Mannen en Vrouwen;5 tot 10 jaar;2059;13314;10120;3194
4933;Mannen en Vrouwen;5 tot 10 jaar;2060;13308;10117;3191
4934;Mannen en Vrouwen;5 tot 10 jaar;2061;13305;10114;3191
4935;Mannen en Vrouwen;5 tot 10 jaar;2062;13310;10115;3195
4936;Mannen en Vrouwen;5 tot 10 jaar;2063;13312;10120;3192
4937;Mannen en Vrouwen;5 tot 10 jaar;2064;13313;10127;3186
4938;Mannen en Vrouwen;5 tot 10 jaar;2065;13316;10139;3177
4939;Mannen en Vrouwen;5 tot 10 jaar;2066;13326;10154;3172
4940;Mannen en Vrouwen;5 tot 10 jaar;2067;13333;10176;3157
4941;Mannen en Vrouwen;5 tot 10 jaar;2068;13344;10198;3146
4942;Mannen en Vrouwen;5 tot 10 jaar;2069;13354;10226;3128
4943;Mannen en Vrouwen;5 tot 10 jaar;2070;13360;10279;3081
4944;Mannen en Vrouwen;10 tot 15 jaar;2023;12189;6067;6122
4945;Mannen en Vrouwen;10 tot 15 jaar;2024;11277;5828;5449
4946;Mannen en Vrouwen;10 tot 15 jaar;2025;10725;5744;4981
4947;Mannen en Vrouwen;10 tot 15 jaar;2026;10226;5771;4455
4948;Mannen en Vrouwen;10 tot 15 jaar;2027;10158;5972;4186
4949;Mannen en Vrouwen;10 tot 15 jaar;2028;10219;6255;3964
4950;Mannen en Vrouwen;10 tot 15 jaar;2029;10326;6229;4097
4951;Mannen en Vrouwen;10 tot 15 jaar;2030;10412;6196;4216
4952;Mannen en Vrouwen;10 tot 15 jaar;2031;10528;6198;4330
4953;Mannen en Vrouwen;10 tot 15 jaar;2032;10589;6137;4452
4954;Mannen en Vrouwen;10 tot 15 jaar;2033;10594;6064;4530
4955;Mannen en Vrouwen;10 tot 15 jaar;2034;10591;6004;4587
4956;Mannen en Vrouwen;10 tot 15 jaar;2035;10603;5963;4640
4957;Mannen en Vrouwen;10 tot 15 jaar;2036;10590;5927;4663
4958;Mannen en Vrouwen;10 tot 15 jaar;2037;10599;5942;4657
4959;Mannen en Vrouwen;10 tot 15 jaar;2038;10616;5979;4637
4960;Mannen en Vrouwen;10 tot 15 jaar;2039;10650;6029;4621
4961;Mannen en Vrouwen;10 tot 15 jaar;2040;10682;6087;4595
4962;Mannen en Vrouwen;10 tot 15 jaar;2041;10727;6149;4578
4963;Mannen en Vrouwen;10 tot 15 jaar;2042;10775;6211;4564
4964;Mannen en Vrouwen;10 tot 15 jaar;2043;10827;6273;4554
4965;Mannen en Vrouwen;10 tot 15 jaar;2044;10875;6329;4546
4966;Mannen en Vrouwen;10 tot 15 jaar;2045;10910;6381;4529
4967;Mannen en Vrouwen;10 tot 15 jaar;2046;10938;6421;4517
4968;Mannen en Vrouwen;10 tot 15 jaar;2047;10963;6453;4510
4969;Mannen en Vrouwen;10 tot 15 jaar;2048;10980;6477;4503
4970;Mannen en Vrouwen;10 tot 15 jaar;2049;10985;6486;4499
4971;Mannen en Vrouwen;10 tot 15 jaar;2050;10991;6490;4501
4972;Mannen en Vrouwen;10 tot 15 jaar;2051;11000;6487;4513
4973;Mannen en Vrouwen;10 tot 15 jaar;2052;10998;6483;4515
4974;Mannen en Vrouwen;10 tot 15 jaar;2053;10994;6470;4524
4975;Mannen en Vrouwen;10 tot 15 jaar;2054;10994;6456;4538
4976;Mannen en Vrouwen;10 tot 15 jaar;2055;10986;6441;4545
4977;Mannen en Vrouwen;10 tot 15 jaar;2056;10981;6432;4549
4978;Mannen en Vrouwen;10 tot 15 jaar;2057;10977;6419;4558
4979;Mannen en Vrouwen;10 tot 15 jaar;2058;10973;6411;4562
4980;Mannen en Vrouwen;10 tot 15 jaar;2059;10974;6401;4573
4981;Mannen en Vrouwen;10 tot 15 jaar;2060;10972;6391;4581
4982;Mannen en Vrouwen;10 tot 15 jaar;2061;10971;6382;4589
4983;Mannen en Vrouwen;10 tot 15 jaar;2062;10967;6379;4588
4984;Mannen en Vrouwen;10 tot 15 jaar;2063;10967;6372;4595
4985;Mannen en Vrouwen;10 tot 15 jaar;2064;10969;6367;4602
4986;Mannen en Vrouwen;10 tot 15 jaar;2065;10964;6362;4602
4987;Mannen en Vrouwen;10 tot 15 jaar;2066;10967;6360;4607
4988;Mannen en Vrouwen;10 tot 15 jaar;2067;10961;6361;4600
4989;Mannen en Vrouwen;10 tot 15 jaar;2068;10957;6361;4596
4990;Mannen en Vrouwen;10 tot 15 jaar;2069;10959;6366;4593
4991;Mannen en Vrouwen;10 tot 15 jaar;2070;10965;6378;4587
4992;Mannen en Vrouwen;15 tot 20 jaar;2023;29432;7333;22099
4993;Mannen en Vrouwen;15 tot 20 jaar;2024;28118;7238;20880
4994;Mannen en Vrouwen;15 tot 20 jaar;2025;27426;7248;20178
4995;Mannen en Vrouwen;15 tot 20 jaar;2026;26733;7338;19395
4996;Mannen en Vrouwen;15 tot 20 jaar;2027;26738;7654;19084
4997;Mannen en Vrouwen;15 tot 20 jaar;2028;26726;8002;18724
4998;Mannen en Vrouwen;15 tot 20 jaar;2029;26833;8022;18811
4999;Mannen en Vrouwen;15 tot 20 jaar;2030;26869;8043;18826
5000;Mannen en Vrouwen;15 tot 20 jaar;2031;26923;8076;18847
5001;Mannen en Vrouwen;15 tot 20 jaar;2032;26950;8065;18885
5002;Mannen en Vrouwen;15 tot 20 jaar;2033;26922;8078;18844
5003;Mannen en Vrouwen;15 tot 20 jaar;2034;26867;8050;18817
5004;Mannen en Vrouwen;15 tot 20 jaar;2035;26900;8013;18887
5005;Mannen en Vrouwen;15 tot 20 jaar;2036;26907;8012;18895
5006;Mannen en Vrouwen;15 tot 20 jaar;2037;26906;7977;18929
5007;Mannen en Vrouwen;15 tot 20 jaar;2038;26895;7933;18962
5008;Mannen en Vrouwen;15 tot 20 jaar;2039;26888;7911;18977
5009;Mannen en Vrouwen;15 tot 20 jaar;2040;26893;7893;19000
5010;Mannen en Vrouwen;15 tot 20 jaar;2041;26859;7826;19033
5011;Mannen en Vrouwen;15 tot 20 jaar;2042;26872;7813;19059
5012;Mannen en Vrouwen;15 tot 20 jaar;2043;26903;7825;19078
5013;Mannen en Vrouwen;15 tot 20 jaar;2044;26954;7850;19104
5014;Mannen en Vrouwen;15 tot 20 jaar;2045;26990;7885;19105
5015;Mannen en Vrouwen;15 tot 20 jaar;2046;27037;7921;19116
5016;Mannen en Vrouwen;15 tot 20 jaar;2047;27090;7960;19130
5017;Mannen en Vrouwen;15 tot 20 jaar;2048;27143;7998;19145
5018;Mannen en Vrouwen;15 tot 20 jaar;2049;27205;8036;19169
5019;Mannen en Vrouwen;15 tot 20 jaar;2050;27244;8063;19181
5020;Mannen en Vrouwen;15 tot 20 jaar;2051;27289;8094;19195
5021;Mannen en Vrouwen;15 tot 20 jaar;2052;27310;8111;19199
5022;Mannen en Vrouwen;15 tot 20 jaar;2053;27337;8123;19214
5023;Mannen en Vrouwen;15 tot 20 jaar;2054;27362;8127;19235
5024;Mannen en Vrouwen;15 tot 20 jaar;2055;27368;8125;19243
5025;Mannen en Vrouwen;15 tot 20 jaar;2056;27375;8117;19258
5026;Mannen en Vrouwen;15 tot 20 jaar;2057;27379;8108;19271
5027;Mannen en Vrouwen;15 tot 20 jaar;2058;27387;8096;19291
5028;Mannen en Vrouwen;15 tot 20 jaar;2059;27388;8084;19304
5029;Mannen en Vrouwen;15 tot 20 jaar;2060;27386;8070;19316
5030;Mannen en Vrouwen;15 tot 20 jaar;2061;27384;8057;19327
5031;Mannen en Vrouwen;15 tot 20 jaar;2062;27385;8042;19343
5032;Mannen en Vrouwen;15 tot 20 jaar;2063;27385;8032;19353
5033;Mannen en Vrouwen;15 tot 20 jaar;2064;27387;8018;19369
5034;Mannen en Vrouwen;15 tot 20 jaar;2065;27382;8006;19376
5035;Mannen en Vrouwen;15 tot 20 jaar;2066;27388;7994;19394
5036;Mannen en Vrouwen;15 tot 20 jaar;2067;27391;7987;19404
5037;Mannen en Vrouwen;15 tot 20 jaar;2068;27387;7979;19408
5038;Mannen en Vrouwen;15 tot 20 jaar;2069;27384;7972;19412
5039;Mannen en Vrouwen;15 tot 20 jaar;2070;27391;7962;19429
5040;Mannen en Vrouwen;20 tot 25 jaar;2023;66022;38819;27203
5041;Mannen en Vrouwen;20 tot 25 jaar;2024;64724;41835;22889
5042;Mannen en Vrouwen;20 tot 25 jaar;2025;64086;43934;20152
5043;Mannen en Vrouwen;20 tot 25 jaar;2026;63275;45536;17739
5044;Mannen en Vrouwen;20 tot 25 jaar;2027;63526;46971;16555
5045;Mannen en Vrouwen;20 tot 25 jaar;2028;63516;48266;15250
5046;Mannen en Vrouwen;20 tot 25 jaar;2029;63719;48189;15530
5047;Mannen en Vrouwen;20 tot 25 jaar;2030;63820;48158;15662
5048;Mannen en Vrouwen;20 tot 25 jaar;2031;63927;48058;15869
5049;Mannen en Vrouwen;20 tot 25 jaar;2032;63920;47935;15985
5050;Mannen en Vrouwen;20 tot 25 jaar;2033;63726;47666;16060
5051;Mannen en Vrouwen;20 tot 25 jaar;2034;63517;47539;15978
5052;Mannen en Vrouwen;20 tot 25 jaar;2035;63503;47407;16096
5053;Mannen en Vrouwen;20 tot 25 jaar;2036;63499;47334;16165
5054;Mannen en Vrouwen;20 tot 25 jaar;2037;63490;47254;16236
5055;Mannen en Vrouwen;20 tot 25 jaar;2038;63509;47199;16310
5056;Mannen en Vrouwen;20 tot 25 jaar;2039;63517;47071;16446
5057;Mannen en Vrouwen;20 tot 25 jaar;2040;63523;46954;16569
5058;Mannen en Vrouwen;20 tot 25 jaar;2041;63537;46878;16659
5059;Mannen en Vrouwen;20 tot 25 jaar;2042;63548;46759;16789
5060;Mannen en Vrouwen;20 tot 25 jaar;2043;63526;46625;16901
5061;Mannen en Vrouwen;20 tot 25 jaar;2044;63516;46480;17036
5062;Mannen en Vrouwen;20 tot 25 jaar;2045;63508;46344;17164
5063;Mannen en Vrouwen;20 tot 25 jaar;2046;63472;46136;17336
5064;Mannen en Vrouwen;20 tot 25 jaar;2047;63492;46036;17456
5065;Mannen en Vrouwen;20 tot 25 jaar;2048;63527;45981;17546
5066;Mannen en Vrouwen;20 tot 25 jaar;2049;63569;45953;17616
5067;Mannen en Vrouwen;20 tot 25 jaar;2050;63620;45940;17680
5068;Mannen en Vrouwen;20 tot 25 jaar;2051;63683;45963;17720
5069;Mannen en Vrouwen;20 tot 25 jaar;2052;63741;45980;17761
5070;Mannen en Vrouwen;20 tot 25 jaar;2053;63811;45993;17818
5071;Mannen en Vrouwen;20 tot 25 jaar;2054;63873;45997;17876
5072;Mannen en Vrouwen;20 tot 25 jaar;2055;63927;45993;17934
5073;Mannen en Vrouwen;20 tot 25 jaar;2056;63978;45988;17990
5074;Mannen en Vrouwen;20 tot 25 jaar;2057;64022;45964;18058
5075;Mannen en Vrouwen;20 tot 25 jaar;2058;64055;45933;18122
5076;Mannen en Vrouwen;20 tot 25 jaar;2059;64075;45886;18189
5077;Mannen en Vrouwen;20 tot 25 jaar;2060;64091;45827;18264
5078;Mannen en Vrouwen;20 tot 25 jaar;2061;64107;45756;18351
5079;Mannen en Vrouwen;20 tot 25 jaar;2062;64119;45676;18443
5080;Mannen en Vrouwen;20 tot 25 jaar;2063;64118;45596;18522
5081;Mannen en Vrouwen;20 tot 25 jaar;2064;64118;45510;18608
5082;Mannen en Vrouwen;20 tot 25 jaar;2065;64112;45427;18685
5083;Mannen en Vrouwen;20 tot 25 jaar;2066;64109;45348;18761
5084;Mannen en Vrouwen;20 tot 25 jaar;2067;64109;45272;18837
5085;Mannen en Vrouwen;20 tot 25 jaar;2068;64105;45195;18910
5086;Mannen en Vrouwen;20 tot 25 jaar;2069;64094;45120;18974
5087;Mannen en Vrouwen;20 tot 25 jaar;2070;64093;45037;19056
5088;Mannen en Vrouwen;25 tot 30 jaar;2023;60188;35050;25138
5089;Mannen en Vrouwen;25 tot 30 jaar;2024;58997;37365;21632
5090;Mannen en Vrouwen;25 tot 30 jaar;2025;58367;39637;18730
5091;Mannen en Vrouwen;25 tot 30 jaar;2026;57570;41656;15914
5092;Mannen en Vrouwen;25 tot 30 jaar;2027;57804;43895;13909
5093;Mannen en Vrouwen;25 tot 30 jaar;2028;57918;45969;11949
5094;Mannen en Vrouwen;25 tot 30 jaar;2029;58220;46064;12156
5095;Mannen en Vrouwen;25 tot 30 jaar;2030;58358;45852;12506
5096;Mannen en Vrouwen;25 tot 30 jaar;2031;58468;45596;12872
5097;Mannen en Vrouwen;25 tot 30 jaar;2032;58493;45242;13251
5098;Mannen en Vrouwen;25 tot 30 jaar;2033;58318;44881;13437
5099;Mannen en Vrouwen;25 tot 30 jaar;2034;58153;44717;13436
5100;Mannen en Vrouwen;25 tot 30 jaar;2035;58170;44640;13530
5101;Mannen en Vrouwen;25 tot 30 jaar;2036;58168;44573;13595
5102;Mannen en Vrouwen;25 tot 30 jaar;2037;58148;44544;13604
5103;Mannen en Vrouwen;25 tot 30 jaar;2038;58104;44436;13668
5104;Mannen en Vrouwen;25 tot 30 jaar;2039;58073;44365;13708
5105;Mannen en Vrouwen;25 tot 30 jaar;2040;58024;44269;13755
5106;Mannen en Vrouwen;25 tot 30 jaar;2041;58017;44185;13832
5107;Mannen en Vrouwen;25 tot 30 jaar;2042;58009;44094;13915
5108;Mannen en Vrouwen;25 tot 30 jaar;2043;58019;44039;13980
5109;Mannen en Vrouwen;25 tot 30 jaar;2044;58012;43958;14054
5110;Mannen en Vrouwen;25 tot 30 jaar;2045;58020;43890;14130
5111;Mannen en Vrouwen;25 tot 30 jaar;2046;58045;43893;14152
5112;Mannen en Vrouwen;25 tot 30 jaar;2047;58022;43799;14223
5113;Mannen en Vrouwen;25 tot 30 jaar;2048;57997;43680;14317
5114;Mannen en Vrouwen;25 tot 30 jaar;2049;57968;43562;14406
5115;Mannen en Vrouwen;25 tot 30 jaar;2050;57944;43466;14478
5116;Mannen en Vrouwen;25 tot 30 jaar;2051;57891;43347;14544
5117;Mannen en Vrouwen;25 tot 30 jaar;2052;57890;43321;14569
5118;Mannen en Vrouwen;25 tot 30 jaar;2053;57916;43329;14587
5119;Mannen en Vrouwen;25 tot 30 jaar;2054;57948;43365;14583
5120;Mannen en Vrouwen;25 tot 30 jaar;2055;58004;43435;14569
5121;Mannen en Vrouwen;25 tot 30 jaar;2056;58064;43522;14542
5122;Mannen en Vrouwen;25 tot 30 jaar;2057;58137;43612;14525
5123;Mannen en Vrouwen;25 tot 30 jaar;2058;58217;43703;14514
5124;Mannen en Vrouwen;25 tot 30 jaar;2059;58281;43785;14496
5125;Mannen en Vrouwen;25 tot 30 jaar;2060;58348;43850;14498
5126;Mannen en Vrouwen;25 tot 30 jaar;2061;58412;43901;14511
5127;Mannen en Vrouwen;25 tot 30 jaar;2062;58453;43936;14517
5128;Mannen en Vrouwen;25 tot 30 jaar;2063;58488;43948;14540
5129;Mannen en Vrouwen;25 tot 30 jaar;2064;58513;43942;14571
5130;Mannen en Vrouwen;25 tot 30 jaar;2065;58531;43917;14614
5131;Mannen en Vrouwen;25 tot 30 jaar;2066;58543;43883;14660
5132;Mannen en Vrouwen;25 tot 30 jaar;2067;58550;43840;14710
5133;Mannen en Vrouwen;25 tot 30 jaar;2068;58549;43789;14760
5134;Mannen en Vrouwen;25 tot 30 jaar;2069;58547;43737;14810
5135;Mannen en Vrouwen;25 tot 30 jaar;2070;58532;43672;14860
5136;Mannen en Vrouwen;30 tot 35 jaar;2023;43747;24645;19102
5137;Mannen en Vrouwen;30 tot 35 jaar;2024;42525;25919;16606
5138;Mannen en Vrouwen;30 tot 35 jaar;2025;41651;27071;14580
5139;Mannen en Vrouwen;30 tot 35 jaar;2026;40654;28346;12308
5140;Mannen en Vrouwen;30 tot 35 jaar;2027;40692;29856;10836
5141;Mannen en Vrouwen;30 tot 35 jaar;2028;40789;31471;9318
5142;Mannen en Vrouwen;30 tot 35 jaar;2029;41082;31886;9196
5143;Mannen en Vrouwen;30 tot 35 jaar;2030;41309;32264;9045
5144;Mannen en Vrouwen;30 tot 35 jaar;2031;41529;32445;9084
5145;Mannen en Vrouwen;30 tot 35 jaar;2032;41647;32550;9097
5146;Mannen en Vrouwen;30 tot 35 jaar;2033;41592;32516;9076
5147;Mannen en Vrouwen;30 tot 35 jaar;2034;41471;32433;9038
5148;Mannen en Vrouwen;30 tot 35 jaar;2035;41422;32277;9145
5149;Mannen en Vrouwen;30 tot 35 jaar;2036;41362;32155;9207
5150;Mannen en Vrouwen;30 tot 35 jaar;2037;41290;32018;9272
5151;Mannen en Vrouwen;30 tot 35 jaar;2038;41238;31924;9314
5152;Mannen en Vrouwen;30 tot 35 jaar;2039;41207;31876;9331
5153;Mannen en Vrouwen;30 tot 35 jaar;2040;41215;31865;9350
5154;Mannen en Vrouwen;30 tot 35 jaar;2041;41206;31842;9364
5155;Mannen en Vrouwen;30 tot 35 jaar;2042;41190;31824;9366
5156;Mannen en Vrouwen;30 tot 35 jaar;2043;41140;31759;9381
5157;Mannen en Vrouwen;30 tot 35 jaar;2044;41121;31721;9400
5158;Mannen en Vrouwen;30 tot 35 jaar;2045;41066;31658;9408
5159;Mannen en Vrouwen;30 tot 35 jaar;2046;41062;31604;9458
5160;Mannen en Vrouwen;30 tot 35 jaar;2047;41043;31539;9504
5161;Mannen en Vrouwen;30 tot 35 jaar;2048;41044;31495;9549
5162;Mannen en Vrouwen;30 tot 35 jaar;2049;41039;31438;9601
5163;Mannen en Vrouwen;30 tot 35 jaar;2050;41027;31382;9645
5164;Mannen en Vrouwen;30 tot 35 jaar;2051;41054;31396;9658
5165;Mannen en Vrouwen;30 tot 35 jaar;2052;41033;31336;9697
5166;Mannen en Vrouwen;30 tot 35 jaar;2053;41000;31260;9740
5167;Mannen en Vrouwen;30 tot 35 jaar;2054;40978;31187;9791
5168;Mannen en Vrouwen;30 tot 35 jaar;2055;40958;31131;9827
5169;Mannen en Vrouwen;30 tot 35 jaar;2056;40910;31050;9860
5170;Mannen en Vrouwen;30 tot 35 jaar;2057;40909;31039;9870
5171;Mannen en Vrouwen;30 tot 35 jaar;2058;40927;31062;9865
5172;Mannen en Vrouwen;30 tot 35 jaar;2059;40958;31106;9852
5173;Mannen en Vrouwen;30 tot 35 jaar;2060;41002;31167;9835
5174;Mannen en Vrouwen;30 tot 35 jaar;2061;41059;31244;9815
5175;Mannen en Vrouwen;30 tot 35 jaar;2062;41124;31321;9803
5176;Mannen en Vrouwen;30 tot 35 jaar;2063;41195;31394;9801
5177;Mannen en Vrouwen;30 tot 35 jaar;2064;41256;31456;9800
5178;Mannen en Vrouwen;30 tot 35 jaar;2065;41311;31511;9800
5179;Mannen en Vrouwen;30 tot 35 jaar;2066;41359;31557;9802
5180;Mannen en Vrouwen;30 tot 35 jaar;2067;41394;31592;9802
5181;Mannen en Vrouwen;30 tot 35 jaar;2068;41421;31608;9813
5182;Mannen en Vrouwen;30 tot 35 jaar;2069;41446;31613;9833
5183;Mannen en Vrouwen;30 tot 35 jaar;2070;41464;31600;9864
5184;Mannen en Vrouwen;35 tot 40 jaar;2023;30278;17976;12302
5185;Mannen en Vrouwen;35 tot 40 jaar;2024;28843;18831;10012
5186;Mannen en Vrouwen;35 tot 40 jaar;2025;27843;19730;8113
5187;Mannen en Vrouwen;35 tot 40 jaar;2026;26733;20665;6068
5188;Mannen en Vrouwen;35 tot 40 jaar;2027;26728;21890;4838
5189;Mannen en Vrouwen;35 tot 40 jaar;2028;26792;23134;3658
5190;Mannen en Vrouwen;35 tot 40 jaar;2029;26999;23461;3538
5191;Mannen en Vrouwen;35 tot 40 jaar;2030;27072;23643;3429
5192;Mannen en Vrouwen;35 tot 40 jaar;2031;27157;23808;3349
5193;Mannen en Vrouwen;35 tot 40 jaar;2032;27200;23922;3278
5194;Mannen en Vrouwen;35 tot 40 jaar;2033;27164;24018;3146
5195;Mannen en Vrouwen;35 tot 40 jaar;2034;27120;24166;2954
5196;Mannen en Vrouwen;35 tot 40 jaar;2035;27189;24352;2837
5197;Mannen en Vrouwen;35 tot 40 jaar;2036;27233;24478;2755
5198;Mannen en Vrouwen;35 tot 40 jaar;2037;27260;24591;2669
5199;Mannen en Vrouwen;35 tot 40 jaar;2038;27261;24649;2612
5200;Mannen en Vrouwen;35 tot 40 jaar;2039;27243;24635;2608
5201;Mannen en Vrouwen;35 tot 40 jaar;2040;27192;24567;2625
5202;Mannen en Vrouwen;35 tot 40 jaar;2041;27149;24509;2640
5203;Mannen en Vrouwen;35 tot 40 jaar;2042;27098;24433;2665
5204;Mannen en Vrouwen;35 tot 40 jaar;2043;27060;24386;2674
5205;Mannen en Vrouwen;35 tot 40 jaar;2044;27046;24370;2676
5206;Mannen en Vrouwen;35 tot 40 jaar;2045;27048;24376;2672
5207;Mannen en Vrouwen;35 tot 40 jaar;2046;27029;24372;2657
5208;Mannen en Vrouwen;35 tot 40 jaar;2047;27019;24363;2656
5209;Mannen en Vrouwen;35 tot 40 jaar;2048;26988;24320;2668
5210;Mannen en Vrouwen;35 tot 40 jaar;2049;26962;24291;2671
5211;Mannen en Vrouwen;35 tot 40 jaar;2050;26934;24244;2690
5212;Mannen en Vrouwen;35 tot 40 jaar;2051;26924;24218;2706
5213;Mannen en Vrouwen;35 tot 40 jaar;2052;26909;24177;2732
5214;Mannen en Vrouwen;35 tot 40 jaar;2053;26908;24149;2759
5215;Mannen en Vrouwen;35 tot 40 jaar;2054;26901;24111;2790
5216;Mannen en Vrouwen;35 tot 40 jaar;2055;26883;24083;2800
5217;Mannen en Vrouwen;35 tot 40 jaar;2056;26905;24096;2809
5218;Mannen en Vrouwen;35 tot 40 jaar;2057;26885;24065;2820
5219;Mannen en Vrouwen;35 tot 40 jaar;2058;26872;24029;2843
5220;Mannen en Vrouwen;35 tot 40 jaar;2059;26851;23993;2858
5221;Mannen en Vrouwen;35 tot 40 jaar;2060;26834;23968;2866
5222;Mannen en Vrouwen;35 tot 40 jaar;2061;26807;23920;2887
5223;Mannen en Vrouwen;35 tot 40 jaar;2062;26809;23926;2883
5224;Mannen en Vrouwen;35 tot 40 jaar;2063;26821;23952;2869
5225;Mannen en Vrouwen;35 tot 40 jaar;2064;26852;23997;2855
5226;Mannen en Vrouwen;35 tot 40 jaar;2065;26892;24054;2838
5227;Mannen en Vrouwen;35 tot 40 jaar;2066;26930;24121;2809
5228;Mannen en Vrouwen;35 tot 40 jaar;2067;26980;24189;2791
5229;Mannen en Vrouwen;35 tot 40 jaar;2068;27024;24254;2770
5230;Mannen en Vrouwen;35 tot 40 jaar;2069;27082;24316;2766
5231;Mannen en Vrouwen;35 tot 40 jaar;2070;27119;24357;2762
5232;Mannen en Vrouwen;40 tot 45 jaar;2023;21778;13026;8752
5233;Mannen en Vrouwen;40 tot 45 jaar;2024;20350;13649;6701
5234;Mannen en Vrouwen;40 tot 45 jaar;2025;19316;14216;5100
5235;Mannen en Vrouwen;40 tot 45 jaar;2026;18231;14813;3418
5236;Mannen en Vrouwen;40 tot 45 jaar;2027;18213;15592;2621
5237;Mannen en Vrouwen;40 tot 45 jaar;2028;18236;16502;1734
5238;Mannen en Vrouwen;40 tot 45 jaar;2029;18352;16802;1550
5239;Mannen en Vrouwen;40 tot 45 jaar;2030;18447;17081;1366
5240;Mannen en Vrouwen;40 tot 45 jaar;2031;18524;17309;1215
5241;Mannen en Vrouwen;40 tot 45 jaar;2032;18567;17514;1053
5242;Mannen en Vrouwen;40 tot 45 jaar;2033;18550;17627;923
5243;Mannen en Vrouwen;40 tot 45 jaar;2034;18515;17772;743
5244;Mannen en Vrouwen;40 tot 45 jaar;2035;18516;17854;662
5245;Mannen en Vrouwen;40 tot 45 jaar;2036;18511;17966;545
5246;Mannen en Vrouwen;40 tot 45 jaar;2037;18516;18074;442
5247;Mannen en Vrouwen;40 tot 45 jaar;2038;18539;18202;337
5248;Mannen en Vrouwen;40 tot 45 jaar;2039;18558;18320;238
5249;Mannen en Vrouwen;40 tot 45 jaar;2040;18600;18457;143
5250;Mannen en Vrouwen;40 tot 45 jaar;2041;18633;18552;81
5251;Mannen en Vrouwen;40 tot 45 jaar;2042;18666;18636;30
5252;Mannen en Vrouwen;40 tot 45 jaar;2043;18671;18687;-16
5253;Mannen en Vrouwen;40 tot 45 jaar;2044;18653;18689;-36
5254;Mannen en Vrouwen;40 tot 45 jaar;2045;18618;18661;-43
5255;Mannen en Vrouwen;40 tot 45 jaar;2046;18580;18627;-47
5256;Mannen en Vrouwen;40 tot 45 jaar;2047;18539;18581;-42
5257;Mannen en Vrouwen;40 tot 45 jaar;2048;18501;18554;-53
5258;Mannen en Vrouwen;40 tot 45 jaar;2049;18483;18554;-71
5259;Mannen en Vrouwen;40 tot 45 jaar;2050;18486;18568;-82
5260;Mannen en Vrouwen;40 tot 45 jaar;2051;18473;18576;-103
5261;Mannen en Vrouwen;40 tot 45 jaar;2052;18465;18583;-118
5262;Mannen en Vrouwen;40 tot 45 jaar;2053;18430;18559;-129
5263;Mannen en Vrouwen;40 tot 45 jaar;2054;18413;18547;-134
5264;Mannen en Vrouwen;40 tot 45 jaar;2055;18386;18522;-136
5265;Mannen en Vrouwen;40 tot 45 jaar;2056;18366;18509;-143
5266;Mannen en Vrouwen;40 tot 45 jaar;2057;18363;18493;-130
5267;Mannen en Vrouwen;40 tot 45 jaar;2058;18365;18492;-127
5268;Mannen en Vrouwen;40 tot 45 jaar;2059;18355;18481;-126
5269;Mannen en Vrouwen;40 tot 45 jaar;2060;18346;18476;-130
5270;Mannen en Vrouwen;40 tot 45 jaar;2061;18364;18504;-140
5271;Mannen en Vrouwen;40 tot 45 jaar;2062;18350;18493;-143
5272;Mannen en Vrouwen;40 tot 45 jaar;2063;18337;18479;-142
5273;Mannen en Vrouwen;40 tot 45 jaar;2064;18334;18460;-126
5274;Mannen en Vrouwen;40 tot 45 jaar;2065;18316;18452;-136
5275;Mannen en Vrouwen;40 tot 45 jaar;2066;18294;18433;-139
5276;Mannen en Vrouwen;40 tot 45 jaar;2067;18301;18449;-148
5277;Mannen en Vrouwen;40 tot 45 jaar;2068;18312;18483;-171
5278;Mannen en Vrouwen;40 tot 45 jaar;2069;18333;18530;-197
5279;Mannen en Vrouwen;40 tot 45 jaar;2070;18363;18577;-214
5280;Mannen en Vrouwen;45 tot 50 jaar;2023;15909;9502;6407
5281;Mannen en Vrouwen;45 tot 50 jaar;2024;14724;9888;4836
5282;Mannen en Vrouwen;45 tot 50 jaar;2025;13884;10268;3616
5283;Mannen en Vrouwen;45 tot 50 jaar;2026;13007;10604;2403
5284;Mannen en Vrouwen;45 tot 50 jaar;2027;12964;11175;1789
5285;Mannen en Vrouwen;45 tot 50 jaar;2028;12936;11799;1137
5286;Mannen en Vrouwen;45 tot 50 jaar;2029;12987;12054;933
5287;Mannen en Vrouwen;45 tot 50 jaar;2030;12987;12259;728
5288;Mannen en Vrouwen;45 tot 50 jaar;2031;13008;12449;559
5289;Mannen en Vrouwen;45 tot 50 jaar;2032;13017;12564;453
5290;Mannen en Vrouwen;45 tot 50 jaar;2033;13010;12682;328
5291;Mannen en Vrouwen;45 tot 50 jaar;2034;12988;12852;136
5292;Mannen en Vrouwen;45 tot 50 jaar;2035;13032;13040;-8
5293;Mannen en Vrouwen;45 tot 50 jaar;2036;13061;13216;-155
5294;Mannen en Vrouwen;45 tot 50 jaar;2037;13084;13400;-316
5295;Mannen en Vrouwen;45 tot 50 jaar;2038;13113;13537;-424
5296;Mannen en Vrouwen;45 tot 50 jaar;2039;13138;13659;-521
5297;Mannen en Vrouwen;45 tot 50 jaar;2040;13131;13734;-603
5298;Mannen en Vrouwen;45 tot 50 jaar;2041;13123;13810;-687
5299;Mannen en Vrouwen;45 tot 50 jaar;2042;13130;13885;-755
5300;Mannen en Vrouwen;45 tot 50 jaar;2043;13150;13984;-834
5301;Mannen en Vrouwen;45 tot 50 jaar;2044;13168;14074;-906
5302;Mannen en Vrouwen;45 tot 50 jaar;2045;13206;14183;-977
5303;Mannen en Vrouwen;45 tot 50 jaar;2046;13225;14260;-1035
5304;Mannen en Vrouwen;45 tot 50 jaar;2047;13250;14326;-1076
5305;Mannen en Vrouwen;45 tot 50 jaar;2048;13256;14364;-1108
5306;Mannen en Vrouwen;45 tot 50 jaar;2049;13243;14375;-1132
5307;Mannen en Vrouwen;45 tot 50 jaar;2050;13218;14354;-1136
5308;Mannen en Vrouwen;45 tot 50 jaar;2051;13183;14342;-1159
5309;Mannen en Vrouwen;45 tot 50 jaar;2052;13152;14315;-1163
5310;Mannen en Vrouwen;45 tot 50 jaar;2053;13125;14301;-1176
5311;Mannen en Vrouwen;45 tot 50 jaar;2054;13104;14308;-1204
5312;Mannen en Vrouwen;45 tot 50 jaar;2055;13107;14327;-1220
5313;Mannen en Vrouwen;45 tot 50 jaar;2056;13095;14339;-1244
5314;Mannen en Vrouwen;45 tot 50 jaar;2057;13083;14350;-1267
5315;Mannen en Vrouwen;45 tot 50 jaar;2058;13053;14347;-1294
5316;Mannen en Vrouwen;45 tot 50 jaar;2059;13043;14347;-1304
5317;Mannen en Vrouwen;45 tot 50 jaar;2060;13021;14345;-1324
5318;Mannen en Vrouwen;45 tot 50 jaar;2061;13004;14345;-1341
5319;Mannen en Vrouwen;45 tot 50 jaar;2062;12997;14346;-1349
5320;Mannen en Vrouwen;45 tot 50 jaar;2063;12989;14356;-1367
5321;Mannen en Vrouwen;45 tot 50 jaar;2064;12990;14360;-1370
5322;Mannen en Vrouwen;45 tot 50 jaar;2065;12989;14367;-1378
5323;Mannen en Vrouwen;45 tot 50 jaar;2066;13004;14396;-1392
5324;Mannen en Vrouwen;45 tot 50 jaar;2067;12998;14400;-1402
5325;Mannen en Vrouwen;45 tot 50 jaar;2068;12989;14399;-1410
5326;Mannen en Vrouwen;45 tot 50 jaar;2069;12982;14394;-1412
5327;Mannen en Vrouwen;45 tot 50 jaar;2070;12968;14396;-1428
5328;Mannen en Vrouwen;50 tot 55 jaar;2023;11346;7859;3487
5329;Mannen en Vrouwen;50 tot 55 jaar;2024;10445;8088;2357
5330;Mannen en Vrouwen;50 tot 55 jaar;2025;9762;8227;1535
5331;Mannen en Vrouwen;50 tot 55 jaar;2026;9064;8361;703
5332;Mannen en Vrouwen;50 tot 55 jaar;2027;8987;8639;348
5333;Mannen en Vrouwen;50 tot 55 jaar;2028;8941;8988;-47
5334;Mannen en Vrouwen;50 tot 55 jaar;2029;8968;9089;-121
5335;Mannen en Vrouwen;50 tot 55 jaar;2030;8980;9241;-261
5336;Mannen en Vrouwen;50 tot 55 jaar;2031;8991;9363;-372
5337;Mannen en Vrouwen;50 tot 55 jaar;2032;8992;9488;-496
5338;Mannen en Vrouwen;50 tot 55 jaar;2033;8962;9585;-623
5339;Mannen en Vrouwen;50 tot 55 jaar;2034;8927;9744;-817
5340;Mannen en Vrouwen;50 tot 55 jaar;2035;8934;9895;-961
5341;Mannen en Vrouwen;50 tot 55 jaar;2036;8948;10068;-1120
5342;Mannen en Vrouwen;50 tot 55 jaar;2037;8973;10213;-1240
5343;Mannen en Vrouwen;50 tot 55 jaar;2038;8990;10375;-1385
5344;Mannen en Vrouwen;50 tot 55 jaar;2039;9008;10528;-1520
5345;Mannen en Vrouwen;50 tot 55 jaar;2040;9042;10680;-1638
5346;Mannen en Vrouwen;50 tot 55 jaar;2041;9071;10825;-1754
5347;Mannen en Vrouwen;50 tot 55 jaar;2042;9085;10965;-1880
5348;Mannen en Vrouwen;50 tot 55 jaar;2043;9108;11078;-1970
5349;Mannen en Vrouwen;50 tot 55 jaar;2044;9130;11180;-2050
5350;Mannen en Vrouwen;50 tot 55 jaar;2045;9125;11241;-2116
5351;Mannen en Vrouwen;50 tot 55 jaar;2046;9113;11305;-2192
5352;Mannen en Vrouwen;50 tot 55 jaar;2047;9120;11368;-2248
5353;Mannen en Vrouwen;50 tot 55 jaar;2048;9131;11439;-2308
5354;Mannen en Vrouwen;50 tot 55 jaar;2049;9147;11509;-2362
5355;Mannen en Vrouwen;50 tot 55 jaar;2050;9177;11595;-2418
5356;Mannen en Vrouwen;50 tot 55 jaar;2051;9203;11666;-2463
5357;Mannen en Vrouwen;50 tot 55 jaar;2052;9218;11725;-2507
5358;Mannen en Vrouwen;50 tot 55 jaar;2053;9219;11762;-2543
5359;Mannen en Vrouwen;50 tot 55 jaar;2054;9200;11775;-2575
5360;Mannen en Vrouwen;50 tot 55 jaar;2055;9180;11762;-2582
5361;Mannen en Vrouwen;50 tot 55 jaar;2056;9153;11751;-2598
5362;Mannen en Vrouwen;50 tot 55 jaar;2057;9120;11737;-2617
5363;Mannen en Vrouwen;50 tot 55 jaar;2058;9094;11729;-2635
5364;Mannen en Vrouwen;50 tot 55 jaar;2059;9092;11742;-2650
5365;Mannen en Vrouwen;50 tot 55 jaar;2060;9090;11763;-2673
5366;Mannen en Vrouwen;50 tot 55 jaar;2061;9081;11784;-2703
5367;Mannen en Vrouwen;50 tot 55 jaar;2062;9077;11805;-2728
5368;Mannen en Vrouwen;50 tot 55 jaar;2063;9059;11804;-2745
5369;Mannen en Vrouwen;50 tot 55 jaar;2064;9051;11816;-2765
5370;Mannen en Vrouwen;50 tot 55 jaar;2065;9024;11817;-2793
5371;Mannen en Vrouwen;50 tot 55 jaar;2066;9023;11826;-2803
5372;Mannen en Vrouwen;50 tot 55 jaar;2067;9023;11835;-2812
5373;Mannen en Vrouwen;50 tot 55 jaar;2068;9017;11852;-2835
5374;Mannen en Vrouwen;50 tot 55 jaar;2069;9012;11861;-2849
5375;Mannen en Vrouwen;50 tot 55 jaar;2070;9013;11867;-2854
5376;Mannen en Vrouwen;55 tot 60 jaar;2023;6952;5794;1158
5377;Mannen en Vrouwen;55 tot 60 jaar;2024;6509;6021;488
5378;Mannen en Vrouwen;55 tot 60 jaar;2025;6139;6245;-106
5379;Mannen en Vrouwen;55 tot 60 jaar;2026;5754;6463;-709
5380;Mannen en Vrouwen;55 tot 60 jaar;2027;5716;6752;-1036
5381;Mannen en Vrouwen;55 tot 60 jaar;2028;5670;6981;-1311
5382;Mannen en Vrouwen;55 tot 60 jaar;2029;5630;6985;-1355
5383;Mannen en Vrouwen;55 tot 60 jaar;2030;5557;6928;-1371
5384;Mannen en Vrouwen;55 tot 60 jaar;2031;5513;6886;-1373
5385;Mannen en Vrouwen;55 tot 60 jaar;2032;5474;6855;-1381
5386;Mannen en Vrouwen;55 tot 60 jaar;2033;5447;6861;-1414
5387;Mannen en Vrouwen;55 tot 60 jaar;2034;5430;6911;-1481
5388;Mannen en Vrouwen;55 tot 60 jaar;2035;5442;7027;-1585
5389;Mannen en Vrouwen;55 tot 60 jaar;2036;5444;7143;-1699
5390;Mannen en Vrouwen;55 tot 60 jaar;2037;5449;7282;-1833
5391;Mannen en Vrouwen;55 tot 60 jaar;2038;5446;7415;-1969
5392;Mannen en Vrouwen;55 tot 60 jaar;2039;5451;7557;-2106
5393;Mannen en Vrouwen;55 tot 60 jaar;2040;5450;7688;-2238
5394;Mannen en Vrouwen;55 tot 60 jaar;2041;5468;7827;-2359
5395;Mannen en Vrouwen;55 tot 60 jaar;2042;5495;7953;-2458
5396;Mannen en Vrouwen;55 tot 60 jaar;2043;5517;8090;-2573
5397;Mannen en Vrouwen;55 tot 60 jaar;2044;5539;8212;-2673
5398;Mannen en Vrouwen;55 tot 60 jaar;2045;5556;8345;-2789
5399;Mannen en Vrouwen;55 tot 60 jaar;2046;5578;8460;-2882
5400;Mannen en Vrouwen;55 tot 60 jaar;2047;5588;8571;-2983
5401;Mannen en Vrouwen;55 tot 60 jaar;2048;5601;8665;-3064
5402;Mannen en Vrouwen;55 tot 60 jaar;2049;5614;8745;-3131
5403;Mannen en Vrouwen;55 tot 60 jaar;2050;5616;8795;-3179
5404;Mannen en Vrouwen;55 tot 60 jaar;2051;5612;8854;-3242
5405;Mannen en Vrouwen;55 tot 60 jaar;2052;5616;8903;-3287
5406;Mannen en Vrouwen;55 tot 60 jaar;2053;5619;8963;-3344
5407;Mannen en Vrouwen;55 tot 60 jaar;2054;5633;9019;-3386
5408;Mannen en Vrouwen;55 tot 60 jaar;2055;5655;9090;-3435
5409;Mannen en Vrouwen;55 tot 60 jaar;2056;5675;9148;-3473
5410;Mannen en Vrouwen;55 tot 60 jaar;2057;5688;9201;-3513
5411;Mannen en Vrouwen;55 tot 60 jaar;2058;5687;9239;-3552
5412;Mannen en Vrouwen;55 tot 60 jaar;2059;5686;9250;-3564
5413;Mannen en Vrouwen;55 tot 60 jaar;2060;5662;9249;-3587
5414;Mannen en Vrouwen;55 tot 60 jaar;2061;5643;9246;-3603
5415;Mannen en Vrouwen;55 tot 60 jaar;2062;5625;9237;-3612
5416;Mannen en Vrouwen;55 tot 60 jaar;2063;5616;9240;-3624
5417;Mannen en Vrouwen;55 tot 60 jaar;2064;5599;9254;-3655
5418;Mannen en Vrouwen;55 tot 60 jaar;2065;5594;9276;-3682
5419;Mannen en Vrouwen;55 tot 60 jaar;2066;5596;9298;-3702
5420;Mannen en Vrouwen;55 tot 60 jaar;2067;5580;9319;-3739
5421;Mannen en Vrouwen;55 tot 60 jaar;2068;5565;9329;-3764
5422;Mannen en Vrouwen;55 tot 60 jaar;2069;5560;9343;-3783
5423;Mannen en Vrouwen;55 tot 60 jaar;2070;5548;9344;-3796
5424;Mannen en Vrouwen;60 tot 65 jaar;2023;4409;4329;80
5425;Mannen en Vrouwen;60 tot 65 jaar;2024;4007;4453;-446
5426;Mannen en Vrouwen;60 tot 65 jaar;2025;3733;4562;-829
5427;Mannen en Vrouwen;60 tot 65 jaar;2026;3455;4719;-1264
5428;Mannen en Vrouwen;60 tot 65 jaar;2027;3441;4933;-1492
5429;Mannen en Vrouwen;60 tot 65 jaar;2028;3437;5185;-1748
5430;Mannen en Vrouwen;60 tot 65 jaar;2029;3471;5288;-1817
5431;Mannen en Vrouwen;60 tot 65 jaar;2030;3464;5372;-1908
5432;Mannen en Vrouwen;60 tot 65 jaar;2031;3463;5437;-1974
5433;Mannen en Vrouwen;60 tot 65 jaar;2032;3444;5486;-2042
5434;Mannen en Vrouwen;60 tot 65 jaar;2033;3400;5459;-2059
5435;Mannen en Vrouwen;60 tot 65 jaar;2034;3339;5432;-2093
5436;Mannen en Vrouwen;60 tot 65 jaar;2035;3287;5377;-2090
5437;Mannen en Vrouwen;60 tot 65 jaar;2036;3245;5347;-2102
5438;Mannen en Vrouwen;60 tot 65 jaar;2037;3211;5344;-2133
5439;Mannen en Vrouwen;60 tot 65 jaar;2038;3197;5385;-2188
5440;Mannen en Vrouwen;60 tot 65 jaar;2039;3189;5429;-2240
5441;Mannen en Vrouwen;60 tot 65 jaar;2040;3197;5530;-2333
5442;Mannen en Vrouwen;60 tot 65 jaar;2041;3204;5630;-2426
5443;Mannen en Vrouwen;60 tot 65 jaar;2042;3204;5733;-2529
5444;Mannen en Vrouwen;60 tot 65 jaar;2043;3202;5832;-2630
5445;Mannen en Vrouwen;60 tot 65 jaar;2044;3204;5948;-2744
5446;Mannen en Vrouwen;60 tot 65 jaar;2045;3200;6054;-2854
5447;Mannen en Vrouwen;60 tot 65 jaar;2046;3209;6170;-2961
5448;Mannen en Vrouwen;60 tot 65 jaar;2047;3228;6275;-3047
5449;Mannen en Vrouwen;60 tot 65 jaar;2048;3250;6385;-3135
5450;Mannen en Vrouwen;60 tot 65 jaar;2049;3269;6484;-3215
5451;Mannen en Vrouwen;60 tot 65 jaar;2050;3293;6591;-3298
5452;Mannen en Vrouwen;60 tot 65 jaar;2051;3312;6684;-3372
5453;Mannen en Vrouwen;60 tot 65 jaar;2052;3321;6771;-3450
5454;Mannen en Vrouwen;60 tot 65 jaar;2053;3330;6846;-3516
5455;Mannen en Vrouwen;60 tot 65 jaar;2054;3339;6917;-3578
5456;Mannen en Vrouwen;60 tot 65 jaar;2055;3335;6964;-3629
5457;Mannen en Vrouwen;60 tot 65 jaar;2056;3332;7011;-3679
5458;Mannen en Vrouwen;60 tot 65 jaar;2057;3322;7058;-3736
5459;Mannen en Vrouwen;60 tot 65 jaar;2058;3326;7114;-3788
5460;Mannen en Vrouwen;60 tot 65 jaar;2059;3342;7164;-3822
5461;Mannen en Vrouwen;60 tot 65 jaar;2060;3359;7227;-3868
5462;Mannen en Vrouwen;60 tot 65 jaar;2061;3373;7281;-3908
5463;Mannen en Vrouwen;60 tot 65 jaar;2062;3377;7328;-3951
5464;Mannen en Vrouwen;60 tot 65 jaar;2063;3380;7361;-3981
5465;Mannen en Vrouwen;60 tot 65 jaar;2064;3382;7378;-3996
5466;Mannen en Vrouwen;60 tot 65 jaar;2065;3369;7377;-4008
5467;Mannen en Vrouwen;60 tot 65 jaar;2066;3347;7377;-4030
5468;Mannen en Vrouwen;60 tot 65 jaar;2067;3336;7377;-4041
5469;Mannen en Vrouwen;60 tot 65 jaar;2068;3323;7381;-4058
5470;Mannen en Vrouwen;60 tot 65 jaar;2069;3316;7399;-4083
5471;Mannen en Vrouwen;60 tot 65 jaar;2070;3315;7422;-4107
5472;Mannen en Vrouwen;65 tot 70 jaar;2023;2582;3116;-534
5473;Mannen en Vrouwen;65 tot 70 jaar;2024;2357;3190;-833
5474;Mannen en Vrouwen;65 tot 70 jaar;2025;2197;3323;-1126
5475;Mannen en Vrouwen;65 tot 70 jaar;2026;2054;3443;-1389
5476;Mannen en Vrouwen;65 tot 70 jaar;2027;2060;3654;-1594
5477;Mannen en Vrouwen;65 tot 70 jaar;2028;2085;3873;-1788
5478;Mannen en Vrouwen;65 tot 70 jaar;2029;2118;3997;-1879
5479;Mannen en Vrouwen;65 tot 70 jaar;2030;2124;4067;-1943
5480;Mannen en Vrouwen;65 tot 70 jaar;2031;2125;4144;-2019
5481;Mannen en Vrouwen;65 tot 70 jaar;2032;2129;4186;-2057
5482;Mannen en Vrouwen;65 tot 70 jaar;2033;2125;4238;-2113
5483;Mannen en Vrouwen;65 tot 70 jaar;2034;2122;4299;-2177
5484;Mannen en Vrouwen;65 tot 70 jaar;2035;2120;4373;-2253
5485;Mannen en Vrouwen;65 tot 70 jaar;2036;2109;4436;-2327
5486;Mannen en Vrouwen;65 tot 70 jaar;2037;2092;4498;-2406
5487;Mannen en Vrouwen;65 tot 70 jaar;2038;2057;4502;-2445
5488;Mannen en Vrouwen;65 tot 70 jaar;2039;2008;4489;-2481
5489;Mannen en Vrouwen;65 tot 70 jaar;2040;1963;4450;-2487
5490;Mannen en Vrouwen;65 tot 70 jaar;2041;1928;4429;-2501
5491;Mannen en Vrouwen;65 tot 70 jaar;2042;1897;4434;-2537
5492;Mannen en Vrouwen;65 tot 70 jaar;2043;1889;4472;-2583
5493;Mannen en Vrouwen;65 tot 70 jaar;2044;1881;4513;-2632
5494;Mannen en Vrouwen;65 tot 70 jaar;2045;1885;4603;-2718
5495;Mannen en Vrouwen;65 tot 70 jaar;2046;1887;4689;-2802
5496;Mannen en Vrouwen;65 tot 70 jaar;2047;1888;4775;-2887
5497;Mannen en Vrouwen;65 tot 70 jaar;2048;1888;4853;-2965
5498;Mannen en Vrouwen;65 tot 70 jaar;2049;1891;4947;-3056
5499;Mannen en Vrouwen;65 tot 70 jaar;2050;1893;5036;-3143
5500;Mannen en Vrouwen;65 tot 70 jaar;2051;1903;5137;-3234
5501;Mannen en Vrouwen;65 tot 70 jaar;2052;1921;5225;-3304
5502;Mannen en Vrouwen;65 tot 70 jaar;2053;1942;5313;-3371
5503;Mannen en Vrouwen;65 tot 70 jaar;2054;1954;5394;-3440
5504;Mannen en Vrouwen;65 tot 70 jaar;2055;1968;5477;-3509
5505;Mannen en Vrouwen;65 tot 70 jaar;2056;1985;5561;-3576
5506;Mannen en Vrouwen;65 tot 70 jaar;2057;1993;5646;-3653
5507;Mannen en Vrouwen;65 tot 70 jaar;2058;2008;5718;-3710
5508;Mannen en Vrouwen;65 tot 70 jaar;2059;2022;5788;-3766
5509;Mannen en Vrouwen;65 tot 70 jaar;2060;2011;5833;-3822
5510;Mannen en Vrouwen;65 tot 70 jaar;2061;2018;5884;-3866
5511;Mannen en Vrouwen;65 tot 70 jaar;2062;2009;5931;-3922
5512;Mannen en Vrouwen;65 tot 70 jaar;2063;2018;5983;-3965
5513;Mannen en Vrouwen;65 tot 70 jaar;2064;2024;6037;-4013
5514;Mannen en Vrouwen;65 tot 70 jaar;2065;2039;6103;-4064
5515;Mannen en Vrouwen;65 tot 70 jaar;2066;2055;6154;-4099
5516;Mannen en Vrouwen;65 tot 70 jaar;2067;2063;6200;-4137
5517;Mannen en Vrouwen;65 tot 70 jaar;2068;2062;6232;-4170
5518;Mannen en Vrouwen;65 tot 70 jaar;2069;2060;6251;-4191
5519;Mannen en Vrouwen;65 tot 70 jaar;2070;2050;6254;-4204
5520;Mannen en Vrouwen;70 tot 75 jaar;2023;1730;1585;145
5521;Mannen en Vrouwen;70 tot 75 jaar;2024;1586;1607;-21
5522;Mannen en Vrouwen;70 tot 75 jaar;2025;1474;1644;-170
5523;Mannen en Vrouwen;70 tot 75 jaar;2026;1380;1721;-341
5524;Mannen en Vrouwen;70 tot 75 jaar;2027;1383;1831;-448
5525;Mannen en Vrouwen;70 tot 75 jaar;2028;1407;1966;-559
5526;Mannen en Vrouwen;70 tot 75 jaar;2029;1439;2045;-606
5527;Mannen en Vrouwen;70 tot 75 jaar;2030;1452;2141;-689
5528;Mannen en Vrouwen;70 tot 75 jaar;2031;1469;2201;-732
5529;Mannen en Vrouwen;70 tot 75 jaar;2032;1486;2278;-792
5530;Mannen en Vrouwen;70 tot 75 jaar;2033;1501;2347;-846
5531;Mannen en Vrouwen;70 tot 75 jaar;2034;1511;2431;-920
5532;Mannen en Vrouwen;70 tot 75 jaar;2035;1519;2484;-965
5533;Mannen en Vrouwen;70 tot 75 jaar;2036;1512;2541;-1029
5534;Mannen en Vrouwen;70 tot 75 jaar;2037;1505;2572;-1067
5535;Mannen en Vrouwen;70 tot 75 jaar;2038;1497;2623;-1126
5536;Mannen en Vrouwen;70 tot 75 jaar;2039;1494;2673;-1179
5537;Mannen en Vrouwen;70 tot 75 jaar;2040;1492;2728;-1236
5538;Mannen en Vrouwen;70 tot 75 jaar;2041;1484;2773;-1289
5539;Mannen en Vrouwen;70 tot 75 jaar;2042;1468;2823;-1355
5540;Mannen en Vrouwen;70 tot 75 jaar;2043;1441;2833;-1392
5541;Mannen en Vrouwen;70 tot 75 jaar;2044;1403;2840;-1437
5542;Mannen en Vrouwen;70 tot 75 jaar;2045;1365;2816;-1451
5543;Mannen en Vrouwen;70 tot 75 jaar;2046;1331;2802;-1471
5544;Mannen en Vrouwen;70 tot 75 jaar;2047;1304;2804;-1500
5545;Mannen en Vrouwen;70 tot 75 jaar;2048;1293;2824;-1531
5546;Mannen en Vrouwen;70 tot 75 jaar;2049;1291;2846;-1555
5547;Mannen en Vrouwen;70 tot 75 jaar;2050;1294;2903;-1609
5548;Mannen en Vrouwen;70 tot 75 jaar;2051;1298;2960;-1662
5549;Mannen en Vrouwen;70 tot 75 jaar;2052;1300;3010;-1710
5550;Mannen en Vrouwen;70 tot 75 jaar;2053;1299;3063;-1764
5551;Mannen en Vrouwen;70 tot 75 jaar;2054;1307;3132;-1825
5552;Mannen en Vrouwen;70 tot 75 jaar;2055;1309;3190;-1881
5553;Mannen en Vrouwen;70 tot 75 jaar;2056;1320;3256;-1936
5554;Mannen en Vrouwen;70 tot 75 jaar;2057;1339;3312;-1973
5555;Mannen en Vrouwen;70 tot 75 jaar;2058;1350;3369;-2019
5556;Mannen en Vrouwen;70 tot 75 jaar;2059;1365;3428;-2063
5557;Mannen en Vrouwen;70 tot 75 jaar;2060;1382;3484;-2102
5558;Mannen en Vrouwen;70 tot 75 jaar;2061;1396;3539;-2143
5559;Mannen en Vrouwen;70 tot 75 jaar;2062;1409;3600;-2191
5560;Mannen en Vrouwen;70 tot 75 jaar;2063;1413;3650;-2237
5561;Mannen en Vrouwen;70 tot 75 jaar;2064;1427;3701;-2274
5562;Mannen en Vrouwen;70 tot 75 jaar;2065;1428;3738;-2310
5563;Mannen en Vrouwen;70 tot 75 jaar;2066;1428;3777;-2349
5564;Mannen en Vrouwen;70 tot 75 jaar;2067;1428;3814;-2386
5565;Mannen en Vrouwen;70 tot 75 jaar;2068;1431;3855;-2424
5566;Mannen en Vrouwen;70 tot 75 jaar;2069;1445;3894;-2449
5567;Mannen en Vrouwen;70 tot 75 jaar;2070;1459;3935;-2476
5568;Mannen en Vrouwen;75 tot 80 jaar;2023;1103;885;218
5569;Mannen en Vrouwen;75 tot 80 jaar;2024;1088;928;160
5570;Mannen en Vrouwen;75 tot 80 jaar;2025;1062;969;93
5571;Mannen en Vrouwen;75 tot 80 jaar;2026;1003;985;18
5572;Mannen en Vrouwen;75 tot 80 jaar;2027;991;1035;-44
5573;Mannen en Vrouwen;75 tot 80 jaar;2028;1005;1088;-83
5574;Mannen en Vrouwen;75 tot 80 jaar;2029;1026;1117;-91
5575;Mannen en Vrouwen;75 tot 80 jaar;2030;1033;1147;-114
5576;Mannen en Vrouwen;75 tot 80 jaar;2031;1046;1203;-157
5577;Mannen en Vrouwen;75 tot 80 jaar;2032;1060;1242;-182
5578;Mannen en Vrouwen;75 tot 80 jaar;2033;1079;1287;-208
5579;Mannen en Vrouwen;75 tot 80 jaar;2034;1096;1342;-246
5580;Mannen en Vrouwen;75 tot 80 jaar;2035;1107;1412;-305
5581;Mannen en Vrouwen;75 tot 80 jaar;2036;1119;1458;-339
5582;Mannen en Vrouwen;75 tot 80 jaar;2037;1133;1521;-388
5583;Mannen en Vrouwen;75 tot 80 jaar;2038;1144;1585;-441
5584;Mannen en Vrouwen;75 tot 80 jaar;2039;1155;1648;-493
5585;Mannen en Vrouwen;75 tot 80 jaar;2040;1160;1694;-534
5586;Mannen en Vrouwen;75 tot 80 jaar;2041;1153;1744;-591
5587;Mannen en Vrouwen;75 tot 80 jaar;2042;1148;1768;-620
5588;Mannen en Vrouwen;75 tot 80 jaar;2043;1141;1811;-670
5589;Mannen en Vrouwen;75 tot 80 jaar;2044;1145;1848;-703
5590;Mannen en Vrouwen;75 tot 80 jaar;2045;1140;1893;-753
5591;Mannen en Vrouwen;75 tot 80 jaar;2046;1136;1931;-795
5592;Mannen en Vrouwen;75 tot 80 jaar;2047;1120;1972;-852
5593;Mannen en Vrouwen;75 tot 80 jaar;2048;1096;1983;-887
5594;Mannen en Vrouwen;75 tot 80 jaar;2049;1061;1991;-930
5595;Mannen en Vrouwen;75 tot 80 jaar;2050;1029;1971;-942
5596;Mannen en Vrouwen;75 tot 80 jaar;2051;999;1959;-960
5597;Mannen en Vrouwen;75 tot 80 jaar;2052;979;1959;-980
5598;Mannen en Vrouwen;75 tot 80 jaar;2053;970;1970;-1000
5599;Mannen en Vrouwen;75 tot 80 jaar;2054;968;1980;-1012
5600;Mannen en Vrouwen;75 tot 80 jaar;2055;974;2016;-1042
5601;Mannen en Vrouwen;75 tot 80 jaar;2056;983;2054;-1071
5602;Mannen en Vrouwen;75 tot 80 jaar;2057;990;2096;-1106
5603;Mannen en Vrouwen;75 tot 80 jaar;2058;1000;2133;-1133
5604;Mannen en Vrouwen;75 tot 80 jaar;2059;1011;2186;-1175
5605;Mannen en Vrouwen;75 tot 80 jaar;2060;1011;2231;-1220
5606;Mannen en Vrouwen;75 tot 80 jaar;2061;1022;2283;-1261
5607;Mannen en Vrouwen;75 tot 80 jaar;2062;1037;2327;-1290
5608;Mannen en Vrouwen;75 tot 80 jaar;2063;1048;2372;-1324
5609;Mannen en Vrouwen;75 tot 80 jaar;2064;1058;2411;-1353
5610;Mannen en Vrouwen;75 tot 80 jaar;2065;1080;2454;-1374
5611;Mannen en Vrouwen;75 tot 80 jaar;2066;1100;2495;-1395
5612;Mannen en Vrouwen;75 tot 80 jaar;2067;1110;2537;-1427
5613;Mannen en Vrouwen;75 tot 80 jaar;2068;1111;2575;-1464
5614;Mannen en Vrouwen;75 tot 80 jaar;2069;1128;2615;-1487
5615;Mannen en Vrouwen;75 tot 80 jaar;2070;1127;2643;-1516
5616;Mannen en Vrouwen;80 tot 85 jaar;2023;581;430;151
5617;Mannen en Vrouwen;80 tot 85 jaar;2024;571;442;129
5618;Mannen en Vrouwen;80 tot 85 jaar;2025;547;458;89
5619;Mannen en Vrouwen;80 tot 85 jaar;2026;561;502;59
5620;Mannen en Vrouwen;80 tot 85 jaar;2027;592;555;37
5621;Mannen en Vrouwen;80 tot 85 jaar;2028;621;610;11
5622;Mannen en Vrouwen;80 tot 85 jaar;2029;639;642;-3
5623;Mannen en Vrouwen;80 tot 85 jaar;2030;647;672;-25
5624;Mannen en Vrouwen;80 tot 85 jaar;2031;642;684;-42
5625;Mannen en Vrouwen;80 tot 85 jaar;2032;640;708;-68
5626;Mannen en Vrouwen;80 tot 85 jaar;2033;647;729;-82
5627;Mannen en Vrouwen;80 tot 85 jaar;2034;651;758;-107
5628;Mannen en Vrouwen;80 tot 85 jaar;2035;663;787;-124
5629;Mannen en Vrouwen;80 tot 85 jaar;2036;671;833;-162
5630;Mannen en Vrouwen;80 tot 85 jaar;2037;680;873;-193
5631;Mannen en Vrouwen;80 tot 85 jaar;2038;687;918;-231
5632;Mannen en Vrouwen;80 tot 85 jaar;2039;699;965;-266
5633;Mannen en Vrouwen;80 tot 85 jaar;2040;707;1029;-322
5634;Mannen en Vrouwen;80 tot 85 jaar;2041;716;1069;-353
5635;Mannen en Vrouwen;80 tot 85 jaar;2042;726;1127;-401
5636;Mannen en Vrouwen;80 tot 85 jaar;2043;737;1179;-442
5637;Mannen en Vrouwen;80 tot 85 jaar;2044;746;1245;-499
5638;Mannen en Vrouwen;80 tot 85 jaar;2045;750;1288;-538
5639;Mannen en Vrouwen;80 tot 85 jaar;2046;748;1342;-594
5640;Mannen en Vrouwen;80 tot 85 jaar;2047;747;1365;-618
5641;Mannen en Vrouwen;80 tot 85 jaar;2048;744;1406;-662
5642;Mannen en Vrouwen;80 tot 85 jaar;2049;748;1444;-696
5643;Mannen en Vrouwen;80 tot 85 jaar;2050;748;1487;-739
5644;Mannen en Vrouwen;80 tot 85 jaar;2051;745;1524;-779
5645;Mannen en Vrouwen;80 tot 85 jaar;2052;735;1567;-832
5646;Mannen en Vrouwen;80 tot 85 jaar;2053;713;1587;-874
5647;Mannen en Vrouwen;80 tot 85 jaar;2054;692;1604;-912
5648;Mannen en Vrouwen;80 tot 85 jaar;2055;670;1597;-927
5649;Mannen en Vrouwen;80 tot 85 jaar;2056;652;1593;-941
5650;Mannen en Vrouwen;80 tot 85 jaar;2057;640;1596;-956
5651;Mannen en Vrouwen;80 tot 85 jaar;2058;633;1610;-977
5652;Mannen en Vrouwen;80 tot 85 jaar;2059;636;1623;-987
5653;Mannen en Vrouwen;80 tot 85 jaar;2060;643;1655;-1012
5654;Mannen en Vrouwen;80 tot 85 jaar;2061;653;1689;-1036
5655;Mannen en Vrouwen;80 tot 85 jaar;2062;661;1722;-1061
5656;Mannen en Vrouwen;80 tot 85 jaar;2063;671;1762;-1091
5657;Mannen en Vrouwen;80 tot 85 jaar;2064;680;1807;-1127
5658;Mannen en Vrouwen;80 tot 85 jaar;2065;682;1852;-1170
5659;Mannen en Vrouwen;80 tot 85 jaar;2066;694;1896;-1202
5660;Mannen en Vrouwen;80 tot 85 jaar;2067;709;1930;-1221
5661;Mannen en Vrouwen;80 tot 85 jaar;2068;723;1966;-1243
5662;Mannen en Vrouwen;80 tot 85 jaar;2069;731;1998;-1267
5663;Mannen en Vrouwen;80 tot 85 jaar;2070;749;2032;-1283
5664;Mannen en Vrouwen;85 tot 90 jaar;2023;236;161;75
5665;Mannen en Vrouwen;85 tot 90 jaar;2024;223;170;53
5666;Mannen en Vrouwen;85 tot 90 jaar;2025;215;181;34
5667;Mannen en Vrouwen;85 tot 90 jaar;2026;204;189;15
5668;Mannen en Vrouwen;85 tot 90 jaar;2027;208;201;7
5669;Mannen en Vrouwen;85 tot 90 jaar;2028;215;210;5
5670;Mannen en Vrouwen;85 tot 90 jaar;2029;228;221;7
5671;Mannen en Vrouwen;85 tot 90 jaar;2030;231;230;1
5672;Mannen en Vrouwen;85 tot 90 jaar;2031;257;245;12
5673;Mannen en Vrouwen;85 tot 90 jaar;2032;267;257;10
5674;Mannen en Vrouwen;85 tot 90 jaar;2033;282;271;11
5675;Mannen en Vrouwen;85 tot 90 jaar;2034;280;282;-2
5676;Mannen en Vrouwen;85 tot 90 jaar;2035;280;295;-15
5677;Mannen en Vrouwen;85 tot 90 jaar;2036;277;299;-22
5678;Mannen en Vrouwen;85 tot 90 jaar;2037;279;312;-33
5679;Mannen en Vrouwen;85 tot 90 jaar;2038;282;323;-41
5680;Mannen en Vrouwen;85 tot 90 jaar;2039;283;339;-56
5681;Mannen en Vrouwen;85 tot 90 jaar;2040;287;358;-71
5682;Mannen en Vrouwen;85 tot 90 jaar;2041;292;378;-86
5683;Mannen en Vrouwen;85 tot 90 jaar;2042;298;398;-100
5684;Mannen en Vrouwen;85 tot 90 jaar;2043;304;421;-117
5685;Mannen en Vrouwen;85 tot 90 jaar;2044;310;446;-136
5686;Mannen en Vrouwen;85 tot 90 jaar;2045;317;482;-165
5687;Mannen en Vrouwen;85 tot 90 jaar;2046;321;505;-184
5688;Mannen en Vrouwen;85 tot 90 jaar;2047;327;538;-211
5689;Mannen en Vrouwen;85 tot 90 jaar;2048;335;570;-235
5690;Mannen en Vrouwen;85 tot 90 jaar;2049;336;605;-269
5691;Mannen en Vrouwen;85 tot 90 jaar;2050;338;632;-294
5692;Mannen en Vrouwen;85 tot 90 jaar;2051;340;657;-317
5693;Mannen en Vrouwen;85 tot 90 jaar;2052;339;669;-330
5694;Mannen en Vrouwen;85 tot 90 jaar;2053;341;690;-349
5695;Mannen en Vrouwen;85 tot 90 jaar;2054;343;708;-365
5696;Mannen en Vrouwen;85 tot 90 jaar;2055;344;736;-392
5697;Mannen en Vrouwen;85 tot 90 jaar;2056;343;758;-415
5698;Mannen en Vrouwen;85 tot 90 jaar;2057;332;782;-450
5699;Mannen en Vrouwen;85 tot 90 jaar;2058;319;790;-471
5700;Mannen en Vrouwen;85 tot 90 jaar;2059;304;796;-492
5701;Mannen en Vrouwen;85 tot 90 jaar;2060;293;793;-500
5702;Mannen en Vrouwen;85 tot 90 jaar;2061;290;783;-493
5703;Mannen en Vrouwen;85 tot 90 jaar;2062;290;787;-497
5704;Mannen en Vrouwen;85 tot 90 jaar;2063;288;788;-500
5705;Mannen en Vrouwen;85 tot 90 jaar;2064;293;792;-499
5706;Mannen en Vrouwen;85 tot 90 jaar;2065;296;802;-506
5707;Mannen en Vrouwen;85 tot 90 jaar;2066;301;813;-512
5708;Mannen en Vrouwen;85 tot 90 jaar;2067;307;823;-516
5709;Mannen en Vrouwen;85 tot 90 jaar;2068;305;834;-529
5710;Mannen en Vrouwen;85 tot 90 jaar;2069;309;849;-540
5711;Mannen en Vrouwen;85 tot 90 jaar;2070;314;866;-552
5712;Mannen en Vrouwen;90 tot 95 jaar;2023;13;11;2
5713;Mannen en Vrouwen;90 tot 95 jaar;2024;9;13;-4
5714;Mannen en Vrouwen;90 tot 95 jaar;2025;7;11;-4
5715;Mannen en Vrouwen;90 tot 95 jaar;2026;7;13;-6
5716;Mannen en Vrouwen;90 tot 95 jaar;2027;7;14;-7
5717;Mannen en Vrouwen;90 tot 95 jaar;2028;7;15;-8
5718;Mannen en Vrouwen;90 tot 95 jaar;2029;7;15;-8
5719;Mannen en Vrouwen;90 tot 95 jaar;2030;7;17;-10
5720;Mannen en Vrouwen;90 tot 95 jaar;2031;7;14;-7
5721;Mannen en Vrouwen;90 tot 95 jaar;2032;7;15;-8
5722;Mannen en Vrouwen;90 tot 95 jaar;2033;7;15;-8
5723;Mannen en Vrouwen;90 tot 95 jaar;2034;9;16;-7
5724;Mannen en Vrouwen;90 tot 95 jaar;2035;7;16;-9
5725;Mannen en Vrouwen;90 tot 95 jaar;2036;9;18;-9
5726;Mannen en Vrouwen;90 tot 95 jaar;2037;9;19;-10
5727;Mannen en Vrouwen;90 tot 95 jaar;2038;9;19;-10
5728;Mannen en Vrouwen;90 tot 95 jaar;2039;9;19;-10
5729;Mannen en Vrouwen;90 tot 95 jaar;2040;9;20;-11
5730;Mannen en Vrouwen;90 tot 95 jaar;2041;9;19;-10
5731;Mannen en Vrouwen;90 tot 95 jaar;2042;9;21;-12
5732;Mannen en Vrouwen;90 tot 95 jaar;2043;9;21;-12
5733;Mannen en Vrouwen;90 tot 95 jaar;2044;9;21;-12
5734;Mannen en Vrouwen;90 tot 95 jaar;2045;9;23;-14
5735;Mannen en Vrouwen;90 tot 95 jaar;2046;9;25;-16
5736;Mannen en Vrouwen;90 tot 95 jaar;2047;9;26;-17
5737;Mannen en Vrouwen;90 tot 95 jaar;2048;9;27;-18
5738;Mannen en Vrouwen;90 tot 95 jaar;2049;9;30;-21
5739;Mannen en Vrouwen;90 tot 95 jaar;2050;9;34;-25
5740;Mannen en Vrouwen;90 tot 95 jaar;2051;10;33;-23
5741;Mannen en Vrouwen;90 tot 95 jaar;2052;10;37;-27
5742;Mannen en Vrouwen;90 tot 95 jaar;2053;10;38;-28
5743;Mannen en Vrouwen;90 tot 95 jaar;2054;10;41;-31
5744;Mannen en Vrouwen;90 tot 95 jaar;2055;10;42;-32
5745;Mannen en Vrouwen;90 tot 95 jaar;2056;10;43;-33
5746;Mannen en Vrouwen;90 tot 95 jaar;2057;10;42;-32
5747;Mannen en Vrouwen;90 tot 95 jaar;2058;10;45;-35
5748;Mannen en Vrouwen;90 tot 95 jaar;2059;11;47;-36
5749;Mannen en Vrouwen;90 tot 95 jaar;2060;10;49;-39
5750;Mannen en Vrouwen;90 tot 95 jaar;2061;10;50;-40
5751;Mannen en Vrouwen;90 tot 95 jaar;2062;10;49;-39
5752;Mannen en Vrouwen;90 tot 95 jaar;2063;9;48;-39
5753;Mannen en Vrouwen;90 tot 95 jaar;2064;9;48;-39
5754;Mannen en Vrouwen;90 tot 95 jaar;2065;9;46;-37
5755;Mannen en Vrouwen;90 tot 95 jaar;2066;9;45;-36
5756;Mannen en Vrouwen;90 tot 95 jaar;2067;9;48;-39
5757;Mannen en Vrouwen;90 tot 95 jaar;2068;9;47;-38
5758;Mannen en Vrouwen;90 tot 95 jaar;2069;9;47;-38
5759;Mannen en Vrouwen;90 tot 95 jaar;2070;9;48;-39
5760;Mannen en Vrouwen;95 jaar of ouder;2023;3;0;3
5761;Mannen en Vrouwen;95 jaar of ouder;2024;0;0;0
5762;Mannen en Vrouwen;95 jaar of ouder;2025;0;0;0
5763;Mannen en Vrouwen;95 jaar of ouder;2026;0;0;0
5764;Mannen en Vrouwen;95 jaar of ouder;2027;0;0;0
5765;Mannen en Vrouwen;95 jaar of ouder;2028;0;0;0
5766;Mannen en Vrouwen;95 jaar of ouder;2029;0;0;0
5767;Mannen en Vrouwen;95 jaar of ouder;2030;0;0;0
5768;Mannen en Vrouwen;95 jaar of ouder;2031;0;0;0
5769;Mannen en Vrouwen;95 jaar of ouder;2032;0;0;0
5770;Mannen en Vrouwen;95 jaar of ouder;2033;0;0;0
5771;Mannen en Vrouwen;95 jaar of ouder;2034;0;0;0
5772;Mannen en Vrouwen;95 jaar of ouder;2035;0;0;0
5773;Mannen en Vrouwen;95 jaar of ouder;2036;0;0;0
5774;Mannen en Vrouwen;95 jaar of ouder;2037;0;0;0
5775;Mannen en Vrouwen;95 jaar of ouder;2038;0;0;0
5776;Mannen en Vrouwen;95 jaar of ouder;2039;0;0;0
5777;Mannen en Vrouwen;95 jaar of ouder;2040;0;0;0
5778;Mannen en Vrouwen;95 jaar of ouder;2041;0;0;0
5779;Mannen en Vrouwen;95 jaar of ouder;2042;0;0;0
5780;Mannen en Vrouwen;95 jaar of ouder;2043;0;0;0
5781;Mannen en Vrouwen;95 jaar of ouder;2044;0;0;0
5782;Mannen en Vrouwen;95 jaar of ouder;2045;0;0;0
5783;Mannen en Vrouwen;95 jaar of ouder;2046;0;0;0
5784;Mannen en Vrouwen;95 jaar of ouder;2047;0;0;0
5785;Mannen en Vrouwen;95 jaar of ouder;2048;0;0;0
5786;Mannen en Vrouwen;95 jaar of ouder;2049;0;0;0
5787;Mannen en Vrouwen;95 jaar of ouder;2050;0;0;0
5788;Mannen en Vrouwen;95 jaar of ouder;2051;0;0;0
5789;Mannen en Vrouwen;95 jaar of ouder;2052;0;0;0
5790;Mannen en Vrouwen;95 jaar of ouder;2053;0;0;0
5791;Mannen en Vrouwen;95 jaar of ouder;2054;0;0;0
5792;Mannen en Vrouwen;95 jaar of ouder;2055;0;0;0
5793;Mannen en Vrouwen;95 jaar of ouder;2056;0;0;0
5794;Mannen en Vrouwen;95 jaar of ouder;2057;0;0;0
5795;Mannen en Vrouwen;95 jaar of ouder;2058;0;0;0
5796;Mannen en Vrouwen;95 jaar of ouder;2059;0;0;0
5797;Mannen en Vrouwen;95 jaar of ouder;2060;0;0;0
5798;Mannen en Vrouwen;95 jaar of ouder;2061;0;0;0
5799;Mannen en Vrouwen;95 jaar of ouder;2062;0;0;0
5800;Mannen en Vrouwen;95 jaar of ouder;2063;0;0;0
5801;Mannen en Vrouwen;95 jaar of ouder;2064;0;0;0
5802;Mannen en Vrouwen;95 jaar of ouder;2065;0;0;0
5803;Mannen en Vrouwen;95 jaar of ouder;2066;0;0;0
5804;Mannen en Vrouwen;95 jaar of ouder;2067;0;0;0
5805;Mannen en Vrouwen;95 jaar of ouder;2068;0;0;0
5806;Mannen en Vrouwen;95 jaar of ouder;2069;0;0;0
5807;Mannen en Vrouwen;95 jaar of ouder;2070;0;0;0
5808;Mannen en Vrouwen;0 tot 10 jaar;2023;28413;15881;12532
5809;Mannen en Vrouwen;0 tot 10 jaar;2024;26956;15765;11191
5810;Mannen en Vrouwen;0 tot 10 jaar;2025;26179;15986;10193
5811;Mannen en Vrouwen;0 tot 10 jaar;2026;25403;16429;8974
5812;Mannen en Vrouwen;0 tot 10 jaar;2027;25295;17176;8119
5813;Mannen en Vrouwen;0 tot 10 jaar;2028;25453;18112;7341
5814;Mannen en Vrouwen;0 tot 10 jaar;2029;25710;18219;7491
5815;Mannen en Vrouwen;0 tot 10 jaar;2030;25919;18409;7510
5816;Mannen en Vrouwen;0 tot 10 jaar;2031;26125;18594;7531
5817;Mannen en Vrouwen;0 tot 10 jaar;2032;26320;18856;7464
5818;Mannen en Vrouwen;0 tot 10 jaar;2033;26447;19111;7336
5819;Mannen en Vrouwen;0 tot 10 jaar;2034;26536;19395;7141
5820;Mannen en Vrouwen;0 tot 10 jaar;2035;26636;19688;6948
5821;Mannen en Vrouwen;0 tot 10 jaar;2036;26716;19985;6731
5822;Mannen en Vrouwen;0 tot 10 jaar;2037;26785;20270;6515
5823;Mannen en Vrouwen;0 tot 10 jaar;2038;26855;20521;6334
5824;Mannen en Vrouwen;0 tot 10 jaar;2039;26925;20720;6205
5825;Mannen en Vrouwen;0 tot 10 jaar;2040;26998;20876;6122
5826;Mannen en Vrouwen;0 tot 10 jaar;2041;27042;20984;6058
5827;Mannen en Vrouwen;0 tot 10 jaar;2042;27088;21049;6039
5828;Mannen en Vrouwen;0 tot 10 jaar;2043;27125;21096;6029
5829;Mannen en Vrouwen;0 tot 10 jaar;2044;27160;21108;6052
5830;Mannen en Vrouwen;0 tot 10 jaar;2045;27168;21110;6058
5831;Mannen en Vrouwen;0 tot 10 jaar;2046;27175;21087;6088
5832;Mannen en Vrouwen;0 tot 10 jaar;2047;27180;21066;6114
5833;Mannen en Vrouwen;0 tot 10 jaar;2048;27173;21028;6145
5834;Mannen en Vrouwen;0 tot 10 jaar;2049;27158;20998;6160
5835;Mannen en Vrouwen;0 tot 10 jaar;2050;27151;20968;6183
5836;Mannen en Vrouwen;0 tot 10 jaar;2051;27130;20939;6191
5837;Mannen en Vrouwen;0 tot 10 jaar;2052;27116;20907;6209
5838;Mannen en Vrouwen;0 tot 10 jaar;2053;27092;20880;6212
5839;Mannen en Vrouwen;0 tot 10 jaar;2054;27084;20849;6235
5840;Mannen en Vrouwen;0 tot 10 jaar;2055;27072;20825;6247
5841;Mannen en Vrouwen;0 tot 10 jaar;2056;27067;20811;6256
5842;Mannen en Vrouwen;0 tot 10 jaar;2057;27055;20795;6260
5843;Mannen en Vrouwen;0 tot 10 jaar;2058;27043;20792;6251
5844;Mannen en Vrouwen;0 tot 10 jaar;2059;27042;20794;6248
5845;Mannen en Vrouwen;0 tot 10 jaar;2060;27038;20802;6236
5846;Mannen en Vrouwen;0 tot 10 jaar;2061;27038;20820;6218
5847;Mannen en Vrouwen;0 tot 10 jaar;2062;27043;20842;6201
5848;Mannen en Vrouwen;0 tot 10 jaar;2063;27051;20872;6179
5849;Mannen en Vrouwen;0 tot 10 jaar;2064;27059;20911;6148
5850;Mannen en Vrouwen;0 tot 10 jaar;2065;27064;20955;6109
5851;Mannen en Vrouwen;0 tot 10 jaar;2066;27081;21006;6075
5852;Mannen en Vrouwen;0 tot 10 jaar;2067;27090;21062;6028
5853;Mannen en Vrouwen;0 tot 10 jaar;2068;27106;21113;5993
5854;Mannen en Vrouwen;0 tot 10 jaar;2069;27116;21172;5944
5855;Mannen en Vrouwen;0 tot 10 jaar;2070;27129;21281;5848
5856;Mannen en Vrouwen;10 tot 20 jaar;2023;41621;13400;28221
5857;Mannen en Vrouwen;10 tot 20 jaar;2024;39395;13066;26329
5858;Mannen en Vrouwen;10 tot 20 jaar;2025;38151;12992;25159
5859;Mannen en Vrouwen;10 tot 20 jaar;2026;36959;13109;23850
5860;Mannen en Vrouwen;10 tot 20 jaar;2027;36896;13626;23270
5861;Mannen en Vrouwen;10 tot 20 jaar;2028;36945;14257;22688
5862;Mannen en Vrouwen;10 tot 20 jaar;2029;37159;14251;22908
5863;Mannen en Vrouwen;10 tot 20 jaar;2030;37281;14239;23042
5864;Mannen en Vrouwen;10 tot 20 jaar;2031;37451;14274;23177
5865;Mannen en Vrouwen;10 tot 20 jaar;2032;37539;14202;23337
5866;Mannen en Vrouwen;10 tot 20 jaar;2033;37516;14142;23374
5867;Mannen en Vrouwen;10 tot 20 jaar;2034;37458;14054;23404
5868;Mannen en Vrouwen;10 tot 20 jaar;2035;37503;13976;23527
5869;Mannen en Vrouwen;10 tot 20 jaar;2036;37497;13939;23558
5870;Mannen en Vrouwen;10 tot 20 jaar;2037;37505;13919;23586
5871;Mannen en Vrouwen;10 tot 20 jaar;2038;37511;13912;23599
5872;Mannen en Vrouwen;10 tot 20 jaar;2039;37538;13940;23598
5873;Mannen en Vrouwen;10 tot 20 jaar;2040;37575;13980;23595
5874;Mannen en Vrouwen;10 tot 20 jaar;2041;37586;13975;23611
5875;Mannen en Vrouwen;10 tot 20 jaar;2042;37647;14024;23623
5876;Mannen en Vrouwen;10 tot 20 jaar;2043;37730;14098;23632
5877;Mannen en Vrouwen;10 tot 20 jaar;2044;37829;14179;23650
5878;Mannen en Vrouwen;10 tot 20 jaar;2045;37900;14266;23634
5879;Mannen en Vrouwen;10 tot 20 jaar;2046;37975;14342;23633
5880;Mannen en Vrouwen;10 tot 20 jaar;2047;38053;14413;23640
5881;Mannen en Vrouwen;10 tot 20 jaar;2048;38123;14475;23648
5882;Mannen en Vrouwen;10 tot 20 jaar;2049;38190;14522;23668
5883;Mannen en Vrouwen;10 tot 20 jaar;2050;38235;14553;23682
5884;Mannen en Vrouwen;10 tot 20 jaar;2051;38289;14581;23708
5885;Mannen en Vrouwen;10 tot 20 jaar;2052;38308;14594;23714
5886;Mannen en Vrouwen;10 tot 20 jaar;2053;38331;14593;23738
5887;Mannen en Vrouwen;10 tot 20 jaar;2054;38356;14583;23773
5888;Mannen en Vrouwen;10 tot 20 jaar;2055;38354;14566;23788
5889;Mannen en Vrouwen;10 tot 20 jaar;2056;38356;14549;23807
5890;Mannen en Vrouwen;10 tot 20 jaar;2057;38356;14527;23829
5891;Mannen en Vrouwen;10 tot 20 jaar;2058;38360;14507;23853
5892;Mannen en Vrouwen;10 tot 20 jaar;2059;38362;14485;23877
5893;Mannen en Vrouwen;10 tot 20 jaar;2060;38358;14461;23897
5894;Mannen en Vrouwen;10 tot 20 jaar;2061;38355;14439;23916
5895;Mannen en Vrouwen;10 tot 20 jaar;2062;38352;14421;23931
5896;Mannen en Vrouwen;10 tot 20 jaar;2063;38352;14404;23948
5897;Mannen en Vrouwen;10 tot 20 jaar;2064;38356;14385;23971
5898;Mannen en Vrouwen;10 tot 20 jaar;2065;38346;14368;23978
5899;Mannen en Vrouwen;10 tot 20 jaar;2066;38355;14354;24001
5900;Mannen en Vrouwen;10 tot 20 jaar;2067;38352;14348;24004
5901;Mannen en Vrouwen;10 tot 20 jaar;2068;38344;14340;24004
5902;Mannen en Vrouwen;10 tot 20 jaar;2069;38343;14338;24005
5903;Mannen en Vrouwen;10 tot 20 jaar;2070;38356;14340;24016
5904;Mannen en Vrouwen;20 tot 30 jaar;2023;126210;73869;52341
5905;Mannen en Vrouwen;20 tot 30 jaar;2024;123721;79200;44521
5906;Mannen en Vrouwen;20 tot 30 jaar;2025;122453;83571;38882
5907;Mannen en Vrouwen;20 tot 30 jaar;2026;120845;87192;33653
5908;Mannen en Vrouwen;20 tot 30 jaar;2027;121330;90866;30464
5909;Mannen en Vrouwen;20 tot 30 jaar;2028;121434;94235;27199
5910;Mannen en Vrouwen;20 tot 30 jaar;2029;121939;94253;27686
5911;Mannen en Vrouwen;20 tot 30 jaar;2030;122178;94010;28168
5912;Mannen en Vrouwen;20 tot 30 jaar;2031;122395;93654;28741
5913;Mannen en Vrouwen;20 tot 30 jaar;2032;122413;93177;29236
5914;Mannen en Vrouwen;20 tot 30 jaar;2033;122044;92547;29497
5915;Mannen en Vrouwen;20 tot 30 jaar;2034;121670;92256;29414
5916;Mannen en Vrouwen;20 tot 30 jaar;2035;121673;92047;29626
5917;Mannen en Vrouwen;20 tot 30 jaar;2036;121667;91907;29760
5918;Mannen en Vrouwen;20 tot 30 jaar;2037;121638;91798;29840
5919;Mannen en Vrouwen;20 tot 30 jaar;2038;121613;91635;29978
5920;Mannen en Vrouwen;20 tot 30 jaar;2039;121590;91436;30154
5921;Mannen en Vrouwen;20 tot 30 jaar;2040;121547;91223;30324
5922;Mannen en Vrouwen;20 tot 30 jaar;2041;121554;91063;30491
5923;Mannen en Vrouwen;20 tot 30 jaar;2042;121557;90853;30704
5924;Mannen en Vrouwen;20 tot 30 jaar;2043;121545;90664;30881
5925;Mannen en Vrouwen;20 tot 30 jaar;2044;121528;90438;31090
5926;Mannen en Vrouwen;20 tot 30 jaar;2045;121528;90234;31294
5927;Mannen en Vrouwen;20 tot 30 jaar;2046;121517;90029;31488
5928;Mannen en Vrouwen;20 tot 30 jaar;2047;121514;89835;31679
5929;Mannen en Vrouwen;20 tot 30 jaar;2048;121524;89661;31863
5930;Mannen en Vrouwen;20 tot 30 jaar;2049;121537;89515;32022
5931;Mannen en Vrouwen;20 tot 30 jaar;2050;121564;89406;32158
5932;Mannen en Vrouwen;20 tot 30 jaar;2051;121574;89310;32264
5933;Mannen en Vrouwen;20 tot 30 jaar;2052;121631;89301;32330
5934;Mannen en Vrouwen;20 tot 30 jaar;2053;121727;89322;32405
5935;Mannen en Vrouwen;20 tot 30 jaar;2054;121821;89362;32459
5936;Mannen en Vrouwen;20 tot 30 jaar;2055;121931;89428;32503
5937;Mannen en Vrouwen;20 tot 30 jaar;2056;122042;89510;32532
5938;Mannen en Vrouwen;20 tot 30 jaar;2057;122159;89576;32583
5939;Mannen en Vrouwen;20 tot 30 jaar;2058;122272;89636;32636
5940;Mannen en Vrouwen;20 tot 30 jaar;2059;122356;89671;32685
5941;Mannen en Vrouwen;20 tot 30 jaar;2060;122439;89677;32762
5942;Mannen en Vrouwen;20 tot 30 jaar;2061;122519;89657;32862
5943;Mannen en Vrouwen;20 tot 30 jaar;2062;122572;89612;32960
5944;Mannen en Vrouwen;20 tot 30 jaar;2063;122606;89544;33062
5945;Mannen en Vrouwen;20 tot 30 jaar;2064;122631;89452;33179
5946;Mannen en Vrouwen;20 tot 30 jaar;2065;122643;89344;33299
5947;Mannen en Vrouwen;20 tot 30 jaar;2066;122652;89231;33421
5948;Mannen en Vrouwen;20 tot 30 jaar;2067;122659;89112;33547
5949;Mannen en Vrouwen;20 tot 30 jaar;2068;122654;88984;33670
5950;Mannen en Vrouwen;20 tot 30 jaar;2069;122641;88857;33784
5951;Mannen en Vrouwen;20 tot 30 jaar;2070;122625;88709;33916
5952;Mannen en Vrouwen;30 tot 40 jaar;2023;74025;42621;31404
5953;Mannen en Vrouwen;30 tot 40 jaar;2024;71368;44750;26618
5954;Mannen en Vrouwen;30 tot 40 jaar;2025;69494;46801;22693
5955;Mannen en Vrouwen;30 tot 40 jaar;2026;67387;49011;18376
5956;Mannen en Vrouwen;30 tot 40 jaar;2027;67420;51746;15674
5957;Mannen en Vrouwen;30 tot 40 jaar;2028;67581;54605;12976
5958;Mannen en Vrouwen;30 tot 40 jaar;2029;68081;55347;12734
5959;Mannen en Vrouwen;30 tot 40 jaar;2030;68381;55907;12474
5960;Mannen en Vrouwen;30 tot 40 jaar;2031;68686;56253;12433
5961;Mannen en Vrouwen;30 tot 40 jaar;2032;68847;56472;12375
5962;Mannen en Vrouwen;30 tot 40 jaar;2033;68756;56534;12222
5963;Mannen en Vrouwen;30 tot 40 jaar;2034;68591;56599;11992
5964;Mannen en Vrouwen;30 tot 40 jaar;2035;68611;56629;11982
5965;Mannen en Vrouwen;30 tot 40 jaar;2036;68595;56633;11962
5966;Mannen en Vrouwen;30 tot 40 jaar;2037;68550;56609;11941
5967;Mannen en Vrouwen;30 tot 40 jaar;2038;68499;56573;11926
5968;Mannen en Vrouwen;30 tot 40 jaar;2039;68450;56511;11939
5969;Mannen en Vrouwen;30 tot 40 jaar;2040;68407;56432;11975
5970;Mannen en Vrouwen;30 tot 40 jaar;2041;68355;56351;12004
5971;Mannen en Vrouwen;30 tot 40 jaar;2042;68288;56257;12031
5972;Mannen en Vrouwen;30 tot 40 jaar;2043;68200;56145;12055
5973;Mannen en Vrouwen;30 tot 40 jaar;2044;68167;56091;12076
5974;Mannen en Vrouwen;30 tot 40 jaar;2045;68114;56034;12080
5975;Mannen en Vrouwen;30 tot 40 jaar;2046;68091;55976;12115
5976;Mannen en Vrouwen;30 tot 40 jaar;2047;68062;55902;12160
5977;Mannen en Vrouwen;30 tot 40 jaar;2048;68032;55815;12217
5978;Mannen en Vrouwen;30 tot 40 jaar;2049;68001;55729;12272
5979;Mannen en Vrouwen;30 tot 40 jaar;2050;67961;55626;12335
5980;Mannen en Vrouwen;30 tot 40 jaar;2051;67978;55614;12364
5981;Mannen en Vrouwen;30 tot 40 jaar;2052;67942;55513;12429
5982;Mannen en Vrouwen;30 tot 40 jaar;2053;67908;55409;12499
5983;Mannen en Vrouwen;30 tot 40 jaar;2054;67879;55298;12581
5984;Mannen en Vrouwen;30 tot 40 jaar;2055;67841;55214;12627
5985;Mannen en Vrouwen;30 tot 40 jaar;2056;67815;55146;12669
5986;Mannen en Vrouwen;30 tot 40 jaar;2057;67794;55104;12690
5987;Mannen en Vrouwen;30 tot 40 jaar;2058;67799;55091;12708
5988;Mannen en Vrouwen;30 tot 40 jaar;2059;67809;55099;12710
5989;Mannen en Vrouwen;30 tot 40 jaar;2060;67836;55135;12701
5990;Mannen en Vrouwen;30 tot 40 jaar;2061;67866;55164;12702
5991;Mannen en Vrouwen;30 tot 40 jaar;2062;67933;55247;12686
5992;Mannen en Vrouwen;30 tot 40 jaar;2063;68016;55346;12670
5993;Mannen en Vrouwen;30 tot 40 jaar;2064;68108;55453;12655
5994;Mannen en Vrouwen;30 tot 40 jaar;2065;68203;55565;12638
5995;Mannen en Vrouwen;30 tot 40 jaar;2066;68289;55678;12611
5996;Mannen en Vrouwen;30 tot 40 jaar;2067;68374;55781;12593
5997;Mannen en Vrouwen;30 tot 40 jaar;2068;68445;55862;12583
5998;Mannen en Vrouwen;30 tot 40 jaar;2069;68528;55929;12599
5999;Mannen en Vrouwen;30 tot 40 jaar;2070;68583;55957;12626
6000;Mannen en Vrouwen;40 tot 50 jaar;2023;37687;22528;15159
6001;Mannen en Vrouwen;40 tot 50 jaar;2024;35074;23537;11537
6002;Mannen en Vrouwen;40 tot 50 jaar;2025;33200;24484;8716
6003;Mannen en Vrouwen;40 tot 50 jaar;2026;31238;25417;5821
6004;Mannen en Vrouwen;40 tot 50 jaar;2027;31177;26767;4410
6005;Mannen en Vrouwen;40 tot 50 jaar;2028;31172;28301;2871
6006;Mannen en Vrouwen;40 tot 50 jaar;2029;31339;28856;2483
6007;Mannen en Vrouwen;40 tot 50 jaar;2030;31434;29340;2094
6008;Mannen en Vrouwen;40 tot 50 jaar;2031;31532;29758;1774
6009;Mannen en Vrouwen;40 tot 50 jaar;2032;31584;30078;1506
6010;Mannen en Vrouwen;40 tot 50 jaar;2033;31560;30309;1251
6011;Mannen en Vrouwen;40 tot 50 jaar;2034;31503;30624;879
6012;Mannen en Vrouwen;40 tot 50 jaar;2035;31548;30894;654
6013;Mannen en Vrouwen;40 tot 50 jaar;2036;31572;31182;390
6014;Mannen en Vrouwen;40 tot 50 jaar;2037;31600;31474;126
6015;Mannen en Vrouwen;40 tot 50 jaar;2038;31652;31739;-87
6016;Mannen en Vrouwen;40 tot 50 jaar;2039;31696;31979;-283
6017;Mannen en Vrouwen;40 tot 50 jaar;2040;31731;32191;-460
6018;Mannen en Vrouwen;40 tot 50 jaar;2041;31756;32362;-606
6019;Mannen en Vrouwen;40 tot 50 jaar;2042;31796;32521;-725
6020;Mannen en Vrouwen;40 tot 50 jaar;2043;31821;32671;-850
6021;Mannen en Vrouwen;40 tot 50 jaar;2044;31821;32763;-942
6022;Mannen en Vrouwen;40 tot 50 jaar;2045;31824;32844;-1020
6023;Mannen en Vrouwen;40 tot 50 jaar;2046;31805;32887;-1082
6024;Mannen en Vrouwen;40 tot 50 jaar;2047;31789;32907;-1118
6025;Mannen en Vrouwen;40 tot 50 jaar;2048;31757;32918;-1161
6026;Mannen en Vrouwen;40 tot 50 jaar;2049;31726;32929;-1203
6027;Mannen en Vrouwen;40 tot 50 jaar;2050;31704;32922;-1218
6028;Mannen en Vrouwen;40 tot 50 jaar;2051;31656;32918;-1262
6029;Mannen en Vrouwen;40 tot 50 jaar;2052;31617;32898;-1281
6030;Mannen en Vrouwen;40 tot 50 jaar;2053;31555;32860;-1305
6031;Mannen en Vrouwen;40 tot 50 jaar;2054;31517;32855;-1338
6032;Mannen en Vrouwen;40 tot 50 jaar;2055;31493;32849;-1356
6033;Mannen en Vrouwen;40 tot 50 jaar;2056;31461;32848;-1387
6034;Mannen en Vrouwen;40 tot 50 jaar;2057;31446;32843;-1397
6035;Mannen en Vrouwen;40 tot 50 jaar;2058;31418;32839;-1421
6036;Mannen en Vrouwen;40 tot 50 jaar;2059;31398;32828;-1430
6037;Mannen en Vrouwen;40 tot 50 jaar;2060;31367;32821;-1454
6038;Mannen en Vrouwen;40 tot 50 jaar;2061;31368;32849;-1481
6039;Mannen en Vrouwen;40 tot 50 jaar;2062;31347;32839;-1492
6040;Mannen en Vrouwen;40 tot 50 jaar;2063;31326;32835;-1509
6041;Mannen en Vrouwen;40 tot 50 jaar;2064;31324;32820;-1496
6042;Mannen en Vrouwen;40 tot 50 jaar;2065;31305;32819;-1514
6043;Mannen en Vrouwen;40 tot 50 jaar;2066;31298;32829;-1531
6044;Mannen en Vrouwen;40 tot 50 jaar;2067;31299;32849;-1550
6045;Mannen en Vrouwen;40 tot 50 jaar;2068;31301;32882;-1581
6046;Mannen en Vrouwen;40 tot 50 jaar;2069;31315;32924;-1609
6047;Mannen en Vrouwen;40 tot 50 jaar;2070;31331;32973;-1642
6048;Mannen en Vrouwen;50 tot 60 jaar;2023;18298;13653;4645
6049;Mannen en Vrouwen;50 tot 60 jaar;2024;16954;14109;2845
6050;Mannen en Vrouwen;50 tot 60 jaar;2025;15901;14472;1429
6051;Mannen en Vrouwen;50 tot 60 jaar;2026;14818;14824;-6
6052;Mannen en Vrouwen;50 tot 60 jaar;2027;14703;15391;-688
6053;Mannen en Vrouwen;50 tot 60 jaar;2028;14611;15969;-1358
6054;Mannen en Vrouwen;50 tot 60 jaar;2029;14598;16074;-1476
6055;Mannen en Vrouwen;50 tot 60 jaar;2030;14537;16169;-1632
6056;Mannen en Vrouwen;50 tot 60 jaar;2031;14504;16249;-1745
6057;Mannen en Vrouwen;50 tot 60 jaar;2032;14466;16343;-1877
6058;Mannen en Vrouwen;50 tot 60 jaar;2033;14409;16446;-2037
6059;Mannen en Vrouwen;50 tot 60 jaar;2034;14357;16655;-2298
6060;Mannen en Vrouwen;50 tot 60 jaar;2035;14376;16922;-2546
6061;Mannen en Vrouwen;50 tot 60 jaar;2036;14392;17211;-2819
6062;Mannen en Vrouwen;50 tot 60 jaar;2037;14422;17495;-3073
6063;Mannen en Vrouwen;50 tot 60 jaar;2038;14436;17790;-3354
6064;Mannen en Vrouwen;50 tot 60 jaar;2039;14459;18085;-3626
6065;Mannen en Vrouwen;50 tot 60 jaar;2040;14492;18368;-3876
6066;Mannen en Vrouwen;50 tot 60 jaar;2041;14539;18652;-4113
6067;Mannen en Vrouwen;50 tot 60 jaar;2042;14580;18918;-4338
6068;Mannen en Vrouwen;50 tot 60 jaar;2043;14625;19168;-4543
6069;Mannen en Vrouwen;50 tot 60 jaar;2044;14669;19392;-4723
6070;Mannen en Vrouwen;50 tot 60 jaar;2045;14681;19586;-4905
6071;Mannen en Vrouwen;50 tot 60 jaar;2046;14691;19765;-5074
6072;Mannen en Vrouwen;50 tot 60 jaar;2047;14708;19939;-5231
6073;Mannen en Vrouwen;50 tot 60 jaar;2048;14732;20104;-5372
6074;Mannen en Vrouwen;50 tot 60 jaar;2049;14761;20254;-5493
6075;Mannen en Vrouwen;50 tot 60 jaar;2050;14793;20390;-5597
6076;Mannen en Vrouwen;50 tot 60 jaar;2051;14815;20520;-5705
6077;Mannen en Vrouwen;50 tot 60 jaar;2052;14834;20628;-5794
6078;Mannen en Vrouwen;50 tot 60 jaar;2053;14838;20725;-5887
6079;Mannen en Vrouwen;50 tot 60 jaar;2054;14833;20794;-5961
6080;Mannen en Vrouwen;50 tot 60 jaar;2055;14835;20852;-6017
6081;Mannen en Vrouwen;50 tot 60 jaar;2056;14828;20899;-6071
6082;Mannen en Vrouwen;50 tot 60 jaar;2057;14808;20938;-6130
6083;Mannen en Vrouwen;50 tot 60 jaar;2058;14781;20968;-6187
6084;Mannen en Vrouwen;50 tot 60 jaar;2059;14778;20992;-6214
6085;Mannen en Vrouwen;50 tot 60 jaar;2060;14752;21012;-6260
6086;Mannen en Vrouwen;50 tot 60 jaar;2061;14724;21030;-6306
6087;Mannen en Vrouwen;50 tot 60 jaar;2062;14702;21042;-6340
6088;Mannen en Vrouwen;50 tot 60 jaar;2063;14675;21044;-6369
6089;Mannen en Vrouwen;50 tot 60 jaar;2064;14650;21070;-6420
6090;Mannen en Vrouwen;50 tot 60 jaar;2065;14618;21093;-6475
6091;Mannen en Vrouwen;50 tot 60 jaar;2066;14619;21124;-6505
6092;Mannen en Vrouwen;50 tot 60 jaar;2067;14603;21154;-6551
6093;Mannen en Vrouwen;50 tot 60 jaar;2068;14582;21181;-6599
6094;Mannen en Vrouwen;50 tot 60 jaar;2069;14572;21204;-6632
6095;Mannen en Vrouwen;50 tot 60 jaar;2070;14561;21211;-6650
6096;Mannen en Vrouwen;60 tot 70 jaar;2023;6991;7445;-454
6097;Mannen en Vrouwen;60 tot 70 jaar;2024;6364;7643;-1279
6098;Mannen en Vrouwen;60 tot 70 jaar;2025;5930;7885;-1955
6099;Mannen en Vrouwen;60 tot 70 jaar;2026;5509;8162;-2653
6100;Mannen en Vrouwen;60 tot 70 jaar;2027;5501;8587;-3086
6101;Mannen en Vrouwen;60 tot 70 jaar;2028;5522;9058;-3536
6102;Mannen en Vrouwen;60 tot 70 jaar;2029;5589;9285;-3696
6103;Mannen en Vrouwen;60 tot 70 jaar;2030;5588;9439;-3851
6104;Mannen en Vrouwen;60 tot 70 jaar;2031;5588;9581;-3993
6105;Mannen en Vrouwen;60 tot 70 jaar;2032;5573;9672;-4099
6106;Mannen en Vrouwen;60 tot 70 jaar;2033;5525;9697;-4172
6107;Mannen en Vrouwen;60 tot 70 jaar;2034;5461;9731;-4270
6108;Mannen en Vrouwen;60 tot 70 jaar;2035;5407;9750;-4343
6109;Mannen en Vrouwen;60 tot 70 jaar;2036;5354;9783;-4429
6110;Mannen en Vrouwen;60 tot 70 jaar;2037;5303;9842;-4539
6111;Mannen en Vrouwen;60 tot 70 jaar;2038;5254;9887;-4633
6112;Mannen en Vrouwen;60 tot 70 jaar;2039;5197;9918;-4721
6113;Mannen en Vrouwen;60 tot 70 jaar;2040;5160;9980;-4820
6114;Mannen en Vrouwen;60 tot 70 jaar;2041;5132;10059;-4927
6115;Mannen en Vrouwen;60 tot 70 jaar;2042;5101;10167;-5066
6116;Mannen en Vrouwen;60 tot 70 jaar;2043;5091;10304;-5213
6117;Mannen en Vrouwen;60 tot 70 jaar;2044;5085;10461;-5376
6118;Mannen en Vrouwen;60 tot 70 jaar;2045;5085;10657;-5572
6119;Mannen en Vrouwen;60 tot 70 jaar;2046;5096;10859;-5763
6120;Mannen en Vrouwen;60 tot 70 jaar;2047;5116;11050;-5934
6121;Mannen en Vrouwen;60 tot 70 jaar;2048;5138;11238;-6100
6122;Mannen en Vrouwen;60 tot 70 jaar;2049;5160;11431;-6271
6123;Mannen en Vrouwen;60 tot 70 jaar;2050;5186;11627;-6441
6124;Mannen en Vrouwen;60 tot 70 jaar;2051;5215;11821;-6606
6125;Mannen en Vrouwen;60 tot 70 jaar;2052;5242;11996;-6754
6126;Mannen en Vrouwen;60 tot 70 jaar;2053;5272;12159;-6887
6127;Mannen en Vrouwen;60 tot 70 jaar;2054;5293;12311;-7018
6128;Mannen en Vrouwen;60 tot 70 jaar;2055;5303;12441;-7138
6129;Mannen en Vrouwen;60 tot 70 jaar;2056;5317;12572;-7255
6130;Mannen en Vrouwen;60 tot 70 jaar;2057;5315;12704;-7389
6131;Mannen en Vrouwen;60 tot 70 jaar;2058;5334;12832;-7498
6132;Mannen en Vrouwen;60 tot 70 jaar;2059;5364;12952;-7588
6133;Mannen en Vrouwen;60 tot 70 jaar;2060;5370;13060;-7690
6134;Mannen en Vrouwen;60 tot 70 jaar;2061;5391;13165;-7774
6135;Mannen en Vrouwen;60 tot 70 jaar;2062;5386;13259;-7873
6136;Mannen en Vrouwen;60 tot 70 jaar;2063;5398;13344;-7946
6137;Mannen en Vrouwen;60 tot 70 jaar;2064;5406;13415;-8009
6138;Mannen en Vrouwen;60 tot 70 jaar;2065;5408;13480;-8072
6139;Mannen en Vrouwen;60 tot 70 jaar;2066;5402;13531;-8129
6140;Mannen en Vrouwen;60 tot 70 jaar;2067;5399;13577;-8178
6141;Mannen en Vrouwen;60 tot 70 jaar;2068;5385;13613;-8228
6142;Mannen en Vrouwen;60 tot 70 jaar;2069;5376;13650;-8274
6143;Mannen en Vrouwen;60 tot 70 jaar;2070;5365;13676;-8311
6144;Mannen en Vrouwen;70 tot 80 jaar;2023;2833;2470;363
6145;Mannen en Vrouwen;70 tot 80 jaar;2024;2674;2535;139
6146;Mannen en Vrouwen;70 tot 80 jaar;2025;2536;2613;-77
6147;Mannen en Vrouwen;70 tot 80 jaar;2026;2383;2706;-323
6148;Mannen en Vrouwen;70 tot 80 jaar;2027;2374;2866;-492
6149;Mannen en Vrouwen;70 tot 80 jaar;2028;2412;3054;-642
6150;Mannen en Vrouwen;70 tot 80 jaar;2029;2465;3162;-697
6151;Mannen en Vrouwen;70 tot 80 jaar;2030;2485;3288;-803
6152;Mannen en Vrouwen;70 tot 80 jaar;2031;2515;3404;-889
6153;Mannen en Vrouwen;70 tot 80 jaar;2032;2546;3520;-974
6154;Mannen en Vrouwen;70 tot 80 jaar;2033;2580;3634;-1054
6155;Mannen en Vrouwen;70 tot 80 jaar;2034;2607;3773;-1166
6156;Mannen en Vrouwen;70 tot 80 jaar;2035;2626;3896;-1270
6157;Mannen en Vrouwen;70 tot 80 jaar;2036;2631;3999;-1368
6158;Mannen en Vrouwen;70 tot 80 jaar;2037;2638;4093;-1455
6159;Mannen en Vrouwen;70 tot 80 jaar;2038;2641;4208;-1567
6160;Mannen en Vrouwen;70 tot 80 jaar;2039;2649;4321;-1672
6161;Mannen en Vrouwen;70 tot 80 jaar;2040;2652;4422;-1770
6162;Mannen en Vrouwen;70 tot 80 jaar;2041;2637;4517;-1880
6163;Mannen en Vrouwen;70 tot 80 jaar;2042;2616;4591;-1975
6164;Mannen en Vrouwen;70 tot 80 jaar;2043;2582;4644;-2062
6165;Mannen en Vrouwen;70 tot 80 jaar;2044;2548;4688;-2140
6166;Mannen en Vrouwen;70 tot 80 jaar;2045;2505;4709;-2204
6167;Mannen en Vrouwen;70 tot 80 jaar;2046;2467;4733;-2266
6168;Mannen en Vrouwen;70 tot 80 jaar;2047;2424;4776;-2352
6169;Mannen en Vrouwen;70 tot 80 jaar;2048;2389;4807;-2418
6170;Mannen en Vrouwen;70 tot 80 jaar;2049;2352;4837;-2485
6171;Mannen en Vrouwen;70 tot 80 jaar;2050;2323;4874;-2551
6172;Mannen en Vrouwen;70 tot 80 jaar;2051;2297;4919;-2622
6173;Mannen en Vrouwen;70 tot 80 jaar;2052;2279;4969;-2690
6174;Mannen en Vrouwen;70 tot 80 jaar;2053;2269;5033;-2764
6175;Mannen en Vrouwen;70 tot 80 jaar;2054;2275;5112;-2837
6176;Mannen en Vrouwen;70 tot 80 jaar;2055;2283;5206;-2923
6177;Mannen en Vrouwen;70 tot 80 jaar;2056;2303;5310;-3007
6178;Mannen en Vrouwen;70 tot 80 jaar;2057;2329;5408;-3079
6179;Mannen en Vrouwen;70 tot 80 jaar;2058;2350;5502;-3152
6180;Mannen en Vrouwen;70 tot 80 jaar;2059;2376;5614;-3238
6181;Mannen en Vrouwen;70 tot 80 jaar;2060;2393;5715;-3322
6182;Mannen en Vrouwen;70 tot 80 jaar;2061;2418;5822;-3404
6183;Mannen en Vrouwen;70 tot 80 jaar;2062;2446;5927;-3481
6184;Mannen en Vrouwen;70 tot 80 jaar;2063;2461;6022;-3561
6185;Mannen en Vrouwen;70 tot 80 jaar;2064;2485;6112;-3627
6186;Mannen en Vrouwen;70 tot 80 jaar;2065;2508;6192;-3684
6187;Mannen en Vrouwen;70 tot 80 jaar;2066;2528;6272;-3744
6188;Mannen en Vrouwen;70 tot 80 jaar;2067;2538;6351;-3813
6189;Mannen en Vrouwen;70 tot 80 jaar;2068;2542;6430;-3888
6190;Mannen en Vrouwen;70 tot 80 jaar;2069;2573;6509;-3936
6191;Mannen en Vrouwen;70 tot 80 jaar;2070;2586;6578;-3992
6192;Mannen en Vrouwen;80 tot 90 jaar;2023;817;591;226
6193;Mannen en Vrouwen;80 tot 90 jaar;2024;794;612;182
6194;Mannen en Vrouwen;80 tot 90 jaar;2025;762;639;123
6195;Mannen en Vrouwen;80 tot 90 jaar;2026;765;691;74
6196;Mannen en Vrouwen;80 tot 90 jaar;2027;800;756;44
6197;Mannen en Vrouwen;80 tot 90 jaar;2028;836;820;16
6198;Mannen en Vrouwen;80 tot 90 jaar;2029;867;863;4
6199;Mannen en Vrouwen;80 tot 90 jaar;2030;878;902;-24
6200;Mannen en Vrouwen;80 tot 90 jaar;2031;899;929;-30
6201;Mannen en Vrouwen;80 tot 90 jaar;2032;907;965;-58
6202;Mannen en Vrouwen;80 tot 90 jaar;2033;929;1000;-71
6203;Mannen en Vrouwen;80 tot 90 jaar;2034;931;1040;-109
6204;Mannen en Vrouwen;80 tot 90 jaar;2035;943;1082;-139
6205;Mannen en Vrouwen;80 tot 90 jaar;2036;948;1132;-184
6206;Mannen en Vrouwen;80 tot 90 jaar;2037;959;1185;-226
6207;Mannen en Vrouwen;80 tot 90 jaar;2038;969;1241;-272
6208;Mannen en Vrouwen;80 tot 90 jaar;2039;982;1304;-322
6209;Mannen en Vrouwen;80 tot 90 jaar;2040;994;1387;-393
6210;Mannen en Vrouwen;80 tot 90 jaar;2041;1008;1447;-439
6211;Mannen en Vrouwen;80 tot 90 jaar;2042;1024;1525;-501
6212;Mannen en Vrouwen;80 tot 90 jaar;2043;1041;1600;-559
6213;Mannen en Vrouwen;80 tot 90 jaar;2044;1056;1691;-635
6214;Mannen en Vrouwen;80 tot 90 jaar;2045;1067;1770;-703
6215;Mannen en Vrouwen;80 tot 90 jaar;2046;1069;1847;-778
6216;Mannen en Vrouwen;80 tot 90 jaar;2047;1074;1903;-829
6217;Mannen en Vrouwen;80 tot 90 jaar;2048;1079;1976;-897
6218;Mannen en Vrouwen;80 tot 90 jaar;2049;1084;2049;-965
6219;Mannen en Vrouwen;80 tot 90 jaar;2050;1086;2119;-1033
6220;Mannen en Vrouwen;80 tot 90 jaar;2051;1085;2181;-1096
6221;Mannen en Vrouwen;80 tot 90 jaar;2052;1074;2236;-1162
6222;Mannen en Vrouwen;80 tot 90 jaar;2053;1054;2277;-1223
6223;Mannen en Vrouwen;80 tot 90 jaar;2054;1035;2312;-1277
6224;Mannen en Vrouwen;80 tot 90 jaar;2055;1014;2333;-1319
6225;Mannen en Vrouwen;80 tot 90 jaar;2056;995;2351;-1356
6226;Mannen en Vrouwen;80 tot 90 jaar;2057;972;2378;-1406
6227;Mannen en Vrouwen;80 tot 90 jaar;2058;952;2400;-1448
6228;Mannen en Vrouwen;80 tot 90 jaar;2059;940;2419;-1479
6229;Mannen en Vrouwen;80 tot 90 jaar;2060;936;2448;-1512
6230;Mannen en Vrouwen;80 tot 90 jaar;2061;943;2472;-1529
6231;Mannen en Vrouwen;80 tot 90 jaar;2062;951;2509;-1558
6232;Mannen en Vrouwen;80 tot 90 jaar;2063;959;2550;-1591
6233;Mannen en Vrouwen;80 tot 90 jaar;2064;973;2599;-1626
6234;Mannen en Vrouwen;80 tot 90 jaar;2065;978;2654;-1676
6235;Mannen en Vrouwen;80 tot 90 jaar;2066;995;2709;-1714
6236;Mannen en Vrouwen;80 tot 90 jaar;2067;1016;2753;-1737
6237;Mannen en Vrouwen;80 tot 90 jaar;2068;1028;2800;-1772
6238;Mannen en Vrouwen;80 tot 90 jaar;2069;1040;2847;-1807
6239;Mannen en Vrouwen;80 tot 90 jaar;2070;1063;2898;-1835
6240;Mannen en Vrouwen;90 jaar of ouder;2023;16;11;5
6241;Mannen en Vrouwen;90 jaar of ouder;2024;9;13;-4
6242;Mannen en Vrouwen;90 jaar of ouder;2025;7;11;-4
6243;Mannen en Vrouwen;90 jaar of ouder;2026;7;13;-6
6244;Mannen en Vrouwen;90 jaar of ouder;2027;7;14;-7
6245;Mannen en Vrouwen;90 jaar of ouder;2028;7;15;-8
6246;Mannen en Vrouwen;90 jaar of ouder;2029;7;15;-8
6247;Mannen en Vrouwen;90 jaar of ouder;2030;7;17;-10
6248;Mannen en Vrouwen;90 jaar of ouder;2031;7;14;-7
6249;Mannen en Vrouwen;90 jaar of ouder;2032;7;15;-8
6250;Mannen en Vrouwen;90 jaar of ouder;2033;7;15;-8
6251;Mannen en Vrouwen;90 jaar of ouder;2034;9;16;-7
6252;Mannen en Vrouwen;90 jaar of ouder;2035;7;16;-9
6253;Mannen en Vrouwen;90 jaar of ouder;2036;9;18;-9
6254;Mannen en Vrouwen;90 jaar of ouder;2037;9;19;-10
6255;Mannen en Vrouwen;90 jaar of ouder;2038;9;19;-10
6256;Mannen en Vrouwen;90 jaar of ouder;2039;9;19;-10
6257;Mannen en Vrouwen;90 jaar of ouder;2040;9;20;-11
6258;Mannen en Vrouwen;90 jaar of ouder;2041;9;19;-10
6259;Mannen en Vrouwen;90 jaar of ouder;2042;9;21;-12
6260;Mannen en Vrouwen;90 jaar of ouder;2043;9;21;-12
6261;Mannen en Vrouwen;90 jaar of ouder;2044;9;21;-12
6262;Mannen en Vrouwen;90 jaar of ouder;2045;9;23;-14
6263;Mannen en Vrouwen;90 jaar of ouder;2046;9;25;-16
6264;Mannen en Vrouwen;90 jaar of ouder;2047;9;26;-17
6265;Mannen en Vrouwen;90 jaar of ouder;2048;9;27;-18
6266;Mannen en Vrouwen;90 jaar of ouder;2049;9;30;-21
6267;Mannen en Vrouwen;90 jaar of ouder;2050;9;34;-25
6268;Mannen en Vrouwen;90 jaar of ouder;2051;10;33;-23
6269;Mannen en Vrouwen;90 jaar of ouder;2052;10;37;-27
6270;Mannen en Vrouwen;90 jaar of ouder;2053;10;38;-28
6271;Mannen en Vrouwen;90 jaar of ouder;2054;10;41;-31
6272;Mannen en Vrouwen;90 jaar of ouder;2055;10;42;-32
6273;Mannen en Vrouwen;90 jaar of ouder;2056;10;43;-33
6274;Mannen en Vrouwen;90 jaar of ouder;2057;10;42;-32
6275;Mannen en Vrouwen;90 jaar of ouder;2058;10;45;-35
6276;Mannen en Vrouwen;90 jaar of ouder;2059;11;47;-36
6277;Mannen en Vrouwen;90 jaar of ouder;2060;10;49;-39
6278;Mannen en Vrouwen;90 jaar of ouder;2061;10;50;-40
6279;Mannen en Vrouwen;90 jaar of ouder;2062;10;49;-39
6280;Mannen en Vrouwen;90 jaar of ouder;2063;9;48;-39
6281;Mannen en Vrouwen;90 jaar of ouder;2064;9;48;-39
6282;Mannen en Vrouwen;90 jaar of ouder;2065;9;46;-37
6283;Mannen en Vrouwen;90 jaar of ouder;2066;9;45;-36
6284;Mannen en Vrouwen;90 jaar of ouder;2067;9;48;-39
6285;Mannen en Vrouwen;90 jaar of ouder;2068;9;47;-38
6286;Mannen en Vrouwen;90 jaar of ouder;2069;9;47;-38
6287;Mannen en Vrouwen;90 jaar of ouder;2070;9;48;-39
6288;Mannen;Totaal;2023;173794;98732;75062
6289;Mannen;Totaal;2024;168374;104283;64091
6290;Mannen;Totaal;2025;164002;109275;54727
6291;Mannen;Totaal;2026;158902;113976;44926
6292;Mannen;Totaal;2027;158745;119455;39290
6293;Mannen;Totaal;2028;158830;125096;33734
6294;Mannen;Totaal;2029;159636;126188;33448
6295;Mannen;Totaal;2030;159934;126836;33098
6296;Mannen;Totaal;2031;160283;127220;33063
6297;Mannen;Totaal;2032;160401;127433;32968
6298;Mannen;Totaal;2033;160035;127421;32614
6299;Mannen;Totaal;2034;159616;127875;31741
6300;Mannen;Totaal;2035;159725;128353;31372
6301;Mannen;Totaal;2036;159771;128872;30899
6302;Mannen;Totaal;2037;159776;129395;30381
6303;Mannen;Totaal;2038;159806;129866;29940
6304;Mannen;Totaal;2039;159833;130271;29562
6305;Mannen;Totaal;2040;159864;130641;29223
6306;Mannen;Totaal;2041;159914;130966;28948
6307;Mannen;Totaal;2042;159962;131268;28694
6308;Mannen;Totaal;2043;159996;131562;28434
6309;Mannen;Totaal;2044;160044;131817;28227
6310;Mannen;Totaal;2045;160034;132055;27979
6311;Mannen;Totaal;2046;160045;132236;27809
6312;Mannen;Totaal;2047;160072;132384;27688
6313;Mannen;Totaal;2048;160081;132518;27563
6314;Mannen;Totaal;2049;160102;132651;27451
6315;Mannen;Totaal;2050;160121;132752;27369
6316;Mannen;Totaal;2051;160153;132930;27223
6317;Mannen;Totaal;2052;160160;133050;27110
6318;Mannen;Totaal;2053;160167;133135;27032
6319;Mannen;Totaal;2054;160181;133233;26948
6320;Mannen;Totaal;2055;160205;133341;26864
6321;Mannen;Totaal;2056;160234;133470;26764
6322;Mannen;Totaal;2057;160261;133601;26660
6323;Mannen;Totaal;2058;160305;133738;26567
6324;Mannen;Totaal;2059;160358;133877;26481
6325;Mannen;Totaal;2060;160388;134019;26369
6326;Mannen;Totaal;2061;160461;134162;26299
6327;Mannen;Totaal;2062;160506;134303;26203
6328;Mannen;Totaal;2063;160574;134438;26136
6329;Mannen;Totaal;2064;160648;134572;26076
6330;Mannen;Totaal;2065;160689;134711;25978
6331;Mannen;Totaal;2066;160773;134847;25926
6332;Mannen;Totaal;2067;160817;134980;25837
6333;Mannen;Totaal;2068;160853;135100;25753
6334;Mannen;Totaal;2069;160912;135217;25695
6335;Mannen;Totaal;2070;160963;135316;25647
6336;Mannen;0 jaar;2023;895;226;669
6337;Mannen;0 jaar;2024;876;237;639
6338;Mannen;0 jaar;2025;872;253;619
6339;Mannen;0 jaar;2026;869;271;598
6340;Mannen;0 jaar;2027;869;294;575
6341;Mannen;0 jaar;2028;873;320;553
6342;Mannen;0 jaar;2029;882;330;552
6343;Mannen;0 jaar;2030;889;341;548
6344;Mannen;0 jaar;2031;894;352;542
6345;Mannen;0 jaar;2032;898;361;537
6346;Mannen;0 jaar;2033;901;368;533
6347;Mannen;0 jaar;2034;903;375;528
6348;Mannen;0 jaar;2035;905;381;524
6349;Mannen;0 jaar;2036;905;385;520
6350;Mannen;0 jaar;2037;908;388;520
6351;Mannen;0 jaar;2038;908;390;518
6352;Mannen;0 jaar;2039;908;390;518
6353;Mannen;0 jaar;2040;908;390;518
6354;Mannen;0 jaar;2041;909;390;519
6355;Mannen;0 jaar;2042;909;389;520
6356;Mannen;0 jaar;2043;908;389;519
6357;Mannen;0 jaar;2044;907;388;519
6358;Mannen;0 jaar;2045;906;388;518
6359;Mannen;0 jaar;2046;906;387;519
6360;Mannen;0 jaar;2047;906;387;519
6361;Mannen;0 jaar;2048;906;386;520
6362;Mannen;0 jaar;2049;905;386;519
6363;Mannen;0 jaar;2050;905;386;519
6364;Mannen;0 jaar;2051;904;385;519
6365;Mannen;0 jaar;2052;904;386;518
6366;Mannen;0 jaar;2053;903;386;517
6367;Mannen;0 jaar;2054;903;386;517
6368;Mannen;0 jaar;2055;904;386;518
6369;Mannen;0 jaar;2056;904;386;518
6370;Mannen;0 jaar;2057;904;387;517
6371;Mannen;0 jaar;2058;904;388;516
6372;Mannen;0 jaar;2059;904;389;515
6373;Mannen;0 jaar;2060;904;389;515
6374;Mannen;0 jaar;2061;904;391;513
6375;Mannen;0 jaar;2062;904;392;512
6376;Mannen;0 jaar;2063;904;393;511
6377;Mannen;0 jaar;2064;905;395;510
6378;Mannen;0 jaar;2065;906;397;509
6379;Mannen;0 jaar;2066;906;398;508
6380;Mannen;0 jaar;2067;906;399;507
6381;Mannen;0 jaar;2068;907;400;507
6382;Mannen;0 jaar;2069;906;401;505
6383;Mannen;0 jaar;2070;906;403;503
6384;Mannen;1 jaar;2023;1445;768;677
6385;Mannen;1 jaar;2024;1382;774;608
6386;Mannen;1 jaar;2025;1357;816;541
6387;Mannen;1 jaar;2026;1331;869;462
6388;Mannen;1 jaar;2027;1333;933;400
6389;Mannen;1 jaar;2028;1344;1011;333
6390;Mannen;1 jaar;2029;1360;1039;321
6391;Mannen;1 jaar;2030;1372;1071;301
6392;Mannen;1 jaar;2031;1385;1103;282
6393;Mannen;1 jaar;2032;1393;1131;262
6394;Mannen;1 jaar;2033;1404;1153;251
6395;Mannen;1 jaar;2034;1407;1175;232
6396;Mannen;1 jaar;2035;1412;1194;218
6397;Mannen;1 jaar;2036;1414;1212;202
6398;Mannen;1 jaar;2037;1416;1226;190
6399;Mannen;1 jaar;2038;1417;1235;182
6400;Mannen;1 jaar;2039;1419;1239;180
6401;Mannen;1 jaar;2040;1419;1239;180
6402;Mannen;1 jaar;2041;1419;1238;181
6403;Mannen;1 jaar;2042;1419;1237;182
6404;Mannen;1 jaar;2043;1421;1235;186
6405;Mannen;1 jaar;2044;1421;1233;188
6406;Mannen;1 jaar;2045;1421;1232;189
6407;Mannen;1 jaar;2046;1420;1230;190
6408;Mannen;1 jaar;2047;1420;1228;192
6409;Mannen;1 jaar;2048;1418;1227;191
6410;Mannen;1 jaar;2049;1417;1225;192
6411;Mannen;1 jaar;2050;1417;1224;193
6412;Mannen;1 jaar;2051;1417;1223;194
6413;Mannen;1 jaar;2052;1417;1222;195
6414;Mannen;1 jaar;2053;1414;1221;193
6415;Mannen;1 jaar;2054;1416;1221;195
6416;Mannen;1 jaar;2055;1416;1221;195
6417;Mannen;1 jaar;2056;1418;1222;196
6418;Mannen;1 jaar;2057;1417;1222;195
6419;Mannen;1 jaar;2058;1416;1224;192
6420;Mannen;1 jaar;2059;1417;1226;191
6421;Mannen;1 jaar;2060;1418;1229;189
6422;Mannen;1 jaar;2061;1419;1232;187
6423;Mannen;1 jaar;2062;1417;1235;182
6424;Mannen;1 jaar;2063;1419;1240;179
6425;Mannen;1 jaar;2064;1420;1244;176
6426;Mannen;1 jaar;2065;1419;1248;171
6427;Mannen;1 jaar;2066;1419;1253;166
6428;Mannen;1 jaar;2067;1419;1257;162
6429;Mannen;1 jaar;2068;1418;1261;157
6430;Mannen;1 jaar;2069;1416;1265;151
6431;Mannen;1 jaar;2070;1418;1270;148
6432;Mannen;2 jaar;2023;1607;964;643
6433;Mannen;2 jaar;2024;1536;872;664
6434;Mannen;2 jaar;2025;1504;885;619
6435;Mannen;2 jaar;2026;1476;931;545
6436;Mannen;2 jaar;2027;1473;990;483
6437;Mannen;2 jaar;2028;1485;1064;421
6438;Mannen;2 jaar;2029;1497;1089;408
6439;Mannen;2 jaar;2030;1509;1117;392
6440;Mannen;2 jaar;2031;1525;1146;379
6441;Mannen;2 jaar;2032;1534;1173;361
6442;Mannen;2 jaar;2033;1540;1196;344
6443;Mannen;2 jaar;2034;1548;1219;329
6444;Mannen;2 jaar;2035;1552;1239;313
6445;Mannen;2 jaar;2036;1554;1259;295
6446;Mannen;2 jaar;2037;1557;1277;280
6447;Mannen;2 jaar;2038;1560;1290;270
6448;Mannen;2 jaar;2039;1562;1298;264
6449;Mannen;2 jaar;2040;1563;1301;262
6450;Mannen;2 jaar;2041;1564;1301;263
6451;Mannen;2 jaar;2042;1565;1299;266
6452;Mannen;2 jaar;2043;1566;1297;269
6453;Mannen;2 jaar;2044;1565;1296;269
6454;Mannen;2 jaar;2045;1565;1295;270
6455;Mannen;2 jaar;2046;1566;1292;274
6456;Mannen;2 jaar;2047;1565;1291;274
6457;Mannen;2 jaar;2048;1566;1289;277
6458;Mannen;2 jaar;2049;1562;1287;275
6459;Mannen;2 jaar;2050;1562;1286;276
6460;Mannen;2 jaar;2051;1561;1285;276
6461;Mannen;2 jaar;2052;1561;1283;278
6462;Mannen;2 jaar;2053;1560;1282;278
6463;Mannen;2 jaar;2054;1558;1281;277
6464;Mannen;2 jaar;2055;1557;1280;277
6465;Mannen;2 jaar;2056;1558;1280;278
6466;Mannen;2 jaar;2057;1558;1280;278
6467;Mannen;2 jaar;2058;1559;1281;278
6468;Mannen;2 jaar;2059;1560;1282;278
6469;Mannen;2 jaar;2060;1560;1284;276
6470;Mannen;2 jaar;2061;1559;1287;272
6471;Mannen;2 jaar;2062;1560;1289;271
6472;Mannen;2 jaar;2063;1560;1293;267
6473;Mannen;2 jaar;2064;1562;1297;265
6474;Mannen;2 jaar;2065;1560;1301;259
6475;Mannen;2 jaar;2066;1563;1306;257
6476;Mannen;2 jaar;2067;1563;1310;253
6477;Mannen;2 jaar;2068;1564;1314;250
6478;Mannen;2 jaar;2069;1563;1317;246
6479;Mannen;2 jaar;2070;1563;1324;239
6480;Mannen;3 jaar;2023;1582;974;608
6481;Mannen;3 jaar;2024;1519;1033;486
6482;Mannen;3 jaar;2025;1473;971;502
6483;Mannen;3 jaar;2026;1432;993;439
6484;Mannen;3 jaar;2027;1429;1048;381
6485;Mannen;3 jaar;2028;1435;1117;318
6486;Mannen;3 jaar;2029;1452;1137;315
6487;Mannen;3 jaar;2030;1464;1161;303
6488;Mannen;3 jaar;2031;1475;1185;290
6489;Mannen;3 jaar;2032;1489;1212;277
6490;Mannen;3 jaar;2033;1493;1234;259
6491;Mannen;3 jaar;2034;1496;1257;239
6492;Mannen;3 jaar;2035;1504;1279;225
6493;Mannen;3 jaar;2036;1507;1300;207
6494;Mannen;3 jaar;2037;1511;1319;192
6495;Mannen;3 jaar;2038;1514;1336;178
6496;Mannen;3 jaar;2039;1517;1348;169
6497;Mannen;3 jaar;2040;1519;1356;163
6498;Mannen;3 jaar;2041;1520;1358;162
6499;Mannen;3 jaar;2042;1521;1358;163
6500;Mannen;3 jaar;2043;1523;1357;166
6501;Mannen;3 jaar;2044;1524;1355;169
6502;Mannen;3 jaar;2045;1524;1353;171
6503;Mannen;3 jaar;2046;1524;1351;173
6504;Mannen;3 jaar;2047;1524;1348;176
6505;Mannen;3 jaar;2048;1523;1347;176
6506;Mannen;3 jaar;2049;1521;1345;176
6507;Mannen;3 jaar;2050;1519;1342;177
6508;Mannen;3 jaar;2051;1518;1341;177
6509;Mannen;3 jaar;2052;1517;1339;178
6510;Mannen;3 jaar;2053;1515;1338;177
6511;Mannen;3 jaar;2054;1515;1337;178
6512;Mannen;3 jaar;2055;1516;1335;181
6513;Mannen;3 jaar;2056;1517;1335;182
6514;Mannen;3 jaar;2057;1515;1334;181
6515;Mannen;3 jaar;2058;1514;1334;180
6516;Mannen;3 jaar;2059;1514;1336;178
6517;Mannen;3 jaar;2060;1513;1337;176
6518;Mannen;3 jaar;2061;1515;1339;176
6519;Mannen;3 jaar;2062;1515;1341;174
6520;Mannen;3 jaar;2063;1517;1343;174
6521;Mannen;3 jaar;2064;1518;1347;171
6522;Mannen;3 jaar;2065;1517;1350;167
6523;Mannen;3 jaar;2066;1517;1355;162
6524;Mannen;3 jaar;2067;1518;1360;158
6525;Mannen;3 jaar;2068;1521;1364;157
6526;Mannen;3 jaar;2069;1520;1367;153
6527;Mannen;3 jaar;2070;1520;1374;146
6528;Mannen;4 jaar;2023;1552;960;592
6529;Mannen;4 jaar;2024;1470;968;502
6530;Mannen;4 jaar;2025;1440;1032;408
6531;Mannen;4 jaar;2026;1384;991;393
6532;Mannen;4 jaar;2027;1374;1022;352
6533;Mannen;4 jaar;2028;1381;1082;299
6534;Mannen;4 jaar;2029;1396;1093;303
6535;Mannen;4 jaar;2030;1411;1111;300
6536;Mannen;4 jaar;2031;1419;1129;290
6537;Mannen;4 jaar;2032;1433;1149;284
6538;Mannen;4 jaar;2033;1438;1169;269
6539;Mannen;4 jaar;2034;1440;1190;250
6540;Mannen;4 jaar;2035;1446;1210;236
6541;Mannen;4 jaar;2036;1455;1230;225
6542;Mannen;4 jaar;2037;1457;1249;208
6543;Mannen;4 jaar;2038;1460;1265;195
6544;Mannen;4 jaar;2039;1464;1278;186
6545;Mannen;4 jaar;2040;1468;1289;179
6546;Mannen;4 jaar;2041;1469;1295;174
6547;Mannen;4 jaar;2042;1470;1297;173
6548;Mannen;4 jaar;2043;1471;1297;174
6549;Mannen;4 jaar;2044;1474;1295;179
6550;Mannen;4 jaar;2045;1474;1294;180
6551;Mannen;4 jaar;2046;1474;1291;183
6552;Mannen;4 jaar;2047;1474;1289;185
6553;Mannen;4 jaar;2048;1473;1287;186
6554;Mannen;4 jaar;2049;1473;1284;189
6555;Mannen;4 jaar;2050;1472;1282;190
6556;Mannen;4 jaar;2051;1468;1281;187
6557;Mannen;4 jaar;2052;1467;1278;189
6558;Mannen;4 jaar;2053;1466;1277;189
6559;Mannen;4 jaar;2054;1465;1275;190
6560;Mannen;4 jaar;2055;1464;1273;191
6561;Mannen;4 jaar;2056;1464;1272;192
6562;Mannen;4 jaar;2057;1464;1272;192
6563;Mannen;4 jaar;2058;1464;1271;193
6564;Mannen;4 jaar;2059;1464;1272;192
6565;Mannen;4 jaar;2060;1463;1272;191
6566;Mannen;4 jaar;2061;1463;1273;190
6567;Mannen;4 jaar;2062;1464;1275;189
6568;Mannen;4 jaar;2063;1463;1276;187
6569;Mannen;4 jaar;2064;1465;1279;186
6570;Mannen;4 jaar;2065;1467;1283;184
6571;Mannen;4 jaar;2066;1467;1286;181
6572;Mannen;4 jaar;2067;1467;1290;177
6573;Mannen;4 jaar;2068;1469;1293;176
6574;Mannen;4 jaar;2069;1470;1297;173
6575;Mannen;4 jaar;2070;1472;1305;167
6576;Mannen;5 jaar;2023;1542;959;583
6577;Mannen;5 jaar;2024;1466;956;510
6578;Mannen;5 jaar;2025;1420;973;447
6579;Mannen;5 jaar;2026;1384;1038;346
6580;Mannen;5 jaar;2027;1361;1018;343
6581;Mannen;5 jaar;2028;1371;1055;316
6582;Mannen;5 jaar;2029;1385;1061;324
6583;Mannen;5 jaar;2030;1394;1070;324
6584;Mannen;5 jaar;2031;1403;1084;319
6585;Mannen;5 jaar;2032;1415;1099;316
6586;Mannen;5 jaar;2033;1418;1115;303
6587;Mannen;5 jaar;2034;1420;1133;287
6588;Mannen;5 jaar;2035;1428;1153;275
6589;Mannen;5 jaar;2036;1437;1172;265
6590;Mannen;5 jaar;2037;1440;1191;249
6591;Mannen;5 jaar;2038;1443;1208;235
6592;Mannen;5 jaar;2039;1445;1222;223
6593;Mannen;5 jaar;2040;1450;1235;215
6594;Mannen;5 jaar;2041;1452;1244;208
6595;Mannen;5 jaar;2042;1455;1250;205
6596;Mannen;5 jaar;2043;1457;1252;205
6597;Mannen;5 jaar;2044;1458;1251;207
6598;Mannen;5 jaar;2045;1457;1250;207
6599;Mannen;5 jaar;2046;1457;1248;209
6600;Mannen;5 jaar;2047;1457;1246;211
6601;Mannen;5 jaar;2048;1457;1243;214
6602;Mannen;5 jaar;2049;1456;1241;215
6603;Mannen;5 jaar;2050;1455;1239;216
6604;Mannen;5 jaar;2051;1455;1237;218
6605;Mannen;5 jaar;2052;1454;1235;219
6606;Mannen;5 jaar;2053;1452;1233;219
6607;Mannen;5 jaar;2054;1451;1232;219
6608;Mannen;5 jaar;2055;1450;1230;220
6609;Mannen;5 jaar;2056;1451;1229;222
6610;Mannen;5 jaar;2057;1452;1227;225
6611;Mannen;5 jaar;2058;1452;1226;226
6612;Mannen;5 jaar;2059;1451;1226;225
6613;Mannen;5 jaar;2060;1451;1227;224
6614;Mannen;5 jaar;2061;1451;1227;224
6615;Mannen;5 jaar;2062;1451;1229;222
6616;Mannen;5 jaar;2063;1452;1230;222
6617;Mannen;5 jaar;2064;1452;1232;220
6618;Mannen;5 jaar;2065;1451;1234;217
6619;Mannen;5 jaar;2066;1453;1237;216
6620;Mannen;5 jaar;2067;1452;1241;211
6621;Mannen;5 jaar;2068;1453;1244;209
6622;Mannen;5 jaar;2069;1455;1248;207
6623;Mannen;5 jaar;2070;1455;1256;199
6624;Mannen;6 jaar;2023;1512;929;583
6625;Mannen;6 jaar;2024;1426;912;514
6626;Mannen;6 jaar;2025;1379;920;459
6627;Mannen;6 jaar;2026;1334;940;394
6628;Mannen;6 jaar;2027;1330;1012;318
6629;Mannen;6 jaar;2028;1327;1003;324
6630;Mannen;6 jaar;2029;1334;989;345
6631;Mannen;6 jaar;2030;1340;993;347
6632;Mannen;6 jaar;2031;1354;999;355
6633;Mannen;6 jaar;2032;1362;1010;352
6634;Mannen;6 jaar;2033;1367;1020;347
6635;Mannen;6 jaar;2034;1372;1034;338
6636;Mannen;6 jaar;2035;1377;1051;326
6637;Mannen;6 jaar;2036;1387;1068;319
6638;Mannen;6 jaar;2037;1390;1085;305
6639;Mannen;6 jaar;2038;1394;1101;293
6640;Mannen;6 jaar;2039;1399;1115;284
6641;Mannen;6 jaar;2040;1403;1127;276
6642;Mannen;6 jaar;2041;1406;1138;268
6643;Mannen;6 jaar;2042;1407;1145;262
6644;Mannen;6 jaar;2043;1411;1150;261
6645;Mannen;6 jaar;2044;1413;1152;261
6646;Mannen;6 jaar;2045;1413;1151;262
6647;Mannen;6 jaar;2046;1414;1149;265
6648;Mannen;6 jaar;2047;1412;1148;264
6649;Mannen;6 jaar;2048;1412;1145;267
6650;Mannen;6 jaar;2049;1413;1144;269
6651;Mannen;6 jaar;2050;1411;1142;269
6652;Mannen;6 jaar;2051;1410;1140;270
6653;Mannen;6 jaar;2052;1411;1137;274
6654;Mannen;6 jaar;2053;1410;1136;274
6655;Mannen;6 jaar;2054;1410;1133;277
6656;Mannen;6 jaar;2055;1410;1132;278
6657;Mannen;6 jaar;2056;1410;1130;280
6658;Mannen;6 jaar;2057;1410;1128;282
6659;Mannen;6 jaar;2058;1409;1128;281
6660;Mannen;6 jaar;2059;1407;1127;280
6661;Mannen;6 jaar;2060;1406;1127;279
6662;Mannen;6 jaar;2061;1406;1127;279
6663;Mannen;6 jaar;2062;1406;1128;278
6664;Mannen;6 jaar;2063;1406;1128;278
6665;Mannen;6 jaar;2064;1408;1130;278
6666;Mannen;6 jaar;2065;1407;1131;276
6667;Mannen;6 jaar;2066;1408;1134;274
6668;Mannen;6 jaar;2067;1411;1137;274
6669;Mannen;6 jaar;2068;1411;1140;271
6670;Mannen;6 jaar;2069;1412;1144;268
6671;Mannen;6 jaar;2070;1412;1150;262
6672;Mannen;7 jaar;2023;1469;872;597
6673;Mannen;7 jaar;2024;1370;859;511
6674;Mannen;7 jaar;2025;1314;856;458
6675;Mannen;7 jaar;2026;1261;870;391
6676;Mannen;7 jaar;2027;1249;900;349
6677;Mannen;7 jaar;2028;1263;970;293
6678;Mannen;7 jaar;2029;1267;919;348
6679;Mannen;7 jaar;2030;1273;907;366
6680;Mannen;7 jaar;2031;1282;909;373
6681;Mannen;7 jaar;2032;1295;913;382
6682;Mannen;7 jaar;2033;1297;920;377
6683;Mannen;7 jaar;2034;1300;930;370
6684;Mannen;7 jaar;2035;1307;941;366
6685;Mannen;7 jaar;2036;1313;956;357
6686;Mannen;7 jaar;2037;1316;970;346
6687;Mannen;7 jaar;2038;1322;984;338
6688;Mannen;7 jaar;2039;1328;997;331
6689;Mannen;7 jaar;2040;1334;1008;326
6690;Mannen;7 jaar;2041;1335;1018;317
6691;Mannen;7 jaar;2042;1341;1026;315
6692;Mannen;7 jaar;2043;1343;1033;310
6693;Mannen;7 jaar;2044;1346;1036;310
6694;Mannen;7 jaar;2045;1347;1037;310
6695;Mannen;7 jaar;2046;1347;1036;311
6696;Mannen;7 jaar;2047;1348;1035;313
6697;Mannen;7 jaar;2048;1347;1033;314
6698;Mannen;7 jaar;2049;1347;1031;316
6699;Mannen;7 jaar;2050;1349;1029;320
6700;Mannen;7 jaar;2051;1345;1027;318
6701;Mannen;7 jaar;2052;1345;1025;320
6702;Mannen;7 jaar;2053;1343;1023;320
6703;Mannen;7 jaar;2054;1343;1021;322
6704;Mannen;7 jaar;2055;1343;1019;324
6705;Mannen;7 jaar;2056;1344;1017;327
6706;Mannen;7 jaar;2057;1343;1016;327
6707;Mannen;7 jaar;2058;1342;1014;328
6708;Mannen;7 jaar;2059;1341;1014;327
6709;Mannen;7 jaar;2060;1341;1013;328
6710;Mannen;7 jaar;2061;1340;1013;327
6711;Mannen;7 jaar;2062;1341;1012;329
6712;Mannen;7 jaar;2063;1340;1013;327
6713;Mannen;7 jaar;2064;1340;1014;326
6714;Mannen;7 jaar;2065;1341;1015;326
6715;Mannen;7 jaar;2066;1341;1016;325
6716;Mannen;7 jaar;2067;1341;1019;322
6717;Mannen;7 jaar;2068;1342;1021;321
6718;Mannen;7 jaar;2069;1341;1023;318
6719;Mannen;7 jaar;2070;1342;1029;313
6720;Mannen;8 jaar;2023;1387;810;577
6721;Mannen;8 jaar;2024;1303;800;503
6722;Mannen;8 jaar;2025;1247;801;446
6723;Mannen;8 jaar;2026;1196;807;389
6724;Mannen;8 jaar;2027;1190;834;356
6725;Mannen;8 jaar;2028;1197;868;329
6726;Mannen;8 jaar;2029;1220;889;331
6727;Mannen;8 jaar;2030;1217;845;372
6728;Mannen;8 jaar;2031;1221;834;387
6729;Mannen;8 jaar;2032;1231;834;397
6730;Mannen;8 jaar;2033;1237;836;401
6731;Mannen;8 jaar;2034;1239;842;397
6732;Mannen;8 jaar;2035;1242;851;391
6733;Mannen;8 jaar;2036;1247;861;386
6734;Mannen;8 jaar;2037;1251;874;377
6735;Mannen;8 jaar;2038;1256;887;369
6736;Mannen;8 jaar;2039;1261;899;362
6737;Mannen;8 jaar;2040;1268;909;359
6738;Mannen;8 jaar;2041;1273;919;354
6739;Mannen;8 jaar;2042;1279;927;352
6740;Mannen;8 jaar;2043;1281;935;346
6741;Mannen;8 jaar;2044;1282;940;342
6742;Mannen;8 jaar;2045;1284;942;342
6743;Mannen;8 jaar;2046;1287;943;344
6744;Mannen;8 jaar;2047;1287;943;344
6745;Mannen;8 jaar;2048;1286;941;345
6746;Mannen;8 jaar;2049;1286;940;346
6747;Mannen;8 jaar;2050;1285;938;347
6748;Mannen;8 jaar;2051;1285;936;349
6749;Mannen;8 jaar;2052;1286;935;351
6750;Mannen;8 jaar;2053;1284;932;352
6751;Mannen;8 jaar;2054;1281;930;351
6752;Mannen;8 jaar;2055;1280;928;352
6753;Mannen;8 jaar;2056;1281;926;355
6754;Mannen;8 jaar;2057;1280;925;355
6755;Mannen;8 jaar;2058;1279;924;355
6756;Mannen;8 jaar;2059;1279;922;357
6757;Mannen;8 jaar;2060;1278;923;355
6758;Mannen;8 jaar;2061;1277;921;356
6759;Mannen;8 jaar;2062;1279;921;358
6760;Mannen;8 jaar;2063;1277;921;356
6761;Mannen;8 jaar;2064;1276;921;355
6762;Mannen;8 jaar;2065;1276;922;354
6763;Mannen;8 jaar;2066;1277;923;354
6764;Mannen;8 jaar;2067;1277;925;352
6765;Mannen;8 jaar;2068;1279;926;353
6766;Mannen;8 jaar;2069;1280;929;351
6767;Mannen;8 jaar;2070;1281;934;347
6768;Mannen;9 jaar;2023;1392;770;622
6769;Mannen;9 jaar;2024;1292;742;550
6770;Mannen;9 jaar;2025;1237;745;492
6771;Mannen;9 jaar;2026;1179;750;429
6772;Mannen;9 jaar;2027;1169;772;397
6773;Mannen;9 jaar;2028;1177;804;373
6774;Mannen;9 jaar;2029;1192;797;395
6775;Mannen;9 jaar;2030;1209;814;395
6776;Mannen;9 jaar;2031;1203;776;427
6777;Mannen;9 jaar;2032;1207;766;441
6778;Mannen;9 jaar;2033;1215;765;450
6779;Mannen;9 jaar;2034;1218;766;452
6780;Mannen;9 jaar;2035;1222;772;450
6781;Mannen;9 jaar;2036;1222;780;442
6782;Mannen;9 jaar;2037;1226;789;437
6783;Mannen;9 jaar;2038;1230;800;430
6784;Mannen;9 jaar;2039;1236;810;426
6785;Mannen;9 jaar;2040;1243;820;423
6786;Mannen;9 jaar;2041;1248;830;418
6787;Mannen;9 jaar;2042;1254;837;417
6788;Mannen;9 jaar;2043;1256;845;411
6789;Mannen;9 jaar;2044;1263;851;412
6790;Mannen;9 jaar;2045;1262;855;407
6791;Mannen;9 jaar;2046;1263;857;406
6792;Mannen;9 jaar;2047;1266;858;408
6793;Mannen;9 jaar;2048;1267;857;410
6794;Mannen;9 jaar;2049;1267;857;410
6795;Mannen;9 jaar;2050;1266;855;411
6796;Mannen;9 jaar;2051;1267;854;413
6797;Mannen;9 jaar;2052;1265;851;414
6798;Mannen;9 jaar;2053;1263;850;413
6799;Mannen;9 jaar;2054;1262;847;415
6800;Mannen;9 jaar;2055;1261;846;415
6801;Mannen;9 jaar;2056;1260;844;416
6802;Mannen;9 jaar;2057;1260;843;417
6803;Mannen;9 jaar;2058;1259;842;417
6804;Mannen;9 jaar;2059;1259;840;419
6805;Mannen;9 jaar;2060;1259;839;420
6806;Mannen;9 jaar;2061;1259;839;420
6807;Mannen;9 jaar;2062;1260;838;422
6808;Mannen;9 jaar;2063;1259;839;420
6809;Mannen;9 jaar;2064;1260;838;422
6810;Mannen;9 jaar;2065;1260;839;421
6811;Mannen;9 jaar;2066;1260;839;421
6812;Mannen;9 jaar;2067;1260;840;420
6813;Mannen;9 jaar;2068;1259;841;418
6814;Mannen;9 jaar;2069;1260;843;417
6815;Mannen;9 jaar;2070;1260;846;414
6816;Mannen;10 jaar;2023;1329;695;634
6817;Mannen;10 jaar;2024;1235;692;543
6818;Mannen;10 jaar;2025;1174;682;492
6819;Mannen;10 jaar;2026;1122;690;432
6820;Mannen;10 jaar;2027;1111;712;399
6821;Mannen;10 jaar;2028;1119;739;380
6822;Mannen;10 jaar;2029;1130;734;396
6823;Mannen;10 jaar;2030;1136;727;409
6824;Mannen;10 jaar;2031;1156;742;414
6825;Mannen;10 jaar;2032;1151;708;443
6826;Mannen;10 jaar;2033;1147;698;449
6827;Mannen;10 jaar;2034;1152;698;454
6828;Mannen;10 jaar;2035;1154;699;455
6829;Mannen;10 jaar;2036;1155;704;451
6830;Mannen;10 jaar;2037;1156;710;446
6831;Mannen;10 jaar;2038;1160;718;442
6832;Mannen;10 jaar;2039;1166;727;439
6833;Mannen;10 jaar;2040;1173;736;437
6834;Mannen;10 jaar;2041;1180;744;436
6835;Mannen;10 jaar;2042;1184;751;433
6836;Mannen;10 jaar;2043;1189;758;431
6837;Mannen;10 jaar;2044;1192;763;429
6838;Mannen;10 jaar;2045;1195;769;426
6839;Mannen;10 jaar;2046;1197;772;425
6840;Mannen;10 jaar;2047;1199;774;425
6841;Mannen;10 jaar;2048;1201;774;427
6842;Mannen;10 jaar;2049;1201;773;428
6843;Mannen;10 jaar;2050;1201;772;429
6844;Mannen;10 jaar;2051;1202;771;431
6845;Mannen;10 jaar;2052;1201;770;431
6846;Mannen;10 jaar;2053;1200;768;432
6847;Mannen;10 jaar;2054;1199;766;433
6848;Mannen;10 jaar;2055;1198;764;434
6849;Mannen;10 jaar;2056;1197;763;434
6850;Mannen;10 jaar;2057;1195;761;434
6851;Mannen;10 jaar;2058;1196;760;436
6852;Mannen;10 jaar;2059;1196;759;437
6853;Mannen;10 jaar;2060;1196;758;438
6854;Mannen;10 jaar;2061;1195;757;438
6855;Mannen;10 jaar;2062;1194;757;437
6856;Mannen;10 jaar;2063;1193;756;437
6857;Mannen;10 jaar;2064;1194;756;438
6858;Mannen;10 jaar;2065;1194;755;439
6859;Mannen;10 jaar;2066;1193;756;437
6860;Mannen;10 jaar;2067;1193;756;437
6861;Mannen;10 jaar;2068;1195;757;438
6862;Mannen;10 jaar;2069;1194;757;437
6863;Mannen;10 jaar;2070;1194;760;434
6864;Mannen;11 jaar;2023;1289;664;625
6865;Mannen;11 jaar;2024;1191;631;560
6866;Mannen;11 jaar;2025;1133;637;496
6867;Mannen;11 jaar;2026;1077;634;443
6868;Mannen;11 jaar;2027;1074;657;417
6869;Mannen;11 jaar;2028;1077;682;395
6870;Mannen;11 jaar;2029;1089;676;413
6871;Mannen;11 jaar;2030;1096;670;426
6872;Mannen;11 jaar;2031;1107;663;444
6873;Mannen;11 jaar;2032;1120;675;445
6874;Mannen;11 jaar;2033;1111;645;466
6875;Mannen;11 jaar;2034;1111;637;474
6876;Mannen;11 jaar;2035;1115;636;479
6877;Mannen;11 jaar;2036;1115;638;477
6878;Mannen;11 jaar;2037;1117;642;475
6879;Mannen;11 jaar;2038;1116;647;469
6880;Mannen;11 jaar;2039;1122;653;469
6881;Mannen;11 jaar;2040;1126;660;466
6882;Mannen;11 jaar;2041;1129;668;461
6883;Mannen;11 jaar;2042;1135;675;460
6884;Mannen;11 jaar;2043;1143;681;462
6885;Mannen;11 jaar;2044;1149;688;461
6886;Mannen;11 jaar;2045;1151;692;459
6887;Mannen;11 jaar;2046;1155;696;459
6888;Mannen;11 jaar;2047;1156;699;457
6889;Mannen;11 jaar;2048;1155;701;454
6890;Mannen;11 jaar;2049;1155;701;454
6891;Mannen;11 jaar;2050;1155;700;455
6892;Mannen;11 jaar;2051;1155;699;456
6893;Mannen;11 jaar;2052;1155;698;457
6894;Mannen;11 jaar;2053;1156;696;460
6895;Mannen;11 jaar;2054;1155;695;460
6896;Mannen;11 jaar;2055;1154;693;461
6897;Mannen;11 jaar;2056;1152;692;460
6898;Mannen;11 jaar;2057;1151;690;461
6899;Mannen;11 jaar;2058;1151;689;462
6900;Mannen;11 jaar;2059;1153;688;465
6901;Mannen;11 jaar;2060;1152;687;465
6902;Mannen;11 jaar;2061;1152;686;466
6903;Mannen;11 jaar;2062;1152;686;466
6904;Mannen;11 jaar;2063;1152;685;467
6905;Mannen;11 jaar;2064;1151;684;467
6906;Mannen;11 jaar;2065;1151;685;466
6907;Mannen;11 jaar;2066;1152;684;468
6908;Mannen;11 jaar;2067;1150;685;465
6909;Mannen;11 jaar;2068;1149;684;465
6910;Mannen;11 jaar;2069;1149;685;464
6911;Mannen;11 jaar;2070;1149;687;462
6912;Mannen;12 jaar;2023;1237;607;630
6913;Mannen;12 jaar;2024;1142;596;546
6914;Mannen;12 jaar;2025;1085;577;508
6915;Mannen;12 jaar;2026;1037;590;447
6916;Mannen;12 jaar;2027;1026;607;419
6917;Mannen;12 jaar;2028;1036;635;401
6918;Mannen;12 jaar;2029;1046;631;415
6919;Mannen;12 jaar;2030;1053;626;427
6920;Mannen;12 jaar;2031;1063;620;443
6921;Mannen;12 jaar;2032;1068;613;455
6922;Mannen;12 jaar;2033;1077;624;453
6923;Mannen;12 jaar;2034;1066;598;468
6924;Mannen;12 jaar;2035;1063;591;472
6925;Mannen;12 jaar;2036;1068;591;477
6926;Mannen;12 jaar;2037;1069;592;477
6927;Mannen;12 jaar;2038;1072;596;476
6928;Mannen;12 jaar;2039;1073;601;472
6929;Mannen;12 jaar;2040;1078;606;472
6930;Mannen;12 jaar;2041;1082;613;469
6931;Mannen;12 jaar;2042;1088;620;468
6932;Mannen;12 jaar;2043;1089;626;463
6933;Mannen;12 jaar;2044;1095;632;463
6934;Mannen;12 jaar;2045;1098;637;461
6935;Mannen;12 jaar;2046;1102;641;461
6936;Mannen;12 jaar;2047;1102;645;457
6937;Mannen;12 jaar;2048;1106;648;458
6938;Mannen;12 jaar;2049;1108;649;459
6939;Mannen;12 jaar;2050;1108;649;459
6940;Mannen;12 jaar;2051;1110;649;461
6941;Mannen;12 jaar;2052;1108;648;460
6942;Mannen;12 jaar;2053;1107;647;460
6943;Mannen;12 jaar;2054;1109;646;463
6944;Mannen;12 jaar;2055;1110;644;466
6945;Mannen;12 jaar;2056;1107;643;464
6946;Mannen;12 jaar;2057;1108;642;466
6947;Mannen;12 jaar;2058;1108;641;467
6948;Mannen;12 jaar;2059;1108;640;468
6949;Mannen;12 jaar;2060;1107;639;468
6950;Mannen;12 jaar;2061;1108;638;470
6951;Mannen;12 jaar;2062;1106;637;469
6952;Mannen;12 jaar;2063;1107;637;470
6953;Mannen;12 jaar;2064;1106;637;469
6954;Mannen;12 jaar;2065;1105;636;469
6955;Mannen;12 jaar;2066;1105;636;469
6956;Mannen;12 jaar;2067;1104;636;468
6957;Mannen;12 jaar;2068;1104;636;468
6958;Mannen;12 jaar;2069;1103;636;467
6959;Mannen;12 jaar;2070;1104;637;467
6960;Mannen;13 jaar;2023;1220;586;634
6961;Mannen;13 jaar;2024;1123;556;567
6962;Mannen;13 jaar;2025;1065;553;512
6963;Mannen;13 jaar;2026;1008;541;467
6964;Mannen;13 jaar;2027;1001;571;430
6965;Mannen;13 jaar;2028;1005;593;412
6966;Mannen;13 jaar;2029;1016;592;424
6967;Mannen;13 jaar;2030;1022;587;435
6968;Mannen;13 jaar;2031;1033;582;451
6969;Mannen;13 jaar;2032;1040;577;463
6970;Mannen;13 jaar;2033;1040;571;469
6971;Mannen;13 jaar;2034;1047;580;467
6972;Mannen;13 jaar;2035;1039;557;482
6973;Mannen;13 jaar;2036;1035;551;484
6974;Mannen;13 jaar;2037;1039;551;488
6975;Mannen;13 jaar;2038;1039;553;486
6976;Mannen;13 jaar;2039;1041;556;485
6977;Mannen;13 jaar;2040;1043;561;482
6978;Mannen;13 jaar;2041;1045;566;479
6979;Mannen;13 jaar;2042;1053;572;481
6980;Mannen;13 jaar;2043;1055;579;476
6981;Mannen;13 jaar;2044;1060;584;476
6982;Mannen;13 jaar;2045;1063;590;473
6983;Mannen;13 jaar;2046;1066;595;471
6984;Mannen;13 jaar;2047;1069;599;470
6985;Mannen;13 jaar;2048;1072;601;471
6986;Mannen;13 jaar;2049;1072;604;468
6987;Mannen;13 jaar;2050;1074;605;469
6988;Mannen;13 jaar;2051;1075;605;470
6989;Mannen;13 jaar;2052;1076;605;471
6990;Mannen;13 jaar;2053;1075;604;471
6991;Mannen;13 jaar;2054;1073;603;470
6992;Mannen;13 jaar;2055;1073;602;471
6993;Mannen;13 jaar;2056;1075;601;474
6994;Mannen;13 jaar;2057;1074;600;474
6995;Mannen;13 jaar;2058;1073;599;474
6996;Mannen;13 jaar;2059;1073;598;475
6997;Mannen;13 jaar;2060;1073;597;476
6998;Mannen;13 jaar;2061;1074;596;478
6999;Mannen;13 jaar;2062;1074;596;478
7000;Mannen;13 jaar;2063;1075;595;480
7001;Mannen;13 jaar;2064;1075;595;480
7002;Mannen;13 jaar;2065;1074;594;480
7003;Mannen;13 jaar;2066;1075;594;481
7004;Mannen;13 jaar;2067;1075;594;481
7005;Mannen;13 jaar;2068;1074;594;480
7006;Mannen;13 jaar;2069;1074;594;480
7007;Mannen;13 jaar;2070;1075;594;481
7008;Mannen;14 jaar;2023;1231;577;654
7009;Mannen;14 jaar;2024;1134;535;599
7010;Mannen;14 jaar;2025;1077;517;560
7011;Mannen;14 jaar;2026;1024;518;506
7012;Mannen;14 jaar;2027;1013;525;488
7013;Mannen;14 jaar;2028;1019;558;461
7014;Mannen;14 jaar;2029;1025;555;470
7015;Mannen;14 jaar;2030;1035;553;482
7016;Mannen;14 jaar;2031;1043;548;495
7017;Mannen;14 jaar;2032;1051;543;508
7018;Mannen;14 jaar;2033;1053;539;514
7019;Mannen;14 jaar;2034;1051;533;518
7020;Mannen;14 jaar;2035;1060;541;519
7021;Mannen;14 jaar;2036;1049;521;528
7022;Mannen;14 jaar;2037;1044;516;528
7023;Mannen;14 jaar;2038;1045;516;529
7024;Mannen;14 jaar;2039;1047;517;530
7025;Mannen;14 jaar;2040;1049;520;529
7026;Mannen;14 jaar;2041;1053;524;529
7027;Mannen;14 jaar;2042;1055;528;527
7028;Mannen;14 jaar;2043;1061;534;527
7029;Mannen;14 jaar;2044;1066;539;527
7030;Mannen;14 jaar;2045;1071;545;526
7031;Mannen;14 jaar;2046;1074;550;524
7032;Mannen;14 jaar;2047;1077;554;523
7033;Mannen;14 jaar;2048;1079;557;522
7034;Mannen;14 jaar;2049;1081;560;521
7035;Mannen;14 jaar;2050;1082;562;520
7036;Mannen;14 jaar;2051;1083;563;520
7037;Mannen;14 jaar;2052;1083;563;520
7038;Mannen;14 jaar;2053;1083;563;520
7039;Mannen;14 jaar;2054;1083;562;521
7040;Mannen;14 jaar;2055;1083;560;523
7041;Mannen;14 jaar;2056;1082;560;522
7042;Mannen;14 jaar;2057;1082;559;523
7043;Mannen;14 jaar;2058;1083;558;525
7044;Mannen;14 jaar;2059;1084;557;527
7045;Mannen;14 jaar;2060;1084;556;528
7046;Mannen;14 jaar;2061;1084;556;528
7047;Mannen;14 jaar;2062;1083;555;528
7048;Mannen;14 jaar;2063;1084;555;529
7049;Mannen;14 jaar;2064;1085;553;532
7050;Mannen;14 jaar;2065;1084;553;531
7051;Mannen;14 jaar;2066;1084;553;531
7052;Mannen;14 jaar;2067;1083;553;530
7053;Mannen;14 jaar;2068;1082;552;530
7054;Mannen;14 jaar;2069;1084;553;531
7055;Mannen;14 jaar;2070;1084;553;531
7056;Mannen;15 jaar;2023;1253;549;704
7057;Mannen;15 jaar;2024;1155;523;632
7058;Mannen;15 jaar;2025;1098;499;599
7059;Mannen;15 jaar;2026;1041;487;554
7060;Mannen;15 jaar;2027;1029;507;522
7061;Mannen;15 jaar;2028;1026;520;506
7062;Mannen;15 jaar;2029;1039;529;510
7063;Mannen;15 jaar;2030;1046;525;521
7064;Mannen;15 jaar;2031;1057;522;535
7065;Mannen;15 jaar;2032;1062;518;544
7066;Mannen;15 jaar;2033;1065;514;551
7067;Mannen;15 jaar;2034;1068;509;559
7068;Mannen;15 jaar;2035;1067;504;563
7069;Mannen;15 jaar;2036;1075;513;562
7070;Mannen;15 jaar;2037;1065;495;570
7071;Mannen;15 jaar;2038;1062;490;572
7072;Mannen;15 jaar;2039;1063;490;573
7073;Mannen;15 jaar;2040;1064;491;573
7074;Mannen;15 jaar;2041;1065;493;572
7075;Mannen;15 jaar;2042;1067;497;570
7076;Mannen;15 jaar;2043;1072;501;571
7077;Mannen;15 jaar;2044;1079;506;573
7078;Mannen;15 jaar;2045;1083;512;571
7079;Mannen;15 jaar;2046;1086;516;570
7080;Mannen;15 jaar;2047;1089;520;569
7081;Mannen;15 jaar;2048;1090;523;567
7082;Mannen;15 jaar;2049;1095;527;568
7083;Mannen;15 jaar;2050;1095;529;566
7084;Mannen;15 jaar;2051;1099;531;568
7085;Mannen;15 jaar;2052;1099;532;567
7086;Mannen;15 jaar;2053;1099;532;567
7087;Mannen;15 jaar;2054;1098;531;567
7088;Mannen;15 jaar;2055;1097;530;567
7089;Mannen;15 jaar;2056;1097;529;568
7090;Mannen;15 jaar;2057;1098;529;569
7091;Mannen;15 jaar;2058;1099;528;571
7092;Mannen;15 jaar;2059;1099;527;572
7093;Mannen;15 jaar;2060;1099;526;573
7094;Mannen;15 jaar;2061;1099;526;573
7095;Mannen;15 jaar;2062;1098;524;574
7096;Mannen;15 jaar;2063;1098;524;574
7097;Mannen;15 jaar;2064;1098;523;575
7098;Mannen;15 jaar;2065;1098;522;576
7099;Mannen;15 jaar;2066;1098;522;576
7100;Mannen;15 jaar;2067;1100;522;578
7101;Mannen;15 jaar;2068;1099;522;577
7102;Mannen;15 jaar;2069;1099;521;578
7103;Mannen;15 jaar;2070;1099;521;578
7104;Mannen;16 jaar;2023;1354;476;878
7105;Mannen;16 jaar;2024;1247;471;776
7106;Mannen;16 jaar;2025;1183;462;721
7107;Mannen;16 jaar;2026;1122;453;669
7108;Mannen;16 jaar;2027;1110;462;648
7109;Mannen;16 jaar;2028;1112;489;623
7110;Mannen;16 jaar;2029;1121;481;640
7111;Mannen;16 jaar;2030;1129;489;640
7112;Mannen;16 jaar;2031;1133;486;647
7113;Mannen;16 jaar;2032;1145;484;661
7114;Mannen;16 jaar;2033;1146;481;665
7115;Mannen;16 jaar;2034;1148;479;669
7116;Mannen;16 jaar;2035;1151;475;676
7117;Mannen;16 jaar;2036;1148;471;677
7118;Mannen;16 jaar;2037;1154;478;676
7119;Mannen;16 jaar;2038;1146;463;683
7120;Mannen;16 jaar;2039;1143;459;684
7121;Mannen;16 jaar;2040;1147;459;688
7122;Mannen;16 jaar;2041;1147;460;687
7123;Mannen;16 jaar;2042;1151;462;689
7124;Mannen;16 jaar;2043;1152;465;687
7125;Mannen;16 jaar;2044;1155;469;686
7126;Mannen;16 jaar;2045;1160;474;686
7127;Mannen;16 jaar;2046;1163;478;685
7128;Mannen;16 jaar;2047;1167;483;684
7129;Mannen;16 jaar;2048;1171;486;685
7130;Mannen;16 jaar;2049;1173;490;683
7131;Mannen;16 jaar;2050;1175;492;683
7132;Mannen;16 jaar;2051;1178;496;682
7133;Mannen;16 jaar;2052;1178;497;681
7134;Mannen;16 jaar;2053;1180;498;682
7135;Mannen;16 jaar;2054;1181;498;683
7136;Mannen;16 jaar;2055;1180;497;683
7137;Mannen;16 jaar;2056;1180;496;684
7138;Mannen;16 jaar;2057;1180;496;684
7139;Mannen;16 jaar;2058;1182;495;687
7140;Mannen;16 jaar;2059;1181;495;686
7141;Mannen;16 jaar;2060;1180;494;686
7142;Mannen;16 jaar;2061;1180;493;687
7143;Mannen;16 jaar;2062;1179;492;687
7144;Mannen;16 jaar;2063;1179;492;687
7145;Mannen;16 jaar;2064;1181;491;690
7146;Mannen;16 jaar;2065;1180;491;689
7147;Mannen;16 jaar;2066;1180;490;690
7148;Mannen;16 jaar;2067;1180;490;690
7149;Mannen;16 jaar;2068;1179;489;690
7150;Mannen;16 jaar;2069;1180;490;690
7151;Mannen;16 jaar;2070;1180;490;690
7152;Mannen;17 jaar;2023;1575;423;1152
7153;Mannen;17 jaar;2024;1401;411;990
7154;Mannen;17 jaar;2025;1302;411;891
7155;Mannen;17 jaar;2026;1210;408;802
7156;Mannen;17 jaar;2027;1201;420;781
7157;Mannen;17 jaar;2028;1203;436;767
7158;Mannen;17 jaar;2029;1213;440;773
7159;Mannen;17 jaar;2030;1218;435;783
7160;Mannen;17 jaar;2031;1230;441;789
7161;Mannen;17 jaar;2032;1235;439;796
7162;Mannen;17 jaar;2033;1240;437;803
7163;Mannen;17 jaar;2034;1238;435;803
7164;Mannen;17 jaar;2035;1239;434;805
7165;Mannen;17 jaar;2036;1243;431;812
7166;Mannen;17 jaar;2037;1239;427;812
7167;Mannen;17 jaar;2038;1247;434;813
7168;Mannen;17 jaar;2039;1239;421;818
7169;Mannen;17 jaar;2040;1236;416;820
7170;Mannen;17 jaar;2041;1239;417;822
7171;Mannen;17 jaar;2042;1241;418;823
7172;Mannen;17 jaar;2043;1243;420;823
7173;Mannen;17 jaar;2044;1245;423;822
7174;Mannen;17 jaar;2045;1249;427;822
7175;Mannen;17 jaar;2046;1253;431;822
7176;Mannen;17 jaar;2047;1258;435;823
7177;Mannen;17 jaar;2048;1259;438;821
7178;Mannen;17 jaar;2049;1263;441;822
7179;Mannen;17 jaar;2050;1265;444;821
7180;Mannen;17 jaar;2051;1270;447;823
7181;Mannen;17 jaar;2052;1270;449;821
7182;Mannen;17 jaar;2053;1270;450;820
7183;Mannen;17 jaar;2054;1270;451;819
7184;Mannen;17 jaar;2055;1270;451;819
7185;Mannen;17 jaar;2056;1270;450;820
7186;Mannen;17 jaar;2057;1271;450;821
7187;Mannen;17 jaar;2058;1273;450;823
7188;Mannen;17 jaar;2059;1274;449;825
7189;Mannen;17 jaar;2060;1274;449;825
7190;Mannen;17 jaar;2061;1275;448;827
7191;Mannen;17 jaar;2062;1274;447;827
7192;Mannen;17 jaar;2063;1274;447;827
7193;Mannen;17 jaar;2064;1275;446;829
7194;Mannen;17 jaar;2065;1275;446;829
7195;Mannen;17 jaar;2066;1275;445;830
7196;Mannen;17 jaar;2067;1275;445;830
7197;Mannen;17 jaar;2068;1275;445;830
7198;Mannen;17 jaar;2069;1275;445;830
7199;Mannen;17 jaar;2070;1275;444;831
7200;Mannen;18 jaar;2023;4439;765;3674
7201;Mannen;18 jaar;2024;4199;776;3423
7202;Mannen;18 jaar;2025;4073;792;3281
7203;Mannen;18 jaar;2026;3960;824;3136
7204;Mannen;18 jaar;2027;3963;864;3099
7205;Mannen;18 jaar;2028;3958;914;3044
7206;Mannen;18 jaar;2029;3972;910;3062
7207;Mannen;18 jaar;2030;3975;923;3052
7208;Mannen;18 jaar;2031;3975;915;3060
7209;Mannen;18 jaar;2032;3982;927;3055
7210;Mannen;18 jaar;2033;3972;926;3046
7211;Mannen;18 jaar;2034;3970;920;3050
7212;Mannen;18 jaar;2035;3970;919;3051
7213;Mannen;18 jaar;2036;3971;917;3054
7214;Mannen;18 jaar;2037;3975;912;3063
7215;Mannen;18 jaar;2038;3973;907;3066
7216;Mannen;18 jaar;2039;3978;916;3062
7217;Mannen;18 jaar;2040;3967;895;3072
7218;Mannen;18 jaar;2041;3962;887;3075
7219;Mannen;18 jaar;2042;3967;886;3081
7220;Mannen;18 jaar;2043;3971;887;3084
7221;Mannen;18 jaar;2044;3974;889;3085
7222;Mannen;18 jaar;2045;3978;893;3085
7223;Mannen;18 jaar;2046;3986;896;3090
7224;Mannen;18 jaar;2047;3993;901;3092
7225;Mannen;18 jaar;2048;4001;906;3095
7226;Mannen;18 jaar;2049;4009;910;3099
7227;Mannen;18 jaar;2050;4015;913;3102
7228;Mannen;18 jaar;2051;4023;917;3106
7229;Mannen;18 jaar;2052;4025;920;3105
7230;Mannen;18 jaar;2053;4031;922;3109
7231;Mannen;18 jaar;2054;4033;923;3110
7232;Mannen;18 jaar;2055;4035;922;3113
7233;Mannen;18 jaar;2056;4035;922;3113
7234;Mannen;18 jaar;2057;4036;921;3115
7235;Mannen;18 jaar;2058;4037;919;3118
7236;Mannen;18 jaar;2059;4039;918;3121
7237;Mannen;18 jaar;2060;4038;917;3121
7238;Mannen;18 jaar;2061;4037;915;3122
7239;Mannen;18 jaar;2062;4036;914;3122
7240;Mannen;18 jaar;2063;4036;913;3123
7241;Mannen;18 jaar;2064;4034;911;3123
7242;Mannen;18 jaar;2065;4034;910;3124
7243;Mannen;18 jaar;2066;4035;909;3126
7244;Mannen;18 jaar;2067;4035;908;3127
7245;Mannen;18 jaar;2068;4035;907;3128
7246;Mannen;18 jaar;2069;4034;906;3128
7247;Mannen;18 jaar;2070;4036;905;3131
7248;Mannen;19 jaar;2023;5488;1326;4162
7249;Mannen;19 jaar;2024;5384;1362;4022
7250;Mannen;19 jaar;2025;5308;1396;3912
7251;Mannen;19 jaar;2026;5202;1442;3760
7252;Mannen;19 jaar;2027;5208;1518;3690
7253;Mannen;19 jaar;2028;5196;1584;3612
7254;Mannen;19 jaar;2029;5201;1584;3617
7255;Mannen;19 jaar;2030;5196;1570;3626
7256;Mannen;19 jaar;2031;5187;1579;3608
7257;Mannen;19 jaar;2032;5172;1561;3611
7258;Mannen;19 jaar;2033;5154;1569;3585
7259;Mannen;19 jaar;2034;5133;1564;3569
7260;Mannen;19 jaar;2035;5145;1555;3590
7261;Mannen;19 jaar;2036;5141;1553;3588
7262;Mannen;19 jaar;2037;5141;1548;3593
7263;Mannen;19 jaar;2038;5146;1541;3605
7264;Mannen;19 jaar;2039;5141;1532;3609
7265;Mannen;19 jaar;2040;5149;1543;3606
7266;Mannen;19 jaar;2041;5137;1513;3624
7267;Mannen;19 jaar;2042;5133;1502;3631
7268;Mannen;19 jaar;2043;5136;1500;3636
7269;Mannen;19 jaar;2044;5141;1499;3642
7270;Mannen;19 jaar;2045;5144;1500;3644
7271;Mannen;19 jaar;2046;5148;1502;3646
7272;Mannen;19 jaar;2047;5159;1505;3654
7273;Mannen;19 jaar;2048;5165;1510;3655
7274;Mannen;19 jaar;2049;5174;1514;3660
7275;Mannen;19 jaar;2050;5184;1517;3667
7276;Mannen;19 jaar;2051;5190;1521;3669
7277;Mannen;19 jaar;2052;5197;1524;3673
7278;Mannen;19 jaar;2053;5200;1525;3675
7279;Mannen;19 jaar;2054;5208;1526;3682
7280;Mannen;19 jaar;2055;5210;1526;3684
7281;Mannen;19 jaar;2056;5213;1525;3688
7282;Mannen;19 jaar;2057;5213;1523;3690
7283;Mannen;19 jaar;2058;5213;1520;3693
7284;Mannen;19 jaar;2059;5213;1517;3696
7285;Mannen;19 jaar;2060;5213;1514;3699
7286;Mannen;19 jaar;2061;5213;1511;3702
7287;Mannen;19 jaar;2062;5214;1508;3706
7288;Mannen;19 jaar;2063;5213;1506;3707
7289;Mannen;19 jaar;2064;5213;1503;3710
7290;Mannen;19 jaar;2065;5213;1500;3713
7291;Mannen;19 jaar;2066;5214;1497;3717
7292;Mannen;19 jaar;2067;5214;1495;3719
7293;Mannen;19 jaar;2068;5212;1493;3719
7294;Mannen;19 jaar;2069;5212;1491;3721
7295;Mannen;19 jaar;2070;5213;1488;3725
7296;Mannen;20 jaar;2023;5373;2198;3175
7297;Mannen;20 jaar;2024;5277;2240;3037
7298;Mannen;20 jaar;2025;5204;2281;2923
7299;Mannen;20 jaar;2026;5106;2347;2759
7300;Mannen;20 jaar;2027;5106;2445;2661
7301;Mannen;20 jaar;2028;5096;2552;2544
7302;Mannen;20 jaar;2029;5108;2548;2560
7303;Mannen;20 jaar;2030;5102;2537;2565
7304;Mannen;20 jaar;2031;5099;2508;2591
7305;Mannen;20 jaar;2032;5086;2506;2580
7306;Mannen;20 jaar;2033;5057;2472;2585
7307;Mannen;20 jaar;2034;5043;2482;2561
7308;Mannen;20 jaar;2035;5041;2472;2569
7309;Mannen;20 jaar;2036;5050;2458;2592
7310;Mannen;20 jaar;2037;5048;2454;2594
7311;Mannen;20 jaar;2038;5050;2445;2605
7312;Mannen;20 jaar;2039;5052;2432;2620
7313;Mannen;20 jaar;2040;5047;2421;2626
7314;Mannen;20 jaar;2041;5057;2434;2623
7315;Mannen;20 jaar;2042;5047;2394;2653
7316;Mannen;20 jaar;2043;5044;2379;2665
7317;Mannen;20 jaar;2044;5045;2373;2672
7318;Mannen;20 jaar;2045;5049;2369;2680
7319;Mannen;20 jaar;2046;5053;2368;2685
7320;Mannen;20 jaar;2047;5059;2367;2692
7321;Mannen;20 jaar;2048;5064;2368;2696
7322;Mannen;20 jaar;2049;5072;2370;2702
7323;Mannen;20 jaar;2050;5078;2372;2706
7324;Mannen;20 jaar;2051;5085;2375;2710
7325;Mannen;20 jaar;2052;5091;2377;2714
7326;Mannen;20 jaar;2053;5100;2377;2723
7327;Mannen;20 jaar;2054;5103;2376;2727
7328;Mannen;20 jaar;2055;5107;2374;2733
7329;Mannen;20 jaar;2056;5110;2373;2737
7330;Mannen;20 jaar;2057;5111;2369;2742
7331;Mannen;20 jaar;2058;5111;2365;2746
7332;Mannen;20 jaar;2059;5112;2359;2753
7333;Mannen;20 jaar;2060;5112;2354;2758
7334;Mannen;20 jaar;2061;5111;2349;2762
7335;Mannen;20 jaar;2062;5111;2344;2767
7336;Mannen;20 jaar;2063;5112;2339;2773
7337;Mannen;20 jaar;2064;5113;2333;2780
7338;Mannen;20 jaar;2065;5112;2328;2784
7339;Mannen;20 jaar;2066;5112;2324;2788
7340;Mannen;20 jaar;2067;5112;2320;2792
7341;Mannen;20 jaar;2068;5112;2315;2797
7342;Mannen;20 jaar;2069;5112;2311;2801
7343;Mannen;20 jaar;2070;5112;2306;2806
7344;Mannen;21 jaar;2023;5479;3016;2463
7345;Mannen;21 jaar;2024;5388;3358;2030
7346;Mannen;21 jaar;2025;5320;3387;1933
7347;Mannen;21 jaar;2026;5224;3436;1788
7348;Mannen;21 jaar;2027;5237;3564;1673
7349;Mannen;21 jaar;2028;5232;3701;1531
7350;Mannen;21 jaar;2029;5250;3719;1531
7351;Mannen;21 jaar;2030;5256;3703;1553
7352;Mannen;21 jaar;2031;5261;3680;1581
7353;Mannen;21 jaar;2032;5254;3637;1617
7354;Mannen;21 jaar;2033;5237;3623;1614
7355;Mannen;21 jaar;2034;5208;3591;1617
7356;Mannen;21 jaar;2035;5220;3601;1619
7357;Mannen;21 jaar;2036;5216;3588;1628
7358;Mannen;21 jaar;2037;5222;3575;1647
7359;Mannen;21 jaar;2038;5218;3568;1650
7360;Mannen;21 jaar;2039;5222;3553;1669
7361;Mannen;21 jaar;2040;5223;3537;1686
7362;Mannen;21 jaar;2041;5223;3523;1700
7363;Mannen;21 jaar;2042;5230;3539;1691
7364;Mannen;21 jaar;2043;5218;3491;1727
7365;Mannen;21 jaar;2044;5218;3472;1746
7366;Mannen;21 jaar;2045;5216;3463;1753
7367;Mannen;21 jaar;2046;5217;3456;1761
7368;Mannen;21 jaar;2047;5222;3452;1770
7369;Mannen;21 jaar;2048;5229;3450;1779
7370;Mannen;21 jaar;2049;5231;3449;1782
7371;Mannen;21 jaar;2050;5240;3450;1790
7372;Mannen;21 jaar;2051;5249;3452;1797
7373;Mannen;21 jaar;2052;5254;3452;1802
7374;Mannen;21 jaar;2053;5260;3451;1809
7375;Mannen;21 jaar;2054;5266;3449;1817
7376;Mannen;21 jaar;2055;5271;3447;1824
7377;Mannen;21 jaar;2056;5275;3444;1831
7378;Mannen;21 jaar;2057;5280;3439;1841
7379;Mannen;21 jaar;2058;5282;3435;1847
7380;Mannen;21 jaar;2059;5281;3427;1854
7381;Mannen;21 jaar;2060;5282;3420;1862
7382;Mannen;21 jaar;2061;5282;3412;1870
7383;Mannen;21 jaar;2062;5282;3404;1878
7384;Mannen;21 jaar;2063;5281;3397;1884
7385;Mannen;21 jaar;2064;5282;3389;1893
7386;Mannen;21 jaar;2065;5281;3381;1900
7387;Mannen;21 jaar;2066;5281;3374;1907
7388;Mannen;21 jaar;2067;5282;3368;1914
7389;Mannen;21 jaar;2068;5283;3362;1921
7390;Mannen;21 jaar;2069;5281;3355;1926
7391;Mannen;21 jaar;2070;5281;3348;1933
7392;Mannen;22 jaar;2023;6160;3598;2562
7393;Mannen;22 jaar;2024;6072;3983;2089
7394;Mannen;22 jaar;2025;6009;4314;1695
7395;Mannen;22 jaar;2026;5914;4346;1568
7396;Mannen;22 jaar;2027;5932;4427;1505
7397;Mannen;22 jaar;2028;5922;4569;1353
7398;Mannen;22 jaar;2029;5940;4579;1361
7399;Mannen;22 jaar;2030;5952;4583;1369
7400;Mannen;22 jaar;2031;5962;4556;1406
7401;Mannen;22 jaar;2032;5959;4524;1435
7402;Mannen;22 jaar;2033;5936;4469;1467
7403;Mannen;22 jaar;2034;5911;4462;1449
7404;Mannen;22 jaar;2035;5908;4429;1479
7405;Mannen;22 jaar;2036;5912;4439;1473
7406;Mannen;22 jaar;2037;5910;4423;1487
7407;Mannen;22 jaar;2038;5919;4410;1509
7408;Mannen;22 jaar;2039;5913;4400;1513
7409;Mannen;22 jaar;2040;5914;4385;1529
7410;Mannen;22 jaar;2041;5920;4368;1552
7411;Mannen;22 jaar;2042;5919;4353;1566
7412;Mannen;22 jaar;2043;5924;4372;1552
7413;Mannen;22 jaar;2044;5913;4319;1594
7414;Mannen;22 jaar;2045;5908;4298;1610
7415;Mannen;22 jaar;2046;5911;4287;1624
7416;Mannen;22 jaar;2047;5912;4279;1633
7417;Mannen;22 jaar;2048;5915;4274;1641
7418;Mannen;22 jaar;2049;5921;4271;1650
7419;Mannen;22 jaar;2050;5925;4270;1655
7420;Mannen;22 jaar;2051;5930;4273;1657
7421;Mannen;22 jaar;2052;5939;4274;1665
7422;Mannen;22 jaar;2053;5945;4274;1671
7423;Mannen;22 jaar;2054;5949;4272;1677
7424;Mannen;22 jaar;2055;5956;4270;1686
7425;Mannen;22 jaar;2056;5960;4269;1691
7426;Mannen;22 jaar;2057;5965;4265;1700
7427;Mannen;22 jaar;2058;5966;4261;1705
7428;Mannen;22 jaar;2059;5970;4255;1715
7429;Mannen;22 jaar;2060;5972;4247;1725
7430;Mannen;22 jaar;2061;5974;4238;1736
7431;Mannen;22 jaar;2062;5974;4230;1744
7432;Mannen;22 jaar;2063;5974;4221;1753
7433;Mannen;22 jaar;2064;5973;4211;1762
7434;Mannen;22 jaar;2065;5972;4203;1769
7435;Mannen;22 jaar;2066;5971;4195;1776
7436;Mannen;22 jaar;2067;5971;4187;1784
7437;Mannen;22 jaar;2068;5971;4179;1792
7438;Mannen;22 jaar;2069;5971;4171;1800
7439;Mannen;22 jaar;2070;5971;4163;1808
7440;Mannen;23 jaar;2023;6589;3972;2617
7441;Mannen;23 jaar;2024;6497;4219;2278
7442;Mannen;23 jaar;2025;6431;4542;1889
7443;Mannen;23 jaar;2026;6337;4821;1516
7444;Mannen;23 jaar;2027;6348;4885;1463
7445;Mannen;23 jaar;2028;6341;4970;1371
7446;Mannen;23 jaar;2029;6361;4965;1396
7447;Mannen;23 jaar;2030;6361;4953;1408
7448;Mannen;23 jaar;2031;6378;4950;1428
7449;Mannen;23 jaar;2032;6374;4919;1455
7450;Mannen;23 jaar;2033;6357;4879;1478
7451;Mannen;23 jaar;2034;6333;4846;1487
7452;Mannen;23 jaar;2035;6326;4838;1488
7453;Mannen;23 jaar;2036;6322;4810;1512
7454;Mannen;23 jaar;2037;6326;4819;1507
7455;Mannen;23 jaar;2038;6325;4804;1521
7456;Mannen;23 jaar;2039;6331;4790;1541
7457;Mannen;23 jaar;2040;6326;4780;1546
7458;Mannen;23 jaar;2041;6329;4764;1565
7459;Mannen;23 jaar;2042;6335;4751;1584
7460;Mannen;23 jaar;2043;6329;4736;1593
7461;Mannen;23 jaar;2044;6340;4758;1582
7462;Mannen;23 jaar;2045;6326;4704;1622
7463;Mannen;23 jaar;2046;6320;4682;1638
7464;Mannen;23 jaar;2047;6323;4671;1652
7465;Mannen;23 jaar;2048;6325;4663;1662
7466;Mannen;23 jaar;2049;6327;4658;1669
7467;Mannen;23 jaar;2050;6331;4655;1676
7468;Mannen;23 jaar;2051;6337;4657;1680
7469;Mannen;23 jaar;2052;6342;4660;1682
7470;Mannen;23 jaar;2053;6350;4662;1688
7471;Mannen;23 jaar;2054;6358;4663;1695
7472;Mannen;23 jaar;2055;6362;4664;1698
7473;Mannen;23 jaar;2056;6367;4664;1703
7474;Mannen;23 jaar;2057;6374;4663;1711
7475;Mannen;23 jaar;2058;6378;4661;1717
7476;Mannen;23 jaar;2059;6379;4657;1722
7477;Mannen;23 jaar;2060;6383;4652;1731
7478;Mannen;23 jaar;2061;6386;4645;1741
7479;Mannen;23 jaar;2062;6388;4636;1752
7480;Mannen;23 jaar;2063;6388;4628;1760
7481;Mannen;23 jaar;2064;6387;4619;1768
7482;Mannen;23 jaar;2065;6386;4611;1775
7483;Mannen;23 jaar;2066;6387;4602;1785
7484;Mannen;23 jaar;2067;6386;4594;1792
7485;Mannen;23 jaar;2068;6385;4586;1799
7486;Mannen;23 jaar;2069;6384;4578;1806
7487;Mannen;23 jaar;2070;6385;4569;1816
7488;Mannen;24 jaar;2023;6670;4052;2618
7489;Mannen;24 jaar;2024;6580;4396;2184
7490;Mannen;24 jaar;2025;6508;4587;1921
7491;Mannen;24 jaar;2026;6408;4857;1551
7492;Mannen;24 jaar;2027;6424;5106;1318
7493;Mannen;24 jaar;2028;6413;5182;1231
7494;Mannen;24 jaar;2029;6425;5124;1301
7495;Mannen;24 jaar;2030;6434;5103;1331
7496;Mannen;24 jaar;2031;6434;5079;1355
7497;Mannen;24 jaar;2032;6439;5074;1365
7498;Mannen;24 jaar;2033;6422;5040;1382
7499;Mannen;24 jaar;2034;6403;5024;1379
7500;Mannen;24 jaar;2035;6400;4995;1405
7501;Mannen;24 jaar;2036;6396;4987;1409
7502;Mannen;24 jaar;2037;6386;4963;1423
7503;Mannen;24 jaar;2038;6391;4969;1422
7504;Mannen;24 jaar;2039;6389;4953;1436
7505;Mannen;24 jaar;2040;6395;4939;1456
7506;Mannen;24 jaar;2041;6390;4928;1462
7507;Mannen;24 jaar;2042;6393;4914;1479
7508;Mannen;24 jaar;2043;6398;4904;1494
7509;Mannen;24 jaar;2044;6395;4890;1505
7510;Mannen;24 jaar;2045;6407;4914;1493
7511;Mannen;24 jaar;2046;6388;4858;1530
7512;Mannen;24 jaar;2047;6384;4837;1547
7513;Mannen;24 jaar;2048;6384;4826;1558
7514;Mannen;24 jaar;2049;6387;4819;1568
7515;Mannen;24 jaar;2050;6389;4814;1575
7516;Mannen;24 jaar;2051;6393;4816;1577
7517;Mannen;24 jaar;2052;6398;4818;1580
7518;Mannen;24 jaar;2053;6404;4822;1582
7519;Mannen;24 jaar;2054;6412;4827;1585
7520;Mannen;24 jaar;2055;6420;4831;1589
7521;Mannen;24 jaar;2056;6425;4833;1592
7522;Mannen;24 jaar;2057;6432;4836;1596
7523;Mannen;24 jaar;2058;6438;4836;1602
7524;Mannen;24 jaar;2059;6442;4836;1606
7525;Mannen;24 jaar;2060;6446;4834;1612
7526;Mannen;24 jaar;2061;6449;4830;1619
7527;Mannen;24 jaar;2062;6453;4823;1630
7528;Mannen;24 jaar;2063;6454;4816;1638
7529;Mannen;24 jaar;2064;6453;4807;1646
7530;Mannen;24 jaar;2065;6452;4799;1653
7531;Mannen;24 jaar;2066;6452;4791;1661
7532;Mannen;24 jaar;2067;6452;4783;1669
7533;Mannen;24 jaar;2068;6449;4775;1674
7534;Mannen;24 jaar;2069;6448;4767;1681
7535;Mannen;24 jaar;2070;6446;4758;1688
7536;Mannen;25 jaar;2023;6614;3970;2644
7537;Mannen;25 jaar;2024;6523;4260;2263
7538;Mannen;25 jaar;2025;6459;4534;1925
7539;Mannen;25 jaar;2026;6355;4684;1671
7540;Mannen;25 jaar;2027;6372;4926;1446
7541;Mannen;25 jaar;2028;6371;5133;1238
7542;Mannen;25 jaar;2029;6385;5065;1320
7543;Mannen;25 jaar;2030;6382;5005;1377
7544;Mannen;25 jaar;2031;6390;4977;1413
7545;Mannen;25 jaar;2032;6385;4944;1441
7546;Mannen;25 jaar;2033;6373;4937;1436
7547;Mannen;25 jaar;2034;6356;4926;1430
7548;Mannen;25 jaar;2035;6357;4913;1444
7549;Mannen;25 jaar;2036;6352;4890;1462
7550;Mannen;25 jaar;2037;6347;4882;1465
7551;Mannen;25 jaar;2038;6337;4859;1478
7552;Mannen;25 jaar;2039;6345;4864;1481
7553;Mannen;25 jaar;2040;6337;4849;1488
7554;Mannen;25 jaar;2041;6349;4836;1513
7555;Mannen;25 jaar;2042;6343;4824;1519
7556;Mannen;25 jaar;2043;6345;4814;1531
7557;Mannen;25 jaar;2044;6347;4806;1541
7558;Mannen;25 jaar;2045;6344;4792;1552
7559;Mannen;25 jaar;2046;6358;4819;1539
7560;Mannen;25 jaar;2047;6336;4761;1575
7561;Mannen;25 jaar;2048;6331;4741;1590
7562;Mannen;25 jaar;2049;6333;4732;1601
7563;Mannen;25 jaar;2050;6335;4726;1609
7564;Mannen;25 jaar;2051;6337;4725;1612
7565;Mannen;25 jaar;2052;6340;4728;1612
7566;Mannen;25 jaar;2053;6346;4731;1615
7567;Mannen;25 jaar;2054;6353;4738;1615
7568;Mannen;25 jaar;2055;6361;4745;1616
7569;Mannen;25 jaar;2056;6370;4752;1618
7570;Mannen;25 jaar;2057;6378;4757;1621
7571;Mannen;25 jaar;2058;6385;4761;1624
7572;Mannen;25 jaar;2059;6390;4764;1626
7573;Mannen;25 jaar;2060;6395;4765;1630
7574;Mannen;25 jaar;2061;6400;4765;1635
7575;Mannen;25 jaar;2062;6404;4762;1642
7576;Mannen;25 jaar;2063;6404;4757;1647
7577;Mannen;25 jaar;2064;6404;4750;1654
7578;Mannen;25 jaar;2065;6405;4743;1662
7579;Mannen;25 jaar;2066;6404;4736;1668
7580;Mannen;25 jaar;2067;6403;4728;1675
7581;Mannen;25 jaar;2068;6404;4721;1683
7582;Mannen;25 jaar;2069;6403;4713;1690
7583;Mannen;25 jaar;2070;6401;4705;1696
7584;Mannen;26 jaar;2023;6437;3730;2707
7585;Mannen;26 jaar;2024;6353;4028;2325
7586;Mannen;26 jaar;2025;6285;4264;2021
7587;Mannen;26 jaar;2026;6188;4497;1691
7588;Mannen;26 jaar;2027;6199;4647;1552
7589;Mannen;26 jaar;2028;6198;4863;1335
7590;Mannen;26 jaar;2029;6218;4891;1327
7591;Mannen;26 jaar;2030;6217;4827;1390
7592;Mannen;26 jaar;2031;6217;4773;1444
7593;Mannen;26 jaar;2032;6218;4744;1474
7594;Mannen;26 jaar;2033;6193;4707;1486
7595;Mannen;26 jaar;2034;6180;4721;1459
7596;Mannen;26 jaar;2035;6184;4715;1469
7597;Mannen;26 jaar;2036;6184;4706;1478
7598;Mannen;26 jaar;2037;6179;4689;1490
7599;Mannen;26 jaar;2038;6168;4680;1488
7600;Mannen;26 jaar;2039;6165;4659;1506
7601;Mannen;26 jaar;2040;6170;4664;1506
7602;Mannen;26 jaar;2041;6166;4648;1518
7603;Mannen;26 jaar;2042;6172;4635;1537
7604;Mannen;26 jaar;2043;6166;4624;1542
7605;Mannen;26 jaar;2044;6166;4615;1551
7606;Mannen;26 jaar;2045;6173;4609;1564
7607;Mannen;26 jaar;2046;6168;4595;1573
7608;Mannen;26 jaar;2047;6183;4621;1562
7609;Mannen;26 jaar;2048;6163;4564;1599
7610;Mannen;26 jaar;2049;6156;4546;1610
7611;Mannen;26 jaar;2050;6157;4537;1620
7612;Mannen;26 jaar;2051;6160;4534;1626
7613;Mannen;26 jaar;2052;6162;4533;1629
7614;Mannen;26 jaar;2053;6163;4536;1627
7615;Mannen;26 jaar;2054;6169;4540;1629
7616;Mannen;26 jaar;2055;6175;4548;1627
7617;Mannen;26 jaar;2056;6184;4558;1626
7618;Mannen;26 jaar;2057;6193;4565;1628
7619;Mannen;26 jaar;2058;6201;4572;1629
7620;Mannen;26 jaar;2059;6205;4577;1628
7621;Mannen;26 jaar;2060;6209;4581;1628
7622;Mannen;26 jaar;2061;6218;4583;1635
7623;Mannen;26 jaar;2062;6219;4584;1635
7624;Mannen;26 jaar;2063;6221;4582;1639
7625;Mannen;26 jaar;2064;6225;4578;1647
7626;Mannen;26 jaar;2065;6229;4572;1657
7627;Mannen;26 jaar;2066;6229;4565;1664
7628;Mannen;26 jaar;2067;6227;4559;1668
7629;Mannen;26 jaar;2068;6226;4552;1674
7630;Mannen;26 jaar;2069;6227;4546;1681
7631;Mannen;26 jaar;2070;6224;4538;1686
7632;Mannen;27 jaar;2023;6330;3540;2790
7633;Mannen;27 jaar;2024;6222;3745;2477
7634;Mannen;27 jaar;2025;6157;3997;2160
7635;Mannen;27 jaar;2026;6053;4201;1852
7636;Mannen;27 jaar;2027;6068;4430;1638
7637;Mannen;27 jaar;2028;6070;4566;1504
7638;Mannen;27 jaar;2029;6091;4608;1483
7639;Mannen;27 jaar;2030;6100;4612;1488
7640;Mannen;27 jaar;2031;6100;4553;1547
7641;Mannen;27 jaar;2032;6090;4503;1587
7642;Mannen;27 jaar;2033;6070;4471;1599
7643;Mannen;27 jaar;2034;6043;4451;1592
7644;Mannen;27 jaar;2035;6051;4467;1584
7645;Mannen;27 jaar;2036;6056;4465;1591
7646;Mannen;27 jaar;2037;6051;4458;1593
7647;Mannen;27 jaar;2038;6049;4442;1607
7648;Mannen;27 jaar;2039;6037;4432;1605
7649;Mannen;27 jaar;2040;6034;4415;1619
7650;Mannen;27 jaar;2041;6038;4418;1620
7651;Mannen;27 jaar;2042;6036;4403;1633
7652;Mannen;27 jaar;2043;6041;4392;1649
7653;Mannen;27 jaar;2044;6036;4381;1655
7654;Mannen;27 jaar;2045;6034;4372;1662
7655;Mannen;27 jaar;2046;6044;4367;1677
7656;Mannen;27 jaar;2047;6035;4353;1682
7657;Mannen;27 jaar;2048;6051;4378;1673
7658;Mannen;27 jaar;2049;6031;4326;1705
7659;Mannen;27 jaar;2050;6022;4308;1714
7660;Mannen;27 jaar;2051;6025;4303;1722
7661;Mannen;27 jaar;2052;6026;4298;1728
7662;Mannen;27 jaar;2053;6028;4297;1731
7663;Mannen;27 jaar;2054;6032;4299;1733
7664;Mannen;27 jaar;2055;6036;4304;1732
7665;Mannen;27 jaar;2056;6042;4313;1729
7666;Mannen;27 jaar;2057;6051;4321;1730
7667;Mannen;27 jaar;2058;6061;4328;1733
7668;Mannen;27 jaar;2059;6068;4335;1733
7669;Mannen;27 jaar;2060;6072;4339;1733
7670;Mannen;27 jaar;2061;6078;4343;1735
7671;Mannen;27 jaar;2062;6083;4346;1737
7672;Mannen;27 jaar;2063;6088;4346;1742
7673;Mannen;27 jaar;2064;6090;4344;1746
7674;Mannen;27 jaar;2065;6093;4340;1753
7675;Mannen;27 jaar;2066;6093;4335;1758
7676;Mannen;27 jaar;2067;6091;4330;1761
7677;Mannen;27 jaar;2068;6091;4324;1767
7678;Mannen;27 jaar;2069;6092;4317;1775
7679;Mannen;27 jaar;2070;6092;4310;1782
7680;Mannen;28 jaar;2023;6218;3271;2947
7681;Mannen;28 jaar;2024;6102;3532;2570
7682;Mannen;28 jaar;2025;5997;3695;2302
7683;Mannen;28 jaar;2026;5879;3906;1973
7684;Mannen;28 jaar;2027;5892;4100;1792
7685;Mannen;28 jaar;2028;5900;4299;1601
7686;Mannen;28 jaar;2029;5922;4275;1647
7687;Mannen;28 jaar;2030;5934;4294;1640
7688;Mannen;28 jaar;2031;5939;4284;1655
7689;Mannen;28 jaar;2032;5930;4226;1704
7690;Mannen;28 jaar;2033;5901;4175;1726
7691;Mannen;28 jaar;2034;5877;4158;1719
7692;Mannen;28 jaar;2035;5874;4139;1735
7693;Mannen;28 jaar;2036;5880;4156;1724
7694;Mannen;28 jaar;2037;5881;4154;1727
7695;Mannen;28 jaar;2038;5878;4147;1731
7696;Mannen;28 jaar;2039;5873;4133;1740
7697;Mannen;28 jaar;2040;5866;4123;1743
7698;Mannen;28 jaar;2041;5860;4108;1752
7699;Mannen;28 jaar;2042;5866;4112;1754
7700;Mannen;28 jaar;2043;5864;4098;1766
7701;Mannen;28 jaar;2044;5868;4089;1779
7702;Mannen;28 jaar;2045;5863;4079;1784
7703;Mannen;28 jaar;2046;5860;4069;1791
7704;Mannen;28 jaar;2047;5862;4064;1798
7705;Mannen;28 jaar;2048;5860;4052;1808
7706;Mannen;28 jaar;2049;5877;4077;1800
7707;Mannen;28 jaar;2050;5855;4028;1827
7708;Mannen;28 jaar;2051;5850;4015;1835
7709;Mannen;28 jaar;2052;5850;4009;1841
7710;Mannen;28 jaar;2053;5852;4004;1848
7711;Mannen;28 jaar;2054;5854;4002;1852
7712;Mannen;28 jaar;2055;5857;4006;1851
7713;Mannen;28 jaar;2056;5860;4011;1849
7714;Mannen;28 jaar;2057;5866;4019;1847
7715;Mannen;28 jaar;2058;5875;4029;1846
7716;Mannen;28 jaar;2059;5883;4036;1847
7717;Mannen;28 jaar;2060;5893;4042;1851
7718;Mannen;28 jaar;2061;5898;4047;1851
7719;Mannen;28 jaar;2062;5901;4051;1850
7720;Mannen;28 jaar;2063;5906;4054;1852
7721;Mannen;28 jaar;2064;5910;4055;1855
7722;Mannen;28 jaar;2065;5911;4053;1858
7723;Mannen;28 jaar;2066;5913;4050;1863
7724;Mannen;28 jaar;2067;5915;4045;1870
7725;Mannen;28 jaar;2068;5915;4040;1875
7726;Mannen;28 jaar;2069;5914;4035;1879
7727;Mannen;28 jaar;2070;5913;4029;1884
7728;Mannen;29 jaar;2023;5847;3175;2672
7729;Mannen;29 jaar;2024;5734;3303;2431
7730;Mannen;29 jaar;2025;5647;3513;2134
7731;Mannen;29 jaar;2026;5536;3654;1882
7732;Mannen;29 jaar;2027;5553;3863;1690
7733;Mannen;29 jaar;2028;5558;4040;1518
7734;Mannen;29 jaar;2029;5595;4085;1510
7735;Mannen;29 jaar;2030;5606;4052;1554
7736;Mannen;29 jaar;2031;5613;4057;1556
7737;Mannen;29 jaar;2032;5610;4041;1569
7738;Mannen;29 jaar;2033;5582;3980;1602
7739;Mannen;29 jaar;2034;5555;3949;1606
7740;Mannen;29 jaar;2035;5554;3936;1618
7741;Mannen;29 jaar;2036;5544;3919;1625
7742;Mannen;29 jaar;2037;5551;3936;1615
7743;Mannen;29 jaar;2038;5554;3935;1619
7744;Mannen;29 jaar;2039;5552;3928;1624
7745;Mannen;29 jaar;2040;5546;3915;1631
7746;Mannen;29 jaar;2041;5537;3905;1632
7747;Mannen;29 jaar;2042;5531;3890;1641
7748;Mannen;29 jaar;2043;5537;3895;1642
7749;Mannen;29 jaar;2044;5534;3882;1652
7750;Mannen;29 jaar;2045;5537;3874;1663
7751;Mannen;29 jaar;2046;5532;3864;1668
7752;Mannen;29 jaar;2047;5531;3855;1676
7753;Mannen;29 jaar;2048;5533;3851;1682
7754;Mannen;29 jaar;2049;5532;3839;1693
7755;Mannen;29 jaar;2050;5548;3863;1685
7756;Mannen;29 jaar;2051;5526;3818;1708
7757;Mannen;29 jaar;2052;5520;3805;1715
7758;Mannen;29 jaar;2053;5519;3798;1721
7759;Mannen;29 jaar;2054;5521;3794;1727
7760;Mannen;29 jaar;2055;5524;3794;1730
7761;Mannen;29 jaar;2056;5526;3798;1728
7762;Mannen;29 jaar;2057;5528;3804;1724
7763;Mannen;29 jaar;2058;5535;3813;1722
7764;Mannen;29 jaar;2059;5545;3822;1723
7765;Mannen;29 jaar;2060;5552;3830;1722
7766;Mannen;29 jaar;2061;5563;3837;1726
7767;Mannen;29 jaar;2062;5566;3843;1723
7768;Mannen;29 jaar;2063;5572;3847;1725
7769;Mannen;29 jaar;2064;5578;3850;1728
7770;Mannen;29 jaar;2065;5578;3851;1727
7771;Mannen;29 jaar;2066;5581;3851;1730
7772;Mannen;29 jaar;2067;5583;3849;1734
7773;Mannen;29 jaar;2068;5584;3844;1740
7774;Mannen;29 jaar;2069;5585;3840;1745
7775;Mannen;29 jaar;2070;5582;3834;1748
7776;Mannen;30 jaar;2023;5482;3036;2446
7777;Mannen;30 jaar;2024;5375;3216;2159
7778;Mannen;30 jaar;2025;5266;3329;1937
7779;Mannen;30 jaar;2026;5145;3517;1628
7780;Mannen;30 jaar;2027;5146;3676;1470
7781;Mannen;30 jaar;2028;5158;3884;1274
7782;Mannen;30 jaar;2029;5189;3923;1266
7783;Mannen;30 jaar;2030;5210;3950;1260
7784;Mannen;30 jaar;2031;5221;3914;1307
7785;Mannen;30 jaar;2032;5221;3913;1308
7786;Mannen;30 jaar;2033;5204;3891;1313
7787;Mannen;30 jaar;2034;5174;3854;1320
7788;Mannen;30 jaar;2035;5164;3828;1336
7789;Mannen;30 jaar;2036;5161;3818;1343
7790;Mannen;30 jaar;2037;5151;3805;1346
7791;Mannen;30 jaar;2038;5160;3821;1339
7792;Mannen;30 jaar;2039;5161;3821;1340
7793;Mannen;30 jaar;2040;5160;3815;1345
7794;Mannen;30 jaar;2041;5153;3803;1350
7795;Mannen;30 jaar;2042;5145;3794;1351
7796;Mannen;30 jaar;2043;5139;3782;1357
7797;Mannen;30 jaar;2044;5145;3784;1361
7798;Mannen;30 jaar;2045;5139;3772;1367
7799;Mannen;30 jaar;2046;5145;3763;1382
7800;Mannen;30 jaar;2047;5140;3752;1388
7801;Mannen;30 jaar;2048;5140;3743;1397
7802;Mannen;30 jaar;2049;5139;3739;1400
7803;Mannen;30 jaar;2050;5137;3728;1409
7804;Mannen;30 jaar;2051;5154;3753;1401
7805;Mannen;30 jaar;2052;5135;3709;1426
7806;Mannen;30 jaar;2053;5127;3695;1432
7807;Mannen;30 jaar;2054;5126;3689;1437
7808;Mannen;30 jaar;2055;5128;3685;1443
7809;Mannen;30 jaar;2056;5130;3685;1445
7810;Mannen;30 jaar;2057;5133;3689;1444
7811;Mannen;30 jaar;2058;5137;3694;1443
7812;Mannen;30 jaar;2059;5143;3703;1440
7813;Mannen;30 jaar;2060;5153;3712;1441
7814;Mannen;30 jaar;2061;5158;3720;1438
7815;Mannen;30 jaar;2062;5168;3726;1442
7816;Mannen;30 jaar;2063;5175;3731;1444
7817;Mannen;30 jaar;2064;5177;3734;1443
7818;Mannen;30 jaar;2065;5184;3737;1447
7819;Mannen;30 jaar;2066;5186;3738;1448
7820;Mannen;30 jaar;2067;5187;3739;1448
7821;Mannen;30 jaar;2068;5188;3736;1452
7822;Mannen;30 jaar;2069;5189;3732;1457
7823;Mannen;30 jaar;2070;5191;3728;1463
7824;Mannen;31 jaar;2023;5137;2849;2288
7825;Mannen;31 jaar;2024;5021;3034;1987
7826;Mannen;31 jaar;2025;4922;3190;1732
7827;Mannen;31 jaar;2026;4789;3296;1493
7828;Mannen;31 jaar;2027;4790;3491;1299
7829;Mannen;31 jaar;2028;4793;3650;1143
7830;Mannen;31 jaar;2029;4829;3718;1111
7831;Mannen;31 jaar;2030;4845;3742;1103
7832;Mannen;31 jaar;2031;4866;3759;1107
7833;Mannen;31 jaar;2032;4868;3723;1145
7834;Mannen;31 jaar;2033;4849;3716;1133
7835;Mannen;31 jaar;2034;4832;3710;1122
7836;Mannen;31 jaar;2035;4822;3679;1143
7837;Mannen;31 jaar;2036;4810;3660;1150
7838;Mannen;31 jaar;2037;4806;3653;1153
7839;Mannen;31 jaar;2038;4799;3641;1158
7840;Mannen;31 jaar;2039;4807;3655;1152
7841;Mannen;31 jaar;2040;4807;3656;1151
7842;Mannen;31 jaar;2041;4807;3651;1156
7843;Mannen;31 jaar;2042;4801;3641;1160
7844;Mannen;31 jaar;2043;4790;3633;1157
7845;Mannen;31 jaar;2044;4783;3623;1160
7846;Mannen;31 jaar;2045;4790;3626;1164
7847;Mannen;31 jaar;2046;4785;3613;1172
7848;Mannen;31 jaar;2047;4791;3603;1188
7849;Mannen;31 jaar;2048;4786;3594;1192
7850;Mannen;31 jaar;2049;4786;3586;1200
7851;Mannen;31 jaar;2050;4786;3582;1204
7852;Mannen;31 jaar;2051;4784;3574;1210
7853;Mannen;31 jaar;2052;4801;3595;1206
7854;Mannen;31 jaar;2053;4778;3554;1224
7855;Mannen;31 jaar;2054;4773;3542;1231
7856;Mannen;31 jaar;2055;4772;3537;1235
7857;Mannen;31 jaar;2056;4773;3534;1239
7858;Mannen;31 jaar;2057;4775;3534;1241
7859;Mannen;31 jaar;2058;4777;3537;1240
7860;Mannen;31 jaar;2059;4781;3542;1239
7861;Mannen;31 jaar;2060;4787;3550;1237
7862;Mannen;31 jaar;2061;4798;3558;1240
7863;Mannen;31 jaar;2062;4805;3566;1239
7864;Mannen;31 jaar;2063;4811;3571;1240
7865;Mannen;31 jaar;2064;4818;3576;1242
7866;Mannen;31 jaar;2065;4823;3579;1244
7867;Mannen;31 jaar;2066;4827;3583;1244
7868;Mannen;31 jaar;2067;4829;3583;1246
7869;Mannen;31 jaar;2068;4832;3583;1249
7870;Mannen;31 jaar;2069;4833;3581;1252
7871;Mannen;31 jaar;2070;4834;3578;1256
7872;Mannen;32 jaar;2023;4898;2691;2207
7873;Mannen;32 jaar;2024;4778;2844;1934
7874;Mannen;32 jaar;2025;4671;2996;1675
7875;Mannen;32 jaar;2026;4540;3135;1405
7876;Mannen;32 jaar;2027;4530;3255;1275
7877;Mannen;32 jaar;2028;4529;3437;1092
7878;Mannen;32 jaar;2029;4555;3464;1091
7879;Mannen;32 jaar;2030;4580;3511;1069
7880;Mannen;32 jaar;2031;4596;3526;1070
7881;Mannen;32 jaar;2032;4612;3537;1075
7882;Mannen;32 jaar;2033;4593;3498;1095
7883;Mannen;32 jaar;2034;4574;3503;1071
7884;Mannen;32 jaar;2035;4574;3499;1075
7885;Mannen;32 jaar;2036;4561;3473;1088
7886;Mannen;32 jaar;2037;4549;3457;1092
7887;Mannen;32 jaar;2038;4543;3451;1092
7888;Mannen;32 jaar;2039;4536;3440;1096
7889;Mannen;32 jaar;2040;4547;3454;1093
7890;Mannen;32 jaar;2041;4548;3455;1093
7891;Mannen;32 jaar;2042;4550;3451;1099
7892;Mannen;32 jaar;2043;4539;3443;1096
7893;Mannen;32 jaar;2044;4533;3436;1097
7894;Mannen;32 jaar;2045;4526;3426;1100
7895;Mannen;32 jaar;2046;4532;3427;1105
7896;Mannen;32 jaar;2047;4524;3416;1108
7897;Mannen;32 jaar;2048;4532;3408;1124
7898;Mannen;32 jaar;2049;4525;3399;1126
7899;Mannen;32 jaar;2050;4525;3392;1133
7900;Mannen;32 jaar;2051;4528;3390;1138
7901;Mannen;32 jaar;2052;4523;3382;1141
7902;Mannen;32 jaar;2053;4542;3400;1142
7903;Mannen;32 jaar;2054;4521;3363;1158
7904;Mannen;32 jaar;2055;4516;3352;1164
7905;Mannen;32 jaar;2056;4514;3348;1166
7906;Mannen;32 jaar;2057;4515;3345;1170
7907;Mannen;32 jaar;2058;4520;3346;1174
7908;Mannen;32 jaar;2059;4519;3350;1169
7909;Mannen;32 jaar;2060;4521;3355;1166
7910;Mannen;32 jaar;2061;4526;3363;1163
7911;Mannen;32 jaar;2062;4536;3371;1165
7912;Mannen;32 jaar;2063;4544;3377;1167
7913;Mannen;32 jaar;2064;4551;3383;1168
7914;Mannen;32 jaar;2065;4556;3388;1168
7915;Mannen;32 jaar;2066;4562;3392;1170
7916;Mannen;32 jaar;2067;4566;3396;1170
7917;Mannen;32 jaar;2068;4567;3397;1170
7918;Mannen;32 jaar;2069;4568;3397;1171
7919;Mannen;32 jaar;2070;4571;3395;1176
7920;Mannen;33 jaar;2023;4606;2560;2046
7921;Mannen;33 jaar;2024;4509;2708;1801
7922;Mannen;33 jaar;2025;4408;2840;1568
7923;Mannen;33 jaar;2026;4285;2974;1311
7924;Mannen;33 jaar;2027;4287;3124;1163
7925;Mannen;33 jaar;2028;4282;3241;1041
7926;Mannen;33 jaar;2029;4303;3295;1008
7927;Mannen;33 jaar;2030;4314;3309;1005
7928;Mannen;33 jaar;2031;4339;3345;994
7929;Mannen;33 jaar;2032;4346;3353;993
7930;Mannen;33 jaar;2033;4343;3356;987
7931;Mannen;33 jaar;2034;4328;3333;995
7932;Mannen;33 jaar;2035;4326;3339;987
7933;Mannen;33 jaar;2036;4325;3336;989
7934;Mannen;33 jaar;2037;4311;3315;996
7935;Mannen;33 jaar;2038;4300;3299;1001
7936;Mannen;33 jaar;2039;4296;3293;1003
7937;Mannen;33 jaar;2040;4288;3283;1005
7938;Mannen;33 jaar;2041;4298;3297;1001
7939;Mannen;33 jaar;2042;4299;3299;1000
7940;Mannen;33 jaar;2043;4301;3296;1005
7941;Mannen;33 jaar;2044;4290;3287;1003
7942;Mannen;33 jaar;2045;4282;3280;1002
7943;Mannen;33 jaar;2046;4278;3270;1008
7944;Mannen;33 jaar;2047;4284;3271;1013
7945;Mannen;33 jaar;2048;4277;3260;1017
7946;Mannen;33 jaar;2049;4285;3253;1032
7947;Mannen;33 jaar;2050;4276;3244;1032
7948;Mannen;33 jaar;2051;4274;3238;1036
7949;Mannen;33 jaar;2052;4278;3235;1043
7950;Mannen;33 jaar;2053;4272;3227;1045
7951;Mannen;33 jaar;2054;4291;3246;1045
7952;Mannen;33 jaar;2055;4270;3210;1060
7953;Mannen;33 jaar;2056;4266;3200;1066
7954;Mannen;33 jaar;2057;4266;3196;1070
7955;Mannen;33 jaar;2058;4266;3195;1071
7956;Mannen;33 jaar;2059;4270;3195;1075
7957;Mannen;33 jaar;2060;4273;3199;1074
7958;Mannen;33 jaar;2061;4275;3205;1070
7959;Mannen;33 jaar;2062;4279;3213;1066
7960;Mannen;33 jaar;2063;4289;3221;1068
7961;Mannen;33 jaar;2064;4295;3227;1068
7962;Mannen;33 jaar;2065;4301;3234;1067
7963;Mannen;33 jaar;2066;4306;3238;1068
7964;Mannen;33 jaar;2067;4311;3242;1069
7965;Mannen;33 jaar;2068;4316;3245;1071
7966;Mannen;33 jaar;2069;4318;3247;1071
7967;Mannen;33 jaar;2070;4321;3246;1075
7968;Mannen;34 jaar;2023;4205;2436;1769
7969;Mannen;34 jaar;2024;4119;2620;1499
7970;Mannen;34 jaar;2025;4029;2751;1278
7971;Mannen;34 jaar;2026;3910;2880;1030
7972;Mannen;34 jaar;2027;3906;3029;877
7973;Mannen;34 jaar;2028;3912;3189;723
7974;Mannen;34 jaar;2029;3923;3188;735
7975;Mannen;34 jaar;2030;3935;3227;708
7976;Mannen;34 jaar;2031;3946;3234;712
7977;Mannen;34 jaar;2032;3959;3265;694
7978;Mannen;34 jaar;2033;3952;3268;684
7979;Mannen;34 jaar;2034;3949;3284;665
7980;Mannen;34 jaar;2035;3948;3264;684
7981;Mannen;34 jaar;2036;3944;3272;672
7982;Mannen;34 jaar;2037;3939;3269;670
7983;Mannen;34 jaar;2038;3929;3250;679
7984;Mannen;34 jaar;2039;3920;3235;685
7985;Mannen;34 jaar;2040;3917;3231;686
7986;Mannen;34 jaar;2041;3910;3221;689
7987;Mannen;34 jaar;2042;3919;3237;682
7988;Mannen;34 jaar;2043;3918;3239;679
7989;Mannen;34 jaar;2044;3920;3237;683
7990;Mannen;34 jaar;2045;3910;3228;682
7991;Mannen;34 jaar;2046;3905;3222;683
7992;Mannen;34 jaar;2047;3897;3210;687
7993;Mannen;34 jaar;2048;3903;3213;690
7994;Mannen;34 jaar;2049;3898;3203;695
7995;Mannen;34 jaar;2050;3902;3195;707
7996;Mannen;34 jaar;2051;3900;3188;712
7997;Mannen;34 jaar;2052;3895;3183;712
7998;Mannen;34 jaar;2053;3899;3180;719
7999;Mannen;34 jaar;2054;3897;3171;726
8000;Mannen;34 jaar;2055;3913;3190;723
8001;Mannen;34 jaar;2056;3888;3156;732
8002;Mannen;34 jaar;2057;3885;3147;738
8003;Mannen;34 jaar;2058;3884;3144;740
8004;Mannen;34 jaar;2059;3886;3143;743
8005;Mannen;34 jaar;2060;3887;3144;743
8006;Mannen;34 jaar;2061;3891;3148;743
8007;Mannen;34 jaar;2062;3892;3154;738
8008;Mannen;34 jaar;2063;3901;3162;739
8009;Mannen;34 jaar;2064;3906;3171;735
8010;Mannen;34 jaar;2065;3914;3178;736
8011;Mannen;34 jaar;2066;3922;3185;737
8012;Mannen;34 jaar;2067;3926;3191;735
8013;Mannen;34 jaar;2068;3929;3194;735
8014;Mannen;34 jaar;2069;3936;3198;738
8015;Mannen;34 jaar;2070;3940;3199;741
8016;Mannen;35 jaar;2023;3899;2280;1619
8017;Mannen;35 jaar;2024;3780;2468;1312
8018;Mannen;35 jaar;2025;3681;2639;1042
8019;Mannen;35 jaar;2026;3544;2760;784
8020;Mannen;35 jaar;2027;3537;2911;626
8021;Mannen;35 jaar;2028;3537;3064;473
8022;Mannen;35 jaar;2029;3560;3104;456
8023;Mannen;35 jaar;2030;3561;3095;466
8024;Mannen;35 jaar;2031;3571;3125;446
8025;Mannen;35 jaar;2032;3575;3129;446
8026;Mannen;35 jaar;2033;3576;3154;422
8027;Mannen;35 jaar;2034;3570;3170;400
8028;Mannen;35 jaar;2035;3582;3187;395
8029;Mannen;35 jaar;2036;3579;3170;409
8030;Mannen;35 jaar;2037;3575;3179;396
8031;Mannen;35 jaar;2038;3572;3177;395
8032;Mannen;35 jaar;2039;3561;3161;400
8033;Mannen;35 jaar;2040;3553;3148;405
8034;Mannen;35 jaar;2041;3550;3146;404
8035;Mannen;35 jaar;2042;3543;3137;406
8036;Mannen;35 jaar;2043;3551;3152;399
8037;Mannen;35 jaar;2044;3553;3155;398
8038;Mannen;35 jaar;2045;3550;3154;396
8039;Mannen;35 jaar;2046;3542;3146;396
8040;Mannen;35 jaar;2047;3540;3139;401
8041;Mannen;35 jaar;2048;3531;3130;401
8042;Mannen;35 jaar;2049;3535;3132;403
8043;Mannen;35 jaar;2050;3531;3122;409
8044;Mannen;35 jaar;2051;3535;3117;418
8045;Mannen;35 jaar;2052;3532;3109;423
8046;Mannen;35 jaar;2053;3530;3103;427
8047;Mannen;35 jaar;2054;3533;3101;432
8048;Mannen;35 jaar;2055;3532;3094;438
8049;Mannen;35 jaar;2056;3543;3112;431
8050;Mannen;35 jaar;2057;3524;3080;444
8051;Mannen;35 jaar;2058;3520;3072;448
8052;Mannen;35 jaar;2059;3518;3070;448
8053;Mannen;35 jaar;2060;3520;3069;451
8054;Mannen;35 jaar;2061;3523;3071;452
8055;Mannen;35 jaar;2062;3524;3075;449
8056;Mannen;35 jaar;2063;3530;3081;449
8057;Mannen;35 jaar;2064;3534;3089;445
8058;Mannen;35 jaar;2065;3542;3098;444
8059;Mannen;35 jaar;2066;3548;3105;443
8060;Mannen;35 jaar;2067;3551;3112;439
8061;Mannen;35 jaar;2068;3559;3117;442
8062;Mannen;35 jaar;2069;3562;3122;440
8063;Mannen;35 jaar;2070;3566;3124;442
8064;Mannen;36 jaar;2023;3598;2112;1486
8065;Mannen;36 jaar;2024;3479;2293;1186
8066;Mannen;36 jaar;2025;3369;2455;914
8067;Mannen;36 jaar;2026;3249;2610;639
8068;Mannen;36 jaar;2027;3244;2737;507
8069;Mannen;36 jaar;2028;3243;2887;356
8070;Mannen;36 jaar;2029;3257;2917;340
8071;Mannen;36 jaar;2030;3264;2944;320
8072;Mannen;36 jaar;2031;3266;2931;335
8073;Mannen;36 jaar;2032;3268;2954;314
8074;Mannen;36 jaar;2033;3259;2954;305
8075;Mannen;36 jaar;2034;3260;2988;272
8076;Mannen;36 jaar;2035;3264;3004;260
8077;Mannen;36 jaar;2036;3276;3021;255
8078;Mannen;36 jaar;2037;3273;3008;265
8079;Mannen;36 jaar;2038;3272;3016;256
8080;Mannen;36 jaar;2039;3267;3015;252
8081;Mannen;36 jaar;2040;3254;2999;255
8082;Mannen;36 jaar;2041;3248;2988;260
8083;Mannen;36 jaar;2042;3245;2986;259
8084;Mannen;36 jaar;2043;3238;2979;259
8085;Mannen;36 jaar;2044;3246;2993;253
8086;Mannen;36 jaar;2045;3247;2995;252
8087;Mannen;36 jaar;2046;3245;2994;251
8088;Mannen;36 jaar;2047;3241;2986;255
8089;Mannen;36 jaar;2048;3234;2980;254
8090;Mannen;36 jaar;2049;3228;2972;256
8091;Mannen;36 jaar;2050;3230;2973;257
8092;Mannen;36 jaar;2051;3229;2966;263
8093;Mannen;36 jaar;2052;3232;2960;272
8094;Mannen;36 jaar;2053;3231;2953;278
8095;Mannen;36 jaar;2054;3226;2948;278
8096;Mannen;36 jaar;2055;3229;2946;283
8097;Mannen;36 jaar;2056;3227;2940;287
8098;Mannen;36 jaar;2057;3240;2958;282
8099;Mannen;36 jaar;2058;3221;2928;293
8100;Mannen;36 jaar;2059;3218;2921;297
8101;Mannen;36 jaar;2060;3219;2919;300
8102;Mannen;36 jaar;2061;3220;2919;301
8103;Mannen;36 jaar;2062;3222;2920;302
8104;Mannen;36 jaar;2063;3220;2924;296
8105;Mannen;36 jaar;2064;3226;2930;296
8106;Mannen;36 jaar;2065;3233;2938;295
8107;Mannen;36 jaar;2066;3238;2946;292
8108;Mannen;36 jaar;2067;3243;2952;291
8109;Mannen;36 jaar;2068;3248;2958;290
8110;Mannen;36 jaar;2069;3256;2964;292
8111;Mannen;36 jaar;2070;3258;2966;292
8112;Mannen;37 jaar;2023;3456;2050;1406
8113;Mannen;37 jaar;2024;3313;2167;1146
8114;Mannen;37 jaar;2025;3176;2329;847
8115;Mannen;37 jaar;2026;3022;2477;545
8116;Mannen;37 jaar;2027;3028;2646;382
8117;Mannen;37 jaar;2028;3028;2773;255
8118;Mannen;37 jaar;2029;3041;2813;228
8119;Mannen;37 jaar;2030;3046;2833;213
8120;Mannen;37 jaar;2031;3056;2853;203
8121;Mannen;37 jaar;2032;3050;2839;211
8122;Mannen;37 jaar;2033;3041;2856;185
8123;Mannen;37 jaar;2034;3031;2869;162
8124;Mannen;37 jaar;2035;3043;2904;139
8125;Mannen;37 jaar;2036;3048;2921;127
8126;Mannen;37 jaar;2037;3058;2938;120
8127;Mannen;37 jaar;2038;3057;2925;132
8128;Mannen;37 jaar;2039;3052;2934;118
8129;Mannen;37 jaar;2040;3050;2934;116
8130;Mannen;37 jaar;2041;3040;2919;121
8131;Mannen;37 jaar;2042;3030;2911;119
8132;Mannen;37 jaar;2043;3029;2909;120
8133;Mannen;37 jaar;2044;3024;2902;122
8134;Mannen;37 jaar;2045;3031;2916;115
8135;Mannen;37 jaar;2046;3028;2918;110
8136;Mannen;37 jaar;2047;3029;2916;113
8137;Mannen;37 jaar;2048;3024;2909;115
8138;Mannen;37 jaar;2049;3018;2904;114
8139;Mannen;37 jaar;2050;3013;2896;117
8140;Mannen;37 jaar;2051;3016;2900;116
8141;Mannen;37 jaar;2052;3012;2892;120
8142;Mannen;37 jaar;2053;3018;2886;132
8143;Mannen;37 jaar;2054;3014;2880;134
8144;Mannen;37 jaar;2055;3010;2876;134
8145;Mannen;37 jaar;2056;3016;2875;141
8146;Mannen;37 jaar;2057;3009;2870;139
8147;Mannen;37 jaar;2058;3025;2888;137
8148;Mannen;37 jaar;2059;3007;2860;147
8149;Mannen;37 jaar;2060;3000;2854;146
8150;Mannen;37 jaar;2061;3002;2852;150
8151;Mannen;37 jaar;2062;3004;2853;151
8152;Mannen;37 jaar;2063;3003;2854;149
8153;Mannen;37 jaar;2064;3007;2859;148
8154;Mannen;37 jaar;2065;3011;2864;147
8155;Mannen;37 jaar;2066;3018;2872;146
8156;Mannen;37 jaar;2067;3024;2880;144
8157;Mannen;37 jaar;2068;3028;2886;142
8158;Mannen;37 jaar;2069;3033;2893;140
8159;Mannen;37 jaar;2070;3038;2897;141
8160;Mannen;38 jaar;2023;3207;1976;1231
8161;Mannen;38 jaar;2024;3099;2102;997
8162;Mannen;38 jaar;2025;2990;2202;788
8163;Mannen;38 jaar;2026;2854;2351;503
8164;Mannen;38 jaar;2027;2852;2510;342
8165;Mannen;38 jaar;2028;2869;2683;186
8166;Mannen;38 jaar;2029;2885;2701;184
8167;Mannen;38 jaar;2030;2885;2730;155
8168;Mannen;38 jaar;2031;2890;2743;147
8169;Mannen;38 jaar;2032;2892;2759;133
8170;Mannen;38 jaar;2033;2876;2741;135
8171;Mannen;38 jaar;2034;2869;2768;101
8172;Mannen;38 jaar;2035;2874;2783;91
8173;Mannen;38 jaar;2036;2884;2818;66
8174;Mannen;38 jaar;2037;2887;2836;51
8175;Mannen;38 jaar;2038;2895;2853;42
8176;Mannen;38 jaar;2039;2895;2842;53
8177;Mannen;38 jaar;2040;2890;2850;40
8178;Mannen;38 jaar;2041;2889;2850;39
8179;Mannen;38 jaar;2042;2879;2838;41
8180;Mannen;38 jaar;2043;2871;2829;42
8181;Mannen;38 jaar;2044;2865;2828;37
8182;Mannen;38 jaar;2045;2862;2822;40
8183;Mannen;38 jaar;2046;2866;2835;31
8184;Mannen;38 jaar;2047;2868;2836;32
8185;Mannen;38 jaar;2048;2867;2835;32
8186;Mannen;38 jaar;2049;2864;2829;35
8187;Mannen;38 jaar;2050;2860;2823;37
8188;Mannen;38 jaar;2051;2855;2818;37
8189;Mannen;38 jaar;2052;2857;2821;36
8190;Mannen;38 jaar;2053;2852;2813;39
8191;Mannen;38 jaar;2054;2858;2808;50
8192;Mannen;38 jaar;2055;2851;2803;48
8193;Mannen;38 jaar;2056;2851;2799;52
8194;Mannen;38 jaar;2057;2855;2799;56
8195;Mannen;38 jaar;2058;2849;2795;54
8196;Mannen;38 jaar;2059;2863;2812;51
8197;Mannen;38 jaar;2060;2845;2786;59
8198;Mannen;38 jaar;2061;2843;2781;62
8199;Mannen;38 jaar;2062;2843;2780;63
8200;Mannen;38 jaar;2063;2846;2780;66
8201;Mannen;38 jaar;2064;2847;2783;64
8202;Mannen;38 jaar;2065;2846;2787;59
8203;Mannen;38 jaar;2066;2852;2794;58
8204;Mannen;38 jaar;2067;2856;2802;54
8205;Mannen;38 jaar;2068;2863;2810;53
8206;Mannen;38 jaar;2069;2867;2817;50
8207;Mannen;38 jaar;2070;2874;2822;52
8208;Mannen;39 jaar;2023;3049;1838;1211
8209;Mannen;39 jaar;2024;2926;1975;951
8210;Mannen;39 jaar;2025;2818;2080;738
8211;Mannen;39 jaar;2026;2682;2167;515
8212;Mannen;39 jaar;2027;2672;2324;348
8213;Mannen;39 jaar;2028;2675;2478;197
8214;Mannen;39 jaar;2029;2703;2544;159
8215;Mannen;39 jaar;2030;2712;2551;161
8216;Mannen;39 jaar;2031;2714;2572;142
8217;Mannen;39 jaar;2032;2711;2578;133
8218;Mannen;39 jaar;2033;2704;2589;115
8219;Mannen;39 jaar;2034;2689;2582;107
8220;Mannen;39 jaar;2035;2693;2607;86
8221;Mannen;39 jaar;2036;2698;2621;77
8222;Mannen;39 jaar;2037;2707;2654;53
8223;Mannen;39 jaar;2038;2710;2671;39
8224;Mannen;39 jaar;2039;2719;2685;34
8225;Mannen;39 jaar;2040;2719;2676;43
8226;Mannen;39 jaar;2041;2714;2683;31
8227;Mannen;39 jaar;2042;2713;2683;30
8228;Mannen;39 jaar;2043;2703;2672;31
8229;Mannen;39 jaar;2044;2694;2664;30
8230;Mannen;39 jaar;2045;2690;2662;28
8231;Mannen;39 jaar;2046;2686;2656;30
8232;Mannen;39 jaar;2047;2690;2669;21
8233;Mannen;39 jaar;2048;2694;2671;23
8234;Mannen;39 jaar;2049;2690;2669;21
8235;Mannen;39 jaar;2050;2689;2664;25
8236;Mannen;39 jaar;2051;2685;2660;25
8237;Mannen;39 jaar;2052;2678;2653;25
8238;Mannen;39 jaar;2053;2682;2656;26
8239;Mannen;39 jaar;2054;2678;2648;30
8240;Mannen;39 jaar;2055;2681;2645;36
8241;Mannen;39 jaar;2056;2676;2640;36
8242;Mannen;39 jaar;2057;2674;2637;37
8243;Mannen;39 jaar;2058;2678;2638;40
8244;Mannen;39 jaar;2059;2674;2634;40
8245;Mannen;39 jaar;2060;2686;2652;34
8246;Mannen;39 jaar;2061;2671;2627;44
8247;Mannen;39 jaar;2062;2667;2622;45
8248;Mannen;39 jaar;2063;2669;2621;48
8249;Mannen;39 jaar;2064;2671;2622;49
8250;Mannen;39 jaar;2065;2673;2625;48
8251;Mannen;39 jaar;2066;2671;2630;41
8252;Mannen;39 jaar;2067;2675;2636;39
8253;Mannen;39 jaar;2068;2681;2645;36
8254;Mannen;39 jaar;2069;2688;2653;35
8255;Mannen;39 jaar;2070;2692;2660;32
8256;Mannen;40 jaar;2023;2766;1700;1066
8257;Mannen;40 jaar;2024;2664;1838;826
8258;Mannen;40 jaar;2025;2565;1950;615
8259;Mannen;40 jaar;2026;2448;2039;409
8260;Mannen;40 jaar;2027;2446;2137;309
8261;Mannen;40 jaar;2028;2443;2288;155
8262;Mannen;40 jaar;2029;2458;2342;116
8263;Mannen;40 jaar;2030;2477;2390;87
8264;Mannen;40 jaar;2031;2485;2391;94
8265;Mannen;40 jaar;2032;2485;2406;79
8266;Mannen;40 jaar;2033;2473;2406;67
8267;Mannen;40 jaar;2034;2467;2424;43
8268;Mannen;40 jaar;2035;2463;2418;45
8269;Mannen;40 jaar;2036;2466;2441;25
8270;Mannen;40 jaar;2037;2468;2454;14
8271;Mannen;40 jaar;2038;2478;2483;-5
8272;Mannen;40 jaar;2039;2483;2497;-14
8273;Mannen;40 jaar;2040;2490;2512;-22
8274;Mannen;40 jaar;2041;2486;2503;-17
8275;Mannen;40 jaar;2042;2485;2510;-25
8276;Mannen;40 jaar;2043;2486;2512;-26
8277;Mannen;40 jaar;2044;2475;2500;-25
8278;Mannen;40 jaar;2045;2467;2494;-27
8279;Mannen;40 jaar;2046;2464;2493;-29
8280;Mannen;40 jaar;2047;2458;2487;-29
8281;Mannen;40 jaar;2048;2462;2498;-36
8282;Mannen;40 jaar;2049;2463;2501;-38
8283;Mannen;40 jaar;2050;2464;2500;-36
8284;Mannen;40 jaar;2051;2460;2497;-37
8285;Mannen;40 jaar;2052;2454;2493;-39
8286;Mannen;40 jaar;2053;2449;2486;-37
8287;Mannen;40 jaar;2054;2453;2489;-36
8288;Mannen;40 jaar;2055;2449;2482;-33
8289;Mannen;40 jaar;2056;2454;2480;-26
8290;Mannen;40 jaar;2057;2448;2475;-27
8291;Mannen;40 jaar;2058;2447;2473;-26
8292;Mannen;40 jaar;2059;2447;2474;-27
8293;Mannen;40 jaar;2060;2445;2471;-26
8294;Mannen;40 jaar;2061;2457;2488;-31
8295;Mannen;40 jaar;2062;2443;2464;-21
8296;Mannen;40 jaar;2063;2438;2460;-22
8297;Mannen;40 jaar;2064;2443;2460;-17
8298;Mannen;40 jaar;2065;2442;2461;-19
8299;Mannen;40 jaar;2066;2445;2464;-19
8300;Mannen;40 jaar;2067;2447;2469;-22
8301;Mannen;40 jaar;2068;2448;2475;-27
8302;Mannen;40 jaar;2069;2455;2483;-28
8303;Mannen;40 jaar;2070;2460;2490;-30
8304;Mannen;41 jaar;2023;2568;1590;978
8305;Mannen;41 jaar;2024;2455;1704;751
8306;Mannen;41 jaar;2025;2357;1823;534
8307;Mannen;41 jaar;2026;2235;1922;313
8308;Mannen;41 jaar;2027;2234;2022;212
8309;Mannen;41 jaar;2028;2238;2119;119
8310;Mannen;41 jaar;2029;2247;2178;69
8311;Mannen;41 jaar;2030;2253;2220;33
8312;Mannen;41 jaar;2031;2270;2261;9
8313;Mannen;41 jaar;2032;2273;2259;14
8314;Mannen;41 jaar;2033;2263;2269;-6
8315;Mannen;41 jaar;2034;2252;2280;-28
8316;Mannen;41 jaar;2035;2256;2298;-42
8317;Mannen;41 jaar;2036;2252;2294;-42
8318;Mannen;41 jaar;2037;2251;2317;-66
8319;Mannen;41 jaar;2038;2258;2329;-71
8320;Mannen;41 jaar;2039;2265;2356;-91
8321;Mannen;41 jaar;2040;2273;2369;-96
8322;Mannen;41 jaar;2041;2276;2383;-107
8323;Mannen;41 jaar;2042;2274;2376;-102
8324;Mannen;41 jaar;2043;2273;2383;-110
8325;Mannen;41 jaar;2044;2273;2385;-112
8326;Mannen;41 jaar;2045;2265;2375;-110
8327;Mannen;41 jaar;2046;2256;2368;-112
8328;Mannen;41 jaar;2047;2254;2366;-112
8329;Mannen;41 jaar;2048;2249;2361;-112
8330;Mannen;41 jaar;2049;2251;2372;-121
8331;Mannen;41 jaar;2050;2252;2375;-123
8332;Mannen;41 jaar;2051;2255;2375;-120
8333;Mannen;41 jaar;2052;2249;2371;-122
8334;Mannen;41 jaar;2053;2243;2367;-124
8335;Mannen;41 jaar;2054;2238;2361;-123
8336;Mannen;41 jaar;2055;2244;2365;-121
8337;Mannen;41 jaar;2056;2238;2360;-122
8338;Mannen;41 jaar;2057;2242;2358;-116
8339;Mannen;41 jaar;2058;2240;2355;-115
8340;Mannen;41 jaar;2059;2237;2353;-116
8341;Mannen;41 jaar;2060;2237;2354;-117
8342;Mannen;41 jaar;2061;2237;2352;-115
8343;Mannen;41 jaar;2062;2247;2368;-121
8344;Mannen;41 jaar;2063;2235;2347;-112
8345;Mannen;41 jaar;2064;2231;2343;-112
8346;Mannen;41 jaar;2065;2232;2343;-111
8347;Mannen;41 jaar;2066;2233;2345;-112
8348;Mannen;41 jaar;2067;2234;2348;-114
8349;Mannen;41 jaar;2068;2236;2353;-117
8350;Mannen;41 jaar;2069;2237;2359;-122
8351;Mannen;41 jaar;2070;2246;2366;-120
8352;Mannen;42 jaar;2023;2396;1486;910
8353;Mannen;42 jaar;2024;2290;1621;669
8354;Mannen;42 jaar;2025;2195;1719;476
8355;Mannen;42 jaar;2026;2086;1829;257
8356;Mannen;42 jaar;2027;2082;1943;139
8357;Mannen;42 jaar;2028;2082;2048;34
8358;Mannen;42 jaar;2029;2094;2066;28
8359;Mannen;42 jaar;2030;2097;2117;-20
8360;Mannen;42 jaar;2031;2103;2153;-50
8361;Mannen;42 jaar;2032;2115;2188;-73
8362;Mannen;42 jaar;2033;2111;2184;-73
8363;Mannen;42 jaar;2034;2104;2204;-100
8364;Mannen;42 jaar;2035;2103;2217;-114
8365;Mannen;42 jaar;2036;2106;2236;-130
8366;Mannen;42 jaar;2037;2101;2234;-133
8367;Mannen;42 jaar;2038;2103;2256;-153
8368;Mannen;42 jaar;2039;2105;2268;-163
8369;Mannen;42 jaar;2040;2113;2294;-181
8370;Mannen;42 jaar;2041;2123;2309;-186
8371;Mannen;42 jaar;2042;2124;2323;-199
8372;Mannen;42 jaar;2043;2123;2318;-195
8373;Mannen;42 jaar;2044;2122;2324;-202
8374;Mannen;42 jaar;2045;2119;2327;-208
8375;Mannen;42 jaar;2046;2112;2317;-205
8376;Mannen;42 jaar;2047;2105;2311;-206
8377;Mannen;42 jaar;2048;2102;2310;-208
8378;Mannen;42 jaar;2049;2095;2306;-211
8379;Mannen;42 jaar;2050;2100;2318;-218
8380;Mannen;42 jaar;2051;2099;2321;-222
8381;Mannen;42 jaar;2052;2100;2322;-222
8382;Mannen;42 jaar;2053;2094;2318;-224
8383;Mannen;42 jaar;2054;2090;2315;-225
8384;Mannen;42 jaar;2055;2085;2310;-225
8385;Mannen;42 jaar;2056;2091;2314;-223
8386;Mannen;42 jaar;2057;2086;2310;-224
8387;Mannen;42 jaar;2058;2089;2309;-220
8388;Mannen;42 jaar;2059;2086;2307;-221
8389;Mannen;42 jaar;2060;2085;2306;-221
8390;Mannen;42 jaar;2061;2088;2308;-220
8391;Mannen;42 jaar;2062;2086;2305;-219
8392;Mannen;42 jaar;2063;2098;2321;-223
8393;Mannen;42 jaar;2064;2085;2301;-216
8394;Mannen;42 jaar;2065;2078;2298;-220
8395;Mannen;42 jaar;2066;2079;2300;-221
8396;Mannen;42 jaar;2067;2082;2301;-219
8397;Mannen;42 jaar;2068;2082;2306;-224
8398;Mannen;42 jaar;2069;2086;2311;-225
8399;Mannen;42 jaar;2070;2089;2316;-227
8400;Mannen;43 jaar;2023;2284;1376;908
8401;Mannen;43 jaar;2024;2180;1463;717
8402;Mannen;43 jaar;2025;2069;1581;488
8403;Mannen;43 jaar;2026;1947;1667;280
8404;Mannen;43 jaar;2027;1944;1787;157
8405;Mannen;43 jaar;2028;1945;1899;46
8406;Mannen;43 jaar;2029;1956;1925;31
8407;Mannen;43 jaar;2030;1962;1933;29
8408;Mannen;43 jaar;2031;1964;1976;-12
8409;Mannen;43 jaar;2032;1964;2005;-41
8410;Mannen;43 jaar;2033;1970;2035;-65
8411;Mannen;43 jaar;2034;1967;2041;-74
8412;Mannen;43 jaar;2035;1964;2061;-97
8413;Mannen;43 jaar;2036;1963;2074;-111
8414;Mannen;43 jaar;2037;1968;2094;-126
8415;Mannen;43 jaar;2038;1963;2091;-128
8416;Mannen;43 jaar;2039;1965;2112;-147
8417;Mannen;43 jaar;2040;1967;2124;-157
8418;Mannen;43 jaar;2041;1975;2150;-175
8419;Mannen;43 jaar;2042;1981;2164;-183
8420;Mannen;43 jaar;2043;1985;2179;-194
8421;Mannen;43 jaar;2044;1984;2174;-190
8422;Mannen;43 jaar;2045;1982;2181;-199
8423;Mannen;43 jaar;2046;1979;2182;-203
8424;Mannen;43 jaar;2047;1973;2175;-202
8425;Mannen;43 jaar;2048;1964;2169;-205
8426;Mannen;43 jaar;2049;1962;2168;-206
8427;Mannen;43 jaar;2050;1956;2165;-209
8428;Mannen;43 jaar;2051;1962;2176;-214
8429;Mannen;43 jaar;2052;1961;2179;-218
8430;Mannen;43 jaar;2053;1961;2180;-219
8431;Mannen;43 jaar;2054;1957;2177;-220
8432;Mannen;43 jaar;2055;1954;2174;-220
8433;Mannen;43 jaar;2056;1947;2170;-223
8434;Mannen;43 jaar;2057;1954;2175;-221
8435;Mannen;43 jaar;2058;1950;2172;-222
8436;Mannen;43 jaar;2059;1951;2171;-220
8437;Mannen;43 jaar;2060;1949;2169;-220
8438;Mannen;43 jaar;2061;1947;2169;-222
8439;Mannen;43 jaar;2062;1950;2172;-222
8440;Mannen;43 jaar;2063;1948;2170;-222
8441;Mannen;43 jaar;2064;1956;2184;-228
8442;Mannen;43 jaar;2065;1946;2167;-221
8443;Mannen;43 jaar;2066;1941;2164;-223
8444;Mannen;43 jaar;2067;1941;2166;-225
8445;Mannen;43 jaar;2068;1943;2168;-225
8446;Mannen;43 jaar;2069;1944;2173;-229
8447;Mannen;43 jaar;2070;1946;2177;-231
8448;Mannen;44 jaar;2023;2110;1267;843
8449;Mannen;44 jaar;2024;2024;1370;654
8450;Mannen;44 jaar;2025;1930;1438;492
8451;Mannen;44 jaar;2026;1815;1545;270
8452;Mannen;44 jaar;2027;1805;1639;166
8453;Mannen;44 jaar;2028;1808;1761;47
8454;Mannen;44 jaar;2029;1821;1799;22
8455;Mannen;44 jaar;2030;1827;1816;11
8456;Mannen;44 jaar;2031;1832;1820;12
8457;Mannen;44 jaar;2032;1832;1856;-24
8458;Mannen;44 jaar;2033;1828;1879;-51
8459;Mannen;44 jaar;2034;1831;1916;-85
8460;Mannen;44 jaar;2035;1835;1922;-87
8461;Mannen;44 jaar;2036;1834;1942;-108
8462;Mannen;44 jaar;2037;1835;1953;-118
8463;Mannen;44 jaar;2038;1836;1972;-136
8464;Mannen;44 jaar;2039;1832;1971;-139
8465;Mannen;44 jaar;2040;1831;1989;-158
8466;Mannen;44 jaar;2041;1838;2000;-162
8467;Mannen;44 jaar;2042;1846;2025;-179
8468;Mannen;44 jaar;2043;1852;2038;-186
8469;Mannen;44 jaar;2044;1854;2051;-197
8470;Mannen;44 jaar;2045;1852;2047;-195
8471;Mannen;44 jaar;2046;1849;2053;-204
8472;Mannen;44 jaar;2047;1851;2053;-202
8473;Mannen;44 jaar;2048;1843;2046;-203
8474;Mannen;44 jaar;2049;1835;2042;-207
8475;Mannen;44 jaar;2050;1832;2042;-210
8476;Mannen;44 jaar;2051;1826;2039;-213
8477;Mannen;44 jaar;2052;1833;2050;-217
8478;Mannen;44 jaar;2053;1832;2053;-221
8479;Mannen;44 jaar;2054;1831;2054;-223
8480;Mannen;44 jaar;2055;1827;2051;-224
8481;Mannen;44 jaar;2056;1821;2049;-228
8482;Mannen;44 jaar;2057;1818;2046;-228
8483;Mannen;44 jaar;2058;1822;2051;-229
8484;Mannen;44 jaar;2059;1822;2049;-227
8485;Mannen;44 jaar;2060;1821;2049;-228
8486;Mannen;44 jaar;2061;1820;2047;-227
8487;Mannen;44 jaar;2062;1817;2047;-230
8488;Mannen;44 jaar;2063;1819;2050;-231
8489;Mannen;44 jaar;2064;1818;2048;-230
8490;Mannen;44 jaar;2065;1827;2062;-235
8491;Mannen;44 jaar;2066;1817;2046;-229
8492;Mannen;44 jaar;2067;1814;2044;-230
8493;Mannen;44 jaar;2068;1815;2046;-231
8494;Mannen;44 jaar;2069;1815;2049;-234
8495;Mannen;44 jaar;2070;1815;2052;-237
8496;Mannen;45 jaar;2023;1969;1171;798
8497;Mannen;45 jaar;2024;1882;1274;608
8498;Mannen;45 jaar;2025;1806;1366;440
8499;Mannen;45 jaar;2026;1702;1424;278
8500;Mannen;45 jaar;2027;1688;1544;144
8501;Mannen;45 jaar;2028;1684;1641;43
8502;Mannen;45 jaar;2029;1695;1695;0
8503;Mannen;45 jaar;2030;1699;1725;-26
8504;Mannen;45 jaar;2031;1704;1739;-35
8505;Mannen;45 jaar;2032;1707;1741;-34
8506;Mannen;45 jaar;2033;1702;1770;-68
8507;Mannen;45 jaar;2034;1699;1800;-101
8508;Mannen;45 jaar;2035;1708;1837;-129
8509;Mannen;45 jaar;2036;1710;1845;-135
8510;Mannen;45 jaar;2037;1711;1864;-153
8511;Mannen;45 jaar;2038;1710;1874;-164
8512;Mannen;45 jaar;2039;1712;1891;-179
8513;Mannen;45 jaar;2040;1706;1890;-184
8514;Mannen;45 jaar;2041;1709;1907;-198
8515;Mannen;45 jaar;2042;1711;1918;-207
8516;Mannen;45 jaar;2043;1720;1942;-222
8517;Mannen;45 jaar;2044;1726;1954;-228
8518;Mannen;45 jaar;2045;1730;1967;-237
8519;Mannen;45 jaar;2046;1727;1963;-236
8520;Mannen;45 jaar;2047;1727;1968;-241
8521;Mannen;45 jaar;2048;1725;1969;-244
8522;Mannen;45 jaar;2049;1717;1962;-245
8523;Mannen;45 jaar;2050;1711;1957;-246
8524;Mannen;45 jaar;2051;1708;1959;-251
8525;Mannen;45 jaar;2052;1703;1956;-253
8526;Mannen;45 jaar;2053;1711;1966;-255
8527;Mannen;45 jaar;2054;1708;1969;-261
8528;Mannen;45 jaar;2055;1705;1971;-266
8529;Mannen;45 jaar;2056;1703;1969;-266
8530;Mannen;45 jaar;2057;1699;1967;-268
8531;Mannen;45 jaar;2058;1694;1965;-271
8532;Mannen;45 jaar;2059;1697;1969;-272
8533;Mannen;45 jaar;2060;1697;1967;-270
8534;Mannen;45 jaar;2061;1697;1968;-271
8535;Mannen;45 jaar;2062;1694;1966;-272
8536;Mannen;45 jaar;2063;1693;1966;-273
8537;Mannen;45 jaar;2064;1697;1969;-272
8538;Mannen;45 jaar;2065;1693;1968;-275
8539;Mannen;45 jaar;2066;1703;1982;-279
8540;Mannen;45 jaar;2067;1692;1967;-275
8541;Mannen;45 jaar;2068;1690;1965;-275
8542;Mannen;45 jaar;2069;1691;1966;-275
8543;Mannen;45 jaar;2070;1693;1968;-275
8544;Mannen;46 jaar;2023;1826;1101;725
8545;Mannen;46 jaar;2024;1749;1196;553
8546;Mannen;46 jaar;2025;1669;1282;387
8547;Mannen;46 jaar;2026;1585;1367;218
8548;Mannen;46 jaar;2027;1577;1431;146
8549;Mannen;46 jaar;2028;1571;1550;21
8550;Mannen;46 jaar;2029;1571;1580;-9
8551;Mannen;46 jaar;2030;1572;1624;-52
8552;Mannen;46 jaar;2031;1579;1646;-67
8553;Mannen;46 jaar;2032;1580;1657;-77
8554;Mannen;46 jaar;2033;1578;1656;-78
8555;Mannen;46 jaar;2034;1574;1692;-118
8556;Mannen;46 jaar;2035;1578;1722;-144
8557;Mannen;46 jaar;2036;1588;1758;-170
8558;Mannen;46 jaar;2037;1590;1766;-176
8559;Mannen;46 jaar;2038;1590;1783;-193
8560;Mannen;46 jaar;2039;1590;1793;-203
8561;Mannen;46 jaar;2040;1591;1810;-219
8562;Mannen;46 jaar;2041;1585;1809;-224
8563;Mannen;46 jaar;2042;1587;1826;-239
8564;Mannen;46 jaar;2043;1589;1838;-249
8565;Mannen;46 jaar;2044;1598;1861;-263
8566;Mannen;46 jaar;2045;1602;1873;-271
8567;Mannen;46 jaar;2046;1607;1885;-278
8568;Mannen;46 jaar;2047;1604;1882;-278
8569;Mannen;46 jaar;2048;1604;1887;-283
8570;Mannen;46 jaar;2049;1604;1889;-285
8571;Mannen;46 jaar;2050;1596;1882;-286
8572;Mannen;46 jaar;2051;1589;1878;-289
8573;Mannen;46 jaar;2052;1588;1878;-290
8574;Mannen;46 jaar;2053;1582;1875;-293
8575;Mannen;46 jaar;2054;1586;1886;-300
8576;Mannen;46 jaar;2055;1587;1889;-302
8577;Mannen;46 jaar;2056;1586;1891;-305
8578;Mannen;46 jaar;2057;1580;1889;-309
8579;Mannen;46 jaar;2058;1578;1888;-310
8580;Mannen;46 jaar;2059;1571;1885;-314
8581;Mannen;46 jaar;2060;1575;1890;-315
8582;Mannen;46 jaar;2061;1571;1888;-317
8583;Mannen;46 jaar;2062;1575;1890;-315
8584;Mannen;46 jaar;2063;1571;1888;-317
8585;Mannen;46 jaar;2064;1571;1889;-318
8586;Mannen;46 jaar;2065;1576;1893;-317
8587;Mannen;46 jaar;2066;1572;1891;-319
8588;Mannen;46 jaar;2067;1584;1906;-322
8589;Mannen;46 jaar;2068;1572;1890;-318
8590;Mannen;46 jaar;2069;1570;1888;-318
8591;Mannen;46 jaar;2070;1568;1889;-321
8592;Mannen;47 jaar;2023;1710;1054;656
8593;Mannen;47 jaar;2024;1637;1116;521
8594;Mannen;47 jaar;2025;1564;1192;372
8595;Mannen;47 jaar;2026;1478;1264;214
8596;Mannen;47 jaar;2027;1478;1354;124
8597;Mannen;47 jaar;2028;1477;1414;63
8598;Mannen;47 jaar;2029;1475;1471;4
8599;Mannen;47 jaar;2030;1471;1491;-20
8600;Mannen;47 jaar;2031;1473;1527;-54
8601;Mannen;47 jaar;2032;1473;1544;-71
8602;Mannen;47 jaar;2033;1474;1551;-77
8603;Mannen;47 jaar;2034;1471;1558;-87
8604;Mannen;47 jaar;2035;1473;1592;-119
8605;Mannen;47 jaar;2036;1477;1619;-142
8606;Mannen;47 jaar;2037;1488;1653;-165
8607;Mannen;47 jaar;2038;1490;1661;-171
8608;Mannen;47 jaar;2039;1488;1677;-189
8609;Mannen;47 jaar;2040;1490;1687;-197
8610;Mannen;47 jaar;2041;1489;1702;-213
8611;Mannen;47 jaar;2042;1486;1702;-216
8612;Mannen;47 jaar;2043;1487;1718;-231
8613;Mannen;47 jaar;2044;1487;1729;-242
8614;Mannen;47 jaar;2045;1499;1750;-251
8615;Mannen;47 jaar;2046;1499;1762;-263
8616;Mannen;47 jaar;2047;1503;1773;-270
8617;Mannen;47 jaar;2048;1502;1770;-268
8618;Mannen;47 jaar;2049;1501;1775;-274
8619;Mannen;47 jaar;2050;1503;1776;-273
8620;Mannen;47 jaar;2051;1495;1770;-275
8621;Mannen;47 jaar;2052;1489;1767;-278
8622;Mannen;47 jaar;2053;1487;1766;-279
8623;Mannen;47 jaar;2054;1481;1764;-283
8624;Mannen;47 jaar;2055;1487;1774;-287
8625;Mannen;47 jaar;2056;1486;1777;-291
8626;Mannen;47 jaar;2057;1486;1779;-293
8627;Mannen;47 jaar;2058;1478;1778;-300
8628;Mannen;47 jaar;2059;1478;1776;-298
8629;Mannen;47 jaar;2060;1474;1774;-300
8630;Mannen;47 jaar;2061;1477;1780;-303
8631;Mannen;47 jaar;2062;1471;1778;-307
8632;Mannen;47 jaar;2063;1475;1780;-305
8633;Mannen;47 jaar;2064;1473;1779;-306
8634;Mannen;47 jaar;2065;1471;1780;-309
8635;Mannen;47 jaar;2066;1475;1784;-309
8636;Mannen;47 jaar;2067;1473;1783;-310
8637;Mannen;47 jaar;2068;1485;1797;-312
8638;Mannen;47 jaar;2069;1473;1782;-309
8639;Mannen;47 jaar;2070;1469;1781;-312
8640;Mannen;48 jaar;2023;1619;969;650
8641;Mannen;48 jaar;2024;1553;1042;511
8642;Mannen;48 jaar;2025;1477;1090;387
8643;Mannen;48 jaar;2026;1395;1152;243
8644;Mannen;48 jaar;2027;1391;1227;164
8645;Mannen;48 jaar;2028;1392;1312;80
8646;Mannen;48 jaar;2029;1395;1322;73
8647;Mannen;48 jaar;2030;1390;1365;25
8648;Mannen;48 jaar;2031;1387;1379;8
8649;Mannen;48 jaar;2032;1389;1409;-20
8650;Mannen;48 jaar;2033;1387;1421;-34
8651;Mannen;48 jaar;2034;1388;1435;-47
8652;Mannen;48 jaar;2035;1391;1444;-53
8653;Mannen;48 jaar;2036;1393;1474;-81
8654;Mannen;48 jaar;2037;1393;1499;-106
8655;Mannen;48 jaar;2038;1408;1530;-122
8656;Mannen;48 jaar;2039;1408;1538;-130
8657;Mannen;48 jaar;2040;1407;1552;-145
8658;Mannen;48 jaar;2041;1406;1561;-155
8659;Mannen;48 jaar;2042;1410;1575;-165
8660;Mannen;48 jaar;2043;1406;1576;-170
8661;Mannen;48 jaar;2044;1405;1590;-185
8662;Mannen;48 jaar;2045;1407;1600;-193
8663;Mannen;48 jaar;2046;1415;1619;-204
8664;Mannen;48 jaar;2047;1418;1629;-211
8665;Mannen;48 jaar;2048;1422;1639;-217
8666;Mannen;48 jaar;2049;1422;1636;-214
8667;Mannen;48 jaar;2050;1421;1641;-220
8668;Mannen;48 jaar;2051;1420;1643;-223
8669;Mannen;48 jaar;2052;1415;1637;-222
8670;Mannen;48 jaar;2053;1410;1634;-224
8671;Mannen;48 jaar;2054;1404;1634;-230
8672;Mannen;48 jaar;2055;1402;1632;-230
8673;Mannen;48 jaar;2056;1404;1641;-237
8674;Mannen;48 jaar;2057;1404;1644;-240
8675;Mannen;48 jaar;2058;1404;1646;-242
8676;Mannen;48 jaar;2059;1402;1645;-243
8677;Mannen;48 jaar;2060;1395;1645;-250
8678;Mannen;48 jaar;2061;1392;1643;-251
8679;Mannen;48 jaar;2062;1392;1648;-256
8680;Mannen;48 jaar;2063;1389;1647;-258
8681;Mannen;48 jaar;2064;1395;1649;-254
8682;Mannen;48 jaar;2065;1392;1648;-256
8683;Mannen;48 jaar;2066;1390;1649;-259
8684;Mannen;48 jaar;2067;1391;1652;-261
8685;Mannen;48 jaar;2068;1389;1652;-263
8686;Mannen;48 jaar;2069;1400;1665;-265
8687;Mannen;48 jaar;2070;1389;1651;-262
8688;Mannen;49 jaar;2023;1471;932;539
8689;Mannen;49 jaar;2024;1416;977;439
8690;Mannen;49 jaar;2025;1365;1036;329
8691;Mannen;49 jaar;2026;1301;1078;223
8692;Mannen;49 jaar;2027;1294;1147;147
8693;Mannen;49 jaar;2028;1294;1220;74
8694;Mannen;49 jaar;2029;1305;1263;42
8695;Mannen;49 jaar;2030;1304;1267;37
8696;Mannen;49 jaar;2031;1296;1306;-10
8697;Mannen;49 jaar;2032;1292;1318;-26
8698;Mannen;49 jaar;2033;1290;1343;-53
8699;Mannen;49 jaar;2034;1288;1362;-74
8700;Mannen;49 jaar;2035;1295;1376;-81
8701;Mannen;49 jaar;2036;1298;1385;-87
8702;Mannen;49 jaar;2037;1298;1415;-117
8703;Mannen;49 jaar;2038;1300;1438;-138
8704;Mannen;49 jaar;2039;1315;1467;-152
8705;Mannen;49 jaar;2040;1314;1476;-162
8706;Mannen;49 jaar;2041;1315;1489;-174
8707;Mannen;49 jaar;2042;1313;1499;-186
8708;Mannen;49 jaar;2043;1317;1513;-196
8709;Mannen;49 jaar;2044;1313;1512;-199
8710;Mannen;49 jaar;2045;1313;1527;-214
8711;Mannen;49 jaar;2046;1314;1536;-222
8712;Mannen;49 jaar;2047;1323;1553;-230
8713;Mannen;49 jaar;2048;1325;1563;-238
8714;Mannen;49 jaar;2049;1329;1574;-245
8715;Mannen;49 jaar;2050;1329;1571;-242
8716;Mannen;49 jaar;2051;1328;1576;-248
8717;Mannen;49 jaar;2052;1327;1578;-251
8718;Mannen;49 jaar;2053;1319;1573;-254
8719;Mannen;49 jaar;2054;1315;1570;-255
8720;Mannen;49 jaar;2055;1312;1571;-259
8721;Mannen;49 jaar;2056;1309;1569;-260
8722;Mannen;49 jaar;2057;1311;1579;-268
8723;Mannen;49 jaar;2058;1310;1582;-272
8724;Mannen;49 jaar;2059;1310;1584;-274
8725;Mannen;49 jaar;2060;1309;1584;-275
8726;Mannen;49 jaar;2061;1302;1583;-281
8727;Mannen;49 jaar;2062;1300;1582;-282
8728;Mannen;49 jaar;2063;1300;1587;-287
8729;Mannen;49 jaar;2064;1297;1587;-290
8730;Mannen;49 jaar;2065;1302;1589;-287
8731;Mannen;49 jaar;2066;1301;1589;-288
8732;Mannen;49 jaar;2067;1299;1590;-291
8733;Mannen;49 jaar;2068;1300;1593;-293
8734;Mannen;49 jaar;2069;1297;1593;-296
8735;Mannen;49 jaar;2070;1306;1607;-301
8736;Mannen;50 jaar;2023;1399;881;518
8737;Mannen;50 jaar;2024;1339;944;395
8738;Mannen;50 jaar;2025;1275;976;299
8739;Mannen;50 jaar;2026;1210;1026;184
8740;Mannen;50 jaar;2027;1202;1076;126
8741;Mannen;50 jaar;2028;1199;1143;56
8742;Mannen;50 jaar;2029;1206;1174;32
8743;Mannen;50 jaar;2030;1212;1209;3
8744;Mannen;50 jaar;2031;1207;1210;-3
8745;Mannen;50 jaar;2032;1202;1243;-41
8746;Mannen;50 jaar;2033;1197;1251;-54
8747;Mannen;50 jaar;2034;1196;1282;-86
8748;Mannen;50 jaar;2035;1199;1301;-102
8749;Mannen;50 jaar;2036;1205;1316;-111
8750;Mannen;50 jaar;2037;1208;1325;-117
8751;Mannen;50 jaar;2038;1205;1352;-147
8752;Mannen;50 jaar;2039;1208;1374;-166
8753;Mannen;50 jaar;2040;1221;1401;-180
8754;Mannen;50 jaar;2041;1224;1410;-186
8755;Mannen;50 jaar;2042;1221;1422;-201
8756;Mannen;50 jaar;2043;1223;1432;-209
8757;Mannen;50 jaar;2044;1225;1446;-221
8758;Mannen;50 jaar;2045;1221;1445;-224
8759;Mannen;50 jaar;2046;1220;1458;-238
8760;Mannen;50 jaar;2047;1221;1467;-246
8761;Mannen;50 jaar;2048;1227;1484;-257
8762;Mannen;50 jaar;2049;1233;1493;-260
8763;Mannen;50 jaar;2050;1236;1502;-266
8764;Mannen;50 jaar;2051;1232;1501;-269
8765;Mannen;50 jaar;2052;1233;1506;-273
8766;Mannen;50 jaar;2053;1229;1508;-279
8767;Mannen;50 jaar;2054;1223;1503;-280
8768;Mannen;50 jaar;2055;1219;1500;-281
8769;Mannen;50 jaar;2056;1219;1501;-282
8770;Mannen;50 jaar;2057;1214;1500;-286
8771;Mannen;50 jaar;2058;1219;1509;-290
8772;Mannen;50 jaar;2059;1221;1513;-292
8773;Mannen;50 jaar;2060;1217;1515;-298
8774;Mannen;50 jaar;2061;1213;1515;-302
8775;Mannen;50 jaar;2062;1211;1515;-304
8776;Mannen;50 jaar;2063;1207;1513;-306
8777;Mannen;50 jaar;2064;1209;1519;-310
8778;Mannen;50 jaar;2065;1207;1518;-311
8779;Mannen;50 jaar;2066;1210;1521;-311
8780;Mannen;50 jaar;2067;1208;1521;-313
8781;Mannen;50 jaar;2068;1205;1522;-317
8782;Mannen;50 jaar;2069;1208;1525;-317
8783;Mannen;50 jaar;2070;1204;1525;-321
8784;Mannen;51 jaar;2023;1318;863;455
8785;Mannen;51 jaar;2024;1249;894;355
8786;Mannen;51 jaar;2025;1184;945;239
8787;Mannen;51 jaar;2026;1107;968;139
8788;Mannen;51 jaar;2027;1101;1023;78
8789;Mannen;51 jaar;2028;1096;1073;23
8790;Mannen;51 jaar;2029;1100;1104;-4
8791;Mannen;51 jaar;2030;1101;1129;-28
8792;Mannen;51 jaar;2031;1105;1160;-55
8793;Mannen;51 jaar;2032;1103;1159;-56
8794;Mannen;51 jaar;2033;1096;1188;-92
8795;Mannen;51 jaar;2034;1088;1205;-117
8796;Mannen;51 jaar;2035;1095;1235;-140
8797;Mannen;51 jaar;2036;1097;1255;-158
8798;Mannen;51 jaar;2037;1101;1270;-169
8799;Mannen;51 jaar;2038;1106;1279;-173
8800;Mannen;51 jaar;2039;1103;1305;-202
8801;Mannen;51 jaar;2040;1105;1327;-222
8802;Mannen;51 jaar;2041;1117;1353;-236
8803;Mannen;51 jaar;2042;1117;1362;-245
8804;Mannen;51 jaar;2043;1118;1374;-256
8805;Mannen;51 jaar;2044;1118;1383;-265
8806;Mannen;51 jaar;2045;1120;1397;-277
8807;Mannen;51 jaar;2046;1114;1396;-282
8808;Mannen;51 jaar;2047;1115;1408;-293
8809;Mannen;51 jaar;2048;1116;1417;-301
8810;Mannen;51 jaar;2049;1123;1434;-311
8811;Mannen;51 jaar;2050;1126;1443;-317
8812;Mannen;51 jaar;2051;1130;1453;-323
8813;Mannen;51 jaar;2052;1131;1451;-320
8814;Mannen;51 jaar;2053;1128;1455;-327
8815;Mannen;51 jaar;2054;1125;1456;-331
8816;Mannen;51 jaar;2055;1118;1452;-334
8817;Mannen;51 jaar;2056;1114;1449;-335
8818;Mannen;51 jaar;2057;1112;1450;-338
8819;Mannen;51 jaar;2058;1107;1449;-342
8820;Mannen;51 jaar;2059;1113;1459;-346
8821;Mannen;51 jaar;2060;1114;1462;-348
8822;Mannen;51 jaar;2061;1113;1465;-352
8823;Mannen;51 jaar;2062;1110;1465;-355
8824;Mannen;51 jaar;2063;1106;1465;-359
8825;Mannen;51 jaar;2064;1103;1464;-361
8826;Mannen;51 jaar;2065;1104;1470;-366
8827;Mannen;51 jaar;2066;1102;1469;-367
8828;Mannen;51 jaar;2067;1106;1471;-365
8829;Mannen;51 jaar;2068;1104;1471;-367
8830;Mannen;51 jaar;2069;1101;1472;-371
8831;Mannen;51 jaar;2070;1103;1475;-372
8832;Mannen;52 jaar;2023;1200;849;351
8833;Mannen;52 jaar;2024;1147;883;264
8834;Mannen;52 jaar;2025;1087;902;185
8835;Mannen;52 jaar;2026;1027;946;81
8836;Mannen;52 jaar;2027;1015;974;41
8837;Mannen;52 jaar;2028;1012;1026;-14
8838;Mannen;52 jaar;2029;1014;1042;-28
8839;Mannen;52 jaar;2030;1014;1068;-54
8840;Mannen;52 jaar;2031;1015;1088;-73
8841;Mannen;52 jaar;2032;1021;1117;-96
8842;Mannen;52 jaar;2033;1016;1112;-96
8843;Mannen;52 jaar;2034;1008;1147;-139
8844;Mannen;52 jaar;2035;1007;1163;-156
8845;Mannen;52 jaar;2036;1013;1195;-182
8846;Mannen;52 jaar;2037;1016;1214;-198
8847;Mannen;52 jaar;2038;1018;1229;-211
8848;Mannen;52 jaar;2039;1020;1238;-218
8849;Mannen;52 jaar;2040;1020;1262;-242
8850;Mannen;52 jaar;2041;1022;1283;-261
8851;Mannen;52 jaar;2042;1032;1309;-277
8852;Mannen;52 jaar;2043;1033;1318;-285
8853;Mannen;52 jaar;2044;1034;1330;-296
8854;Mannen;52 jaar;2045;1033;1338;-305
8855;Mannen;52 jaar;2046;1035;1352;-317
8856;Mannen;52 jaar;2047;1029;1351;-322
8857;Mannen;52 jaar;2048;1031;1362;-331
8858;Mannen;52 jaar;2049;1033;1370;-337
8859;Mannen;52 jaar;2050;1042;1387;-345
8860;Mannen;52 jaar;2051;1042;1397;-355
8861;Mannen;52 jaar;2052;1045;1406;-361
8862;Mannen;52 jaar;2053;1045;1405;-360
8863;Mannen;52 jaar;2054;1043;1409;-366
8864;Mannen;52 jaar;2055;1043;1410;-367
8865;Mannen;52 jaar;2056;1034;1405;-371
8866;Mannen;52 jaar;2057;1029;1403;-374
8867;Mannen;52 jaar;2058;1026;1404;-378
8868;Mannen;52 jaar;2059;1026;1403;-377
8869;Mannen;52 jaar;2060;1031;1412;-381
8870;Mannen;52 jaar;2061;1029;1416;-387
8871;Mannen;52 jaar;2062;1029;1419;-390
8872;Mannen;52 jaar;2063;1027;1418;-391
8873;Mannen;52 jaar;2064;1023;1419;-396
8874;Mannen;52 jaar;2065;1018;1418;-400
8875;Mannen;52 jaar;2066;1022;1423;-401
8876;Mannen;52 jaar;2067;1021;1423;-402
8877;Mannen;52 jaar;2068;1021;1426;-405
8878;Mannen;52 jaar;2069;1020;1426;-406
8879;Mannen;52 jaar;2070;1019;1426;-407
8880;Mannen;53 jaar;2023;1108;834;274
8881;Mannen;53 jaar;2024;1069;876;193
8882;Mannen;53 jaar;2025;1016;902;114
8883;Mannen;53 jaar;2026;958;915;43
8884;Mannen;53 jaar;2027;948;962;-14
8885;Mannen;53 jaar;2028;938;988;-50
8886;Mannen;53 jaar;2029;945;1007;-62
8887;Mannen;53 jaar;2030;939;1018;-79
8888;Mannen;53 jaar;2031;942;1039;-97
8889;Mannen;53 jaar;2032;941;1056;-115
8890;Mannen;53 jaar;2033;943;1081;-138
8891;Mannen;53 jaar;2034;938;1083;-145
8892;Mannen;53 jaar;2035;933;1115;-182
8893;Mannen;53 jaar;2036;932;1132;-200
8894;Mannen;53 jaar;2037;938;1162;-224
8895;Mannen;53 jaar;2038;941;1181;-240
8896;Mannen;53 jaar;2039;944;1196;-252
8897;Mannen;53 jaar;2040;944;1205;-261
8898;Mannen;53 jaar;2041;946;1227;-281
8899;Mannen;53 jaar;2042;947;1248;-301
8900;Mannen;53 jaar;2043;956;1273;-317
8901;Mannen;53 jaar;2044;959;1282;-323
8902;Mannen;53 jaar;2045;956;1292;-336
8903;Mannen;53 jaar;2046;958;1301;-343
8904;Mannen;53 jaar;2047;961;1313;-352
8905;Mannen;53 jaar;2048;954;1312;-358
8906;Mannen;53 jaar;2049;956;1323;-367
8907;Mannen;53 jaar;2050;959;1330;-371
8908;Mannen;53 jaar;2051;966;1348;-382
8909;Mannen;53 jaar;2052;968;1356;-388
8910;Mannen;53 jaar;2053;971;1366;-395
8911;Mannen;53 jaar;2054;969;1363;-394
8912;Mannen;53 jaar;2055;968;1367;-399
8913;Mannen;53 jaar;2056;967;1370;-403
8914;Mannen;53 jaar;2057;960;1365;-405
8915;Mannen;53 jaar;2058;955;1363;-408
8916;Mannen;53 jaar;2059;952;1364;-412
8917;Mannen;53 jaar;2060;949;1363;-414
8918;Mannen;53 jaar;2061;953;1373;-420
8919;Mannen;53 jaar;2062;954;1377;-423
8920;Mannen;53 jaar;2063;954;1380;-426
8921;Mannen;53 jaar;2064;952;1379;-427
8922;Mannen;53 jaar;2065;946;1379;-433
8923;Mannen;53 jaar;2066;945;1378;-433
8924;Mannen;53 jaar;2067;949;1385;-436
8925;Mannen;53 jaar;2068;947;1384;-437
8926;Mannen;53 jaar;2069;949;1387;-438
8927;Mannen;53 jaar;2070;945;1386;-441
8928;Mannen;54 jaar;2023;1036;815;221
8929;Mannen;54 jaar;2024;1003;850;153
8930;Mannen;54 jaar;2025;958;880;78
8931;Mannen;54 jaar;2026;900;900;0
8932;Mannen;54 jaar;2027;885;916;-31
8933;Mannen;54 jaar;2028;876;959;-83
8934;Mannen;54 jaar;2029;872;952;-80
8935;Mannen;54 jaar;2030;872;966;-94
8936;Mannen;54 jaar;2031;869;974;-105
8937;Mannen;54 jaar;2032;872;990;-118
8938;Mannen;54 jaar;2033;868;1003;-135
8939;Mannen;54 jaar;2034;869;1032;-163
8940;Mannen;54 jaar;2035;867;1036;-169
8941;Mannen;54 jaar;2036;861;1064;-203
8942;Mannen;54 jaar;2037;861;1080;-219
8943;Mannen;54 jaar;2038;867;1109;-242
8944;Mannen;54 jaar;2039;870;1128;-258
8945;Mannen;54 jaar;2040;874;1143;-269
8946;Mannen;54 jaar;2041;875;1153;-278
8947;Mannen;54 jaar;2042;877;1173;-296
8948;Mannen;54 jaar;2043;876;1192;-316
8949;Mannen;54 jaar;2044;884;1216;-332
8950;Mannen;54 jaar;2045;886;1224;-338
8951;Mannen;54 jaar;2046;885;1233;-348
8952;Mannen;54 jaar;2047;886;1242;-356
8953;Mannen;54 jaar;2048;891;1253;-362
8954;Mannen;54 jaar;2049;885;1252;-367
8955;Mannen;54 jaar;2050;886;1262;-376
8956;Mannen;54 jaar;2051;888;1270;-382
8957;Mannen;54 jaar;2052;893;1286;-393
8958;Mannen;54 jaar;2053;899;1293;-394
8959;Mannen;54 jaar;2054;902;1303;-401
8960;Mannen;54 jaar;2055;901;1302;-401
8961;Mannen;54 jaar;2056;899;1305;-406
8962;Mannen;54 jaar;2057;898;1308;-410
8963;Mannen;54 jaar;2058;890;1303;-413
8964;Mannen;54 jaar;2059;884;1300;-416
8965;Mannen;54 jaar;2060;884;1301;-417
8966;Mannen;54 jaar;2061;881;1301;-420
8967;Mannen;54 jaar;2062;884;1310;-426
8968;Mannen;54 jaar;2063;883;1314;-431
8969;Mannen;54 jaar;2064;884;1317;-433
8970;Mannen;54 jaar;2065;881;1317;-436
8971;Mannen;54 jaar;2066;876;1317;-441
8972;Mannen;54 jaar;2067;875;1316;-441
8973;Mannen;54 jaar;2068;878;1322;-444
8974;Mannen;54 jaar;2069;875;1322;-447
8975;Mannen;54 jaar;2070;877;1325;-448
8976;Mannen;55 jaar;2023;921;731;190
8977;Mannen;55 jaar;2024;906;787;119
8978;Mannen;55 jaar;2025;866;818;48
8979;Mannen;55 jaar;2026;819;838;-19
8980;Mannen;55 jaar;2027;807;866;-59
8981;Mannen;55 jaar;2028;792;881;-89
8982;Mannen;55 jaar;2029;790;895;-105
8983;Mannen;55 jaar;2030;782;886;-104
8984;Mannen;55 jaar;2031;781;895;-114
8985;Mannen;55 jaar;2032;777;901;-124
8986;Mannen;55 jaar;2033;778;915;-137
8987;Mannen;55 jaar;2034;777;934;-157
8988;Mannen;55 jaar;2035;782;963;-181
8989;Mannen;55 jaar;2036;780;968;-188
8990;Mannen;55 jaar;2037;774;996;-222
8991;Mannen;55 jaar;2038;773;1011;-238
8992;Mannen;55 jaar;2039;778;1039;-261
8993;Mannen;55 jaar;2040;779;1057;-278
8994;Mannen;55 jaar;2041;786;1071;-285
8995;Mannen;55 jaar;2042;790;1080;-290
8996;Mannen;55 jaar;2043;786;1100;-314
8997;Mannen;55 jaar;2044;791;1118;-327
8998;Mannen;55 jaar;2045;796;1141;-345
8999;Mannen;55 jaar;2046;799;1148;-349
9000;Mannen;55 jaar;2047;798;1158;-360
9001;Mannen;55 jaar;2048;798;1165;-367
9002;Mannen;55 jaar;2049;800;1176;-376
9003;Mannen;55 jaar;2050;798;1174;-376
9004;Mannen;55 jaar;2051;798;1186;-388
9005;Mannen;55 jaar;2052;800;1193;-393
9006;Mannen;55 jaar;2053;807;1207;-400
9007;Mannen;55 jaar;2054;809;1215;-406
9008;Mannen;55 jaar;2055;812;1224;-412
9009;Mannen;55 jaar;2056;811;1223;-412
9010;Mannen;55 jaar;2057;810;1227;-417
9011;Mannen;55 jaar;2058;808;1230;-422
9012;Mannen;55 jaar;2059;804;1225;-421
9013;Mannen;55 jaar;2060;799;1224;-425
9014;Mannen;55 jaar;2061;799;1226;-427
9015;Mannen;55 jaar;2062;797;1225;-428
9016;Mannen;55 jaar;2063;798;1235;-437
9017;Mannen;55 jaar;2064;797;1239;-442
9018;Mannen;55 jaar;2065;795;1241;-446
9019;Mannen;55 jaar;2066;794;1242;-448
9020;Mannen;55 jaar;2067;790;1242;-452
9021;Mannen;55 jaar;2068;789;1242;-453
9022;Mannen;55 jaar;2069;791;1248;-457
9023;Mannen;55 jaar;2070;789;1248;-459
9024;Mannen;56 jaar;2023;820;628;192
9025;Mannen;56 jaar;2024;801;681;120
9026;Mannen;56 jaar;2025;778;728;50
9027;Mannen;56 jaar;2026;731;754;-23
9028;Mannen;56 jaar;2027;724;773;-49
9029;Mannen;56 jaar;2028;715;798;-83
9030;Mannen;56 jaar;2029;705;786;-81
9031;Mannen;56 jaar;2030;698;794;-96
9032;Mannen;56 jaar;2031;693;784;-91
9033;Mannen;56 jaar;2032;691;791;-100
9034;Mannen;56 jaar;2033;688;796;-108
9035;Mannen;56 jaar;2034;689;814;-125
9036;Mannen;56 jaar;2035;690;832;-142
9037;Mannen;56 jaar;2036;694;858;-164
9038;Mannen;56 jaar;2037;694;865;-171
9039;Mannen;56 jaar;2038;688;889;-201
9040;Mannen;56 jaar;2039;687;902;-215
9041;Mannen;56 jaar;2040;692;927;-235
9042;Mannen;56 jaar;2041;693;943;-250
9043;Mannen;56 jaar;2042;700;958;-258
9044;Mannen;56 jaar;2043;703;967;-264
9045;Mannen;56 jaar;2044;700;985;-285
9046;Mannen;56 jaar;2045;704;1002;-298
9047;Mannen;56 jaar;2046;710;1022;-312
9048;Mannen;56 jaar;2047;711;1029;-318
9049;Mannen;56 jaar;2048;710;1038;-328
9050;Mannen;56 jaar;2049;711;1044;-333
9051;Mannen;56 jaar;2050;714;1055;-341
9052;Mannen;56 jaar;2051;712;1055;-343
9053;Mannen;56 jaar;2052;712;1064;-352
9054;Mannen;56 jaar;2053;714;1069;-355
9055;Mannen;56 jaar;2054;720;1083;-363
9056;Mannen;56 jaar;2055;722;1091;-369
9057;Mannen;56 jaar;2056;726;1099;-373
9058;Mannen;56 jaar;2057;725;1099;-374
9059;Mannen;56 jaar;2058;724;1103;-379
9060;Mannen;56 jaar;2059;722;1104;-382
9061;Mannen;56 jaar;2060;718;1101;-383
9062;Mannen;56 jaar;2061;714;1100;-386
9063;Mannen;56 jaar;2062;713;1102;-389
9064;Mannen;56 jaar;2063;711;1101;-390
9065;Mannen;56 jaar;2064;712;1110;-398
9066;Mannen;56 jaar;2065;712;1114;-402
9067;Mannen;56 jaar;2066;710;1117;-407
9068;Mannen;56 jaar;2067;708;1118;-410
9069;Mannen;56 jaar;2068;704;1118;-414
9070;Mannen;56 jaar;2069;703;1118;-415
9071;Mannen;56 jaar;2070;706;1123;-417
9072;Mannen;57 jaar;2023;713;592;121
9073;Mannen;57 jaar;2024;700;622;78
9074;Mannen;57 jaar;2025;674;667;7
9075;Mannen;57 jaar;2026;656;712;-56
9076;Mannen;57 jaar;2027;646;741;-95
9077;Mannen;57 jaar;2028;639;756;-117
9078;Mannen;57 jaar;2029;634;753;-119
9079;Mannen;57 jaar;2030;620;737;-117
9080;Mannen;57 jaar;2031;615;740;-125
9081;Mannen;57 jaar;2032;612;728;-116
9082;Mannen;57 jaar;2033;610;733;-123
9083;Mannen;57 jaar;2034;607;742;-135
9084;Mannen;57 jaar;2035;611;759;-148
9085;Mannen;57 jaar;2036;611;775;-164
9086;Mannen;57 jaar;2037;616;801;-185
9087;Mannen;57 jaar;2038;613;807;-194
9088;Mannen;57 jaar;2039;609;826;-217
9089;Mannen;57 jaar;2040;608;838;-230
9090;Mannen;57 jaar;2041;614;863;-249
9091;Mannen;57 jaar;2042;615;879;-264
9092;Mannen;57 jaar;2043;621;893;-272
9093;Mannen;57 jaar;2044;624;902;-278
9094;Mannen;57 jaar;2045;620;920;-300
9095;Mannen;57 jaar;2046;624;935;-311
9096;Mannen;57 jaar;2047;630;955;-325
9097;Mannen;57 jaar;2048;629;961;-332
9098;Mannen;57 jaar;2049;631;969;-338
9099;Mannen;57 jaar;2050;630;975;-345
9100;Mannen;57 jaar;2051;631;985;-354
9101;Mannen;57 jaar;2052;630;985;-355
9102;Mannen;57 jaar;2053;632;993;-361
9103;Mannen;57 jaar;2054;633;999;-366
9104;Mannen;57 jaar;2055;638;1012;-374
9105;Mannen;57 jaar;2056;641;1019;-378
9106;Mannen;57 jaar;2057;645;1028;-383
9107;Mannen;57 jaar;2058;645;1027;-382
9108;Mannen;57 jaar;2059;642;1030;-388
9109;Mannen;57 jaar;2060;640;1033;-393
9110;Mannen;57 jaar;2061;636;1030;-394
9111;Mannen;57 jaar;2062;631;1027;-396
9112;Mannen;57 jaar;2063;633;1029;-396
9113;Mannen;57 jaar;2064;627;1028;-401
9114;Mannen;57 jaar;2065;633;1037;-404
9115;Mannen;57 jaar;2066;633;1041;-408
9116;Mannen;57 jaar;2067;629;1043;-414
9117;Mannen;57 jaar;2068;625;1044;-419
9118;Mannen;57 jaar;2069;626;1044;-418
9119;Mannen;57 jaar;2070;623;1042;-419
9120;Mannen;58 jaar;2023;651;576;75
9121;Mannen;58 jaar;2024;636;601;35
9122;Mannen;58 jaar;2025;615;626;-11
9123;Mannen;58 jaar;2026;586;668;-82
9124;Mannen;58 jaar;2027;591;716;-125
9125;Mannen;58 jaar;2028;587;744;-157
9126;Mannen;58 jaar;2029;582;734;-152
9127;Mannen;58 jaar;2030;573;726;-153
9128;Mannen;58 jaar;2031;562;709;-147
9129;Mannen;58 jaar;2032;556;709;-153
9130;Mannen;58 jaar;2033;551;697;-146
9131;Mannen;58 jaar;2034;550;704;-154
9132;Mannen;58 jaar;2035;547;714;-167
9133;Mannen;58 jaar;2036;550;729;-179
9134;Mannen;58 jaar;2037;551;745;-194
9135;Mannen;58 jaar;2038;557;770;-213
9136;Mannen;58 jaar;2039;554;775;-221
9137;Mannen;58 jaar;2040;550;793;-243
9138;Mannen;58 jaar;2041;550;804;-254
9139;Mannen;58 jaar;2042;554;828;-274
9140;Mannen;58 jaar;2043;556;844;-288
9141;Mannen;58 jaar;2044;561;858;-297
9142;Mannen;58 jaar;2045;564;867;-303
9143;Mannen;58 jaar;2046;563;883;-320
9144;Mannen;58 jaar;2047;564;897;-333
9145;Mannen;58 jaar;2048;570;918;-348
9146;Mannen;58 jaar;2049;571;923;-352
9147;Mannen;58 jaar;2050;572;931;-359
9148;Mannen;58 jaar;2051;570;938;-368
9149;Mannen;58 jaar;2052;572;948;-376
9150;Mannen;58 jaar;2053;568;947;-379
9151;Mannen;58 jaar;2054;569;955;-386
9152;Mannen;58 jaar;2055;572;960;-388
9153;Mannen;58 jaar;2056;576;973;-397
9154;Mannen;58 jaar;2057;577;981;-404
9155;Mannen;58 jaar;2058;582;989;-407
9156;Mannen;58 jaar;2059;582;989;-407
9157;Mannen;58 jaar;2060;580;992;-412
9158;Mannen;58 jaar;2061;580;994;-414
9159;Mannen;58 jaar;2062;576;991;-415
9160;Mannen;58 jaar;2063;573;989;-416
9161;Mannen;58 jaar;2064;569;990;-421
9162;Mannen;58 jaar;2065;568;990;-422
9163;Mannen;58 jaar;2066;572;998;-426
9164;Mannen;58 jaar;2067;569;1001;-432
9165;Mannen;58 jaar;2068;569;1004;-435
9166;Mannen;58 jaar;2069;567;1005;-438
9167;Mannen;58 jaar;2070;564;1005;-441
9168;Mannen;59 jaar;2023;607;538;69
9169;Mannen;59 jaar;2024;593;562;31
9170;Mannen;59 jaar;2025;567;582;-15
9171;Mannen;59 jaar;2026;544;606;-62
9172;Mannen;59 jaar;2027;541;648;-107
9173;Mannen;59 jaar;2028;548;693;-145
9174;Mannen;59 jaar;2029;546;699;-153
9175;Mannen;59 jaar;2030;538;687;-149
9176;Mannen;59 jaar;2031;531;678;-147
9177;Mannen;59 jaar;2032;518;662;-144
9178;Mannen;59 jaar;2033;512;661;-149
9179;Mannen;59 jaar;2034;505;654;-149
9180;Mannen;59 jaar;2035;505;661;-156
9181;Mannen;59 jaar;2036;503;671;-168
9182;Mannen;59 jaar;2037;506;686;-180
9183;Mannen;59 jaar;2038;507;700;-193
9184;Mannen;59 jaar;2039;514;723;-209
9185;Mannen;59 jaar;2040;511;729;-218
9186;Mannen;59 jaar;2041;508;746;-238
9187;Mannen;59 jaar;2042;507;756;-249
9188;Mannen;59 jaar;2043;512;779;-267
9189;Mannen;59 jaar;2044;514;792;-278
9190;Mannen;59 jaar;2045;518;806;-288
9191;Mannen;59 jaar;2046;522;815;-293
9192;Mannen;59 jaar;2047;520;829;-309
9193;Mannen;59 jaar;2048;522;843;-321
9194;Mannen;59 jaar;2049;527;861;-334
9195;Mannen;59 jaar;2050;529;868;-339
9196;Mannen;59 jaar;2051;529;876;-347
9197;Mannen;59 jaar;2052;527;881;-354
9198;Mannen;59 jaar;2053;527;890;-363
9199;Mannen;59 jaar;2054;527;889;-362
9200;Mannen;59 jaar;2055;527;898;-371
9201;Mannen;59 jaar;2056;529;903;-374
9202;Mannen;59 jaar;2057;535;915;-380
9203;Mannen;59 jaar;2058;535;922;-387
9204;Mannen;59 jaar;2059;540;930;-390
9205;Mannen;59 jaar;2060;538;931;-393
9206;Mannen;59 jaar;2061;538;934;-396
9207;Mannen;59 jaar;2062;537;936;-399
9208;Mannen;59 jaar;2063;533;933;-400
9209;Mannen;59 jaar;2064;530;931;-401
9210;Mannen;59 jaar;2065;525;932;-407
9211;Mannen;59 jaar;2066;526;932;-406
9212;Mannen;59 jaar;2067;529;941;-412
9213;Mannen;59 jaar;2068;528;945;-417
9214;Mannen;59 jaar;2069;527;947;-420
9215;Mannen;59 jaar;2070;524;947;-423
9216;Mannen;60 jaar;2023;593;496;97
9217;Mannen;60 jaar;2024;558;541;17
9218;Mannen;60 jaar;2025;526;562;-36
9219;Mannen;60 jaar;2026;493;582;-89
9220;Mannen;60 jaar;2027;491;606;-115
9221;Mannen;60 jaar;2028;490;648;-158
9222;Mannen;60 jaar;2029;501;672;-171
9223;Mannen;60 jaar;2030;495;674;-179
9224;Mannen;60 jaar;2031;489;663;-174
9225;Mannen;60 jaar;2032;480;654;-174
9226;Mannen;60 jaar;2033;468;637;-169
9227;Mannen;60 jaar;2034;462;640;-178
9228;Mannen;60 jaar;2035;457;633;-176
9229;Mannen;60 jaar;2036;457;641;-184
9230;Mannen;60 jaar;2037;456;652;-196
9231;Mannen;60 jaar;2038;457;666;-209
9232;Mannen;60 jaar;2039;458;679;-221
9233;Mannen;60 jaar;2040;465;701;-236
9234;Mannen;60 jaar;2041;463;707;-244
9235;Mannen;60 jaar;2042;460;722;-262
9236;Mannen;60 jaar;2043;458;732;-274
9237;Mannen;60 jaar;2044;461;754;-293
9238;Mannen;60 jaar;2045;463;768;-305
9239;Mannen;60 jaar;2046;467;781;-314
9240;Mannen;60 jaar;2047;470;790;-320
9241;Mannen;60 jaar;2048;472;804;-332
9242;Mannen;60 jaar;2049;473;817;-344
9243;Mannen;60 jaar;2050;480;835;-355
9244;Mannen;60 jaar;2051;479;841;-362
9245;Mannen;60 jaar;2052;477;848;-371
9246;Mannen;60 jaar;2053;476;854;-378
9247;Mannen;60 jaar;2054;477;863;-386
9248;Mannen;60 jaar;2055;475;863;-388
9249;Mannen;60 jaar;2056;476;871;-395
9250;Mannen;60 jaar;2057;475;876;-401
9251;Mannen;60 jaar;2058;481;888;-407
9252;Mannen;60 jaar;2059;485;894;-409
9253;Mannen;60 jaar;2060;488;902;-414
9254;Mannen;60 jaar;2061;484;903;-419
9255;Mannen;60 jaar;2062;483;906;-423
9256;Mannen;60 jaar;2063;482;908;-426
9257;Mannen;60 jaar;2064;481;906;-425
9258;Mannen;60 jaar;2065;478;904;-426
9259;Mannen;60 jaar;2066;477;906;-429
9260;Mannen;60 jaar;2067;474;907;-433
9261;Mannen;60 jaar;2068;474;914;-440
9262;Mannen;60 jaar;2069;476;919;-443
9263;Mannen;60 jaar;2070;477;921;-444
9264;Mannen;61 jaar;2023;541;484;57
9265;Mannen;61 jaar;2024;501;498;3
9266;Mannen;61 jaar;2025;471;538;-67
9267;Mannen;61 jaar;2026;440;560;-120
9268;Mannen;61 jaar;2027;437;579;-142
9269;Mannen;61 jaar;2028;434;601;-167
9270;Mannen;61 jaar;2029;438;624;-186
9271;Mannen;61 jaar;2030;443;643;-200
9272;Mannen;61 jaar;2031;438;644;-206
9273;Mannen;61 jaar;2032;431;632;-201
9274;Mannen;61 jaar;2033;423;621;-198
9275;Mannen;61 jaar;2034;411;608;-197
9276;Mannen;61 jaar;2035;407;610;-203
9277;Mannen;61 jaar;2036;403;603;-200
9278;Mannen;61 jaar;2037;403;610;-207
9279;Mannen;61 jaar;2038;402;620;-218
9280;Mannen;61 jaar;2039;403;633;-230
9281;Mannen;61 jaar;2040;404;645;-241
9282;Mannen;61 jaar;2041;410;666;-256
9283;Mannen;61 jaar;2042;409;672;-263
9284;Mannen;61 jaar;2043;405;685;-280
9285;Mannen;61 jaar;2044;402;694;-292
9286;Mannen;61 jaar;2045;406;716;-310
9287;Mannen;61 jaar;2046;407;729;-322
9288;Mannen;61 jaar;2047;413;741;-328
9289;Mannen;61 jaar;2048;415;749;-334
9290;Mannen;61 jaar;2049;416;762;-346
9291;Mannen;61 jaar;2050;418;775;-357
9292;Mannen;61 jaar;2051;426;793;-367
9293;Mannen;61 jaar;2052;425;798;-373
9294;Mannen;61 jaar;2053;423;804;-381
9295;Mannen;61 jaar;2054;422;811;-389
9296;Mannen;61 jaar;2055;422;819;-397
9297;Mannen;61 jaar;2056;420;819;-399
9298;Mannen;61 jaar;2057;422;826;-404
9299;Mannen;61 jaar;2058;422;832;-410
9300;Mannen;61 jaar;2059;426;843;-417
9301;Mannen;61 jaar;2060;428;850;-422
9302;Mannen;61 jaar;2061;432;858;-426
9303;Mannen;61 jaar;2062;429;858;-429
9304;Mannen;61 jaar;2063;429;861;-432
9305;Mannen;61 jaar;2064;428;864;-436
9306;Mannen;61 jaar;2065;425;861;-436
9307;Mannen;61 jaar;2066;424;859;-435
9308;Mannen;61 jaar;2067;424;861;-437
9309;Mannen;61 jaar;2068;421;861;-440
9310;Mannen;61 jaar;2069;420;869;-449
9311;Mannen;61 jaar;2070;422;872;-450
9312;Mannen;62 jaar;2023;449;456;-7
9313;Mannen;62 jaar;2024;426;476;-50
9314;Mannen;62 jaar;2025;411;490;-79
9315;Mannen;62 jaar;2026;392;528;-136
9316;Mannen;62 jaar;2027;388;551;-163
9317;Mannen;62 jaar;2028;385;568;-183
9318;Mannen;62 jaar;2029;388;569;-181
9319;Mannen;62 jaar;2030;387;588;-201
9320;Mannen;62 jaar;2031;394;606;-212
9321;Mannen;62 jaar;2032;391;606;-215
9322;Mannen;62 jaar;2033;384;593;-209
9323;Mannen;62 jaar;2034;376;584;-208
9324;Mannen;62 jaar;2035;367;570;-203
9325;Mannen;62 jaar;2036;363;571;-208
9326;Mannen;62 jaar;2037;358;564;-206
9327;Mannen;62 jaar;2038;359;571;-212
9328;Mannen;62 jaar;2039;357;579;-222
9329;Mannen;62 jaar;2040;359;591;-232
9330;Mannen;62 jaar;2041;359;602;-243
9331;Mannen;62 jaar;2042;364;621;-257
9332;Mannen;62 jaar;2043;364;625;-261
9333;Mannen;62 jaar;2044;361;636;-275
9334;Mannen;62 jaar;2045;358;645;-287
9335;Mannen;62 jaar;2046;361;664;-303
9336;Mannen;62 jaar;2047;362;676;-314
9337;Mannen;62 jaar;2048;365;688;-323
9338;Mannen;62 jaar;2049;370;695;-325
9339;Mannen;62 jaar;2050;371;707;-336
9340;Mannen;62 jaar;2051;373;718;-345
9341;Mannen;62 jaar;2052;379;734;-355
9342;Mannen;62 jaar;2053;380;738;-358
9343;Mannen;62 jaar;2054;378;744;-366
9344;Mannen;62 jaar;2055;377;750;-373
9345;Mannen;62 jaar;2056;377;759;-382
9346;Mannen;62 jaar;2057;375;758;-383
9347;Mannen;62 jaar;2058;377;765;-388
9348;Mannen;62 jaar;2059;376;770;-394
9349;Mannen;62 jaar;2060;380;781;-401
9350;Mannen;62 jaar;2061;382;787;-405
9351;Mannen;62 jaar;2062;385;794;-409
9352;Mannen;62 jaar;2063;385;794;-409
9353;Mannen;62 jaar;2064;384;797;-413
9354;Mannen;62 jaar;2065;384;800;-416
9355;Mannen;62 jaar;2066;379;797;-418
9356;Mannen;62 jaar;2067;377;795;-418
9357;Mannen;62 jaar;2068;378;796;-418
9358;Mannen;62 jaar;2069;374;797;-423
9359;Mannen;62 jaar;2070;376;804;-428
9360;Mannen;63 jaar;2023;398;444;-46
9361;Mannen;63 jaar;2024;382;453;-71
9362;Mannen;63 jaar;2025;366;474;-108
9363;Mannen;63 jaar;2026;349;489;-140
9364;Mannen;63 jaar;2027;349;531;-182
9365;Mannen;63 jaar;2028;346;554;-208
9366;Mannen;63 jaar;2029;346;555;-209
9367;Mannen;63 jaar;2030;346;553;-207
9368;Mannen;63 jaar;2031;344;572;-228
9369;Mannen;63 jaar;2032;350;588;-238
9370;Mannen;63 jaar;2033;344;587;-243
9371;Mannen;63 jaar;2034;338;577;-239
9372;Mannen;63 jaar;2035;332;569;-237
9373;Mannen;63 jaar;2036;323;557;-234
9374;Mannen;63 jaar;2037;319;559;-240
9375;Mannen;63 jaar;2038;315;551;-236
9376;Mannen;63 jaar;2039;315;557;-242
9377;Mannen;63 jaar;2040;312;566;-254
9378;Mannen;63 jaar;2041;315;577;-262
9379;Mannen;63 jaar;2042;314;588;-274
9380;Mannen;63 jaar;2043;320;607;-287
9381;Mannen;63 jaar;2044;319;610;-291
9382;Mannen;63 jaar;2045;315;620;-305
9383;Mannen;63 jaar;2046;315;629;-314
9384;Mannen;63 jaar;2047;317;648;-331
9385;Mannen;63 jaar;2048;319;659;-340
9386;Mannen;63 jaar;2049;322;670;-348
9387;Mannen;63 jaar;2050;326;677;-351
9388;Mannen;63 jaar;2051;325;689;-364
9389;Mannen;63 jaar;2052;327;699;-372
9390;Mannen;63 jaar;2053;334;714;-380
9391;Mannen;63 jaar;2054;335;718;-383
9392;Mannen;63 jaar;2055;335;724;-389
9393;Mannen;63 jaar;2056;334;730;-396
9394;Mannen;63 jaar;2057;334;738;-404
9395;Mannen;63 jaar;2058;331;738;-407
9396;Mannen;63 jaar;2059;332;746;-414
9397;Mannen;63 jaar;2060;333;750;-417
9398;Mannen;63 jaar;2061;338;761;-423
9399;Mannen;63 jaar;2062;336;768;-432
9400;Mannen;63 jaar;2063;339;775;-436
9401;Mannen;63 jaar;2064;340;775;-435
9402;Mannen;63 jaar;2065;338;778;-440
9403;Mannen;63 jaar;2066;339;780;-441
9404;Mannen;63 jaar;2067;336;778;-442
9405;Mannen;63 jaar;2068;332;777;-445
9406;Mannen;63 jaar;2069;333;778;-445
9407;Mannen;63 jaar;2070;329;778;-449
9408;Mannen;64 jaar;2023;349;418;-69
9409;Mannen;64 jaar;2024;335;442;-107
9410;Mannen;64 jaar;2025;325;450;-125
9411;Mannen;64 jaar;2026;311;473;-162
9412;Mannen;64 jaar;2027;312;497;-185
9413;Mannen;64 jaar;2028;316;537;-221
9414;Mannen;64 jaar;2029;317;546;-229
9415;Mannen;64 jaar;2030;312;542;-230
9416;Mannen;64 jaar;2031;312;539;-227
9417;Mannen;64 jaar;2032;310;557;-247
9418;Mannen;64 jaar;2033;316;573;-257
9419;Mannen;64 jaar;2034;310;575;-265
9420;Mannen;64 jaar;2035;305;566;-261
9421;Mannen;64 jaar;2036;299;559;-260
9422;Mannen;64 jaar;2037;290;547;-257
9423;Mannen;64 jaar;2038;286;550;-264
9424;Mannen;64 jaar;2039;282;543;-261
9425;Mannen;64 jaar;2040;282;549;-267
9426;Mannen;64 jaar;2041;280;559;-279
9427;Mannen;64 jaar;2042;283;570;-287
9428;Mannen;64 jaar;2043;281;581;-300
9429;Mannen;64 jaar;2044;288;599;-311
9430;Mannen;64 jaar;2045;285;602;-317
9431;Mannen;64 jaar;2046;283;614;-331
9432;Mannen;64 jaar;2047;282;622;-340
9433;Mannen;64 jaar;2048;285;641;-356
9434;Mannen;64 jaar;2049;286;653;-367
9435;Mannen;64 jaar;2050;290;664;-374
9436;Mannen;64 jaar;2051;293;671;-378
9437;Mannen;64 jaar;2052;293;683;-390
9438;Mannen;64 jaar;2053;294;693;-399
9439;Mannen;64 jaar;2054;302;708;-406
9440;Mannen;64 jaar;2055;301;714;-413
9441;Mannen;64 jaar;2056;303;720;-417
9442;Mannen;64 jaar;2057;301;726;-425
9443;Mannen;64 jaar;2058;302;734;-432
9444;Mannen;64 jaar;2059;299;734;-435
9445;Mannen;64 jaar;2060;299;742;-443
9446;Mannen;64 jaar;2061;301;748;-447
9447;Mannen;64 jaar;2062;303;758;-455
9448;Mannen;64 jaar;2063;304;764;-460
9449;Mannen;64 jaar;2064;307;772;-465
9450;Mannen;64 jaar;2065;307;772;-465
9451;Mannen;64 jaar;2066;305;775;-470
9452;Mannen;64 jaar;2067;307;778;-471
9453;Mannen;64 jaar;2068;302;776;-474
9454;Mannen;64 jaar;2069;300;774;-474
9455;Mannen;64 jaar;2070;299;776;-477
9456;Mannen;65 jaar;2023;315;397;-82
9457;Mannen;65 jaar;2024;304;428;-124
9458;Mannen;65 jaar;2025;290;457;-167
9459;Mannen;65 jaar;2026;280;466;-186
9460;Mannen;65 jaar;2027;279;496;-217
9461;Mannen;65 jaar;2028;286;521;-235
9462;Mannen;65 jaar;2029;288;549;-261
9463;Mannen;65 jaar;2030;285;554;-269
9464;Mannen;65 jaar;2031;282;551;-269
9465;Mannen;65 jaar;2032;281;548;-267
9466;Mannen;65 jaar;2033;280;565;-285
9467;Mannen;65 jaar;2034;284;584;-300
9468;Mannen;65 jaar;2035;280;587;-307
9469;Mannen;65 jaar;2036;275;579;-304
9470;Mannen;65 jaar;2037;269;573;-304
9471;Mannen;65 jaar;2038;260;562;-302
9472;Mannen;65 jaar;2039;256;564;-308
9473;Mannen;65 jaar;2040;253;558;-305
9474;Mannen;65 jaar;2041;252;565;-313
9475;Mannen;65 jaar;2042;250;574;-324
9476;Mannen;65 jaar;2043;253;587;-334
9477;Mannen;65 jaar;2044;253;599;-346
9478;Mannen;65 jaar;2045;257;618;-361
9479;Mannen;65 jaar;2046;256;621;-365
9480;Mannen;65 jaar;2047;252;633;-381
9481;Mannen;65 jaar;2048;254;642;-388
9482;Mannen;65 jaar;2049;257;661;-404
9483;Mannen;65 jaar;2050;258;673;-415
9484;Mannen;65 jaar;2051;261;685;-424
9485;Mannen;65 jaar;2052;262;692;-430
9486;Mannen;65 jaar;2053;264;704;-440
9487;Mannen;65 jaar;2054;265;715;-450
9488;Mannen;65 jaar;2055;270;730;-460
9489;Mannen;65 jaar;2056;271;737;-466
9490;Mannen;65 jaar;2057;270;743;-473
9491;Mannen;65 jaar;2058;270;749;-479
9492;Mannen;65 jaar;2059;272;758;-486
9493;Mannen;65 jaar;2060;269;759;-490
9494;Mannen;65 jaar;2061;270;767;-497
9495;Mannen;65 jaar;2062;271;773;-502
9496;Mannen;65 jaar;2063;275;784;-509
9497;Mannen;65 jaar;2064;276;790;-514
9498;Mannen;65 jaar;2065;278;799;-521
9499;Mannen;65 jaar;2066;278;800;-522
9500;Mannen;65 jaar;2067;276;803;-527
9501;Mannen;65 jaar;2068;275;806;-531
9502;Mannen;65 jaar;2069;273;804;-531
9503;Mannen;65 jaar;2070;271;803;-532
9504;Mannen;66 jaar;2023;282;389;-107
9505;Mannen;66 jaar;2024;268;408;-140
9506;Mannen;66 jaar;2025;258;439;-181
9507;Mannen;66 jaar;2026;244;471;-227
9508;Mannen;66 jaar;2027;248;484;-236
9509;Mannen;66 jaar;2028;247;517;-270
9510;Mannen;66 jaar;2029;253;529;-276
9511;Mannen;66 jaar;2030;251;555;-304
9512;Mannen;66 jaar;2031;249;558;-309
9513;Mannen;66 jaar;2032;248;554;-306
9514;Mannen;66 jaar;2033;247;550;-303
9515;Mannen;66 jaar;2034;247;569;-322
9516;Mannen;66 jaar;2035;251;589;-338
9517;Mannen;66 jaar;2036;247;593;-346
9518;Mannen;66 jaar;2037;243;584;-341
9519;Mannen;66 jaar;2038;235;578;-343
9520;Mannen;66 jaar;2039;228;564;-336
9521;Mannen;66 jaar;2040;224;567;-343
9522;Mannen;66 jaar;2041;221;560;-339
9523;Mannen;66 jaar;2042;220;567;-347
9524;Mannen;66 jaar;2043;219;577;-358
9525;Mannen;66 jaar;2044;219;589;-370
9526;Mannen;66 jaar;2045;221;601;-380
9527;Mannen;66 jaar;2046;223;620;-397
9528;Mannen;66 jaar;2047;225;623;-398
9529;Mannen;66 jaar;2048;222;634;-412
9530;Mannen;66 jaar;2049;221;643;-422
9531;Mannen;66 jaar;2050;223;663;-440
9532;Mannen;66 jaar;2051;226;675;-449
9533;Mannen;66 jaar;2052;229;687;-458
9534;Mannen;66 jaar;2053;231;693;-462
9535;Mannen;66 jaar;2054;230;705;-475
9536;Mannen;66 jaar;2055;231;717;-486
9537;Mannen;66 jaar;2056;237;733;-496
9538;Mannen;66 jaar;2057;237;739;-502
9539;Mannen;66 jaar;2058;238;746;-508
9540;Mannen;66 jaar;2059;238;752;-514
9541;Mannen;66 jaar;2060;237;761;-524
9542;Mannen;66 jaar;2061;237;761;-524
9543;Mannen;66 jaar;2062;237;770;-533
9544;Mannen;66 jaar;2063;236;776;-540
9545;Mannen;66 jaar;2064;243;788;-545
9546;Mannen;66 jaar;2065;244;795;-551
9547;Mannen;66 jaar;2066;245;803;-558
9548;Mannen;66 jaar;2067;243;805;-562
9549;Mannen;66 jaar;2068;243;808;-565
9550;Mannen;66 jaar;2069;243;810;-567
9551;Mannen;66 jaar;2070;238;808;-570
9552;Mannen;67 jaar;2023;245;371;-126
9553;Mannen;67 jaar;2024;237;378;-141
9554;Mannen;67 jaar;2025;226;400;-174
9555;Mannen;67 jaar;2026;217;432;-215
9556;Mannen;67 jaar;2027;216;470;-254
9557;Mannen;67 jaar;2028;221;481;-260
9558;Mannen;67 jaar;2029;222;502;-280
9559;Mannen;67 jaar;2030;225;512;-287
9560;Mannen;67 jaar;2031;226;536;-310
9561;Mannen;67 jaar;2032;224;539;-315
9562;Mannen;67 jaar;2033;222;534;-312
9563;Mannen;67 jaar;2034;222;531;-309
9564;Mannen;67 jaar;2035;222;551;-329
9565;Mannen;67 jaar;2036;226;570;-344
9566;Mannen;67 jaar;2037;222;575;-353
9567;Mannen;67 jaar;2038;218;564;-346
9568;Mannen;67 jaar;2039;210;559;-349
9569;Mannen;67 jaar;2040;203;547;-344
9570;Mannen;67 jaar;2041;200;549;-349
9571;Mannen;67 jaar;2042;196;543;-347
9572;Mannen;67 jaar;2043;196;549;-353
9573;Mannen;67 jaar;2044;195;559;-364
9574;Mannen;67 jaar;2045;195;571;-376
9575;Mannen;67 jaar;2046;196;582;-386
9576;Mannen;67 jaar;2047;199;601;-402
9577;Mannen;67 jaar;2048;199;604;-405
9578;Mannen;67 jaar;2049;197;615;-418
9579;Mannen;67 jaar;2050;197;624;-427
9580;Mannen;67 jaar;2051;199;643;-444
9581;Mannen;67 jaar;2052;202;654;-452
9582;Mannen;67 jaar;2053;205;665;-460
9583;Mannen;67 jaar;2054;206;671;-465
9584;Mannen;67 jaar;2055;205;683;-478
9585;Mannen;67 jaar;2056;205;694;-489
9586;Mannen;67 jaar;2057;212;711;-499
9587;Mannen;67 jaar;2058;212;718;-506
9588;Mannen;67 jaar;2059;212;725;-513
9589;Mannen;67 jaar;2060;212;731;-519
9590;Mannen;67 jaar;2061;212;740;-528
9591;Mannen;67 jaar;2062;212;741;-529
9592;Mannen;67 jaar;2063;212;749;-537
9593;Mannen;67 jaar;2064;212;756;-544
9594;Mannen;67 jaar;2065;217;768;-551
9595;Mannen;67 jaar;2066;219;775;-556
9596;Mannen;67 jaar;2067;220;784;-564
9597;Mannen;67 jaar;2068;219;785;-566
9598;Mannen;67 jaar;2069;219;788;-569
9599;Mannen;67 jaar;2070;219;791;-572
9600;Mannen;68 jaar;2023;227;313;-86
9601;Mannen;68 jaar;2024;216;334;-118
9602;Mannen;68 jaar;2025;206;342;-136
9603;Mannen;68 jaar;2026;196;364;-168
9604;Mannen;68 jaar;2027;196;397;-201
9605;Mannen;68 jaar;2028;197;436;-239
9606;Mannen;68 jaar;2029;203;433;-230
9607;Mannen;68 jaar;2030;202;450;-248
9608;Mannen;68 jaar;2031;206;460;-254
9609;Mannen;68 jaar;2032;207;482;-275
9610;Mannen;68 jaar;2033;205;483;-278
9611;Mannen;68 jaar;2034;202;480;-278
9612;Mannen;68 jaar;2035;202;475;-273
9613;Mannen;68 jaar;2036;201;494;-293
9614;Mannen;68 jaar;2037;205;512;-307
9615;Mannen;68 jaar;2038;202;516;-314
9616;Mannen;68 jaar;2039;197;507;-310
9617;Mannen;68 jaar;2040;190;501;-311
9618;Mannen;68 jaar;2041;184;489;-305
9619;Mannen;68 jaar;2042;180;491;-311
9620;Mannen;68 jaar;2043;177;483;-306
9621;Mannen;68 jaar;2044;177;488;-311
9622;Mannen;68 jaar;2045;175;498;-323
9623;Mannen;68 jaar;2046;176;508;-332
9624;Mannen;68 jaar;2047;177;517;-340
9625;Mannen;68 jaar;2048;180;533;-353
9626;Mannen;68 jaar;2049;180;535;-355
9627;Mannen;68 jaar;2050;178;545;-367
9628;Mannen;68 jaar;2051;178;553;-375
9629;Mannen;68 jaar;2052;179;570;-391
9630;Mannen;68 jaar;2053;183;580;-397
9631;Mannen;68 jaar;2054;185;589;-404
9632;Mannen;68 jaar;2055;187;594;-407
9633;Mannen;68 jaar;2056;187;605;-418
9634;Mannen;68 jaar;2057;186;615;-429
9635;Mannen;68 jaar;2058;191;630;-439
9636;Mannen;68 jaar;2059;193;637;-444
9637;Mannen;68 jaar;2060;193;642;-449
9638;Mannen;68 jaar;2061;195;649;-454
9639;Mannen;68 jaar;2062;194;658;-464
9640;Mannen;68 jaar;2063;194;658;-464
9641;Mannen;68 jaar;2064;193;665;-472
9642;Mannen;68 jaar;2065;193;672;-479
9643;Mannen;68 jaar;2066;199;683;-484
9644;Mannen;68 jaar;2067;200;688;-488
9645;Mannen;68 jaar;2068;201;697;-496
9646;Mannen;68 jaar;2069;199;697;-498
9647;Mannen;68 jaar;2070;200;700;-500
9648;Mannen;69 jaar;2023;197;260;-63
9649;Mannen;69 jaar;2024;190;270;-80
9650;Mannen;69 jaar;2025;186;292;-106
9651;Mannen;69 jaar;2026;180;299;-119
9652;Mannen;69 jaar;2027;180;325;-145
9653;Mannen;69 jaar;2028;184;356;-172
9654;Mannen;69 jaar;2029;187;382;-195
9655;Mannen;69 jaar;2030;189;376;-187
9656;Mannen;69 jaar;2031;189;392;-203
9657;Mannen;69 jaar;2032;192;401;-209
9658;Mannen;69 jaar;2033;193;421;-228
9659;Mannen;69 jaar;2034;190;425;-235
9660;Mannen;69 jaar;2035;188;423;-235
9661;Mannen;69 jaar;2036;188;417;-229
9662;Mannen;69 jaar;2037;188;436;-248
9663;Mannen;69 jaar;2038;191;452;-261
9664;Mannen;69 jaar;2039;188;457;-269
9665;Mannen;69 jaar;2040;184;449;-265
9666;Mannen;69 jaar;2041;178;446;-268
9667;Mannen;69 jaar;2042;171;437;-266
9668;Mannen;69 jaar;2043;168;439;-271
9669;Mannen;69 jaar;2044;166;433;-267
9670;Mannen;69 jaar;2045;164;435;-271
9671;Mannen;69 jaar;2046;163;446;-283
9672;Mannen;69 jaar;2047;165;455;-290
9673;Mannen;69 jaar;2048;165;464;-299
9674;Mannen;69 jaar;2049;169;478;-309
9675;Mannen;69 jaar;2050;168;479;-311
9676;Mannen;69 jaar;2051;166;490;-324
9677;Mannen;69 jaar;2052;166;497;-331
9678;Mannen;69 jaar;2053;170;513;-343
9679;Mannen;69 jaar;2054;170;521;-351
9680;Mannen;69 jaar;2055;173;529;-356
9681;Mannen;69 jaar;2056;174;534;-360
9682;Mannen;69 jaar;2057;174;546;-372
9683;Mannen;69 jaar;2058;176;555;-379
9684;Mannen;69 jaar;2059;181;568;-387
9685;Mannen;69 jaar;2060;181;573;-392
9686;Mannen;69 jaar;2061;183;579;-396
9687;Mannen;69 jaar;2062;182;586;-404
9688;Mannen;69 jaar;2063;183;593;-410
9689;Mannen;69 jaar;2064;182;594;-412
9690;Mannen;69 jaar;2065;183;602;-419
9691;Mannen;69 jaar;2066;184;608;-424
9692;Mannen;69 jaar;2067;187;618;-431
9693;Mannen;69 jaar;2068;188;623;-435
9694;Mannen;69 jaar;2069;189;631;-442
9695;Mannen;69 jaar;2070;191;632;-441
9696;Mannen;70 jaar;2023;186;204;-18
9697;Mannen;70 jaar;2024;179;219;-40
9698;Mannen;70 jaar;2025;169;231;-62
9699;Mannen;70 jaar;2026;164;252;-88
9700;Mannen;70 jaar;2027;163;261;-98
9701;Mannen;70 jaar;2028;166;284;-118
9702;Mannen;70 jaar;2029;170;303;-133
9703;Mannen;70 jaar;2030;169;325;-156
9704;Mannen;70 jaar;2031;172;318;-146
9705;Mannen;70 jaar;2032;172;333;-161
9706;Mannen;70 jaar;2033;174;340;-166
9707;Mannen;70 jaar;2034;175;358;-183
9708;Mannen;70 jaar;2035;173;362;-189
9709;Mannen;70 jaar;2036;170;360;-190
9710;Mannen;70 jaar;2037;170;353;-183
9711;Mannen;70 jaar;2038;170;370;-200
9712;Mannen;70 jaar;2039;173;383;-210
9713;Mannen;70 jaar;2040;170;388;-218
9714;Mannen;70 jaar;2041;165;379;-214
9715;Mannen;70 jaar;2042;160;377;-217
9716;Mannen;70 jaar;2043;154;368;-214
9717;Mannen;70 jaar;2044;151;370;-219
9718;Mannen;70 jaar;2045;148;364;-216
9719;Mannen;70 jaar;2046;147;366;-219
9720;Mannen;70 jaar;2047;146;375;-229
9721;Mannen;70 jaar;2048;148;382;-234
9722;Mannen;70 jaar;2049;148;390;-242
9723;Mannen;70 jaar;2050;151;402;-251
9724;Mannen;70 jaar;2051;151;404;-253
9725;Mannen;70 jaar;2052;149;413;-264
9726;Mannen;70 jaar;2053;149;419;-270
9727;Mannen;70 jaar;2054;151;433;-282
9728;Mannen;70 jaar;2055;153;440;-287
9729;Mannen;70 jaar;2056;156;448;-292
9730;Mannen;70 jaar;2057;157;451;-294
9731;Mannen;70 jaar;2058;157;461;-304
9732;Mannen;70 jaar;2059;159;469;-310
9733;Mannen;70 jaar;2060;164;480;-316
9734;Mannen;70 jaar;2061;163;484;-321
9735;Mannen;70 jaar;2062;165;491;-326
9736;Mannen;70 jaar;2063;165;496;-331
9737;Mannen;70 jaar;2064;166;503;-337
9738;Mannen;70 jaar;2065;165;503;-338
9739;Mannen;70 jaar;2066;166;510;-344
9740;Mannen;70 jaar;2067;167;515;-348
9741;Mannen;70 jaar;2068;170;524;-354
9742;Mannen;70 jaar;2069;170;528;-358
9743;Mannen;70 jaar;2070;172;534;-362
9744;Mannen;71 jaar;2023;169;181;-12
9745;Mannen;71 jaar;2024;163;182;-19
9746;Mannen;71 jaar;2025;156;194;-38
9747;Mannen;71 jaar;2026;148;205;-57
9748;Mannen;71 jaar;2027;150;228;-78
9749;Mannen;71 jaar;2028;152;237;-85
9750;Mannen;71 jaar;2029;157;248;-91
9751;Mannen;71 jaar;2030;157;263;-106
9752;Mannen;71 jaar;2031;156;283;-127
9753;Mannen;71 jaar;2032;160;277;-117
9754;Mannen;71 jaar;2033;160;291;-131
9755;Mannen;71 jaar;2034;162;297;-135
9756;Mannen;71 jaar;2035;162;313;-151
9757;Mannen;71 jaar;2036;160;316;-156
9758;Mannen;71 jaar;2037;157;315;-158
9759;Mannen;71 jaar;2038;157;308;-151
9760;Mannen;71 jaar;2039;156;323;-167
9761;Mannen;71 jaar;2040;160;334;-174
9762;Mannen;71 jaar;2041;157;339;-182
9763;Mannen;71 jaar;2042;153;331;-178
9764;Mannen;71 jaar;2043;148;328;-180
9765;Mannen;71 jaar;2044;142;321;-179
9766;Mannen;71 jaar;2045;139;321;-182
9767;Mannen;71 jaar;2046;137;316;-179
9768;Mannen;71 jaar;2047;136;316;-180
9769;Mannen;71 jaar;2048;135;325;-190
9770;Mannen;71 jaar;2049;136;331;-195
9771;Mannen;71 jaar;2050;137;337;-200
9772;Mannen;71 jaar;2051;140;348;-208
9773;Mannen;71 jaar;2052;139;349;-210
9774;Mannen;71 jaar;2053;137;357;-220
9775;Mannen;71 jaar;2054;137;363;-226
9776;Mannen;71 jaar;2055;140;376;-236
9777;Mannen;71 jaar;2056;141;382;-241
9778;Mannen;71 jaar;2057;144;388;-244
9779;Mannen;71 jaar;2058;145;391;-246
9780;Mannen;71 jaar;2059;147;400;-253
9781;Mannen;71 jaar;2060;148;407;-259
9782;Mannen;71 jaar;2061;152;417;-265
9783;Mannen;71 jaar;2062;152;420;-268
9784;Mannen;71 jaar;2063;154;426;-272
9785;Mannen;71 jaar;2064;154;431;-277
9786;Mannen;71 jaar;2065;155;437;-282
9787;Mannen;71 jaar;2066;154;437;-283
9788;Mannen;71 jaar;2067;155;443;-288
9789;Mannen;71 jaar;2068;155;448;-293
9790;Mannen;71 jaar;2069;160;455;-295
9791;Mannen;71 jaar;2070;160;459;-299
9792;Mannen;72 jaar;2023;149;149;0
9793;Mannen;72 jaar;2024;147;157;-10
9794;Mannen;72 jaar;2025;140;159;-19
9795;Mannen;72 jaar;2026;137;171;-34
9796;Mannen;72 jaar;2027;137;184;-47
9797;Mannen;72 jaar;2028;142;205;-63
9798;Mannen;72 jaar;2029;145;206;-61
9799;Mannen;72 jaar;2030;147;215;-68
9800;Mannen;72 jaar;2031;148;229;-81
9801;Mannen;72 jaar;2032;148;246;-98
9802;Mannen;72 jaar;2033;152;240;-88
9803;Mannen;72 jaar;2034;152;253;-101
9804;Mannen;72 jaar;2035;154;259;-105
9805;Mannen;72 jaar;2036;154;273;-119
9806;Mannen;72 jaar;2037;151;276;-125
9807;Mannen;72 jaar;2038;149;275;-126
9808;Mannen;72 jaar;2039;149;268;-119
9809;Mannen;72 jaar;2040;149;282;-133
9810;Mannen;72 jaar;2041;153;292;-139
9811;Mannen;72 jaar;2042;149;296;-147
9812;Mannen;72 jaar;2043;146;289;-143
9813;Mannen;72 jaar;2044;141;287;-146
9814;Mannen;72 jaar;2045;135;280;-145
9815;Mannen;72 jaar;2046;132;281;-149
9816;Mannen;72 jaar;2047;130;275;-145
9817;Mannen;72 jaar;2048;128;275;-147
9818;Mannen;72 jaar;2049;128;282;-154
9819;Mannen;72 jaar;2050;129;288;-159
9820;Mannen;72 jaar;2051;129;294;-165
9821;Mannen;72 jaar;2052;132;303;-171
9822;Mannen;72 jaar;2053;132;304;-172
9823;Mannen;72 jaar;2054;130;311;-181
9824;Mannen;72 jaar;2055;129;315;-186
9825;Mannen;72 jaar;2056;132;327;-195
9826;Mannen;72 jaar;2057;134;332;-198
9827;Mannen;72 jaar;2058;137;337;-200
9828;Mannen;72 jaar;2059;138;340;-202
9829;Mannen;72 jaar;2060;139;348;-209
9830;Mannen;72 jaar;2061;140;354;-214
9831;Mannen;72 jaar;2062;145;363;-218
9832;Mannen;72 jaar;2063;144;365;-221
9833;Mannen;72 jaar;2064;146;371;-225
9834;Mannen;72 jaar;2065;146;374;-228
9835;Mannen;72 jaar;2066;147;380;-233
9836;Mannen;72 jaar;2067;146;381;-235
9837;Mannen;72 jaar;2068;147;385;-238
9838;Mannen;72 jaar;2069;148;390;-242
9839;Mannen;72 jaar;2070;152;397;-245
9840;Mannen;73 jaar;2023;141;133;8
9841;Mannen;73 jaar;2024;140;134;6
9842;Mannen;73 jaar;2025;138;142;-4
9843;Mannen;73 jaar;2026;132;145;-13
9844;Mannen;73 jaar;2027;132;158;-26
9845;Mannen;73 jaar;2028;135;171;-36
9846;Mannen;73 jaar;2029;138;185;-47
9847;Mannen;73 jaar;2030;139;185;-46
9848;Mannen;73 jaar;2031;141;194;-53
9849;Mannen;73 jaar;2032;143;206;-63
9850;Mannen;73 jaar;2033;142;222;-80
9851;Mannen;73 jaar;2034;145;217;-72
9852;Mannen;73 jaar;2035;145;229;-84
9853;Mannen;73 jaar;2036;147;235;-88
9854;Mannen;73 jaar;2037;147;248;-101
9855;Mannen;73 jaar;2038;144;251;-107
9856;Mannen;73 jaar;2039;142;250;-108
9857;Mannen;73 jaar;2040;142;243;-101
9858;Mannen;73 jaar;2041;142;257;-115
9859;Mannen;73 jaar;2042;145;266;-121
9860;Mannen;73 jaar;2043;142;270;-128
9861;Mannen;73 jaar;2044;139;264;-125
9862;Mannen;73 jaar;2045;134;261;-127
9863;Mannen;73 jaar;2046;128;255;-127
9864;Mannen;73 jaar;2047;125;256;-131
9865;Mannen;73 jaar;2048;122;249;-127
9866;Mannen;73 jaar;2049;122;250;-128
9867;Mannen;73 jaar;2050;120;257;-137
9868;Mannen;73 jaar;2051;122;262;-140
9869;Mannen;73 jaar;2052;122;266;-144
9870;Mannen;73 jaar;2053;125;274;-149
9871;Mannen;73 jaar;2054;125;275;-150
9872;Mannen;73 jaar;2055;124;281;-157
9873;Mannen;73 jaar;2056;123;285;-162
9874;Mannen;73 jaar;2057;126;296;-170
9875;Mannen;73 jaar;2058;128;300;-172
9876;Mannen;73 jaar;2059;130;306;-176
9877;Mannen;73 jaar;2060;132;308;-176
9878;Mannen;73 jaar;2061;132;315;-183
9879;Mannen;73 jaar;2062;133;320;-187
9880;Mannen;73 jaar;2063;138;328;-190
9881;Mannen;73 jaar;2064;138;331;-193
9882;Mannen;73 jaar;2065;138;335;-197
9883;Mannen;73 jaar;2066;140;338;-198
9884;Mannen;73 jaar;2067;139;344;-205
9885;Mannen;73 jaar;2068;139;344;-205
9886;Mannen;73 jaar;2069;140;349;-209
9887;Mannen;73 jaar;2070;142;352;-210
9888;Mannen;74 jaar;2023;137;125;12
9889;Mannen;74 jaar;2024;134;123;11
9890;Mannen;74 jaar;2025;129;123;6
9891;Mannen;74 jaar;2026;126;132;-6
9892;Mannen;74 jaar;2027;125;137;-12
9893;Mannen;74 jaar;2028;129;150;-21
9894;Mannen;74 jaar;2029;130;157;-27
9895;Mannen;74 jaar;2030;133;169;-36
9896;Mannen;74 jaar;2031;134;169;-35
9897;Mannen;74 jaar;2032;136;177;-41
9898;Mannen;74 jaar;2033;137;188;-51
9899;Mannen;74 jaar;2034;137;203;-66
9900;Mannen;74 jaar;2035;141;199;-58
9901;Mannen;74 jaar;2036;140;210;-70
9902;Mannen;74 jaar;2037;142;216;-74
9903;Mannen;74 jaar;2038;142;228;-86
9904;Mannen;74 jaar;2039;139;231;-92
9905;Mannen;74 jaar;2040;138;230;-92
9906;Mannen;74 jaar;2041;138;223;-85
9907;Mannen;74 jaar;2042;137;236;-99
9908;Mannen;74 jaar;2043;141;244;-103
9909;Mannen;74 jaar;2044;138;248;-110
9910;Mannen;74 jaar;2045;134;242;-108
9911;Mannen;74 jaar;2046;130;239;-109
9912;Mannen;74 jaar;2047;124;233;-109
9913;Mannen;74 jaar;2048;121;234;-113
9914;Mannen;74 jaar;2049;119;228;-109
9915;Mannen;74 jaar;2050;117;229;-112
9916;Mannen;74 jaar;2051;116;236;-120
9917;Mannen;74 jaar;2052;118;240;-122
9918;Mannen;74 jaar;2053;118;244;-126
9919;Mannen;74 jaar;2054;121;252;-131
9920;Mannen;74 jaar;2055;121;252;-131
9921;Mannen;74 jaar;2056;120;258;-138
9922;Mannen;74 jaar;2057;121;262;-141
9923;Mannen;74 jaar;2058;123;272;-149
9924;Mannen;74 jaar;2059;124;277;-153
9925;Mannen;74 jaar;2060;126;282;-156
9926;Mannen;74 jaar;2061;127;284;-157
9927;Mannen;74 jaar;2062;129;291;-162
9928;Mannen;74 jaar;2063;129;295;-166
9929;Mannen;74 jaar;2064;134;302;-168
9930;Mannen;74 jaar;2065;135;306;-171
9931;Mannen;74 jaar;2066;135;309;-174
9932;Mannen;74 jaar;2067;137;313;-176
9933;Mannen;74 jaar;2068;136;318;-182
9934;Mannen;74 jaar;2069;136;319;-183
9935;Mannen;74 jaar;2070;136;323;-187
9936;Mannen;75 jaar;2023;121;114;7
9937;Mannen;75 jaar;2024;120;116;4
9938;Mannen;75 jaar;2025;118;118;0
9939;Mannen;75 jaar;2026;117;116;1
9940;Mannen;75 jaar;2027;117;127;-10
9941;Mannen;75 jaar;2028;119;133;-14
9942;Mannen;75 jaar;2029;122;140;-18
9943;Mannen;75 jaar;2030;123;147;-24
9944;Mannen;75 jaar;2031;125;159;-34
9945;Mannen;75 jaar;2032;127;158;-31
9946;Mannen;75 jaar;2033;129;166;-37
9947;Mannen;75 jaar;2034;130;177;-47
9948;Mannen;75 jaar;2035;131;192;-61
9949;Mannen;75 jaar;2036;133;187;-54
9950;Mannen;75 jaar;2037;133;199;-66
9951;Mannen;75 jaar;2038;135;204;-69
9952;Mannen;75 jaar;2039;135;215;-80
9953;Mannen;75 jaar;2040;133;218;-85
9954;Mannen;75 jaar;2041;130;217;-87
9955;Mannen;75 jaar;2042;130;210;-80
9956;Mannen;75 jaar;2043;130;223;-93
9957;Mannen;75 jaar;2044;135;231;-96
9958;Mannen;75 jaar;2045;131;235;-104
9959;Mannen;75 jaar;2046;127;229;-102
9960;Mannen;75 jaar;2047;123;226;-103
9961;Mannen;75 jaar;2048;118;220;-102
9962;Mannen;75 jaar;2049;115;221;-106
9963;Mannen;75 jaar;2050;112;215;-103
9964;Mannen;75 jaar;2051;111;215;-104
9965;Mannen;75 jaar;2052;111;221;-110
9966;Mannen;75 jaar;2053;112;225;-113
9967;Mannen;75 jaar;2054;111;229;-118
9968;Mannen;75 jaar;2055;118;236;-118
9969;Mannen;75 jaar;2056;116;236;-120
9970;Mannen;75 jaar;2057;115;242;-127
9971;Mannen;75 jaar;2058;116;245;-129
9972;Mannen;75 jaar;2059;116;256;-140
9973;Mannen;75 jaar;2060;117;260;-143
9974;Mannen;75 jaar;2061;121;265;-144
9975;Mannen;75 jaar;2062;122;267;-145
9976;Mannen;75 jaar;2063;123;273;-150
9977;Mannen;75 jaar;2064;124;278;-154
9978;Mannen;75 jaar;2065;131;284;-153
9979;Mannen;75 jaar;2066;133;286;-153
9980;Mannen;75 jaar;2067;131;291;-160
9981;Mannen;75 jaar;2068;130;294;-164
9982;Mannen;75 jaar;2069;133;299;-166
9983;Mannen;75 jaar;2070;130;299;-169
9984;Mannen;76 jaar;2023;119;101;18
9985;Mannen;76 jaar;2024;115;102;13
9986;Mannen;76 jaar;2025;110;104;6
9987;Mannen;76 jaar;2026;104;108;-4
9988;Mannen;76 jaar;2027;104;107;-3
9989;Mannen;76 jaar;2028;108;118;-10
9990;Mannen;76 jaar;2029;111;119;-8
9991;Mannen;76 jaar;2030;111;126;-15
9992;Mannen;76 jaar;2031;111;132;-21
9993;Mannen;76 jaar;2032;113;143;-30
9994;Mannen;76 jaar;2033;114;142;-28
9995;Mannen;76 jaar;2034;117;149;-32
9996;Mannen;76 jaar;2035;118;160;-42
9997;Mannen;76 jaar;2036;119;174;-55
9998;Mannen;76 jaar;2037;122;170;-48
9999;Mannen;76 jaar;2038;122;182;-60
