ID;Wegvoertuigen;BrandstofsoortVoertuig;Perioden;TotaalVerkochteWegvoertuigen_1;NieuwVerkochteWegvoertuigen_2;TweedehandsVerkochteWegvoertuigen_3
0;Totaal wegvoertuigen;Totaal;2007 januari;363278;85005;278273
1;Totaal wegvoertuigen;Totaal;2007 februari;315749;53705;262044
2;Totaal wegvoertuigen;Totaal;2007 maart;359760;68577;291183
3;Totaal wegvoertuigen;Totaal;2007 1e kwartaal;1038787;207287;831500
4;Totaal wegvoertuigen;Totaal;2007 april;309028;55319;253709
5;Totaal wegvoertuigen;Totaal;2007 mei;330863;59825;271038
6;Totaal wegvoertuigen;Totaal;2007 juni;379197;71948;307249
7;Totaal wegvoertuigen;Totaal;2007 2e kwartaal;1019088;187092;831996
8;Totaal wegvoertuigen;Totaal;2007 juli;338428;55768;282660
9;Totaal wegvoertuigen;Totaal;2007 augustus;328374;58973;269401
10;Totaal wegvoertuigen;Totaal;2007 september;309146;56583;252563
11;Totaal wegvoertuigen;Totaal;2007 3e kwartaal;975948;171324;804624
12;Totaal wegvoertuigen;Totaal;2007 oktober;332864;58525;274339
13;Totaal wegvoertuigen;Totaal;2007 november;331462;52637;278825
14;Totaal wegvoertuigen;Totaal;2007 december;247949;15305;232644
15;Totaal wegvoertuigen;Totaal;2007 4e kwartaal;912275;126467;785808
16;Totaal wegvoertuigen;Totaal;2007;3946098;692170;3253928
17;Totaal wegvoertuigen;Totaal;2008 januari;380565;87087;293478
18;Totaal wegvoertuigen;Totaal;2008 februari;358850;67943;290907
19;Totaal wegvoertuigen;Totaal;2008 maart;357832;67098;290734
20;Totaal wegvoertuigen;Totaal;2008 1e kwartaal;1097247;222128;875119
21;Totaal wegvoertuigen;Totaal;2008 april;362766;60364;302402
22;Totaal wegvoertuigen;Totaal;2008 mei;360618;66925;293693
23;Totaal wegvoertuigen;Totaal;2008 juni;365089;70737;294352
24;Totaal wegvoertuigen;Totaal;2008 2e kwartaal;1088473;198026;890447
25;Totaal wegvoertuigen;Totaal;2008 juli;346345;60256;286089
26;Totaal wegvoertuigen;Totaal;2008 augustus;326432;58561;267871
27;Totaal wegvoertuigen;Totaal;2008 september;345929;60753;285176
28;Totaal wegvoertuigen;Totaal;2008 3e kwartaal;1018706;179570;839136
29;Totaal wegvoertuigen;Totaal;2008 oktober;357607;59715;297892
30;Totaal wegvoertuigen;Totaal;2008 november;297444;42787;254657
31;Totaal wegvoertuigen;Totaal;2008 december;255439;14348;241091
32;Totaal wegvoertuigen;Totaal;2008 4e kwartaal;910490;116850;793640
33;Totaal wegvoertuigen;Totaal;2008;4114916;716574;3398342
34;Totaal wegvoertuigen;Totaal;2009 januari;349460;74116;275344
35;Totaal wegvoertuigen;Totaal;2009 februari;306137;46548;259589
36;Totaal wegvoertuigen;Totaal;2009 maart;346014;50409;295605
37;Totaal wegvoertuigen;Totaal;2009 1e kwartaal;1001611;171073;830538
38;Totaal wegvoertuigen;Totaal;2009 april;328050;46510;281540
39;Totaal wegvoertuigen;Totaal;2009 mei;338008;46654;291354
40;Totaal wegvoertuigen;Totaal;2009 juni;360826;52852;307974
41;Totaal wegvoertuigen;Totaal;2009 2e kwartaal;1026884;146016;880868
42;Totaal wegvoertuigen;Totaal;2009 juli;346783;50994;295789
43;Totaal wegvoertuigen;Totaal;2009 augustus;299139;43355;255784
44;Totaal wegvoertuigen;Totaal;2009 september;326941;50581;276360
45;Totaal wegvoertuigen;Totaal;2009 3e kwartaal;972863;144930;827933
46;Totaal wegvoertuigen;Totaal;2009 oktober;337987;49073;288914
47;Totaal wegvoertuigen;Totaal;2009 november;292391;37922;254469
48;Totaal wegvoertuigen;Totaal;2009 december;251457;14516;236941
49;Totaal wegvoertuigen;Totaal;2009 4e kwartaal;881835;101511;780324
50;Totaal wegvoertuigen;Totaal;2009;3883193;563530;3319663
51;Totaal wegvoertuigen;Totaal;2010 januari;330679;75636;255043
52;Totaal wegvoertuigen;Totaal;2010 februari;306768;48166;258602
53;Totaal wegvoertuigen;Totaal;2010 maart;375425;61358;314067
54;Totaal wegvoertuigen;Totaal;2010 1e kwartaal;1012872;185160;827712
55;Totaal wegvoertuigen;Totaal;2010 april;350745;53687;297058
56;Totaal wegvoertuigen;Totaal;2010 mei;329567;51908;277659
57;Totaal wegvoertuigen;Totaal;2010 juni;375464;70535;304929
58;Totaal wegvoertuigen;Totaal;2010 2e kwartaal;1055776;176130;879646
59;Totaal wegvoertuigen;Totaal;2010 juli;343544;58947;284597
60;Totaal wegvoertuigen;Totaal;2010 augustus;326124;51095;275029
61;Totaal wegvoertuigen;Totaal;2010 september;355633;59564;296069
62;Totaal wegvoertuigen;Totaal;2010 3e kwartaal;1025301;169606;855695
63;Totaal wegvoertuigen;Totaal;2010 oktober;358844;56346;302498
64;Totaal wegvoertuigen;Totaal;2010 november;325328;47326;278002
65;Totaal wegvoertuigen;Totaal;2010 december;269277;16049;253228
66;Totaal wegvoertuigen;Totaal;2010 4e kwartaal;953449;119721;833728
67;Totaal wegvoertuigen;Totaal;2010;4047398;650617;3396781
68;Totaal wegvoertuigen;Totaal;2011 januari;368826;88730;280096
69;Totaal wegvoertuigen;Totaal;2011 februari;347487;60526;286961
70;Totaal wegvoertuigen;Totaal;2011 maart;388701;72975;315726
71;Totaal wegvoertuigen;Totaal;2011 1e kwartaal;1105014;222231;882783
72;Totaal wegvoertuigen;Totaal;2011 april;363441;65426;298015
73;Totaal wegvoertuigen;Totaal;2011 mei;378956;68745;310211
74;Totaal wegvoertuigen;Totaal;2011 juni;370248;68143;302105
75;Totaal wegvoertuigen;Totaal;2011 2e kwartaal;1112645;202314;910331
76;Totaal wegvoertuigen;Totaal;2011 juli;353185;57221;295964
77;Totaal wegvoertuigen;Totaal;2011 augustus;336892;52295;284597
78;Totaal wegvoertuigen;Totaal;2011 september;343712;57753;285959
79;Totaal wegvoertuigen;Totaal;2011 3e kwartaal;1033789;167269;866520
80;Totaal wegvoertuigen;Totaal;2011 oktober;339501;55933;283568
81;Totaal wegvoertuigen;Totaal;2011 november;329405;51966;277439
82;Totaal wegvoertuigen;Totaal;2011 december;282247;22745;259502
83;Totaal wegvoertuigen;Totaal;2011 4e kwartaal;951153;130644;820509
84;Totaal wegvoertuigen;Totaal;2011;4202601;722458;3480143
85;Totaal wegvoertuigen;Totaal;2012 januari;374083;84767;289316
86;Totaal wegvoertuigen;Totaal;2012 februari;323151;54001;269150
87;Totaal wegvoertuigen;Totaal;2012 maart;381098;68768;312330
88;Totaal wegvoertuigen;Totaal;2012 1e kwartaal;1078332;207536;870796
89;Totaal wegvoertuigen;Totaal;2012 april;332906;54283;278623
90;Totaal wegvoertuigen;Totaal;2012 mei;351404;61700;289704
91;Totaal wegvoertuigen;Totaal;2012 juni;406649;92465;314184
92;Totaal wegvoertuigen;Totaal;2012 2e kwartaal;1090959;208448;882511
93;Totaal wegvoertuigen;Totaal;2012 juli;354452;44065;310387
94;Totaal wegvoertuigen;Totaal;2012 augustus;327727;47504;280223
95;Totaal wegvoertuigen;Totaal;2012 september;315704;44146;271558
96;Totaal wegvoertuigen;Totaal;2012 3e kwartaal;997883;135715;862168
97;Totaal wegvoertuigen;Totaal;2012 oktober;321117;37070;284047
98;Totaal wegvoertuigen;Totaal;2012 november;301110;39083;262027
99;Totaal wegvoertuigen;Totaal;2012 december;249014;23705;225309
100;Totaal wegvoertuigen;Totaal;2012 4e kwartaal;871241;99858;771383
101;Totaal wegvoertuigen;Totaal;2012;4038415;651557;3386858
102;Totaal wegvoertuigen;Totaal;2013 januari;333449;59221;274228
103;Totaal wegvoertuigen;Totaal;2013 februari;304278;40511;263767
104;Totaal wegvoertuigen;Totaal;2013 maart;339966;47965;292001
105;Totaal wegvoertuigen;Totaal;2013 1e kwartaal;977693;147697;829996
106;Totaal wegvoertuigen;Totaal;2013 april;319194;42340;276854
107;Totaal wegvoertuigen;Totaal;2013 mei;333413;42804;290609
108;Totaal wegvoertuigen;Totaal;2013 juni;337609;48599;289010
109;Totaal wegvoertuigen;Totaal;2013 2e kwartaal;990216;133743;856473
110;Totaal wegvoertuigen;Totaal;2013 juli;328554;44060;284494
111;Totaal wegvoertuigen;Totaal;2013 augustus;307971;41096;266875
112;Totaal wegvoertuigen;Totaal;2013 september;298398;41795;256603
113;Totaal wegvoertuigen;Totaal;2013 3e kwartaal;934923;126951;807972
114;Totaal wegvoertuigen;Totaal;2013 oktober;322463;46296;276167
115;Totaal wegvoertuigen;Totaal;2013 november;316392;49157;267235
116;Totaal wegvoertuigen;Totaal;2013 december;300770;47070;253700
117;Totaal wegvoertuigen;Totaal;2013 4e kwartaal;939625;142523;797102
118;Totaal wegvoertuigen;Totaal;2013;3842457;550914;3291543
119;Totaal wegvoertuigen;Totaal;2014 januari;348318;55032;293286
120;Totaal wegvoertuigen;Totaal;2014 februari;304173;42306;261867
121;Totaal wegvoertuigen;Totaal;2014 maart;319813;42162;277651
122;Totaal wegvoertuigen;Totaal;2014 1e kwartaal;972304;139500;832804
123;Totaal wegvoertuigen;Totaal;2014 april;313097;41020;272077
124;Totaal wegvoertuigen;Totaal;2014 mei;336315;44558;291757
125;Totaal wegvoertuigen;Totaal;2014 juni;317232;46872;270360
126;Totaal wegvoertuigen;Totaal;2014 2e kwartaal;966644;132450;834194
127;Totaal wegvoertuigen;Totaal;2014 juli;325803;43066;282737
128;Totaal wegvoertuigen;Totaal;2014 augustus;294142;37061;257081
129;Totaal wegvoertuigen;Totaal;2014 september;310714;41611;269103
130;Totaal wegvoertuigen;Totaal;2014 3e kwartaal;930659;121738;808921
131;Totaal wegvoertuigen;Totaal;2014 oktober;329828;46192;283636
132;Totaal wegvoertuigen;Totaal;2014 november;296401;41556;254845
133;Totaal wegvoertuigen;Totaal;2014 december;296131;43161;252970
134;Totaal wegvoertuigen;Totaal;2014 4e kwartaal;922360;130909;791451
135;Totaal wegvoertuigen;Totaal;2014;3791967;524597;3267370
136;Totaal wegvoertuigen;Totaal;2015 januari;347629;59867;287762
137;Totaal wegvoertuigen;Totaal;2015 februari;301256;43362;257894
138;Totaal wegvoertuigen;Totaal;2015 maart;335095;43209;291886
139;Totaal wegvoertuigen;Totaal;2015 1e kwartaal;983980;146438;837542
140;Totaal wegvoertuigen;Totaal;2015 april;324576;40679;283897
141;Totaal wegvoertuigen;Totaal;2015 mei;322419;41469;280950
142;Totaal wegvoertuigen;Totaal;2015 juni;357180;53147;304033
143;Totaal wegvoertuigen;Totaal;2015 2e kwartaal;1004175;135295;868880
144;Totaal wegvoertuigen;Totaal;2015 juli;340317;48875;291442
145;Totaal wegvoertuigen;Totaal;2015 augustus;301188;43256;257932
146;Totaal wegvoertuigen;Totaal;2015 september;325891;47856;278035
147;Totaal wegvoertuigen;Totaal;2015 3e kwartaal;967396;139987;827409
148;Totaal wegvoertuigen;Totaal;2015 oktober;339528;50385;289143
149;Totaal wegvoertuigen;Totaal;2015 november;314583;50086;264497
150;Totaal wegvoertuigen;Totaal;2015 december;351449;76736;274713
151;Totaal wegvoertuigen;Totaal;2015 4e kwartaal;1005560;177207;828353
152;Totaal wegvoertuigen;Totaal;2015;3961111;598927;3362184
153;Totaal wegvoertuigen;Totaal;2016 januari;340537;54089;286448
154;Totaal wegvoertuigen;Totaal;2016 februari;327405;40782;286623
155;Totaal wegvoertuigen;Totaal;2016 maart;356018;46420;309598
156;Totaal wegvoertuigen;Totaal;2016 1e kwartaal;1023960;141291;882669
157;Totaal wegvoertuigen;Totaal;2016 april;347300;42827;304473
158;Totaal wegvoertuigen;Totaal;2016 mei;337328;44101;293227
159;Totaal wegvoertuigen;Totaal;2016 juni;382515;57985;324530
160;Totaal wegvoertuigen;Totaal;2016 2e kwartaal;1067143;144913;922230
161;Totaal wegvoertuigen;Totaal;2016 juli;343761;45703;298058
162;Totaal wegvoertuigen;Totaal;2016 augustus;311453;40104;271349
163;Totaal wegvoertuigen;Totaal;2016 september;337614;48384;289230
164;Totaal wegvoertuigen;Totaal;2016 3e kwartaal;992828;134191;858637
165;Totaal wegvoertuigen;Totaal;2016 oktober;336332;42456;293876
166;Totaal wegvoertuigen;Totaal;2016 november;324840;43768;281072
167;Totaal wegvoertuigen;Totaal;2016 december;319144;43921;275223
168;Totaal wegvoertuigen;Totaal;2016 4e kwartaal;980316;130145;850171
169;Totaal wegvoertuigen;Totaal;2016;4064247;550540;3513707
170;Totaal wegvoertuigen;Totaal;2017 januari;361341;66130;295211
171;Totaal wegvoertuigen;Totaal;2017 februari;322420;43619;278801
172;Totaal wegvoertuigen;Totaal;2017 maart;379025;54891;324134
173;Totaal wegvoertuigen;Totaal;2017 1e kwartaal;1062786;164640;898146
174;Totaal wegvoertuigen;Totaal;2017 april;326133;43452;282681
175;Totaal wegvoertuigen;Totaal;2017 mei;367410;53198;314212
176;Totaal wegvoertuigen;Totaal;2017 juni;382082;60821;321261
177;Totaal wegvoertuigen;Totaal;2017 2e kwartaal;1075625;157471;918154
178;Totaal wegvoertuigen;Totaal;2017 juli;358095;48286;309809
179;Totaal wegvoertuigen;Totaal;2017 augustus;330333;43264;287069
180;Totaal wegvoertuigen;Totaal;2017 september;344323;49876;294447
181;Totaal wegvoertuigen;Totaal;2017 3e kwartaal;1032751;141426;891325
182;Totaal wegvoertuigen;Totaal;2017 oktober;346159;49627;296532
183;Totaal wegvoertuigen;Totaal;2017 november;341263;50793;290470
184;Totaal wegvoertuigen;Totaal;2017 december;303080;39598;263482
185;Totaal wegvoertuigen;Totaal;2017 4e kwartaal;990502;140018;850484
186;Totaal wegvoertuigen;Totaal;2017;4161664;603555;3558109
187;Totaal wegvoertuigen;Totaal;2018 januari;384795;73424;311371
188;Totaal wegvoertuigen;Totaal;2018 februari;329781;46253;283528
189;Totaal wegvoertuigen;Totaal;2018 maart;381033;57020;324013
190;Totaal wegvoertuigen;Totaal;2018 1e kwartaal;1095609;176697;918912
191;Totaal wegvoertuigen;Totaal;2018 april;337997;47715;290282
192;Totaal wegvoertuigen;Totaal;2018 mei;369668;52740;316928
193;Totaal wegvoertuigen;Totaal;2018 juni;398024;65089;332935
194;Totaal wegvoertuigen;Totaal;2018 2e kwartaal;1105689;165544;940145
195;Totaal wegvoertuigen;Totaal;2018 juli;364022;52113;311909
196;Totaal wegvoertuigen;Totaal;2018 augustus;345022;56048;288974
197;Totaal wegvoertuigen;Totaal;2018 september;331371;43270;288101
198;Totaal wegvoertuigen;Totaal;2018 3e kwartaal;1040415;151431;888984
199;Totaal wegvoertuigen;Totaal;2018 oktober;349893;43873;306020
200;Totaal wegvoertuigen;Totaal;2018 november;337032;47658;289374
201;Totaal wegvoertuigen;Totaal;2018 december;285855;27774;258081
202;Totaal wegvoertuigen;Totaal;2018 4e kwartaal;972780;119305;853475
203;Totaal wegvoertuigen;Totaal;2018;4214493;612977;3601516
204;Totaal wegvoertuigen;Totaal;2019 januari;365049;63313;301736
205;Totaal wegvoertuigen;Totaal;2019 februari;331241;42673;288568
206;Totaal wegvoertuigen;Totaal;2019 maart;361816;55361;306455
207;Totaal wegvoertuigen;Totaal;2019 1e kwartaal;1058106;161347;896759
208;Totaal wegvoertuigen;Totaal;2019 april;343442;47858;295584
209;Totaal wegvoertuigen;Totaal;2019 mei;385444;53198;332246
210;Totaal wegvoertuigen;Totaal;2019 juni;355998;58801;297197
211;Totaal wegvoertuigen;Totaal;2019 2e kwartaal;1084884;159857;925027
212;Totaal wegvoertuigen;Totaal;2019 juli;360532;48866;311666
213;Totaal wegvoertuigen;Totaal;2019 augustus;338593;48394;290199
214;Totaal wegvoertuigen;Totaal;2019 september;335313;50484;284829
215;Totaal wegvoertuigen;Totaal;2019 3e kwartaal;1034438;147744;886694
216;Totaal wegvoertuigen;Totaal;2019 oktober;361951;45653;316298
217;Totaal wegvoertuigen;Totaal;2019 november;356091;50876;305215
218;Totaal wegvoertuigen;Totaal;2019 december;325816;50107;275709
219;Totaal wegvoertuigen;Totaal;2019 4e kwartaal;1043858;146636;897222
220;Totaal wegvoertuigen;Totaal;2019;4221286;615584;3605702
221;Totaal wegvoertuigen;Totaal;2020 januari;384738;58660;326078
222;Totaal wegvoertuigen;Totaal;2020 februari;344233;41656;302577
223;Totaal wegvoertuigen;Totaal;2020 maart;329390;43273;286117
224;Totaal wegvoertuigen;Totaal;2020 1e kwartaal;1058361;143589;914772
225;Totaal wegvoertuigen;Totaal;2020 april;290990;27899;263091
226;Totaal wegvoertuigen;Totaal;2020 mei;369875;29342;340533
227;Totaal wegvoertuigen;Totaal;2020 juni;389282;41726;347556
228;Totaal wegvoertuigen;Totaal;2020 2e kwartaal;1050147;98967;951180
229;Totaal wegvoertuigen;Totaal;2020 juli;400677;52810;347867
230;Totaal wegvoertuigen;Totaal;2020 augustus;342296;43069;299227
231;Totaal wegvoertuigen;Totaal;2020 september;360114;45796;314318
232;Totaal wegvoertuigen;Totaal;2020 3e kwartaal;1103087;141675;961412
233;Totaal wegvoertuigen;Totaal;2020 oktober;371464;46297;325167
234;Totaal wegvoertuigen;Totaal;2020 november;335415;46323;289092
235;Totaal wegvoertuigen;Totaal;2020 december;340958;55658;285300
236;Totaal wegvoertuigen;Totaal;2020 4e kwartaal;1047837;148278;899559
237;Totaal wegvoertuigen;Totaal;2020;4259432;532509;3726923
238;Totaal wegvoertuigen;Totaal;2021 januari;339259;48603;290656
239;Totaal wegvoertuigen;Totaal;2021 februari;306948;34075;272873
240;Totaal wegvoertuigen;Totaal;2021 maart;387411;42497;344914
241;Totaal wegvoertuigen;Totaal;2021 1e kwartaal;1033618;125175;908443
242;Totaal wegvoertuigen;Totaal;2021 april;364350;40913;323437
243;Totaal wegvoertuigen;Totaal;2021 mei;373823;42906;330917
244;Totaal wegvoertuigen;Totaal;2021 juni;394428;51651;342777
245;Totaal wegvoertuigen;Totaal;2021 2e kwartaal;1132601;135470;997131
246;Totaal wegvoertuigen;Totaal;2021 juli;374402;42692;331710
247;Totaal wegvoertuigen;Totaal;2021 augustus;318686;34910;283776
248;Totaal wegvoertuigen;Totaal;2021 september;336909;37654;299255
249;Totaal wegvoertuigen;Totaal;2021 3e kwartaal;1029997;115256;914741
250;Totaal wegvoertuigen;Totaal;2021 oktober;334275;36766;297509
251;Totaal wegvoertuigen;Totaal;2021 november;316410;39022;277388
252;Totaal wegvoertuigen;Totaal;2021 december;323005;46396;276609
253;Totaal wegvoertuigen;Totaal;2021 4e kwartaal;973690;122184;851506
254;Totaal wegvoertuigen;Totaal;2021;4169906;498085;3671821
255;Totaal wegvoertuigen;Totaal;2022 januari;348181;43472;304709
256;Totaal wegvoertuigen;Totaal;2022 februari;308915;34150;274765
257;Totaal wegvoertuigen;Totaal;2022 maart;342859;40787;302072
258;Totaal wegvoertuigen;Totaal;2022 1e kwartaal;999955;118409;881546
259;Totaal wegvoertuigen;Totaal;2022 april;317984;36778;281206
260;Totaal wegvoertuigen;Totaal;2022 mei;323033;38380;284653
261;Totaal wegvoertuigen;Totaal;2022 juni;338120;46122;291998
262;Totaal wegvoertuigen;Totaal;2022 2e kwartaal;979137;121280;857857
263;Totaal wegvoertuigen;Totaal;2022 juli;317748;35779;281969
264;Totaal wegvoertuigen;Totaal;2022 augustus;297610;35305;262305
265;Totaal wegvoertuigen;Totaal;2022 september;309911;38106;271805
266;Totaal wegvoertuigen;Totaal;2022 3e kwartaal;925269;109190;816079
267;Totaal wegvoertuigen;Totaal;2022 oktober;309410;39893;269517
268;Totaal wegvoertuigen;Totaal;2022 november;308576;39329;269247
269;Totaal wegvoertuigen;Totaal;2022 december;295142;41012;254130
270;Totaal wegvoertuigen;Totaal;2022 4e kwartaal;913128;120234;792894
271;Totaal wegvoertuigen;Totaal;2022;3817489;469113;3348376
272;Totaal wegvoertuigen;Totaal;2023 januari;333261;44796;288465
273;Totaal wegvoertuigen;Totaal;2023 februari;311475;39589;271886
274;Totaal wegvoertuigen;Totaal;2023 maart;365879;51845;314034
275;Totaal wegvoertuigen;Totaal;2023 1e kwartaal;1010615;136230;874385
276;Totaal wegvoertuigen;Totaal;2023 april;322392;41338;281054
277;Totaal wegvoertuigen;Totaal;2023 mei;346397;45808;300589
278;Totaal wegvoertuigen;Totaal;2023 juni;374572;56435;318137
279;Totaal wegvoertuigen;Totaal;2023 2e kwartaal;1043361;143581;899780
280;Totaal wegvoertuigen;Totaal;2023 juli;350233;41064;309169
281;Totaal wegvoertuigen;Totaal;2023 augustus;319513;39784;279729
282;Totaal wegvoertuigen;Totaal;2023 september;333426;42200;291226
283;Totaal wegvoertuigen;Totaal;2023 3e kwartaal;1003172;123048;880124
284;Totaal wegvoertuigen;Totaal;2023 oktober;336319;39329;296990
285;Totaal wegvoertuigen;Totaal;2023 november;329778;38133;291645
286;Totaal wegvoertuigen;Totaal;2023 december;308564;34474;274090
287;Totaal wegvoertuigen;Totaal;2023 4e kwartaal;974661;111936;862725
288;Totaal wegvoertuigen;Totaal;2023;4031809;514795;3517014
289;Totaal wegvoertuigen;Totaal;2024 januari;358783;45987;312796
290;Totaal wegvoertuigen;Totaal;2024 februari;344862;42376;302486
291;Totaal wegvoertuigen;Totaal;2024 maart;388370;53246;335124
292;Totaal wegvoertuigen;Totaal;2024 1e kwartaal;1092015;141609;950406
293;Totaal wegvoertuigen;Totaal;2024 april;361636;43227;318409
294;Totaal wegvoertuigen;Totaal;2024 mei;370647;43454;327193
295;Totaal wegvoertuigen;Totaal;2024 juni;367023;50976;316047
296;Totaal wegvoertuigen;Totaal;2024 2e kwartaal;1099306;137657;961649
297;Totaal wegvoertuigen;Totaal;2024 juli;362168;40997;321171
298;Totaal wegvoertuigen;Totaal;2024 augustus;334482;40552;293930
299;Totaal wegvoertuigen;Totaal;2024 september;348392;45821;302571
300;Totaal wegvoertuigen;Totaal;2024 3e kwartaal;1045042;127370;917672
301;Totaal wegvoertuigen;Totaal;2024 oktober;382339;49405;332934
302;Totaal wegvoertuigen;Totaal;2024 november;372055;54456;317599
303;Totaal wegvoertuigen;Totaal;2024 december;378791;79552;299239
304;Totaal wegvoertuigen;Totaal;2024 4e kwartaal;1133185;183413;949772
305;Totaal wegvoertuigen;Totaal;2024;4369548;590049;3779499
306;Totaal wegvoertuigen;Totaal;2025 januari;382350;40148;342202
307;Totaal wegvoertuigen;Totaal;2025 februari;348961;33388;315573
308;Totaal wegvoertuigen;Totaal;2025 maart;383077;39396;343681
309;Totaal wegvoertuigen;Totaal;2025 1e kwartaal;1114388;112932;1001456
310;Totaal wegvoertuigen;Benzine;2007 januari;245142;52595;192547
311;Totaal wegvoertuigen;Benzine;2007 februari;212919;32526;180393
312;Totaal wegvoertuigen;Benzine;2007 maart;248652;44584;204068
313;Totaal wegvoertuigen;Benzine;2007 1e kwartaal;706713;129705;577008
314;Totaal wegvoertuigen;Benzine;2007 april;214373;35415;178958
315;Totaal wegvoertuigen;Benzine;2007 mei;230470;38226;192244
316;Totaal wegvoertuigen;Benzine;2007 juni;262114;47793;214321
317;Totaal wegvoertuigen;Benzine;2007 2e kwartaal;706957;121434;585523
318;Totaal wegvoertuigen;Benzine;2007 juli;230406;35202;195204
319;Totaal wegvoertuigen;Benzine;2007 augustus;230185;38430;191755
320;Totaal wegvoertuigen;Benzine;2007 september;213614;36664;176950
321;Totaal wegvoertuigen;Benzine;2007 3e kwartaal;674205;110296;563909
322;Totaal wegvoertuigen;Benzine;2007 oktober;226574;34915;191659
323;Totaal wegvoertuigen;Benzine;2007 november;227596;30872;196724
324;Totaal wegvoertuigen;Benzine;2007 december;174380;11052;163328
325;Totaal wegvoertuigen;Benzine;2007 4e kwartaal;628550;76839;551711
326;Totaal wegvoertuigen;Benzine;2007;2716425;438274;2278151
327;Totaal wegvoertuigen;Benzine;2008 januari;257101;51233;205868
328;Totaal wegvoertuigen;Benzine;2008 februari;246572;42488;204084
329;Totaal wegvoertuigen;Benzine;2008 maart;248103;41850;206253
330;Totaal wegvoertuigen;Benzine;2008 1e kwartaal;751776;135571;616205
331;Totaal wegvoertuigen;Benzine;2008 april;255386;39026;216360
332;Totaal wegvoertuigen;Benzine;2008 mei;259883;45426;214457
333;Totaal wegvoertuigen;Benzine;2008 juni;261168;47569;213599
334;Totaal wegvoertuigen;Benzine;2008 2e kwartaal;776437;132021;644416
335;Totaal wegvoertuigen;Benzine;2008 juli;247227;39969;207258
336;Totaal wegvoertuigen;Benzine;2008 augustus;235852;39900;195952
337;Totaal wegvoertuigen;Benzine;2008 september;243348;39736;203612
338;Totaal wegvoertuigen;Benzine;2008 3e kwartaal;726427;119605;606822
339;Totaal wegvoertuigen;Benzine;2008 oktober;248313;37086;211227
340;Totaal wegvoertuigen;Benzine;2008 november;206319;26952;179367
341;Totaal wegvoertuigen;Benzine;2008 december;177703;10622;167081
342;Totaal wegvoertuigen;Benzine;2008 4e kwartaal;632335;74660;557675
343;Totaal wegvoertuigen;Benzine;2008;2886975;461857;2425118
344;Totaal wegvoertuigen;Benzine;2009 januari;235949;45557;190392
345;Totaal wegvoertuigen;Benzine;2009 februari;208208;30022;178186
346;Totaal wegvoertuigen;Benzine;2009 maart;240374;34266;206108
347;Totaal wegvoertuigen;Benzine;2009 1e kwartaal;684531;109845;574686
348;Totaal wegvoertuigen;Benzine;2009 april;231239;32228;199011
349;Totaal wegvoertuigen;Benzine;2009 mei;239870;32998;206872
350;Totaal wegvoertuigen;Benzine;2009 juni;256464;38401;218063
351;Totaal wegvoertuigen;Benzine;2009 2e kwartaal;727573;103627;623946
352;Totaal wegvoertuigen;Benzine;2009 juli;245504;37155;208349
353;Totaal wegvoertuigen;Benzine;2009 augustus;215978;32168;183810
354;Totaal wegvoertuigen;Benzine;2009 september;231899;36985;194914
355;Totaal wegvoertuigen;Benzine;2009 3e kwartaal;693381;106308;587073
356;Totaal wegvoertuigen;Benzine;2009 oktober;238848;35955;202893
357;Totaal wegvoertuigen;Benzine;2009 november;203843;28372;175471
358;Totaal wegvoertuigen;Benzine;2009 december;174316;11690;162626
359;Totaal wegvoertuigen;Benzine;2009 4e kwartaal;617007;76017;540990
360;Totaal wegvoertuigen;Benzine;2009;2722492;395797;2326695
361;Totaal wegvoertuigen;Benzine;2010 januari;229986;54355;175631
362;Totaal wegvoertuigen;Benzine;2010 februari;214034;35454;178580
363;Totaal wegvoertuigen;Benzine;2010 maart;267743;46682;221061
364;Totaal wegvoertuigen;Benzine;2010 1e kwartaal;711763;136491;575272
365;Totaal wegvoertuigen;Benzine;2010 april;252208;40364;211844
366;Totaal wegvoertuigen;Benzine;2010 mei;237502;39110;198392
367;Totaal wegvoertuigen;Benzine;2010 juni;271734;54365;217369
368;Totaal wegvoertuigen;Benzine;2010 2e kwartaal;761444;133839;627605
369;Totaal wegvoertuigen;Benzine;2010 juli;249166;43961;205205
370;Totaal wegvoertuigen;Benzine;2010 augustus;236194;36339;199855
371;Totaal wegvoertuigen;Benzine;2010 september;251010;40862;210148
372;Totaal wegvoertuigen;Benzine;2010 3e kwartaal;736370;121162;615208
373;Totaal wegvoertuigen;Benzine;2010 oktober;250892;36256;214636
374;Totaal wegvoertuigen;Benzine;2010 november;225491;29018;196473
375;Totaal wegvoertuigen;Benzine;2010 december;183072;10622;172450
376;Totaal wegvoertuigen;Benzine;2010 4e kwartaal;659455;75896;583559
377;Totaal wegvoertuigen;Benzine;2010;2869032;467388;2401644
378;Totaal wegvoertuigen;Benzine;2011 januari;254124;56431;197693
379;Totaal wegvoertuigen;Benzine;2011 februari;242890;39926;202964
380;Totaal wegvoertuigen;Benzine;2011 maart;271887;46744;225143
381;Totaal wegvoertuigen;Benzine;2011 1e kwartaal;768901;143101;625800
382;Totaal wegvoertuigen;Benzine;2011 april;258506;41934;216572
383;Totaal wegvoertuigen;Benzine;2011 mei;271404;44795;226609
384;Totaal wegvoertuigen;Benzine;2011 juni;267103;46381;220722
385;Totaal wegvoertuigen;Benzine;2011 2e kwartaal;797013;133110;663903
386;Totaal wegvoertuigen;Benzine;2011 juli;253129;37192;215937
387;Totaal wegvoertuigen;Benzine;2011 augustus;243355;33229;210126
388;Totaal wegvoertuigen;Benzine;2011 september;244558;36983;207575
389;Totaal wegvoertuigen;Benzine;2011 3e kwartaal;741042;107404;633638
390;Totaal wegvoertuigen;Benzine;2011 oktober;240966;33947;207019
391;Totaal wegvoertuigen;Benzine;2011 november;230905;31068;199837
392;Totaal wegvoertuigen;Benzine;2011 december;199840;15358;184482
393;Totaal wegvoertuigen;Benzine;2011 4e kwartaal;671711;80373;591338
394;Totaal wegvoertuigen;Benzine;2011;2978667;463988;2514679
395;Totaal wegvoertuigen;Benzine;2012 januari;257054;49473;207581
396;Totaal wegvoertuigen;Benzine;2012 februari;223527;33818;189709
397;Totaal wegvoertuigen;Benzine;2012 maart;272522;45236;227286
398;Totaal wegvoertuigen;Benzine;2012 1e kwartaal;753103;128527;624576
399;Totaal wegvoertuigen;Benzine;2012 april;236380;35395;200985
400;Totaal wegvoertuigen;Benzine;2012 mei;249862;38039;211823
401;Totaal wegvoertuigen;Benzine;2012 juni;286996;57074;229922
402;Totaal wegvoertuigen;Benzine;2012 2e kwartaal;773238;130508;642730
403;Totaal wegvoertuigen;Benzine;2012 juli;246753;27106;219647
404;Totaal wegvoertuigen;Benzine;2012 augustus;237242;30842;206400
405;Totaal wegvoertuigen;Benzine;2012 september;226380;27705;198675
406;Totaal wegvoertuigen;Benzine;2012 3e kwartaal;710375;85653;624722
407;Totaal wegvoertuigen;Benzine;2012 oktober;224641;19751;204890
408;Totaal wegvoertuigen;Benzine;2012 november;208747;21290;187457
409;Totaal wegvoertuigen;Benzine;2012 december;172494;12472;160022
410;Totaal wegvoertuigen;Benzine;2012 4e kwartaal;605882;53513;552369
411;Totaal wegvoertuigen;Benzine;2012;2842598;398201;2444397
412;Totaal wegvoertuigen;Benzine;2013 januari;232465;38203;194262
413;Totaal wegvoertuigen;Benzine;2013 februari;210723;26972;183751
414;Totaal wegvoertuigen;Benzine;2013 maart;241954;30154;211800
415;Totaal wegvoertuigen;Benzine;2013 1e kwartaal;685142;95329;589813
416;Totaal wegvoertuigen;Benzine;2013 april;228631;26440;202191
417;Totaal wegvoertuigen;Benzine;2013 mei;241298;27604;213694
418;Totaal wegvoertuigen;Benzine;2013 juni;245427;32284;213143
419;Totaal wegvoertuigen;Benzine;2013 2e kwartaal;715356;86328;629028
420;Totaal wegvoertuigen;Benzine;2013 juli;234749;27227;207522
421;Totaal wegvoertuigen;Benzine;2013 augustus;224957;26100;198857
422;Totaal wegvoertuigen;Benzine;2013 september;212472;26018;186454
423;Totaal wegvoertuigen;Benzine;2013 3e kwartaal;672178;79345;592833
424;Totaal wegvoertuigen;Benzine;2013 oktober;225669;26229;199440
425;Totaal wegvoertuigen;Benzine;2013 november;218617;26077;192540
426;Totaal wegvoertuigen;Benzine;2013 december;195093;17437;177656
427;Totaal wegvoertuigen;Benzine;2013 4e kwartaal;639379;69743;569636
428;Totaal wegvoertuigen;Benzine;2013;2712055;330745;2381310
429;Totaal wegvoertuigen;Benzine;2014 januari;245739;37030;208709
430;Totaal wegvoertuigen;Benzine;2014 februari;215204;28793;186411
431;Totaal wegvoertuigen;Benzine;2014 maart;228890;26114;202776
432;Totaal wegvoertuigen;Benzine;2014 1e kwartaal;689833;91937;597896
433;Totaal wegvoertuigen;Benzine;2014 april;223416;25209;198207
434;Totaal wegvoertuigen;Benzine;2014 mei;243339;27453;215886
435;Totaal wegvoertuigen;Benzine;2014 juni;228593;29142;199451
436;Totaal wegvoertuigen;Benzine;2014 2e kwartaal;695348;81804;613544
437;Totaal wegvoertuigen;Benzine;2014 juli;229895;25958;203937
438;Totaal wegvoertuigen;Benzine;2014 augustus;215553;22647;192906
439;Totaal wegvoertuigen;Benzine;2014 september;221754;25130;196624
440;Totaal wegvoertuigen;Benzine;2014 3e kwartaal;667202;73735;593467
441;Totaal wegvoertuigen;Benzine;2014 oktober;234332;27200;207132
442;Totaal wegvoertuigen;Benzine;2014 november;209128;23341;185787
443;Totaal wegvoertuigen;Benzine;2014 december;199575;19380;180195
444;Totaal wegvoertuigen;Benzine;2014 4e kwartaal;643035;69921;573114
445;Totaal wegvoertuigen;Benzine;2014;2695418;317397;2378021
446;Totaal wegvoertuigen;Benzine;2015 januari;246122;38467;207655
447;Totaal wegvoertuigen;Benzine;2015 februari;215589;29131;186458
448;Totaal wegvoertuigen;Benzine;2015 maart;240401;25939;214462
449;Totaal wegvoertuigen;Benzine;2015 1e kwartaal;702112;93537;608575
450;Totaal wegvoertuigen;Benzine;2015 april;235200;25373;209827
451;Totaal wegvoertuigen;Benzine;2015 mei;235856;25403;210453
452;Totaal wegvoertuigen;Benzine;2015 juni;256971;32175;224796
453;Totaal wegvoertuigen;Benzine;2015 2e kwartaal;728027;82951;645076
454;Totaal wegvoertuigen;Benzine;2015 juli;243153;29552;213601
455;Totaal wegvoertuigen;Benzine;2015 augustus;218038;25429;192609
456;Totaal wegvoertuigen;Benzine;2015 september;231636;28749;202887
457;Totaal wegvoertuigen;Benzine;2015 3e kwartaal;692827;83730;609097
458;Totaal wegvoertuigen;Benzine;2015 oktober;239057;27287;211770
459;Totaal wegvoertuigen;Benzine;2015 november;212717;23528;189189
460;Totaal wegvoertuigen;Benzine;2015 december;213470;19683;193787
461;Totaal wegvoertuigen;Benzine;2015 4e kwartaal;665244;70498;594746
462;Totaal wegvoertuigen;Benzine;2015;2788210;330716;2457494
463;Totaal wegvoertuigen;Benzine;2016 januari;240525;38348;202177
464;Totaal wegvoertuigen;Benzine;2016 februari;229372;26943;202429
465;Totaal wegvoertuigen;Benzine;2016 maart;248222;28640;219582
466;Totaal wegvoertuigen;Benzine;2016 1e kwartaal;718119;93931;624188
467;Totaal wegvoertuigen;Benzine;2016 april;249562;27860;221702
468;Totaal wegvoertuigen;Benzine;2016 mei;245712;29761;215951
469;Totaal wegvoertuigen;Benzine;2016 juni;276605;38946;237659
470;Totaal wegvoertuigen;Benzine;2016 2e kwartaal;771879;96567;675312
471;Totaal wegvoertuigen;Benzine;2016 juli;249062;31051;218011
472;Totaal wegvoertuigen;Benzine;2016 augustus;229363;26890;202473
473;Totaal wegvoertuigen;Benzine;2016 september;244570;31781;212789
474;Totaal wegvoertuigen;Benzine;2016 3e kwartaal;722995;89722;633273
475;Totaal wegvoertuigen;Benzine;2016 oktober;240967;25848;215119
476;Totaal wegvoertuigen;Benzine;2016 november;227661;25698;201963
477;Totaal wegvoertuigen;Benzine;2016 december;213666;18884;194782
478;Totaal wegvoertuigen;Benzine;2016 4e kwartaal;682294;70430;611864
479;Totaal wegvoertuigen;Benzine;2016;2895287;350650;2544637
480;Totaal wegvoertuigen;Benzine;2017 januari;253373;44057;209316
481;Totaal wegvoertuigen;Benzine;2017 februari;226531;29067;197464
482;Totaal wegvoertuigen;Benzine;2017 maart;271610;35677;235933
483;Totaal wegvoertuigen;Benzine;2017 1e kwartaal;751514;108801;642713
484;Totaal wegvoertuigen;Benzine;2017 april;238511;29617;208894
485;Totaal wegvoertuigen;Benzine;2017 mei;267326;35471;231855
486;Totaal wegvoertuigen;Benzine;2017 juni;277801;40517;237284
487;Totaal wegvoertuigen;Benzine;2017 2e kwartaal;783638;105605;678033
488;Totaal wegvoertuigen;Benzine;2017 juli;258475;32513;225962
489;Totaal wegvoertuigen;Benzine;2017 augustus;241231;28680;212551
490;Totaal wegvoertuigen;Benzine;2017 september;249039;33043;215996
491;Totaal wegvoertuigen;Benzine;2017 3e kwartaal;748745;94236;654509
492;Totaal wegvoertuigen;Benzine;2017 oktober;247646;32284;215362
493;Totaal wegvoertuigen;Benzine;2017 november;241643;33736;207907
494;Totaal wegvoertuigen;Benzine;2017 december;217077;28683;188394
495;Totaal wegvoertuigen;Benzine;2017 4e kwartaal;706366;94703;611663
496;Totaal wegvoertuigen;Benzine;2017;2990263;403345;2586918
497;Totaal wegvoertuigen;Benzine;2018 januari;270920;48068;222852
498;Totaal wegvoertuigen;Benzine;2018 februari;231671;29452;202219
499;Totaal wegvoertuigen;Benzine;2018 maart;272035;36195;235840
500;Totaal wegvoertuigen;Benzine;2018 1e kwartaal;774626;113715;660911
501;Totaal wegvoertuigen;Benzine;2018 april;244112;31477;212635
502;Totaal wegvoertuigen;Benzine;2018 mei;270066;35102;234964
503;Totaal wegvoertuigen;Benzine;2018 juni;290934;44895;246039
504;Totaal wegvoertuigen;Benzine;2018 2e kwartaal;805112;111474;693638
505;Totaal wegvoertuigen;Benzine;2018 juli;258540;35821;222719
506;Totaal wegvoertuigen;Benzine;2018 augustus;253955;39582;214373
507;Totaal wegvoertuigen;Benzine;2018 september;238657;27456;211201
508;Totaal wegvoertuigen;Benzine;2018 3e kwartaal;751152;102859;648293
509;Totaal wegvoertuigen;Benzine;2018 oktober;248107;27624;220483
510;Totaal wegvoertuigen;Benzine;2018 november;237624;29842;207782
511;Totaal wegvoertuigen;Benzine;2018 december;197833;13917;183916
512;Totaal wegvoertuigen;Benzine;2018 4e kwartaal;683564;71383;612181
513;Totaal wegvoertuigen;Benzine;2018;3014454;399431;2615023
514;Totaal wegvoertuigen;Benzine;2019 januari;255178;41178;214000
515;Totaal wegvoertuigen;Benzine;2019 februari;235186;27222;207964
516;Totaal wegvoertuigen;Benzine;2019 maart;258116;34501;223615
517;Totaal wegvoertuigen;Benzine;2019 1e kwartaal;748480;102901;645579
518;Totaal wegvoertuigen;Benzine;2019 april;247171;31086;216085
519;Totaal wegvoertuigen;Benzine;2019 mei;278587;34889;243698
520;Totaal wegvoertuigen;Benzine;2019 juni;257430;37287;220143
521;Totaal wegvoertuigen;Benzine;2019 2e kwartaal;783188;103262;679926
522;Totaal wegvoertuigen;Benzine;2019 juli;259918;33241;226677
523;Totaal wegvoertuigen;Benzine;2019 augustus;250500;32040;218460
524;Totaal wegvoertuigen;Benzine;2019 september;239569;30452;209117
525;Totaal wegvoertuigen;Benzine;2019 3e kwartaal;749987;95733;654254
526;Totaal wegvoertuigen;Benzine;2019 oktober;258129;30747;227382
527;Totaal wegvoertuigen;Benzine;2019 november;247906;30702;217204
528;Totaal wegvoertuigen;Benzine;2019 december;213395;17667;195728
529;Totaal wegvoertuigen;Benzine;2019 4e kwartaal;719430;79116;640314
530;Totaal wegvoertuigen;Benzine;2019;3001085;381012;2620073
531;Totaal wegvoertuigen;Benzine;2020 januari;269806;38151;231655
532;Totaal wegvoertuigen;Benzine;2020 februari;242808;25255;217553
533;Totaal wegvoertuigen;Benzine;2020 maart;234137;24318;209819
534;Totaal wegvoertuigen;Benzine;2020 1e kwartaal;746751;87724;659027
535;Totaal wegvoertuigen;Benzine;2020 april;217249;16537;200712
536;Totaal wegvoertuigen;Benzine;2020 mei;278314;18537;259777
537;Totaal wegvoertuigen;Benzine;2020 juni;286125;26093;260032
538;Totaal wegvoertuigen;Benzine;2020 2e kwartaal;781688;61167;720521
539;Totaal wegvoertuigen;Benzine;2020 juli;289997;32407;257590
540;Totaal wegvoertuigen;Benzine;2020 augustus;250514;24329;226185
541;Totaal wegvoertuigen;Benzine;2020 september;254335;22938;231397
542;Totaal wegvoertuigen;Benzine;2020 3e kwartaal;794846;79674;715172
543;Totaal wegvoertuigen;Benzine;2020 oktober;261329;22311;239018
544;Totaal wegvoertuigen;Benzine;2020 november;230065;21163;208902
545;Totaal wegvoertuigen;Benzine;2020 december;214821;15205;199616
546;Totaal wegvoertuigen;Benzine;2020 4e kwartaal;706215;58679;647536
547;Totaal wegvoertuigen;Benzine;2020;3029500;287244;2742256
548;Totaal wegvoertuigen;Benzine;2021 januari;230166;24442;205724
549;Totaal wegvoertuigen;Benzine;2021 februari;210445;16055;194390
550;Totaal wegvoertuigen;Benzine;2021 maart;271533;19902;251631
551;Totaal wegvoertuigen;Benzine;2021 1e kwartaal;712144;60399;651745
552;Totaal wegvoertuigen;Benzine;2021 april;258892;18664;240228
553;Totaal wegvoertuigen;Benzine;2021 mei;269422;19963;249459
554;Totaal wegvoertuigen;Benzine;2021 juni;281247;23761;257486
555;Totaal wegvoertuigen;Benzine;2021 2e kwartaal;809561;62388;747173
556;Totaal wegvoertuigen;Benzine;2021 juli;267437;19529;247908
557;Totaal wegvoertuigen;Benzine;2021 augustus;227547;14438;213109
558;Totaal wegvoertuigen;Benzine;2021 september;236899;14779;222120
559;Totaal wegvoertuigen;Benzine;2021 3e kwartaal;731883;48746;683137
560;Totaal wegvoertuigen;Benzine;2021 oktober;233184;13917;219267
561;Totaal wegvoertuigen;Benzine;2021 november;213487;13286;200201
562;Totaal wegvoertuigen;Benzine;2021 december;210574;11888;198686
563;Totaal wegvoertuigen;Benzine;2021 4e kwartaal;657245;39091;618154
564;Totaal wegvoertuigen;Benzine;2021;2910833;210624;2700209
565;Totaal wegvoertuigen;Benzine;2022 januari;235337;17540;217797
566;Totaal wegvoertuigen;Benzine;2022 februari;211849;13076;198773
567;Totaal wegvoertuigen;Benzine;2022 maart;233640;14261;219379
568;Totaal wegvoertuigen;Benzine;2022 1e kwartaal;680826;44877;635949
569;Totaal wegvoertuigen;Benzine;2022 april;219344;12972;206372
570;Totaal wegvoertuigen;Benzine;2022 mei;226607;14474;212133
571;Totaal wegvoertuigen;Benzine;2022 juni;232968;17904;215064
572;Totaal wegvoertuigen;Benzine;2022 2e kwartaal;678919;45350;633569
573;Totaal wegvoertuigen;Benzine;2022 juli;221701;13853;207848
574;Totaal wegvoertuigen;Benzine;2022 augustus;209280;13588;195692
575;Totaal wegvoertuigen;Benzine;2022 september;215376;13383;201993
576;Totaal wegvoertuigen;Benzine;2022 3e kwartaal;646357;40824;605533
577;Totaal wegvoertuigen;Benzine;2022 oktober;213217;13680;199537
578;Totaal wegvoertuigen;Benzine;2022 november;208812;12696;196116
579;Totaal wegvoertuigen;Benzine;2022 december;194667;11753;182914
580;Totaal wegvoertuigen;Benzine;2022 4e kwartaal;616696;38129;578567
581;Totaal wegvoertuigen;Benzine;2022;2622798;169180;2453618
582;Totaal wegvoertuigen;Benzine;2023 januari;226392;18336;208056
583;Totaal wegvoertuigen;Benzine;2023 februari;210423;12694;197729
584;Totaal wegvoertuigen;Benzine;2023 maart;243528;14746;228782
585;Totaal wegvoertuigen;Benzine;2023 1e kwartaal;680343;45776;634567
586;Totaal wegvoertuigen;Benzine;2023 april;219790;13493;206297
587;Totaal wegvoertuigen;Benzine;2023 mei;235752;13682;222070
588;Totaal wegvoertuigen;Benzine;2023 juni;249016;16104;232912
589;Totaal wegvoertuigen;Benzine;2023 2e kwartaal;704558;43279;661279
590;Totaal wegvoertuigen;Benzine;2023 juli;231078;12596;218482
591;Totaal wegvoertuigen;Benzine;2023 augustus;214393;10920;203473
592;Totaal wegvoertuigen;Benzine;2023 september;219613;10766;208847
593;Totaal wegvoertuigen;Benzine;2023 3e kwartaal;665084;34282;630802
594;Totaal wegvoertuigen;Benzine;2023 oktober;220650;10870;209780
595;Totaal wegvoertuigen;Benzine;2023 november;213043;9576;203467
596;Totaal wegvoertuigen;Benzine;2023 december;198610;7237;191373
597;Totaal wegvoertuigen;Benzine;2023 4e kwartaal;632303;27683;604620
598;Totaal wegvoertuigen;Benzine;2023;2682288;151020;2531268
599;Totaal wegvoertuigen;Benzine;2024 januari;231733;12428;219305
600;Totaal wegvoertuigen;Benzine;2024 februari;224831;11158;213673
601;Totaal wegvoertuigen;Benzine;2024 maart;250339;12813;237526
602;Totaal wegvoertuigen;Benzine;2024 1e kwartaal;706903;36399;670504
603;Totaal wegvoertuigen;Benzine;2024 april;233669;9969;223700
604;Totaal wegvoertuigen;Benzine;2024 mei;243279;10067;233212
605;Totaal wegvoertuigen;Benzine;2024 juni;235278;11622;223656
606;Totaal wegvoertuigen;Benzine;2024 2e kwartaal;712226;31658;680568
607;Totaal wegvoertuigen;Benzine;2024 juli;231538;9122;222416
608;Totaal wegvoertuigen;Benzine;2024 augustus;218453;8990;209463
609;Totaal wegvoertuigen;Benzine;2024 september;219240;9001;210239
610;Totaal wegvoertuigen;Benzine;2024 3e kwartaal;669231;27113;642118
611;Totaal wegvoertuigen;Benzine;2024 oktober;235739;9043;226696
612;Totaal wegvoertuigen;Benzine;2024 november;222111;9188;212923
613;Totaal wegvoertuigen;Benzine;2024 december;204144;12384;191760
614;Totaal wegvoertuigen;Benzine;2024 4e kwartaal;661994;30615;631379
615;Totaal wegvoertuigen;Benzine;2024;2750354;125785;2624569
616;Totaal wegvoertuigen;Benzine;2025 januari;237593;10010;227583
617;Totaal wegvoertuigen;Benzine;2025 februari;220260;6672;213588
618;Totaal wegvoertuigen;Benzine;2025 maart;244907;7555;237352
619;Totaal wegvoertuigen;Benzine;2025 1e kwartaal;702760;24237;678523
620;Totaal wegvoertuigen;Diesel;2007 januari;106661;31171;75490
621;Totaal wegvoertuigen;Diesel;2007 februari;91807;20180;71627
622;Totaal wegvoertuigen;Diesel;2007 maart;99271;22903;76368
623;Totaal wegvoertuigen;Diesel;2007 1e kwartaal;297739;74254;223485
624;Totaal wegvoertuigen;Diesel;2007 april;84832;18902;65930
625;Totaal wegvoertuigen;Diesel;2007 mei;89875;20566;69309
626;Totaal wegvoertuigen;Diesel;2007 juni;105031;22831;82200
627;Totaal wegvoertuigen;Diesel;2007 2e kwartaal;279738;62299;217439
628;Totaal wegvoertuigen;Diesel;2007 juli;97166;19588;77578
629;Totaal wegvoertuigen;Diesel;2007 augustus;88436;19456;68980
630;Totaal wegvoertuigen;Diesel;2007 september;85857;18790;67067
631;Totaal wegvoertuigen;Diesel;2007 3e kwartaal;271459;57834;213625
632;Totaal wegvoertuigen;Diesel;2007 oktober;96285;22547;73738
633;Totaal wegvoertuigen;Diesel;2007 november;94047;20679;73368
634;Totaal wegvoertuigen;Diesel;2007 december;65747;3925;61822
635;Totaal wegvoertuigen;Diesel;2007 4e kwartaal;256079;47151;208928
636;Totaal wegvoertuigen;Diesel;2007;1105015;241538;863477
637;Totaal wegvoertuigen;Diesel;2008 januari;112672;34035;78637
638;Totaal wegvoertuigen;Diesel;2008 februari;101427;23383;78044
639;Totaal wegvoertuigen;Diesel;2008 maart;98430;23012;75418
640;Totaal wegvoertuigen;Diesel;2008 1e kwartaal;312529;80430;232099
641;Totaal wegvoertuigen;Diesel;2008 april;96222;19373;76849
642;Totaal wegvoertuigen;Diesel;2008 mei;89169;19369;69800
643;Totaal wegvoertuigen;Diesel;2008 juni;91710;20412;71298
644;Totaal wegvoertuigen;Diesel;2008 2e kwartaal;277101;59154;217947
645;Totaal wegvoertuigen;Diesel;2008 juli;88083;17866;70217
646;Totaal wegvoertuigen;Diesel;2008 augustus;80896;16300;64596
647;Totaal wegvoertuigen;Diesel;2008 september;92271;18540;73731
648;Totaal wegvoertuigen;Diesel;2008 3e kwartaal;261250;52706;208544
649;Totaal wegvoertuigen;Diesel;2008 oktober;98764;20414;78350
650;Totaal wegvoertuigen;Diesel;2008 november;82433;14251;68182
651;Totaal wegvoertuigen;Diesel;2008 december;70173;3375;66798
652;Totaal wegvoertuigen;Diesel;2008 4e kwartaal;251370;38040;213330
653;Totaal wegvoertuigen;Diesel;2008;1102250;230330;871920
654;Totaal wegvoertuigen;Diesel;2009 januari;102749;25718;77031
655;Totaal wegvoertuigen;Diesel;2009 februari;88402;14558;73844
656;Totaal wegvoertuigen;Diesel;2009 maart;95077;14003;81074
657;Totaal wegvoertuigen;Diesel;2009 1e kwartaal;286228;54279;231949
658;Totaal wegvoertuigen;Diesel;2009 april;86604;12176;74428
659;Totaal wegvoertuigen;Diesel;2009 mei;86911;11237;75674
660;Totaal wegvoertuigen;Diesel;2009 juni;93074;12438;80636
661;Totaal wegvoertuigen;Diesel;2009 2e kwartaal;266589;35851;230738
662;Totaal wegvoertuigen;Diesel;2009 juli;89389;11101;78288
663;Totaal wegvoertuigen;Diesel;2009 augustus;72488;8429;64059
664;Totaal wegvoertuigen;Diesel;2009 september;83850;10970;72880
665;Totaal wegvoertuigen;Diesel;2009 3e kwartaal;245727;30500;215227
666;Totaal wegvoertuigen;Diesel;2009 oktober;87993;11032;76961
667;Totaal wegvoertuigen;Diesel;2009 november;79227;8376;70851
668;Totaal wegvoertuigen;Diesel;2009 december;69088;2342;66746
669;Totaal wegvoertuigen;Diesel;2009 4e kwartaal;236308;21750;214558
670;Totaal wegvoertuigen;Diesel;2009;1034852;142380;892472
671;Totaal wegvoertuigen;Diesel;2010 januari;89443;18422;71021
672;Totaal wegvoertuigen;Diesel;2010 februari;82987;10983;72004
673;Totaal wegvoertuigen;Diesel;2010 maart;95798;12486;83312
674;Totaal wegvoertuigen;Diesel;2010 1e kwartaal;268228;41891;226337
675;Totaal wegvoertuigen;Diesel;2010 april;87083;10983;76100
676;Totaal wegvoertuigen;Diesel;2010 mei;81124;10673;70451
677;Totaal wegvoertuigen;Diesel;2010 juni;92002;13975;78027
678;Totaal wegvoertuigen;Diesel;2010 2e kwartaal;260209;35631;224578
679;Totaal wegvoertuigen;Diesel;2010 juli;83458;12936;70522
680;Totaal wegvoertuigen;Diesel;2010 augustus;79255;12522;66733
681;Totaal wegvoertuigen;Diesel;2010 september;92510;15926;76584
682;Totaal wegvoertuigen;Diesel;2010 3e kwartaal;255223;41384;213839
683;Totaal wegvoertuigen;Diesel;2010 oktober;96082;17755;78327
684;Totaal wegvoertuigen;Diesel;2010 november;89285;16658;72627
685;Totaal wegvoertuigen;Diesel;2010 december;77396;4963;72433
686;Totaal wegvoertuigen;Diesel;2010 4e kwartaal;262763;39376;223387
687;Totaal wegvoertuigen;Diesel;2010;1046423;158282;888141
688;Totaal wegvoertuigen;Diesel;2011 januari;102711;29262;73449
689;Totaal wegvoertuigen;Diesel;2011 februari;93406;18490;74916
690;Totaal wegvoertuigen;Diesel;2011 maart;103617;23366;80251
691;Totaal wegvoertuigen;Diesel;2011 1e kwartaal;299734;71118;228616
692;Totaal wegvoertuigen;Diesel;2011 april;92667;20597;72070
693;Totaal wegvoertuigen;Diesel;2011 mei;95558;21505;74053
694;Totaal wegvoertuigen;Diesel;2011 juni;91873;19678;72195
695;Totaal wegvoertuigen;Diesel;2011 2e kwartaal;280098;61780;218318
696;Totaal wegvoertuigen;Diesel;2011 juli;88756;17827;70929
697;Totaal wegvoertuigen;Diesel;2011 augustus;82546;16492;66054
698;Totaal wegvoertuigen;Diesel;2011 september;87714;17991;69723
699;Totaal wegvoertuigen;Diesel;2011 3e kwartaal;259016;52310;206706
700;Totaal wegvoertuigen;Diesel;2011 oktober;87692;19792;67900
701;Totaal wegvoertuigen;Diesel;2011 november;86701;17873;68828
702;Totaal wegvoertuigen;Diesel;2011 december;71872;5461;66411
703;Totaal wegvoertuigen;Diesel;2011 4e kwartaal;246265;43126;203139
704;Totaal wegvoertuigen;Diesel;2011;1085113;228334;856779
705;Totaal wegvoertuigen;Diesel;2012 januari;103513;30989;72524
706;Totaal wegvoertuigen;Diesel;2012 februari;88845;17851;70994
707;Totaal wegvoertuigen;Diesel;2012 maart;95294;19600;75694
708;Totaal wegvoertuigen;Diesel;2012 1e kwartaal;287652;68440;219212
709;Totaal wegvoertuigen;Diesel;2012 april;84712;16030;68682
710;Totaal wegvoertuigen;Diesel;2012 mei;88980;20049;68931
711;Totaal wegvoertuigen;Diesel;2012 juni;103623;28886;74737
712;Totaal wegvoertuigen;Diesel;2012 2e kwartaal;277315;64965;212350
713;Totaal wegvoertuigen;Diesel;2012 juli;94321;13885;80436
714;Totaal wegvoertuigen;Diesel;2012 augustus;77406;12579;64827
715;Totaal wegvoertuigen;Diesel;2012 september;76956;12932;64024
716;Totaal wegvoertuigen;Diesel;2012 3e kwartaal;248683;39396;209287
717;Totaal wegvoertuigen;Diesel;2012 oktober;84443;14329;70114
718;Totaal wegvoertuigen;Diesel;2012 november;81082;14813;66269
719;Totaal wegvoertuigen;Diesel;2012 december;66809;9016;57793
720;Totaal wegvoertuigen;Diesel;2012 4e kwartaal;232334;38158;194176
721;Totaal wegvoertuigen;Diesel;2012;1045984;210959;835025
722;Totaal wegvoertuigen;Diesel;2013 januari;88661;17320;71341
723;Totaal wegvoertuigen;Diesel;2013 februari;81854;10612;71242
724;Totaal wegvoertuigen;Diesel;2013 maart;85538;14417;71121
725;Totaal wegvoertuigen;Diesel;2013 1e kwartaal;256053;42349;213704
726;Totaal wegvoertuigen;Diesel;2013 april;79354;13248;66106
727;Totaal wegvoertuigen;Diesel;2013 mei;80329;12547;67782
728;Totaal wegvoertuigen;Diesel;2013 juni;80458;13652;66806
729;Totaal wegvoertuigen;Diesel;2013 2e kwartaal;240141;39447;200694
730;Totaal wegvoertuigen;Diesel;2013 juli;81942;13881;68061
731;Totaal wegvoertuigen;Diesel;2013 augustus;71355;11725;59630
732;Totaal wegvoertuigen;Diesel;2013 september;74153;12291;61862
733;Totaal wegvoertuigen;Diesel;2013 3e kwartaal;227450;37897;189553
734;Totaal wegvoertuigen;Diesel;2013 oktober;82745;15214;67531
735;Totaal wegvoertuigen;Diesel;2013 november;81023;15297;65726
736;Totaal wegvoertuigen;Diesel;2013 december;83569;17048;66521
737;Totaal wegvoertuigen;Diesel;2013 4e kwartaal;247337;47559;199778
738;Totaal wegvoertuigen;Diesel;2013;970981;167252;803729
739;Totaal wegvoertuigen;Diesel;2014 januari;90325;15708;74617
740;Totaal wegvoertuigen;Diesel;2014 februari;77814;10852;66962
741;Totaal wegvoertuigen;Diesel;2014 maart;78287;12280;66007
742;Totaal wegvoertuigen;Diesel;2014 1e kwartaal;246426;38840;207586
743;Totaal wegvoertuigen;Diesel;2014 april;76791;11575;65216
744;Totaal wegvoertuigen;Diesel;2014 mei;79464;12902;66562
745;Totaal wegvoertuigen;Diesel;2014 juni;76246;14094;62152
746;Totaal wegvoertuigen;Diesel;2014 2e kwartaal;232501;38571;193930
747;Totaal wegvoertuigen;Diesel;2014 juli;83908;14141;69767
748;Totaal wegvoertuigen;Diesel;2014 augustus;67923;11594;56329
749;Totaal wegvoertuigen;Diesel;2014 september;77065;13448;63617
750;Totaal wegvoertuigen;Diesel;2014 3e kwartaal;228896;39183;189713
751;Totaal wegvoertuigen;Diesel;2014 oktober;83172;15692;67480
752;Totaal wegvoertuigen;Diesel;2014 november;75492;14973;60519
753;Totaal wegvoertuigen;Diesel;2014 december;82838;18932;63906
754;Totaal wegvoertuigen;Diesel;2014 4e kwartaal;241502;49597;191905
755;Totaal wegvoertuigen;Diesel;2014;949325;166191;783134
756;Totaal wegvoertuigen;Diesel;2015 januari;87763;17006;70757
757;Totaal wegvoertuigen;Diesel;2015 februari;74219;11372;62847
758;Totaal wegvoertuigen;Diesel;2015 maart;82467;14316;68151
759;Totaal wegvoertuigen;Diesel;2015 1e kwartaal;244449;42694;201755
760;Totaal wegvoertuigen;Diesel;2015 april;77730;12590;65140
761;Totaal wegvoertuigen;Diesel;2015 mei;74784;12919;61865
762;Totaal wegvoertuigen;Diesel;2015 juni;86081;16417;69664
763;Totaal wegvoertuigen;Diesel;2015 2e kwartaal;238595;41926;196669
764;Totaal wegvoertuigen;Diesel;2015 juli;83429;14902;68527
765;Totaal wegvoertuigen;Diesel;2015 augustus;71466;14289;57177
766;Totaal wegvoertuigen;Diesel;2015 september;80762;14774;65988
767;Totaal wegvoertuigen;Diesel;2015 3e kwartaal;235657;43965;191692
768;Totaal wegvoertuigen;Diesel;2015 oktober;84714;16925;67789
769;Totaal wegvoertuigen;Diesel;2015 november;85408;19438;65970
770;Totaal wegvoertuigen;Diesel;2015 december;106115;35568;70547
771;Totaal wegvoertuigen;Diesel;2015 4e kwartaal;276237;71931;204306
772;Totaal wegvoertuigen;Diesel;2015;994938;200516;794422
773;Totaal wegvoertuigen;Diesel;2016 januari;87318;14034;73284
774;Totaal wegvoertuigen;Diesel;2016 februari;85337;12241;73096
775;Totaal wegvoertuigen;Diesel;2016 maart;93208;15167;78041
776;Totaal wegvoertuigen;Diesel;2016 1e kwartaal;265863;41442;224421
777;Totaal wegvoertuigen;Diesel;2016 april;84226;12674;71552
778;Totaal wegvoertuigen;Diesel;2016 mei;78745;12242;66503
779;Totaal wegvoertuigen;Diesel;2016 juni;91830;16519;75311
780;Totaal wegvoertuigen;Diesel;2016 2e kwartaal;254801;41435;213366
781;Totaal wegvoertuigen;Diesel;2016 juli;81835;12380;69455
782;Totaal wegvoertuigen;Diesel;2016 augustus;69895;10706;59189
783;Totaal wegvoertuigen;Diesel;2016 september;79162;12966;66196
784;Totaal wegvoertuigen;Diesel;2016 3e kwartaal;230892;36052;194840
785;Totaal wegvoertuigen;Diesel;2016 oktober;81753;13421;68332
786;Totaal wegvoertuigen;Diesel;2016 november;82434;13528;68906
787;Totaal wegvoertuigen;Diesel;2016 december;81112;11607;69505
788;Totaal wegvoertuigen;Diesel;2016 4e kwartaal;245299;38556;206743
789;Totaal wegvoertuigen;Diesel;2016;996855;157485;839370
790;Totaal wegvoertuigen;Diesel;2017 januari;92153;18240;73913
791;Totaal wegvoertuigen;Diesel;2017 februari;82116;12081;70035
792;Totaal wegvoertuigen;Diesel;2017 maart;91886;16143;75743
793;Totaal wegvoertuigen;Diesel;2017 1e kwartaal;266155;46464;219691
794;Totaal wegvoertuigen;Diesel;2017 april;74390;11439;62951
795;Totaal wegvoertuigen;Diesel;2017 mei;84718;14391;70327
796;Totaal wegvoertuigen;Diesel;2017 juni;88080;16457;71623
797;Totaal wegvoertuigen;Diesel;2017 2e kwartaal;247188;42287;204901
798;Totaal wegvoertuigen;Diesel;2017 juli;84229;12471;71758
799;Totaal wegvoertuigen;Diesel;2017 augustus;74266;11281;62985
800;Totaal wegvoertuigen;Diesel;2017 september;80012;13163;66849
801;Totaal wegvoertuigen;Diesel;2017 3e kwartaal;238507;36915;201592
802;Totaal wegvoertuigen;Diesel;2017 oktober;83477;13909;69568
803;Totaal wegvoertuigen;Diesel;2017 november;84195;13170;71025
804;Totaal wegvoertuigen;Diesel;2017 december;70738;6251;64487
805;Totaal wegvoertuigen;Diesel;2017 4e kwartaal;238410;33330;205080
806;Totaal wegvoertuigen;Diesel;2017;990260;158996;831264
807;Totaal wegvoertuigen;Diesel;2018 januari;96039;20230;75809
808;Totaal wegvoertuigen;Diesel;2018 februari;83009;13215;69794
809;Totaal wegvoertuigen;Diesel;2018 maart;90955;15318;75637
810;Totaal wegvoertuigen;Diesel;2018 1e kwartaal;270003;48763;221240
811;Totaal wegvoertuigen;Diesel;2018 april;78446;12241;66205
812;Totaal wegvoertuigen;Diesel;2018 mei;82609;12815;69794
813;Totaal wegvoertuigen;Diesel;2018 juni;87941;14094;73847
814;Totaal wegvoertuigen;Diesel;2018 2e kwartaal;248996;39150;209846
815;Totaal wegvoertuigen;Diesel;2018 juli;87227;11756;75471
816;Totaal wegvoertuigen;Diesel;2018 augustus;74245;11220;63025
817;Totaal wegvoertuigen;Diesel;2018 september;74841;9870;64971
818;Totaal wegvoertuigen;Diesel;2018 3e kwartaal;236313;32846;203467
819;Totaal wegvoertuigen;Diesel;2018 oktober;83340;11644;71696
820;Totaal wegvoertuigen;Diesel;2018 november;79584;11613;67971
821;Totaal wegvoertuigen;Diesel;2018 december;66430;5805;60625
822;Totaal wegvoertuigen;Diesel;2018 4e kwartaal;229354;29062;200292
823;Totaal wegvoertuigen;Diesel;2018;984666;149821;834845
824;Totaal wegvoertuigen;Diesel;2019 januari;87789;15667;72122
825;Totaal wegvoertuigen;Diesel;2019 februari;78132;10380;67752
826;Totaal wegvoertuigen;Diesel;2019 maart;81129;11938;69191
827;Totaal wegvoertuigen;Diesel;2019 1e kwartaal;247050;37985;209065
828;Totaal wegvoertuigen;Diesel;2019 april;77348;10448;66900
829;Totaal wegvoertuigen;Diesel;2019 mei;84570;11117;73453
830;Totaal wegvoertuigen;Diesel;2019 juni;76953;12382;64571
831;Totaal wegvoertuigen;Diesel;2019 2e kwartaal;238871;33947;204924
832;Totaal wegvoertuigen;Diesel;2019 juli;80486;9048;71438
833;Totaal wegvoertuigen;Diesel;2019 augustus;68387;9112;59275
834;Totaal wegvoertuigen;Diesel;2019 september;70616;7879;62737
835;Totaal wegvoertuigen;Diesel;2019 3e kwartaal;219489;26039;193450
836;Totaal wegvoertuigen;Diesel;2019 oktober;80429;8122;72307
837;Totaal wegvoertuigen;Diesel;2019 november;80243;8850;71393
838;Totaal wegvoertuigen;Diesel;2019 december;70074;6369;63705
839;Totaal wegvoertuigen;Diesel;2019 4e kwartaal;230746;23341;207405
840;Totaal wegvoertuigen;Diesel;2019;936156;121312;814844
841;Totaal wegvoertuigen;Diesel;2020 januari;85371;10948;74423
842;Totaal wegvoertuigen;Diesel;2020 februari;75981;7809;68172
843;Totaal wegvoertuigen;Diesel;2020 maart;69457;8733;60724
844;Totaal wegvoertuigen;Diesel;2020 1e kwartaal;230809;27490;203319
845;Totaal wegvoertuigen;Diesel;2020 april;54909;5330;49579
846;Totaal wegvoertuigen;Diesel;2020 mei;69003;4451;64552
847;Totaal wegvoertuigen;Diesel;2020 juni;75033;5813;69220
848;Totaal wegvoertuigen;Diesel;2020 2e kwartaal;198945;15594;183351
849;Totaal wegvoertuigen;Diesel;2020 juli;77573;7031;70542
850;Totaal wegvoertuigen;Diesel;2020 augustus;62814;6335;56479
851;Totaal wegvoertuigen;Diesel;2020 september;70011;6815;63196
852;Totaal wegvoertuigen;Diesel;2020 3e kwartaal;210398;20181;190217
853;Totaal wegvoertuigen;Diesel;2020 oktober;72172;6762;65410
854;Totaal wegvoertuigen;Diesel;2020 november;66188;6697;59491
855;Totaal wegvoertuigen;Diesel;2020 december;66295;3861;62434
856;Totaal wegvoertuigen;Diesel;2020 4e kwartaal;204655;17320;187335
857;Totaal wegvoertuigen;Diesel;2020;844807;80585;764222
858;Totaal wegvoertuigen;Diesel;2021 januari;69708;8905;60803
859;Totaal wegvoertuigen;Diesel;2021 februari;66011;7306;58705
860;Totaal wegvoertuigen;Diesel;2021 maart;77663;9056;68607
861;Totaal wegvoertuigen;Diesel;2021 1e kwartaal;213382;25267;188115
862;Totaal wegvoertuigen;Diesel;2021 april;69092;8151;60941
863;Totaal wegvoertuigen;Diesel;2021 mei;66660;7446;59214
864;Totaal wegvoertuigen;Diesel;2021 juni;68696;7426;61270
865;Totaal wegvoertuigen;Diesel;2021 2e kwartaal;204448;23023;181425
866;Totaal wegvoertuigen;Diesel;2021 juli;65527;6125;59402
867;Totaal wegvoertuigen;Diesel;2021 augustus;53388;4737;48651
868;Totaal wegvoertuigen;Diesel;2021 september;58894;5569;53325
869;Totaal wegvoertuigen;Diesel;2021 3e kwartaal;177809;16431;161378
870;Totaal wegvoertuigen;Diesel;2021 oktober;60086;6341;53745
871;Totaal wegvoertuigen;Diesel;2021 november;60034;6419;53615
872;Totaal wegvoertuigen;Diesel;2021 december;58187;4594;53593
873;Totaal wegvoertuigen;Diesel;2021 4e kwartaal;178307;17354;160953
874;Totaal wegvoertuigen;Diesel;2021;773946;82075;691871
875;Totaal wegvoertuigen;Diesel;2022 januari;64533;6975;57558
876;Totaal wegvoertuigen;Diesel;2022 februari;57496;5797;51699
877;Totaal wegvoertuigen;Diesel;2022 maart;61403;7025;54378
878;Totaal wegvoertuigen;Diesel;2022 1e kwartaal;183432;19797;163635
879;Totaal wegvoertuigen;Diesel;2022 april;55048;5838;49210
880;Totaal wegvoertuigen;Diesel;2022 mei;54964;6203;48761
881;Totaal wegvoertuigen;Diesel;2022 juni;58016;7053;50963
882;Totaal wegvoertuigen;Diesel;2022 2e kwartaal;168028;19094;148934
883;Totaal wegvoertuigen;Diesel;2022 juli;53916;5039;48877
884;Totaal wegvoertuigen;Diesel;2022 augustus;46418;4432;41986
885;Totaal wegvoertuigen;Diesel;2022 september;51567;5637;45930
886;Totaal wegvoertuigen;Diesel;2022 3e kwartaal;151901;15108;136793
887;Totaal wegvoertuigen;Diesel;2022 oktober;52004;5323;46681
888;Totaal wegvoertuigen;Diesel;2022 november;55032;6266;48766
889;Totaal wegvoertuigen;Diesel;2022 december;51699;5173;46526
890;Totaal wegvoertuigen;Diesel;2022 4e kwartaal;158735;16762;141973
891;Totaal wegvoertuigen;Diesel;2022;662096;70761;591335
892;Totaal wegvoertuigen;Diesel;2023 januari;58198;7363;50835
893;Totaal wegvoertuigen;Diesel;2023 februari;53789;6634;47155
894;Totaal wegvoertuigen;Diesel;2023 maart;62292;7952;54340
895;Totaal wegvoertuigen;Diesel;2023 1e kwartaal;174279;21949;152330
896;Totaal wegvoertuigen;Diesel;2023 april;52083;5906;46177
897;Totaal wegvoertuigen;Diesel;2023 mei;54764;6365;48399
898;Totaal wegvoertuigen;Diesel;2023 juni;59053;8394;50659
899;Totaal wegvoertuigen;Diesel;2023 2e kwartaal;165900;20665;145235
900;Totaal wegvoertuigen;Diesel;2023 juli;54655;5750;48905
901;Totaal wegvoertuigen;Diesel;2023 augustus;48561;6390;42171
902;Totaal wegvoertuigen;Diesel;2023 september;50512;5547;44965
903;Totaal wegvoertuigen;Diesel;2023 3e kwartaal;153728;17687;136041
904;Totaal wegvoertuigen;Diesel;2023 oktober;53802;5781;48021
905;Totaal wegvoertuigen;Diesel;2023 november;53346;5761;47585
906;Totaal wegvoertuigen;Diesel;2023 december;48060;4522;43538
907;Totaal wegvoertuigen;Diesel;2023 4e kwartaal;155208;16064;139144
908;Totaal wegvoertuigen;Diesel;2023;649115;76365;572750
909;Totaal wegvoertuigen;Diesel;2024 januari;56028;7413;48615
910;Totaal wegvoertuigen;Diesel;2024 februari;53638;7223;46415
911;Totaal wegvoertuigen;Diesel;2024 maart;59326;9028;50298
912;Totaal wegvoertuigen;Diesel;2024 1e kwartaal;168992;23664;145328
913;Totaal wegvoertuigen;Diesel;2024 april;56712;8522;48190
914;Totaal wegvoertuigen;Diesel;2024 mei;55190;8482;46708
915;Totaal wegvoertuigen;Diesel;2024 juni;54350;9107;45243
916;Totaal wegvoertuigen;Diesel;2024 2e kwartaal;166252;26111;140141
917;Totaal wegvoertuigen;Diesel;2024 juli;56347;8141;48206
918;Totaal wegvoertuigen;Diesel;2024 augustus;47640;7655;39985
919;Totaal wegvoertuigen;Diesel;2024 september;54096;9738;44358
920;Totaal wegvoertuigen;Diesel;2024 3e kwartaal;158083;25534;132549
921;Totaal wegvoertuigen;Diesel;2024 oktober;61640;11898;49742
922;Totaal wegvoertuigen;Diesel;2024 november;63499;14886;48613
923;Totaal wegvoertuigen;Diesel;2024 december;83756;34216;49540
924;Totaal wegvoertuigen;Diesel;2024 4e kwartaal;208895;61000;147895
925;Totaal wegvoertuigen;Diesel;2024;702222;136309;565913
926;Totaal wegvoertuigen;Diesel;2025 januari;52507;1592;50915
927;Totaal wegvoertuigen;Diesel;2025 februari;46469;1396;45073
928;Totaal wegvoertuigen;Diesel;2025 maart;48384;1474;46910
929;Totaal wegvoertuigen;Diesel;2025 1e kwartaal;147360;4462;142898
930;Totaal wegvoertuigen;Lpg;2007 januari;11159;1050;10109
931;Totaal wegvoertuigen;Lpg;2007 februari;10541;624;9917
932;Totaal wegvoertuigen;Lpg;2007 maart;11329;691;10638
933;Totaal wegvoertuigen;Lpg;2007 1e kwartaal;33029;2365;30664
934;Totaal wegvoertuigen;Lpg;2007 april;9338;620;8718
935;Totaal wegvoertuigen;Lpg;2007 mei;9934;572;9362
936;Totaal wegvoertuigen;Lpg;2007 juni;11310;712;10598
937;Totaal wegvoertuigen;Lpg;2007 2e kwartaal;30582;1904;28678
938;Totaal wegvoertuigen;Lpg;2007 juli;10192;482;9710
939;Totaal wegvoertuigen;Lpg;2007 augustus;9150;600;8550
940;Totaal wegvoertuigen;Lpg;2007 september;9127;694;8433
941;Totaal wegvoertuigen;Lpg;2007 3e kwartaal;28469;1776;26693
942;Totaal wegvoertuigen;Lpg;2007 oktober;9464;715;8749
943;Totaal wegvoertuigen;Lpg;2007 november;9286;755;8531
944;Totaal wegvoertuigen;Lpg;2007 december;7499;220;7279
945;Totaal wegvoertuigen;Lpg;2007 4e kwartaal;26249;1690;24559
946;Totaal wegvoertuigen;Lpg;2007;118329;7735;110594
947;Totaal wegvoertuigen;Lpg;2008 januari;9971;1241;8730
948;Totaal wegvoertuigen;Lpg;2008 februari;9456;930;8526
949;Totaal wegvoertuigen;Lpg;2008 maart;9795;1005;8790
950;Totaal wegvoertuigen;Lpg;2008 1e kwartaal;29222;3176;26046
951;Totaal wegvoertuigen;Lpg;2008 april;9712;807;8905
952;Totaal wegvoertuigen;Lpg;2008 mei;10005;894;9111
953;Totaal wegvoertuigen;Lpg;2008 juni;10189;1085;9104
954;Totaal wegvoertuigen;Lpg;2008 2e kwartaal;29906;2786;27120
955;Totaal wegvoertuigen;Lpg;2008 juli;9052;870;8182
956;Totaal wegvoertuigen;Lpg;2008 augustus;7694;732;6962
957;Totaal wegvoertuigen;Lpg;2008 september;8289;823;7466
958;Totaal wegvoertuigen;Lpg;2008 3e kwartaal;25035;2425;22610
959;Totaal wegvoertuigen;Lpg;2008 oktober;8809;842;7967
960;Totaal wegvoertuigen;Lpg;2008 november;7434;672;6762
961;Totaal wegvoertuigen;Lpg;2008 december;7006;136;6870
962;Totaal wegvoertuigen;Lpg;2008 4e kwartaal;23249;1650;21599
963;Totaal wegvoertuigen;Lpg;2008;107412;10037;97375
964;Totaal wegvoertuigen;Lpg;2009 januari;8489;960;7529
965;Totaal wegvoertuigen;Lpg;2009 februari;7703;496;7207
966;Totaal wegvoertuigen;Lpg;2009 maart;8322;400;7922
967;Totaal wegvoertuigen;Lpg;2009 1e kwartaal;24514;1856;22658
968;Totaal wegvoertuigen;Lpg;2009 april;7897;284;7613
969;Totaal wegvoertuigen;Lpg;2009 mei;8582;286;8296
970;Totaal wegvoertuigen;Lpg;2009 juni;8964;301;8663
971;Totaal wegvoertuigen;Lpg;2009 2e kwartaal;25443;871;24572
972;Totaal wegvoertuigen;Lpg;2009 juli;8646;295;8351
973;Totaal wegvoertuigen;Lpg;2009 augustus;7303;178;7125
974;Totaal wegvoertuigen;Lpg;2009 september;7921;200;7721
975;Totaal wegvoertuigen;Lpg;2009 3e kwartaal;23870;673;23197
976;Totaal wegvoertuigen;Lpg;2009 oktober;8350;189;8161
977;Totaal wegvoertuigen;Lpg;2009 november;7440;131;7309
978;Totaal wegvoertuigen;Lpg;2009 december;6858;71;6787
979;Totaal wegvoertuigen;Lpg;2009 4e kwartaal;22648;391;22257
980;Totaal wegvoertuigen;Lpg;2009;96475;3791;92684
981;Totaal wegvoertuigen;Lpg;2010 januari;7995;312;7683
982;Totaal wegvoertuigen;Lpg;2010 februari;7415;194;7221
983;Totaal wegvoertuigen;Lpg;2010 maart;8834;165;8669
984;Totaal wegvoertuigen;Lpg;2010 1e kwartaal;24244;671;23573
985;Totaal wegvoertuigen;Lpg;2010 april;8235;120;8115
986;Totaal wegvoertuigen;Lpg;2010 mei;8097;156;7941
987;Totaal wegvoertuigen;Lpg;2010 juni;8578;168;8410
988;Totaal wegvoertuigen;Lpg;2010 2e kwartaal;24910;444;24466
989;Totaal wegvoertuigen;Lpg;2010 juli;7914;146;7768
990;Totaal wegvoertuigen;Lpg;2010 augustus;7716;325;7391
991;Totaal wegvoertuigen;Lpg;2010 september;8963;680;8283
992;Totaal wegvoertuigen;Lpg;2010 3e kwartaal;24593;1151;23442
993;Totaal wegvoertuigen;Lpg;2010 oktober;8986;654;8332
994;Totaal wegvoertuigen;Lpg;2010 november;8216;414;7802
995;Totaal wegvoertuigen;Lpg;2010 december;7216;113;7103
996;Totaal wegvoertuigen;Lpg;2010 4e kwartaal;24418;1181;23237
997;Totaal wegvoertuigen;Lpg;2010;98165;3447;94718
998;Totaal wegvoertuigen;Lpg;2011 januari;8627;793;7834
999;Totaal wegvoertuigen;Lpg;2011 februari;8126;207;7919
1000;Totaal wegvoertuigen;Lpg;2011 maart;9245;391;8854
1001;Totaal wegvoertuigen;Lpg;2011 1e kwartaal;25998;1391;24607
1002;Totaal wegvoertuigen;Lpg;2011 april;8349;399;7950
1003;Totaal wegvoertuigen;Lpg;2011 mei;8478;435;8043
1004;Totaal wegvoertuigen;Lpg;2011 juni;8268;469;7799
1005;Totaal wegvoertuigen;Lpg;2011 2e kwartaal;25095;1303;23792
1006;Totaal wegvoertuigen;Lpg;2011 juli;8116;461;7655
1007;Totaal wegvoertuigen;Lpg;2011 augustus;7529;574;6955
1008;Totaal wegvoertuigen;Lpg;2011 september;8125;926;7199
1009;Totaal wegvoertuigen;Lpg;2011 3e kwartaal;23770;1961;21809
1010;Totaal wegvoertuigen;Lpg;2011 oktober;8021;785;7236
1011;Totaal wegvoertuigen;Lpg;2011 november;8352;1116;7236
1012;Totaal wegvoertuigen;Lpg;2011 december;8012;1079;6933
1013;Totaal wegvoertuigen;Lpg;2011 4e kwartaal;24385;2980;21405
1014;Totaal wegvoertuigen;Lpg;2011;99248;7635;91613
1015;Totaal wegvoertuigen;Lpg;2012 januari;8737;1177;7560
1016;Totaal wegvoertuigen;Lpg;2012 februari;7370;702;6668
1017;Totaal wegvoertuigen;Lpg;2012 maart;8316;1012;7304
1018;Totaal wegvoertuigen;Lpg;2012 1e kwartaal;24423;2891;21532
1019;Totaal wegvoertuigen;Lpg;2012 april;7316;545;6771
1020;Totaal wegvoertuigen;Lpg;2012 mei;7734;784;6950
1021;Totaal wegvoertuigen;Lpg;2012 juni;10390;3141;7249
1022;Totaal wegvoertuigen;Lpg;2012 2e kwartaal;25440;4470;20970
1023;Totaal wegvoertuigen;Lpg;2012 juli;7764;430;7334
1024;Totaal wegvoertuigen;Lpg;2012 augustus;6957;321;6636
1025;Totaal wegvoertuigen;Lpg;2012 september;6800;285;6515
1026;Totaal wegvoertuigen;Lpg;2012 3e kwartaal;21521;1036;20485
1027;Totaal wegvoertuigen;Lpg;2012 oktober;6974;291;6683
1028;Totaal wegvoertuigen;Lpg;2012 november;6271;339;5932
1029;Totaal wegvoertuigen;Lpg;2012 december;5667;335;5332
1030;Totaal wegvoertuigen;Lpg;2012 4e kwartaal;18912;965;17947
1031;Totaal wegvoertuigen;Lpg;2012;90296;9362;80934
1032;Totaal wegvoertuigen;Lpg;2013 januari;6534;526;6008
1033;Totaal wegvoertuigen;Lpg;2013 februari;6301;619;5682
1034;Totaal wegvoertuigen;Lpg;2013 maart;6636;258;6378
1035;Totaal wegvoertuigen;Lpg;2013 1e kwartaal;19471;1403;18068
1036;Totaal wegvoertuigen;Lpg;2013 april;6029;83;5946
1037;Totaal wegvoertuigen;Lpg;2013 mei;6328;94;6234
1038;Totaal wegvoertuigen;Lpg;2013 juni;6434;138;6296
1039;Totaal wegvoertuigen;Lpg;2013 2e kwartaal;18791;315;18476
1040;Totaal wegvoertuigen;Lpg;2013 juli;6023;68;5955
1041;Totaal wegvoertuigen;Lpg;2013 augustus;5591;71;5520
1042;Totaal wegvoertuigen;Lpg;2013 september;5631;143;5488
1043;Totaal wegvoertuigen;Lpg;2013 3e kwartaal;17245;282;16963
1044;Totaal wegvoertuigen;Lpg;2013 oktober;6022;151;5871
1045;Totaal wegvoertuigen;Lpg;2013 november;5960;275;5685
1046;Totaal wegvoertuigen;Lpg;2013 december;6289;148;6141
1047;Totaal wegvoertuigen;Lpg;2013 4e kwartaal;18271;574;17697
1048;Totaal wegvoertuigen;Lpg;2013;73778;2574;71204
1049;Totaal wegvoertuigen;Lpg;2014 januari;6384;167;6217
1050;Totaal wegvoertuigen;Lpg;2014 februari;5393;142;5251
1051;Totaal wegvoertuigen;Lpg;2014 maart;5741;242;5499
1052;Totaal wegvoertuigen;Lpg;2014 1e kwartaal;17518;551;16967
1053;Totaal wegvoertuigen;Lpg;2014 april;5325;207;5118
1054;Totaal wegvoertuigen;Lpg;2014 mei;5902;151;5751
1055;Totaal wegvoertuigen;Lpg;2014 juni;5440;199;5241
1056;Totaal wegvoertuigen;Lpg;2014 2e kwartaal;16667;557;16110
1057;Totaal wegvoertuigen;Lpg;2014 juli;5416;161;5255
1058;Totaal wegvoertuigen;Lpg;2014 augustus;4772;114;4658
1059;Totaal wegvoertuigen;Lpg;2014 september;5129;131;4998
1060;Totaal wegvoertuigen;Lpg;2014 3e kwartaal;15317;406;14911
1061;Totaal wegvoertuigen;Lpg;2014 oktober;5266;127;5139
1062;Totaal wegvoertuigen;Lpg;2014 november;5011;94;4917
1063;Totaal wegvoertuigen;Lpg;2014 december;4658;68;4590
1064;Totaal wegvoertuigen;Lpg;2014 4e kwartaal;14935;289;14646
1065;Totaal wegvoertuigen;Lpg;2014;64437;1803;62634
1066;Totaal wegvoertuigen;Lpg;2015 januari;5294;161;5133
1067;Totaal wegvoertuigen;Lpg;2015 februari;4746;104;4642
1068;Totaal wegvoertuigen;Lpg;2015 maart;5090;83;5007
1069;Totaal wegvoertuigen;Lpg;2015 1e kwartaal;15130;348;14782
1070;Totaal wegvoertuigen;Lpg;2015 april;4759;64;4695
1071;Totaal wegvoertuigen;Lpg;2015 mei;4935;78;4857
1072;Totaal wegvoertuigen;Lpg;2015 juni;5332;81;5251
1073;Totaal wegvoertuigen;Lpg;2015 2e kwartaal;15026;223;14803
1074;Totaal wegvoertuigen;Lpg;2015 juli;4847;83;4764
1075;Totaal wegvoertuigen;Lpg;2015 augustus;4311;69;4242
1076;Totaal wegvoertuigen;Lpg;2015 september;4592;67;4525
1077;Totaal wegvoertuigen;Lpg;2015 3e kwartaal;13750;219;13531
1078;Totaal wegvoertuigen;Lpg;2015 oktober;4763;77;4686
1079;Totaal wegvoertuigen;Lpg;2015 november;4491;95;4396
1080;Totaal wegvoertuigen;Lpg;2015 december;4498;64;4434
1081;Totaal wegvoertuigen;Lpg;2015 4e kwartaal;13752;236;13516
1082;Totaal wegvoertuigen;Lpg;2015;57658;1026;56632
1083;Totaal wegvoertuigen;Lpg;2016 januari;4671;121;4550
1084;Totaal wegvoertuigen;Lpg;2016 februari;4609;69;4540
1085;Totaal wegvoertuigen;Lpg;2016 maart;4848;120;4728
1086;Totaal wegvoertuigen;Lpg;2016 1e kwartaal;14128;310;13818
1087;Totaal wegvoertuigen;Lpg;2016 april;4714;139;4575
1088;Totaal wegvoertuigen;Lpg;2016 mei;4602;116;4486
1089;Totaal wegvoertuigen;Lpg;2016 juni;5203;150;5053
1090;Totaal wegvoertuigen;Lpg;2016 2e kwartaal;14519;405;14114
1091;Totaal wegvoertuigen;Lpg;2016 juli;4699;163;4536
1092;Totaal wegvoertuigen;Lpg;2016 augustus;4062;87;3975
1093;Totaal wegvoertuigen;Lpg;2016 september;4304;135;4169
1094;Totaal wegvoertuigen;Lpg;2016 3e kwartaal;13065;385;12680
1095;Totaal wegvoertuigen;Lpg;2016 oktober;4609;187;4422
1096;Totaal wegvoertuigen;Lpg;2016 november;4245;148;4097
1097;Totaal wegvoertuigen;Lpg;2016 december;4162;142;4020
1098;Totaal wegvoertuigen;Lpg;2016 4e kwartaal;13016;477;12539
1099;Totaal wegvoertuigen;Lpg;2016;54728;1577;53151
1100;Totaal wegvoertuigen;Lpg;2017 januari;4526;248;4278
1101;Totaal wegvoertuigen;Lpg;2017 februari;4050;145;3905
1102;Totaal wegvoertuigen;Lpg;2017 maart;4500;149;4351
1103;Totaal wegvoertuigen;Lpg;2017 1e kwartaal;13076;542;12534
1104;Totaal wegvoertuigen;Lpg;2017 april;4042;161;3881
1105;Totaal wegvoertuigen;Lpg;2017 mei;4562;203;4359
1106;Totaal wegvoertuigen;Lpg;2017 juni;4702;249;4453
1107;Totaal wegvoertuigen;Lpg;2017 2e kwartaal;13306;613;12693
1108;Totaal wegvoertuigen;Lpg;2017 juli;4548;145;4403
1109;Totaal wegvoertuigen;Lpg;2017 augustus;3897;103;3794
1110;Totaal wegvoertuigen;Lpg;2017 september;4320;105;4215
1111;Totaal wegvoertuigen;Lpg;2017 3e kwartaal;12765;353;12412
1112;Totaal wegvoertuigen;Lpg;2017 oktober;4328;253;4075
1113;Totaal wegvoertuigen;Lpg;2017 november;4053;228;3825
1114;Totaal wegvoertuigen;Lpg;2017 december;3689;155;3534
1115;Totaal wegvoertuigen;Lpg;2017 4e kwartaal;12070;636;11434
1116;Totaal wegvoertuigen;Lpg;2017;51217;2144;49073
1117;Totaal wegvoertuigen;Lpg;2018 januari;4352;289;4063
1118;Totaal wegvoertuigen;Lpg;2018 februari;3789;170;3619
1119;Totaal wegvoertuigen;Lpg;2018 maart;4412;207;4205
1120;Totaal wegvoertuigen;Lpg;2018 1e kwartaal;12553;666;11887
1121;Totaal wegvoertuigen;Lpg;2018 april;3730;166;3564
1122;Totaal wegvoertuigen;Lpg;2018 mei;4123;149;3974
1123;Totaal wegvoertuigen;Lpg;2018 juni;4437;175;4262
1124;Totaal wegvoertuigen;Lpg;2018 2e kwartaal;12290;490;11800
1125;Totaal wegvoertuigen;Lpg;2018 juli;4044;211;3833
1126;Totaal wegvoertuigen;Lpg;2018 augustus;3624;179;3445
1127;Totaal wegvoertuigen;Lpg;2018 september;3671;90;3581
1128;Totaal wegvoertuigen;Lpg;2018 3e kwartaal;11339;480;10859
1129;Totaal wegvoertuigen;Lpg;2018 oktober;3838;102;3736
1130;Totaal wegvoertuigen;Lpg;2018 november;3583;138;3445
1131;Totaal wegvoertuigen;Lpg;2018 december;3229;105;3124
1132;Totaal wegvoertuigen;Lpg;2018 4e kwartaal;10650;345;10305
1133;Totaal wegvoertuigen;Lpg;2018;46832;1981;44851
1134;Totaal wegvoertuigen;Lpg;2019 januari;3910;209;3701
1135;Totaal wegvoertuigen;Lpg;2019 februari;3418;127;3291
1136;Totaal wegvoertuigen;Lpg;2019 maart;3611;153;3458
1137;Totaal wegvoertuigen;Lpg;2019 1e kwartaal;10939;489;10450
1138;Totaal wegvoertuigen;Lpg;2019 april;3496;169;3327
1139;Totaal wegvoertuigen;Lpg;2019 mei;3886;158;3728
1140;Totaal wegvoertuigen;Lpg;2019 juni;3578;192;3386
1141;Totaal wegvoertuigen;Lpg;2019 2e kwartaal;10960;519;10441
1142;Totaal wegvoertuigen;Lpg;2019 juli;3399;148;3251
1143;Totaal wegvoertuigen;Lpg;2019 augustus;3267;133;3134
1144;Totaal wegvoertuigen;Lpg;2019 september;3284;77;3207
1145;Totaal wegvoertuigen;Lpg;2019 3e kwartaal;9950;358;9592
1146;Totaal wegvoertuigen;Lpg;2019 oktober;3444;73;3371
1147;Totaal wegvoertuigen;Lpg;2019 november;3293;99;3194
1148;Totaal wegvoertuigen;Lpg;2019 december;3080;67;3013
1149;Totaal wegvoertuigen;Lpg;2019 4e kwartaal;9817;239;9578
1150;Totaal wegvoertuigen;Lpg;2019;41666;1605;40061
1151;Totaal wegvoertuigen;Lpg;2020 januari;3472;100;3372
1152;Totaal wegvoertuigen;Lpg;2020 februari;3245;156;3089
1153;Totaal wegvoertuigen;Lpg;2020 maart;3046;160;2886
1154;Totaal wegvoertuigen;Lpg;2020 1e kwartaal;9763;416;9347
1155;Totaal wegvoertuigen;Lpg;2020 april;2674;142;2532
1156;Totaal wegvoertuigen;Lpg;2020 mei;3431;147;3284
1157;Totaal wegvoertuigen;Lpg;2020 juni;3627;242;3385
1158;Totaal wegvoertuigen;Lpg;2020 2e kwartaal;9732;531;9201
1159;Totaal wegvoertuigen;Lpg;2020 juli;3696;295;3401
1160;Totaal wegvoertuigen;Lpg;2020 augustus;3407;403;3004
1161;Totaal wegvoertuigen;Lpg;2020 september;3596;355;3241
1162;Totaal wegvoertuigen;Lpg;2020 3e kwartaal;10699;1053;9646
1163;Totaal wegvoertuigen;Lpg;2020 oktober;3682;346;3336
1164;Totaal wegvoertuigen;Lpg;2020 november;3142;313;2829
1165;Totaal wegvoertuigen;Lpg;2020 december;3142;295;2847
1166;Totaal wegvoertuigen;Lpg;2020 4e kwartaal;9966;954;9012
1167;Totaal wegvoertuigen;Lpg;2020;40160;2954;37206
1168;Totaal wegvoertuigen;Lpg;2021 januari;3200;233;2967
1169;Totaal wegvoertuigen;Lpg;2021 februari;2873;230;2643
1170;Totaal wegvoertuigen;Lpg;2021 maart;3382;195;3187
1171;Totaal wegvoertuigen;Lpg;2021 1e kwartaal;9455;658;8797
1172;Totaal wegvoertuigen;Lpg;2021 april;3167;246;2921
1173;Totaal wegvoertuigen;Lpg;2021 mei;3256;211;3045
1174;Totaal wegvoertuigen;Lpg;2021 juni;3424;358;3066
1175;Totaal wegvoertuigen;Lpg;2021 2e kwartaal;9847;815;9032
1176;Totaal wegvoertuigen;Lpg;2021 juli;3449;352;3097
1177;Totaal wegvoertuigen;Lpg;2021 augustus;2865;207;2658
1178;Totaal wegvoertuigen;Lpg;2021 september;3214;256;2958
1179;Totaal wegvoertuigen;Lpg;2021 3e kwartaal;9528;815;8713
1180;Totaal wegvoertuigen;Lpg;2021 oktober;3321;330;2991
1181;Totaal wegvoertuigen;Lpg;2021 november;3050;274;2776
1182;Totaal wegvoertuigen;Lpg;2021 december;2875;268;2607
1183;Totaal wegvoertuigen;Lpg;2021 4e kwartaal;9246;872;8374
1184;Totaal wegvoertuigen;Lpg;2021;38076;3160;34916
1185;Totaal wegvoertuigen;Lpg;2022 januari;3297;396;2901
1186;Totaal wegvoertuigen;Lpg;2022 februari;2831;185;2646
1187;Totaal wegvoertuigen;Lpg;2022 maart;3061;195;2866
1188;Totaal wegvoertuigen;Lpg;2022 1e kwartaal;9189;776;8413
1189;Totaal wegvoertuigen;Lpg;2022 april;2536;162;2374
1190;Totaal wegvoertuigen;Lpg;2022 mei;2554;193;2361
1191;Totaal wegvoertuigen;Lpg;2022 juni;3059;413;2646
1192;Totaal wegvoertuigen;Lpg;2022 2e kwartaal;8149;768;7381
1193;Totaal wegvoertuigen;Lpg;2022 juli;2771;195;2576
1194;Totaal wegvoertuigen;Lpg;2022 augustus;2446;167;2279
1195;Totaal wegvoertuigen;Lpg;2022 september;2675;233;2442
1196;Totaal wegvoertuigen;Lpg;2022 3e kwartaal;7892;595;7297
1197;Totaal wegvoertuigen;Lpg;2022 oktober;2751;234;2517
1198;Totaal wegvoertuigen;Lpg;2022 november;2796;402;2394
1199;Totaal wegvoertuigen;Lpg;2022 december;2587;288;2299
1200;Totaal wegvoertuigen;Lpg;2022 4e kwartaal;8134;924;7210
1201;Totaal wegvoertuigen;Lpg;2022;33364;3063;30301
1202;Totaal wegvoertuigen;Lpg;2023 januari;2836;296;2540
1203;Totaal wegvoertuigen;Lpg;2023 februari;2631;229;2402
1204;Totaal wegvoertuigen;Lpg;2023 maart;2921;233;2688
1205;Totaal wegvoertuigen;Lpg;2023 1e kwartaal;8388;758;7630
1206;Totaal wegvoertuigen;Lpg;2023 april;2704;190;2514
1207;Totaal wegvoertuigen;Lpg;2023 mei;2859;242;2617
1208;Totaal wegvoertuigen;Lpg;2023 juni;3118;361;2757
1209;Totaal wegvoertuigen;Lpg;2023 2e kwartaal;8681;793;7888
1210;Totaal wegvoertuigen;Lpg;2023 juli;2992;245;2747
1211;Totaal wegvoertuigen;Lpg;2023 augustus;2766;237;2529
1212;Totaal wegvoertuigen;Lpg;2023 september;3042;295;2747
1213;Totaal wegvoertuigen;Lpg;2023 3e kwartaal;8800;777;8023
1214;Totaal wegvoertuigen;Lpg;2023 oktober;2945;278;2667
1215;Totaal wegvoertuigen;Lpg;2023 november;2886;394;2492
1216;Totaal wegvoertuigen;Lpg;2023 december;2721;387;2334
1217;Totaal wegvoertuigen;Lpg;2023 4e kwartaal;8552;1059;7493
1218;Totaal wegvoertuigen;Lpg;2023;34421;3387;31034
1219;Totaal wegvoertuigen;Lpg;2024 januari;2946;376;2570
1220;Totaal wegvoertuigen;Lpg;2024 februari;2840;377;2463
1221;Totaal wegvoertuigen;Lpg;2024 maart;3156;401;2755
1222;Totaal wegvoertuigen;Lpg;2024 1e kwartaal;8942;1154;7788
1223;Totaal wegvoertuigen;Lpg;2024 april;3000;323;2677
1224;Totaal wegvoertuigen;Lpg;2024 mei;3090;247;2843
1225;Totaal wegvoertuigen;Lpg;2024 juni;3152;365;2787
1226;Totaal wegvoertuigen;Lpg;2024 2e kwartaal;9242;935;8307
1227;Totaal wegvoertuigen;Lpg;2024 juli;2980;259;2721
1228;Totaal wegvoertuigen;Lpg;2024 augustus;2764;265;2499
1229;Totaal wegvoertuigen;Lpg;2024 september;3000;268;2732
1230;Totaal wegvoertuigen;Lpg;2024 3e kwartaal;8744;792;7952
1231;Totaal wegvoertuigen;Lpg;2024 oktober;3108;313;2795
1232;Totaal wegvoertuigen;Lpg;2024 november;3076;303;2773
1233;Totaal wegvoertuigen;Lpg;2024 december;3414;709;2705
1234;Totaal wegvoertuigen;Lpg;2024 4e kwartaal;9598;1325;8273
1235;Totaal wegvoertuigen;Lpg;2024;36526;4206;32320
1236;Totaal wegvoertuigen;Lpg;2025 januari;3048;97;2951
1237;Totaal wegvoertuigen;Lpg;2025 februari;2847;79;2768
1238;Totaal wegvoertuigen;Lpg;2025 maart;3045;168;2877
1239;Totaal wegvoertuigen;Lpg;2025 1e kwartaal;8940;344;8596
1240;Totaal wegvoertuigen;Full elektric (BEV);2007 januari;31;25;6
1241;Totaal wegvoertuigen;Full elektric (BEV);2007 februari;39;35;4
1242;Totaal wegvoertuigen;Full elektric (BEV);2007 maart;123;122;1
1243;Totaal wegvoertuigen;Full elektric (BEV);2007 1e kwartaal;193;182;11
1244;Totaal wegvoertuigen;Full elektric (BEV);2007 april;62;58;4
1245;Totaal wegvoertuigen;Full elektric (BEV);2007 mei;84;82;2
1246;Totaal wegvoertuigen;Full elektric (BEV);2007 juni;112;110;2
1247;Totaal wegvoertuigen;Full elektric (BEV);2007 2e kwartaal;258;250;8
1248;Totaal wegvoertuigen;Full elektric (BEV);2007 juli;124;99;25
1249;Totaal wegvoertuigen;Full elektric (BEV);2007 augustus;96;93;3
1250;Totaal wegvoertuigen;Full elektric (BEV);2007 september;120;119;1
1251;Totaal wegvoertuigen;Full elektric (BEV);2007 3e kwartaal;340;311;29
1252;Totaal wegvoertuigen;Full elektric (BEV);2007 oktober;77;77;0
1253;Totaal wegvoertuigen;Full elektric (BEV);2007 november;170;130;40
1254;Totaal wegvoertuigen;Full elektric (BEV);2007 december;79;36;43
1255;Totaal wegvoertuigen;Full elektric (BEV);2007 4e kwartaal;326;243;83
1256;Totaal wegvoertuigen;Full elektric (BEV);2007;1117;986;131
1257;Totaal wegvoertuigen;Full elektric (BEV);2008 januari;100;61;39
1258;Totaal wegvoertuigen;Full elektric (BEV);2008 februari;111;64;47
1259;Totaal wegvoertuigen;Full elektric (BEV);2008 maart;174;122;52
1260;Totaal wegvoertuigen;Full elektric (BEV);2008 1e kwartaal;385;247;138
1261;Totaal wegvoertuigen;Full elektric (BEV);2008 april;192;123;69
1262;Totaal wegvoertuigen;Full elektric (BEV);2008 mei;287;202;85
1263;Totaal wegvoertuigen;Full elektric (BEV);2008 juni;364;280;84
1264;Totaal wegvoertuigen;Full elektric (BEV);2008 2e kwartaal;843;605;238
1265;Totaal wegvoertuigen;Full elektric (BEV);2008 juli;365;235;130
1266;Totaal wegvoertuigen;Full elektric (BEV);2008 augustus;263;178;85
1267;Totaal wegvoertuigen;Full elektric (BEV);2008 september;298;221;77
1268;Totaal wegvoertuigen;Full elektric (BEV);2008 3e kwartaal;926;634;292
1269;Totaal wegvoertuigen;Full elektric (BEV);2008 oktober;366;298;68
1270;Totaal wegvoertuigen;Full elektric (BEV);2008 november;250;178;72
1271;Totaal wegvoertuigen;Full elektric (BEV);2008 december;202;112;90
1272;Totaal wegvoertuigen;Full elektric (BEV);2008 4e kwartaal;818;588;230
1273;Totaal wegvoertuigen;Full elektric (BEV);2008;2972;2074;898
1274;Totaal wegvoertuigen;Full elektric (BEV);2009 januari;168;99;69
1275;Totaal wegvoertuigen;Full elektric (BEV);2009 februari;246;170;76
1276;Totaal wegvoertuigen;Full elektric (BEV);2009 maart;287;182;105
1277;Totaal wegvoertuigen;Full elektric (BEV);2009 1e kwartaal;701;451;250
1278;Totaal wegvoertuigen;Full elektric (BEV);2009 april;434;285;149
1279;Totaal wegvoertuigen;Full elektric (BEV);2009 mei;433;312;121
1280;Totaal wegvoertuigen;Full elektric (BEV);2009 juni;522;359;163
1281;Totaal wegvoertuigen;Full elektric (BEV);2009 2e kwartaal;1389;956;433
1282;Totaal wegvoertuigen;Full elektric (BEV);2009 juli;575;365;210
1283;Totaal wegvoertuigen;Full elektric (BEV);2009 augustus;515;358;157
1284;Totaal wegvoertuigen;Full elektric (BEV);2009 september;474;322;152
1285;Totaal wegvoertuigen;Full elektric (BEV);2009 3e kwartaal;1564;1045;519
1286;Totaal wegvoertuigen;Full elektric (BEV);2009 oktober;457;339;118
1287;Totaal wegvoertuigen;Full elektric (BEV);2009 november;398;286;112
1288;Totaal wegvoertuigen;Full elektric (BEV);2009 december;287;213;74
1289;Totaal wegvoertuigen;Full elektric (BEV);2009 4e kwartaal;1142;838;304
1290;Totaal wegvoertuigen;Full elektric (BEV);2009;4796;3290;1506
1291;Totaal wegvoertuigen;Full elektric (BEV);2010 januari;248;171;77
1292;Totaal wegvoertuigen;Full elektric (BEV);2010 februari;318;226;92
1293;Totaal wegvoertuigen;Full elektric (BEV);2010 maart;518;337;181
1294;Totaal wegvoertuigen;Full elektric (BEV);2010 1e kwartaal;1084;734;350
1295;Totaal wegvoertuigen;Full elektric (BEV);2010 april;774;585;189
1296;Totaal wegvoertuigen;Full elektric (BEV);2010 mei;663;464;199
1297;Totaal wegvoertuigen;Full elektric (BEV);2010 juni;774;573;201
1298;Totaal wegvoertuigen;Full elektric (BEV);2010 2e kwartaal;2211;1622;589
1299;Totaal wegvoertuigen;Full elektric (BEV);2010 juli;986;740;246
1300;Totaal wegvoertuigen;Full elektric (BEV);2010 augustus;616;382;234
1301;Totaal wegvoertuigen;Full elektric (BEV);2010 september;530;344;186
1302;Totaal wegvoertuigen;Full elektric (BEV);2010 3e kwartaal;2132;1466;666
1303;Totaal wegvoertuigen;Full elektric (BEV);2010 oktober;411;276;135
1304;Totaal wegvoertuigen;Full elektric (BEV);2010 november;402;204;198
1305;Totaal wegvoertuigen;Full elektric (BEV);2010 december;224;98;126
1306;Totaal wegvoertuigen;Full elektric (BEV);2010 4e kwartaal;1037;578;459
1307;Totaal wegvoertuigen;Full elektric (BEV);2010;6464;4400;2064
1308;Totaal wegvoertuigen;Full elektric (BEV);2011 januari;365;200;165
1309;Totaal wegvoertuigen;Full elektric (BEV);2011 februari;427;276;151
1310;Totaal wegvoertuigen;Full elektric (BEV);2011 maart;697;459;238
1311;Totaal wegvoertuigen;Full elektric (BEV);2011 1e kwartaal;1489;935;554
1312;Totaal wegvoertuigen;Full elektric (BEV);2011 april;805;584;221
1313;Totaal wegvoertuigen;Full elektric (BEV);2011 mei;1045;755;290
1314;Totaal wegvoertuigen;Full elektric (BEV);2011 juni;841;542;299
1315;Totaal wegvoertuigen;Full elektric (BEV);2011 2e kwartaal;2691;1881;810
1316;Totaal wegvoertuigen;Full elektric (BEV);2011 juli;826;540;286
1317;Totaal wegvoertuigen;Full elektric (BEV);2011 augustus;814;550;264
1318;Totaal wegvoertuigen;Full elektric (BEV);2011 september;671;446;225
1319;Totaal wegvoertuigen;Full elektric (BEV);2011 3e kwartaal;2311;1536;775
1320;Totaal wegvoertuigen;Full elektric (BEV);2011 oktober;737;499;238
1321;Totaal wegvoertuigen;Full elektric (BEV);2011 november;862;617;245
1322;Totaal wegvoertuigen;Full elektric (BEV);2011 december;476;284;192
1323;Totaal wegvoertuigen;Full elektric (BEV);2011 4e kwartaal;2075;1400;675
1324;Totaal wegvoertuigen;Full elektric (BEV);2011;8566;5752;2814
1325;Totaal wegvoertuigen;Full elektric (BEV);2012 januari;602;401;201
1326;Totaal wegvoertuigen;Full elektric (BEV);2012 februari;480;306;174
1327;Totaal wegvoertuigen;Full elektric (BEV);2012 maart;995;702;293
1328;Totaal wegvoertuigen;Full elektric (BEV);2012 1e kwartaal;2077;1409;668
1329;Totaal wegvoertuigen;Full elektric (BEV);2012 april;905;590;315
1330;Totaal wegvoertuigen;Full elektric (BEV);2012 mei;939;569;370
1331;Totaal wegvoertuigen;Full elektric (BEV);2012 juni;1021;654;367
1332;Totaal wegvoertuigen;Full elektric (BEV);2012 2e kwartaal;2865;1813;1052
1333;Totaal wegvoertuigen;Full elektric (BEV);2012 juli;749;430;319
1334;Totaal wegvoertuigen;Full elektric (BEV);2012 augustus;946;537;409
1335;Totaal wegvoertuigen;Full elektric (BEV);2012 september;704;394;310
1336;Totaal wegvoertuigen;Full elektric (BEV);2012 3e kwartaal;2399;1361;1038
1337;Totaal wegvoertuigen;Full elektric (BEV);2012 oktober;663;389;274
1338;Totaal wegvoertuigen;Full elektric (BEV);2012 november;530;273;257
1339;Totaal wegvoertuigen;Full elektric (BEV);2012 december;497;305;192
1340;Totaal wegvoertuigen;Full elektric (BEV);2012 4e kwartaal;1690;967;723
1341;Totaal wegvoertuigen;Full elektric (BEV);2012;9031;5550;3481
1342;Totaal wegvoertuigen;Full elektric (BEV);2013 januari;457;206;251
1343;Totaal wegvoertuigen;Full elektric (BEV);2013 februari;504;238;266
1344;Totaal wegvoertuigen;Full elektric (BEV);2013 maart;605;345;260
1345;Totaal wegvoertuigen;Full elektric (BEV);2013 1e kwartaal;1566;789;777
1346;Totaal wegvoertuigen;Full elektric (BEV);2013 april;751;408;343
1347;Totaal wegvoertuigen;Full elektric (BEV);2013 mei;844;397;447
1348;Totaal wegvoertuigen;Full elektric (BEV);2013 juni;899;461;438
1349;Totaal wegvoertuigen;Full elektric (BEV);2013 2e kwartaal;2494;1266;1228
1350;Totaal wegvoertuigen;Full elektric (BEV);2013 juli;903;435;468
1351;Totaal wegvoertuigen;Full elektric (BEV);2013 augustus;880;460;420
1352;Totaal wegvoertuigen;Full elektric (BEV);2013 september;967;585;382
1353;Totaal wegvoertuigen;Full elektric (BEV);2013 3e kwartaal;2750;1480;1270
1354;Totaal wegvoertuigen;Full elektric (BEV);2013 oktober;697;364;333
1355;Totaal wegvoertuigen;Full elektric (BEV);2013 november;1123;735;388
1356;Totaal wegvoertuigen;Full elektric (BEV);2013 december;1655;1337;318
1357;Totaal wegvoertuigen;Full elektric (BEV);2013 4e kwartaal;3475;2436;1039
1358;Totaal wegvoertuigen;Full elektric (BEV);2013;10285;5971;4314
1359;Totaal wegvoertuigen;Full elektric (BEV);2014 januari;565;220;345
1360;Totaal wegvoertuigen;Full elektric (BEV);2014 februari;535;222;313
1361;Totaal wegvoertuigen;Full elektric (BEV);2014 maart;1159;698;461
1362;Totaal wegvoertuigen;Full elektric (BEV);2014 1e kwartaal;2259;1140;1119
1363;Totaal wegvoertuigen;Full elektric (BEV);2014 april;1104;633;471
1364;Totaal wegvoertuigen;Full elektric (BEV);2014 mei;1367;841;526
1365;Totaal wegvoertuigen;Full elektric (BEV);2014 juni;1473;873;600
1366;Totaal wegvoertuigen;Full elektric (BEV);2014 2e kwartaal;3944;2347;1597
1367;Totaal wegvoertuigen;Full elektric (BEV);2014 juli;1268;726;542
1368;Totaal wegvoertuigen;Full elektric (BEV);2014 augustus;1206;698;508
1369;Totaal wegvoertuigen;Full elektric (BEV);2014 september;1524;983;541
1370;Totaal wegvoertuigen;Full elektric (BEV);2014 3e kwartaal;3998;2407;1591
1371;Totaal wegvoertuigen;Full elektric (BEV);2014 oktober;1207;691;516
1372;Totaal wegvoertuigen;Full elektric (BEV);2014 november;1064;657;407
1373;Totaal wegvoertuigen;Full elektric (BEV);2014 december;1970;1507;463
1374;Totaal wegvoertuigen;Full elektric (BEV);2014 4e kwartaal;4241;2855;1386
1375;Totaal wegvoertuigen;Full elektric (BEV);2014;14442;8749;5693
1376;Totaal wegvoertuigen;Full elektric (BEV);2015 januari;1202;778;424
1377;Totaal wegvoertuigen;Full elektric (BEV);2015 februari;926;518;408
1378;Totaal wegvoertuigen;Full elektric (BEV);2015 maart;1615;1052;563
1379;Totaal wegvoertuigen;Full elektric (BEV);2015 1e kwartaal;3743;2348;1395
1380;Totaal wegvoertuigen;Full elektric (BEV);2015 april;1362;794;568
1381;Totaal wegvoertuigen;Full elektric (BEV);2015 mei;1332;733;599
1382;Totaal wegvoertuigen;Full elektric (BEV);2015 juni;1669;1006;663
1383;Totaal wegvoertuigen;Full elektric (BEV);2015 2e kwartaal;4363;2533;1830
1384;Totaal wegvoertuigen;Full elektric (BEV);2015 juli;1447;763;684
1385;Totaal wegvoertuigen;Full elektric (BEV);2015 augustus;1245;709;536
1386;Totaal wegvoertuigen;Full elektric (BEV);2015 september;1485;887;598
1387;Totaal wegvoertuigen;Full elektric (BEV);2015 3e kwartaal;4177;2359;1818
1388;Totaal wegvoertuigen;Full elektric (BEV);2015 oktober;1217;699;518
1389;Totaal wegvoertuigen;Full elektric (BEV);2015 november;1009;556;453
1390;Totaal wegvoertuigen;Full elektric (BEV);2015 december;1373;841;532
1391;Totaal wegvoertuigen;Full elektric (BEV);2015 4e kwartaal;3599;2096;1503
1392;Totaal wegvoertuigen;Full elektric (BEV);2015;15882;9336;6546
1393;Totaal wegvoertuigen;Full elektric (BEV);2016 januari;875;486;389
1394;Totaal wegvoertuigen;Full elektric (BEV);2016 februari;1133;693;440
1395;Totaal wegvoertuigen;Full elektric (BEV);2016 maart;1786;1243;543
1396;Totaal wegvoertuigen;Full elektric (BEV);2016 1e kwartaal;3794;2422;1372
1397;Totaal wegvoertuigen;Full elektric (BEV);2016 april;1524;820;704
1398;Totaal wegvoertuigen;Full elektric (BEV);2016 mei;1518;700;818
1399;Totaal wegvoertuigen;Full elektric (BEV);2016 juni;1706;995;711
1400;Totaal wegvoertuigen;Full elektric (BEV);2016 2e kwartaal;4748;2515;2233
1401;Totaal wegvoertuigen;Full elektric (BEV);2016 juli;1248;566;682
1402;Totaal wegvoertuigen;Full elektric (BEV);2016 augustus;1300;680;620
1403;Totaal wegvoertuigen;Full elektric (BEV);2016 september;1793;1070;723
1404;Totaal wegvoertuigen;Full elektric (BEV);2016 3e kwartaal;4341;2316;2025
1405;Totaal wegvoertuigen;Full elektric (BEV);2016 oktober;1305;680;625
1406;Totaal wegvoertuigen;Full elektric (BEV);2016 november;1225;677;548
1407;Totaal wegvoertuigen;Full elektric (BEV);2016 december;1720;1071;649
1408;Totaal wegvoertuigen;Full elektric (BEV);2016 4e kwartaal;4250;2428;1822
1409;Totaal wegvoertuigen;Full elektric (BEV);2016;17133;9681;7452
1410;Totaal wegvoertuigen;Full elektric (BEV);2017 januari;1303;772;531
1411;Totaal wegvoertuigen;Full elektric (BEV);2017 februari;1320;737;583
1412;Totaal wegvoertuigen;Full elektric (BEV);2017 maart;2135;1268;867
1413;Totaal wegvoertuigen;Full elektric (BEV);2017 1e kwartaal;4758;2777;1981
1414;Totaal wegvoertuigen;Full elektric (BEV);2017 april;1584;826;758
1415;Totaal wegvoertuigen;Full elektric (BEV);2017 mei;1995;1118;877
1416;Totaal wegvoertuigen;Full elektric (BEV);2017 juni;2459;1453;1006
1417;Totaal wegvoertuigen;Full elektric (BEV);2017 2e kwartaal;6038;3397;2641
1418;Totaal wegvoertuigen;Full elektric (BEV);2017 juli;2109;1153;956
1419;Totaal wegvoertuigen;Full elektric (BEV);2017 augustus;2053;1197;856
1420;Totaal wegvoertuigen;Full elektric (BEV);2017 september;2569;1613;956
1421;Totaal wegvoertuigen;Full elektric (BEV);2017 3e kwartaal;6731;3963;2768
1422;Totaal wegvoertuigen;Full elektric (BEV);2017 oktober;2026;1202;824
1423;Totaal wegvoertuigen;Full elektric (BEV);2017 november;2435;1579;856
1424;Totaal wegvoertuigen;Full elektric (BEV);2017 december;4059;3219;840
1425;Totaal wegvoertuigen;Full elektric (BEV);2017 4e kwartaal;8520;6000;2520
1426;Totaal wegvoertuigen;Full elektric (BEV);2017;26047;16137;9910
1427;Totaal wegvoertuigen;Full elektric (BEV);2018 januari;3169;2093;1076
1428;Totaal wegvoertuigen;Full elektric (BEV);2018 februari;2561;1381;1180
1429;Totaal wegvoertuigen;Full elektric (BEV);2018 maart;3503;2356;1147
1430;Totaal wegvoertuigen;Full elektric (BEV);2018 1e kwartaal;9233;5830;3403
1431;Totaal wegvoertuigen;Full elektric (BEV);2018 april;2877;1566;1311
1432;Totaal wegvoertuigen;Full elektric (BEV);2018 mei;3302;2011;1291
1433;Totaal wegvoertuigen;Full elektric (BEV);2018 juni;4300;2877;1423
1434;Totaal wegvoertuigen;Full elektric (BEV);2018 2e kwartaal;10479;6454;4025
1435;Totaal wegvoertuigen;Full elektric (BEV);2018 juli;3365;1985;1380
1436;Totaal wegvoertuigen;Full elektric (BEV);2018 augustus;3946;2707;1239
1437;Totaal wegvoertuigen;Full elektric (BEV);2018 september;4841;3604;1237
1438;Totaal wegvoertuigen;Full elektric (BEV);2018 3e kwartaal;12152;8296;3856
1439;Totaal wegvoertuigen;Full elektric (BEV);2018 oktober;3919;2561;1358
1440;Totaal wegvoertuigen;Full elektric (BEV);2018 november;5271;3968;1303
1441;Totaal wegvoertuigen;Full elektric (BEV);2018 december;7999;6669;1330
1442;Totaal wegvoertuigen;Full elektric (BEV);2018 4e kwartaal;17189;13198;3991
1443;Totaal wegvoertuigen;Full elektric (BEV);2018;49053;33778;15275
1444;Totaal wegvoertuigen;Full elektric (BEV);2019 januari;5037;3287;1750
1445;Totaal wegvoertuigen;Full elektric (BEV);2019 februari;4418;2972;1446
1446;Totaal wegvoertuigen;Full elektric (BEV);2019 maart;7219;5393;1826
1447;Totaal wegvoertuigen;Full elektric (BEV);2019 1e kwartaal;16674;11652;5022
1448;Totaal wegvoertuigen;Full elektric (BEV);2019 april;5074;3512;1562
1449;Totaal wegvoertuigen;Full elektric (BEV);2019 mei;6291;3722;2569
1450;Totaal wegvoertuigen;Full elektric (BEV);2019 juni;7221;5580;1641
1451;Totaal wegvoertuigen;Full elektric (BEV);2019 2e kwartaal;18586;12814;5772
1452;Totaal wegvoertuigen;Full elektric (BEV);2019 juli;5544;3719;1825
1453;Totaal wegvoertuigen;Full elektric (BEV);2019 augustus;5986;4206;1780
1454;Totaal wegvoertuigen;Full elektric (BEV);2019 september;10695;8966;1729
1455;Totaal wegvoertuigen;Full elektric (BEV);2019 3e kwartaal;22225;16891;5334
1456;Totaal wegvoertuigen;Full elektric (BEV);2019 oktober;5862;3396;2466
1457;Totaal wegvoertuigen;Full elektric (BEV);2019 november;10466;7993;2473
1458;Totaal wegvoertuigen;Full elektric (BEV);2019 december;26459;23856;2603
1459;Totaal wegvoertuigen;Full elektric (BEV);2019 4e kwartaal;42787;35245;7542
1460;Totaal wegvoertuigen;Full elektric (BEV);2019;100272;76602;23670
1461;Totaal wegvoertuigen;Full elektric (BEV);2020 januari;6881;3500;3381
1462;Totaal wegvoertuigen;Full elektric (BEV);2020 februari;6782;4171;2611
1463;Totaal wegvoertuigen;Full elektric (BEV);2020 maart;7812;5188;2624
1464;Totaal wegvoertuigen;Full elektric (BEV);2020 1e kwartaal;21475;12859;8616
1465;Totaal wegvoertuigen;Full elektric (BEV);2020 april;5459;3168;2291
1466;Totaal wegvoertuigen;Full elektric (BEV);2020 mei;6092;3427;2665
1467;Totaal wegvoertuigen;Full elektric (BEV);2020 juni;9024;5666;3358
1468;Totaal wegvoertuigen;Full elektric (BEV);2020 2e kwartaal;20575;12261;8314
1469;Totaal wegvoertuigen;Full elektric (BEV);2020 juli;10438;6881;3557
1470;Totaal wegvoertuigen;Full elektric (BEV);2020 augustus;9923;6756;3167
1471;Totaal wegvoertuigen;Full elektric (BEV);2020 september;12967;8845;4122
1472;Totaal wegvoertuigen;Full elektric (BEV);2020 3e kwartaal;33328;22482;10846
1473;Totaal wegvoertuigen;Full elektric (BEV);2020 oktober;12915;9247;3668
1474;Totaal wegvoertuigen;Full elektric (BEV);2020 november;14125;10146;3979
1475;Totaal wegvoertuigen;Full elektric (BEV);2020 december;35341;31180;4161
1476;Totaal wegvoertuigen;Full elektric (BEV);2020 4e kwartaal;62381;50573;11808
1477;Totaal wegvoertuigen;Full elektric (BEV);2020;137759;98175;39584
1478;Totaal wegvoertuigen;Full elektric (BEV);2021 januari;8633;3102;5531
1479;Totaal wegvoertuigen;Full elektric (BEV);2021 februari;7325;3348;3977
1480;Totaal wegvoertuigen;Full elektric (BEV);2021 maart;10882;5136;5746
1481;Totaal wegvoertuigen;Full elektric (BEV);2021 1e kwartaal;26840;11586;15254
1482;Totaal wegvoertuigen;Full elektric (BEV);2021 april;10148;5241;4907
1483;Totaal wegvoertuigen;Full elektric (BEV);2021 mei;11834;6788;5046
1484;Totaal wegvoertuigen;Full elektric (BEV);2021 juni;15736;9663;6073
1485;Totaal wegvoertuigen;Full elektric (BEV);2021 2e kwartaal;37718;21692;16026
1486;Totaal wegvoertuigen;Full elektric (BEV);2021 juli;14522;7938;6584
1487;Totaal wegvoertuigen;Full elektric (BEV);2021 augustus;14615;8187;6428
1488;Totaal wegvoertuigen;Full elektric (BEV);2021 september;15143;8058;7085
1489;Totaal wegvoertuigen;Full elektric (BEV);2021 3e kwartaal;44280;24183;20097
1490;Totaal wegvoertuigen;Full elektric (BEV);2021 oktober;14904;8012;6892
1491;Totaal wegvoertuigen;Full elektric (BEV);2021 november;16421;9831;6590
1492;Totaal wegvoertuigen;Full elektric (BEV);2021 december;29509;23046;6463
1493;Totaal wegvoertuigen;Full elektric (BEV);2021 4e kwartaal;60834;40889;19945
1494;Totaal wegvoertuigen;Full elektric (BEV);2021;169672;98350;71322
1495;Totaal wegvoertuigen;Full elektric (BEV);2022 januari;16338;5860;10478
1496;Totaal wegvoertuigen;Full elektric (BEV);2022 februari;12278;5906;6372
1497;Totaal wegvoertuigen;Full elektric (BEV);2022 maart;18662;9522;9140
1498;Totaal wegvoertuigen;Full elektric (BEV);2022 1e kwartaal;47278;21288;25990
1499;Totaal wegvoertuigen;Full elektric (BEV);2022 april;16571;8849;7722
1500;Totaal wegvoertuigen;Full elektric (BEV);2022 mei;15954;9028;6926
1501;Totaal wegvoertuigen;Full elektric (BEV);2022 juni;18977;11201;7776
1502;Totaal wegvoertuigen;Full elektric (BEV);2022 2e kwartaal;51502;29078;22424
1503;Totaal wegvoertuigen;Full elektric (BEV);2022 juli;16504;9185;7319
1504;Totaal wegvoertuigen;Full elektric (BEV);2022 augustus;17508;9214;8294
1505;Totaal wegvoertuigen;Full elektric (BEV);2022 september;15637;9166;6471
1506;Totaal wegvoertuigen;Full elektric (BEV);2022 3e kwartaal;49649;27565;22084
1507;Totaal wegvoertuigen;Full elektric (BEV);2022 oktober;14854;9169;5685
1508;Totaal wegvoertuigen;Full elektric (BEV);2022 november;15395;9752;5643
1509;Totaal wegvoertuigen;Full elektric (BEV);2022 december;22443;16052;6391
1510;Totaal wegvoertuigen;Full elektric (BEV);2022 4e kwartaal;52692;34973;17719
1511;Totaal wegvoertuigen;Full elektric (BEV);2022;201121;112904;88217
1512;Totaal wegvoertuigen;Full elektric (BEV);2023 januari;16487;6983;9504
1513;Totaal wegvoertuigen;Full elektric (BEV);2023 februari;16593;9216;7377
1514;Totaal wegvoertuigen;Full elektric (BEV);2023 maart;24311;15857;8454
1515;Totaal wegvoertuigen;Full elektric (BEV);2023 1e kwartaal;57391;32056;25335
1516;Totaal wegvoertuigen;Full elektric (BEV);2023 april;18281;10619;7662
1517;Totaal wegvoertuigen;Full elektric (BEV);2023 mei;22305;13737;8568
1518;Totaal wegvoertuigen;Full elektric (BEV);2023 juni;27262;17198;10064
1519;Totaal wegvoertuigen;Full elektric (BEV);2023 2e kwartaal;67848;41554;26294
1520;Totaal wegvoertuigen;Full elektric (BEV);2023 juli;27851;10840;17011
1521;Totaal wegvoertuigen;Full elektric (BEV);2023 augustus;22109;11892;10217
1522;Totaal wegvoertuigen;Full elektric (BEV);2023 september;26040;14089;11951
1523;Totaal wegvoertuigen;Full elektric (BEV);2023 3e kwartaal;76000;36821;39179
1524;Totaal wegvoertuigen;Full elektric (BEV);2023 oktober;23240;11133;12107
1525;Totaal wegvoertuigen;Full elektric (BEV);2023 november;23676;11916;11760
1526;Totaal wegvoertuigen;Full elektric (BEV);2023 december;23490;13018;10472
1527;Totaal wegvoertuigen;Full elektric (BEV);2023 4e kwartaal;70406;36067;34339
1528;Totaal wegvoertuigen;Full elektric (BEV);2023;271645;146498;125147
1529;Totaal wegvoertuigen;Full elektric (BEV);2024 januari;24325;10650;13675
1530;Totaal wegvoertuigen;Full elektric (BEV);2024 februari;22060;10283;11777
1531;Totaal wegvoertuigen;Full elektric (BEV);2024 maart;29193;15634;13559
1532;Totaal wegvoertuigen;Full elektric (BEV);2024 1e kwartaal;75578;36567;39011
1533;Totaal wegvoertuigen;Full elektric (BEV);2024 april;25326;11852;13474
1534;Totaal wegvoertuigen;Full elektric (BEV);2024 mei;26607;12417;14190
1535;Totaal wegvoertuigen;Full elektric (BEV);2024 juni;27731;14325;13406
1536;Totaal wegvoertuigen;Full elektric (BEV);2024 2e kwartaal;79664;38594;41070
1537;Totaal wegvoertuigen;Full elektric (BEV);2024 juli;25370;10888;14482
1538;Totaal wegvoertuigen;Full elektric (BEV);2024 augustus;23683;11487;12196
1539;Totaal wegvoertuigen;Full elektric (BEV);2024 september;28820;14647;14173
1540;Totaal wegvoertuigen;Full elektric (BEV);2024 3e kwartaal;77873;37022;40851
1541;Totaal wegvoertuigen;Full elektric (BEV);2024 oktober;30491;13667;16824
1542;Totaal wegvoertuigen;Full elektric (BEV);2024 november;32623;16197;16426
1543;Totaal wegvoertuigen;Full elektric (BEV);2024 december;39594;20276;19318
1544;Totaal wegvoertuigen;Full elektric (BEV);2024 4e kwartaal;102708;50140;52568
1545;Totaal wegvoertuigen;Full elektric (BEV);2024;335823;162323;173500
1546;Totaal wegvoertuigen;Full elektric (BEV);2025 januari;33680;13602;20078
1547;Totaal wegvoertuigen;Full elektric (BEV);2025 februari;29071;12811;16260
1548;Totaal wegvoertuigen;Full elektric (BEV);2025 maart;31118;14455;16663
1549;Totaal wegvoertuigen;Full elektric (BEV);2025 1e kwartaal;93869;40868;53001
1550;Totaal wegvoertuigen;Totaal hybrides;2007 januari;199;97;102
1551;Totaal wegvoertuigen;Totaal hybrides;2007 februari;115;27;88
1552;Totaal wegvoertuigen;Totaal hybrides;2007 maart;366;265;101
1553;Totaal wegvoertuigen;Totaal hybrides;2007 1e kwartaal;680;389;291
1554;Totaal wegvoertuigen;Totaal hybrides;2007 april;405;311;94
1555;Totaal wegvoertuigen;Totaal hybrides;2007 mei;477;371;106
1556;Totaal wegvoertuigen;Totaal hybrides;2007 juni;621;496;125
1557;Totaal wegvoertuigen;Totaal hybrides;2007 2e kwartaal;1503;1178;325
1558;Totaal wegvoertuigen;Totaal hybrides;2007 juli;528;390;138
1559;Totaal wegvoertuigen;Totaal hybrides;2007 augustus;478;369;109
1560;Totaal wegvoertuigen;Totaal hybrides;2007 september;394;286;108
1561;Totaal wegvoertuigen;Totaal hybrides;2007 3e kwartaal;1400;1045;355
1562;Totaal wegvoertuigen;Totaal hybrides;2007 oktober;436;261;175
1563;Totaal wegvoertuigen;Totaal hybrides;2007 november;343;189;154
1564;Totaal wegvoertuigen;Totaal hybrides;2007 december;218;67;151
1565;Totaal wegvoertuigen;Totaal hybrides;2007 4e kwartaal;997;517;480
1566;Totaal wegvoertuigen;Totaal hybrides;2007;4580;3129;1451
1567;Totaal wegvoertuigen;Totaal hybrides;2008 januari;675;482;193
1568;Totaal wegvoertuigen;Totaal hybrides;2008 februari;1228;1043;185
1569;Totaal wegvoertuigen;Totaal hybrides;2008 maart;1275;1062;213
1570;Totaal wegvoertuigen;Totaal hybrides;2008 1e kwartaal;3178;2587;591
1571;Totaal wegvoertuigen;Totaal hybrides;2008 april;1196;993;203
1572;Totaal wegvoertuigen;Totaal hybrides;2008 mei;1229;1011;218
1573;Totaal wegvoertuigen;Totaal hybrides;2008 juni;1603;1352;251
1574;Totaal wegvoertuigen;Totaal hybrides;2008 2e kwartaal;4028;3356;672
1575;Totaal wegvoertuigen;Totaal hybrides;2008 juli;1586;1303;283
1576;Totaal wegvoertuigen;Totaal hybrides;2008 augustus;1694;1433;261
1577;Totaal wegvoertuigen;Totaal hybrides;2008 september;1659;1387;272
1578;Totaal wegvoertuigen;Totaal hybrides;2008 3e kwartaal;4939;4123;816
1579;Totaal wegvoertuigen;Totaal hybrides;2008 oktober;1292;1036;256
1580;Totaal wegvoertuigen;Totaal hybrides;2008 november;956;692;264
1581;Totaal wegvoertuigen;Totaal hybrides;2008 december;293;52;241
1582;Totaal wegvoertuigen;Totaal hybrides;2008 4e kwartaal;2541;1780;761
1583;Totaal wegvoertuigen;Totaal hybrides;2008;14686;11846;2840
1584;Totaal wegvoertuigen;Totaal hybrides;2009 januari;1965;1687;278
1585;Totaal wegvoertuigen;Totaal hybrides;2009 februari;1499;1245;254
1586;Totaal wegvoertuigen;Totaal hybrides;2009 maart;1837;1463;374
1587;Totaal wegvoertuigen;Totaal hybrides;2009 1e kwartaal;5301;4395;906
1588;Totaal wegvoertuigen;Totaal hybrides;2009 april;1719;1396;323
1589;Totaal wegvoertuigen;Totaal hybrides;2009 mei;2055;1680;375
1590;Totaal wegvoertuigen;Totaal hybrides;2009 juni;1597;1190;407
1591;Totaal wegvoertuigen;Totaal hybrides;2009 2e kwartaal;5371;4266;1105
1592;Totaal wegvoertuigen;Totaal hybrides;2009 juli;2046;1503;543
1593;Totaal wegvoertuigen;Totaal hybrides;2009 augustus;2429;1943;486
1594;Totaal wegvoertuigen;Totaal hybrides;2009 september;2406;1871;535
1595;Totaal wegvoertuigen;Totaal hybrides;2009 3e kwartaal;6881;5317;1564
1596;Totaal wegvoertuigen;Totaal hybrides;2009 oktober;2171;1491;680
1597;Totaal wegvoertuigen;Totaal hybrides;2009 november;1394;722;672
1598;Totaal wegvoertuigen;Totaal hybrides;2009 december;743;108;635
1599;Totaal wegvoertuigen;Totaal hybrides;2009 4e kwartaal;4308;2321;1987
1600;Totaal wegvoertuigen;Totaal hybrides;2009;21861;16299;5562
1601;Totaal wegvoertuigen;Totaal hybrides;2010 januari;2826;2249;577
1602;Totaal wegvoertuigen;Totaal hybrides;2010 februari;1814;1231;583
1603;Totaal wegvoertuigen;Totaal hybrides;2010 maart;2310;1620;690
1604;Totaal wegvoertuigen;Totaal hybrides;2010 1e kwartaal;6950;5100;1850
1605;Totaal wegvoertuigen;Totaal hybrides;2010 april;2270;1571;699
1606;Totaal wegvoertuigen;Totaal hybrides;2010 mei;2026;1436;590
1607;Totaal wegvoertuigen;Totaal hybrides;2010 juni;2207;1371;836
1608;Totaal wegvoertuigen;Totaal hybrides;2010 2e kwartaal;6503;4378;2125
1609;Totaal wegvoertuigen;Totaal hybrides;2010 juli;1903;1102;801
1610;Totaal wegvoertuigen;Totaal hybrides;2010 augustus;2237;1465;772
1611;Totaal wegvoertuigen;Totaal hybrides;2010 september;2472;1667;805
1612;Totaal wegvoertuigen;Totaal hybrides;2010 3e kwartaal;6612;4234;2378
1613;Totaal wegvoertuigen;Totaal hybrides;2010 oktober;2312;1313;999
1614;Totaal wegvoertuigen;Totaal hybrides;2010 november;1750;911;839
1615;Totaal wegvoertuigen;Totaal hybrides;2010 december;1223;188;1035
1616;Totaal wegvoertuigen;Totaal hybrides;2010 4e kwartaal;5285;2412;2873
1617;Totaal wegvoertuigen;Totaal hybrides;2010;25350;16124;9226
1618;Totaal wegvoertuigen;Totaal hybrides;2011 januari;2818;1931;887
1619;Totaal wegvoertuigen;Totaal hybrides;2011 februari;2449;1500;949
1620;Totaal wegvoertuigen;Totaal hybrides;2011 maart;3026;1866;1160
1621;Totaal wegvoertuigen;Totaal hybrides;2011 1e kwartaal;8293;5297;2996
1622;Totaal wegvoertuigen;Totaal hybrides;2011 april;2896;1761;1135
1623;Totaal wegvoertuigen;Totaal hybrides;2011 mei;2255;1117;1138
1624;Totaal wegvoertuigen;Totaal hybrides;2011 juni;1918;915;1003
1625;Totaal wegvoertuigen;Totaal hybrides;2011 2e kwartaal;7069;3793;3276
1626;Totaal wegvoertuigen;Totaal hybrides;2011 juli;2107;1011;1096
1627;Totaal wegvoertuigen;Totaal hybrides;2011 augustus;2451;1302;1149
1628;Totaal wegvoertuigen;Totaal hybrides;2011 september;2370;1216;1154
1629;Totaal wegvoertuigen;Totaal hybrides;2011 3e kwartaal;6928;3529;3399
1630;Totaal wegvoertuigen;Totaal hybrides;2011 oktober;1863;769;1094
1631;Totaal wegvoertuigen;Totaal hybrides;2011 november;2218;1007;1211
1632;Totaal wegvoertuigen;Totaal hybrides;2011 december;1898;499;1399
1633;Totaal wegvoertuigen;Totaal hybrides;2011 4e kwartaal;5979;2275;3704
1634;Totaal wegvoertuigen;Totaal hybrides;2011;28269;14894;13375
1635;Totaal wegvoertuigen;Totaal hybrides;2012 januari;3768;2392;1376
1636;Totaal wegvoertuigen;Totaal hybrides;2012 februari;2673;1171;1502
1637;Totaal wegvoertuigen;Totaal hybrides;2012 maart;3620;1980;1640
1638;Totaal wegvoertuigen;Totaal hybrides;2012 1e kwartaal;10061;5543;4518
1639;Totaal wegvoertuigen;Totaal hybrides;2012 april;3355;1608;1747
1640;Totaal wegvoertuigen;Totaal hybrides;2012 mei;3625;2094;1531
1641;Totaal wegvoertuigen;Totaal hybrides;2012 juni;4390;2600;1790
1642;Totaal wegvoertuigen;Totaal hybrides;2012 2e kwartaal;11370;6302;5068
1643;Totaal wegvoertuigen;Totaal hybrides;2012 juli;4557;2132;2425
1644;Totaal wegvoertuigen;Totaal hybrides;2012 augustus;4944;3105;1839
1645;Totaal wegvoertuigen;Totaal hybrides;2012 september;4650;2767;1883
1646;Totaal wegvoertuigen;Totaal hybrides;2012 3e kwartaal;14151;8004;6147
1647;Totaal wegvoertuigen;Totaal hybrides;2012 oktober;4145;2236;1909
1648;Totaal wegvoertuigen;Totaal hybrides;2012 november;4187;2241;1946
1649;Totaal wegvoertuigen;Totaal hybrides;2012 december;2981;1202;1779
1650;Totaal wegvoertuigen;Totaal hybrides;2012 4e kwartaal;11313;5679;5634
1651;Totaal wegvoertuigen;Totaal hybrides;2012;46895;25528;21367
1652;Totaal wegvoertuigen;Totaal hybrides;2013 januari;5046;2843;2203
1653;Totaal wegvoertuigen;Totaal hybrides;2013 februari;4602;1934;2668
1654;Totaal wegvoertuigen;Totaal hybrides;2013 maart;4938;2710;2228
1655;Totaal wegvoertuigen;Totaal hybrides;2013 1e kwartaal;14586;7487;7099
1656;Totaal wegvoertuigen;Totaal hybrides;2013 april;4173;2052;2121
1657;Totaal wegvoertuigen;Totaal hybrides;2013 mei;4384;2091;2293
1658;Totaal wegvoertuigen;Totaal hybrides;2013 juni;4138;1965;2173
1659;Totaal wegvoertuigen;Totaal hybrides;2013 2e kwartaal;12695;6108;6587
1660;Totaal wegvoertuigen;Totaal hybrides;2013 juli;4705;2383;2322
1661;Totaal wegvoertuigen;Totaal hybrides;2013 augustus;4997;2701;2296
1662;Totaal wegvoertuigen;Totaal hybrides;2013 september;4947;2678;2269
1663;Totaal wegvoertuigen;Totaal hybrides;2013 3e kwartaal;14649;7762;6887
1664;Totaal wegvoertuigen;Totaal hybrides;2013 oktober;6962;4269;2693
1665;Totaal wegvoertuigen;Totaal hybrides;2013 november;9408;6687;2721
1666;Totaal wegvoertuigen;Totaal hybrides;2013 december;13852;11018;2834
1667;Totaal wegvoertuigen;Totaal hybrides;2013 4e kwartaal;30222;21974;8248
1668;Totaal wegvoertuigen;Totaal hybrides;2013;72152;43331;28821
1669;Totaal wegvoertuigen;Totaal hybrides;2014 januari;5024;1819;3205
1670;Totaal wegvoertuigen;Totaal hybrides;2014 februari;4962;2224;2738
1671;Totaal wegvoertuigen;Totaal hybrides;2014 maart;5354;2634;2720
1672;Totaal wegvoertuigen;Totaal hybrides;2014 1e kwartaal;15340;6677;8663
1673;Totaal wegvoertuigen;Totaal hybrides;2014 april;5981;3105;2876
1674;Totaal wegvoertuigen;Totaal hybrides;2014 mei;5759;2921;2838
1675;Totaal wegvoertuigen;Totaal hybrides;2014 juni;4978;2258;2720
1676;Totaal wegvoertuigen;Totaal hybrides;2014 2e kwartaal;16718;8284;8434
1677;Totaal wegvoertuigen;Totaal hybrides;2014 juli;4718;1708;3010
1678;Totaal wegvoertuigen;Totaal hybrides;2014 augustus;4264;1753;2511
1679;Totaal wegvoertuigen;Totaal hybrides;2014 september;4775;1617;3158
1680;Totaal wegvoertuigen;Totaal hybrides;2014 3e kwartaal;13757;5078;8679
1681;Totaal wegvoertuigen;Totaal hybrides;2014 oktober;5230;2087;3143
1682;Totaal wegvoertuigen;Totaal hybrides;2014 november;5176;2205;2971
1683;Totaal wegvoertuigen;Totaal hybrides;2014 december;6005;2410;3595
1684;Totaal wegvoertuigen;Totaal hybrides;2014 4e kwartaal;16411;6702;9709
1685;Totaal wegvoertuigen;Totaal hybrides;2014;62226;26741;35485
1686;Totaal wegvoertuigen;Totaal hybrides;2015 januari;6794;3308;3486
1687;Totaal wegvoertuigen;Totaal hybrides;2015 februari;5397;2177;3220
1688;Totaal wegvoertuigen;Totaal hybrides;2015 maart;5041;1727;3314
1689;Totaal wegvoertuigen;Totaal hybrides;2015 1e kwartaal;17232;7212;10020
1690;Totaal wegvoertuigen;Totaal hybrides;2015 april;5172;1805;3367
1691;Totaal wegvoertuigen;Totaal hybrides;2015 mei;5205;2261;2944
1692;Totaal wegvoertuigen;Totaal hybrides;2015 juni;6700;3358;3342
1693;Totaal wegvoertuigen;Totaal hybrides;2015 2e kwartaal;17077;7424;9653
1694;Totaal wegvoertuigen;Totaal hybrides;2015 juli;7083;3493;3590
1695;Totaal wegvoertuigen;Totaal hybrides;2015 augustus;5812;2679;3133
1696;Totaal wegvoertuigen;Totaal hybrides;2015 september;7058;3303;3755
1697;Totaal wegvoertuigen;Totaal hybrides;2015 3e kwartaal;19953;9475;10478
1698;Totaal wegvoertuigen;Totaal hybrides;2015 oktober;9383;5296;4087
1699;Totaal wegvoertuigen;Totaal hybrides;2015 november;10497;6380;4117
1700;Totaal wegvoertuigen;Totaal hybrides;2015 december;25562;20457;5105
1701;Totaal wegvoertuigen;Totaal hybrides;2015 4e kwartaal;45442;32133;13309
1702;Totaal wegvoertuigen;Totaal hybrides;2015;99704;56244;43460
1703;Totaal wegvoertuigen;Totaal hybrides;2016 januari;6786;1052;5734
1704;Totaal wegvoertuigen;Totaal hybrides;2016 februari;6553;801;5752
1705;Totaal wegvoertuigen;Totaal hybrides;2016 maart;7539;1164;6375
1706;Totaal wegvoertuigen;Totaal hybrides;2016 1e kwartaal;20878;3017;17861
1707;Totaal wegvoertuigen;Totaal hybrides;2016 april;6933;1262;5671
1708;Totaal wegvoertuigen;Totaal hybrides;2016 mei;6387;1243;5144
1709;Totaal wegvoertuigen;Totaal hybrides;2016 juni;6797;1307;5490
1710;Totaal wegvoertuigen;Totaal hybrides;2016 2e kwartaal;20117;3812;16305
1711;Totaal wegvoertuigen;Totaal hybrides;2016 juli;6464;1487;4977
1712;Totaal wegvoertuigen;Totaal hybrides;2016 augustus;6235;1602;4633
1713;Totaal wegvoertuigen;Totaal hybrides;2016 september;7302;2304;4998
1714;Totaal wegvoertuigen;Totaal hybrides;2016 3e kwartaal;20001;5393;14608
1715;Totaal wegvoertuigen;Totaal hybrides;2016 oktober;7225;2200;5025
1716;Totaal wegvoertuigen;Totaal hybrides;2016 november;8681;3499;5182
1717;Totaal wegvoertuigen;Totaal hybrides;2016 december;17873;12005;5868
1718;Totaal wegvoertuigen;Totaal hybrides;2016 4e kwartaal;33779;17704;16075
1719;Totaal wegvoertuigen;Totaal hybrides;2016;94775;29926;64849
1720;Totaal wegvoertuigen;Totaal hybrides;2017 januari;9292;2567;6725
1721;Totaal wegvoertuigen;Totaal hybrides;2017 februari;7756;1429;6327
1722;Totaal wegvoertuigen;Totaal hybrides;2017 maart;8178;1460;6718
1723;Totaal wegvoertuigen;Totaal hybrides;2017 1e kwartaal;25226;5456;19770
1724;Totaal wegvoertuigen;Totaal hybrides;2017 april;7009;1248;5761
1725;Totaal wegvoertuigen;Totaal hybrides;2017 mei;8126;1852;6274
1726;Totaal wegvoertuigen;Totaal hybrides;2017 juni;8279;1917;6362
1727;Totaal wegvoertuigen;Totaal hybrides;2017 2e kwartaal;23414;5017;18397
1728;Totaal wegvoertuigen;Totaal hybrides;2017 juli;7928;1742;6186
1729;Totaal wegvoertuigen;Totaal hybrides;2017 augustus;8061;1606;6455
1730;Totaal wegvoertuigen;Totaal hybrides;2017 september;7878;1862;6016
1731;Totaal wegvoertuigen;Totaal hybrides;2017 3e kwartaal;23867;5210;18657
1732;Totaal wegvoertuigen;Totaal hybrides;2017 oktober;8132;1873;6259
1733;Totaal wegvoertuigen;Totaal hybrides;2017 november;8339;1932;6407
1734;Totaal wegvoertuigen;Totaal hybrides;2017 december;7096;1248;5848
1735;Totaal wegvoertuigen;Totaal hybrides;2017 4e kwartaal;23567;5053;18514
1736;Totaal wegvoertuigen;Totaal hybrides;2017;96074;20736;75338
1737;Totaal wegvoertuigen;Totaal hybrides;2018 januari;9741;2635;7106
1738;Totaal wegvoertuigen;Totaal hybrides;2018 februari;8030;1764;6266
1739;Totaal wegvoertuigen;Totaal hybrides;2018 maart;9449;2739;6710
1740;Totaal wegvoertuigen;Totaal hybrides;2018 1e kwartaal;27220;7138;20082
1741;Totaal wegvoertuigen;Totaal hybrides;2018 april;8267;2105;6162
1742;Totaal wegvoertuigen;Totaal hybrides;2018 mei;8931;2484;6447
1743;Totaal wegvoertuigen;Totaal hybrides;2018 juni;9780;2916;6864
1744;Totaal wegvoertuigen;Totaal hybrides;2018 2e kwartaal;26978;7505;19473
1745;Totaal wegvoertuigen;Totaal hybrides;2018 juli;10047;2054;7993
1746;Totaal wegvoertuigen;Totaal hybrides;2018 augustus;8635;2192;6443
1747;Totaal wegvoertuigen;Totaal hybrides;2018 september;8821;2192;6629
1748;Totaal wegvoertuigen;Totaal hybrides;2018 3e kwartaal;27503;6438;21065
1749;Totaal wegvoertuigen;Totaal hybrides;2018 oktober;10088;1854;8234
1750;Totaal wegvoertuigen;Totaal hybrides;2018 november;10485;2030;8455
1751;Totaal wegvoertuigen;Totaal hybrides;2018 december;9897;1214;8683
1752;Totaal wegvoertuigen;Totaal hybrides;2018 4e kwartaal;30470;5098;25372
1753;Totaal wegvoertuigen;Totaal hybrides;2018;112171;26179;85992
1754;Totaal wegvoertuigen;Totaal hybrides;2019 januari;12506;2874;9632
1755;Totaal wegvoertuigen;Totaal hybrides;2019 februari;9538;1899;7639
1756;Totaal wegvoertuigen;Totaal hybrides;2019 maart;11177;3309;7868
1757;Totaal wegvoertuigen;Totaal hybrides;2019 1e kwartaal;33221;8082;25139
1758;Totaal wegvoertuigen;Totaal hybrides;2019 april;9805;2582;7223
1759;Totaal wegvoertuigen;Totaal hybrides;2019 mei;11447;3212;8235
1760;Totaal wegvoertuigen;Totaal hybrides;2019 juni;10325;3282;7043
1761;Totaal wegvoertuigen;Totaal hybrides;2019 2e kwartaal;31577;9076;22501
1762;Totaal wegvoertuigen;Totaal hybrides;2019 juli;10578;2624;7954
1763;Totaal wegvoertuigen;Totaal hybrides;2019 augustus;9857;2778;7079
1764;Totaal wegvoertuigen;Totaal hybrides;2019 september;10555;3039;7516
1765;Totaal wegvoertuigen;Totaal hybrides;2019 3e kwartaal;30990;8441;22549
1766;Totaal wegvoertuigen;Totaal hybrides;2019 oktober;13450;3185;10265
1767;Totaal wegvoertuigen;Totaal hybrides;2019 november;13512;3067;10445
1768;Totaal wegvoertuigen;Totaal hybrides;2019 december;12188;2024;10164
1769;Totaal wegvoertuigen;Totaal hybrides;2019 4e kwartaal;39150;8276;30874
1770;Totaal wegvoertuigen;Totaal hybrides;2019;134938;33875;101063
1771;Totaal wegvoertuigen;Totaal hybrides;2020 januari;18517;5878;12639
1772;Totaal wegvoertuigen;Totaal hybrides;2020 februari;14846;4226;10620
1773;Totaal wegvoertuigen;Totaal hybrides;2020 maart;14346;4803;9543
1774;Totaal wegvoertuigen;Totaal hybrides;2020 1e kwartaal;47709;14907;32802
1775;Totaal wegvoertuigen;Totaal hybrides;2020 april;10264;2638;7626
1776;Totaal wegvoertuigen;Totaal hybrides;2020 mei;12609;2727;9882
1777;Totaal wegvoertuigen;Totaal hybrides;2020 juni;14982;3872;11110
1778;Totaal wegvoertuigen;Totaal hybrides;2020 2e kwartaal;37855;9237;28618
1779;Totaal wegvoertuigen;Totaal hybrides;2020 juli;18538;6159;12379
1780;Totaal wegvoertuigen;Totaal hybrides;2020 augustus;15268;5213;10055
1781;Totaal wegvoertuigen;Totaal hybrides;2020 september;18735;6759;11976
1782;Totaal wegvoertuigen;Totaal hybrides;2020 3e kwartaal;52541;18131;34410
1783;Totaal wegvoertuigen;Totaal hybrides;2020 oktober;20830;7519;13311
1784;Totaal wegvoertuigen;Totaal hybrides;2020 november;21341;7931;13410
1785;Totaal wegvoertuigen;Totaal hybrides;2020 december;20775;5014;15761
1786;Totaal wegvoertuigen;Totaal hybrides;2020 4e kwartaal;62946;20464;42482
1787;Totaal wegvoertuigen;Totaal hybrides;2020;201051;62739;138312
1788;Totaal wegvoertuigen;Totaal hybrides;2021 januari;27090;11852;15238
1789;Totaal wegvoertuigen;Totaal hybrides;2021 februari;19891;7065;12826
1790;Totaal wegvoertuigen;Totaal hybrides;2021 maart;23387;8104;15283
1791;Totaal wegvoertuigen;Totaal hybrides;2021 1e kwartaal;70368;27021;43347
1792;Totaal wegvoertuigen;Totaal hybrides;2021 april;22561;8525;14036
1793;Totaal wegvoertuigen;Totaal hybrides;2021 mei;22214;8434;13780
1794;Totaal wegvoertuigen;Totaal hybrides;2021 juni;24870;10362;14508
1795;Totaal wegvoertuigen;Totaal hybrides;2021 2e kwartaal;69645;27321;42324
1796;Totaal wegvoertuigen;Totaal hybrides;2021 juli;22990;8695;14295
1797;Totaal wegvoertuigen;Totaal hybrides;2021 augustus;19846;7299;12547
1798;Totaal wegvoertuigen;Totaal hybrides;2021 september;22318;8949;13369
1799;Totaal wegvoertuigen;Totaal hybrides;2021 3e kwartaal;65154;24943;40211
1800;Totaal wegvoertuigen;Totaal hybrides;2021 oktober;22345;8121;14224
1801;Totaal wegvoertuigen;Totaal hybrides;2021 november;22934;9152;13782
1802;Totaal wegvoertuigen;Totaal hybrides;2021 december;21353;6498;14855
1803;Totaal wegvoertuigen;Totaal hybrides;2021 4e kwartaal;66632;23771;42861
1804;Totaal wegvoertuigen;Totaal hybrides;2021;271799;103056;168743
1805;Totaal wegvoertuigen;Totaal hybrides;2022 januari;28059;12618;15441
1806;Totaal wegvoertuigen;Totaal hybrides;2022 februari;24034;9148;14886
1807;Totaal wegvoertuigen;Totaal hybrides;2022 maart;25639;9753;15886
1808;Totaal wegvoertuigen;Totaal hybrides;2022 1e kwartaal;77732;31519;46213
1809;Totaal wegvoertuigen;Totaal hybrides;2022 april;24099;8925;15174
1810;Totaal wegvoertuigen;Totaal hybrides;2022 mei;22450;8459;13991
1811;Totaal wegvoertuigen;Totaal hybrides;2022 juni;24537;9475;15062
1812;Totaal wegvoertuigen;Totaal hybrides;2022 2e kwartaal;71086;26859;44227
1813;Totaal wegvoertuigen;Totaal hybrides;2022 juli;22436;7487;14949
1814;Totaal wegvoertuigen;Totaal hybrides;2022 augustus;21600;7887;13713
1815;Totaal wegvoertuigen;Totaal hybrides;2022 september;24278;9644;14634
1816;Totaal wegvoertuigen;Totaal hybrides;2022 3e kwartaal;68314;25018;43296
1817;Totaal wegvoertuigen;Totaal hybrides;2022 oktober;26108;11417;14691
1818;Totaal wegvoertuigen;Totaal hybrides;2022 november;26068;10204;15864
1819;Totaal wegvoertuigen;Totaal hybrides;2022 december;23307;7733;15574
1820;Totaal wegvoertuigen;Totaal hybrides;2022 4e kwartaal;75483;29354;46129
1821;Totaal wegvoertuigen;Totaal hybrides;2022;292615;112750;179865
1822;Totaal wegvoertuigen;Totaal hybrides;2023 januari;28918;11805;17113
1823;Totaal wegvoertuigen;Totaal hybrides;2023 februari;27642;10812;16830
1824;Totaal wegvoertuigen;Totaal hybrides;2023 maart;32381;13044;19337
1825;Totaal wegvoertuigen;Totaal hybrides;2023 1e kwartaal;88941;35661;53280
1826;Totaal wegvoertuigen;Totaal hybrides;2023 april;29111;11126;17985
1827;Totaal wegvoertuigen;Totaal hybrides;2023 mei;30304;11770;18534
1828;Totaal wegvoertuigen;Totaal hybrides;2023 juni;35566;14340;21226
1829;Totaal wegvoertuigen;Totaal hybrides;2023 2e kwartaal;94981;37236;57745
1830;Totaal wegvoertuigen;Totaal hybrides;2023 juli;33097;11627;21470
1831;Totaal wegvoertuigen;Totaal hybrides;2023 augustus;31251;10337;20914
1832;Totaal wegvoertuigen;Totaal hybrides;2023 september;33793;11496;22297
1833;Totaal wegvoertuigen;Totaal hybrides;2023 3e kwartaal;98141;33460;64681
1834;Totaal wegvoertuigen;Totaal hybrides;2023 oktober;35181;11262;23919
1835;Totaal wegvoertuigen;Totaal hybrides;2023 november;36332;10484;25848
1836;Totaal wegvoertuigen;Totaal hybrides;2023 december;35193;9302;25891
1837;Totaal wegvoertuigen;Totaal hybrides;2023 4e kwartaal;106706;31048;75658
1838;Totaal wegvoertuigen;Totaal hybrides;2023;388769;137405;251364
1839;Totaal wegvoertuigen;Totaal hybrides;2024 januari;43262;15119;28143
1840;Totaal wegvoertuigen;Totaal hybrides;2024 februari;41067;13331;27736
1841;Totaal wegvoertuigen;Totaal hybrides;2024 maart;45844;15334;30510
1842;Totaal wegvoertuigen;Totaal hybrides;2024 1e kwartaal;130173;43784;86389
1843;Totaal wegvoertuigen;Totaal hybrides;2024 april;42479;12546;29933
1844;Totaal wegvoertuigen;Totaal hybrides;2024 mei;42052;12232;29820
1845;Totaal wegvoertuigen;Totaal hybrides;2024 juni;46006;15518;30488
1846;Totaal wegvoertuigen;Totaal hybrides;2024 2e kwartaal;130537;40296;90241
1847;Totaal wegvoertuigen;Totaal hybrides;2024 juli;45403;12544;32859
1848;Totaal wegvoertuigen;Totaal hybrides;2024 augustus;41477;12144;29333
1849;Totaal wegvoertuigen;Totaal hybrides;2024 september;42791;12155;30636
1850;Totaal wegvoertuigen;Totaal hybrides;2024 3e kwartaal;129671;36843;92828
1851;Totaal wegvoertuigen;Totaal hybrides;2024 oktober;50853;14465;36388
1852;Totaal wegvoertuigen;Totaal hybrides;2024 november;50183;13865;36318
1853;Totaal wegvoertuigen;Totaal hybrides;2024 december;47357;11879;35478
1854;Totaal wegvoertuigen;Totaal hybrides;2024 4e kwartaal;148393;40209;108184
1855;Totaal wegvoertuigen;Totaal hybrides;2024;538774;161132;377642
1856;Totaal wegvoertuigen;Totaal hybrides;2025 januari;54993;14842;40151
1857;Totaal wegvoertuigen;Totaal hybrides;2025 februari;49809;12428;37381
1858;Totaal wegvoertuigen;Totaal hybrides;2025 maart;55079;15739;39340
1859;Totaal wegvoertuigen;Totaal hybrides;2025 1e kwartaal;159881;43009;116872
1860;Totaal wegvoertuigen;Milde hybride (MEV);2007 januari;0;0;0
1861;Totaal wegvoertuigen;Milde hybride (MEV);2007 februari;0;0;0
1862;Totaal wegvoertuigen;Milde hybride (MEV);2007 maart;0;0;0
1863;Totaal wegvoertuigen;Milde hybride (MEV);2007 1e kwartaal;0;0;0
1864;Totaal wegvoertuigen;Milde hybride (MEV);2007 april;0;0;0
1865;Totaal wegvoertuigen;Milde hybride (MEV);2007 mei;0;0;0
1866;Totaal wegvoertuigen;Milde hybride (MEV);2007 juni;0;0;0
1867;Totaal wegvoertuigen;Milde hybride (MEV);2007 2e kwartaal;0;0;0
1868;Totaal wegvoertuigen;Milde hybride (MEV);2007 juli;0;0;0
1869;Totaal wegvoertuigen;Milde hybride (MEV);2007 augustus;0;0;0
1870;Totaal wegvoertuigen;Milde hybride (MEV);2007 september;0;0;0
1871;Totaal wegvoertuigen;Milde hybride (MEV);2007 3e kwartaal;0;0;0
1872;Totaal wegvoertuigen;Milde hybride (MEV);2007 oktober;0;0;0
1873;Totaal wegvoertuigen;Milde hybride (MEV);2007 november;0;0;0
1874;Totaal wegvoertuigen;Milde hybride (MEV);2007 december;0;0;0
1875;Totaal wegvoertuigen;Milde hybride (MEV);2007 4e kwartaal;0;0;0
1876;Totaal wegvoertuigen;Milde hybride (MEV);2007;0;0;0
1877;Totaal wegvoertuigen;Milde hybride (MEV);2008 januari;0;0;0
1878;Totaal wegvoertuigen;Milde hybride (MEV);2008 februari;0;0;0
1879;Totaal wegvoertuigen;Milde hybride (MEV);2008 maart;0;0;0
1880;Totaal wegvoertuigen;Milde hybride (MEV);2008 1e kwartaal;0;0;0
1881;Totaal wegvoertuigen;Milde hybride (MEV);2008 april;0;0;0
1882;Totaal wegvoertuigen;Milde hybride (MEV);2008 mei;0;0;0
1883;Totaal wegvoertuigen;Milde hybride (MEV);2008 juni;0;0;0
1884;Totaal wegvoertuigen;Milde hybride (MEV);2008 2e kwartaal;0;0;0
1885;Totaal wegvoertuigen;Milde hybride (MEV);2008 juli;0;0;0
1886;Totaal wegvoertuigen;Milde hybride (MEV);2008 augustus;0;0;0
1887;Totaal wegvoertuigen;Milde hybride (MEV);2008 september;0;0;0
1888;Totaal wegvoertuigen;Milde hybride (MEV);2008 3e kwartaal;0;0;0
1889;Totaal wegvoertuigen;Milde hybride (MEV);2008 oktober;0;0;0
1890;Totaal wegvoertuigen;Milde hybride (MEV);2008 november;0;0;0
1891;Totaal wegvoertuigen;Milde hybride (MEV);2008 december;0;0;0
1892;Totaal wegvoertuigen;Milde hybride (MEV);2008 4e kwartaal;0;0;0
1893;Totaal wegvoertuigen;Milde hybride (MEV);2008;0;0;0
1894;Totaal wegvoertuigen;Milde hybride (MEV);2009 januari;0;0;0
1895;Totaal wegvoertuigen;Milde hybride (MEV);2009 februari;0;0;0
1896;Totaal wegvoertuigen;Milde hybride (MEV);2009 maart;0;0;0
1897;Totaal wegvoertuigen;Milde hybride (MEV);2009 1e kwartaal;0;0;0
1898;Totaal wegvoertuigen;Milde hybride (MEV);2009 april;0;0;0
1899;Totaal wegvoertuigen;Milde hybride (MEV);2009 mei;0;0;0
1900;Totaal wegvoertuigen;Milde hybride (MEV);2009 juni;0;0;0
1901;Totaal wegvoertuigen;Milde hybride (MEV);2009 2e kwartaal;0;0;0
1902;Totaal wegvoertuigen;Milde hybride (MEV);2009 juli;0;0;0
1903;Totaal wegvoertuigen;Milde hybride (MEV);2009 augustus;0;0;0
1904;Totaal wegvoertuigen;Milde hybride (MEV);2009 september;0;0;0
1905;Totaal wegvoertuigen;Milde hybride (MEV);2009 3e kwartaal;0;0;0
1906;Totaal wegvoertuigen;Milde hybride (MEV);2009 oktober;0;0;0
1907;Totaal wegvoertuigen;Milde hybride (MEV);2009 november;0;0;0
1908;Totaal wegvoertuigen;Milde hybride (MEV);2009 december;0;0;0
1909;Totaal wegvoertuigen;Milde hybride (MEV);2009 4e kwartaal;0;0;0
1910;Totaal wegvoertuigen;Milde hybride (MEV);2009;0;0;0
1911;Totaal wegvoertuigen;Milde hybride (MEV);2010 januari;0;0;0
1912;Totaal wegvoertuigen;Milde hybride (MEV);2010 februari;0;0;0
1913;Totaal wegvoertuigen;Milde hybride (MEV);2010 maart;0;0;0
1914;Totaal wegvoertuigen;Milde hybride (MEV);2010 1e kwartaal;0;0;0
1915;Totaal wegvoertuigen;Milde hybride (MEV);2010 april;0;0;0
1916;Totaal wegvoertuigen;Milde hybride (MEV);2010 mei;0;0;0
1917;Totaal wegvoertuigen;Milde hybride (MEV);2010 juni;0;0;0
1918;Totaal wegvoertuigen;Milde hybride (MEV);2010 2e kwartaal;0;0;0
1919;Totaal wegvoertuigen;Milde hybride (MEV);2010 juli;0;0;0
1920;Totaal wegvoertuigen;Milde hybride (MEV);2010 augustus;0;0;0
1921;Totaal wegvoertuigen;Milde hybride (MEV);2010 september;0;0;0
1922;Totaal wegvoertuigen;Milde hybride (MEV);2010 3e kwartaal;0;0;0
1923;Totaal wegvoertuigen;Milde hybride (MEV);2010 oktober;0;0;0
1924;Totaal wegvoertuigen;Milde hybride (MEV);2010 november;0;0;0
1925;Totaal wegvoertuigen;Milde hybride (MEV);2010 december;0;0;0
1926;Totaal wegvoertuigen;Milde hybride (MEV);2010 4e kwartaal;0;0;0
1927;Totaal wegvoertuigen;Milde hybride (MEV);2010;0;0;0
1928;Totaal wegvoertuigen;Milde hybride (MEV);2011 januari;0;0;0
1929;Totaal wegvoertuigen;Milde hybride (MEV);2011 februari;0;0;0
1930;Totaal wegvoertuigen;Milde hybride (MEV);2011 maart;0;0;0
1931;Totaal wegvoertuigen;Milde hybride (MEV);2011 1e kwartaal;0;0;0
1932;Totaal wegvoertuigen;Milde hybride (MEV);2011 april;0;0;0
1933;Totaal wegvoertuigen;Milde hybride (MEV);2011 mei;0;0;0
1934;Totaal wegvoertuigen;Milde hybride (MEV);2011 juni;0;0;0
1935;Totaal wegvoertuigen;Milde hybride (MEV);2011 2e kwartaal;0;0;0
1936;Totaal wegvoertuigen;Milde hybride (MEV);2011 juli;0;0;0
1937;Totaal wegvoertuigen;Milde hybride (MEV);2011 augustus;0;0;0
1938;Totaal wegvoertuigen;Milde hybride (MEV);2011 september;0;0;0
1939;Totaal wegvoertuigen;Milde hybride (MEV);2011 3e kwartaal;0;0;0
1940;Totaal wegvoertuigen;Milde hybride (MEV);2011 oktober;0;0;0
1941;Totaal wegvoertuigen;Milde hybride (MEV);2011 november;0;0;0
1942;Totaal wegvoertuigen;Milde hybride (MEV);2011 december;0;0;0
1943;Totaal wegvoertuigen;Milde hybride (MEV);2011 4e kwartaal;0;0;0
1944;Totaal wegvoertuigen;Milde hybride (MEV);2011;0;0;0
1945;Totaal wegvoertuigen;Milde hybride (MEV);2012 januari;0;0;0
1946;Totaal wegvoertuigen;Milde hybride (MEV);2012 februari;0;0;0
1947;Totaal wegvoertuigen;Milde hybride (MEV);2012 maart;0;0;0
1948;Totaal wegvoertuigen;Milde hybride (MEV);2012 1e kwartaal;0;0;0
1949;Totaal wegvoertuigen;Milde hybride (MEV);2012 april;0;0;0
1950;Totaal wegvoertuigen;Milde hybride (MEV);2012 mei;0;0;0
1951;Totaal wegvoertuigen;Milde hybride (MEV);2012 juni;0;0;0
1952;Totaal wegvoertuigen;Milde hybride (MEV);2012 2e kwartaal;0;0;0
1953;Totaal wegvoertuigen;Milde hybride (MEV);2012 juli;0;0;0
1954;Totaal wegvoertuigen;Milde hybride (MEV);2012 augustus;1;1;0
1955;Totaal wegvoertuigen;Milde hybride (MEV);2012 september;1;1;0
1956;Totaal wegvoertuigen;Milde hybride (MEV);2012 3e kwartaal;2;2;0
1957;Totaal wegvoertuigen;Milde hybride (MEV);2012 oktober;0;0;0
1958;Totaal wegvoertuigen;Milde hybride (MEV);2012 november;0;0;0
1959;Totaal wegvoertuigen;Milde hybride (MEV);2012 december;0;0;0
1960;Totaal wegvoertuigen;Milde hybride (MEV);2012 4e kwartaal;0;0;0
1961;Totaal wegvoertuigen;Milde hybride (MEV);2012;2;2;0
1962;Totaal wegvoertuigen;Milde hybride (MEV);2013 januari;0;0;0
1963;Totaal wegvoertuigen;Milde hybride (MEV);2013 februari;1;1;0
1964;Totaal wegvoertuigen;Milde hybride (MEV);2013 maart;0;0;0
1965;Totaal wegvoertuigen;Milde hybride (MEV);2013 1e kwartaal;1;1;0
1966;Totaal wegvoertuigen;Milde hybride (MEV);2013 april;1;1;0
1967;Totaal wegvoertuigen;Milde hybride (MEV);2013 mei;1;0;1
1968;Totaal wegvoertuigen;Milde hybride (MEV);2013 juni;0;0;0
1969;Totaal wegvoertuigen;Milde hybride (MEV);2013 2e kwartaal;2;1;1
1970;Totaal wegvoertuigen;Milde hybride (MEV);2013 juli;0;0;0
1971;Totaal wegvoertuigen;Milde hybride (MEV);2013 augustus;1;0;1
1972;Totaal wegvoertuigen;Milde hybride (MEV);2013 september;0;0;0
1973;Totaal wegvoertuigen;Milde hybride (MEV);2013 3e kwartaal;1;0;1
1974;Totaal wegvoertuigen;Milde hybride (MEV);2013 oktober;0;0;0
1975;Totaal wegvoertuigen;Milde hybride (MEV);2013 november;0;0;0
1976;Totaal wegvoertuigen;Milde hybride (MEV);2013 december;0;0;0
1977;Totaal wegvoertuigen;Milde hybride (MEV);2013 4e kwartaal;0;0;0
1978;Totaal wegvoertuigen;Milde hybride (MEV);2013;4;2;2
1979;Totaal wegvoertuigen;Milde hybride (MEV);2014 januari;0;0;0
1980;Totaal wegvoertuigen;Milde hybride (MEV);2014 februari;1;0;1
1981;Totaal wegvoertuigen;Milde hybride (MEV);2014 maart;1;0;1
1982;Totaal wegvoertuigen;Milde hybride (MEV);2014 1e kwartaal;2;0;2
1983;Totaal wegvoertuigen;Milde hybride (MEV);2014 april;1;0;1
1984;Totaal wegvoertuigen;Milde hybride (MEV);2014 mei;1;0;1
1985;Totaal wegvoertuigen;Milde hybride (MEV);2014 juni;1;0;1
1986;Totaal wegvoertuigen;Milde hybride (MEV);2014 2e kwartaal;3;0;3
1987;Totaal wegvoertuigen;Milde hybride (MEV);2014 juli;1;0;1
1988;Totaal wegvoertuigen;Milde hybride (MEV);2014 augustus;1;0;1
1989;Totaal wegvoertuigen;Milde hybride (MEV);2014 september;0;0;0
1990;Totaal wegvoertuigen;Milde hybride (MEV);2014 3e kwartaal;2;0;2
1991;Totaal wegvoertuigen;Milde hybride (MEV);2014 oktober;0;0;0
1992;Totaal wegvoertuigen;Milde hybride (MEV);2014 november;0;0;0
1993;Totaal wegvoertuigen;Milde hybride (MEV);2014 december;5;5;0
1994;Totaal wegvoertuigen;Milde hybride (MEV);2014 4e kwartaal;5;5;0
1995;Totaal wegvoertuigen;Milde hybride (MEV);2014;12;5;7
1996;Totaal wegvoertuigen;Milde hybride (MEV);2015 januari;52;51;1
1997;Totaal wegvoertuigen;Milde hybride (MEV);2015 februari;39;39;0
1998;Totaal wegvoertuigen;Milde hybride (MEV);2015 maart;66;66;0
1999;Totaal wegvoertuigen;Milde hybride (MEV);2015 1e kwartaal;157;156;1
2000;Totaal wegvoertuigen;Milde hybride (MEV);2015 april;70;69;1
2001;Totaal wegvoertuigen;Milde hybride (MEV);2015 mei;77;77;0
2002;Totaal wegvoertuigen;Milde hybride (MEV);2015 juni;135;135;0
2003;Totaal wegvoertuigen;Milde hybride (MEV);2015 2e kwartaal;282;281;1
2004;Totaal wegvoertuigen;Milde hybride (MEV);2015 juli;103;101;2
2005;Totaal wegvoertuigen;Milde hybride (MEV);2015 augustus;61;57;4
2006;Totaal wegvoertuigen;Milde hybride (MEV);2015 september;77;74;3
2007;Totaal wegvoertuigen;Milde hybride (MEV);2015 3e kwartaal;241;232;9
2008;Totaal wegvoertuigen;Milde hybride (MEV);2015 oktober;75;71;4
2009;Totaal wegvoertuigen;Milde hybride (MEV);2015 november;100;97;3
2010;Totaal wegvoertuigen;Milde hybride (MEV);2015 december;123;118;5
2011;Totaal wegvoertuigen;Milde hybride (MEV);2015 4e kwartaal;298;286;12
2012;Totaal wegvoertuigen;Milde hybride (MEV);2015;978;955;23
2013;Totaal wegvoertuigen;Milde hybride (MEV);2016 januari;58;55;3
2014;Totaal wegvoertuigen;Milde hybride (MEV);2016 februari;59;44;15
2015;Totaal wegvoertuigen;Milde hybride (MEV);2016 maart;34;14;20
2016;Totaal wegvoertuigen;Milde hybride (MEV);2016 1e kwartaal;151;113;38
2017;Totaal wegvoertuigen;Milde hybride (MEV);2016 april;24;4;20
2018;Totaal wegvoertuigen;Milde hybride (MEV);2016 mei;16;10;6
2019;Totaal wegvoertuigen;Milde hybride (MEV);2016 juni;28;5;23
2020;Totaal wegvoertuigen;Milde hybride (MEV);2016 2e kwartaal;68;19;49
2021;Totaal wegvoertuigen;Milde hybride (MEV);2016 juli;22;6;16
2022;Totaal wegvoertuigen;Milde hybride (MEV);2016 augustus;28;7;21
2023;Totaal wegvoertuigen;Milde hybride (MEV);2016 september;52;29;23
2024;Totaal wegvoertuigen;Milde hybride (MEV);2016 3e kwartaal;102;42;60
2025;Totaal wegvoertuigen;Milde hybride (MEV);2016 oktober;37;18;19
2026;Totaal wegvoertuigen;Milde hybride (MEV);2016 november;65;32;33
2027;Totaal wegvoertuigen;Milde hybride (MEV);2016 december;83;56;27
2028;Totaal wegvoertuigen;Milde hybride (MEV);2016 4e kwartaal;185;106;79
2029;Totaal wegvoertuigen;Milde hybride (MEV);2016;506;280;226
2030;Totaal wegvoertuigen;Milde hybride (MEV);2017 januari;275;255;20
2031;Totaal wegvoertuigen;Milde hybride (MEV);2017 februari;135;98;37
2032;Totaal wegvoertuigen;Milde hybride (MEV);2017 maart;135;114;21
2033;Totaal wegvoertuigen;Milde hybride (MEV);2017 1e kwartaal;545;467;78
2034;Totaal wegvoertuigen;Milde hybride (MEV);2017 april;200;169;31
2035;Totaal wegvoertuigen;Milde hybride (MEV);2017 mei;212;191;21
2036;Totaal wegvoertuigen;Milde hybride (MEV);2017 juni;165;129;36
2037;Totaal wegvoertuigen;Milde hybride (MEV);2017 2e kwartaal;577;489;88
2038;Totaal wegvoertuigen;Milde hybride (MEV);2017 juli;152;117;35
2039;Totaal wegvoertuigen;Milde hybride (MEV);2017 augustus;143;108;35
2040;Totaal wegvoertuigen;Milde hybride (MEV);2017 september;213;177;36
2041;Totaal wegvoertuigen;Milde hybride (MEV);2017 3e kwartaal;508;402;106
2042;Totaal wegvoertuigen;Milde hybride (MEV);2017 oktober;280;245;35
2043;Totaal wegvoertuigen;Milde hybride (MEV);2017 november;203;152;51
2044;Totaal wegvoertuigen;Milde hybride (MEV);2017 december;105;61;44
2045;Totaal wegvoertuigen;Milde hybride (MEV);2017 4e kwartaal;588;458;130
2046;Totaal wegvoertuigen;Milde hybride (MEV);2017;2218;1816;402
2047;Totaal wegvoertuigen;Milde hybride (MEV);2018 januari;453;393;60
2048;Totaal wegvoertuigen;Milde hybride (MEV);2018 februari;255;196;59
2049;Totaal wegvoertuigen;Milde hybride (MEV);2018 maart;340;271;69
2050;Totaal wegvoertuigen;Milde hybride (MEV);2018 1e kwartaal;1048;860;188
2051;Totaal wegvoertuigen;Milde hybride (MEV);2018 april;269;201;68
2052;Totaal wegvoertuigen;Milde hybride (MEV);2018 mei;211;142;69
2053;Totaal wegvoertuigen;Milde hybride (MEV);2018 juni;280;180;100
2054;Totaal wegvoertuigen;Milde hybride (MEV);2018 2e kwartaal;760;523;237
2055;Totaal wegvoertuigen;Milde hybride (MEV);2018 juli;313;192;121
2056;Totaal wegvoertuigen;Milde hybride (MEV);2018 augustus;457;296;161
2057;Totaal wegvoertuigen;Milde hybride (MEV);2018 september;226;110;116
2058;Totaal wegvoertuigen;Milde hybride (MEV);2018 3e kwartaal;996;598;398
2059;Totaal wegvoertuigen;Milde hybride (MEV);2018 oktober;289;119;170
2060;Totaal wegvoertuigen;Milde hybride (MEV);2018 november;291;117;174
2061;Totaal wegvoertuigen;Milde hybride (MEV);2018 december;230;48;182
2062;Totaal wegvoertuigen;Milde hybride (MEV);2018 4e kwartaal;810;284;526
2063;Totaal wegvoertuigen;Milde hybride (MEV);2018;3614;2265;1349
2064;Totaal wegvoertuigen;Milde hybride (MEV);2019 januari;661;495;166
2065;Totaal wegvoertuigen;Milde hybride (MEV);2019 februari;507;337;170
2066;Totaal wegvoertuigen;Milde hybride (MEV);2019 maart;637;444;193
2067;Totaal wegvoertuigen;Milde hybride (MEV);2019 1e kwartaal;1805;1276;529
2068;Totaal wegvoertuigen;Milde hybride (MEV);2019 april;595;406;189
2069;Totaal wegvoertuigen;Milde hybride (MEV);2019 mei;732;504;228
2070;Totaal wegvoertuigen;Milde hybride (MEV);2019 juni;827;593;234
2071;Totaal wegvoertuigen;Milde hybride (MEV);2019 2e kwartaal;2154;1503;651
2072;Totaal wegvoertuigen;Milde hybride (MEV);2019 juli;913;620;293
2073;Totaal wegvoertuigen;Milde hybride (MEV);2019 augustus;930;669;261
2074;Totaal wegvoertuigen;Milde hybride (MEV);2019 september;618;335;283
2075;Totaal wegvoertuigen;Milde hybride (MEV);2019 3e kwartaal;2461;1624;837
2076;Totaal wegvoertuigen;Milde hybride (MEV);2019 oktober;965;512;453
2077;Totaal wegvoertuigen;Milde hybride (MEV);2019 november;1053;539;514
2078;Totaal wegvoertuigen;Milde hybride (MEV);2019 december;670;189;481
2079;Totaal wegvoertuigen;Milde hybride (MEV);2019 4e kwartaal;2688;1240;1448
2080;Totaal wegvoertuigen;Milde hybride (MEV);2019;9108;5643;3465
2081;Totaal wegvoertuigen;Milde hybride (MEV);2020 januari;2168;1663;505
2082;Totaal wegvoertuigen;Milde hybride (MEV);2020 februari;1587;1070;517
2083;Totaal wegvoertuigen;Milde hybride (MEV);2020 maart;1862;1328;534
2084;Totaal wegvoertuigen;Milde hybride (MEV);2020 1e kwartaal;5617;4061;1556
2085;Totaal wegvoertuigen;Milde hybride (MEV);2020 april;1297;862;435
2086;Totaal wegvoertuigen;Milde hybride (MEV);2020 mei;1512;932;580
2087;Totaal wegvoertuigen;Milde hybride (MEV);2020 juni;2093;1467;626
2088;Totaal wegvoertuigen;Milde hybride (MEV);2020 2e kwartaal;4902;3261;1641
2089;Totaal wegvoertuigen;Milde hybride (MEV);2020 juli;3459;2673;786
2090;Totaal wegvoertuigen;Milde hybride (MEV);2020 augustus;2444;1776;668
2091;Totaal wegvoertuigen;Milde hybride (MEV);2020 september;3696;2892;804
2092;Totaal wegvoertuigen;Milde hybride (MEV);2020 3e kwartaal;9599;7341;2258
2093;Totaal wegvoertuigen;Milde hybride (MEV);2020 oktober;4247;3145;1102
2094;Totaal wegvoertuigen;Milde hybride (MEV);2020 november;4597;3583;1014
2095;Totaal wegvoertuigen;Milde hybride (MEV);2020 december;2671;1499;1172
2096;Totaal wegvoertuigen;Milde hybride (MEV);2020 4e kwartaal;11515;8227;3288
2097;Totaal wegvoertuigen;Milde hybride (MEV);2020;31633;22890;8743
2098;Totaal wegvoertuigen;Milde hybride (MEV);2021 januari;6951;5864;1087
2099;Totaal wegvoertuigen;Milde hybride (MEV);2021 februari;4915;3686;1229
2100;Totaal wegvoertuigen;Milde hybride (MEV);2021 maart;5282;3481;1801
2101;Totaal wegvoertuigen;Milde hybride (MEV);2021 1e kwartaal;17148;13031;4117
2102;Totaal wegvoertuigen;Milde hybride (MEV);2021 april;5543;3628;1915
2103;Totaal wegvoertuigen;Milde hybride (MEV);2021 mei;5448;3596;1852
2104;Totaal wegvoertuigen;Milde hybride (MEV);2021 juni;6735;4578;2157
2105;Totaal wegvoertuigen;Milde hybride (MEV);2021 2e kwartaal;17726;11802;5924
2106;Totaal wegvoertuigen;Milde hybride (MEV);2021 juli;5650;3469;2181
2107;Totaal wegvoertuigen;Milde hybride (MEV);2021 augustus;5051;2817;2234
2108;Totaal wegvoertuigen;Milde hybride (MEV);2021 september;6167;3714;2453
2109;Totaal wegvoertuigen;Milde hybride (MEV);2021 3e kwartaal;16868;10000;6868
2110;Totaal wegvoertuigen;Milde hybride (MEV);2021 oktober;5840;3209;2631
2111;Totaal wegvoertuigen;Milde hybride (MEV);2021 november;6074;3482;2592
2112;Totaal wegvoertuigen;Milde hybride (MEV);2021 december;5324;2345;2979
2113;Totaal wegvoertuigen;Milde hybride (MEV);2021 4e kwartaal;17238;9036;8202
2114;Totaal wegvoertuigen;Milde hybride (MEV);2021;68980;43869;25111
2115;Totaal wegvoertuigen;Milde hybride (MEV);2022 januari;8240;5152;3088
2116;Totaal wegvoertuigen;Milde hybride (MEV);2022 februari;6758;3764;2994
2117;Totaal wegvoertuigen;Milde hybride (MEV);2022 maart;6978;3785;3193
2118;Totaal wegvoertuigen;Milde hybride (MEV);2022 1e kwartaal;21976;12701;9275
2119;Totaal wegvoertuigen;Milde hybride (MEV);2022 april;6389;3138;3251
2120;Totaal wegvoertuigen;Milde hybride (MEV);2022 mei;6070;3147;2923
2121;Totaal wegvoertuigen;Milde hybride (MEV);2022 juni;6857;3579;3278
2122;Totaal wegvoertuigen;Milde hybride (MEV);2022 2e kwartaal;19316;9864;9452
2123;Totaal wegvoertuigen;Milde hybride (MEV);2022 juli;6239;2997;3242
2124;Totaal wegvoertuigen;Milde hybride (MEV);2022 augustus;6395;3194;3201
2125;Totaal wegvoertuigen;Milde hybride (MEV);2022 september;7261;3743;3518
2126;Totaal wegvoertuigen;Milde hybride (MEV);2022 3e kwartaal;19895;9934;9961
2127;Totaal wegvoertuigen;Milde hybride (MEV);2022 oktober;7602;3935;3667
2128;Totaal wegvoertuigen;Milde hybride (MEV);2022 november;7882;3762;4120
2129;Totaal wegvoertuigen;Milde hybride (MEV);2022 december;6724;2674;4050
2130;Totaal wegvoertuigen;Milde hybride (MEV);2022 4e kwartaal;22208;10371;11837
2131;Totaal wegvoertuigen;Milde hybride (MEV);2022;83395;42870;40525
2132;Totaal wegvoertuigen;Milde hybride (MEV);2023 januari;8970;4406;4564
2133;Totaal wegvoertuigen;Milde hybride (MEV);2023 februari;8152;3801;4351
2134;Totaal wegvoertuigen;Milde hybride (MEV);2023 maart;9347;4302;5045
2135;Totaal wegvoertuigen;Milde hybride (MEV);2023 1e kwartaal;26469;12509;13960
2136;Totaal wegvoertuigen;Milde hybride (MEV);2023 april;8747;3963;4784
2137;Totaal wegvoertuigen;Milde hybride (MEV);2023 mei;8965;4280;4685
2138;Totaal wegvoertuigen;Milde hybride (MEV);2023 juni;10793;5321;5472
2139;Totaal wegvoertuigen;Milde hybride (MEV);2023 2e kwartaal;28505;13564;14941
2140;Totaal wegvoertuigen;Milde hybride (MEV);2023 juli;9295;3995;5300
2141;Totaal wegvoertuigen;Milde hybride (MEV);2023 augustus;8781;3640;5141
2142;Totaal wegvoertuigen;Milde hybride (MEV);2023 september;9701;4345;5356
2143;Totaal wegvoertuigen;Milde hybride (MEV);2023 3e kwartaal;27777;11980;15797
2144;Totaal wegvoertuigen;Milde hybride (MEV);2023 oktober;10641;4399;6242
2145;Totaal wegvoertuigen;Milde hybride (MEV);2023 november;10354;3793;6561
2146;Totaal wegvoertuigen;Milde hybride (MEV);2023 december;10384;3638;6746
2147;Totaal wegvoertuigen;Milde hybride (MEV);2023 4e kwartaal;31379;11830;19549
2148;Totaal wegvoertuigen;Milde hybride (MEV);2023;114130;49883;64247
2149;Totaal wegvoertuigen;Milde hybride (MEV);2024 januari;12674;5243;7431
2150;Totaal wegvoertuigen;Milde hybride (MEV);2024 februari;12017;4879;7138
2151;Totaal wegvoertuigen;Milde hybride (MEV);2024 maart;13256;5457;7799
2152;Totaal wegvoertuigen;Milde hybride (MEV);2024 1e kwartaal;37947;15579;22368
2153;Totaal wegvoertuigen;Milde hybride (MEV);2024 april;11840;4315;7525
2154;Totaal wegvoertuigen;Milde hybride (MEV);2024 mei;11646;4314;7332
2155;Totaal wegvoertuigen;Milde hybride (MEV);2024 juni;12842;5481;7361
2156;Totaal wegvoertuigen;Milde hybride (MEV);2024 2e kwartaal;36328;14110;22218
2157;Totaal wegvoertuigen;Milde hybride (MEV);2024 juli;12325;4195;8130
2158;Totaal wegvoertuigen;Milde hybride (MEV);2024 augustus;11647;4431;7216
2159;Totaal wegvoertuigen;Milde hybride (MEV);2024 september;12210;4466;7744
2160;Totaal wegvoertuigen;Milde hybride (MEV);2024 3e kwartaal;36182;13092;23090
2161;Totaal wegvoertuigen;Milde hybride (MEV);2024 oktober;14099;4824;9275
2162;Totaal wegvoertuigen;Milde hybride (MEV);2024 november;13020;3918;9102
2163;Totaal wegvoertuigen;Milde hybride (MEV);2024 december;12698;3650;9048
2164;Totaal wegvoertuigen;Milde hybride (MEV);2024 4e kwartaal;39817;12392;27425
2165;Totaal wegvoertuigen;Milde hybride (MEV);2024;150274;55173;95101
2166;Totaal wegvoertuigen;Milde hybride (MEV);2025 januari;15611;5412;10199
2167;Totaal wegvoertuigen;Milde hybride (MEV);2025 februari;14051;4400;9651
2168;Totaal wegvoertuigen;Milde hybride (MEV);2025 maart;15123;4752;10371
2169;Totaal wegvoertuigen;Milde hybride (MEV);2025 1e kwartaal;44785;14564;30221
2170;Totaal wegvoertuigen;Hybrid Electric Vehicle (HEV);2007 januari;198;96;102
2171;Totaal wegvoertuigen;Hybrid Electric Vehicle (HEV);2007 februari;114;26;88
2172;Totaal wegvoertuigen;Hybrid Electric Vehicle (HEV);2007 maart;364;265;99
2173;Totaal wegvoertuigen;Hybrid Electric Vehicle (HEV);2007 1e kwartaal;676;387;289
2174;Totaal wegvoertuigen;Hybrid Electric Vehicle (HEV);2007 april;404;311;93
2175;Totaal wegvoertuigen;Hybrid Electric Vehicle (HEV);2007 mei;477;371;106
2176;Totaal wegvoertuigen;Hybrid Electric Vehicle (HEV);2007 juni;619;495;124
2177;Totaal wegvoertuigen;Hybrid Electric Vehicle (HEV);2007 2e kwartaal;1500;1177;323
2178;Totaal wegvoertuigen;Hybrid Electric Vehicle (HEV);2007 juli;526;390;136
2179;Totaal wegvoertuigen;Hybrid Electric Vehicle (HEV);2007 augustus;474;369;105
2180;Totaal wegvoertuigen;Hybrid Electric Vehicle (HEV);2007 september;394;286;108
2181;Totaal wegvoertuigen;Hybrid Electric Vehicle (HEV);2007 3e kwartaal;1394;1045;349
2182;Totaal wegvoertuigen;Hybrid Electric Vehicle (HEV);2007 oktober;433;260;173
2183;Totaal wegvoertuigen;Hybrid Electric Vehicle (HEV);2007 november;338;188;150
2184;Totaal wegvoertuigen;Hybrid Electric Vehicle (HEV);2007 december;216;67;149
2185;Totaal wegvoertuigen;Hybrid Electric Vehicle (HEV);2007 4e kwartaal;987;515;472
2186;Totaal wegvoertuigen;Hybrid Electric Vehicle (HEV);2007;4557;3124;1433
2187;Totaal wegvoertuigen;Hybrid Electric Vehicle (HEV);2008 januari;671;481;190
2188;Totaal wegvoertuigen;Hybrid Electric Vehicle (HEV);2008 februari;1224;1040;184
2189;Totaal wegvoertuigen;Hybrid Electric Vehicle (HEV);2008 maart;1268;1057;211
2190;Totaal wegvoertuigen;Hybrid Electric Vehicle (HEV);2008 1e kwartaal;3163;2578;585
2191;Totaal wegvoertuigen;Hybrid Electric Vehicle (HEV);2008 april;1191;988;203
2192;Totaal wegvoertuigen;Hybrid Electric Vehicle (HEV);2008 mei;1223;1007;216
2193;Totaal wegvoertuigen;Hybrid Electric Vehicle (HEV);2008 juni;1596;1350;246
2194;Totaal wegvoertuigen;Hybrid Electric Vehicle (HEV);2008 2e kwartaal;4010;3345;665
2195;Totaal wegvoertuigen;Hybrid Electric Vehicle (HEV);2008 juli;1581;1300;281
2196;Totaal wegvoertuigen;Hybrid Electric Vehicle (HEV);2008 augustus;1688;1431;257
2197;Totaal wegvoertuigen;Hybrid Electric Vehicle (HEV);2008 september;1653;1385;268
2198;Totaal wegvoertuigen;Hybrid Electric Vehicle (HEV);2008 3e kwartaal;4922;4116;806
2199;Totaal wegvoertuigen;Hybrid Electric Vehicle (HEV);2008 oktober;1287;1036;251
2200;Totaal wegvoertuigen;Hybrid Electric Vehicle (HEV);2008 november;944;685;259
2201;Totaal wegvoertuigen;Hybrid Electric Vehicle (HEV);2008 december;289;51;238
2202;Totaal wegvoertuigen;Hybrid Electric Vehicle (HEV);2008 4e kwartaal;2520;1772;748
2203;Totaal wegvoertuigen;Hybrid Electric Vehicle (HEV);2008;14615;11811;2804
2204;Totaal wegvoertuigen;Hybrid Electric Vehicle (HEV);2009 januari;1948;1684;264
2205;Totaal wegvoertuigen;Hybrid Electric Vehicle (HEV);2009 februari;1493;1243;250
2206;Totaal wegvoertuigen;Hybrid Electric Vehicle (HEV);2009 maart;1829;1463;366
2207;Totaal wegvoertuigen;Hybrid Electric Vehicle (HEV);2009 1e kwartaal;5270;4390;880
2208;Totaal wegvoertuigen;Hybrid Electric Vehicle (HEV);2009 april;1711;1394;317
2209;Totaal wegvoertuigen;Hybrid Electric Vehicle (HEV);2009 mei;2049;1679;370
2210;Totaal wegvoertuigen;Hybrid Electric Vehicle (HEV);2009 juni;1597;1190;407
2211;Totaal wegvoertuigen;Hybrid Electric Vehicle (HEV);2009 2e kwartaal;5357;4263;1094
2212;Totaal wegvoertuigen;Hybrid Electric Vehicle (HEV);2009 juli;2034;1501;533
2213;Totaal wegvoertuigen;Hybrid Electric Vehicle (HEV);2009 augustus;2419;1943;476
2214;Totaal wegvoertuigen;Hybrid Electric Vehicle (HEV);2009 september;2387;1866;521
2215;Totaal wegvoertuigen;Hybrid Electric Vehicle (HEV);2009 3e kwartaal;6840;5310;1530
2216;Totaal wegvoertuigen;Hybrid Electric Vehicle (HEV);2009 oktober;2162;1490;672
2217;Totaal wegvoertuigen;Hybrid Electric Vehicle (HEV);2009 november;1389;722;667
2218;Totaal wegvoertuigen;Hybrid Electric Vehicle (HEV);2009 december;737;108;629
2219;Totaal wegvoertuigen;Hybrid Electric Vehicle (HEV);2009 4e kwartaal;4288;2320;1968
2220;Totaal wegvoertuigen;Hybrid Electric Vehicle (HEV);2009;21755;16283;5472
2221;Totaal wegvoertuigen;Hybrid Electric Vehicle (HEV);2010 januari;2817;2247;570
2222;Totaal wegvoertuigen;Hybrid Electric Vehicle (HEV);2010 februari;1806;1230;576
2223;Totaal wegvoertuigen;Hybrid Electric Vehicle (HEV);2010 maart;2301;1620;681
2224;Totaal wegvoertuigen;Hybrid Electric Vehicle (HEV);2010 1e kwartaal;6924;5097;1827
2225;Totaal wegvoertuigen;Hybrid Electric Vehicle (HEV);2010 april;2265;1570;695
2226;Totaal wegvoertuigen;Hybrid Electric Vehicle (HEV);2010 mei;2017;1433;584
2227;Totaal wegvoertuigen;Hybrid Electric Vehicle (HEV);2010 juni;2195;1368;827
2228;Totaal wegvoertuigen;Hybrid Electric Vehicle (HEV);2010 2e kwartaal;6477;4371;2106
2229;Totaal wegvoertuigen;Hybrid Electric Vehicle (HEV);2010 juli;1864;1082;782
2230;Totaal wegvoertuigen;Hybrid Electric Vehicle (HEV);2010 augustus;2229;1461;768
2231;Totaal wegvoertuigen;Hybrid Electric Vehicle (HEV);2010 september;2452;1660;792
2232;Totaal wegvoertuigen;Hybrid Electric Vehicle (HEV);2010 3e kwartaal;6545;4203;2342
2233;Totaal wegvoertuigen;Hybrid Electric Vehicle (HEV);2010 oktober;2295;1311;984
2234;Totaal wegvoertuigen;Hybrid Electric Vehicle (HEV);2010 november;1737;905;832
2235;Totaal wegvoertuigen;Hybrid Electric Vehicle (HEV);2010 december;1215;187;1028
2236;Totaal wegvoertuigen;Hybrid Electric Vehicle (HEV);2010 4e kwartaal;5247;2403;2844
2237;Totaal wegvoertuigen;Hybrid Electric Vehicle (HEV);2010;25193;16074;9119
2238;Totaal wegvoertuigen;Hybrid Electric Vehicle (HEV);2011 januari;2806;1927;879
2239;Totaal wegvoertuigen;Hybrid Electric Vehicle (HEV);2011 februari;2432;1496;936
2240;Totaal wegvoertuigen;Hybrid Electric Vehicle (HEV);2011 maart;3007;1861;1146
2241;Totaal wegvoertuigen;Hybrid Electric Vehicle (HEV);2011 1e kwartaal;8245;5284;2961
2242;Totaal wegvoertuigen;Hybrid Electric Vehicle (HEV);2011 april;2881;1759;1122
2243;Totaal wegvoertuigen;Hybrid Electric Vehicle (HEV);2011 mei;2239;1110;1129
2244;Totaal wegvoertuigen;Hybrid Electric Vehicle (HEV);2011 juni;1901;906;995
2245;Totaal wegvoertuigen;Hybrid Electric Vehicle (HEV);2011 2e kwartaal;7021;3775;3246
2246;Totaal wegvoertuigen;Hybrid Electric Vehicle (HEV);2011 juli;2088;1004;1084
2247;Totaal wegvoertuigen;Hybrid Electric Vehicle (HEV);2011 augustus;2429;1299;1130
2248;Totaal wegvoertuigen;Hybrid Electric Vehicle (HEV);2011 september;2349;1203;1146
2249;Totaal wegvoertuigen;Hybrid Electric Vehicle (HEV);2011 3e kwartaal;6866;3506;3360
2250;Totaal wegvoertuigen;Hybrid Electric Vehicle (HEV);2011 oktober;1844;759;1085
2251;Totaal wegvoertuigen;Hybrid Electric Vehicle (HEV);2011 november;2196;1000;1196
2252;Totaal wegvoertuigen;Hybrid Electric Vehicle (HEV);2011 december;1874;487;1387
2253;Totaal wegvoertuigen;Hybrid Electric Vehicle (HEV);2011 4e kwartaal;5914;2246;3668
2254;Totaal wegvoertuigen;Hybrid Electric Vehicle (HEV);2011;28046;14811;13235
2255;Totaal wegvoertuigen;Hybrid Electric Vehicle (HEV);2012 januari;3695;2330;1365
2256;Totaal wegvoertuigen;Hybrid Electric Vehicle (HEV);2012 februari;2609;1118;1491
2257;Totaal wegvoertuigen;Hybrid Electric Vehicle (HEV);2012 maart;3141;1507;1634
2258;Totaal wegvoertuigen;Hybrid Electric Vehicle (HEV);2012 1e kwartaal;9445;4955;4490
2259;Totaal wegvoertuigen;Hybrid Electric Vehicle (HEV);2012 april;3135;1401;1734
2260;Totaal wegvoertuigen;Hybrid Electric Vehicle (HEV);2012 mei;3207;1691;1516
2261;Totaal wegvoertuigen;Hybrid Electric Vehicle (HEV);2012 juni;4047;2269;1778
2262;Totaal wegvoertuigen;Hybrid Electric Vehicle (HEV);2012 2e kwartaal;10389;5361;5028
2263;Totaal wegvoertuigen;Hybrid Electric Vehicle (HEV);2012 juli;4155;1759;2396
2264;Totaal wegvoertuigen;Hybrid Electric Vehicle (HEV);2012 augustus;4401;2577;1824
2265;Totaal wegvoertuigen;Hybrid Electric Vehicle (HEV);2012 september;4139;2276;1863
2266;Totaal wegvoertuigen;Hybrid Electric Vehicle (HEV);2012 3e kwartaal;12695;6612;6083
2267;Totaal wegvoertuigen;Hybrid Electric Vehicle (HEV);2012 oktober;3667;1780;1887
2268;Totaal wegvoertuigen;Hybrid Electric Vehicle (HEV);2012 november;3610;1689;1921
2269;Totaal wegvoertuigen;Hybrid Electric Vehicle (HEV);2012 december;2487;748;1739
2270;Totaal wegvoertuigen;Hybrid Electric Vehicle (HEV);2012 4e kwartaal;9764;4217;5547
2271;Totaal wegvoertuigen;Hybrid Electric Vehicle (HEV);2012;42293;21145;21148
2272;Totaal wegvoertuigen;Hybrid Electric Vehicle (HEV);2013 januari;4416;2241;2175
2273;Totaal wegvoertuigen;Hybrid Electric Vehicle (HEV);2013 februari;4267;1675;2592
2274;Totaal wegvoertuigen;Hybrid Electric Vehicle (HEV);2013 maart;4408;2224;2184
2275;Totaal wegvoertuigen;Hybrid Electric Vehicle (HEV);2013 1e kwartaal;13091;6140;6951
2276;Totaal wegvoertuigen;Hybrid Electric Vehicle (HEV);2013 april;3909;1811;2098
2277;Totaal wegvoertuigen;Hybrid Electric Vehicle (HEV);2013 mei;4089;1831;2258
2278;Totaal wegvoertuigen;Hybrid Electric Vehicle (HEV);2013 juni;3795;1666;2129
2279;Totaal wegvoertuigen;Hybrid Electric Vehicle (HEV);2013 2e kwartaal;11793;5308;6485
2280;Totaal wegvoertuigen;Hybrid Electric Vehicle (HEV);2013 juli;4045;1773;2272
2281;Totaal wegvoertuigen;Hybrid Electric Vehicle (HEV);2013 augustus;3913;1676;2237
2282;Totaal wegvoertuigen;Hybrid Electric Vehicle (HEV);2013 september;3776;1586;2190
2283;Totaal wegvoertuigen;Hybrid Electric Vehicle (HEV);2013 3e kwartaal;11734;5035;6699
2284;Totaal wegvoertuigen;Hybrid Electric Vehicle (HEV);2013 oktober;4873;2285;2588
2285;Totaal wegvoertuigen;Hybrid Electric Vehicle (HEV);2013 november;4607;2008;2599
2286;Totaal wegvoertuigen;Hybrid Electric Vehicle (HEV);2013 december;5147;2554;2593
2287;Totaal wegvoertuigen;Hybrid Electric Vehicle (HEV);2013 4e kwartaal;14627;6847;7780
2288;Totaal wegvoertuigen;Hybrid Electric Vehicle (HEV);2013;51245;23330;27915
2289;Totaal wegvoertuigen;Hybrid Electric Vehicle (HEV);2014 januari;4674;1574;3100
2290;Totaal wegvoertuigen;Hybrid Electric Vehicle (HEV);2014 februari;3713;1089;2624
2291;Totaal wegvoertuigen;Hybrid Electric Vehicle (HEV);2014 maart;3787;1192;2595
2292;Totaal wegvoertuigen;Hybrid Electric Vehicle (HEV);2014 1e kwartaal;12174;3855;8319
2293;Totaal wegvoertuigen;Hybrid Electric Vehicle (HEV);2014 april;3805;1067;2738
2294;Totaal wegvoertuigen;Hybrid Electric Vehicle (HEV);2014 mei;3893;1195;2698
2295;Totaal wegvoertuigen;Hybrid Electric Vehicle (HEV);2014 juni;3803;1204;2599
2296;Totaal wegvoertuigen;Hybrid Electric Vehicle (HEV);2014 2e kwartaal;11501;3466;8035
2297;Totaal wegvoertuigen;Hybrid Electric Vehicle (HEV);2014 juli;3711;931;2780
2298;Totaal wegvoertuigen;Hybrid Electric Vehicle (HEV);2014 augustus;3427;1057;2370
2299;Totaal wegvoertuigen;Hybrid Electric Vehicle (HEV);2014 september;3859;1025;2834
2300;Totaal wegvoertuigen;Hybrid Electric Vehicle (HEV);2014 3e kwartaal;10997;3013;7984
2301;Totaal wegvoertuigen;Hybrid Electric Vehicle (HEV);2014 oktober;4168;1235;2933
2302;Totaal wegvoertuigen;Hybrid Electric Vehicle (HEV);2014 november;3932;1162;2770
2303;Totaal wegvoertuigen;Hybrid Electric Vehicle (HEV);2014 december;4881;1751;3130
2304;Totaal wegvoertuigen;Hybrid Electric Vehicle (HEV);2014 4e kwartaal;12981;4148;8833
2305;Totaal wegvoertuigen;Hybrid Electric Vehicle (HEV);2014;47653;14482;33171
2306;Totaal wegvoertuigen;Hybrid Electric Vehicle (HEV);2015 januari;4270;1105;3165
2307;Totaal wegvoertuigen;Hybrid Electric Vehicle (HEV);2015 februari;3780;832;2948
2308;Totaal wegvoertuigen;Hybrid Electric Vehicle (HEV);2015 maart;3344;370;2974
2309;Totaal wegvoertuigen;Hybrid Electric Vehicle (HEV);2015 1e kwartaal;11394;2307;9087
2310;Totaal wegvoertuigen;Hybrid Electric Vehicle (HEV);2015 april;3333;335;2998
2311;Totaal wegvoertuigen;Hybrid Electric Vehicle (HEV);2015 mei;3017;388;2629
2312;Totaal wegvoertuigen;Hybrid Electric Vehicle (HEV);2015 juni;3913;930;2983
2313;Totaal wegvoertuigen;Hybrid Electric Vehicle (HEV);2015 2e kwartaal;10263;1653;8610
2314;Totaal wegvoertuigen;Hybrid Electric Vehicle (HEV);2015 juli;4449;1328;3121
2315;Totaal wegvoertuigen;Hybrid Electric Vehicle (HEV);2015 augustus;3763;1074;2689
2316;Totaal wegvoertuigen;Hybrid Electric Vehicle (HEV);2015 september;4200;1068;3132
2317;Totaal wegvoertuigen;Hybrid Electric Vehicle (HEV);2015 3e kwartaal;12412;3470;8942
2318;Totaal wegvoertuigen;Hybrid Electric Vehicle (HEV);2015 oktober;4858;1434;3424
2319;Totaal wegvoertuigen;Hybrid Electric Vehicle (HEV);2015 november;4613;1289;3324
2320;Totaal wegvoertuigen;Hybrid Electric Vehicle (HEV);2015 december;8788;4826;3962
2321;Totaal wegvoertuigen;Hybrid Electric Vehicle (HEV);2015 4e kwartaal;18259;7549;10710
2322;Totaal wegvoertuigen;Hybrid Electric Vehicle (HEV);2015;52328;14979;37349
2323;Totaal wegvoertuigen;Hybrid Electric Vehicle (HEV);2016 januari;4809;625;4184
2324;Totaal wegvoertuigen;Hybrid Electric Vehicle (HEV);2016 februari;4699;506;4193
2325;Totaal wegvoertuigen;Hybrid Electric Vehicle (HEV);2016 maart;5172;603;4569
2326;Totaal wegvoertuigen;Hybrid Electric Vehicle (HEV);2016 1e kwartaal;14680;1734;12946
2327;Totaal wegvoertuigen;Hybrid Electric Vehicle (HEV);2016 april;4761;625;4136
2328;Totaal wegvoertuigen;Hybrid Electric Vehicle (HEV);2016 mei;4555;759;3796
2329;Totaal wegvoertuigen;Hybrid Electric Vehicle (HEV);2016 juni;4876;791;4085
2330;Totaal wegvoertuigen;Hybrid Electric Vehicle (HEV);2016 2e kwartaal;14192;2175;12017
2331;Totaal wegvoertuigen;Hybrid Electric Vehicle (HEV);2016 juli;4611;838;3773
2332;Totaal wegvoertuigen;Hybrid Electric Vehicle (HEV);2016 augustus;4566;950;3616
2333;Totaal wegvoertuigen;Hybrid Electric Vehicle (HEV);2016 september;4781;1149;3632
2334;Totaal wegvoertuigen;Hybrid Electric Vehicle (HEV);2016 3e kwartaal;13958;2937;11021
2335;Totaal wegvoertuigen;Hybrid Electric Vehicle (HEV);2016 oktober;4628;945;3683
2336;Totaal wegvoertuigen;Hybrid Electric Vehicle (HEV);2016 november;5433;1611;3822
2337;Totaal wegvoertuigen;Hybrid Electric Vehicle (HEV);2016 december;5627;1631;3996
2338;Totaal wegvoertuigen;Hybrid Electric Vehicle (HEV);2016 4e kwartaal;15688;4187;11501
2339;Totaal wegvoertuigen;Hybrid Electric Vehicle (HEV);2016;58518;11033;47485
2340;Totaal wegvoertuigen;Hybrid Electric Vehicle (HEV);2017 januari;6321;2073;4248
2341;Totaal wegvoertuigen;Hybrid Electric Vehicle (HEV);2017 februari;5337;1275;4062
2342;Totaal wegvoertuigen;Hybrid Electric Vehicle (HEV);2017 maart;5633;1302;4331
2343;Totaal wegvoertuigen;Hybrid Electric Vehicle (HEV);2017 1e kwartaal;17291;4650;12641
2344;Totaal wegvoertuigen;Hybrid Electric Vehicle (HEV);2017 april;4796;1035;3761
2345;Totaal wegvoertuigen;Hybrid Electric Vehicle (HEV);2017 mei;5748;1561;4187
2346;Totaal wegvoertuigen;Hybrid Electric Vehicle (HEV);2017 juni;5798;1653;4145
2347;Totaal wegvoertuigen;Hybrid Electric Vehicle (HEV);2017 2e kwartaal;16342;4249;12093
2348;Totaal wegvoertuigen;Hybrid Electric Vehicle (HEV);2017 juli;5727;1546;4181
2349;Totaal wegvoertuigen;Hybrid Electric Vehicle (HEV);2017 augustus;5976;1413;4563
2350;Totaal wegvoertuigen;Hybrid Electric Vehicle (HEV);2017 september;5705;1564;4141
2351;Totaal wegvoertuigen;Hybrid Electric Vehicle (HEV);2017 3e kwartaal;17408;4523;12885
2352;Totaal wegvoertuigen;Hybrid Electric Vehicle (HEV);2017 oktober;5812;1527;4285
2353;Totaal wegvoertuigen;Hybrid Electric Vehicle (HEV);2017 november;6276;1679;4597
2354;Totaal wegvoertuigen;Hybrid Electric Vehicle (HEV);2017 december;5111;1115;3996
2355;Totaal wegvoertuigen;Hybrid Electric Vehicle (HEV);2017 4e kwartaal;17199;4321;12878
2356;Totaal wegvoertuigen;Hybrid Electric Vehicle (HEV);2017;68240;17743;50497
2357;Totaal wegvoertuigen;Hybrid Electric Vehicle (HEV);2018 januari;6653;1963;4690
2358;Totaal wegvoertuigen;Hybrid Electric Vehicle (HEV);2018 februari;5835;1409;4426
2359;Totaal wegvoertuigen;Hybrid Electric Vehicle (HEV);2018 maart;6953;2205;4748
2360;Totaal wegvoertuigen;Hybrid Electric Vehicle (HEV);2018 1e kwartaal;19441;5577;13864
2361;Totaal wegvoertuigen;Hybrid Electric Vehicle (HEV);2018 april;5973;1736;4237
2362;Totaal wegvoertuigen;Hybrid Electric Vehicle (HEV);2018 mei;6451;2129;4322
2363;Totaal wegvoertuigen;Hybrid Electric Vehicle (HEV);2018 juni;7055;2461;4594
2364;Totaal wegvoertuigen;Hybrid Electric Vehicle (HEV);2018 2e kwartaal;19479;6326;13153
2365;Totaal wegvoertuigen;Hybrid Electric Vehicle (HEV);2018 juli;6111;1573;4538
2366;Totaal wegvoertuigen;Hybrid Electric Vehicle (HEV);2018 augustus;5759;1596;4163
2367;Totaal wegvoertuigen;Hybrid Electric Vehicle (HEV);2018 september;5859;1704;4155
2368;Totaal wegvoertuigen;Hybrid Electric Vehicle (HEV);2018 3e kwartaal;17729;4873;12856
2369;Totaal wegvoertuigen;Hybrid Electric Vehicle (HEV);2018 oktober;6190;1417;4773
2370;Totaal wegvoertuigen;Hybrid Electric Vehicle (HEV);2018 november;6066;1493;4573
2371;Totaal wegvoertuigen;Hybrid Electric Vehicle (HEV);2018 december;5106;1020;4086
2372;Totaal wegvoertuigen;Hybrid Electric Vehicle (HEV);2018 4e kwartaal;17362;3930;13432
2373;Totaal wegvoertuigen;Hybrid Electric Vehicle (HEV);2018;74011;20706;53305
2374;Totaal wegvoertuigen;Hybrid Electric Vehicle (HEV);2019 januari;6394;1624;4770
2375;Totaal wegvoertuigen;Hybrid Electric Vehicle (HEV);2019 februari;5418;1208;4210
2376;Totaal wegvoertuigen;Hybrid Electric Vehicle (HEV);2019 maart;6830;2252;4578
2377;Totaal wegvoertuigen;Hybrid Electric Vehicle (HEV);2019 1e kwartaal;18642;5084;13558
2378;Totaal wegvoertuigen;Hybrid Electric Vehicle (HEV);2019 april;5935;1843;4092
2379;Totaal wegvoertuigen;Hybrid Electric Vehicle (HEV);2019 mei;7177;2341;4836
2380;Totaal wegvoertuigen;Hybrid Electric Vehicle (HEV);2019 juni;6406;2262;4144
2381;Totaal wegvoertuigen;Hybrid Electric Vehicle (HEV);2019 2e kwartaal;19518;6446;13072
2382;Totaal wegvoertuigen;Hybrid Electric Vehicle (HEV);2019 juli;6284;1738;4546
2383;Totaal wegvoertuigen;Hybrid Electric Vehicle (HEV);2019 augustus;6133;1810;4323
2384;Totaal wegvoertuigen;Hybrid Electric Vehicle (HEV);2019 september;6760;2274;4486
2385;Totaal wegvoertuigen;Hybrid Electric Vehicle (HEV);2019 3e kwartaal;19177;5822;13355
2386;Totaal wegvoertuigen;Hybrid Electric Vehicle (HEV);2019 oktober;7499;2217;5282
2387;Totaal wegvoertuigen;Hybrid Electric Vehicle (HEV);2019 november;7607;2108;5499
2388;Totaal wegvoertuigen;Hybrid Electric Vehicle (HEV);2019 december;6943;1635;5308
2389;Totaal wegvoertuigen;Hybrid Electric Vehicle (HEV);2019 4e kwartaal;22049;5960;16089
2390;Totaal wegvoertuigen;Hybrid Electric Vehicle (HEV);2019;79386;23312;56074
2391;Totaal wegvoertuigen;Hybrid Electric Vehicle (HEV);2020 januari;9033;2877;6156
2392;Totaal wegvoertuigen;Hybrid Electric Vehicle (HEV);2020 februari;7640;2308;5332
2393;Totaal wegvoertuigen;Hybrid Electric Vehicle (HEV);2020 maart;7708;2354;5354
2394;Totaal wegvoertuigen;Hybrid Electric Vehicle (HEV);2020 1e kwartaal;24381;7539;16842
2395;Totaal wegvoertuigen;Hybrid Electric Vehicle (HEV);2020 april;5224;1193;4031
2396;Totaal wegvoertuigen;Hybrid Electric Vehicle (HEV);2020 mei;6128;1148;4980
2397;Totaal wegvoertuigen;Hybrid Electric Vehicle (HEV);2020 juni;6764;1288;5476
2398;Totaal wegvoertuigen;Hybrid Electric Vehicle (HEV);2020 2e kwartaal;18116;3629;14487
2399;Totaal wegvoertuigen;Hybrid Electric Vehicle (HEV);2020 juli;7916;1845;6071
2400;Totaal wegvoertuigen;Hybrid Electric Vehicle (HEV);2020 augustus;7236;2189;5047
2401;Totaal wegvoertuigen;Hybrid Electric Vehicle (HEV);2020 september;8246;2304;5942
2402;Totaal wegvoertuigen;Hybrid Electric Vehicle (HEV);2020 3e kwartaal;23398;6338;17060
2403;Totaal wegvoertuigen;Hybrid Electric Vehicle (HEV);2020 oktober;8898;2693;6205
2404;Totaal wegvoertuigen;Hybrid Electric Vehicle (HEV);2020 november;8206;2370;5836
2405;Totaal wegvoertuigen;Hybrid Electric Vehicle (HEV);2020 december;8077;2278;5799
2406;Totaal wegvoertuigen;Hybrid Electric Vehicle (HEV);2020 4e kwartaal;25181;7341;17840
2407;Totaal wegvoertuigen;Hybrid Electric Vehicle (HEV);2020;91076;24847;66229
2408;Totaal wegvoertuigen;Hybrid Electric Vehicle (HEV);2021 januari;8002;2675;5327
2409;Totaal wegvoertuigen;Hybrid Electric Vehicle (HEV);2021 februari;6451;1633;4818
2410;Totaal wegvoertuigen;Hybrid Electric Vehicle (HEV);2021 maart;8239;1941;6298
2411;Totaal wegvoertuigen;Hybrid Electric Vehicle (HEV);2021 1e kwartaal;22692;6249;16443
2412;Totaal wegvoertuigen;Hybrid Electric Vehicle (HEV);2021 april;8496;2173;6323
2413;Totaal wegvoertuigen;Hybrid Electric Vehicle (HEV);2021 mei;8540;2159;6381
2414;Totaal wegvoertuigen;Hybrid Electric Vehicle (HEV);2021 juni;9737;2796;6941
2415;Totaal wegvoertuigen;Hybrid Electric Vehicle (HEV);2021 2e kwartaal;26773;7128;19645
2416;Totaal wegvoertuigen;Hybrid Electric Vehicle (HEV);2021 juli;9640;2677;6963
2417;Totaal wegvoertuigen;Hybrid Electric Vehicle (HEV);2021 augustus;8335;2189;6146
2418;Totaal wegvoertuigen;Hybrid Electric Vehicle (HEV);2021 september;8882;2478;6404
2419;Totaal wegvoertuigen;Hybrid Electric Vehicle (HEV);2021 3e kwartaal;26857;7344;19513
2420;Totaal wegvoertuigen;Hybrid Electric Vehicle (HEV);2021 oktober;8847;2282;6565
2421;Totaal wegvoertuigen;Hybrid Electric Vehicle (HEV);2021 november;8855;2647;6208
2422;Totaal wegvoertuigen;Hybrid Electric Vehicle (HEV);2021 december;8313;2135;6178
2423;Totaal wegvoertuigen;Hybrid Electric Vehicle (HEV);2021 4e kwartaal;26015;7064;18951
2424;Totaal wegvoertuigen;Hybrid Electric Vehicle (HEV);2021;102337;27785;74552
2425;Totaal wegvoertuigen;Hybrid Electric Vehicle (HEV);2022 januari;9346;3365;5981
2426;Totaal wegvoertuigen;Hybrid Electric Vehicle (HEV);2022 februari;9060;2665;6395
2427;Totaal wegvoertuigen;Hybrid Electric Vehicle (HEV);2022 maart;9402;2649;6753
2428;Totaal wegvoertuigen;Hybrid Electric Vehicle (HEV);2022 1e kwartaal;27808;8679;19129
2429;Totaal wegvoertuigen;Hybrid Electric Vehicle (HEV);2022 april;8935;2620;6315
2430;Totaal wegvoertuigen;Hybrid Electric Vehicle (HEV);2022 mei;8104;2409;5695
2431;Totaal wegvoertuigen;Hybrid Electric Vehicle (HEV);2022 juni;9228;3147;6081
2432;Totaal wegvoertuigen;Hybrid Electric Vehicle (HEV);2022 2e kwartaal;26267;8176;18091
2433;Totaal wegvoertuigen;Hybrid Electric Vehicle (HEV);2022 juli;8550;2420;6130
2434;Totaal wegvoertuigen;Hybrid Electric Vehicle (HEV);2022 augustus;8133;2285;5848
2435;Totaal wegvoertuigen;Hybrid Electric Vehicle (HEV);2022 september;8614;2681;5933
2436;Totaal wegvoertuigen;Hybrid Electric Vehicle (HEV);2022 3e kwartaal;25297;7386;17911
2437;Totaal wegvoertuigen;Hybrid Electric Vehicle (HEV);2022 oktober;10364;4116;6248
2438;Totaal wegvoertuigen;Hybrid Electric Vehicle (HEV);2022 november;10003;3529;6474
2439;Totaal wegvoertuigen;Hybrid Electric Vehicle (HEV);2022 december;8833;2989;5844
2440;Totaal wegvoertuigen;Hybrid Electric Vehicle (HEV);2022 4e kwartaal;29200;10634;18566
2441;Totaal wegvoertuigen;Hybrid Electric Vehicle (HEV);2022;108572;34875;73697
2442;Totaal wegvoertuigen;Hybrid Electric Vehicle (HEV);2023 januari;9971;3294;6677
2443;Totaal wegvoertuigen;Hybrid Electric Vehicle (HEV);2023 februari;9475;2732;6743
2444;Totaal wegvoertuigen;Hybrid Electric Vehicle (HEV);2023 maart;11010;3477;7533
2445;Totaal wegvoertuigen;Hybrid Electric Vehicle (HEV);2023 1e kwartaal;30456;9503;20953
2446;Totaal wegvoertuigen;Hybrid Electric Vehicle (HEV);2023 april;10122;3318;6804
2447;Totaal wegvoertuigen;Hybrid Electric Vehicle (HEV);2023 mei;10216;3149;7067
2448;Totaal wegvoertuigen;Hybrid Electric Vehicle (HEV);2023 juni;11993;4030;7963
2449;Totaal wegvoertuigen;Hybrid Electric Vehicle (HEV);2023 2e kwartaal;32331;10497;21834
2450;Totaal wegvoertuigen;Hybrid Electric Vehicle (HEV);2023 juli;11329;3382;7947
2451;Totaal wegvoertuigen;Hybrid Electric Vehicle (HEV);2023 augustus;11171;3182;7989
2452;Totaal wegvoertuigen;Hybrid Electric Vehicle (HEV);2023 september;11671;3479;8192
2453;Totaal wegvoertuigen;Hybrid Electric Vehicle (HEV);2023 3e kwartaal;34171;10043;24128
2454;Totaal wegvoertuigen;Hybrid Electric Vehicle (HEV);2023 oktober;11552;3379;8173
2455;Totaal wegvoertuigen;Hybrid Electric Vehicle (HEV);2023 november;12346;3514;8832
2456;Totaal wegvoertuigen;Hybrid Electric Vehicle (HEV);2023 december;11559;3322;8237
2457;Totaal wegvoertuigen;Hybrid Electric Vehicle (HEV);2023 4e kwartaal;35457;10215;25242
2458;Totaal wegvoertuigen;Hybrid Electric Vehicle (HEV);2023;132415;40258;92157
2459;Totaal wegvoertuigen;Hybrid Electric Vehicle (HEV);2024 januari;13866;4861;9005
2460;Totaal wegvoertuigen;Hybrid Electric Vehicle (HEV);2024 februari;13116;4128;8988
2461;Totaal wegvoertuigen;Hybrid Electric Vehicle (HEV);2024 maart;14404;4881;9523
2462;Totaal wegvoertuigen;Hybrid Electric Vehicle (HEV);2024 1e kwartaal;41386;13870;27516
2463;Totaal wegvoertuigen;Hybrid Electric Vehicle (HEV);2024 april;13661;4226;9435
2464;Totaal wegvoertuigen;Hybrid Electric Vehicle (HEV);2024 mei;13283;3806;9477
2465;Totaal wegvoertuigen;Hybrid Electric Vehicle (HEV);2024 juni;14369;4742;9627
2466;Totaal wegvoertuigen;Hybrid Electric Vehicle (HEV);2024 2e kwartaal;41313;12774;28539
2467;Totaal wegvoertuigen;Hybrid Electric Vehicle (HEV);2024 juli;14357;4272;10085
2468;Totaal wegvoertuigen;Hybrid Electric Vehicle (HEV);2024 augustus;13061;3798;9263
2469;Totaal wegvoertuigen;Hybrid Electric Vehicle (HEV);2024 september;13123;3961;9162
2470;Totaal wegvoertuigen;Hybrid Electric Vehicle (HEV);2024 3e kwartaal;40541;12031;28510
2471;Totaal wegvoertuigen;Hybrid Electric Vehicle (HEV);2024 oktober;15819;4537;11282
2472;Totaal wegvoertuigen;Hybrid Electric Vehicle (HEV);2024 november;15847;4756;11091
2473;Totaal wegvoertuigen;Hybrid Electric Vehicle (HEV);2024 december;14764;4398;10366
2474;Totaal wegvoertuigen;Hybrid Electric Vehicle (HEV);2024 4e kwartaal;46430;13691;32739
2475;Totaal wegvoertuigen;Hybrid Electric Vehicle (HEV);2024;169670;52366;117304
2476;Totaal wegvoertuigen;Hybrid Electric Vehicle (HEV);2025 januari;15945;4034;11911
2477;Totaal wegvoertuigen;Hybrid Electric Vehicle (HEV);2025 februari;14589;3630;10959
2478;Totaal wegvoertuigen;Hybrid Electric Vehicle (HEV);2025 maart;16147;4687;11460
2479;Totaal wegvoertuigen;Hybrid Electric Vehicle (HEV);2025 1e kwartaal;46681;12351;34330
2480;Totaal wegvoertuigen;Plug-in Hybrid Electric Vehicle (PHEV);2007 januari;0;0;0
2481;Totaal wegvoertuigen;Plug-in Hybrid Electric Vehicle (PHEV);2007 februari;0;0;0
2482;Totaal wegvoertuigen;Plug-in Hybrid Electric Vehicle (PHEV);2007 maart;0;0;0
2483;Totaal wegvoertuigen;Plug-in Hybrid Electric Vehicle (PHEV);2007 1e kwartaal;0;0;0
2484;Totaal wegvoertuigen;Plug-in Hybrid Electric Vehicle (PHEV);2007 april;0;0;0
2485;Totaal wegvoertuigen;Plug-in Hybrid Electric Vehicle (PHEV);2007 mei;0;0;0
2486;Totaal wegvoertuigen;Plug-in Hybrid Electric Vehicle (PHEV);2007 juni;0;0;0
2487;Totaal wegvoertuigen;Plug-in Hybrid Electric Vehicle (PHEV);2007 2e kwartaal;0;0;0
2488;Totaal wegvoertuigen;Plug-in Hybrid Electric Vehicle (PHEV);2007 juli;0;0;0
2489;Totaal wegvoertuigen;Plug-in Hybrid Electric Vehicle (PHEV);2007 augustus;0;0;0
2490;Totaal wegvoertuigen;Plug-in Hybrid Electric Vehicle (PHEV);2007 september;0;0;0
2491;Totaal wegvoertuigen;Plug-in Hybrid Electric Vehicle (PHEV);2007 3e kwartaal;0;0;0
2492;Totaal wegvoertuigen;Plug-in Hybrid Electric Vehicle (PHEV);2007 oktober;0;0;0
2493;Totaal wegvoertuigen;Plug-in Hybrid Electric Vehicle (PHEV);2007 november;0;0;0
2494;Totaal wegvoertuigen;Plug-in Hybrid Electric Vehicle (PHEV);2007 december;0;0;0
2495;Totaal wegvoertuigen;Plug-in Hybrid Electric Vehicle (PHEV);2007 4e kwartaal;0;0;0
2496;Totaal wegvoertuigen;Plug-in Hybrid Electric Vehicle (PHEV);2007;0;0;0
2497;Totaal wegvoertuigen;Plug-in Hybrid Electric Vehicle (PHEV);2008 januari;0;0;0
2498;Totaal wegvoertuigen;Plug-in Hybrid Electric Vehicle (PHEV);2008 februari;0;0;0
2499;Totaal wegvoertuigen;Plug-in Hybrid Electric Vehicle (PHEV);2008 maart;0;0;0
2500;Totaal wegvoertuigen;Plug-in Hybrid Electric Vehicle (PHEV);2008 1e kwartaal;0;0;0
2501;Totaal wegvoertuigen;Plug-in Hybrid Electric Vehicle (PHEV);2008 april;0;0;0
2502;Totaal wegvoertuigen;Plug-in Hybrid Electric Vehicle (PHEV);2008 mei;0;0;0
2503;Totaal wegvoertuigen;Plug-in Hybrid Electric Vehicle (PHEV);2008 juni;0;0;0
2504;Totaal wegvoertuigen;Plug-in Hybrid Electric Vehicle (PHEV);2008 2e kwartaal;0;0;0
2505;Totaal wegvoertuigen;Plug-in Hybrid Electric Vehicle (PHEV);2008 juli;0;0;0
2506;Totaal wegvoertuigen;Plug-in Hybrid Electric Vehicle (PHEV);2008 augustus;0;0;0
2507;Totaal wegvoertuigen;Plug-in Hybrid Electric Vehicle (PHEV);2008 september;0;0;0
2508;Totaal wegvoertuigen;Plug-in Hybrid Electric Vehicle (PHEV);2008 3e kwartaal;0;0;0
2509;Totaal wegvoertuigen;Plug-in Hybrid Electric Vehicle (PHEV);2008 oktober;0;0;0
2510;Totaal wegvoertuigen;Plug-in Hybrid Electric Vehicle (PHEV);2008 november;0;0;0
2511;Totaal wegvoertuigen;Plug-in Hybrid Electric Vehicle (PHEV);2008 december;0;0;0
2512;Totaal wegvoertuigen;Plug-in Hybrid Electric Vehicle (PHEV);2008 4e kwartaal;0;0;0
2513;Totaal wegvoertuigen;Plug-in Hybrid Electric Vehicle (PHEV);2008;0;0;0
2514;Totaal wegvoertuigen;Plug-in Hybrid Electric Vehicle (PHEV);2009 januari;0;0;0
2515;Totaal wegvoertuigen;Plug-in Hybrid Electric Vehicle (PHEV);2009 februari;0;0;0
2516;Totaal wegvoertuigen;Plug-in Hybrid Electric Vehicle (PHEV);2009 maart;0;0;0
2517;Totaal wegvoertuigen;Plug-in Hybrid Electric Vehicle (PHEV);2009 1e kwartaal;0;0;0
2518;Totaal wegvoertuigen;Plug-in Hybrid Electric Vehicle (PHEV);2009 april;0;0;0
2519;Totaal wegvoertuigen;Plug-in Hybrid Electric Vehicle (PHEV);2009 mei;0;0;0
2520;Totaal wegvoertuigen;Plug-in Hybrid Electric Vehicle (PHEV);2009 juni;0;0;0
2521;Totaal wegvoertuigen;Plug-in Hybrid Electric Vehicle (PHEV);2009 2e kwartaal;0;0;0
2522;Totaal wegvoertuigen;Plug-in Hybrid Electric Vehicle (PHEV);2009 juli;0;0;0
2523;Totaal wegvoertuigen;Plug-in Hybrid Electric Vehicle (PHEV);2009 augustus;0;0;0
2524;Totaal wegvoertuigen;Plug-in Hybrid Electric Vehicle (PHEV);2009 september;0;0;0
2525;Totaal wegvoertuigen;Plug-in Hybrid Electric Vehicle (PHEV);2009 3e kwartaal;0;0;0
2526;Totaal wegvoertuigen;Plug-in Hybrid Electric Vehicle (PHEV);2009 oktober;0;0;0
2527;Totaal wegvoertuigen;Plug-in Hybrid Electric Vehicle (PHEV);2009 november;0;0;0
2528;Totaal wegvoertuigen;Plug-in Hybrid Electric Vehicle (PHEV);2009 december;0;0;0
2529;Totaal wegvoertuigen;Plug-in Hybrid Electric Vehicle (PHEV);2009 4e kwartaal;0;0;0
2530;Totaal wegvoertuigen;Plug-in Hybrid Electric Vehicle (PHEV);2009;0;0;0
2531;Totaal wegvoertuigen;Plug-in Hybrid Electric Vehicle (PHEV);2010 januari;0;0;0
2532;Totaal wegvoertuigen;Plug-in Hybrid Electric Vehicle (PHEV);2010 februari;0;0;0
2533;Totaal wegvoertuigen;Plug-in Hybrid Electric Vehicle (PHEV);2010 maart;0;0;0
2534;Totaal wegvoertuigen;Plug-in Hybrid Electric Vehicle (PHEV);2010 1e kwartaal;0;0;0
2535;Totaal wegvoertuigen;Plug-in Hybrid Electric Vehicle (PHEV);2010 april;0;0;0
2536;Totaal wegvoertuigen;Plug-in Hybrid Electric Vehicle (PHEV);2010 mei;0;0;0
2537;Totaal wegvoertuigen;Plug-in Hybrid Electric Vehicle (PHEV);2010 juni;3;3;0
2538;Totaal wegvoertuigen;Plug-in Hybrid Electric Vehicle (PHEV);2010 2e kwartaal;3;3;0
2539;Totaal wegvoertuigen;Plug-in Hybrid Electric Vehicle (PHEV);2010 juli;6;6;0
2540;Totaal wegvoertuigen;Plug-in Hybrid Electric Vehicle (PHEV);2010 augustus;4;4;0
2541;Totaal wegvoertuigen;Plug-in Hybrid Electric Vehicle (PHEV);2010 september;6;6;0
2542;Totaal wegvoertuigen;Plug-in Hybrid Electric Vehicle (PHEV);2010 3e kwartaal;16;16;0
2543;Totaal wegvoertuigen;Plug-in Hybrid Electric Vehicle (PHEV);2010 oktober;2;1;1
2544;Totaal wegvoertuigen;Plug-in Hybrid Electric Vehicle (PHEV);2010 november;1;1;0
2545;Totaal wegvoertuigen;Plug-in Hybrid Electric Vehicle (PHEV);2010 december;0;0;0
2546;Totaal wegvoertuigen;Plug-in Hybrid Electric Vehicle (PHEV);2010 4e kwartaal;3;2;1
2547;Totaal wegvoertuigen;Plug-in Hybrid Electric Vehicle (PHEV);2010;22;21;1
2548;Totaal wegvoertuigen;Plug-in Hybrid Electric Vehicle (PHEV);2011 januari;4;3;1
2549;Totaal wegvoertuigen;Plug-in Hybrid Electric Vehicle (PHEV);2011 februari;1;0;1
2550;Totaal wegvoertuigen;Plug-in Hybrid Electric Vehicle (PHEV);2011 maart;2;1;1
2551;Totaal wegvoertuigen;Plug-in Hybrid Electric Vehicle (PHEV);2011 1e kwartaal;7;4;3
2552;Totaal wegvoertuigen;Plug-in Hybrid Electric Vehicle (PHEV);2011 april;0;0;0
2553;Totaal wegvoertuigen;Plug-in Hybrid Electric Vehicle (PHEV);2011 mei;8;7;1
2554;Totaal wegvoertuigen;Plug-in Hybrid Electric Vehicle (PHEV);2011 juni;9;7;2
2555;Totaal wegvoertuigen;Plug-in Hybrid Electric Vehicle (PHEV);2011 2e kwartaal;17;14;3
2556;Totaal wegvoertuigen;Plug-in Hybrid Electric Vehicle (PHEV);2011 juli;6;4;2
2557;Totaal wegvoertuigen;Plug-in Hybrid Electric Vehicle (PHEV);2011 augustus;5;3;2
2558;Totaal wegvoertuigen;Plug-in Hybrid Electric Vehicle (PHEV);2011 september;7;5;2
2559;Totaal wegvoertuigen;Plug-in Hybrid Electric Vehicle (PHEV);2011 3e kwartaal;18;12;6
2560;Totaal wegvoertuigen;Plug-in Hybrid Electric Vehicle (PHEV);2011 oktober;4;3;1
2561;Totaal wegvoertuigen;Plug-in Hybrid Electric Vehicle (PHEV);2011 november;4;3;1
2562;Totaal wegvoertuigen;Plug-in Hybrid Electric Vehicle (PHEV);2011 december;2;0;2
2563;Totaal wegvoertuigen;Plug-in Hybrid Electric Vehicle (PHEV);2011 4e kwartaal;10;6;4
2564;Totaal wegvoertuigen;Plug-in Hybrid Electric Vehicle (PHEV);2011;52;36;16
2565;Totaal wegvoertuigen;Plug-in Hybrid Electric Vehicle (PHEV);2012 januari;8;6;2
2566;Totaal wegvoertuigen;Plug-in Hybrid Electric Vehicle (PHEV);2012 februari;7;5;2
2567;Totaal wegvoertuigen;Plug-in Hybrid Electric Vehicle (PHEV);2012 maart;7;6;1
2568;Totaal wegvoertuigen;Plug-in Hybrid Electric Vehicle (PHEV);2012 1e kwartaal;22;17;5
2569;Totaal wegvoertuigen;Plug-in Hybrid Electric Vehicle (PHEV);2012 april;1;1;0
2570;Totaal wegvoertuigen;Plug-in Hybrid Electric Vehicle (PHEV);2012 mei;6;4;2
2571;Totaal wegvoertuigen;Plug-in Hybrid Electric Vehicle (PHEV);2012 juni;4;2;2
2572;Totaal wegvoertuigen;Plug-in Hybrid Electric Vehicle (PHEV);2012 2e kwartaal;11;7;4
2573;Totaal wegvoertuigen;Plug-in Hybrid Electric Vehicle (PHEV);2012 juli;158;152;6
2574;Totaal wegvoertuigen;Plug-in Hybrid Electric Vehicle (PHEV);2012 augustus;279;274;5
2575;Totaal wegvoertuigen;Plug-in Hybrid Electric Vehicle (PHEV);2012 september;192;188;4
2576;Totaal wegvoertuigen;Plug-in Hybrid Electric Vehicle (PHEV);2012 3e kwartaal;629;614;15
2577;Totaal wegvoertuigen;Plug-in Hybrid Electric Vehicle (PHEV);2012 oktober;181;178;3
2578;Totaal wegvoertuigen;Plug-in Hybrid Electric Vehicle (PHEV);2012 november;214;210;4
2579;Totaal wegvoertuigen;Plug-in Hybrid Electric Vehicle (PHEV);2012 december;196;191;5
2580;Totaal wegvoertuigen;Plug-in Hybrid Electric Vehicle (PHEV);2012 4e kwartaal;591;579;12
2581;Totaal wegvoertuigen;Plug-in Hybrid Electric Vehicle (PHEV);2012;1253;1217;36
2582;Totaal wegvoertuigen;Plug-in Hybrid Electric Vehicle (PHEV);2013 januari;344;339;5
2583;Totaal wegvoertuigen;Plug-in Hybrid Electric Vehicle (PHEV);2013 februari;147;128;19
2584;Totaal wegvoertuigen;Plug-in Hybrid Electric Vehicle (PHEV);2013 maart;307;298;9
2585;Totaal wegvoertuigen;Plug-in Hybrid Electric Vehicle (PHEV);2013 1e kwartaal;798;765;33
2586;Totaal wegvoertuigen;Plug-in Hybrid Electric Vehicle (PHEV);2013 april;175;171;4
2587;Totaal wegvoertuigen;Plug-in Hybrid Electric Vehicle (PHEV);2013 mei;149;142;7
2588;Totaal wegvoertuigen;Plug-in Hybrid Electric Vehicle (PHEV);2013 juni;219;205;14
2589;Totaal wegvoertuigen;Plug-in Hybrid Electric Vehicle (PHEV);2013 2e kwartaal;543;518;25
2590;Totaal wegvoertuigen;Plug-in Hybrid Electric Vehicle (PHEV);2013 juli;498;478;20
2591;Totaal wegvoertuigen;Plug-in Hybrid Electric Vehicle (PHEV);2013 augustus;475;449;26
2592;Totaal wegvoertuigen;Plug-in Hybrid Electric Vehicle (PHEV);2013 september;933;908;25
2593;Totaal wegvoertuigen;Plug-in Hybrid Electric Vehicle (PHEV);2013 3e kwartaal;1906;1835;71
2594;Totaal wegvoertuigen;Plug-in Hybrid Electric Vehicle (PHEV);2013 oktober;1824;1778;46
2595;Totaal wegvoertuigen;Plug-in Hybrid Electric Vehicle (PHEV);2013 november;4407;4338;69
2596;Totaal wegvoertuigen;Plug-in Hybrid Electric Vehicle (PHEV);2013 december;7856;7718;138
2597;Totaal wegvoertuigen;Plug-in Hybrid Electric Vehicle (PHEV);2013 4e kwartaal;14087;13834;253
2598;Totaal wegvoertuigen;Plug-in Hybrid Electric Vehicle (PHEV);2013;17334;16952;382
2599;Totaal wegvoertuigen;Plug-in Hybrid Electric Vehicle (PHEV);2014 januari;298;238;60
2600;Totaal wegvoertuigen;Plug-in Hybrid Electric Vehicle (PHEV);2014 februari;1115;1073;42
2601;Totaal wegvoertuigen;Plug-in Hybrid Electric Vehicle (PHEV);2014 maart;1459;1392;67
2602;Totaal wegvoertuigen;Plug-in Hybrid Electric Vehicle (PHEV);2014 1e kwartaal;2872;2703;169
2603;Totaal wegvoertuigen;Plug-in Hybrid Electric Vehicle (PHEV);2014 april;2056;1979;77
2604;Totaal wegvoertuigen;Plug-in Hybrid Electric Vehicle (PHEV);2014 mei;1770;1693;77
2605;Totaal wegvoertuigen;Plug-in Hybrid Electric Vehicle (PHEV);2014 juni;1076;1017;59
2606;Totaal wegvoertuigen;Plug-in Hybrid Electric Vehicle (PHEV);2014 2e kwartaal;4902;4689;213
2607;Totaal wegvoertuigen;Plug-in Hybrid Electric Vehicle (PHEV);2014 juli;881;748;133
2608;Totaal wegvoertuigen;Plug-in Hybrid Electric Vehicle (PHEV);2014 augustus;724;649;75
2609;Totaal wegvoertuigen;Plug-in Hybrid Electric Vehicle (PHEV);2014 september;811;568;243
2610;Totaal wegvoertuigen;Plug-in Hybrid Electric Vehicle (PHEV);2014 3e kwartaal;2416;1965;451
2611;Totaal wegvoertuigen;Plug-in Hybrid Electric Vehicle (PHEV);2014 oktober;967;836;131
2612;Totaal wegvoertuigen;Plug-in Hybrid Electric Vehicle (PHEV);2014 november;1149;1019;130
2613;Totaal wegvoertuigen;Plug-in Hybrid Electric Vehicle (PHEV);2014 december;918;621;297
2614;Totaal wegvoertuigen;Plug-in Hybrid Electric Vehicle (PHEV);2014 4e kwartaal;3034;2476;558
2615;Totaal wegvoertuigen;Plug-in Hybrid Electric Vehicle (PHEV);2014;13224;11833;1391
2616;Totaal wegvoertuigen;Plug-in Hybrid Electric Vehicle (PHEV);2015 januari;2321;2111;210
2617;Totaal wegvoertuigen;Plug-in Hybrid Electric Vehicle (PHEV);2015 februari;1487;1293;194
2618;Totaal wegvoertuigen;Plug-in Hybrid Electric Vehicle (PHEV);2015 maart;1490;1261;229
2619;Totaal wegvoertuigen;Plug-in Hybrid Electric Vehicle (PHEV);2015 1e kwartaal;5298;4665;633
2620;Totaal wegvoertuigen;Plug-in Hybrid Electric Vehicle (PHEV);2015 april;1636;1384;252
2621;Totaal wegvoertuigen;Plug-in Hybrid Electric Vehicle (PHEV);2015 mei;1989;1761;228
2622;Totaal wegvoertuigen;Plug-in Hybrid Electric Vehicle (PHEV);2015 juni;2519;2262;257
2623;Totaal wegvoertuigen;Plug-in Hybrid Electric Vehicle (PHEV);2015 2e kwartaal;6144;5407;737
2624;Totaal wegvoertuigen;Plug-in Hybrid Electric Vehicle (PHEV);2015 juli;2395;2042;353
2625;Totaal wegvoertuigen;Plug-in Hybrid Electric Vehicle (PHEV);2015 augustus;1850;1517;333
2626;Totaal wegvoertuigen;Plug-in Hybrid Electric Vehicle (PHEV);2015 september;2646;2126;520
2627;Totaal wegvoertuigen;Plug-in Hybrid Electric Vehicle (PHEV);2015 3e kwartaal;6891;5685;1206
2628;Totaal wegvoertuigen;Plug-in Hybrid Electric Vehicle (PHEV);2015 oktober;4264;3750;514
2629;Totaal wegvoertuigen;Plug-in Hybrid Electric Vehicle (PHEV);2015 november;5584;4948;636
2630;Totaal wegvoertuigen;Plug-in Hybrid Electric Vehicle (PHEV);2015 december;16241;15308;933
2631;Totaal wegvoertuigen;Plug-in Hybrid Electric Vehicle (PHEV);2015 4e kwartaal;26089;24006;2083
2632;Totaal wegvoertuigen;Plug-in Hybrid Electric Vehicle (PHEV);2015;44422;39763;4659
2633;Totaal wegvoertuigen;Plug-in Hybrid Electric Vehicle (PHEV);2016 januari;1699;368;1331
2634;Totaal wegvoertuigen;Plug-in Hybrid Electric Vehicle (PHEV);2016 februari;1577;245;1332
2635;Totaal wegvoertuigen;Plug-in Hybrid Electric Vehicle (PHEV);2016 maart;2102;544;1558
2636;Totaal wegvoertuigen;Plug-in Hybrid Electric Vehicle (PHEV);2016 1e kwartaal;5378;1157;4221
2637;Totaal wegvoertuigen;Plug-in Hybrid Electric Vehicle (PHEV);2016 april;1942;631;1311
2638;Totaal wegvoertuigen;Plug-in Hybrid Electric Vehicle (PHEV);2016 mei;1636;471;1165
2639;Totaal wegvoertuigen;Plug-in Hybrid Electric Vehicle (PHEV);2016 juni;1745;507;1238
2640;Totaal wegvoertuigen;Plug-in Hybrid Electric Vehicle (PHEV);2016 2e kwartaal;5323;1609;3714
2641;Totaal wegvoertuigen;Plug-in Hybrid Electric Vehicle (PHEV);2016 juli;1642;640;1002
2642;Totaal wegvoertuigen;Plug-in Hybrid Electric Vehicle (PHEV);2016 augustus;1483;641;842
2643;Totaal wegvoertuigen;Plug-in Hybrid Electric Vehicle (PHEV);2016 september;2310;1120;1190
2644;Totaal wegvoertuigen;Plug-in Hybrid Electric Vehicle (PHEV);2016 3e kwartaal;5435;2401;3034
2645;Totaal wegvoertuigen;Plug-in Hybrid Electric Vehicle (PHEV);2016 oktober;2354;1229;1125
2646;Totaal wegvoertuigen;Plug-in Hybrid Electric Vehicle (PHEV);2016 november;2985;1854;1131
2647;Totaal wegvoertuigen;Plug-in Hybrid Electric Vehicle (PHEV);2016 december;11912;10313;1599
2648;Totaal wegvoertuigen;Plug-in Hybrid Electric Vehicle (PHEV);2016 4e kwartaal;17251;13396;3855
2649;Totaal wegvoertuigen;Plug-in Hybrid Electric Vehicle (PHEV);2016;33387;18563;14824
2650;Totaal wegvoertuigen;Plug-in Hybrid Electric Vehicle (PHEV);2017 januari;2439;236;2203
2651;Totaal wegvoertuigen;Plug-in Hybrid Electric Vehicle (PHEV);2017 februari;2074;55;2019
2652;Totaal wegvoertuigen;Plug-in Hybrid Electric Vehicle (PHEV);2017 maart;2118;41;2077
2653;Totaal wegvoertuigen;Plug-in Hybrid Electric Vehicle (PHEV);2017 1e kwartaal;6631;332;6299
2654;Totaal wegvoertuigen;Plug-in Hybrid Electric Vehicle (PHEV);2017 april;1796;43;1753
2655;Totaal wegvoertuigen;Plug-in Hybrid Electric Vehicle (PHEV);2017 mei;1905;95;1810
2656;Totaal wegvoertuigen;Plug-in Hybrid Electric Vehicle (PHEV);2017 juni;2042;134;1908
2657;Totaal wegvoertuigen;Plug-in Hybrid Electric Vehicle (PHEV);2017 2e kwartaal;5743;272;5471
2658;Totaal wegvoertuigen;Plug-in Hybrid Electric Vehicle (PHEV);2017 juli;1800;78;1722
2659;Totaal wegvoertuigen;Plug-in Hybrid Electric Vehicle (PHEV);2017 augustus;1665;83;1582
2660;Totaal wegvoertuigen;Plug-in Hybrid Electric Vehicle (PHEV);2017 september;1667;116;1551
2661;Totaal wegvoertuigen;Plug-in Hybrid Electric Vehicle (PHEV);2017 3e kwartaal;5132;277;4855
2662;Totaal wegvoertuigen;Plug-in Hybrid Electric Vehicle (PHEV);2017 oktober;1729;100;1629
2663;Totaal wegvoertuigen;Plug-in Hybrid Electric Vehicle (PHEV);2017 november;1598;100;1498
2664;Totaal wegvoertuigen;Plug-in Hybrid Electric Vehicle (PHEV);2017 december;1634;71;1563
2665;Totaal wegvoertuigen;Plug-in Hybrid Electric Vehicle (PHEV);2017 4e kwartaal;4961;271;4690
2666;Totaal wegvoertuigen;Plug-in Hybrid Electric Vehicle (PHEV);2017;22467;1152;21315
2667;Totaal wegvoertuigen;Plug-in Hybrid Electric Vehicle (PHEV);2018 januari;2304;278;2026
2668;Totaal wegvoertuigen;Plug-in Hybrid Electric Vehicle (PHEV);2018 februari;1680;157;1523
2669;Totaal wegvoertuigen;Plug-in Hybrid Electric Vehicle (PHEV);2018 maart;1895;262;1633
2670;Totaal wegvoertuigen;Plug-in Hybrid Electric Vehicle (PHEV);2018 1e kwartaal;5879;697;5182
2671;Totaal wegvoertuigen;Plug-in Hybrid Electric Vehicle (PHEV);2018 april;1816;163;1653
2672;Totaal wegvoertuigen;Plug-in Hybrid Electric Vehicle (PHEV);2018 mei;2053;209;1844
2673;Totaal wegvoertuigen;Plug-in Hybrid Electric Vehicle (PHEV);2018 juni;2219;261;1958
2674;Totaal wegvoertuigen;Plug-in Hybrid Electric Vehicle (PHEV);2018 2e kwartaal;6088;633;5455
2675;Totaal wegvoertuigen;Plug-in Hybrid Electric Vehicle (PHEV);2018 juli;3375;276;3099
2676;Totaal wegvoertuigen;Plug-in Hybrid Electric Vehicle (PHEV);2018 augustus;2179;294;1885
2677;Totaal wegvoertuigen;Plug-in Hybrid Electric Vehicle (PHEV);2018 september;2493;375;2118
2678;Totaal wegvoertuigen;Plug-in Hybrid Electric Vehicle (PHEV);2018 3e kwartaal;8047;945;7102
2679;Totaal wegvoertuigen;Plug-in Hybrid Electric Vehicle (PHEV);2018 oktober;3284;314;2970
2680;Totaal wegvoertuigen;Plug-in Hybrid Electric Vehicle (PHEV);2018 november;3897;417;3480
2681;Totaal wegvoertuigen;Plug-in Hybrid Electric Vehicle (PHEV);2018 december;4247;144;4103
2682;Totaal wegvoertuigen;Plug-in Hybrid Electric Vehicle (PHEV);2018 4e kwartaal;11428;875;10553
2683;Totaal wegvoertuigen;Plug-in Hybrid Electric Vehicle (PHEV);2018;31442;3150;28292
2684;Totaal wegvoertuigen;Plug-in Hybrid Electric Vehicle (PHEV);2019 januari;5113;754;4359
2685;Totaal wegvoertuigen;Plug-in Hybrid Electric Vehicle (PHEV);2019 februari;3443;353;3090
2686;Totaal wegvoertuigen;Plug-in Hybrid Electric Vehicle (PHEV);2019 maart;3533;611;2922
2687;Totaal wegvoertuigen;Plug-in Hybrid Electric Vehicle (PHEV);2019 1e kwartaal;12089;1718;10371
2688;Totaal wegvoertuigen;Plug-in Hybrid Electric Vehicle (PHEV);2019 april;3136;332;2804
2689;Totaal wegvoertuigen;Plug-in Hybrid Electric Vehicle (PHEV);2019 mei;3382;366;3016
2690;Totaal wegvoertuigen;Plug-in Hybrid Electric Vehicle (PHEV);2019 juni;2958;427;2531
2691;Totaal wegvoertuigen;Plug-in Hybrid Electric Vehicle (PHEV);2019 2e kwartaal;9476;1125;8351
2692;Totaal wegvoertuigen;Plug-in Hybrid Electric Vehicle (PHEV);2019 juli;3246;263;2983
2693;Totaal wegvoertuigen;Plug-in Hybrid Electric Vehicle (PHEV);2019 augustus;2677;297;2380
2694;Totaal wegvoertuigen;Plug-in Hybrid Electric Vehicle (PHEV);2019 september;3020;428;2592
2695;Totaal wegvoertuigen;Plug-in Hybrid Electric Vehicle (PHEV);2019 3e kwartaal;8943;988;7955
2696;Totaal wegvoertuigen;Plug-in Hybrid Electric Vehicle (PHEV);2019 oktober;4825;456;4369
2697;Totaal wegvoertuigen;Plug-in Hybrid Electric Vehicle (PHEV);2019 november;4686;419;4267
2698;Totaal wegvoertuigen;Plug-in Hybrid Electric Vehicle (PHEV);2019 december;4415;198;4217
2699;Totaal wegvoertuigen;Plug-in Hybrid Electric Vehicle (PHEV);2019 4e kwartaal;13926;1073;12853
2700;Totaal wegvoertuigen;Plug-in Hybrid Electric Vehicle (PHEV);2019;44434;4904;39530
2701;Totaal wegvoertuigen;Plug-in Hybrid Electric Vehicle (PHEV);2020 januari;7101;1332;5769
2702;Totaal wegvoertuigen;Plug-in Hybrid Electric Vehicle (PHEV);2020 februari;5459;844;4615
2703;Totaal wegvoertuigen;Plug-in Hybrid Electric Vehicle (PHEV);2020 maart;4664;1113;3551
2704;Totaal wegvoertuigen;Plug-in Hybrid Electric Vehicle (PHEV);2020 1e kwartaal;17224;3289;13935
2705;Totaal wegvoertuigen;Plug-in Hybrid Electric Vehicle (PHEV);2020 april;3662;581;3081
2706;Totaal wegvoertuigen;Plug-in Hybrid Electric Vehicle (PHEV);2020 mei;4847;640;4207
2707;Totaal wegvoertuigen;Plug-in Hybrid Electric Vehicle (PHEV);2020 juni;6003;1113;4890
2708;Totaal wegvoertuigen;Plug-in Hybrid Electric Vehicle (PHEV);2020 2e kwartaal;14512;2334;12178
2709;Totaal wegvoertuigen;Plug-in Hybrid Electric Vehicle (PHEV);2020 juli;7006;1640;5366
2710;Totaal wegvoertuigen;Plug-in Hybrid Electric Vehicle (PHEV);2020 augustus;5459;1247;4212
2711;Totaal wegvoertuigen;Plug-in Hybrid Electric Vehicle (PHEV);2020 september;6622;1548;5074
2712;Totaal wegvoertuigen;Plug-in Hybrid Electric Vehicle (PHEV);2020 3e kwartaal;19087;4435;14652
2713;Totaal wegvoertuigen;Plug-in Hybrid Electric Vehicle (PHEV);2020 oktober;7486;1662;5824
2714;Totaal wegvoertuigen;Plug-in Hybrid Electric Vehicle (PHEV);2020 november;8364;1967;6397
2715;Totaal wegvoertuigen;Plug-in Hybrid Electric Vehicle (PHEV);2020 december;9849;1229;8620
2716;Totaal wegvoertuigen;Plug-in Hybrid Electric Vehicle (PHEV);2020 4e kwartaal;25699;4858;20841
2717;Totaal wegvoertuigen;Plug-in Hybrid Electric Vehicle (PHEV);2020;76522;14916;61606
2718;Totaal wegvoertuigen;Plug-in Hybrid Electric Vehicle (PHEV);2021 januari;11961;3293;8668
2719;Totaal wegvoertuigen;Plug-in Hybrid Electric Vehicle (PHEV);2021 februari;8371;1731;6640
2720;Totaal wegvoertuigen;Plug-in Hybrid Electric Vehicle (PHEV);2021 maart;9677;2666;7011
2721;Totaal wegvoertuigen;Plug-in Hybrid Electric Vehicle (PHEV);2021 1e kwartaal;30009;7690;22319
2722;Totaal wegvoertuigen;Plug-in Hybrid Electric Vehicle (PHEV);2021 april;8365;2711;5654
2723;Totaal wegvoertuigen;Plug-in Hybrid Electric Vehicle (PHEV);2021 mei;8046;2648;5398
2724;Totaal wegvoertuigen;Plug-in Hybrid Electric Vehicle (PHEV);2021 juni;8196;2954;5242
2725;Totaal wegvoertuigen;Plug-in Hybrid Electric Vehicle (PHEV);2021 2e kwartaal;24607;8313;16294
2726;Totaal wegvoertuigen;Plug-in Hybrid Electric Vehicle (PHEV);2021 juli;7512;2512;5000
2727;Totaal wegvoertuigen;Plug-in Hybrid Electric Vehicle (PHEV);2021 augustus;6260;2275;3985
2728;Totaal wegvoertuigen;Plug-in Hybrid Electric Vehicle (PHEV);2021 september;7083;2738;4345
2729;Totaal wegvoertuigen;Plug-in Hybrid Electric Vehicle (PHEV);2021 3e kwartaal;20855;7525;13330
2730;Totaal wegvoertuigen;Plug-in Hybrid Electric Vehicle (PHEV);2021 oktober;7462;2618;4844
2731;Totaal wegvoertuigen;Plug-in Hybrid Electric Vehicle (PHEV);2021 november;7795;3007;4788
2732;Totaal wegvoertuigen;Plug-in Hybrid Electric Vehicle (PHEV);2021 december;7515;2004;5511
2733;Totaal wegvoertuigen;Plug-in Hybrid Electric Vehicle (PHEV);2021 4e kwartaal;22772;7629;15143
2734;Totaal wegvoertuigen;Plug-in Hybrid Electric Vehicle (PHEV);2021;98243;31157;67086
2735;Totaal wegvoertuigen;Plug-in Hybrid Electric Vehicle (PHEV);2022 januari;10259;4075;6184
2736;Totaal wegvoertuigen;Plug-in Hybrid Electric Vehicle (PHEV);2022 februari;8034;2703;5331
2737;Totaal wegvoertuigen;Plug-in Hybrid Electric Vehicle (PHEV);2022 maart;9062;3303;5759
2738;Totaal wegvoertuigen;Plug-in Hybrid Electric Vehicle (PHEV);2022 1e kwartaal;27355;10081;17274
2739;Totaal wegvoertuigen;Plug-in Hybrid Electric Vehicle (PHEV);2022 april;8611;3149;5462
2740;Totaal wegvoertuigen;Plug-in Hybrid Electric Vehicle (PHEV);2022 mei;8102;2875;5227
2741;Totaal wegvoertuigen;Plug-in Hybrid Electric Vehicle (PHEV);2022 juni;8294;2733;5561
2742;Totaal wegvoertuigen;Plug-in Hybrid Electric Vehicle (PHEV);2022 2e kwartaal;25007;8757;16250
2743;Totaal wegvoertuigen;Plug-in Hybrid Electric Vehicle (PHEV);2022 juli;7456;2045;5411
2744;Totaal wegvoertuigen;Plug-in Hybrid Electric Vehicle (PHEV);2022 augustus;6899;2378;4521
2745;Totaal wegvoertuigen;Plug-in Hybrid Electric Vehicle (PHEV);2022 september;8227;3197;5030
2746;Totaal wegvoertuigen;Plug-in Hybrid Electric Vehicle (PHEV);2022 3e kwartaal;22582;7620;14962
2747;Totaal wegvoertuigen;Plug-in Hybrid Electric Vehicle (PHEV);2022 oktober;7956;3348;4608
2748;Totaal wegvoertuigen;Plug-in Hybrid Electric Vehicle (PHEV);2022 november;8029;2897;5132
2749;Totaal wegvoertuigen;Plug-in Hybrid Electric Vehicle (PHEV);2022 december;7589;2059;5530
2750;Totaal wegvoertuigen;Plug-in Hybrid Electric Vehicle (PHEV);2022 4e kwartaal;23574;8304;15270
2751;Totaal wegvoertuigen;Plug-in Hybrid Electric Vehicle (PHEV);2022;98518;34762;63756
2752;Totaal wegvoertuigen;Plug-in Hybrid Electric Vehicle (PHEV);2023 januari;9778;4082;5696
2753;Totaal wegvoertuigen;Plug-in Hybrid Electric Vehicle (PHEV);2023 februari;9827;4269;5558
2754;Totaal wegvoertuigen;Plug-in Hybrid Electric Vehicle (PHEV);2023 maart;11817;5247;6570
2755;Totaal wegvoertuigen;Plug-in Hybrid Electric Vehicle (PHEV);2023 1e kwartaal;31422;13598;17824
2756;Totaal wegvoertuigen;Plug-in Hybrid Electric Vehicle (PHEV);2023 april;10052;3830;6222
2757;Totaal wegvoertuigen;Plug-in Hybrid Electric Vehicle (PHEV);2023 mei;10949;4334;6615
2758;Totaal wegvoertuigen;Plug-in Hybrid Electric Vehicle (PHEV);2023 juni;12559;4973;7586
2759;Totaal wegvoertuigen;Plug-in Hybrid Electric Vehicle (PHEV);2023 2e kwartaal;33560;13137;20423
2760;Totaal wegvoertuigen;Plug-in Hybrid Electric Vehicle (PHEV);2023 juli;12279;4241;8038
2761;Totaal wegvoertuigen;Plug-in Hybrid Electric Vehicle (PHEV);2023 augustus;11112;3495;7617
2762;Totaal wegvoertuigen;Plug-in Hybrid Electric Vehicle (PHEV);2023 september;12245;3664;8581
2763;Totaal wegvoertuigen;Plug-in Hybrid Electric Vehicle (PHEV);2023 3e kwartaal;35636;11400;24236
2764;Totaal wegvoertuigen;Plug-in Hybrid Electric Vehicle (PHEV);2023 oktober;12802;3471;9331
2765;Totaal wegvoertuigen;Plug-in Hybrid Electric Vehicle (PHEV);2023 november;13409;3162;10247
2766;Totaal wegvoertuigen;Plug-in Hybrid Electric Vehicle (PHEV);2023 december;13034;2327;10707
2767;Totaal wegvoertuigen;Plug-in Hybrid Electric Vehicle (PHEV);2023 4e kwartaal;39245;8960;30285
2768;Totaal wegvoertuigen;Plug-in Hybrid Electric Vehicle (PHEV);2023;139863;47095;92768
2769;Totaal wegvoertuigen;Plug-in Hybrid Electric Vehicle (PHEV);2024 januari;16511;4991;11520
2770;Totaal wegvoertuigen;Plug-in Hybrid Electric Vehicle (PHEV);2024 februari;15711;4304;11407
2771;Totaal wegvoertuigen;Plug-in Hybrid Electric Vehicle (PHEV);2024 maart;17949;4981;12968
2772;Totaal wegvoertuigen;Plug-in Hybrid Electric Vehicle (PHEV);2024 1e kwartaal;50171;14276;35895
2773;Totaal wegvoertuigen;Plug-in Hybrid Electric Vehicle (PHEV);2024 april;16767;3995;12772
2774;Totaal wegvoertuigen;Plug-in Hybrid Electric Vehicle (PHEV);2024 mei;16916;4085;12831
2775;Totaal wegvoertuigen;Plug-in Hybrid Electric Vehicle (PHEV);2024 juni;18573;5270;13303
2776;Totaal wegvoertuigen;Plug-in Hybrid Electric Vehicle (PHEV);2024 2e kwartaal;52256;13350;38906
2777;Totaal wegvoertuigen;Plug-in Hybrid Electric Vehicle (PHEV);2024 juli;18498;4058;14440
2778;Totaal wegvoertuigen;Plug-in Hybrid Electric Vehicle (PHEV);2024 augustus;16550;3884;12666
2779;Totaal wegvoertuigen;Plug-in Hybrid Electric Vehicle (PHEV);2024 september;17252;3712;13540
2780;Totaal wegvoertuigen;Plug-in Hybrid Electric Vehicle (PHEV);2024 3e kwartaal;52300;11654;40646
2781;Totaal wegvoertuigen;Plug-in Hybrid Electric Vehicle (PHEV);2024 oktober;20684;5073;15611
2782;Totaal wegvoertuigen;Plug-in Hybrid Electric Vehicle (PHEV);2024 november;21024;5122;15902
2783;Totaal wegvoertuigen;Plug-in Hybrid Electric Vehicle (PHEV);2024 december;19530;3723;15807
2784;Totaal wegvoertuigen;Plug-in Hybrid Electric Vehicle (PHEV);2024 4e kwartaal;61238;13918;47320
2785;Totaal wegvoertuigen;Plug-in Hybrid Electric Vehicle (PHEV);2024;215965;53198;162767
2786;Totaal wegvoertuigen;Plug-in Hybrid Electric Vehicle (PHEV);2025 januari;23159;5388;17771
2787;Totaal wegvoertuigen;Plug-in Hybrid Electric Vehicle (PHEV);2025 februari;20910;4394;16516
2788;Totaal wegvoertuigen;Plug-in Hybrid Electric Vehicle (PHEV);2025 maart;23560;6287;17273
2789;Totaal wegvoertuigen;Plug-in Hybrid Electric Vehicle (PHEV);2025 1e kwartaal;67629;16069;51560
2790;Totaal wegvoertuigen;Overig/onbekend hybride;2007 januari;1;1;0
2791;Totaal wegvoertuigen;Overig/onbekend hybride;2007 februari;1;1;0
2792;Totaal wegvoertuigen;Overig/onbekend hybride;2007 maart;2;0;2
2793;Totaal wegvoertuigen;Overig/onbekend hybride;2007 1e kwartaal;4;2;2
2794;Totaal wegvoertuigen;Overig/onbekend hybride;2007 april;1;0;1
2795;Totaal wegvoertuigen;Overig/onbekend hybride;2007 mei;0;0;0
2796;Totaal wegvoertuigen;Overig/onbekend hybride;2007 juni;2;1;1
2797;Totaal wegvoertuigen;Overig/onbekend hybride;2007 2e kwartaal;3;1;2
2798;Totaal wegvoertuigen;Overig/onbekend hybride;2007 juli;2;0;2
2799;Totaal wegvoertuigen;Overig/onbekend hybride;2007 augustus;4;0;4
2800;Totaal wegvoertuigen;Overig/onbekend hybride;2007 september;0;0;0
2801;Totaal wegvoertuigen;Overig/onbekend hybride;2007 3e kwartaal;6;0;6
2802;Totaal wegvoertuigen;Overig/onbekend hybride;2007 oktober;3;1;2
2803;Totaal wegvoertuigen;Overig/onbekend hybride;2007 november;5;1;4
2804;Totaal wegvoertuigen;Overig/onbekend hybride;2007 december;2;0;2
2805;Totaal wegvoertuigen;Overig/onbekend hybride;2007 4e kwartaal;10;2;8
2806;Totaal wegvoertuigen;Overig/onbekend hybride;2007;23;5;18
2807;Totaal wegvoertuigen;Overig/onbekend hybride;2008 januari;4;1;3
2808;Totaal wegvoertuigen;Overig/onbekend hybride;2008 februari;4;3;1
2809;Totaal wegvoertuigen;Overig/onbekend hybride;2008 maart;7;5;2
2810;Totaal wegvoertuigen;Overig/onbekend hybride;2008 1e kwartaal;15;9;6
2811;Totaal wegvoertuigen;Overig/onbekend hybride;2008 april;5;5;0
2812;Totaal wegvoertuigen;Overig/onbekend hybride;2008 mei;6;4;2
2813;Totaal wegvoertuigen;Overig/onbekend hybride;2008 juni;7;2;5
2814;Totaal wegvoertuigen;Overig/onbekend hybride;2008 2e kwartaal;18;11;7
2815;Totaal wegvoertuigen;Overig/onbekend hybride;2008 juli;5;3;2
2816;Totaal wegvoertuigen;Overig/onbekend hybride;2008 augustus;6;2;4
2817;Totaal wegvoertuigen;Overig/onbekend hybride;2008 september;6;2;4
2818;Totaal wegvoertuigen;Overig/onbekend hybride;2008 3e kwartaal;17;7;10
2819;Totaal wegvoertuigen;Overig/onbekend hybride;2008 oktober;5;0;5
2820;Totaal wegvoertuigen;Overig/onbekend hybride;2008 november;12;7;5
2821;Totaal wegvoertuigen;Overig/onbekend hybride;2008 december;4;1;3
2822;Totaal wegvoertuigen;Overig/onbekend hybride;2008 4e kwartaal;21;8;13
2823;Totaal wegvoertuigen;Overig/onbekend hybride;2008;71;35;36
2824;Totaal wegvoertuigen;Overig/onbekend hybride;2009 januari;17;3;14
2825;Totaal wegvoertuigen;Overig/onbekend hybride;2009 februari;6;2;4
2826;Totaal wegvoertuigen;Overig/onbekend hybride;2009 maart;8;0;8
2827;Totaal wegvoertuigen;Overig/onbekend hybride;2009 1e kwartaal;31;5;26
2828;Totaal wegvoertuigen;Overig/onbekend hybride;2009 april;8;2;6
2829;Totaal wegvoertuigen;Overig/onbekend hybride;2009 mei;6;1;5
2830;Totaal wegvoertuigen;Overig/onbekend hybride;2009 juni;0;0;0
2831;Totaal wegvoertuigen;Overig/onbekend hybride;2009 2e kwartaal;14;3;11
2832;Totaal wegvoertuigen;Overig/onbekend hybride;2009 juli;12;2;10
2833;Totaal wegvoertuigen;Overig/onbekend hybride;2009 augustus;10;0;10
2834;Totaal wegvoertuigen;Overig/onbekend hybride;2009 september;19;5;14
2835;Totaal wegvoertuigen;Overig/onbekend hybride;2009 3e kwartaal;41;7;34
2836;Totaal wegvoertuigen;Overig/onbekend hybride;2009 oktober;9;1;8
2837;Totaal wegvoertuigen;Overig/onbekend hybride;2009 november;5;0;5
2838;Totaal wegvoertuigen;Overig/onbekend hybride;2009 december;6;0;6
2839;Totaal wegvoertuigen;Overig/onbekend hybride;2009 4e kwartaal;20;1;19
2840;Totaal wegvoertuigen;Overig/onbekend hybride;2009;106;16;90
2841;Totaal wegvoertuigen;Overig/onbekend hybride;2010 januari;9;2;7
2842;Totaal wegvoertuigen;Overig/onbekend hybride;2010 februari;8;1;7
2843;Totaal wegvoertuigen;Overig/onbekend hybride;2010 maart;9;0;9
2844;Totaal wegvoertuigen;Overig/onbekend hybride;2010 1e kwartaal;26;3;23
2845;Totaal wegvoertuigen;Overig/onbekend hybride;2010 april;5;1;4
2846;Totaal wegvoertuigen;Overig/onbekend hybride;2010 mei;9;3;6
2847;Totaal wegvoertuigen;Overig/onbekend hybride;2010 juni;9;0;9
2848;Totaal wegvoertuigen;Overig/onbekend hybride;2010 2e kwartaal;23;4;19
2849;Totaal wegvoertuigen;Overig/onbekend hybride;2010 juli;33;14;19
2850;Totaal wegvoertuigen;Overig/onbekend hybride;2010 augustus;4;0;4
2851;Totaal wegvoertuigen;Overig/onbekend hybride;2010 september;14;1;13
2852;Totaal wegvoertuigen;Overig/onbekend hybride;2010 3e kwartaal;51;15;36
2853;Totaal wegvoertuigen;Overig/onbekend hybride;2010 oktober;15;1;14
2854;Totaal wegvoertuigen;Overig/onbekend hybride;2010 november;12;5;7
2855;Totaal wegvoertuigen;Overig/onbekend hybride;2010 december;8;1;7
2856;Totaal wegvoertuigen;Overig/onbekend hybride;2010 4e kwartaal;35;7;28
2857;Totaal wegvoertuigen;Overig/onbekend hybride;2010;135;29;106
2858;Totaal wegvoertuigen;Overig/onbekend hybride;2011 januari;8;1;7
2859;Totaal wegvoertuigen;Overig/onbekend hybride;2011 februari;16;4;12
2860;Totaal wegvoertuigen;Overig/onbekend hybride;2011 maart;17;4;13
2861;Totaal wegvoertuigen;Overig/onbekend hybride;2011 1e kwartaal;41;9;32
2862;Totaal wegvoertuigen;Overig/onbekend hybride;2011 april;15;2;13
2863;Totaal wegvoertuigen;Overig/onbekend hybride;2011 mei;8;0;8
2864;Totaal wegvoertuigen;Overig/onbekend hybride;2011 juni;8;2;6
2865;Totaal wegvoertuigen;Overig/onbekend hybride;2011 2e kwartaal;31;4;27
2866;Totaal wegvoertuigen;Overig/onbekend hybride;2011 juli;13;3;10
2867;Totaal wegvoertuigen;Overig/onbekend hybride;2011 augustus;17;0;17
2868;Totaal wegvoertuigen;Overig/onbekend hybride;2011 september;14;8;6
2869;Totaal wegvoertuigen;Overig/onbekend hybride;2011 3e kwartaal;44;11;33
2870;Totaal wegvoertuigen;Overig/onbekend hybride;2011 oktober;15;7;8
2871;Totaal wegvoertuigen;Overig/onbekend hybride;2011 november;18;4;14
2872;Totaal wegvoertuigen;Overig/onbekend hybride;2011 december;22;12;10
2873;Totaal wegvoertuigen;Overig/onbekend hybride;2011 4e kwartaal;55;23;32
2874;Totaal wegvoertuigen;Overig/onbekend hybride;2011;171;47;124
2875;Totaal wegvoertuigen;Overig/onbekend hybride;2012 januari;65;56;9
2876;Totaal wegvoertuigen;Overig/onbekend hybride;2012 februari;57;48;9
2877;Totaal wegvoertuigen;Overig/onbekend hybride;2012 maart;472;467;5
2878;Totaal wegvoertuigen;Overig/onbekend hybride;2012 1e kwartaal;594;571;23
2879;Totaal wegvoertuigen;Overig/onbekend hybride;2012 april;219;206;13
2880;Totaal wegvoertuigen;Overig/onbekend hybride;2012 mei;412;399;13
2881;Totaal wegvoertuigen;Overig/onbekend hybride;2012 juni;339;329;10
2882;Totaal wegvoertuigen;Overig/onbekend hybride;2012 2e kwartaal;970;934;36
2883;Totaal wegvoertuigen;Overig/onbekend hybride;2012 juli;244;221;23
2884;Totaal wegvoertuigen;Overig/onbekend hybride;2012 augustus;263;253;10
2885;Totaal wegvoertuigen;Overig/onbekend hybride;2012 september;318;302;16
2886;Totaal wegvoertuigen;Overig/onbekend hybride;2012 3e kwartaal;825;776;49
2887;Totaal wegvoertuigen;Overig/onbekend hybride;2012 oktober;297;278;19
2888;Totaal wegvoertuigen;Overig/onbekend hybride;2012 november;363;342;21
2889;Totaal wegvoertuigen;Overig/onbekend hybride;2012 december;298;263;35
2890;Totaal wegvoertuigen;Overig/onbekend hybride;2012 4e kwartaal;958;883;75
2891;Totaal wegvoertuigen;Overig/onbekend hybride;2012;3347;3164;183
2892;Totaal wegvoertuigen;Overig/onbekend hybride;2013 januari;286;263;23
2893;Totaal wegvoertuigen;Overig/onbekend hybride;2013 februari;187;130;57
2894;Totaal wegvoertuigen;Overig/onbekend hybride;2013 maart;223;188;35
2895;Totaal wegvoertuigen;Overig/onbekend hybride;2013 1e kwartaal;696;581;115
2896;Totaal wegvoertuigen;Overig/onbekend hybride;2013 april;88;69;19
2897;Totaal wegvoertuigen;Overig/onbekend hybride;2013 mei;145;118;27
2898;Totaal wegvoertuigen;Overig/onbekend hybride;2013 juni;124;94;30
2899;Totaal wegvoertuigen;Overig/onbekend hybride;2013 2e kwartaal;357;281;76
2900;Totaal wegvoertuigen;Overig/onbekend hybride;2013 juli;162;132;30
2901;Totaal wegvoertuigen;Overig/onbekend hybride;2013 augustus;608;576;32
2902;Totaal wegvoertuigen;Overig/onbekend hybride;2013 september;238;184;54
2903;Totaal wegvoertuigen;Overig/onbekend hybride;2013 3e kwartaal;1008;892;116
2904;Totaal wegvoertuigen;Overig/onbekend hybride;2013 oktober;265;206;59
2905;Totaal wegvoertuigen;Overig/onbekend hybride;2013 november;394;341;53
2906;Totaal wegvoertuigen;Overig/onbekend hybride;2013 december;849;746;103
2907;Totaal wegvoertuigen;Overig/onbekend hybride;2013 4e kwartaal;1508;1293;215
2908;Totaal wegvoertuigen;Overig/onbekend hybride;2013;3569;3047;522
2909;Totaal wegvoertuigen;Overig/onbekend hybride;2014 januari;52;7;45
2910;Totaal wegvoertuigen;Overig/onbekend hybride;2014 februari;133;62;71
2911;Totaal wegvoertuigen;Overig/onbekend hybride;2014 maart;107;50;57
2912;Totaal wegvoertuigen;Overig/onbekend hybride;2014 1e kwartaal;292;119;173
2913;Totaal wegvoertuigen;Overig/onbekend hybride;2014 april;119;59;60
2914;Totaal wegvoertuigen;Overig/onbekend hybride;2014 mei;95;33;62
2915;Totaal wegvoertuigen;Overig/onbekend hybride;2014 juni;98;37;61
2916;Totaal wegvoertuigen;Overig/onbekend hybride;2014 2e kwartaal;312;129;183
2917;Totaal wegvoertuigen;Overig/onbekend hybride;2014 juli;125;29;96
2918;Totaal wegvoertuigen;Overig/onbekend hybride;2014 augustus;112;47;65
2919;Totaal wegvoertuigen;Overig/onbekend hybride;2014 september;105;24;81
2920;Totaal wegvoertuigen;Overig/onbekend hybride;2014 3e kwartaal;342;100;242
2921;Totaal wegvoertuigen;Overig/onbekend hybride;2014 oktober;95;16;79
2922;Totaal wegvoertuigen;Overig/onbekend hybride;2014 november;95;24;71
2923;Totaal wegvoertuigen;Overig/onbekend hybride;2014 december;201;33;168
2924;Totaal wegvoertuigen;Overig/onbekend hybride;2014 4e kwartaal;391;73;318
2925;Totaal wegvoertuigen;Overig/onbekend hybride;2014;1337;421;916
2926;Totaal wegvoertuigen;Overig/onbekend hybride;2015 januari;151;41;110
2927;Totaal wegvoertuigen;Overig/onbekend hybride;2015 februari;91;13;78
2928;Totaal wegvoertuigen;Overig/onbekend hybride;2015 maart;141;30;111
2929;Totaal wegvoertuigen;Overig/onbekend hybride;2015 1e kwartaal;383;84;299
2930;Totaal wegvoertuigen;Overig/onbekend hybride;2015 april;133;17;116
2931;Totaal wegvoertuigen;Overig/onbekend hybride;2015 mei;122;35;87
2932;Totaal wegvoertuigen;Overig/onbekend hybride;2015 juni;133;31;102
2933;Totaal wegvoertuigen;Overig/onbekend hybride;2015 2e kwartaal;388;83;305
2934;Totaal wegvoertuigen;Overig/onbekend hybride;2015 juli;136;22;114
2935;Totaal wegvoertuigen;Overig/onbekend hybride;2015 augustus;138;31;107
2936;Totaal wegvoertuigen;Overig/onbekend hybride;2015 september;135;35;100
2937;Totaal wegvoertuigen;Overig/onbekend hybride;2015 3e kwartaal;409;88;321
2938;Totaal wegvoertuigen;Overig/onbekend hybride;2015 oktober;186;41;145
2939;Totaal wegvoertuigen;Overig/onbekend hybride;2015 november;200;46;154
2940;Totaal wegvoertuigen;Overig/onbekend hybride;2015 december;410;205;205
2941;Totaal wegvoertuigen;Overig/onbekend hybride;2015 4e kwartaal;796;292;504
2942;Totaal wegvoertuigen;Overig/onbekend hybride;2015;1976;547;1429
2943;Totaal wegvoertuigen;Overig/onbekend hybride;2016 januari;220;4;216
2944;Totaal wegvoertuigen;Overig/onbekend hybride;2016 februari;218;6;212
2945;Totaal wegvoertuigen;Overig/onbekend hybride;2016 maart;231;3;228
2946;Totaal wegvoertuigen;Overig/onbekend hybride;2016 1e kwartaal;669;13;656
2947;Totaal wegvoertuigen;Overig/onbekend hybride;2016 april;206;2;204
2948;Totaal wegvoertuigen;Overig/onbekend hybride;2016 mei;180;3;177
2949;Totaal wegvoertuigen;Overig/onbekend hybride;2016 juni;148;4;144
2950;Totaal wegvoertuigen;Overig/onbekend hybride;2016 2e kwartaal;534;9;525
2951;Totaal wegvoertuigen;Overig/onbekend hybride;2016 juli;189;3;186
2952;Totaal wegvoertuigen;Overig/onbekend hybride;2016 augustus;158;4;154
2953;Totaal wegvoertuigen;Overig/onbekend hybride;2016 september;159;6;153
2954;Totaal wegvoertuigen;Overig/onbekend hybride;2016 3e kwartaal;506;13;493
2955;Totaal wegvoertuigen;Overig/onbekend hybride;2016 oktober;206;8;198
2956;Totaal wegvoertuigen;Overig/onbekend hybride;2016 november;198;2;196
2957;Totaal wegvoertuigen;Overig/onbekend hybride;2016 december;251;5;246
2958;Totaal wegvoertuigen;Overig/onbekend hybride;2016 4e kwartaal;655;15;640
2959;Totaal wegvoertuigen;Overig/onbekend hybride;2016;2364;50;2314
2960;Totaal wegvoertuigen;Overig/onbekend hybride;2017 januari;257;3;254
2961;Totaal wegvoertuigen;Overig/onbekend hybride;2017 februari;210;1;209
2962;Totaal wegvoertuigen;Overig/onbekend hybride;2017 maart;292;3;289
2963;Totaal wegvoertuigen;Overig/onbekend hybride;2017 1e kwartaal;759;7;752
2964;Totaal wegvoertuigen;Overig/onbekend hybride;2017 april;217;1;216
2965;Totaal wegvoertuigen;Overig/onbekend hybride;2017 mei;261;5;256
2966;Totaal wegvoertuigen;Overig/onbekend hybride;2017 juni;274;1;273
2967;Totaal wegvoertuigen;Overig/onbekend hybride;2017 2e kwartaal;752;7;745
2968;Totaal wegvoertuigen;Overig/onbekend hybride;2017 juli;249;1;248
2969;Totaal wegvoertuigen;Overig/onbekend hybride;2017 augustus;277;2;275
2970;Totaal wegvoertuigen;Overig/onbekend hybride;2017 september;293;5;288
2971;Totaal wegvoertuigen;Overig/onbekend hybride;2017 3e kwartaal;819;8;811
2972;Totaal wegvoertuigen;Overig/onbekend hybride;2017 oktober;311;1;310
2973;Totaal wegvoertuigen;Overig/onbekend hybride;2017 november;262;1;261
2974;Totaal wegvoertuigen;Overig/onbekend hybride;2017 december;246;1;245
2975;Totaal wegvoertuigen;Overig/onbekend hybride;2017 4e kwartaal;819;3;816
2976;Totaal wegvoertuigen;Overig/onbekend hybride;2017;3149;25;3124
2977;Totaal wegvoertuigen;Overig/onbekend hybride;2018 januari;331;1;330
2978;Totaal wegvoertuigen;Overig/onbekend hybride;2018 februari;260;2;258
2979;Totaal wegvoertuigen;Overig/onbekend hybride;2018 maart;261;1;260
2980;Totaal wegvoertuigen;Overig/onbekend hybride;2018 1e kwartaal;852;4;848
2981;Totaal wegvoertuigen;Overig/onbekend hybride;2018 april;209;5;204
2982;Totaal wegvoertuigen;Overig/onbekend hybride;2018 mei;216;4;212
2983;Totaal wegvoertuigen;Overig/onbekend hybride;2018 juni;226;14;212
2984;Totaal wegvoertuigen;Overig/onbekend hybride;2018 2e kwartaal;651;23;628
2985;Totaal wegvoertuigen;Overig/onbekend hybride;2018 juli;248;13;235
2986;Totaal wegvoertuigen;Overig/onbekend hybride;2018 augustus;240;6;234
2987;Totaal wegvoertuigen;Overig/onbekend hybride;2018 september;243;3;240
2988;Totaal wegvoertuigen;Overig/onbekend hybride;2018 3e kwartaal;731;22;709
2989;Totaal wegvoertuigen;Overig/onbekend hybride;2018 oktober;325;4;321
2990;Totaal wegvoertuigen;Overig/onbekend hybride;2018 november;231;3;228
2991;Totaal wegvoertuigen;Overig/onbekend hybride;2018 december;314;2;312
2992;Totaal wegvoertuigen;Overig/onbekend hybride;2018 4e kwartaal;870;9;861
2993;Totaal wegvoertuigen;Overig/onbekend hybride;2018;3104;58;3046
2994;Totaal wegvoertuigen;Overig/onbekend hybride;2019 januari;338;1;337
2995;Totaal wegvoertuigen;Overig/onbekend hybride;2019 februari;170;1;169
2996;Totaal wegvoertuigen;Overig/onbekend hybride;2019 maart;177;2;175
2997;Totaal wegvoertuigen;Overig/onbekend hybride;2019 1e kwartaal;685;4;681
2998;Totaal wegvoertuigen;Overig/onbekend hybride;2019 april;139;1;138
2999;Totaal wegvoertuigen;Overig/onbekend hybride;2019 mei;156;1;155
3000;Totaal wegvoertuigen;Overig/onbekend hybride;2019 juni;134;0;134
3001;Totaal wegvoertuigen;Overig/onbekend hybride;2019 2e kwartaal;429;2;427
3002;Totaal wegvoertuigen;Overig/onbekend hybride;2019 juli;135;3;132
3003;Totaal wegvoertuigen;Overig/onbekend hybride;2019 augustus;117;2;115
3004;Totaal wegvoertuigen;Overig/onbekend hybride;2019 september;157;2;155
3005;Totaal wegvoertuigen;Overig/onbekend hybride;2019 3e kwartaal;409;7;402
3006;Totaal wegvoertuigen;Overig/onbekend hybride;2019 oktober;161;0;161
3007;Totaal wegvoertuigen;Overig/onbekend hybride;2019 november;166;1;165
3008;Totaal wegvoertuigen;Overig/onbekend hybride;2019 december;160;2;158
3009;Totaal wegvoertuigen;Overig/onbekend hybride;2019 4e kwartaal;487;3;484
3010;Totaal wegvoertuigen;Overig/onbekend hybride;2019;2010;16;1994
3011;Totaal wegvoertuigen;Overig/onbekend hybride;2020 januari;215;6;209
3012;Totaal wegvoertuigen;Overig/onbekend hybride;2020 februari;160;4;156
3013;Totaal wegvoertuigen;Overig/onbekend hybride;2020 maart;112;8;104
3014;Totaal wegvoertuigen;Overig/onbekend hybride;2020 1e kwartaal;487;18;469
3015;Totaal wegvoertuigen;Overig/onbekend hybride;2020 april;81;2;79
3016;Totaal wegvoertuigen;Overig/onbekend hybride;2020 mei;122;7;115
3017;Totaal wegvoertuigen;Overig/onbekend hybride;2020 juni;122;4;118
3018;Totaal wegvoertuigen;Overig/onbekend hybride;2020 2e kwartaal;325;13;312
3019;Totaal wegvoertuigen;Overig/onbekend hybride;2020 juli;157;1;156
3020;Totaal wegvoertuigen;Overig/onbekend hybride;2020 augustus;129;1;128
3021;Totaal wegvoertuigen;Overig/onbekend hybride;2020 september;171;15;156
3022;Totaal wegvoertuigen;Overig/onbekend hybride;2020 3e kwartaal;457;17;440
3023;Totaal wegvoertuigen;Overig/onbekend hybride;2020 oktober;199;19;180
3024;Totaal wegvoertuigen;Overig/onbekend hybride;2020 november;174;11;163
3025;Totaal wegvoertuigen;Overig/onbekend hybride;2020 december;178;8;170
3026;Totaal wegvoertuigen;Overig/onbekend hybride;2020 4e kwartaal;551;38;513
3027;Totaal wegvoertuigen;Overig/onbekend hybride;2020;1820;86;1734
3028;Totaal wegvoertuigen;Overig/onbekend hybride;2021 januari;176;20;156
3029;Totaal wegvoertuigen;Overig/onbekend hybride;2021 februari;154;15;139
3030;Totaal wegvoertuigen;Overig/onbekend hybride;2021 maart;189;16;173
3031;Totaal wegvoertuigen;Overig/onbekend hybride;2021 1e kwartaal;519;51;468
3032;Totaal wegvoertuigen;Overig/onbekend hybride;2021 april;157;13;144
3033;Totaal wegvoertuigen;Overig/onbekend hybride;2021 mei;180;31;149
3034;Totaal wegvoertuigen;Overig/onbekend hybride;2021 juni;202;34;168
3035;Totaal wegvoertuigen;Overig/onbekend hybride;2021 2e kwartaal;539;78;461
3036;Totaal wegvoertuigen;Overig/onbekend hybride;2021 juli;188;37;151
3037;Totaal wegvoertuigen;Overig/onbekend hybride;2021 augustus;200;18;182
3038;Totaal wegvoertuigen;Overig/onbekend hybride;2021 september;186;19;167
3039;Totaal wegvoertuigen;Overig/onbekend hybride;2021 3e kwartaal;574;74;500
3040;Totaal wegvoertuigen;Overig/onbekend hybride;2021 oktober;196;12;184
3041;Totaal wegvoertuigen;Overig/onbekend hybride;2021 november;210;16;194
3042;Totaal wegvoertuigen;Overig/onbekend hybride;2021 december;201;14;187
3043;Totaal wegvoertuigen;Overig/onbekend hybride;2021 4e kwartaal;607;42;565
3044;Totaal wegvoertuigen;Overig/onbekend hybride;2021;2239;245;1994
3045;Totaal wegvoertuigen;Overig/onbekend hybride;2022 januari;214;26;188
3046;Totaal wegvoertuigen;Overig/onbekend hybride;2022 februari;182;16;166
3047;Totaal wegvoertuigen;Overig/onbekend hybride;2022 maart;197;16;181
3048;Totaal wegvoertuigen;Overig/onbekend hybride;2022 1e kwartaal;593;58;535
3049;Totaal wegvoertuigen;Overig/onbekend hybride;2022 april;164;18;146
3050;Totaal wegvoertuigen;Overig/onbekend hybride;2022 mei;174;28;146
3051;Totaal wegvoertuigen;Overig/onbekend hybride;2022 juni;158;16;142
3052;Totaal wegvoertuigen;Overig/onbekend hybride;2022 2e kwartaal;496;62;434
3053;Totaal wegvoertuigen;Overig/onbekend hybride;2022 juli;191;25;166
3054;Totaal wegvoertuigen;Overig/onbekend hybride;2022 augustus;173;30;143
3055;Totaal wegvoertuigen;Overig/onbekend hybride;2022 september;176;23;153
3056;Totaal wegvoertuigen;Overig/onbekend hybride;2022 3e kwartaal;540;78;462
3057;Totaal wegvoertuigen;Overig/onbekend hybride;2022 oktober;186;18;168
3058;Totaal wegvoertuigen;Overig/onbekend hybride;2022 november;154;16;138
3059;Totaal wegvoertuigen;Overig/onbekend hybride;2022 december;161;11;150
3060;Totaal wegvoertuigen;Overig/onbekend hybride;2022 4e kwartaal;501;45;456
3061;Totaal wegvoertuigen;Overig/onbekend hybride;2022;2130;243;1887
3062;Totaal wegvoertuigen;Overig/onbekend hybride;2023 januari;199;23;176
3063;Totaal wegvoertuigen;Overig/onbekend hybride;2023 februari;188;10;178
3064;Totaal wegvoertuigen;Overig/onbekend hybride;2023 maart;207;18;189
3065;Totaal wegvoertuigen;Overig/onbekend hybride;2023 1e kwartaal;594;51;543
3066;Totaal wegvoertuigen;Overig/onbekend hybride;2023 april;190;15;175
3067;Totaal wegvoertuigen;Overig/onbekend hybride;2023 mei;174;7;167
3068;Totaal wegvoertuigen;Overig/onbekend hybride;2023 juni;221;16;205
3069;Totaal wegvoertuigen;Overig/onbekend hybride;2023 2e kwartaal;585;38;547
3070;Totaal wegvoertuigen;Overig/onbekend hybride;2023 juli;194;9;185
3071;Totaal wegvoertuigen;Overig/onbekend hybride;2023 augustus;187;20;167
3072;Totaal wegvoertuigen;Overig/onbekend hybride;2023 september;176;8;168
3073;Totaal wegvoertuigen;Overig/onbekend hybride;2023 3e kwartaal;557;37;520
3074;Totaal wegvoertuigen;Overig/onbekend hybride;2023 oktober;186;13;173
3075;Totaal wegvoertuigen;Overig/onbekend hybride;2023 november;223;15;208
3076;Totaal wegvoertuigen;Overig/onbekend hybride;2023 december;216;15;201
3077;Totaal wegvoertuigen;Overig/onbekend hybride;2023 4e kwartaal;625;43;582
3078;Totaal wegvoertuigen;Overig/onbekend hybride;2023;2361;169;2192
3079;Totaal wegvoertuigen;Overig/onbekend hybride;2024 januari;211;24;187
3080;Totaal wegvoertuigen;Overig/onbekend hybride;2024 februari;223;20;203
3081;Totaal wegvoertuigen;Overig/onbekend hybride;2024 maart;235;15;220
3082;Totaal wegvoertuigen;Overig/onbekend hybride;2024 1e kwartaal;669;59;610
3083;Totaal wegvoertuigen;Overig/onbekend hybride;2024 april;211;10;201
3084;Totaal wegvoertuigen;Overig/onbekend hybride;2024 mei;207;27;180
3085;Totaal wegvoertuigen;Overig/onbekend hybride;2024 juni;222;25;197
3086;Totaal wegvoertuigen;Overig/onbekend hybride;2024 2e kwartaal;640;62;578
3087;Totaal wegvoertuigen;Overig/onbekend hybride;2024 juli;223;19;204
3088;Totaal wegvoertuigen;Overig/onbekend hybride;2024 augustus;219;31;188
3089;Totaal wegvoertuigen;Overig/onbekend hybride;2024 september;206;16;190
3090;Totaal wegvoertuigen;Overig/onbekend hybride;2024 3e kwartaal;648;66;582
3091;Totaal wegvoertuigen;Overig/onbekend hybride;2024 oktober;251;31;220
3092;Totaal wegvoertuigen;Overig/onbekend hybride;2024 november;292;69;223
3093;Totaal wegvoertuigen;Overig/onbekend hybride;2024 december;365;108;257
3094;Totaal wegvoertuigen;Overig/onbekend hybride;2024 4e kwartaal;908;208;700
3095;Totaal wegvoertuigen;Overig/onbekend hybride;2024;2865;395;2470
3096;Totaal wegvoertuigen;Overig/onbekend hybride;2025 januari;278;8;270
3097;Totaal wegvoertuigen;Overig/onbekend hybride;2025 februari;259;4;255
3098;Totaal wegvoertuigen;Overig/onbekend hybride;2025 maart;249;13;236
3099;Totaal wegvoertuigen;Overig/onbekend hybride;2025 1e kwartaal;786;25;761
3100;Totaal wegvoertuigen;Overige/onbekende brandstof;2007 januari;86;67;19
3101;Totaal wegvoertuigen;Overige/onbekende brandstof;2007 februari;328;313;15
3102;Totaal wegvoertuigen;Overige/onbekende brandstof;2007 maart;19;12;7
3103;Totaal wegvoertuigen;Overige/onbekende brandstof;2007 1e kwartaal;433;392;41
3104;Totaal wegvoertuigen;Overige/onbekende brandstof;2007 april;18;13;5
3105;Totaal wegvoertuigen;Overige/onbekende brandstof;2007 mei;23;8;15
3106;Totaal wegvoertuigen;Overige/onbekende brandstof;2007 juni;9;6;3
3107;Totaal wegvoertuigen;Overige/onbekende brandstof;2007 2e kwartaal;50;27;23
3108;Totaal wegvoertuigen;Overige/onbekende brandstof;2007 juli;12;7;5
3109;Totaal wegvoertuigen;Overige/onbekende brandstof;2007 augustus;29;25;4
3110;Totaal wegvoertuigen;Overige/onbekende brandstof;2007 september;34;30;4
3111;Totaal wegvoertuigen;Overige/onbekende brandstof;2007 3e kwartaal;75;62;13
3112;Totaal wegvoertuigen;Overige/onbekende brandstof;2007 oktober;28;10;18
3113;Totaal wegvoertuigen;Overige/onbekende brandstof;2007 november;20;12;8
3114;Totaal wegvoertuigen;Overige/onbekende brandstof;2007 december;26;5;21
3115;Totaal wegvoertuigen;Overige/onbekende brandstof;2007 4e kwartaal;74;27;47
3116;Totaal wegvoertuigen;Overige/onbekende brandstof;2007;632;508;124
3117;Totaal wegvoertuigen;Overige/onbekende brandstof;2008 januari;46;35;11
3118;Totaal wegvoertuigen;Overige/onbekende brandstof;2008 februari;56;35;21
3119;Totaal wegvoertuigen;Overige/onbekende brandstof;2008 maart;55;47;8
3120;Totaal wegvoertuigen;Overige/onbekende brandstof;2008 1e kwartaal;157;117;40
3121;Totaal wegvoertuigen;Overige/onbekende brandstof;2008 april;58;42;16
3122;Totaal wegvoertuigen;Overige/onbekende brandstof;2008 mei;45;23;22
3123;Totaal wegvoertuigen;Overige/onbekende brandstof;2008 juni;55;39;16
3124;Totaal wegvoertuigen;Overige/onbekende brandstof;2008 2e kwartaal;158;104;54
3125;Totaal wegvoertuigen;Overige/onbekende brandstof;2008 juli;32;13;19
3126;Totaal wegvoertuigen;Overige/onbekende brandstof;2008 augustus;33;18;15
3127;Totaal wegvoertuigen;Overige/onbekende brandstof;2008 september;64;46;18
3128;Totaal wegvoertuigen;Overige/onbekende brandstof;2008 3e kwartaal;129;77;52
3129;Totaal wegvoertuigen;Overige/onbekende brandstof;2008 oktober;63;39;24
3130;Totaal wegvoertuigen;Overige/onbekende brandstof;2008 november;52;42;10
3131;Totaal wegvoertuigen;Overige/onbekende brandstof;2008 december;62;51;11
3132;Totaal wegvoertuigen;Overige/onbekende brandstof;2008 4e kwartaal;177;132;45
3133;Totaal wegvoertuigen;Overige/onbekende brandstof;2008;621;430;191
3134;Totaal wegvoertuigen;Overige/onbekende brandstof;2009 januari;140;95;45
3135;Totaal wegvoertuigen;Overige/onbekende brandstof;2009 februari;79;57;22
3136;Totaal wegvoertuigen;Overige/onbekende brandstof;2009 maart;117;95;22
3137;Totaal wegvoertuigen;Overige/onbekende brandstof;2009 1e kwartaal;336;247;89
3138;Totaal wegvoertuigen;Overige/onbekende brandstof;2009 april;157;141;16
3139;Totaal wegvoertuigen;Overige/onbekende brandstof;2009 mei;157;141;16
3140;Totaal wegvoertuigen;Overige/onbekende brandstof;2009 juni;205;163;42
3141;Totaal wegvoertuigen;Overige/onbekende brandstof;2009 2e kwartaal;519;445;74
3142;Totaal wegvoertuigen;Overige/onbekende brandstof;2009 juli;623;575;48
3143;Totaal wegvoertuigen;Overige/onbekende brandstof;2009 augustus;426;279;147
3144;Totaal wegvoertuigen;Overige/onbekende brandstof;2009 september;391;233;158
3145;Totaal wegvoertuigen;Overige/onbekende brandstof;2009 3e kwartaal;1440;1087;353
3146;Totaal wegvoertuigen;Overige/onbekende brandstof;2009 oktober;168;67;101
3147;Totaal wegvoertuigen;Overige/onbekende brandstof;2009 november;89;35;54
3148;Totaal wegvoertuigen;Overige/onbekende brandstof;2009 december;165;92;73
3149;Totaal wegvoertuigen;Overige/onbekende brandstof;2009 4e kwartaal;422;194;228
3150;Totaal wegvoertuigen;Overige/onbekende brandstof;2009;2717;1973;744
3151;Totaal wegvoertuigen;Overige/onbekende brandstof;2010 januari;181;127;54
3152;Totaal wegvoertuigen;Overige/onbekende brandstof;2010 februari;200;78;122
3153;Totaal wegvoertuigen;Overige/onbekende brandstof;2010 maart;222;68;154
3154;Totaal wegvoertuigen;Overige/onbekende brandstof;2010 1e kwartaal;603;273;330
3155;Totaal wegvoertuigen;Overige/onbekende brandstof;2010 april;175;64;111
3156;Totaal wegvoertuigen;Overige/onbekende brandstof;2010 mei;155;69;86
3157;Totaal wegvoertuigen;Overige/onbekende brandstof;2010 juni;169;83;86
3158;Totaal wegvoertuigen;Overige/onbekende brandstof;2010 2e kwartaal;499;216;283
3159;Totaal wegvoertuigen;Overige/onbekende brandstof;2010 juli;117;62;55
3160;Totaal wegvoertuigen;Overige/onbekende brandstof;2010 augustus;106;62;44
3161;Totaal wegvoertuigen;Overige/onbekende brandstof;2010 september;148;85;63
3162;Totaal wegvoertuigen;Overige/onbekende brandstof;2010 3e kwartaal;371;209;162
3163;Totaal wegvoertuigen;Overige/onbekende brandstof;2010 oktober;161;92;69
3164;Totaal wegvoertuigen;Overige/onbekende brandstof;2010 november;184;121;63
3165;Totaal wegvoertuigen;Overige/onbekende brandstof;2010 december;146;65;81
3166;Totaal wegvoertuigen;Overige/onbekende brandstof;2010 4e kwartaal;491;278;213
3167;Totaal wegvoertuigen;Overige/onbekende brandstof;2010;1964;976;988
3168;Totaal wegvoertuigen;Overige/onbekende brandstof;2011 januari;181;113;68
3169;Totaal wegvoertuigen;Overige/onbekende brandstof;2011 februari;189;127;62
3170;Totaal wegvoertuigen;Overige/onbekende brandstof;2011 maart;229;149;80
3171;Totaal wegvoertuigen;Overige/onbekende brandstof;2011 1e kwartaal;599;389;210
3172;Totaal wegvoertuigen;Overige/onbekende brandstof;2011 april;218;151;67
3173;Totaal wegvoertuigen;Overige/onbekende brandstof;2011 mei;216;138;78
3174;Totaal wegvoertuigen;Overige/onbekende brandstof;2011 juni;245;158;87
3175;Totaal wegvoertuigen;Overige/onbekende brandstof;2011 2e kwartaal;679;447;232
3176;Totaal wegvoertuigen;Overige/onbekende brandstof;2011 juli;251;190;61
3177;Totaal wegvoertuigen;Overige/onbekende brandstof;2011 augustus;197;148;49
3178;Totaal wegvoertuigen;Overige/onbekende brandstof;2011 september;274;191;83
3179;Totaal wegvoertuigen;Overige/onbekende brandstof;2011 3e kwartaal;722;529;193
3180;Totaal wegvoertuigen;Overige/onbekende brandstof;2011 oktober;222;141;81
3181;Totaal wegvoertuigen;Overige/onbekende brandstof;2011 november;367;285;82
3182;Totaal wegvoertuigen;Overige/onbekende brandstof;2011 december;149;64;85
3183;Totaal wegvoertuigen;Overige/onbekende brandstof;2011 4e kwartaal;738;490;248
3184;Totaal wegvoertuigen;Overige/onbekende brandstof;2011;2738;1855;883
3185;Totaal wegvoertuigen;Overige/onbekende brandstof;2012 januari;409;335;74
3186;Totaal wegvoertuigen;Overige/onbekende brandstof;2012 februari;256;153;103
3187;Totaal wegvoertuigen;Overige/onbekende brandstof;2012 maart;351;238;113
3188;Totaal wegvoertuigen;Overige/onbekende brandstof;2012 1e kwartaal;1016;726;290
3189;Totaal wegvoertuigen;Overige/onbekende brandstof;2012 april;238;115;123
3190;Totaal wegvoertuigen;Overige/onbekende brandstof;2012 mei;264;165;99
3191;Totaal wegvoertuigen;Overige/onbekende brandstof;2012 juni;229;110;119
3192;Totaal wegvoertuigen;Overige/onbekende brandstof;2012 2e kwartaal;731;390;341
3193;Totaal wegvoertuigen;Overige/onbekende brandstof;2012 juli;308;82;226
3194;Totaal wegvoertuigen;Overige/onbekende brandstof;2012 augustus;232;120;112
3195;Totaal wegvoertuigen;Overige/onbekende brandstof;2012 september;214;63;151
3196;Totaal wegvoertuigen;Overige/onbekende brandstof;2012 3e kwartaal;754;265;489
3197;Totaal wegvoertuigen;Overige/onbekende brandstof;2012 oktober;251;74;177
3198;Totaal wegvoertuigen;Overige/onbekende brandstof;2012 november;293;127;166
3199;Totaal wegvoertuigen;Overige/onbekende brandstof;2012 december;566;375;191
3200;Totaal wegvoertuigen;Overige/onbekende brandstof;2012 4e kwartaal;1110;576;534
3201;Totaal wegvoertuigen;Overige/onbekende brandstof;2012;3611;1957;1654
3202;Totaal wegvoertuigen;Overige/onbekende brandstof;2013 januari;286;123;163
3203;Totaal wegvoertuigen;Overige/onbekende brandstof;2013 februari;294;136;158
3204;Totaal wegvoertuigen;Overige/onbekende brandstof;2013 maart;295;81;214
3205;Totaal wegvoertuigen;Overige/onbekende brandstof;2013 1e kwartaal;875;340;535
3206;Totaal wegvoertuigen;Overige/onbekende brandstof;2013 april;256;109;147
3207;Totaal wegvoertuigen;Overige/onbekende brandstof;2013 mei;230;71;159
3208;Totaal wegvoertuigen;Overige/onbekende brandstof;2013 juni;253;99;154
3209;Totaal wegvoertuigen;Overige/onbekende brandstof;2013 2e kwartaal;739;279;460
3210;Totaal wegvoertuigen;Overige/onbekende brandstof;2013 juli;232;66;166
3211;Totaal wegvoertuigen;Overige/onbekende brandstof;2013 augustus;191;39;152
3212;Totaal wegvoertuigen;Overige/onbekende brandstof;2013 september;228;80;148
3213;Totaal wegvoertuigen;Overige/onbekende brandstof;2013 3e kwartaal;651;185;466
3214;Totaal wegvoertuigen;Overige/onbekende brandstof;2013 oktober;368;69;299
3215;Totaal wegvoertuigen;Overige/onbekende brandstof;2013 november;261;86;175
3216;Totaal wegvoertuigen;Overige/onbekende brandstof;2013 december;312;82;230
3217;Totaal wegvoertuigen;Overige/onbekende brandstof;2013 4e kwartaal;941;237;704
3218;Totaal wegvoertuigen;Overige/onbekende brandstof;2013;3206;1041;2165
3219;Totaal wegvoertuigen;Overige/onbekende brandstof;2014 januari;281;88;193
3220;Totaal wegvoertuigen;Overige/onbekende brandstof;2014 februari;265;73;192
3221;Totaal wegvoertuigen;Overige/onbekende brandstof;2014 maart;382;194;188
3222;Totaal wegvoertuigen;Overige/onbekende brandstof;2014 1e kwartaal;928;355;573
3223;Totaal wegvoertuigen;Overige/onbekende brandstof;2014 april;480;291;189
3224;Totaal wegvoertuigen;Overige/onbekende brandstof;2014 mei;484;290;194
3225;Totaal wegvoertuigen;Overige/onbekende brandstof;2014 juni;502;306;196
3226;Totaal wegvoertuigen;Overige/onbekende brandstof;2014 2e kwartaal;1466;887;579
3227;Totaal wegvoertuigen;Overige/onbekende brandstof;2014 juli;598;372;226
3228;Totaal wegvoertuigen;Overige/onbekende brandstof;2014 augustus;424;255;169
3229;Totaal wegvoertuigen;Overige/onbekende brandstof;2014 september;467;302;165
3230;Totaal wegvoertuigen;Overige/onbekende brandstof;2014 3e kwartaal;1489;929;560
3231;Totaal wegvoertuigen;Overige/onbekende brandstof;2014 oktober;621;395;226
3232;Totaal wegvoertuigen;Overige/onbekende brandstof;2014 november;530;286;244
3233;Totaal wegvoertuigen;Overige/onbekende brandstof;2014 december;1085;864;221
3234;Totaal wegvoertuigen;Overige/onbekende brandstof;2014 4e kwartaal;2236;1545;691
3235;Totaal wegvoertuigen;Overige/onbekende brandstof;2014;6119;3716;2403
3236;Totaal wegvoertuigen;Overige/onbekende brandstof;2015 januari;454;147;307
3237;Totaal wegvoertuigen;Overige/onbekende brandstof;2015 februari;379;60;319
3238;Totaal wegvoertuigen;Overige/onbekende brandstof;2015 maart;481;92;389
3239;Totaal wegvoertuigen;Overige/onbekende brandstof;2015 1e kwartaal;1314;299;1015
3240;Totaal wegvoertuigen;Overige/onbekende brandstof;2015 april;353;53;300
3241;Totaal wegvoertuigen;Overige/onbekende brandstof;2015 mei;307;75;232
3242;Totaal wegvoertuigen;Overige/onbekende brandstof;2015 juni;427;110;317
3243;Totaal wegvoertuigen;Overige/onbekende brandstof;2015 2e kwartaal;1087;238;849
3244;Totaal wegvoertuigen;Overige/onbekende brandstof;2015 juli;358;82;276
3245;Totaal wegvoertuigen;Overige/onbekende brandstof;2015 augustus;316;81;235
3246;Totaal wegvoertuigen;Overige/onbekende brandstof;2015 september;358;76;282
3247;Totaal wegvoertuigen;Overige/onbekende brandstof;2015 3e kwartaal;1032;239;793
3248;Totaal wegvoertuigen;Overige/onbekende brandstof;2015 oktober;394;101;293
3249;Totaal wegvoertuigen;Overige/onbekende brandstof;2015 november;461;89;372
3250;Totaal wegvoertuigen;Overige/onbekende brandstof;2015 december;431;123;308
3251;Totaal wegvoertuigen;Overige/onbekende brandstof;2015 4e kwartaal;1286;313;973
3252;Totaal wegvoertuigen;Overige/onbekende brandstof;2015;4719;1089;3630
3253;Totaal wegvoertuigen;Overige/onbekende brandstof;2016 januari;362;48;314
3254;Totaal wegvoertuigen;Overige/onbekende brandstof;2016 februari;401;35;366
3255;Totaal wegvoertuigen;Overige/onbekende brandstof;2016 maart;415;86;329
3256;Totaal wegvoertuigen;Overige/onbekende brandstof;2016 1e kwartaal;1178;169;1009
3257;Totaal wegvoertuigen;Overige/onbekende brandstof;2016 april;341;72;269
3258;Totaal wegvoertuigen;Overige/onbekende brandstof;2016 mei;364;39;325
3259;Totaal wegvoertuigen;Overige/onbekende brandstof;2016 juni;374;68;306
3260;Totaal wegvoertuigen;Overige/onbekende brandstof;2016 2e kwartaal;1079;179;900
3261;Totaal wegvoertuigen;Overige/onbekende brandstof;2016 juli;453;56;397
3262;Totaal wegvoertuigen;Overige/onbekende brandstof;2016 augustus;598;139;459
3263;Totaal wegvoertuigen;Overige/onbekende brandstof;2016 september;483;128;355
3264;Totaal wegvoertuigen;Overige/onbekende brandstof;2016 3e kwartaal;1534;323;1211
3265;Totaal wegvoertuigen;Overige/onbekende brandstof;2016 oktober;473;120;353
3266;Totaal wegvoertuigen;Overige/onbekende brandstof;2016 november;594;218;376
3267;Totaal wegvoertuigen;Overige/onbekende brandstof;2016 december;611;212;399
3268;Totaal wegvoertuigen;Overige/onbekende brandstof;2016 4e kwartaal;1678;550;1128
3269;Totaal wegvoertuigen;Overige/onbekende brandstof;2016;5469;1221;4248
3270;Totaal wegvoertuigen;Overige/onbekende brandstof;2017 januari;694;246;448
3271;Totaal wegvoertuigen;Overige/onbekende brandstof;2017 februari;647;160;487
3272;Totaal wegvoertuigen;Overige/onbekende brandstof;2017 maart;716;194;522
3273;Totaal wegvoertuigen;Overige/onbekende brandstof;2017 1e kwartaal;2057;600;1457
3274;Totaal wegvoertuigen;Overige/onbekende brandstof;2017 april;597;161;436
3275;Totaal wegvoertuigen;Overige/onbekende brandstof;2017 mei;683;163;520
3276;Totaal wegvoertuigen;Overige/onbekende brandstof;2017 juni;761;228;533
3277;Totaal wegvoertuigen;Overige/onbekende brandstof;2017 2e kwartaal;2041;552;1489
3278;Totaal wegvoertuigen;Overige/onbekende brandstof;2017 juli;806;262;544
3279;Totaal wegvoertuigen;Overige/onbekende brandstof;2017 augustus;825;397;428
3280;Totaal wegvoertuigen;Overige/onbekende brandstof;2017 september;505;90;415
3281;Totaal wegvoertuigen;Overige/onbekende brandstof;2017 3e kwartaal;2136;749;1387
3282;Totaal wegvoertuigen;Overige/onbekende brandstof;2017 oktober;550;106;444
3283;Totaal wegvoertuigen;Overige/onbekende brandstof;2017 november;598;148;450
3284;Totaal wegvoertuigen;Overige/onbekende brandstof;2017 december;421;42;379
3285;Totaal wegvoertuigen;Overige/onbekende brandstof;2017 4e kwartaal;1569;296;1273
3286;Totaal wegvoertuigen;Overige/onbekende brandstof;2017;7803;2197;5606
3287;Totaal wegvoertuigen;Overige/onbekende brandstof;2018 januari;574;109;465
3288;Totaal wegvoertuigen;Overige/onbekende brandstof;2018 februari;721;271;450
3289;Totaal wegvoertuigen;Overige/onbekende brandstof;2018 maart;679;205;474
3290;Totaal wegvoertuigen;Overige/onbekende brandstof;2018 1e kwartaal;1974;585;1389
3291;Totaal wegvoertuigen;Overige/onbekende brandstof;2018 april;565;160;405
3292;Totaal wegvoertuigen;Overige/onbekende brandstof;2018 mei;637;179;458
3293;Totaal wegvoertuigen;Overige/onbekende brandstof;2018 juni;632;132;500
3294;Totaal wegvoertuigen;Overige/onbekende brandstof;2018 2e kwartaal;1834;471;1363
3295;Totaal wegvoertuigen;Overige/onbekende brandstof;2018 juli;799;286;513
3296;Totaal wegvoertuigen;Overige/onbekende brandstof;2018 augustus;617;168;449
3297;Totaal wegvoertuigen;Overige/onbekende brandstof;2018 september;540;58;482
3298;Totaal wegvoertuigen;Overige/onbekende brandstof;2018 3e kwartaal;1956;512;1444
3299;Totaal wegvoertuigen;Overige/onbekende brandstof;2018 oktober;601;88;513
3300;Totaal wegvoertuigen;Overige/onbekende brandstof;2018 november;485;67;418
3301;Totaal wegvoertuigen;Overige/onbekende brandstof;2018 december;467;64;403
3302;Totaal wegvoertuigen;Overige/onbekende brandstof;2018 4e kwartaal;1553;219;1334
3303;Totaal wegvoertuigen;Overige/onbekende brandstof;2018;7317;1787;5530
3304;Totaal wegvoertuigen;Overige/onbekende brandstof;2019 januari;629;98;531
3305;Totaal wegvoertuigen;Overige/onbekende brandstof;2019 februari;549;73;476
3306;Totaal wegvoertuigen;Overige/onbekende brandstof;2019 maart;564;67;497
3307;Totaal wegvoertuigen;Overige/onbekende brandstof;2019 1e kwartaal;1742;238;1504
3308;Totaal wegvoertuigen;Overige/onbekende brandstof;2019 april;548;61;487
3309;Totaal wegvoertuigen;Overige/onbekende brandstof;2019 mei;663;100;563
3310;Totaal wegvoertuigen;Overige/onbekende brandstof;2019 juni;491;78;413
3311;Totaal wegvoertuigen;Overige/onbekende brandstof;2019 2e kwartaal;1702;239;1463
3312;Totaal wegvoertuigen;Overige/onbekende brandstof;2019 juli;607;86;521
3313;Totaal wegvoertuigen;Overige/onbekende brandstof;2019 augustus;596;125;471
3314;Totaal wegvoertuigen;Overige/onbekende brandstof;2019 september;594;71;523
3315;Totaal wegvoertuigen;Overige/onbekende brandstof;2019 3e kwartaal;1797;282;1515
3316;Totaal wegvoertuigen;Overige/onbekende brandstof;2019 oktober;637;130;507
3317;Totaal wegvoertuigen;Overige/onbekende brandstof;2019 november;671;165;506
3318;Totaal wegvoertuigen;Overige/onbekende brandstof;2019 december;620;124;496
3319;Totaal wegvoertuigen;Overige/onbekende brandstof;2019 4e kwartaal;1928;419;1509
3320;Totaal wegvoertuigen;Overige/onbekende brandstof;2019;7169;1178;5991
3321;Totaal wegvoertuigen;Overige/onbekende brandstof;2020 januari;691;83;608
3322;Totaal wegvoertuigen;Overige/onbekende brandstof;2020 februari;571;39;532
3323;Totaal wegvoertuigen;Overige/onbekende brandstof;2020 maart;592;71;521
3324;Totaal wegvoertuigen;Overige/onbekende brandstof;2020 1e kwartaal;1854;193;1661
3325;Totaal wegvoertuigen;Overige/onbekende brandstof;2020 april;435;84;351
3326;Totaal wegvoertuigen;Overige/onbekende brandstof;2020 mei;426;53;373
3327;Totaal wegvoertuigen;Overige/onbekende brandstof;2020 juni;491;40;451
3328;Totaal wegvoertuigen;Overige/onbekende brandstof;2020 2e kwartaal;1352;177;1175
3329;Totaal wegvoertuigen;Overige/onbekende brandstof;2020 juli;435;37;398
3330;Totaal wegvoertuigen;Overige/onbekende brandstof;2020 augustus;370;33;337
3331;Totaal wegvoertuigen;Overige/onbekende brandstof;2020 september;470;84;386
3332;Totaal wegvoertuigen;Overige/onbekende brandstof;2020 3e kwartaal;1275;154;1121
3333;Totaal wegvoertuigen;Overige/onbekende brandstof;2020 oktober;536;112;424
3334;Totaal wegvoertuigen;Overige/onbekende brandstof;2020 november;554;73;481
3335;Totaal wegvoertuigen;Overige/onbekende brandstof;2020 december;584;103;481
3336;Totaal wegvoertuigen;Overige/onbekende brandstof;2020 4e kwartaal;1674;288;1386
3337;Totaal wegvoertuigen;Overige/onbekende brandstof;2020;6155;812;5343
3338;Totaal wegvoertuigen;Overige/onbekende brandstof;2021 januari;462;69;393
3339;Totaal wegvoertuigen;Overige/onbekende brandstof;2021 februari;403;71;332
3340;Totaal wegvoertuigen;Overige/onbekende brandstof;2021 maart;564;104;460
3341;Totaal wegvoertuigen;Overige/onbekende brandstof;2021 1e kwartaal;1429;244;1185
3342;Totaal wegvoertuigen;Overige/onbekende brandstof;2021 april;490;86;404
3343;Totaal wegvoertuigen;Overige/onbekende brandstof;2021 mei;437;64;373
3344;Totaal wegvoertuigen;Overige/onbekende brandstof;2021 juni;455;81;374
3345;Totaal wegvoertuigen;Overige/onbekende brandstof;2021 2e kwartaal;1382;231;1151
3346;Totaal wegvoertuigen;Overige/onbekende brandstof;2021 juli;477;53;424
3347;Totaal wegvoertuigen;Overige/onbekende brandstof;2021 augustus;425;42;383
3348;Totaal wegvoertuigen;Overige/onbekende brandstof;2021 september;441;43;398
3349;Totaal wegvoertuigen;Overige/onbekende brandstof;2021 3e kwartaal;1343;138;1205
3350;Totaal wegvoertuigen;Overige/onbekende brandstof;2021 oktober;435;45;390
3351;Totaal wegvoertuigen;Overige/onbekende brandstof;2021 november;484;60;424
3352;Totaal wegvoertuigen;Overige/onbekende brandstof;2021 december;507;102;405
3353;Totaal wegvoertuigen;Overige/onbekende brandstof;2021 4e kwartaal;1426;207;1219
3354;Totaal wegvoertuigen;Overige/onbekende brandstof;2021;5580;820;4760
3355;Totaal wegvoertuigen;Overige/onbekende brandstof;2022 januari;617;83;534
3356;Totaal wegvoertuigen;Overige/onbekende brandstof;2022 februari;427;38;389
3357;Totaal wegvoertuigen;Overige/onbekende brandstof;2022 maart;454;31;423
3358;Totaal wegvoertuigen;Overige/onbekende brandstof;2022 1e kwartaal;1498;152;1346
3359;Totaal wegvoertuigen;Overige/onbekende brandstof;2022 april;386;32;354
3360;Totaal wegvoertuigen;Overige/onbekende brandstof;2022 mei;504;23;481
3361;Totaal wegvoertuigen;Overige/onbekende brandstof;2022 juni;563;76;487
3362;Totaal wegvoertuigen;Overige/onbekende brandstof;2022 2e kwartaal;1453;131;1322
3363;Totaal wegvoertuigen;Overige/onbekende brandstof;2022 juli;420;20;400
3364;Totaal wegvoertuigen;Overige/onbekende brandstof;2022 augustus;358;17;341
3365;Totaal wegvoertuigen;Overige/onbekende brandstof;2022 september;378;43;335
3366;Totaal wegvoertuigen;Overige/onbekende brandstof;2022 3e kwartaal;1156;80;1076
3367;Totaal wegvoertuigen;Overige/onbekende brandstof;2022 oktober;476;70;406
3368;Totaal wegvoertuigen;Overige/onbekende brandstof;2022 november;473;9;464
3369;Totaal wegvoertuigen;Overige/onbekende brandstof;2022 december;439;13;426
3370;Totaal wegvoertuigen;Overige/onbekende brandstof;2022 4e kwartaal;1388;92;1296
3371;Totaal wegvoertuigen;Overige/onbekende brandstof;2022;5495;455;5040
3372;Totaal wegvoertuigen;Overige/onbekende brandstof;2023 januari;430;13;417
3373;Totaal wegvoertuigen;Overige/onbekende brandstof;2023 februari;397;4;393
3374;Totaal wegvoertuigen;Overige/onbekende brandstof;2023 maart;446;13;433
3375;Totaal wegvoertuigen;Overige/onbekende brandstof;2023 1e kwartaal;1273;30;1243
3376;Totaal wegvoertuigen;Overige/onbekende brandstof;2023 april;423;4;419
3377;Totaal wegvoertuigen;Overige/onbekende brandstof;2023 mei;413;12;401
3378;Totaal wegvoertuigen;Overige/onbekende brandstof;2023 juni;557;38;519
3379;Totaal wegvoertuigen;Overige/onbekende brandstof;2023 2e kwartaal;1393;54;1339
3380;Totaal wegvoertuigen;Overige/onbekende brandstof;2023 juli;560;6;554
3381;Totaal wegvoertuigen;Overige/onbekende brandstof;2023 augustus;433;8;425
3382;Totaal wegvoertuigen;Overige/onbekende brandstof;2023 september;426;7;419
3383;Totaal wegvoertuigen;Overige/onbekende brandstof;2023 3e kwartaal;1419;21;1398
3384;Totaal wegvoertuigen;Overige/onbekende brandstof;2023 oktober;501;5;496
3385;Totaal wegvoertuigen;Overige/onbekende brandstof;2023 november;495;2;493
3386;Totaal wegvoertuigen;Overige/onbekende brandstof;2023 december;490;8;482
3387;Totaal wegvoertuigen;Overige/onbekende brandstof;2023 4e kwartaal;1486;15;1471
3388;Totaal wegvoertuigen;Overige/onbekende brandstof;2023;5571;120;5451
3389;Totaal wegvoertuigen;Overige/onbekende brandstof;2024 januari;489;1;488
3390;Totaal wegvoertuigen;Overige/onbekende brandstof;2024 februari;426;4;422
3391;Totaal wegvoertuigen;Overige/onbekende brandstof;2024 maart;512;36;476
3392;Totaal wegvoertuigen;Overige/onbekende brandstof;2024 1e kwartaal;1427;41;1386
3393;Totaal wegvoertuigen;Overige/onbekende brandstof;2024 april;450;15;435
3394;Totaal wegvoertuigen;Overige/onbekende brandstof;2024 mei;429;9;420
3395;Totaal wegvoertuigen;Overige/onbekende brandstof;2024 juni;506;39;467
3396;Totaal wegvoertuigen;Overige/onbekende brandstof;2024 2e kwartaal;1385;63;1322
3397;Totaal wegvoertuigen;Overige/onbekende brandstof;2024 juli;530;43;487
3398;Totaal wegvoertuigen;Overige/onbekende brandstof;2024 augustus;465;11;454
3399;Totaal wegvoertuigen;Overige/onbekende brandstof;2024 september;445;12;433
3400;Totaal wegvoertuigen;Overige/onbekende brandstof;2024 3e kwartaal;1440;66;1374
3401;Totaal wegvoertuigen;Overige/onbekende brandstof;2024 oktober;508;19;489
3402;Totaal wegvoertuigen;Overige/onbekende brandstof;2024 november;563;17;546
3403;Totaal wegvoertuigen;Overige/onbekende brandstof;2024 december;526;88;438
3404;Totaal wegvoertuigen;Overige/onbekende brandstof;2024 4e kwartaal;1597;124;1473
3405;Totaal wegvoertuigen;Overige/onbekende brandstof;2024;5849;294;5555
3406;Totaal wegvoertuigen;Overige/onbekende brandstof;2025 januari;529;5;524
3407;Totaal wegvoertuigen;Overige/onbekende brandstof;2025 februari;505;2;503
3408;Totaal wegvoertuigen;Overige/onbekende brandstof;2025 maart;544;5;539
3409;Totaal wegvoertuigen;Overige/onbekende brandstof;2025 1e kwartaal;1578;12;1566
3410;Personenauto;Totaal;2007 januari;311829;68733;243096
3411;Personenauto;Totaal;2007 februari;268567;41381;227186
3412;Personenauto;Totaal;2007 maart;299452;51310;248142
3413;Personenauto;Totaal;2007 1e kwartaal;879848;161424;718424
3414;Personenauto;Totaal;2007 april;254358;39036;215322
3415;Personenauto;Totaal;2007 mei;274026;42157;231869
3416;Personenauto;Totaal;2007 juni;316809;52574;264235
3417;Personenauto;Totaal;2007 2e kwartaal;845193;133767;711426
3418;Personenauto;Totaal;2007 juli;282414;39168;243246
3419;Personenauto;Totaal;2007 augustus;274364;41325;233039
3420;Personenauto;Totaal;2007 september;257636;40645;216991
3421;Personenauto;Totaal;2007 3e kwartaal;814414;121138;693276
3422;Personenauto;Totaal;2007 oktober;279660;42303;237357
3423;Personenauto;Totaal;2007 november;266607;38167;228440
3424;Personenauto;Totaal;2007 december;200263;8980;191283
3425;Personenauto;Totaal;2007 4e kwartaal;746530;89450;657080
3426;Personenauto;Totaal;2007;3285985;505779;2780206
3427;Personenauto;Totaal;2008 januari;306999;66356;240643
3428;Personenauto;Totaal;2008 februari;283999;50335;233664
3429;Personenauto;Totaal;2008 maart;280555;47212;233343
3430;Personenauto;Totaal;2008 1e kwartaal;871553;163903;707650
3431;Personenauto;Totaal;2008 april;281919;42247;239672
3432;Personenauto;Totaal;2008 mei;275776;45793;229983
3433;Personenauto;Totaal;2008 juni;279833;48248;231585
3434;Personenauto;Totaal;2008 2e kwartaal;837528;136288;701240
3435;Personenauto;Totaal;2008 juli;265732;40074;225658
3436;Personenauto;Totaal;2008 augustus;250037;39602;210435
3437;Personenauto;Totaal;2008 september;266321;41283;225038
3438;Personenauto;Totaal;2008 3e kwartaal;782090;120959;661131
3439;Personenauto;Totaal;2008 oktober;280427;41900;238527
3440;Personenauto;Totaal;2008 november;236394;29812;206582
3441;Personenauto;Totaal;2008 december;204213;7236;196977
3442;Personenauto;Totaal;2008 4e kwartaal;721034;78948;642086
3443;Personenauto;Totaal;2008;3212205;500098;2712107
3444;Personenauto;Totaal;2009 januari;281576;56184;225392
3445;Personenauto;Totaal;2009 februari;244787;33958;210829
3446;Personenauto;Totaal;2009 maart;267139;34532;232607
3447;Personenauto;Totaal;2009 1e kwartaal;793502;124674;668828
3448;Personenauto;Totaal;2009 april;248361;30277;218084
3449;Personenauto;Totaal;2009 mei;257483;30850;226633
3450;Personenauto;Totaal;2009 juni;277505;35492;242013
3451;Personenauto;Totaal;2009 2e kwartaal;783349;96619;686730
3452;Personenauto;Totaal;2009 juli;265499;33544;231955
3453;Personenauto;Totaal;2009 augustus;226909;27829;199080
3454;Personenauto;Totaal;2009 september;248177;33663;214514
3455;Personenauto;Totaal;2009 3e kwartaal;740585;95036;645549
3456;Personenauto;Totaal;2009 oktober;263673;35690;227983
3457;Personenauto;Totaal;2009 november;229582;27356;202226
3458;Personenauto;Totaal;2009 december;199059;8033;191026
3459;Personenauto;Totaal;2009 4e kwartaal;692314;71079;621235
3460;Personenauto;Totaal;2009;3009750;387408;2622342
3461;Personenauto;Totaal;2010 januari;271980;62798;209182
3462;Personenauto;Totaal;2010 februari;247885;37581;210304
3463;Personenauto;Totaal;2010 maart;292252;44753;247499
3464;Personenauto;Totaal;2010 1e kwartaal;812117;145132;666985
3465;Personenauto;Totaal;2010 april;268787;37546;231241
3466;Personenauto;Totaal;2010 mei;251616;36830;214786
3467;Personenauto;Totaal;2010 juni;288462;50683;237779
3468;Personenauto;Totaal;2010 2e kwartaal;808865;125059;683806
3469;Personenauto;Totaal;2010 juli;260570;38487;222083
3470;Personenauto;Totaal;2010 augustus;254714;36522;218192
3471;Personenauto;Totaal;2010 september;282578;45544;237034
3472;Personenauto;Totaal;2010 3e kwartaal;797862;120553;677309
3473;Personenauto;Totaal;2010 oktober;288650;43575;245075
3474;Personenauto;Totaal;2010 november;264221;36921;227300
3475;Personenauto;Totaal;2010 december;224106;11393;212713
3476;Personenauto;Totaal;2010 4e kwartaal;776977;91889;685088
3477;Personenauto;Totaal;2010;3195821;482633;2713188
3478;Personenauto;Totaal;2011 januari;305815;74787;231028
3479;Personenauto;Totaal;2011 februari;282487;49019;233468
3480;Personenauto;Totaal;2011 maart;307314;56601;250713
3481;Personenauto;Totaal;2011 1e kwartaal;895616;180407;715209
3482;Personenauto;Totaal;2011 april;278626;47637;230989
3483;Personenauto;Totaal;2011 mei;291183;49806;241377
3484;Personenauto;Totaal;2011 juni;289144;50499;238645
3485;Personenauto;Totaal;2011 2e kwartaal;858953;147942;711011
3486;Personenauto;Totaal;2011 juli;278119;42092;236027
3487;Personenauto;Totaal;2011 augustus;266450;39062;227388
3488;Personenauto;Totaal;2011 september;272718;44382;228336
3489;Personenauto;Totaal;2011 3e kwartaal;817287;125536;691751
3490;Personenauto;Totaal;2011 oktober;271824;43635;228189
3491;Personenauto;Totaal;2011 november;267354;41082;226272
3492;Personenauto;Totaal;2011 december;230448;17244;213204
3493;Personenauto;Totaal;2011 4e kwartaal;769626;101961;667665
3494;Personenauto;Totaal;2011;3341482;555846;2785636
3495;Personenauto;Totaal;2012 januari;307540;70170;237370
3496;Personenauto;Totaal;2012 februari;266649;43949;222700
3497;Personenauto;Totaal;2012 maart;295150;52333;242817
3498;Personenauto;Totaal;2012 1e kwartaal;869339;166452;702887
3499;Personenauto;Totaal;2012 april;259846;41032;218814
3500;Personenauto;Totaal;2012 mei;272892;47758;225134
3501;Personenauto;Totaal;2012 juni;323370;76116;247254
3502;Personenauto;Totaal;2012 2e kwartaal;856108;164906;691202
3503;Personenauto;Totaal;2012 juli;277027;30917;246110
3504;Personenauto;Totaal;2012 augustus;251967;32996;218971
3505;Personenauto;Totaal;2012 september;245428;31951;213477
3506;Personenauto;Totaal;2012 3e kwartaal;774422;95864;678558
3507;Personenauto;Totaal;2012 oktober;254467;26775;227692
3508;Personenauto;Totaal;2012 november;242628;30268;212360
3509;Personenauto;Totaal;2012 december;203297;18214;185083
3510;Personenauto;Totaal;2012 4e kwartaal;700392;75257;625135
3511;Personenauto;Totaal;2012;3200261;502479;2697782
3512;Personenauto;Totaal;2013 januari;272374;47957;224417
3513;Personenauto;Totaal;2013 februari;246149;31901;214248
3514;Personenauto;Totaal;2013 maart;266891;35559;231332
3515;Personenauto;Totaal;2013 1e kwartaal;785414;115417;669997
3516;Personenauto;Totaal;2013 april;246054;30408;215646
3517;Personenauto;Totaal;2013 mei;254214;30083;224131
3518;Personenauto;Totaal;2013 juni;257097;35043;222054
3519;Personenauto;Totaal;2013 2e kwartaal;757365;95534;661831
3520;Personenauto;Totaal;2013 juli;248931;30475;218456
3521;Personenauto;Totaal;2013 augustus;233673;28309;205364
3522;Personenauto;Totaal;2013 september;231429;31394;200035
3523;Personenauto;Totaal;2013 3e kwartaal;714033;90178;623855
3524;Personenauto;Totaal;2013 oktober;256082;36313;219769
3525;Personenauto;Totaal;2013 november;257547;40357;217190
3526;Personenauto;Totaal;2013 december;245054;38918;206136
3527;Personenauto;Totaal;2013 4e kwartaal;758683;115588;643095
3528;Personenauto;Totaal;2013;3015495;416717;2598778
3529;Personenauto;Totaal;2014 januari;283597;44368;239229
3530;Personenauto;Totaal;2014 februari;243377;33298;210079
3531;Personenauto;Totaal;2014 maart;241122;29366;211756
3532;Personenauto;Totaal;2014 1e kwartaal;768096;107032;661064
3533;Personenauto;Totaal;2014 april;235316;28282;207034
3534;Personenauto;Totaal;2014 mei;255573;30943;224630
3535;Personenauto;Totaal;2014 juni;241045;32699;208346
3536;Personenauto;Totaal;2014 2e kwartaal;731934;91924;640010
3537;Personenauto;Totaal;2014 juli;248933;29764;219169
3538;Personenauto;Totaal;2014 augustus;226826;25524;201302
3539;Personenauto;Totaal;2014 september;239118;29807;209311
3540;Personenauto;Totaal;2014 3e kwartaal;714877;85095;629782
3541;Personenauto;Totaal;2014 oktober;260084;35112;224972
3542;Personenauto;Totaal;2014 november;237606;32192;205414
3543;Personenauto;Totaal;2014 december;245299;36213;209086
3544;Personenauto;Totaal;2014 4e kwartaal;742989;103517;639472
3545;Personenauto;Totaal;2014;2957896;387568;2570328
3546;Personenauto;Totaal;2015 januari;284629;47623;237006
3547;Personenauto;Totaal;2015 februari;243121;33419;209702
3548;Personenauto;Totaal;2015 maart;257217;28642;228575
3549;Personenauto;Totaal;2015 1e kwartaal;784967;109684;675283
3550;Personenauto;Totaal;2015 april;247228;26995;220233
3551;Personenauto;Totaal;2015 mei;244140;27758;216382
3552;Personenauto;Totaal;2015 juni;272186;36838;235348
3553;Personenauto;Totaal;2015 2e kwartaal;763554;91591;671963
3554;Personenauto;Totaal;2015 juli;260815;33820;226995
3555;Personenauto;Totaal;2015 augustus;232190;30838;201352
3556;Personenauto;Totaal;2015 september;255645;35031;220614
3557;Personenauto;Totaal;2015 3e kwartaal;748650;99689;648961
3558;Personenauto;Totaal;2015 oktober;271074;38819;232255
3559;Personenauto;Totaal;2015 november;255282;40344;214938
3560;Personenauto;Totaal;2015 december;294494;68779;225715
3561;Personenauto;Totaal;2015 4e kwartaal;820850;147942;672908
3562;Personenauto;Totaal;2015;3118021;448906;2669115
3563;Personenauto;Totaal;2016 januari;277579;40542;237037
3564;Personenauto;Totaal;2016 februari;262034;28095;233939
3565;Personenauto;Totaal;2016 maart;278227;29626;248601
3566;Personenauto;Totaal;2016 1e kwartaal;817840;98263;719577
3567;Personenauto;Totaal;2016 april;264313;27610;236703
3568;Personenauto;Totaal;2016 mei;253759;28790;224969
3569;Personenauto;Totaal;2016 juni;293318;39249;254069
3570;Personenauto;Totaal;2016 2e kwartaal;811390;95649;715741
3571;Personenauto;Totaal;2016 juli;264924;31026;233898
3572;Personenauto;Totaal;2016 augustus;239804;26846;212958
3573;Personenauto;Totaal;2016 september;257549;33327;224222
3574;Personenauto;Totaal;2016 3e kwartaal;762277;91199;671078
3575;Personenauto;Totaal;2016 oktober;264286;29814;234472
3576;Personenauto;Totaal;2016 november;260395;32082;228313
3577;Personenauto;Totaal;2016 december;260253;35505;224748
3578;Personenauto;Totaal;2016 4e kwartaal;784934;97401;687533
3579;Personenauto;Totaal;2016;3176441;382512;2793929
3580;Personenauto;Totaal;2017 januari;293648;51121;242527
3581;Personenauto;Totaal;2017 februari;258559;31986;226573
3582;Personenauto;Totaal;2017 maart;290407;36589;253818
3583;Personenauto;Totaal;2017 1e kwartaal;842614;119696;722918
3584;Personenauto;Totaal;2017 april;247092;29182;217910
3585;Personenauto;Totaal;2017 mei;280324;36310;244014
3586;Personenauto;Totaal;2017 juni;289854;40785;249069
3587;Personenauto;Totaal;2017 2e kwartaal;817270;106277;710993
3588;Personenauto;Totaal;2017 juli;275438;32433;243005
3589;Personenauto;Totaal;2017 augustus;255378;29093;226285
3590;Personenauto;Totaal;2017 september;268701;35430;233271
3591;Personenauto;Totaal;2017 3e kwartaal;799517;96956;702561
3592;Personenauto;Totaal;2017 oktober;274231;36443;237788
3593;Personenauto;Totaal;2017 november;273254;37569;235685
3594;Personenauto;Totaal;2017 december;234953;17365;217588
3595;Personenauto;Totaal;2017 4e kwartaal;782438;91377;691061
3596;Personenauto;Totaal;2017;3241839;414306;2827533
3597;Personenauto;Totaal;2018 januari;312471;58745;253726
3598;Personenauto;Totaal;2018 februari;264207;35015;229192
3599;Personenauto;Totaal;2018 maart;300625;41919;258706
3600;Personenauto;Totaal;2018 1e kwartaal;877303;135679;741624
3601;Personenauto;Totaal;2018 april;255139;33852;221287
3602;Personenauto;Totaal;2018 mei;276699;36710;239989
3603;Personenauto;Totaal;2018 juni;303763;46746;257017
3604;Personenauto;Totaal;2018 2e kwartaal;835601;117308;718293
3605;Personenauto;Totaal;2018 juli;277713;36110;241603
3606;Personenauto;Totaal;2018 augustus;266203;40918;225285
3607;Personenauto;Totaal;2018 september;257021;29301;227720
3608;Personenauto;Totaal;2018 3e kwartaal;800937;106329;694608
3609;Personenauto;Totaal;2018 oktober;273113;29763;243350
3610;Personenauto;Totaal;2018 november;269241;34608;234633
3611;Personenauto;Totaal;2018 december;231944;19842;212102
3612;Personenauto;Totaal;2018 4e kwartaal;774298;84213;690085
3613;Personenauto;Totaal;2018;3288139;443529;2844610
3614;Personenauto;Totaal;2019 januari;294291;47164;247127
3615;Personenauto;Totaal;2019 februari;260509;29780;230729
3616;Personenauto;Totaal;2019 maart;278454;38507;239947
3617;Personenauto;Totaal;2019 1e kwartaal;833254;115451;717803
3618;Personenauto;Totaal;2019 april;259102;32701;226401
3619;Personenauto;Totaal;2019 mei;293289;36601;256688
3620;Personenauto;Totaal;2019 juni;270887;41026;229861
3621;Personenauto;Totaal;2019 2e kwartaal;823278;110328;712950
3622;Personenauto;Totaal;2019 juli;275647;33540;242107
3623;Personenauto;Totaal;2019 augustus;260591;33724;226867
3624;Personenauto;Totaal;2019 september;261902;37707;224195
3625;Personenauto;Totaal;2019 3e kwartaal;798140;104971;693169
3626;Personenauto;Totaal;2019 oktober;289994;33772;256222
3627;Personenauto;Totaal;2019 november;287130;39092;248038
3628;Personenauto;Totaal;2019 december;268872;41604;227268
3629;Personenauto;Totaal;2019 4e kwartaal;845996;114468;731528
3630;Personenauto;Totaal;2019;3300668;445218;2855450
3631;Personenauto;Totaal;2020 januari;312175;44016;268159
3632;Personenauto;Totaal;2020 februari;274710;29665;245045
3633;Personenauto;Totaal;2020 maart;253074;29372;223702
3634;Personenauto;Totaal;2020 1e kwartaal;839959;103053;736906
3635;Personenauto;Totaal;2020 april;201158;15322;185836
3636;Personenauto;Totaal;2020 mei;265615;14842;250773
3637;Personenauto;Totaal;2020 juni;289671;24754;264917
3638;Personenauto;Totaal;2020 2e kwartaal;756444;54918;701526
3639;Personenauto;Totaal;2020 juli;307111;34636;272475
3640;Personenauto;Totaal;2020 augustus;257447;26294;231153
3641;Personenauto;Totaal;2020 september;274543;29305;245238
3642;Personenauto;Totaal;2020 3e kwartaal;839101;90235;748866
3643;Personenauto;Totaal;2020 oktober;289688;31786;257902
3644;Personenauto;Totaal;2020 november;261947;33149;228798
3645;Personenauto;Totaal;2020 december;270898;42291;228607
3646;Personenauto;Totaal;2020 4e kwartaal;822533;107226;715307
3647;Personenauto;Totaal;2020;3258037;355432;2902605
3648;Personenauto;Totaal;2021 januari;268443;34929;233514
3649;Personenauto;Totaal;2021 februari;237428;21617;215811
3650;Personenauto;Totaal;2021 maart;289652;24042;265610
3651;Personenauto;Totaal;2021 1e kwartaal;795523;80588;714935
3652;Personenauto;Totaal;2021 april;272934;23844;249090
3653;Personenauto;Totaal;2021 mei;282349;25394;256955
3654;Personenauto;Totaal;2021 juni;297957;32938;265019
3655;Personenauto;Totaal;2021 2e kwartaal;853240;82176;771064
3656;Personenauto;Totaal;2021 juli;287885;26777;261108
3657;Personenauto;Totaal;2021 augustus;244144;21641;222503
3658;Personenauto;Totaal;2021 september;258140;24607;233533
3659;Personenauto;Totaal;2021 3e kwartaal;790169;73025;717144
3660;Personenauto;Totaal;2021 oktober;261408;24081;237327
3661;Personenauto;Totaal;2021 november;249016;27224;221792
3662;Personenauto;Totaal;2021 december;258705;35224;223481
3663;Personenauto;Totaal;2021 4e kwartaal;769129;86529;682600
3664;Personenauto;Totaal;2021;3208061;322318;2885743
3665;Personenauto;Totaal;2022 januari;276135;30849;245286
3666;Personenauto;Totaal;2022 februari;242386;22717;219669
3667;Personenauto;Totaal;2022 maart;253928;24781;229147
3668;Personenauto;Totaal;2022 1e kwartaal;772449;78347;694102
3669;Personenauto;Totaal;2022 april;235136;21938;213198
3670;Personenauto;Totaal;2022 mei;237115;23396;213719
3671;Personenauto;Totaal;2022 juni;252449;30015;222434
3672;Personenauto;Totaal;2022 2e kwartaal;724700;75349;649351
3673;Personenauto;Totaal;2022 juli;236272;21940;214332
3674;Personenauto;Totaal;2022 augustus;222048;23459;198589
3675;Personenauto;Totaal;2022 september;235849;25610;210239
3676;Personenauto;Totaal;2022 3e kwartaal;694169;71009;623160
3677;Personenauto;Totaal;2022 oktober;239258;28801;210457
3678;Personenauto;Totaal;2022 november;241480;27747;213733
3679;Personenauto;Totaal;2022 december;234429;30817;203612
3680;Personenauto;Totaal;2022 4e kwartaal;715167;87365;627802
3681;Personenauto;Totaal;2022;2906485;312070;2594415
3682;Personenauto;Totaal;2023 januari;261993;32666;229327
3683;Personenauto;Totaal;2023 februari;243049;27929;215120
3684;Personenauto;Totaal;2023 maart;283018;37309;245709
3685;Personenauto;Totaal;2023 1e kwartaal;788060;97904;690156
3686;Personenauto;Totaal;2023 april;245695;29559;216136
3687;Personenauto;Totaal;2023 mei;261142;32942;228200
3688;Personenauto;Totaal;2023 juni;283218;40187;243031
3689;Personenauto;Totaal;2023 2e kwartaal;790055;102688;687367
3690;Personenauto;Totaal;2023 juli;262600;28608;233992
3691;Personenauto;Totaal;2023 augustus;246839;27722;219117
3692;Personenauto;Totaal;2023 september;254920;29726;225194
3693;Personenauto;Totaal;2023 3e kwartaal;764359;86056;678303
3694;Personenauto;Totaal;2023 oktober;261486;28321;233165
3695;Personenauto;Totaal;2023 november;263724;28223;235501
3696;Personenauto;Totaal;2023 december;250733;26442;224291
3697;Personenauto;Totaal;2023 4e kwartaal;775943;82986;692957
3698;Personenauto;Totaal;2023;3118417;369634;2748783
3699;Personenauto;Totaal;2024 januari;290748;34392;256356
3700;Personenauto;Totaal;2024 februari;274958;30332;244626
3701;Personenauto;Totaal;2024 maart;298540;36994;261546
3702;Personenauto;Totaal;2024 1e kwartaal;864246;101718;762528
3703;Personenauto;Totaal;2024 april;277264;28295;248969
3704;Personenauto;Totaal;2024 mei;282771;28138;254633
3705;Personenauto;Totaal;2024 juni;283084;35161;247923
3706;Personenauto;Totaal;2024 2e kwartaal;843119;91594;751525
3707;Personenauto;Totaal;2024 juli;280248;26589;253659
3708;Personenauto;Totaal;2024 augustus;257239;27404;229835
3709;Personenauto;Totaal;2024 september;268318;30849;237469
3710;Personenauto;Totaal;2024 3e kwartaal;805805;84842;720963
3711;Personenauto;Totaal;2024 oktober;298529;32074;266455
3712;Personenauto;Totaal;2024 november;290347;34469;255878
3713;Personenauto;Totaal;2024 december;276945;36832;240113
3714;Personenauto;Totaal;2024 4e kwartaal;865821;103375;762446
3715;Personenauto;Totaal;2024;3378991;381529;2997462
3716;Personenauto;Totaal;2025 januari;311384;32605;278779
3717;Personenauto;Totaal;2025 februari;283354;27646;255708
3718;Personenauto;Totaal;2025 maart;299032;31515;267517
3719;Personenauto;Totaal;2025 1e kwartaal;893770;91766;802004
3720;Personenauto;Benzine;2007 januari;232405;47684;184721
3721;Personenauto;Benzine;2007 februari;200082;28413;171669
3722;Personenauto;Benzine;2007 maart;225128;36485;188643
3723;Personenauto;Benzine;2007 1e kwartaal;657615;112582;545033
3724;Personenauto;Benzine;2007 april;190880;27192;163688
3725;Personenauto;Benzine;2007 mei;206044;29113;176931
3726;Personenauto;Benzine;2007 juni;236766;37748;199018
3727;Personenauto;Benzine;2007 2e kwartaal;633690;94053;539637
3728;Personenauto;Benzine;2007 juli;209276;26692;182584
3729;Personenauto;Benzine;2007 augustus;208343;28974;179369
3730;Personenauto;Benzine;2007 september;195089;28870;166219
3731;Personenauto;Benzine;2007 3e kwartaal;612708;84536;528172
3732;Personenauto;Benzine;2007 oktober;208984;27920;181064
3733;Personenauto;Benzine;2007 november;198053;25227;172826
3734;Personenauto;Benzine;2007 december;151669;7353;144316
3735;Personenauto;Benzine;2007 4e kwartaal;558706;60500;498206
3736;Personenauto;Benzine;2007;2462719;351671;2111048
3737;Personenauto;Benzine;2008 januari;225655;44614;181041
3738;Personenauto;Benzine;2008 februari;210479;35130;175349
3739;Personenauto;Benzine;2008 maart;209806;33619;176187
3740;Personenauto;Benzine;2008 1e kwartaal;645940;113363;532577
3741;Personenauto;Benzine;2008 april;211395;29951;181444
3742;Personenauto;Benzine;2008 mei;208761;33295;175466
3743;Personenauto;Benzine;2008 juni;211522;35010;176512
3744;Personenauto;Benzine;2008 2e kwartaal;631678;98256;533422
3745;Personenauto;Benzine;2008 juli;200149;27963;172186
3746;Personenauto;Benzine;2008 augustus;190546;28410;162136
3747;Personenauto;Benzine;2008 september;199063;28794;170269
3748;Personenauto;Benzine;2008 3e kwartaal;589758;85167;504591
3749;Personenauto;Benzine;2008 oktober;208443;28482;179961
3750;Personenauto;Benzine;2008 november;176036;21052;154984
3751;Personenauto;Benzine;2008 december;151970;6158;145812
3752;Personenauto;Benzine;2008 4e kwartaal;536449;55692;480757
3753;Personenauto;Benzine;2008;2403825;352478;2051347
3754;Personenauto;Benzine;2009 januari;206252;39130;167122
3755;Personenauto;Benzine;2009 februari;178417;24143;154274
3756;Personenauto;Benzine;2009 maart;197074;25428;171646
3757;Personenauto;Benzine;2009 1e kwartaal;581743;88701;493042
3758;Personenauto;Benzine;2009 april;182501;21829;160672
3759;Personenauto;Benzine;2009 mei;188979;22372;166607
3760;Personenauto;Benzine;2009 juni;204427;26644;177783
3761;Personenauto;Benzine;2009 2e kwartaal;575907;70845;505062
3762;Personenauto;Benzine;2009 juli;194840;24820;170020
3763;Personenauto;Benzine;2009 augustus;169439;20884;148555
3764;Personenauto;Benzine;2009 september;184589;25844;158745
3765;Personenauto;Benzine;2009 3e kwartaal;548868;71548;477320
3766;Personenauto;Benzine;2009 oktober;196628;27390;169238
3767;Personenauto;Benzine;2009 november;171705;22357;149348
3768;Personenauto;Benzine;2009 december;148058;7178;140880
3769;Personenauto;Benzine;2009 4e kwartaal;516391;56925;459466
3770;Personenauto;Benzine;2009;2222909;288019;1934890
3771;Personenauto;Benzine;2010 januari;203350;48816;154534
3772;Personenauto;Benzine;2010 februari;185932;29954;155978
3773;Personenauto;Benzine;2010 maart;220925;36569;184356
3774;Personenauto;Benzine;2010 1e kwartaal;610207;115339;494868
3775;Personenauto;Benzine;2010 april;202500;29828;172672
3776;Personenauto;Benzine;2010 mei;189303;28836;160467
3777;Personenauto;Benzine;2010 juni;217464;40853;176611
3778;Personenauto;Benzine;2010 2e kwartaal;609267;99517;509750
3779;Personenauto;Benzine;2010 juli;195845;28864;166981
3780;Personenauto;Benzine;2010 augustus;192458;26416;166042
3781;Personenauto;Benzine;2010 september;210511;32528;177983
3782;Personenauto;Benzine;2010 3e kwartaal;598814;87808;511006
3783;Personenauto;Benzine;2010 oktober;213186;28925;184261
3784;Personenauto;Benzine;2010 november;196011;24288;171723
3785;Personenauto;Benzine;2010 december;165416;8177;157239
3786;Personenauto;Benzine;2010 4e kwartaal;574613;61390;513223
3787;Personenauto;Benzine;2010;2392901;364054;2028847
3788;Personenauto;Benzine;2011 januari;227217;51935;175282
3789;Personenauto;Benzine;2011 februari;211606;34790;176816
3790;Personenauto;Benzine;2011 maart;227056;38163;188893
3791;Personenauto;Benzine;2011 1e kwartaal;665879;124888;540991
3792;Personenauto;Benzine;2011 april;206196;30843;175353
3793;Personenauto;Benzine;2011 mei;216368;32692;183676
3794;Personenauto;Benzine;2011 juni;217027;35286;181741
3795;Personenauto;Benzine;2011 2e kwartaal;639591;98821;540770
3796;Personenauto;Benzine;2011 juli;208335;27705;180630
3797;Personenauto;Benzine;2011 augustus;201270;25516;175754
3798;Personenauto;Benzine;2011 september;205015;29933;175082
3799;Personenauto;Benzine;2011 3e kwartaal;614620;83154;531466
3800;Personenauto;Benzine;2011 oktober;204540;28305;176235
3801;Personenauto;Benzine;2011 november;200988;26924;174064
3802;Personenauto;Benzine;2011 december;175289;12719;162570
3803;Personenauto;Benzine;2011 4e kwartaal;580817;67948;512869
3804;Personenauto;Benzine;2011;2500907;374811;2126096
3805;Personenauto;Benzine;2012 januari;227203;44939;182264
3806;Personenauto;Benzine;2012 februari;198728;30214;168514
3807;Personenauto;Benzine;2012 maart;222936;36846;186090
3808;Personenauto;Benzine;2012 1e kwartaal;648867;111999;536868
3809;Personenauto;Benzine;2012 april;193674;27856;165818
3810;Personenauto;Benzine;2012 mei;202245;30220;172025
3811;Personenauto;Benzine;2012 juni;236544;47535;189009
3812;Personenauto;Benzine;2012 2e kwartaal;632463;105611;526852
3813;Personenauto;Benzine;2012 juli;202807;19563;183244
3814;Personenauto;Benzine;2012 augustus;190788;22274;168514
3815;Personenauto;Benzine;2012 september;184840;20810;164030
3816;Personenauto;Benzine;2012 3e kwartaal;578435;62647;515788
3817;Personenauto;Benzine;2012 oktober;189387;15092;174295
3818;Personenauto;Benzine;2012 november;180238;17681;162557
3819;Personenauto;Benzine;2012 december;151448;10340;141108
3820;Personenauto;Benzine;2012 4e kwartaal;521073;43113;477960
3821;Personenauto;Benzine;2012;2380838;323370;2057468
3822;Personenauto;Benzine;2013 januari;206097;34862;171235
3823;Personenauto;Benzine;2013 februari;183620;23546;160074
3824;Personenauto;Benzine;2013 maart;202215;24234;177981
3825;Personenauto;Benzine;2013 1e kwartaal;591932;82642;509290
3826;Personenauto;Benzine;2013 april;185282;20102;165180
3827;Personenauto;Benzine;2013 mei;192356;20249;172107
3828;Personenauto;Benzine;2013 juni;194989;24190;170799
3829;Personenauto;Benzine;2013 2e kwartaal;572627;64541;508086
3830;Personenauto;Benzine;2013 juli;184501;18915;165586
3831;Personenauto;Benzine;2013 augustus;177297;17975;159322
3832;Personenauto;Benzine;2013 september;174172;20619;153553
3833;Personenauto;Benzine;2013 3e kwartaal;535970;57509;478461
3834;Personenauto;Benzine;2013 oktober;190421;21616;168805
3835;Personenauto;Benzine;2013 november;189750;22826;166924
3836;Personenauto;Benzine;2013 december;171301;15452;155849
3837;Personenauto;Benzine;2013 4e kwartaal;551472;59894;491578
3838;Personenauto;Benzine;2013;2252001;264586;1987415
3839;Personenauto;Benzine;2014 januari;214763;33121;181642
3840;Personenauto;Benzine;2014 februari;184447;25051;159396
3841;Personenauto;Benzine;2014 maart;181934;19544;162390
3842;Personenauto;Benzine;2014 1e kwartaal;581144;77716;503428
3843;Personenauto;Benzine;2014 april;176398;18239;158159
3844;Personenauto;Benzine;2014 mei;193022;19788;173234
3845;Personenauto;Benzine;2014 juni;181258;21092;160166
3846;Personenauto;Benzine;2014 2e kwartaal;550678;59119;491559
3847;Personenauto;Benzine;2014 juli;183542;18186;165356
3848;Personenauto;Benzine;2014 augustus;173200;15799;157401
3849;Personenauto;Benzine;2014 september;180183;19272;160911
3850;Personenauto;Benzine;2014 3e kwartaal;536925;53257;483668
3851;Personenauto;Benzine;2014 oktober;195825;22058;173767
3852;Personenauto;Benzine;2014 november;178471;19712;158759
3853;Personenauto;Benzine;2014 december;175452;16830;158622
3854;Personenauto;Benzine;2014 4e kwartaal;549748;58600;491148
3855;Personenauto;Benzine;2014;2218495;248692;1969803
3856;Personenauto;Benzine;2015 januari;216691;34377;182314
3857;Personenauto;Benzine;2015 februari;186837;25389;161448
3858;Personenauto;Benzine;2015 maart;196766;19351;177415
3859;Personenauto;Benzine;2015 1e kwartaal;600294;79117;521177
3860;Personenauto;Benzine;2015 april;188709;18249;170460
3861;Personenauto;Benzine;2015 mei;186681;18175;168506
3862;Personenauto;Benzine;2015 juni;205263;23662;181601
3863;Personenauto;Benzine;2015 2e kwartaal;580653;60086;520567
3864;Personenauto;Benzine;2015 juli;194019;20619;173400
3865;Personenauto;Benzine;2015 augustus;174299;18006;156293
3866;Personenauto;Benzine;2015 september;192187;22478;169709
3867;Personenauto;Benzine;2015 3e kwartaal;560505;61103;499402
3868;Personenauto;Benzine;2015 oktober;201559;22009;179550
3869;Personenauto;Benzine;2015 november;183294;19871;163423
3870;Personenauto;Benzine;2015 december;186008;16477;169531
3871;Personenauto;Benzine;2015 4e kwartaal;570861;58357;512504
3872;Personenauto;Benzine;2015;2312313;258663;2053650
3873;Personenauto;Benzine;2016 januari;211292;34027;177265
3874;Personenauto;Benzine;2016 februari;198134;22482;175652
3875;Personenauto;Benzine;2016 maart;207432;22116;185316
3876;Personenauto;Benzine;2016 1e kwartaal;616858;78625;538233
3877;Personenauto;Benzine;2016 april;200989;20727;180262
3878;Personenauto;Benzine;2016 mei;193779;21822;171957
3879;Personenauto;Benzine;2016 juni;223561;29578;193983
3880;Personenauto;Benzine;2016 2e kwartaal;618329;72127;546202
3881;Personenauto;Benzine;2016 juli;201465;23018;178447
3882;Personenauto;Benzine;2016 augustus;185174;19601;165573
3883;Personenauto;Benzine;2016 september;197338;23844;173494
3884;Personenauto;Benzine;2016 3e kwartaal;583977;66463;517514
3885;Personenauto;Benzine;2016 oktober;202177;20352;181825
3886;Personenauto;Benzine;2016 november;197095;21584;175511
3887;Personenauto;Benzine;2016 december;186258;15576;170682
3888;Personenauto;Benzine;2016 4e kwartaal;585530;57512;528018
3889;Personenauto;Benzine;2016;2404694;274727;2129967
3890;Personenauto;Benzine;2017 januari;224111;39598;184513
3891;Personenauto;Benzine;2017 februari;196503;24924;171579
3892;Personenauto;Benzine;2017 maart;223283;27860;195423
3893;Personenauto;Benzine;2017 1e kwartaal;643897;92382;551515
3894;Personenauto;Benzine;2017 april;190615;22219;168396
3895;Personenauto;Benzine;2017 mei;214900;26800;188100
3896;Personenauto;Benzine;2017 juni;221108;29861;191247
3897;Personenauto;Benzine;2017 2e kwartaal;626623;78880;547743
3898;Personenauto;Benzine;2017 juli;208832;23816;185016
3899;Personenauto;Benzine;2017 augustus;196232;21066;175166
3900;Personenauto;Benzine;2017 september;207323;26263;181060
3901;Personenauto;Benzine;2017 3e kwartaal;612387;71145;541242
3902;Personenauto;Benzine;2017 oktober;209760;26724;183036
3903;Personenauto;Benzine;2017 november;208713;28527;180186
3904;Personenauto;Benzine;2017 december;179566;13218;166348
3905;Personenauto;Benzine;2017 4e kwartaal;598039;68469;529570
3906;Personenauto;Benzine;2017;2480946;310876;2170070
3907;Personenauto;Benzine;2018 januari;238913;44863;194050
3908;Personenauto;Benzine;2018 februari;201285;26634;174651
3909;Personenauto;Benzine;2018 maart;231074;31320;199754
3910;Personenauto;Benzine;2018 1e kwartaal;671272;102817;568455
3911;Personenauto;Benzine;2018 april;195254;26015;169239
3912;Personenauto;Benzine;2018 mei;212279;28078;184201
3913;Personenauto;Benzine;2018 juni;233516;36408;197108
3914;Personenauto;Benzine;2018 2e kwartaal;641049;90501;550548
3915;Personenauto;Benzine;2018 juli;207603;27840;179763
3916;Personenauto;Benzine;2018 augustus;206392;32054;174338
3917;Personenauto;Benzine;2018 september;197455;21570;175885
3918;Personenauto;Benzine;2018 3e kwartaal;611450;81464;529986
3919;Personenauto;Benzine;2018 oktober;209084;22530;186554
3920;Personenauto;Benzine;2018 november;206201;25827;180374
3921;Personenauto;Benzine;2018 december;172959;11261;161698
3922;Personenauto;Benzine;2018 4e kwartaal;588244;59618;528626
3923;Personenauto;Benzine;2018;2512015;334400;2177615
3924;Personenauto;Benzine;2019 januari;225468;36931;188537
3925;Personenauto;Benzine;2019 februari;200477;22944;177533
3926;Personenauto;Benzine;2019 maart;213034;28056;184978
3927;Personenauto;Benzine;2019 1e kwartaal;638979;87931;551048
3928;Personenauto;Benzine;2019 april;198696;25057;173639
3929;Personenauto;Benzine;2019 mei;225387;28061;197326
3930;Personenauto;Benzine;2019 juni;207571;30580;176991
3931;Personenauto;Benzine;2019 2e kwartaal;631654;83698;547956
3932;Personenauto;Benzine;2019 juli;210645;25908;184737
3933;Personenauto;Benzine;2019 augustus;204244;25538;178706
3934;Personenauto;Benzine;2019 september;199187;25103;174084
3935;Personenauto;Benzine;2019 3e kwartaal;614076;76549;537527
3936;Personenauto;Benzine;2019 oktober;222393;26229;196164
3937;Personenauto;Benzine;2019 november;216967;26973;189994
3938;Personenauto;Benzine;2019 december;187837;14894;172943
3939;Personenauto;Benzine;2019 4e kwartaal;627197;68096;559101
3940;Personenauto;Benzine;2019;2511906;316274;2195632
3941;Personenauto;Benzine;2020 januari;236924;33697;203227
3942;Personenauto;Benzine;2020 februari;209069;21205;187864
3943;Personenauto;Benzine;2020 maart;193161;19057;174104
3944;Personenauto;Benzine;2020 1e kwartaal;639154;73959;565195
3945;Personenauto;Benzine;2020 april;157095;10235;146860
3946;Personenauto;Benzine;2020 mei;208870;9971;198899
3947;Personenauto;Benzine;2020 juni;222960;16724;206236
3948;Personenauto;Benzine;2020 2e kwartaal;588925;36930;551995
3949;Personenauto;Benzine;2020 juli;234432;23061;211371
3950;Personenauto;Benzine;2020 augustus;197281;15475;181806
3951;Personenauto;Benzine;2020 september;206043;15326;190717
3952;Personenauto;Benzine;2020 3e kwartaal;637756;53862;583894
3953;Personenauto;Benzine;2020 oktober;217531;16056;201475
3954;Personenauto;Benzine;2020 november;193115;16737;176378
3955;Personenauto;Benzine;2020 december;180279;7464;172815
3956;Personenauto;Benzine;2020 4e kwartaal;590925;40257;550668
3957;Personenauto;Benzine;2020;2456760;205008;2251752
3958;Personenauto;Benzine;2021 januari;197973;20977;176996
3959;Personenauto;Benzine;2021 februari;177395;12659;164736
3960;Personenauto;Benzine;2021 maart;217358;12968;204390
3961;Personenauto;Benzine;2021 1e kwartaal;592726;46604;546122
3962;Personenauto;Benzine;2021 april;206264;11920;194344
3963;Personenauto;Benzine;2021 mei;214812;12776;202036
3964;Personenauto;Benzine;2021 juni;222835;15727;207108
3965;Personenauto;Benzine;2021 2e kwartaal;643911;40423;603488
3966;Personenauto;Benzine;2021 juli;217335;13048;204287
3967;Personenauto;Benzine;2021 augustus;184294;9479;174815
3968;Personenauto;Benzine;2021 september;192506;9913;182593
3969;Personenauto;Benzine;2021 3e kwartaal;594135;32440;561695
3970;Personenauto;Benzine;2021 oktober;195307;9752;185555
3971;Personenauto;Benzine;2021 november;181711;10020;171691
3972;Personenauto;Benzine;2021 december;180628;7582;173046
3973;Personenauto;Benzine;2021 4e kwartaal;557646;27354;530292
3974;Personenauto;Benzine;2021;2388418;146821;2241597
3975;Personenauto;Benzine;2022 januari;201696;14334;187362
3976;Personenauto;Benzine;2022 februari;179041;9468;169573
3977;Personenauto;Benzine;2022 maart;184170;8692;175478
3978;Personenauto;Benzine;2022 1e kwartaal;564907;32494;532413
3979;Personenauto;Benzine;2022 april;171630;7587;164043
3980;Personenauto;Benzine;2022 mei;175503;9291;166212
3981;Personenauto;Benzine;2022 juni;183656;12423;171233
3982;Personenauto;Benzine;2022 2e kwartaal;530789;29301;501488
3983;Personenauto;Benzine;2022 juli;174732;9015;165717
3984;Personenauto;Benzine;2022 augustus;164499;9453;155046
3985;Personenauto;Benzine;2022 september;175617;9521;166096
3986;Personenauto;Benzine;2022 3e kwartaal;514848;27989;486859
3987;Personenauto;Benzine;2022 oktober;176862;10563;166299
3988;Personenauto;Benzine;2022 november;176712;9982;166730
3989;Personenauto;Benzine;2022 december;168412;9072;159340
3990;Personenauto;Benzine;2022 4e kwartaal;521986;29617;492369
3991;Personenauto;Benzine;2022;2132530;119401;2013129
3992;Personenauto;Benzine;2023 januari;193552;15331;178221
3993;Personenauto;Benzine;2023 februari;177272;9808;167464
3994;Personenauto;Benzine;2023 maart;202377;10505;191872
3995;Personenauto;Benzine;2023 1e kwartaal;573201;35644;537557
3996;Personenauto;Benzine;2023 april;176418;9553;166865
3997;Personenauto;Benzine;2023 mei;186683;9718;176965
3998;Personenauto;Benzine;2023 juni;198181;11609;186572
3999;Personenauto;Benzine;2023 2e kwartaal;561282;30880;530402
4000;Personenauto;Benzine;2023 juli;186975;9011;177964
4001;Personenauto;Benzine;2023 augustus;175630;7786;167844
4002;Personenauto;Benzine;2023 september;178664;7500;171164
4003;Personenauto;Benzine;2023 3e kwartaal;541269;24297;516972
4004;Personenauto;Benzine;2023 oktober;185028;8276;176752
4005;Personenauto;Benzine;2023 november;185231;7601;177630
4006;Personenauto;Benzine;2023 december;174376;5518;168858
4007;Personenauto;Benzine;2023 4e kwartaal;544635;21395;523240
4008;Personenauto;Benzine;2023;2220387;112216;2108171
4009;Personenauto;Benzine;2024 januari;203660;10133;193527
4010;Personenauto;Benzine;2024 februari;192664;8197;184467
4011;Personenauto;Benzine;2024 maart;204188;7972;196216
4012;Personenauto;Benzine;2024 1e kwartaal;600512;26302;574210
4013;Personenauto;Benzine;2024 april;190610;5944;184666
4014;Personenauto;Benzine;2024 mei;195438;5719;189719
4015;Personenauto;Benzine;2024 juni;191763;7609;184154
4016;Personenauto;Benzine;2024 2e kwartaal;577811;19272;558539
4017;Personenauto;Benzine;2024 juli;191184;5498;185686
4018;Personenauto;Benzine;2024 augustus;177374;5456;171918
4019;Personenauto;Benzine;2024 september;181173;5965;175208
4020;Personenauto;Benzine;2024 3e kwartaal;549731;16919;532812
4021;Personenauto;Benzine;2024 oktober;200794;6323;194471
4022;Personenauto;Benzine;2024 november;192062;6824;185238
4023;Personenauto;Benzine;2024 december;176670;7595;169075
4024;Personenauto;Benzine;2024 4e kwartaal;569526;20742;548784
4025;Personenauto;Benzine;2024;2297580;83235;2214345
4026;Personenauto;Benzine;2025 januari;207107;6364;200743
4027;Personenauto;Benzine;2025 februari;190090;4728;185362
4028;Personenauto;Benzine;2025 maart;198286;4064;194222
4029;Personenauto;Benzine;2025 1e kwartaal;595483;15156;580327
4030;Personenauto;Diesel;2007 januari;68752;19883;48869
4031;Personenauto;Diesel;2007 februari;58491;12296;46195
4032;Personenauto;Diesel;2007 maart;63410;13884;49526
4033;Personenauto;Diesel;2007 1e kwartaal;190653;46063;144590
4034;Personenauto;Diesel;2007 april;54375;10938;43437
4035;Personenauto;Diesel;2007 mei;58282;12110;46172
4036;Personenauto;Diesel;2007 juni;68823;13645;55178
4037;Personenauto;Diesel;2007 2e kwartaal;181480;36693;144787
4038;Personenauto;Diesel;2007 juli;63075;11631;51444
4039;Personenauto;Diesel;2007 augustus;56989;11388;45601
4040;Personenauto;Diesel;2007 september;53660;10808;42852
4041;Personenauto;Diesel;2007 3e kwartaal;173724;33827;139897
4042;Personenauto;Diesel;2007 oktober;61453;13421;48032
4043;Personenauto;Diesel;2007 november;59591;12006;47585
4044;Personenauto;Diesel;2007 december;41414;1347;40067
4045;Personenauto;Diesel;2007 4e kwartaal;162458;26774;135684
4046;Personenauto;Diesel;2007;708315;143357;564958
4047;Personenauto;Diesel;2008 januari;71405;20060;51345
4048;Personenauto;Diesel;2008 februari;63485;13244;50241
4049;Personenauto;Diesel;2008 maart;60339;11533;48806
4050;Personenauto;Diesel;2008 1e kwartaal;195229;44837;150392
4051;Personenauto;Diesel;2008 april;60259;10516;49743
4052;Personenauto;Diesel;2008 mei;56472;10607;45865
4053;Personenauto;Diesel;2008 juni;57211;10829;46382
4054;Personenauto;Diesel;2008 2e kwartaal;173942;31952;141990
4055;Personenauto;Diesel;2008 juli;55598;9983;45615
4056;Personenauto;Diesel;2008 augustus;50695;9052;41643
4057;Personenauto;Diesel;2008 september;57881;10286;47595
4058;Personenauto;Diesel;2008 3e kwartaal;164174;29321;134853
4059;Personenauto;Diesel;2008 oktober;62525;11562;50963
4060;Personenauto;Diesel;2008 november;52486;7421;45065
4061;Personenauto;Diesel;2008 december;45475;903;44572
4062;Personenauto;Diesel;2008 4e kwartaal;160486;19886;140600
4063;Personenauto;Diesel;2008;693831;125996;567835
4064;Personenauto;Diesel;2009 januari;65399;14426;50973
4065;Personenauto;Diesel;2009 februari;57651;8072;49579
4066;Personenauto;Diesel;2009 maart;60425;7211;53214
4067;Personenauto;Diesel;2009 1e kwartaal;183475;29709;153766
4068;Personenauto;Diesel;2009 april;56697;6684;50013
4069;Personenauto;Diesel;2009 mei;58334;6414;51920
4070;Personenauto;Diesel;2009 juni;62965;7260;55705
4071;Personenauto;Diesel;2009 2e kwartaal;177996;20358;157638
4072;Personenauto;Diesel;2009 juli;59983;6430;53553
4073;Personenauto;Diesel;2009 augustus;47985;4722;43263
4074;Personenauto;Diesel;2009 september;53619;5691;47928
4075;Personenauto;Diesel;2009 3e kwartaal;161587;16843;144744
4076;Personenauto;Diesel;2009 oktober;57004;6592;50412
4077;Personenauto;Diesel;2009 november;49506;4145;45361
4078;Personenauto;Diesel;2009 december;43849;685;43164
4079;Personenauto;Diesel;2009 4e kwartaal;150359;11422;138937
4080;Personenauto;Diesel;2009;673417;78332;595085
4081;Personenauto;Diesel;2010 januari;58294;11394;46900
4082;Personenauto;Diesel;2010 februari;53125;6185;46940
4083;Personenauto;Diesel;2010 maart;60670;6364;54306
4084;Personenauto;Diesel;2010 1e kwartaal;172089;23943;148146
4085;Personenauto;Diesel;2010 april;56242;5998;50244
4086;Personenauto;Diesel;2010 mei;52658;6388;46270
4087;Personenauto;Diesel;2010 juni;60690;8261;52429
4088;Personenauto;Diesel;2010 2e kwartaal;169590;20647;148943
4089;Personenauto;Diesel;2010 juli;55408;8385;47023
4090;Personenauto;Diesel;2010 augustus;52766;8301;44465
4091;Personenauto;Diesel;2010 september;61153;10648;50505
4092;Personenauto;Diesel;2010 3e kwartaal;169327;27334;141993
4093;Personenauto;Diesel;2010 oktober;64635;12631;52004
4094;Personenauto;Diesel;2010 november;58676;11223;47453
4095;Personenauto;Diesel;2010 december;50672;2897;47775
4096;Personenauto;Diesel;2010 4e kwartaal;173983;26751;147232
4097;Personenauto;Diesel;2010;684989;98675;586314
4098;Personenauto;Diesel;2011 januari;67629;20081;47548
4099;Personenauto;Diesel;2011 februari;60720;12465;48255
4100;Personenauto;Diesel;2011 maart;68445;16065;52380
4101;Personenauto;Diesel;2011 1e kwartaal;196794;48611;148183
4102;Personenauto;Diesel;2011 april;61540;14492;47048
4103;Personenauto;Diesel;2011 mei;64405;15402;49003
4104;Personenauto;Diesel;2011 juni;62341;13706;48635
4105;Personenauto;Diesel;2011 2e kwartaal;188286;43600;144686
4106;Personenauto;Diesel;2011 juli;59925;12777;47148
4107;Personenauto;Diesel;2011 augustus;55585;11544;44041
4108;Personenauto;Diesel;2011 september;57562;12157;45405
4109;Personenauto;Diesel;2011 3e kwartaal;173072;36478;136594
4110;Personenauto;Diesel;2011 oktober;57782;13639;44143
4111;Personenauto;Diesel;2011 november;55824;11595;44229
4112;Personenauto;Diesel;2011 december;45652;2911;42741
4113;Personenauto;Diesel;2011 4e kwartaal;159258;28145;131113
4114;Personenauto;Diesel;2011;717410;156834;560576
4115;Personenauto;Diesel;2012 januari;67960;21289;46671
4116;Personenauto;Diesel;2012 februari;58154;11765;46389
4117;Personenauto;Diesel;2012 maart;60585;12321;48264
4118;Personenauto;Diesel;2012 1e kwartaal;186699;45375;141324
4119;Personenauto;Diesel;2012 april;55777;10946;44831
4120;Personenauto;Diesel;2012 mei;59578;14567;45011
4121;Personenauto;Diesel;2012 juni;72377;22768;49609
4122;Personenauto;Diesel;2012 2e kwartaal;187732;48281;139451
4123;Personenauto;Diesel;2012 juli;62249;8799;53450
4124;Personenauto;Diesel;2012 augustus;49569;7201;42368
4125;Personenauto;Diesel;2012 september;49461;8033;41428
4126;Personenauto;Diesel;2012 3e kwartaal;161279;24033;137246
4127;Personenauto;Diesel;2012 oktober;54203;9038;45165
4128;Personenauto;Diesel;2012 november;52184;9920;42264
4129;Personenauto;Diesel;2012 december;43326;6160;37166
4130;Personenauto;Diesel;2012 4e kwartaal;149713;25118;124595
4131;Personenauto;Diesel;2012;685423;142807;542616
4132;Personenauto;Diesel;2013 januari;54995;9671;45324
4133;Personenauto;Diesel;2013 februari;51847;5723;46124
4134;Personenauto;Diesel;2013 maart;53382;8303;45079
4135;Personenauto;Diesel;2013 1e kwartaal;160224;23697;136527
4136;Personenauto;Diesel;2013 april;50848;8102;42746
4137;Personenauto;Diesel;2013 mei;51401;7573;43828
4138;Personenauto;Diesel;2013 juni;51810;8653;43157
4139;Personenauto;Diesel;2013 2e kwartaal;154059;24328;129731
4140;Personenauto;Diesel;2013 juli;53972;9066;44906
4141;Personenauto;Diesel;2013 augustus;46053;7484;38569
4142;Personenauto;Diesel;2013 september;46717;7689;39028
4143;Personenauto;Diesel;2013 3e kwartaal;146742;24239;122503
4144;Personenauto;Diesel;2013 oktober;52921;10135;42786
4145;Personenauto;Diesel;2013 november;52204;10018;42186
4146;Personenauto;Diesel;2013 december;52905;11140;41765
4147;Personenauto;Diesel;2013 4e kwartaal;158030;31293;126737
4148;Personenauto;Diesel;2013;619055;103557;515498
4149;Personenauto;Diesel;2014 januari;57818;9266;48552
4150;Personenauto;Diesel;2014 februari;48900;5858;43042
4151;Personenauto;Diesel;2014 maart;47922;6441;41481
4152;Personenauto;Diesel;2014 1e kwartaal;154640;21565;133075
4153;Personenauto;Diesel;2014 april;47596;6391;41205
4154;Personenauto;Diesel;2014 mei;50795;7719;43076
4155;Personenauto;Diesel;2014 juni;49139;8689;40450
4156;Personenauto;Diesel;2014 2e kwartaal;147530;22799;124731
4157;Personenauto;Diesel;2014 juli;55146;9352;45794
4158;Personenauto;Diesel;2014 augustus;44485;7505;36980
4159;Personenauto;Diesel;2014 september;48712;8200;40512
4160;Personenauto;Diesel;2014 3e kwartaal;148343;25057;123286
4161;Personenauto;Diesel;2014 oktober;53624;10519;43105
4162;Personenauto;Diesel;2014 november;48758;9804;38954
4163;Personenauto;Diesel;2014 december;57681;15270;42411
4164;Personenauto;Diesel;2014 4e kwartaal;160063;35593;124470
4165;Personenauto;Diesel;2014;610576;105014;505562
4166;Personenauto;Diesel;2015 januari;55598;9389;46209
4167;Personenauto;Diesel;2015 februari;46159;5688;40471
4168;Personenauto;Diesel;2015 maart;49965;6993;42972
4169;Personenauto;Diesel;2015 1e kwartaal;151722;22070;129652
4170;Personenauto;Diesel;2015 april;48565;6761;41804
4171;Personenauto;Diesel;2015 mei;47347;7069;40278
4172;Personenauto;Diesel;2015 juni;54671;9376;45295
4173;Personenauto;Diesel;2015 2e kwartaal;150583;23206;127377
4174;Personenauto;Diesel;2015 juli;54813;9461;45352
4175;Personenauto;Diesel;2015 augustus;47695;9866;37829
4176;Personenauto;Diesel;2015 september;51505;8833;42672
4177;Personenauto;Diesel;2015 3e kwartaal;154013;28160;125853
4178;Personenauto;Diesel;2015 oktober;55271;11192;44079
4179;Personenauto;Diesel;2015 november;56819;13789;43030
4180;Personenauto;Diesel;2015 december;77990;31351;46639
4181;Personenauto;Diesel;2015 4e kwartaal;190080;56332;133748
4182;Personenauto;Diesel;2015;646398;129768;516630
4183;Personenauto;Diesel;2016 januari;54733;5184;49549
4184;Personenauto;Diesel;2016 februari;52586;4575;48011
4185;Personenauto;Diesel;2016 maart;57916;5647;52269
4186;Personenauto;Diesel;2016 1e kwartaal;165235;15406;149829
4187;Personenauto;Diesel;2016 april;51577;5283;46294
4188;Personenauto;Diesel;2016 mei;48855;5500;43355
4189;Personenauto;Diesel;2016 juni;57489;7852;49637
4190;Personenauto;Diesel;2016 2e kwartaal;157921;18635;139286
4191;Personenauto;Diesel;2016 juli;52263;6283;45980
4192;Personenauto;Diesel;2016 augustus;43921;5226;38695
4193;Personenauto;Diesel;2016 september;48019;6449;41570
4194;Personenauto;Diesel;2016 3e kwartaal;144203;17958;126245
4195;Personenauto;Diesel;2016 oktober;50050;6849;43201
4196;Personenauto;Diesel;2016 november;49959;6489;43470
4197;Personenauto;Diesel;2016 december;51126;7018;44108
4198;Personenauto;Diesel;2016 4e kwartaal;151135;20356;130779
4199;Personenauto;Diesel;2016;618494;72355;546139
4200;Personenauto;Diesel;2017 januari;55249;8293;46956
4201;Personenauto;Diesel;2017 februari;49706;5118;44588
4202;Personenauto;Diesel;2017 maart;53623;6403;47220
4203;Personenauto;Diesel;2017 1e kwartaal;158578;19814;138764
4204;Personenauto;Diesel;2017 april;44985;5206;39779
4205;Personenauto;Diesel;2017 mei;52118;6960;45158
4206;Personenauto;Diesel;2017 juni;54655;7868;46787
4207;Personenauto;Diesel;2017 2e kwartaal;151758;20034;131724
4208;Personenauto;Diesel;2017 juli;53474;6231;47243
4209;Personenauto;Diesel;2017 augustus;46049;5378;40671
4210;Personenauto;Diesel;2017 september;47965;6202;41763
4211;Personenauto;Diesel;2017 3e kwartaal;147488;17811;129677
4212;Personenauto;Diesel;2017 oktober;51137;6903;44234
4213;Personenauto;Diesel;2017 november;50819;5891;44928
4214;Personenauto;Diesel;2017 december;43368;1812;41556
4215;Personenauto;Diesel;2017 4e kwartaal;145324;14606;130718
4216;Personenauto;Diesel;2017;603148;72265;530883
4217;Personenauto;Diesel;2018 januari;57932;9723;48209
4218;Personenauto;Diesel;2018 februari;49815;5396;44419
4219;Personenauto;Diesel;2018 maart;53756;5980;47776
4220;Personenauto;Diesel;2018 1e kwartaal;161503;21099;140404
4221;Personenauto;Diesel;2018 april;46818;4749;42069
4222;Personenauto;Diesel;2018 mei;49937;4840;45097
4223;Personenauto;Diesel;2018 juni;53711;5214;48497
4224;Personenauto;Diesel;2018 2e kwartaal;150466;14803;135663
4225;Personenauto;Diesel;2018 juli;54357;4812;49545
4226;Personenauto;Diesel;2018 augustus;45548;4859;40689
4227;Personenauto;Diesel;2018 september;44184;2971;41213
4228;Personenauto;Diesel;2018 3e kwartaal;144089;12642;131447
4229;Personenauto;Diesel;2018 oktober;47742;3587;44155
4230;Personenauto;Diesel;2018 november;45452;3617;41835
4231;Personenauto;Diesel;2018 december;39119;1248;37871
4232;Personenauto;Diesel;2018 4e kwartaal;132313;8452;123861
4233;Personenauto;Diesel;2018;588371;56996;531375
4234;Personenauto;Diesel;2019 januari;48950;4764;44186
4235;Personenauto;Diesel;2019 februari;44287;2778;41509
4236;Personenauto;Diesel;2019 maart;45831;3030;42801
4237;Personenauto;Diesel;2019 1e kwartaal;139068;10572;128496
4238;Personenauto;Diesel;2019 april;44400;2807;41593
4239;Personenauto;Diesel;2019 mei;49302;2883;46419
4240;Personenauto;Diesel;2019 juni;44660;2939;41721
4241;Personenauto;Diesel;2019 2e kwartaal;138362;8629;129733
4242;Personenauto;Diesel;2019 juli;48047;2839;45208
4243;Personenauto;Diesel;2019 augustus;39656;2578;37078
4244;Personenauto;Diesel;2019 september;40294;1892;38402
4245;Personenauto;Diesel;2019 3e kwartaal;127997;7309;120688
4246;Personenauto;Diesel;2019 oktober;46836;1967;44869
4247;Personenauto;Diesel;2019 november;45108;2170;42938
4248;Personenauto;Diesel;2019 december;41481;2038;39443
4249;Personenauto;Diesel;2019 4e kwartaal;133425;6175;127250
4250;Personenauto;Diesel;2019;538852;32685;506167
4251;Personenauto;Diesel;2020 januari;48891;2521;46370
4252;Personenauto;Diesel;2020 februari;43233;1412;41821
4253;Personenauto;Diesel;2020 maart;36964;1528;35436
4254;Personenauto;Diesel;2020 1e kwartaal;129088;5461;123627
4255;Personenauto;Diesel;2020 april;28471;807;27664
4256;Personenauto;Diesel;2020 mei;38189;670;37519
4257;Personenauto;Diesel;2020 juni;43565;1158;42407
4258;Personenauto;Diesel;2020 2e kwartaal;110225;2635;107590
4259;Personenauto;Diesel;2020 juli;44608;1355;43253
4260;Personenauto;Diesel;2020 augustus;35697;983;34714
4261;Personenauto;Diesel;2020 september;37890;839;37051
4262;Personenauto;Diesel;2020 3e kwartaal;118195;3177;115018
4263;Personenauto;Diesel;2020 oktober;38385;761;37624
4264;Personenauto;Diesel;2020 november;34544;709;33835
4265;Personenauto;Diesel;2020 december;34377;220;34157
4266;Personenauto;Diesel;2020 4e kwartaal;107306;1690;105616
4267;Personenauto;Diesel;2020;464814;12963;451851
4268;Personenauto;Diesel;2021 januari;35373;833;34540
4269;Personenauto;Diesel;2021 februari;33317;573;32744
4270;Personenauto;Diesel;2021 maart;39296;755;38541
4271;Personenauto;Diesel;2021 1e kwartaal;107986;2161;105825
4272;Personenauto;Diesel;2021 april;35471;914;34557
4273;Personenauto;Diesel;2021 mei;35364;754;34610
4274;Personenauto;Diesel;2021 juni;36677;727;35950
4275;Personenauto;Diesel;2021 2e kwartaal;107512;2395;105117
4276;Personenauto;Diesel;2021 juli;35166;650;34516
4277;Personenauto;Diesel;2021 augustus;28063;437;27626
4278;Personenauto;Diesel;2021 september;29584;381;29203
4279;Personenauto;Diesel;2021 3e kwartaal;92813;1468;91345
4280;Personenauto;Diesel;2021 oktober;29623;357;29266
4281;Personenauto;Diesel;2021 november;28768;286;28482
4282;Personenauto;Diesel;2021 december;28038;253;27785
4283;Personenauto;Diesel;2021 4e kwartaal;86429;896;85533
4284;Personenauto;Diesel;2021;394740;6920;387820
4285;Personenauto;Diesel;2022 januari;31058;528;30530
4286;Personenauto;Diesel;2022 februari;27873;357;27516
4287;Personenauto;Diesel;2022 maart;28691;549;28142
4288;Personenauto;Diesel;2022 1e kwartaal;87622;1434;86188
4289;Personenauto;Diesel;2022 april;26443;591;25852
4290;Personenauto;Diesel;2022 mei;26646;507;26139
4291;Personenauto;Diesel;2022 juni;28150;436;27714
4292;Personenauto;Diesel;2022 2e kwartaal;81239;1534;79705
4293;Personenauto;Diesel;2022 juli;26462;351;26111
4294;Personenauto;Diesel;2022 augustus;22283;276;22007
4295;Personenauto;Diesel;2022 september;22927;248;22679
4296;Personenauto;Diesel;2022 3e kwartaal;71672;875;70797
4297;Personenauto;Diesel;2022 oktober;23370;262;23108
4298;Personenauto;Diesel;2022 november;25011;309;24702
4299;Personenauto;Diesel;2022 december;22296;224;22072
4300;Personenauto;Diesel;2022 4e kwartaal;70677;795;69882
4301;Personenauto;Diesel;2022;311210;4638;306572
4302;Personenauto;Diesel;2023 januari;24255;342;23913
4303;Personenauto;Diesel;2023 februari;23196;333;22863
4304;Personenauto;Diesel;2023 maart;26144;454;25690
4305;Personenauto;Diesel;2023 1e kwartaal;73595;1129;72466
4306;Personenauto;Diesel;2023 april;23511;504;23007
4307;Personenauto;Diesel;2023 mei;24454;357;24097
4308;Personenauto;Diesel;2023 juni;25660;392;25268
4309;Personenauto;Diesel;2023 2e kwartaal;73625;1253;72372
4310;Personenauto;Diesel;2023 juli;24863;296;24567
4311;Personenauto;Diesel;2023 augustus;20628;290;20338
4312;Personenauto;Diesel;2023 september;21064;211;20853
4313;Personenauto;Diesel;2023 3e kwartaal;66555;797;65758
4314;Personenauto;Diesel;2023 oktober;21137;306;20831
4315;Personenauto;Diesel;2023 november;20680;280;20400
4316;Personenauto;Diesel;2023 december;18780;201;18579
4317;Personenauto;Diesel;2023 4e kwartaal;60597;787;59810
4318;Personenauto;Diesel;2023;274372;3966;270406
4319;Personenauto;Diesel;2024 januari;20818;263;20555
4320;Personenauto;Diesel;2024 februari;20509;264;20245
4321;Personenauto;Diesel;2024 maart;21946;417;21529
4322;Personenauto;Diesel;2024 1e kwartaal;63273;944;62329
4323;Personenauto;Diesel;2024 april;21476;534;20942
4324;Personenauto;Diesel;2024 mei;21310;462;20848
4325;Personenauto;Diesel;2024 juni;20132;368;19764
4326;Personenauto;Diesel;2024 2e kwartaal;62918;1364;61554
4327;Personenauto;Diesel;2024 juli;21231;331;20900
4328;Personenauto;Diesel;2024 augustus;16863;261;16602
4329;Personenauto;Diesel;2024 september;17686;250;17436
4330;Personenauto;Diesel;2024 3e kwartaal;55780;842;54938
4331;Personenauto;Diesel;2024 oktober;19019;261;18758
4332;Personenauto;Diesel;2024 november;17622;207;17415
4333;Personenauto;Diesel;2024 december;16017;147;15870
4334;Personenauto;Diesel;2024 4e kwartaal;52658;615;52043
4335;Personenauto;Diesel;2024;234629;3765;230864
4336;Personenauto;Diesel;2025 januari;18068;269;17799
4337;Personenauto;Diesel;2025 februari;16738;319;16419
4338;Personenauto;Diesel;2025 maart;18071;401;17670
4339;Personenauto;Diesel;2025 1e kwartaal;52877;989;51888
4340;Personenauto;Lpg;2007 januari;10437;1035;9402
4341;Personenauto;Lpg;2007 februari;9840;609;9231
4342;Personenauto;Lpg;2007 maart;10542;673;9869
4343;Personenauto;Lpg;2007 1e kwartaal;30819;2317;28502
4344;Personenauto;Lpg;2007 april;8695;595;8100
4345;Personenauto;Lpg;2007 mei;9215;560;8655
4346;Personenauto;Lpg;2007 juni;10598;685;9913
4347;Personenauto;Lpg;2007 2e kwartaal;28508;1840;26668
4348;Personenauto;Lpg;2007 juli;9528;452;9076
4349;Personenauto;Lpg;2007 augustus;8537;581;7956
4350;Personenauto;Lpg;2007 september;8481;670;7811
4351;Personenauto;Lpg;2007 3e kwartaal;26546;1703;24843
4352;Personenauto;Lpg;2007 oktober;8778;698;8080
4353;Personenauto;Lpg;2007 november;8607;736;7871
4354;Personenauto;Lpg;2007 december;6955;211;6744
4355;Personenauto;Lpg;2007 4e kwartaal;24340;1645;22695
4356;Personenauto;Lpg;2007;110213;7505;102708
4357;Personenauto;Lpg;2008 januari;9250;1188;8062
4358;Personenauto;Lpg;2008 februari;8776;894;7882
4359;Personenauto;Lpg;2008 maart;9106;972;8134
4360;Personenauto;Lpg;2008 1e kwartaal;27132;3054;24078
4361;Personenauto;Lpg;2008 april;9049;773;8276
4362;Personenauto;Lpg;2008 mei;9295;868;8427
4363;Personenauto;Lpg;2008 juni;9487;1054;8433
4364;Personenauto;Lpg;2008 2e kwartaal;27831;2695;25136
4365;Personenauto;Lpg;2008 juli;8394;823;7571
4366;Personenauto;Lpg;2008 augustus;7093;704;6389
4367;Personenauto;Lpg;2008 september;7681;787;6894
4368;Personenauto;Lpg;2008 3e kwartaal;23168;2314;20854
4369;Personenauto;Lpg;2008 oktober;8143;800;7343
4370;Personenauto;Lpg;2008 november;6906;642;6264
4371;Personenauto;Lpg;2008 december;6467;123;6344
4372;Personenauto;Lpg;2008 4e kwartaal;21516;1565;19951
4373;Personenauto;Lpg;2008;99647;9628;90019
4374;Personenauto;Lpg;2009 januari;7913;900;7013
4375;Personenauto;Lpg;2009 februari;7189;473;6716
4376;Personenauto;Lpg;2009 maart;7729;365;7364
4377;Personenauto;Lpg;2009 1e kwartaal;22831;1738;21093
4378;Personenauto;Lpg;2009 april;7316;244;7072
4379;Personenauto;Lpg;2009 mei;7975;253;7722
4380;Personenauto;Lpg;2009 juni;8352;265;8087
4381;Personenauto;Lpg;2009 2e kwartaal;23643;762;22881
4382;Personenauto;Lpg;2009 juli;8054;260;7794
4383;Personenauto;Lpg;2009 augustus;6784;153;6631
4384;Personenauto;Lpg;2009 september;7339;166;7173
4385;Personenauto;Lpg;2009 3e kwartaal;22177;579;21598
4386;Personenauto;Lpg;2009 oktober;7717;155;7562
4387;Personenauto;Lpg;2009 november;6900;104;6796
4388;Personenauto;Lpg;2009 december;6337;44;6293
4389;Personenauto;Lpg;2009 4e kwartaal;20954;303;20651
4390;Personenauto;Lpg;2009;89605;3382;86223
4391;Personenauto;Lpg;2010 januari;7377;250;7127
4392;Personenauto;Lpg;2010 februari;6840;150;6690
4393;Personenauto;Lpg;2010 maart;8150;127;8023
4394;Personenauto;Lpg;2010 1e kwartaal;22367;527;21840
4395;Personenauto;Lpg;2010 april;7619;93;7526
4396;Personenauto;Lpg;2010 mei;7533;131;7402
4397;Personenauto;Lpg;2010 juni;7974;155;7819
4398;Personenauto;Lpg;2010 2e kwartaal;23126;379;22747
4399;Personenauto;Lpg;2010 juli;7352;106;7246
4400;Personenauto;Lpg;2010 augustus;7177;299;6878
4401;Personenauto;Lpg;2010 september;8329;643;7686
4402;Personenauto;Lpg;2010 3e kwartaal;22858;1048;21810
4403;Personenauto;Lpg;2010 oktober;8385;630;7755
4404;Personenauto;Lpg;2010 november;7633;381;7252
4405;Personenauto;Lpg;2010 december;6698;99;6599
4406;Personenauto;Lpg;2010 4e kwartaal;22716;1110;21606
4407;Personenauto;Lpg;2010;91067;3064;88003
4408;Personenauto;Lpg;2011 januari;7991;729;7262
4409;Personenauto;Lpg;2011 februari;7563;163;7400
4410;Personenauto;Lpg;2011 maart;8580;357;8223
4411;Personenauto;Lpg;2011 1e kwartaal;24134;1249;22885
4412;Personenauto;Lpg;2011 april;7766;364;7402
4413;Personenauto;Lpg;2011 mei;7901;402;7499
4414;Personenauto;Lpg;2011 juni;7616;424;7192
4415;Personenauto;Lpg;2011 2e kwartaal;23283;1190;22093
4416;Personenauto;Lpg;2011 juli;7531;420;7111
4417;Personenauto;Lpg;2011 augustus;6935;532;6403
4418;Personenauto;Lpg;2011 september;7510;884;6626
4419;Personenauto;Lpg;2011 3e kwartaal;21976;1836;20140
4420;Personenauto;Lpg;2011 oktober;7393;735;6658
4421;Personenauto;Lpg;2011 november;7780;1077;6703
4422;Personenauto;Lpg;2011 december;7453;1053;6400
4423;Personenauto;Lpg;2011 4e kwartaal;22626;2865;19761
4424;Personenauto;Lpg;2011;92019;7140;84879
4425;Personenauto;Lpg;2012 januari;8114;1113;7001
4426;Personenauto;Lpg;2012 februari;6860;645;6215
4427;Personenauto;Lpg;2012 maart;7717;970;6747
4428;Personenauto;Lpg;2012 1e kwartaal;22691;2728;19963
4429;Personenauto;Lpg;2012 april;6828;515;6313
4430;Personenauto;Lpg;2012 mei;7220;744;6476
4431;Personenauto;Lpg;2012 juni;9799;3052;6747
4432;Personenauto;Lpg;2012 2e kwartaal;23847;4311;19536
4433;Personenauto;Lpg;2012 juli;7158;340;6818
4434;Personenauto;Lpg;2012 augustus;6431;286;6145
4435;Personenauto;Lpg;2012 september;6252;237;6015
4436;Personenauto;Lpg;2012 3e kwartaal;19841;863;18978
4437;Personenauto;Lpg;2012 oktober;6448;263;6185
4438;Personenauto;Lpg;2012 november;5737;299;5438
4439;Personenauto;Lpg;2012 december;5209;315;4894
4440;Personenauto;Lpg;2012 4e kwartaal;17394;877;16517
4441;Personenauto;Lpg;2012;83773;8779;74994
4442;Personenauto;Lpg;2013 januari;5979;472;5507
4443;Personenauto;Lpg;2013 februari;5820;588;5232
4444;Personenauto;Lpg;2013 maart;6059;202;5857
4445;Personenauto;Lpg;2013 1e kwartaal;17858;1262;16596
4446;Personenauto;Lpg;2013 april;5486;53;5433
4447;Personenauto;Lpg;2013 mei;5825;68;5757
4448;Personenauto;Lpg;2013 juni;5851;79;5772
4449;Personenauto;Lpg;2013 2e kwartaal;17162;200;16962
4450;Personenauto;Lpg;2013 juli;5520;39;5481
4451;Personenauto;Lpg;2013 augustus;5071;35;5036
4452;Personenauto;Lpg;2013 september;5117;96;5021
4453;Personenauto;Lpg;2013 3e kwartaal;15708;170;15538
4454;Personenauto;Lpg;2013 oktober;5401;104;5297
4455;Personenauto;Lpg;2013 november;5353;227;5126
4456;Personenauto;Lpg;2013 december;5579;118;5461
4457;Personenauto;Lpg;2013 4e kwartaal;16333;449;15884
4458;Personenauto;Lpg;2013;67061;2081;64980
4459;Personenauto;Lpg;2014 januari;5671;62;5609
4460;Personenauto;Lpg;2014 februari;4821;71;4750
4461;Personenauto;Lpg;2014 maart;5143;173;4970
4462;Personenauto;Lpg;2014 1e kwartaal;15635;306;15329
4463;Personenauto;Lpg;2014 april;4769;147;4622
4464;Personenauto;Lpg;2014 mei;5362;80;5282
4465;Personenauto;Lpg;2014 juni;4926;144;4782
4466;Personenauto;Lpg;2014 2e kwartaal;15057;371;14686
4467;Personenauto;Lpg;2014 juli;4827;76;4751
4468;Personenauto;Lpg;2014 augustus;4271;50;4221
4469;Personenauto;Lpg;2014 september;4581;63;4518
4470;Personenauto;Lpg;2014 3e kwartaal;13679;189;13490
4471;Personenauto;Lpg;2014 oktober;4737;56;4681
4472;Personenauto;Lpg;2014 november;4519;48;4471
4473;Personenauto;Lpg;2014 december;4191;28;4163
4474;Personenauto;Lpg;2014 4e kwartaal;13447;132;13315
4475;Personenauto;Lpg;2014;57818;998;56820
4476;Personenauto;Lpg;2015 januari;4711;46;4665
4477;Personenauto;Lpg;2015 februari;4232;28;4204
4478;Personenauto;Lpg;2015 maart;4518;13;4505
4479;Personenauto;Lpg;2015 1e kwartaal;13461;87;13374
4480;Personenauto;Lpg;2015 april;4286;21;4265
4481;Personenauto;Lpg;2015 mei;4443;36;4407
4482;Personenauto;Lpg;2015 juni;4811;28;4783
4483;Personenauto;Lpg;2015 2e kwartaal;13540;85;13455
4484;Personenauto;Lpg;2015 juli;4351;32;4319
4485;Personenauto;Lpg;2015 augustus;3874;34;3840
4486;Personenauto;Lpg;2015 september;4146;24;4122
4487;Personenauto;Lpg;2015 3e kwartaal;12371;90;12281
4488;Personenauto;Lpg;2015 oktober;4247;30;4217
4489;Personenauto;Lpg;2015 november;3986;37;3949
4490;Personenauto;Lpg;2015 december;4004;33;3971
4491;Personenauto;Lpg;2015 4e kwartaal;12237;100;12137
4492;Personenauto;Lpg;2015;51609;362;51247
4493;Personenauto;Lpg;2016 januari;4142;24;4118
4494;Personenauto;Lpg;2016 februari;4144;18;4126
4495;Personenauto;Lpg;2016 maart;4285;51;4234
4496;Personenauto;Lpg;2016 1e kwartaal;12571;93;12478
4497;Personenauto;Lpg;2016 april;4197;72;4125
4498;Personenauto;Lpg;2016 mei;4093;58;4035
4499;Personenauto;Lpg;2016 juni;4666;96;4570
4500;Personenauto;Lpg;2016 2e kwartaal;12956;226;12730
4501;Personenauto;Lpg;2016 juli;4186;110;4076
4502;Personenauto;Lpg;2016 augustus;3613;41;3572
4503;Personenauto;Lpg;2016 september;3796;56;3740
4504;Personenauto;Lpg;2016 3e kwartaal;11595;207;11388
4505;Personenauto;Lpg;2016 oktober;4144;138;4006
4506;Personenauto;Lpg;2016 november;3779;81;3698
4507;Personenauto;Lpg;2016 december;3670;115;3555
4508;Personenauto;Lpg;2016 4e kwartaal;11593;334;11259
4509;Personenauto;Lpg;2016;48715;860;47855
4510;Personenauto;Lpg;2017 januari;3946;122;3824
4511;Personenauto;Lpg;2017 februari;3579;73;3506
4512;Personenauto;Lpg;2017 maart;3905;69;3836
4513;Personenauto;Lpg;2017 1e kwartaal;11430;264;11166
4514;Personenauto;Lpg;2017 april;3543;106;3437
4515;Personenauto;Lpg;2017 mei;3972;122;3850
4516;Personenauto;Lpg;2017 juni;4137;168;3969
4517;Personenauto;Lpg;2017 2e kwartaal;11652;396;11256
4518;Personenauto;Lpg;2017 juli;3971;62;3909
4519;Personenauto;Lpg;2017 augustus;3424;53;3371
4520;Personenauto;Lpg;2017 september;3752;32;3720
4521;Personenauto;Lpg;2017 3e kwartaal;11147;147;11000
4522;Personenauto;Lpg;2017 oktober;3778;162;3616
4523;Personenauto;Lpg;2017 november;3560;145;3415
4524;Personenauto;Lpg;2017 december;3192;86;3106
4525;Personenauto;Lpg;2017 4e kwartaal;10530;393;10137
4526;Personenauto;Lpg;2017;44759;1200;43559
4527;Personenauto;Lpg;2018 januari;3704;116;3588
4528;Personenauto;Lpg;2018 februari;3260;84;3176
4529;Personenauto;Lpg;2018 maart;3791;115;3676
4530;Personenauto;Lpg;2018 1e kwartaal;10755;315;10440
4531;Personenauto;Lpg;2018 april;3235;80;3155
4532;Personenauto;Lpg;2018 mei;3559;73;3486
4533;Personenauto;Lpg;2018 juni;3843;92;3751
4534;Personenauto;Lpg;2018 2e kwartaal;10637;245;10392
4535;Personenauto;Lpg;2018 juli;3428;140;3288
4536;Personenauto;Lpg;2018 augustus;3086;110;2976
4537;Personenauto;Lpg;2018 september;3143;19;3124
4538;Personenauto;Lpg;2018 3e kwartaal;9657;269;9388
4539;Personenauto;Lpg;2018 oktober;3308;25;3283
4540;Personenauto;Lpg;2018 november;3003;52;2951
4541;Personenauto;Lpg;2018 december;2744;63;2681
4542;Personenauto;Lpg;2018 4e kwartaal;9055;140;8915
4543;Personenauto;Lpg;2018;40104;969;39135
4544;Personenauto;Lpg;2019 januari;3270;83;3187
4545;Personenauto;Lpg;2019 februari;2886;46;2840
4546;Personenauto;Lpg;2019 maart;3001;62;2939
4547;Personenauto;Lpg;2019 1e kwartaal;9157;191;8966
4548;Personenauto;Lpg;2019 april;2899;72;2827
4549;Personenauto;Lpg;2019 mei;3293;83;3210
4550;Personenauto;Lpg;2019 juni;3015;97;2918
4551;Personenauto;Lpg;2019 2e kwartaal;9207;252;8955
4552;Personenauto;Lpg;2019 juli;2805;22;2783
4553;Personenauto;Lpg;2019 augustus;2693;14;2679
4554;Personenauto;Lpg;2019 september;2760;8;2752
4555;Personenauto;Lpg;2019 3e kwartaal;8258;44;8214
4556;Personenauto;Lpg;2019 oktober;2827;8;2819
4557;Personenauto;Lpg;2019 november;2721;15;2706
4558;Personenauto;Lpg;2019 december;2523;10;2513
4559;Personenauto;Lpg;2019 4e kwartaal;8071;33;8038
4560;Personenauto;Lpg;2019;34693;520;34173
4561;Personenauto;Lpg;2020 januari;2869;13;2856
4562;Personenauto;Lpg;2020 februari;2563;19;2544
4563;Personenauto;Lpg;2020 maart;2465;58;2407
4564;Personenauto;Lpg;2020 1e kwartaal;7897;90;7807
4565;Personenauto;Lpg;2020 april;2208;89;2119
4566;Personenauto;Lpg;2020 mei;2805;83;2722
4567;Personenauto;Lpg;2020 juni;2992;169;2823
4568;Personenauto;Lpg;2020 2e kwartaal;8005;341;7664
4569;Personenauto;Lpg;2020 juli;3015;191;2824
4570;Personenauto;Lpg;2020 augustus;2806;318;2488
4571;Personenauto;Lpg;2020 september;2934;249;2685
4572;Personenauto;Lpg;2020 3e kwartaal;8755;758;7997
4573;Personenauto;Lpg;2020 oktober;3013;262;2751
4574;Personenauto;Lpg;2020 november;2562;232;2330
4575;Personenauto;Lpg;2020 december;2507;238;2269
4576;Personenauto;Lpg;2020 4e kwartaal;8082;732;7350
4577;Personenauto;Lpg;2020;32739;1921;30818
4578;Personenauto;Lpg;2021 januari;2551;146;2405
4579;Personenauto;Lpg;2021 februari;2269;137;2132
4580;Personenauto;Lpg;2021 maart;2709;100;2609
4581;Personenauto;Lpg;2021 1e kwartaal;7529;383;7146
4582;Personenauto;Lpg;2021 april;2541;158;2383
4583;Personenauto;Lpg;2021 mei;2679;144;2535
4584;Personenauto;Lpg;2021 juni;2852;269;2583
4585;Personenauto;Lpg;2021 2e kwartaal;8072;571;7501
4586;Personenauto;Lpg;2021 juli;2780;254;2526
4587;Personenauto;Lpg;2021 augustus;2296;116;2180
4588;Personenauto;Lpg;2021 september;2596;187;2409
4589;Personenauto;Lpg;2021 3e kwartaal;7672;557;7115
4590;Personenauto;Lpg;2021 oktober;2731;266;2465
4591;Personenauto;Lpg;2021 november;2461;221;2240
4592;Personenauto;Lpg;2021 december;2300;231;2069
4593;Personenauto;Lpg;2021 4e kwartaal;7492;718;6774
4594;Personenauto;Lpg;2021;30765;2229;28536
4595;Personenauto;Lpg;2022 januari;2616;319;2297
4596;Personenauto;Lpg;2022 februari;2254;116;2138
4597;Personenauto;Lpg;2022 maart;2442;130;2312
4598;Personenauto;Lpg;2022 1e kwartaal;7312;565;6747
4599;Personenauto;Lpg;2022 april;1956;113;1843
4600;Personenauto;Lpg;2022 mei;2001;132;1869
4601;Personenauto;Lpg;2022 juni;2475;352;2123
4602;Personenauto;Lpg;2022 2e kwartaal;6432;597;5835
4603;Personenauto;Lpg;2022 juli;2200;135;2065
4604;Personenauto;Lpg;2022 augustus;1893;113;1780
4605;Personenauto;Lpg;2022 september;2108;148;1960
4606;Personenauto;Lpg;2022 3e kwartaal;6201;396;5805
4607;Personenauto;Lpg;2022 oktober;2154;163;1991
4608;Personenauto;Lpg;2022 november;2190;326;1864
4609;Personenauto;Lpg;2022 december;1958;238;1720
4610;Personenauto;Lpg;2022 4e kwartaal;6302;727;5575
4611;Personenauto;Lpg;2022;26247;2285;23962
4612;Personenauto;Lpg;2023 januari;2171;159;2012
4613;Personenauto;Lpg;2023 februari;1977;151;1826
4614;Personenauto;Lpg;2023 maart;2201;145;2056
4615;Personenauto;Lpg;2023 1e kwartaal;6349;455;5894
4616;Personenauto;Lpg;2023 april;2081;111;1970
4617;Personenauto;Lpg;2023 mei;2180;152;2028
4618;Personenauto;Lpg;2023 juni;2391;274;2117
4619;Personenauto;Lpg;2023 2e kwartaal;6652;537;6115
4620;Personenauto;Lpg;2023 juli;2311;161;2150
4621;Personenauto;Lpg;2023 augustus;2165;185;1980
4622;Personenauto;Lpg;2023 september;2387;216;2171
4623;Personenauto;Lpg;2023 3e kwartaal;6863;562;6301
4624;Personenauto;Lpg;2023 oktober;2250;197;2053
4625;Personenauto;Lpg;2023 november;2222;296;1926
4626;Personenauto;Lpg;2023 december;2067;315;1752
4627;Personenauto;Lpg;2023 4e kwartaal;6539;808;5731
4628;Personenauto;Lpg;2023;26403;2362;24041
4629;Personenauto;Lpg;2024 januari;2226;221;2005
4630;Personenauto;Lpg;2024 februari;2150;245;1905
4631;Personenauto;Lpg;2024 maart;2359;259;2100
4632;Personenauto;Lpg;2024 1e kwartaal;6735;725;6010
4633;Personenauto;Lpg;2024 april;2305;214;2091
4634;Personenauto;Lpg;2024 mei;2338;96;2242
4635;Personenauto;Lpg;2024 juni;2350;206;2144
4636;Personenauto;Lpg;2024 2e kwartaal;6993;516;6477
4637;Personenauto;Lpg;2024 juli;2160;108;2052
4638;Personenauto;Lpg;2024 augustus;2117;172;1945
4639;Personenauto;Lpg;2024 september;2198;129;2069
4640;Personenauto;Lpg;2024 3e kwartaal;6475;409;6066
4641;Personenauto;Lpg;2024 oktober;2316;165;2151
4642;Personenauto;Lpg;2024 november;2270;136;2134
4643;Personenauto;Lpg;2024 december;2204;238;1966
4644;Personenauto;Lpg;2024 4e kwartaal;6790;539;6251
4645;Personenauto;Lpg;2024;26993;2189;24804
4646;Personenauto;Lpg;2025 januari;2338;55;2283
4647;Personenauto;Lpg;2025 februari;2215;48;2167
4648;Personenauto;Lpg;2025 maart;2410;148;2262
4649;Personenauto;Lpg;2025 1e kwartaal;6963;251;6712
4650;Personenauto;Full elektric (BEV);2007 januari;2;0;2
4651;Personenauto;Full elektric (BEV);2007 februari;5;2;3
4652;Personenauto;Full elektric (BEV);2007 maart;0;0;0
4653;Personenauto;Full elektric (BEV);2007 1e kwartaal;7;2;5
4654;Personenauto;Full elektric (BEV);2007 april;2;0;2
4655;Personenauto;Full elektric (BEV);2007 mei;1;0;1
4656;Personenauto;Full elektric (BEV);2007 juni;1;0;1
4657;Personenauto;Full elektric (BEV);2007 2e kwartaal;4;0;4
4658;Personenauto;Full elektric (BEV);2007 juli;2;0;2
4659;Personenauto;Full elektric (BEV);2007 augustus;5;3;2
4660;Personenauto;Full elektric (BEV);2007 september;1;0;1
4661;Personenauto;Full elektric (BEV);2007 3e kwartaal;8;3;5
4662;Personenauto;Full elektric (BEV);2007 oktober;0;0;0
4663;Personenauto;Full elektric (BEV);2007 november;3;1;2
4664;Personenauto;Full elektric (BEV);2007 december;0;0;0
4665;Personenauto;Full elektric (BEV);2007 4e kwartaal;3;1;2
4666;Personenauto;Full elektric (BEV);2007;22;6;16
4667;Personenauto;Full elektric (BEV);2008 januari;0;0;0
4668;Personenauto;Full elektric (BEV);2008 februari;1;0;1
4669;Personenauto;Full elektric (BEV);2008 maart;3;1;2
4670;Personenauto;Full elektric (BEV);2008 1e kwartaal;4;1;3
4671;Personenauto;Full elektric (BEV);2008 april;0;0;0
4672;Personenauto;Full elektric (BEV);2008 mei;1;0;1
4673;Personenauto;Full elektric (BEV);2008 juni;2;0;2
4674;Personenauto;Full elektric (BEV);2008 2e kwartaal;3;0;3
4675;Personenauto;Full elektric (BEV);2008 juli;2;1;1
4676;Personenauto;Full elektric (BEV);2008 augustus;3;0;3
4677;Personenauto;Full elektric (BEV);2008 september;2;0;2
4678;Personenauto;Full elektric (BEV);2008 3e kwartaal;7;1;6
4679;Personenauto;Full elektric (BEV);2008 oktober;5;3;2
4680;Personenauto;Full elektric (BEV);2008 november;4;2;2
4681;Personenauto;Full elektric (BEV);2008 december;1;0;1
4682;Personenauto;Full elektric (BEV);2008 4e kwartaal;10;5;5
4683;Personenauto;Full elektric (BEV);2008;24;7;17
4684;Personenauto;Full elektric (BEV);2009 januari;4;2;2
4685;Personenauto;Full elektric (BEV);2009 februari;2;1;1
4686;Personenauto;Full elektric (BEV);2009 maart;10;9;1
4687;Personenauto;Full elektric (BEV);2009 1e kwartaal;16;12;4
4688;Personenauto;Full elektric (BEV);2009 april;11;9;2
4689;Personenauto;Full elektric (BEV);2009 mei;6;5;1
4690;Personenauto;Full elektric (BEV);2009 juni;11;3;8
4691;Personenauto;Full elektric (BEV);2009 2e kwartaal;28;17;11
4692;Personenauto;Full elektric (BEV);2009 juli;12;3;9
4693;Personenauto;Full elektric (BEV);2009 augustus;12;4;8
4694;Personenauto;Full elektric (BEV);2009 september;7;1;6
4695;Personenauto;Full elektric (BEV);2009 3e kwartaal;31;8;23
4696;Personenauto;Full elektric (BEV);2009 oktober;8;6;2
4697;Personenauto;Full elektric (BEV);2009 november;17;13;4
4698;Personenauto;Full elektric (BEV);2009 december;15;12;3
4699;Personenauto;Full elektric (BEV);2009 4e kwartaal;40;31;9
4700;Personenauto;Full elektric (BEV);2009;115;68;47
4701;Personenauto;Full elektric (BEV);2010 januari;11;9;2
4702;Personenauto;Full elektric (BEV);2010 februari;18;18;0
4703;Personenauto;Full elektric (BEV);2010 maart;29;28;1
4704;Personenauto;Full elektric (BEV);2010 1e kwartaal;58;55;3
4705;Personenauto;Full elektric (BEV);2010 april;11;11;0
4706;Personenauto;Full elektric (BEV);2010 mei;11;5;6
4707;Personenauto;Full elektric (BEV);2010 juni;20;5;15
4708;Personenauto;Full elektric (BEV);2010 2e kwartaal;42;21;21
4709;Personenauto;Full elektric (BEV);2010 juli;4;4;0
4710;Personenauto;Full elektric (BEV);2010 augustus;4;3;1
4711;Personenauto;Full elektric (BEV);2010 september;7;5;2
4712;Personenauto;Full elektric (BEV);2010 3e kwartaal;15;12;3
4713;Personenauto;Full elektric (BEV);2010 oktober;9;5;4
4714;Personenauto;Full elektric (BEV);2010 november;19;18;1
4715;Personenauto;Full elektric (BEV);2010 december;15;11;4
4716;Personenauto;Full elektric (BEV);2010 4e kwartaal;43;34;9
4717;Personenauto;Full elektric (BEV);2010;158;122;36
4718;Personenauto;Full elektric (BEV);2011 januari;35;34;1
4719;Personenauto;Full elektric (BEV);2011 februari;16;14;2
4720;Personenauto;Full elektric (BEV);2011 maart;55;55;0
4721;Personenauto;Full elektric (BEV);2011 1e kwartaal;106;103;3
4722;Personenauto;Full elektric (BEV);2011 april;66;64;2
4723;Personenauto;Full elektric (BEV);2011 mei;89;83;6
4724;Personenauto;Full elektric (BEV);2011 juni;42;36;6
4725;Personenauto;Full elektric (BEV);2011 2e kwartaal;197;183;14
4726;Personenauto;Full elektric (BEV);2011 juli;32;26;6
4727;Personenauto;Full elektric (BEV);2011 augustus;69;65;4
4728;Personenauto;Full elektric (BEV);2011 september;83;77;6
4729;Personenauto;Full elektric (BEV);2011 3e kwartaal;184;168;16
4730;Personenauto;Full elektric (BEV);2011 oktober;100;97;3
4731;Personenauto;Full elektric (BEV);2011 november;277;273;4
4732;Personenauto;Full elektric (BEV);2011 december;63;37;26
4733;Personenauto;Full elektric (BEV);2011 4e kwartaal;440;407;33
4734;Personenauto;Full elektric (BEV);2011;927;861;66
4735;Personenauto;Full elektric (BEV);2012 januari;178;166;12
4736;Personenauto;Full elektric (BEV);2012 februari;57;49;8
4737;Personenauto;Full elektric (BEV);2012 maart;91;84;7
4738;Personenauto;Full elektric (BEV);2012 1e kwartaal;326;299;27
4739;Personenauto;Full elektric (BEV);2012 april;49;31;18
4740;Personenauto;Full elektric (BEV);2012 mei;82;69;13
4741;Personenauto;Full elektric (BEV);2012 juni;105;93;12
4742;Personenauto;Full elektric (BEV);2012 2e kwartaal;236;193;43
4743;Personenauto;Full elektric (BEV);2012 juli;51;34;17
4744;Personenauto;Full elektric (BEV);2012 augustus;68;57;11
4745;Personenauto;Full elektric (BEV);2012 september;83;70;13
4746;Personenauto;Full elektric (BEV);2012 3e kwartaal;202;161;41
4747;Personenauto;Full elektric (BEV);2012 oktober;118;107;11
4748;Personenauto;Full elektric (BEV);2012 november;62;43;19
4749;Personenauto;Full elektric (BEV);2012 december;43;25;18
4750;Personenauto;Full elektric (BEV);2012 4e kwartaal;223;175;48
4751;Personenauto;Full elektric (BEV);2012;987;828;159
4752;Personenauto;Full elektric (BEV);2013 januari;51;29;22
4753;Personenauto;Full elektric (BEV);2013 februari;59;20;39
4754;Personenauto;Full elektric (BEV);2013 maart;87;68;19
4755;Personenauto;Full elektric (BEV);2013 1e kwartaal;197;117;80
4756;Personenauto;Full elektric (BEV);2013 april;93;44;49
4757;Personenauto;Full elektric (BEV);2013 mei;90;69;21
4758;Personenauto;Full elektric (BEV);2013 juni;174;125;49
4759;Personenauto;Full elektric (BEV);2013 2e kwartaal;357;238;119
4760;Personenauto;Full elektric (BEV);2013 juli;82;55;27
4761;Personenauto;Full elektric (BEV);2013 augustus;119;93;26
4762;Personenauto;Full elektric (BEV);2013 september;308;253;55
4763;Personenauto;Full elektric (BEV);2013 3e kwartaal;509;401;108
4764;Personenauto;Full elektric (BEV);2013 oktober;207;154;53
4765;Personenauto;Full elektric (BEV);2013 november;638;548;90
4766;Personenauto;Full elektric (BEV);2013 december;1254;1161;93
4767;Personenauto;Full elektric (BEV);2013 4e kwartaal;2099;1863;236
4768;Personenauto;Full elektric (BEV);2013;3162;2619;543
4769;Personenauto;Full elektric (BEV);2014 januari;110;34;76
4770;Personenauto;Full elektric (BEV);2014 februari;87;43;44
4771;Personenauto;Full elektric (BEV);2014 maart;461;407;54
4772;Personenauto;Full elektric (BEV);2014 1e kwartaal;658;484;174
4773;Personenauto;Full elektric (BEV);2014 april;192;139;53
4774;Personenauto;Full elektric (BEV);2014 mei;222;167;55
4775;Personenauto;Full elektric (BEV);2014 juni;324;252;72
4776;Personenauto;Full elektric (BEV);2014 2e kwartaal;738;558;180
4777;Personenauto;Full elektric (BEV);2014 juli;165;93;72
4778;Personenauto;Full elektric (BEV);2014 augustus;267;204;63
4779;Personenauto;Full elektric (BEV);2014 september;482;397;85
4780;Personenauto;Full elektric (BEV);2014 3e kwartaal;914;694;220
4781;Personenauto;Full elektric (BEV);2014 oktober;193;99;94
4782;Personenauto;Full elektric (BEV);2014 november;273;212;61
4783;Personenauto;Full elektric (BEV);2014 december;988;864;124
4784;Personenauto;Full elektric (BEV);2014 4e kwartaal;1454;1175;279
4785;Personenauto;Full elektric (BEV);2014;3764;2911;853
4786;Personenauto;Full elektric (BEV);2015 januari;459;376;83
4787;Personenauto;Full elektric (BEV);2015 februari;194;115;79
4788;Personenauto;Full elektric (BEV);2015 maart;600;521;79
4789;Personenauto;Full elektric (BEV);2015 1e kwartaal;1253;1012;241
4790;Personenauto;Full elektric (BEV);2015 april;224;131;93
4791;Personenauto;Full elektric (BEV);2015 mei;246;179;67
4792;Personenauto;Full elektric (BEV);2015 juni;434;357;77
4793;Personenauto;Full elektric (BEV);2015 2e kwartaal;904;667;237
4794;Personenauto;Full elektric (BEV);2015 juli;286;172;114
4795;Personenauto;Full elektric (BEV);2015 augustus;272;192;80
4796;Personenauto;Full elektric (BEV);2015 september;478;339;139
4797;Personenauto;Full elektric (BEV);2015 3e kwartaal;1036;703;333
4798;Personenauto;Full elektric (BEV);2015 oktober;326;217;109
4799;Personenauto;Full elektric (BEV);2015 november;346;230;116
4800;Personenauto;Full elektric (BEV);2015 december;593;364;229
4801;Personenauto;Full elektric (BEV);2015 4e kwartaal;1265;811;454
4802;Personenauto;Full elektric (BEV);2015;4458;3193;1265
4803;Personenauto;Full elektric (BEV);2016 januari;344;225;119
4804;Personenauto;Full elektric (BEV);2016 februari;336;203;133
4805;Personenauto;Full elektric (BEV);2016 maart;762;620;142
4806;Personenauto;Full elektric (BEV);2016 1e kwartaal;1442;1048;394
4807;Personenauto;Full elektric (BEV);2016 april;386;237;149
4808;Personenauto;Full elektric (BEV);2016 mei;364;151;213
4809;Personenauto;Full elektric (BEV);2016 juni;508;374;134
4810;Personenauto;Full elektric (BEV);2016 2e kwartaal;1258;762;496
4811;Personenauto;Full elektric (BEV);2016 juli;231;107;124
4812;Personenauto;Full elektric (BEV);2016 augustus;420;283;137
4813;Personenauto;Full elektric (BEV);2016 september;768;586;182
4814;Personenauto;Full elektric (BEV);2016 3e kwartaal;1419;976;443
4815;Personenauto;Full elektric (BEV);2016 oktober;401;229;172
4816;Personenauto;Full elektric (BEV);2016 november;516;320;196
4817;Personenauto;Full elektric (BEV);2016 december;929;653;276
4818;Personenauto;Full elektric (BEV);2016 4e kwartaal;1846;1202;644
4819;Personenauto;Full elektric (BEV);2016;5965;3988;1977
4820;Personenauto;Full elektric (BEV);2017 januari;636;472;164
4821;Personenauto;Full elektric (BEV);2017 februari;602;429;173
4822;Personenauto;Full elektric (BEV);2017 maart;1013;766;247
4823;Personenauto;Full elektric (BEV);2017 1e kwartaal;2251;1667;584
4824;Personenauto;Full elektric (BEV);2017 april;490;295;195
4825;Personenauto;Full elektric (BEV);2017 mei;731;488;243
4826;Personenauto;Full elektric (BEV);2017 juni;1107;823;284
4827;Personenauto;Full elektric (BEV);2017 2e kwartaal;2328;1606;722
4828;Personenauto;Full elektric (BEV);2017 juli;610;360;250
4829;Personenauto;Full elektric (BEV);2017 augustus;918;614;304
4830;Personenauto;Full elektric (BEV);2017 september;1416;998;418
4831;Personenauto;Full elektric (BEV);2017 3e kwartaal;2944;1972;972
4832;Personenauto;Full elektric (BEV);2017 oktober;1051;732;319
4833;Personenauto;Full elektric (BEV);2017 november;1404;987;417
4834;Personenauto;Full elektric (BEV);2017 december;1450;994;456
4835;Personenauto;Full elektric (BEV);2017 4e kwartaal;3905;2713;1192
4836;Personenauto;Full elektric (BEV);2017;11428;7958;3470
4837;Personenauto;Full elektric (BEV);2018 januari;1737;1335;402
4838;Personenauto;Full elektric (BEV);2018 februari;1309;927;382
4839;Personenauto;Full elektric (BEV);2018 maart;2108;1665;443
4840;Personenauto;Full elektric (BEV);2018 1e kwartaal;5154;3927;1227
4841;Personenauto;Full elektric (BEV);2018 april;1229;830;399
4842;Personenauto;Full elektric (BEV);2018 mei;1587;1164;423
4843;Personenauto;Full elektric (BEV);2018 juni;2462;2024;438
4844;Personenauto;Full elektric (BEV);2018 2e kwartaal;5278;4018;1260
4845;Personenauto;Full elektric (BEV);2018 juli;1640;1041;599
4846;Personenauto;Full elektric (BEV);2018 augustus;2052;1579;473
4847;Personenauto;Full elektric (BEV);2018 september;3067;2542;525
4848;Personenauto;Full elektric (BEV);2018 3e kwartaal;6759;5162;1597
4849;Personenauto;Full elektric (BEV);2018 oktober;2460;1747;713
4850;Personenauto;Full elektric (BEV);2018 november;3765;3077;688
4851;Personenauto;Full elektric (BEV);2018 december;6909;6054;855
4852;Personenauto;Full elektric (BEV);2018 4e kwartaal;13134;10878;2256
4853;Personenauto;Full elektric (BEV);2018;30325;23985;6340
4854;Personenauto;Full elektric (BEV);2019 januari;3669;2497;1172
4855;Personenauto;Full elektric (BEV);2019 februari;2927;2089;838
4856;Personenauto;Full elektric (BEV);2019 maart;5023;4028;995
4857;Personenauto;Full elektric (BEV);2019 1e kwartaal;11619;8614;3005
4858;Personenauto;Full elektric (BEV);2019 april;2919;2162;757
4859;Personenauto;Full elektric (BEV);2019 mei;3376;2307;1069
4860;Personenauto;Full elektric (BEV);2019 juni;4972;4103;869
4861;Personenauto;Full elektric (BEV);2019 2e kwartaal;11267;8572;2695
4862;Personenauto;Full elektric (BEV);2019 juli;3115;2110;1005
4863;Personenauto;Full elektric (BEV);2019 augustus;3827;2871;956
4864;Personenauto;Full elektric (BEV);2019 september;8687;7643;1044
4865;Personenauto;Full elektric (BEV);2019 3e kwartaal;15629;12624;3005
4866;Personenauto;Full elektric (BEV);2019 oktober;4013;2316;1697
4867;Personenauto;Full elektric (BEV);2019 november;8440;6852;1588
4868;Personenauto;Full elektric (BEV);2019 december;24379;22569;1810
4869;Personenauto;Full elektric (BEV);2019 4e kwartaal;36832;31737;5095
4870;Personenauto;Full elektric (BEV);2019;75347;61547;13800
4871;Personenauto;Full elektric (BEV);2020 januari;4477;1903;2574
4872;Personenauto;Full elektric (BEV);2020 februari;4672;2834;1838
4873;Personenauto;Full elektric (BEV);2020 maart;5710;3935;1775
4874;Personenauto;Full elektric (BEV);2020 1e kwartaal;14859;8672;6187
4875;Personenauto;Full elektric (BEV);2020 april;2850;1558;1292
4876;Personenauto;Full elektric (BEV);2020 mei;2866;1401;1465
4877;Personenauto;Full elektric (BEV);2020 juni;4823;2826;1997
4878;Personenauto;Full elektric (BEV);2020 2e kwartaal;10539;5785;4754
4879;Personenauto;Full elektric (BEV);2020 juli;6193;3870;2323
4880;Personenauto;Full elektric (BEV);2020 augustus;6128;4314;1814
4881;Personenauto;Full elektric (BEV);2020 september;8663;6144;2519
4882;Personenauto;Full elektric (BEV);2020 3e kwartaal;20984;14328;6656
4883;Personenauto;Full elektric (BEV);2020 oktober;9625;7214;2411
4884;Personenauto;Full elektric (BEV);2020 november;10053;7542;2511
4885;Personenauto;Full elektric (BEV);2020 december;32583;29318;3265
4886;Personenauto;Full elektric (BEV);2020 4e kwartaal;52261;44074;8187
4887;Personenauto;Full elektric (BEV);2020;98643;72859;25784
4888;Personenauto;Full elektric (BEV);2021 januari;5194;1146;4048
4889;Personenauto;Full elektric (BEV);2021 februari;4373;1229;3144
4890;Personenauto;Full elektric (BEV);2021 maart;6627;2165;4462
4891;Personenauto;Full elektric (BEV);2021 1e kwartaal;16194;4540;11654
4892;Personenauto;Full elektric (BEV);2021 april;5840;2377;3463
4893;Personenauto;Full elektric (BEV);2021 mei;7049;3336;3713
4894;Personenauto;Full elektric (BEV);2021 juni;10486;5893;4593
4895;Personenauto;Full elektric (BEV);2021 2e kwartaal;23375;11606;11769
4896;Personenauto;Full elektric (BEV);2021 juli;9320;4174;5146
4897;Personenauto;Full elektric (BEV);2021 augustus;9358;4323;5035
4898;Personenauto;Full elektric (BEV);2021 september;10839;5197;5642
4899;Personenauto;Full elektric (BEV);2021 3e kwartaal;29517;13694;15823
4900;Personenauto;Full elektric (BEV);2021 oktober;11131;5611;5520
4901;Personenauto;Full elektric (BEV);2021 november;12829;7561;5268
4902;Personenauto;Full elektric (BEV);2021 december;26104;20646;5458
4903;Personenauto;Full elektric (BEV);2021 4e kwartaal;50064;33818;16246
4904;Personenauto;Full elektric (BEV);2021;119150;63658;55492
4905;Personenauto;Full elektric (BEV);2022 januari;12355;3082;9273
4906;Personenauto;Full elektric (BEV);2022 februari;8928;3649;5279
4907;Personenauto;Full elektric (BEV);2022 maart;12735;5689;7046
4908;Personenauto;Full elektric (BEV);2022 1e kwartaal;34018;12420;21598
4909;Personenauto;Full elektric (BEV);2022 april;10768;4742;6026
4910;Personenauto;Full elektric (BEV);2022 mei;10167;5029;5138
4911;Personenauto;Full elektric (BEV);2022 juni;13251;7308;5943
4912;Personenauto;Full elektric (BEV);2022 2e kwartaal;34186;17079;17107
4913;Personenauto;Full elektric (BEV);2022 juli;10173;4979;5194
4914;Personenauto;Full elektric (BEV);2022 augustus;11558;5766;5792
4915;Personenauto;Full elektric (BEV);2022 september;10709;6063;4646
4916;Personenauto;Full elektric (BEV);2022 3e kwartaal;32440;16808;15632
4917;Personenauto;Full elektric (BEV);2022 oktober;10508;6413;4095
4918;Personenauto;Full elektric (BEV);2022 november;11203;6959;4244
4919;Personenauto;Full elektric (BEV);2022 december;18178;13571;4607
4920;Personenauto;Full elektric (BEV);2022 4e kwartaal;39889;26943;12946
4921;Personenauto;Full elektric (BEV);2022;140533;73250;67283
4922;Personenauto;Full elektric (BEV);2023 januari;12858;5059;7799
4923;Personenauto;Full elektric (BEV);2023 februari;12763;6854;5909
4924;Personenauto;Full elektric (BEV);2023 maart;19706;13200;6506
4925;Personenauto;Full elektric (BEV);2023 1e kwartaal;45327;25113;20214
4926;Personenauto;Full elektric (BEV);2023 april;14348;8299;6049
4927;Personenauto;Full elektric (BEV);2023 mei;17292;10962;6330
4928;Personenauto;Full elektric (BEV);2023 juni;21094;13566;7528
4929;Personenauto;Full elektric (BEV);2023 2e kwartaal;52734;32827;19907
4930;Personenauto;Full elektric (BEV);2023 juli;14989;7539;7450
4931;Personenauto;Full elektric (BEV);2023 augustus;16898;9147;7751
4932;Personenauto;Full elektric (BEV);2023 september;18759;10332;8427
4933;Personenauto;Full elektric (BEV);2023 3e kwartaal;50646;27018;23628
4934;Personenauto;Full elektric (BEV);2023 oktober;17620;8309;9311
4935;Personenauto;Full elektric (BEV);2023 november;18992;9582;9410
4936;Personenauto;Full elektric (BEV);2023 december;20007;11119;8888
4937;Personenauto;Full elektric (BEV);2023 4e kwartaal;56619;29010;27609
4938;Personenauto;Full elektric (BEV);2023;205326;113968;91358
4939;Personenauto;Full elektric (BEV);2024 januari;20509;8702;11807
4940;Personenauto;Full elektric (BEV);2024 februari;18320;8315;10005
4941;Personenauto;Full elektric (BEV);2024 maart;23965;13040;10925
4942;Personenauto;Full elektric (BEV);2024 1e kwartaal;62794;30057;32737
4943;Personenauto;Full elektric (BEV);2024 april;20159;9073;11086
4944;Personenauto;Full elektric (BEV);2024 mei;21433;9665;11768
4945;Personenauto;Full elektric (BEV);2024 juni;22562;11482;11080
4946;Personenauto;Full elektric (BEV);2024 2e kwartaal;64154;30220;33934
4947;Personenauto;Full elektric (BEV);2024 juli;19986;8124;11862
4948;Personenauto;Full elektric (BEV);2024 augustus;19159;9406;9753
4949;Personenauto;Full elektric (BEV);2024 september;24271;12413;11858
4950;Personenauto;Full elektric (BEV);2024 3e kwartaal;63416;29943;33473
4951;Personenauto;Full elektric (BEV);2024 oktober;25345;10961;14384
4952;Personenauto;Full elektric (BEV);2024 november;28049;13593;14456
4953;Personenauto;Full elektric (BEV);2024 december;34929;17393;17536
4954;Personenauto;Full elektric (BEV);2024 4e kwartaal;88323;41947;46376
4955;Personenauto;Full elektric (BEV);2024;278687;132167;146520
4956;Personenauto;Full elektric (BEV);2025 januari;28584;11088;17496
4957;Personenauto;Full elektric (BEV);2025 februari;24249;10156;14093
4958;Personenauto;Full elektric (BEV);2025 maart;24887;11195;13692
4959;Personenauto;Full elektric (BEV);2025 1e kwartaal;77720;32439;45281
4960;Personenauto;Totaal hybrides;2007 januari;199;97;102
4961;Personenauto;Totaal hybrides;2007 februari;115;27;88
4962;Personenauto;Totaal hybrides;2007 maart;366;265;101
4963;Personenauto;Totaal hybrides;2007 1e kwartaal;680;389;291
4964;Personenauto;Totaal hybrides;2007 april;405;311;94
4965;Personenauto;Totaal hybrides;2007 mei;477;371;106
4966;Personenauto;Totaal hybrides;2007 juni;621;496;125
4967;Personenauto;Totaal hybrides;2007 2e kwartaal;1503;1178;325
4968;Personenauto;Totaal hybrides;2007 juli;528;390;138
4969;Personenauto;Totaal hybrides;2007 augustus;478;369;109
4970;Personenauto;Totaal hybrides;2007 september;394;286;108
4971;Personenauto;Totaal hybrides;2007 3e kwartaal;1400;1045;355
4972;Personenauto;Totaal hybrides;2007 oktober;436;261;175
4973;Personenauto;Totaal hybrides;2007 november;343;189;154
4974;Personenauto;Totaal hybrides;2007 december;218;67;151
4975;Personenauto;Totaal hybrides;2007 4e kwartaal;997;517;480
4976;Personenauto;Totaal hybrides;2007;4580;3129;1451
4977;Personenauto;Totaal hybrides;2008 januari;674;481;193
4978;Personenauto;Totaal hybrides;2008 februari;1227;1042;185
4979;Personenauto;Totaal hybrides;2008 maart;1274;1061;213
4980;Personenauto;Totaal hybrides;2008 1e kwartaal;3175;2584;591
4981;Personenauto;Totaal hybrides;2008 april;1194;991;203
4982;Personenauto;Totaal hybrides;2008 mei;1229;1011;218
4983;Personenauto;Totaal hybrides;2008 juni;1603;1352;251
4984;Personenauto;Totaal hybrides;2008 2e kwartaal;4026;3354;672
4985;Personenauto;Totaal hybrides;2008 juli;1586;1303;283
4986;Personenauto;Totaal hybrides;2008 augustus;1694;1433;261
4987;Personenauto;Totaal hybrides;2008 september;1659;1387;272
4988;Personenauto;Totaal hybrides;2008 3e kwartaal;4939;4123;816
4989;Personenauto;Totaal hybrides;2008 oktober;1292;1036;256
4990;Personenauto;Totaal hybrides;2008 november;953;689;264
4991;Personenauto;Totaal hybrides;2008 december;292;51;241
4992;Personenauto;Totaal hybrides;2008 4e kwartaal;2537;1776;761
4993;Personenauto;Totaal hybrides;2008;14677;11837;2840
4994;Personenauto;Totaal hybrides;2009 januari;1955;1686;269
4995;Personenauto;Totaal hybrides;2009 februari;1496;1243;253
4996;Personenauto;Totaal hybrides;2009 maart;1837;1463;374
4997;Personenauto;Totaal hybrides;2009 1e kwartaal;5288;4392;896
4998;Personenauto;Totaal hybrides;2009 april;1718;1395;323
4999;Personenauto;Totaal hybrides;2009 mei;2054;1679;375
5000;Personenauto;Totaal hybrides;2009 juni;1597;1190;407
5001;Personenauto;Totaal hybrides;2009 2e kwartaal;5369;4264;1105
5002;Personenauto;Totaal hybrides;2009 juli;2045;1502;543
5003;Personenauto;Totaal hybrides;2009 augustus;2429;1943;486
5004;Personenauto;Totaal hybrides;2009 september;2392;1867;525
5005;Personenauto;Totaal hybrides;2009 3e kwartaal;6866;5312;1554
5006;Personenauto;Totaal hybrides;2009 oktober;2171;1491;680
5007;Personenauto;Totaal hybrides;2009 november;1394;722;672
5008;Personenauto;Totaal hybrides;2009 december;743;108;635
5009;Personenauto;Totaal hybrides;2009 4e kwartaal;4308;2321;1987
5010;Personenauto;Totaal hybrides;2009;21831;16289;5542
5011;Personenauto;Totaal hybrides;2010 januari;2824;2248;576
5012;Personenauto;Totaal hybrides;2010 februari;1814;1231;583
5013;Personenauto;Totaal hybrides;2010 maart;2310;1620;690
5014;Personenauto;Totaal hybrides;2010 1e kwartaal;6948;5099;1849
5015;Personenauto;Totaal hybrides;2010 april;2270;1571;699
5016;Personenauto;Totaal hybrides;2010 mei;2025;1435;590
5017;Personenauto;Totaal hybrides;2010 juni;2206;1371;835
5018;Personenauto;Totaal hybrides;2010 2e kwartaal;6501;4377;2124
5019;Personenauto;Totaal hybrides;2010 juli;1882;1092;790
5020;Personenauto;Totaal hybrides;2010 augustus;2237;1465;772
5021;Personenauto;Totaal hybrides;2010 september;2472;1667;805
5022;Personenauto;Totaal hybrides;2010 3e kwartaal;6591;4224;2367
5023;Personenauto;Totaal hybrides;2010 oktober;2311;1313;998
5024;Personenauto;Totaal hybrides;2010 november;1748;911;837
5025;Personenauto;Totaal hybrides;2010 december;1223;188;1035
5026;Personenauto;Totaal hybrides;2010 4e kwartaal;5282;2412;2870
5027;Personenauto;Totaal hybrides;2010;25322;16112;9210
5028;Personenauto;Totaal hybrides;2011 januari;2818;1931;887
5029;Personenauto;Totaal hybrides;2011 februari;2447;1498;949
5030;Personenauto;Totaal hybrides;2011 maart;3022;1862;1160
5031;Personenauto;Totaal hybrides;2011 1e kwartaal;8287;5291;2996
5032;Personenauto;Totaal hybrides;2011 april;2893;1759;1134
5033;Personenauto;Totaal hybrides;2011 mei;2254;1117;1137
5034;Personenauto;Totaal hybrides;2011 juni;1917;914;1003
5035;Personenauto;Totaal hybrides;2011 2e kwartaal;7064;3790;3274
5036;Personenauto;Totaal hybrides;2011 juli;2103;1009;1094
5037;Personenauto;Totaal hybrides;2011 augustus;2451;1302;1149
5038;Personenauto;Totaal hybrides;2011 september;2365;1211;1154
5039;Personenauto;Totaal hybrides;2011 3e kwartaal;6919;3522;3397
5040;Personenauto;Totaal hybrides;2011 oktober;1862;768;1094
5041;Personenauto;Totaal hybrides;2011 november;2218;1007;1211
5042;Personenauto;Totaal hybrides;2011 december;1893;494;1399
5043;Personenauto;Totaal hybrides;2011 4e kwartaal;5973;2269;3704
5044;Personenauto;Totaal hybrides;2011;28243;14872;13371
5045;Personenauto;Totaal hybrides;2012 januari;3761;2385;1376
5046;Personenauto;Totaal hybrides;2012 februari;2671;1171;1500
5047;Personenauto;Totaal hybrides;2012 maart;3620;1980;1640
5048;Personenauto;Totaal hybrides;2012 1e kwartaal;10052;5536;4516
5049;Personenauto;Totaal hybrides;2012 april;3353;1607;1746
5050;Personenauto;Totaal hybrides;2012 mei;3623;2092;1531
5051;Personenauto;Totaal hybrides;2012 juni;4389;2599;1790
5052;Personenauto;Totaal hybrides;2012 2e kwartaal;11365;6298;5067
5053;Personenauto;Totaal hybrides;2012 juli;4557;2132;2425
5054;Personenauto;Totaal hybrides;2012 augustus;4941;3102;1839
5055;Personenauto;Totaal hybrides;2012 september;4648;2766;1882
5056;Personenauto;Totaal hybrides;2012 3e kwartaal;14146;8000;6146
5057;Personenauto;Totaal hybrides;2012 oktober;4143;2234;1909
5058;Personenauto;Totaal hybrides;2012 november;4184;2238;1946
5059;Personenauto;Totaal hybrides;2012 december;2955;1202;1753
5060;Personenauto;Totaal hybrides;2012 4e kwartaal;11282;5674;5608
5061;Personenauto;Totaal hybrides;2012;46845;25508;21337
5062;Personenauto;Totaal hybrides;2013 januari;5044;2841;2203
5063;Personenauto;Totaal hybrides;2013 februari;4599;1933;2666
5064;Personenauto;Totaal hybrides;2013 maart;4934;2710;2224
5065;Personenauto;Totaal hybrides;2013 1e kwartaal;14577;7484;7093
5066;Personenauto;Totaal hybrides;2013 april;4171;2052;2119
5067;Personenauto;Totaal hybrides;2013 mei;4382;2090;2292
5068;Personenauto;Totaal hybrides;2013 juni;4136;1965;2171
5069;Personenauto;Totaal hybrides;2013 2e kwartaal;12689;6107;6582
5070;Personenauto;Totaal hybrides;2013 juli;4703;2382;2321
5071;Personenauto;Totaal hybrides;2013 augustus;4996;2701;2295
5072;Personenauto;Totaal hybrides;2013 september;4947;2678;2269
5073;Personenauto;Totaal hybrides;2013 3e kwartaal;14646;7761;6885
5074;Personenauto;Totaal hybrides;2013 oktober;6962;4269;2693
5075;Personenauto;Totaal hybrides;2013 november;9407;6687;2720
5076;Personenauto;Totaal hybrides;2013 december;13828;11018;2810
5077;Personenauto;Totaal hybrides;2013 4e kwartaal;30197;21974;8223
5078;Personenauto;Totaal hybrides;2013;72109;43326;28783
5079;Personenauto;Totaal hybrides;2014 januari;5020;1816;3204
5080;Personenauto;Totaal hybrides;2014 februari;4962;2224;2738
5081;Personenauto;Totaal hybrides;2014 maart;5354;2634;2720
5082;Personenauto;Totaal hybrides;2014 1e kwartaal;15336;6674;8662
5083;Personenauto;Totaal hybrides;2014 april;5976;3103;2873
5084;Personenauto;Totaal hybrides;2014 mei;5757;2919;2838
5085;Personenauto;Totaal hybrides;2014 juni;4976;2256;2720
5086;Personenauto;Totaal hybrides;2014 2e kwartaal;16709;8278;8431
5087;Personenauto;Totaal hybrides;2014 juli;4718;1708;3010
5088;Personenauto;Totaal hybrides;2014 augustus;4264;1753;2511
5089;Personenauto;Totaal hybrides;2014 september;4774;1617;3157
5090;Personenauto;Totaal hybrides;2014 3e kwartaal;13756;5078;8678
5091;Personenauto;Totaal hybrides;2014 oktober;5228;2086;3142
5092;Personenauto;Totaal hybrides;2014 november;5173;2203;2970
5093;Personenauto;Totaal hybrides;2014 december;6003;2408;3595
5094;Personenauto;Totaal hybrides;2014 4e kwartaal;16404;6697;9707
5095;Personenauto;Totaal hybrides;2014;62205;26727;35478
5096;Personenauto;Totaal hybrides;2015 januari;6793;3308;3485
5097;Personenauto;Totaal hybrides;2015 februari;5397;2177;3220
5098;Personenauto;Totaal hybrides;2015 maart;5036;1724;3312
5099;Personenauto;Totaal hybrides;2015 1e kwartaal;17226;7209;10017
5100;Personenauto;Totaal hybrides;2015 april;5168;1803;3365
5101;Personenauto;Totaal hybrides;2015 mei;5198;2256;2942
5102;Personenauto;Totaal hybrides;2015 juni;6695;3354;3341
5103;Personenauto;Totaal hybrides;2015 2e kwartaal;17061;7413;9648
5104;Personenauto;Totaal hybrides;2015 juli;7077;3489;3588
5105;Personenauto;Totaal hybrides;2015 augustus;5808;2676;3132
5106;Personenauto;Totaal hybrides;2015 september;7057;3302;3755
5107;Personenauto;Totaal hybrides;2015 3e kwartaal;19942;9467;10475
5108;Personenauto;Totaal hybrides;2015 oktober;9380;5295;4085
5109;Personenauto;Totaal hybrides;2015 november;10496;6380;4116
5110;Personenauto;Totaal hybrides;2015 december;25554;20455;5099
5111;Personenauto;Totaal hybrides;2015 4e kwartaal;45430;32130;13300
5112;Personenauto;Totaal hybrides;2015;99659;56219;43440
5113;Personenauto;Totaal hybrides;2016 januari;6783;1051;5732
5114;Personenauto;Totaal hybrides;2016 februari;6553;801;5752
5115;Personenauto;Totaal hybrides;2016 maart;7534;1162;6372
5116;Personenauto;Totaal hybrides;2016 1e kwartaal;20870;3014;17856
5117;Personenauto;Totaal hybrides;2016 april;6930;1260;5670
5118;Personenauto;Totaal hybrides;2016 mei;6384;1241;5143
5119;Personenauto;Totaal hybrides;2016 juni;6796;1307;5489
5120;Personenauto;Totaal hybrides;2016 2e kwartaal;20110;3808;16302
5121;Personenauto;Totaal hybrides;2016 juli;6461;1486;4975
5122;Personenauto;Totaal hybrides;2016 augustus;6232;1601;4631
5123;Personenauto;Totaal hybrides;2016 september;7299;2304;4995
5124;Personenauto;Totaal hybrides;2016 3e kwartaal;19992;5391;14601
5125;Personenauto;Totaal hybrides;2016 oktober;7221;2199;5022
5126;Personenauto;Totaal hybrides;2016 november;8679;3499;5180
5127;Personenauto;Totaal hybrides;2016 december;17870;12005;5865
5128;Personenauto;Totaal hybrides;2016 4e kwartaal;33770;17703;16067
5129;Personenauto;Totaal hybrides;2016;94742;29916;64826
5130;Personenauto;Totaal hybrides;2017 januari;9291;2566;6725
5131;Personenauto;Totaal hybrides;2017 februari;7756;1429;6327
5132;Personenauto;Totaal hybrides;2017 maart;8177;1460;6717
5133;Personenauto;Totaal hybrides;2017 1e kwartaal;25224;5455;19769
5134;Personenauto;Totaal hybrides;2017 april;7008;1248;5760
5135;Personenauto;Totaal hybrides;2017 mei;8122;1852;6270
5136;Personenauto;Totaal hybrides;2017 juni;8277;1916;6361
5137;Personenauto;Totaal hybrides;2017 2e kwartaal;23407;5016;18391
5138;Personenauto;Totaal hybrides;2017 juli;7927;1742;6185
5139;Personenauto;Totaal hybrides;2017 augustus;8061;1606;6455
5140;Personenauto;Totaal hybrides;2017 september;7877;1861;6016
5141;Personenauto;Totaal hybrides;2017 3e kwartaal;23865;5209;18656
5142;Personenauto;Totaal hybrides;2017 oktober;8132;1873;6259
5143;Personenauto;Totaal hybrides;2017 november;8331;1932;6399
5144;Personenauto;Totaal hybrides;2017 december;7093;1247;5846
5145;Personenauto;Totaal hybrides;2017 4e kwartaal;23556;5052;18504
5146;Personenauto;Totaal hybrides;2017;96052;20732;75320
5147;Personenauto;Totaal hybrides;2018 januari;9741;2635;7106
5148;Personenauto;Totaal hybrides;2018 februari;8026;1762;6264
5149;Personenauto;Totaal hybrides;2018 maart;9446;2739;6707
5150;Personenauto;Totaal hybrides;2018 1e kwartaal;27213;7136;20077
5151;Personenauto;Totaal hybrides;2018 april;8266;2105;6161
5152;Personenauto;Totaal hybrides;2018 mei;8929;2484;6445
5153;Personenauto;Totaal hybrides;2018 juni;9777;2914;6863
5154;Personenauto;Totaal hybrides;2018 2e kwartaal;26972;7503;19469
5155;Personenauto;Totaal hybrides;2018 juli;10046;2054;7992
5156;Personenauto;Totaal hybrides;2018 augustus;8632;2191;6441
5157;Personenauto;Totaal hybrides;2018 september;8820;2192;6628
5158;Personenauto;Totaal hybrides;2018 3e kwartaal;27498;6437;21061
5159;Personenauto;Totaal hybrides;2018 oktober;10087;1854;8233
5160;Personenauto;Totaal hybrides;2018 november;10483;2030;8453
5161;Personenauto;Totaal hybrides;2018 december;9890;1213;8677
5162;Personenauto;Totaal hybrides;2018 4e kwartaal;30460;5097;25363
5163;Personenauto;Totaal hybrides;2018;112143;26173;85970
5164;Personenauto;Totaal hybrides;2019 januari;12501;2873;9628
5165;Personenauto;Totaal hybrides;2019 februari;9536;1898;7638
5166;Personenauto;Totaal hybrides;2019 maart;11175;3308;7867
5167;Personenauto;Totaal hybrides;2019 1e kwartaal;33212;8079;25133
5168;Personenauto;Totaal hybrides;2019 april;9800;2582;7218
5169;Personenauto;Totaal hybrides;2019 mei;11443;3211;8232
5170;Personenauto;Totaal hybrides;2019 juni;10324;3282;7042
5171;Personenauto;Totaal hybrides;2019 2e kwartaal;31567;9075;22492
5172;Personenauto;Totaal hybrides;2019 juli;10573;2621;7952
5173;Personenauto;Totaal hybrides;2019 augustus;9764;2688;7076
5174;Personenauto;Totaal hybrides;2019 september;10550;3037;7513
5175;Personenauto;Totaal hybrides;2019 3e kwartaal;30887;8346;22541
5176;Personenauto;Totaal hybrides;2019 oktober;13445;3183;10262
5177;Personenauto;Totaal hybrides;2019 november;13497;3052;10445
5178;Personenauto;Totaal hybrides;2019 december;12166;2006;10160
5179;Personenauto;Totaal hybrides;2019 4e kwartaal;39108;8241;30867
5180;Personenauto;Totaal hybrides;2019;134774;33741;101033
5181;Personenauto;Totaal hybrides;2020 januari;18501;5864;12637
5182;Personenauto;Totaal hybrides;2020 februari;14800;4182;10618
5183;Personenauto;Totaal hybrides;2020 maart;14308;4772;9536
5184;Personenauto;Totaal hybrides;2020 1e kwartaal;47609;14818;32791
5185;Personenauto;Totaal hybrides;2020 april;10250;2626;7624
5186;Personenauto;Totaal hybrides;2020 mei;12595;2713;9882
5187;Personenauto;Totaal hybrides;2020 juni;14968;3865;11103
5188;Personenauto;Totaal hybrides;2020 2e kwartaal;37813;9204;28609
5189;Personenauto;Totaal hybrides;2020 juli;18516;6144;12372
5190;Personenauto;Totaal hybrides;2020 augustus;15241;5193;10048
5191;Personenauto;Totaal hybrides;2020 september;18695;6725;11970
5192;Personenauto;Totaal hybrides;2020 3e kwartaal;52452;18062;34390
5193;Personenauto;Totaal hybrides;2020 oktober;20793;7483;13310
5194;Personenauto;Totaal hybrides;2020 november;21314;7909;13405
5195;Personenauto;Totaal hybrides;2020 december;20750;4998;15752
5196;Personenauto;Totaal hybrides;2020 4e kwartaal;62857;20390;42467
5197;Personenauto;Totaal hybrides;2020;200731;62474;138257
5198;Personenauto;Totaal hybrides;2021 januari;27048;11816;15232
5199;Personenauto;Totaal hybrides;2021 februari;19838;7017;12821
5200;Personenauto;Totaal hybrides;2021 maart;23305;8030;15275
5201;Personenauto;Totaal hybrides;2021 1e kwartaal;70191;26863;43328
5202;Personenauto;Totaal hybrides;2021 april;22494;8467;14027
5203;Personenauto;Totaal hybrides;2021 mei;22153;8379;13774
5204;Personenauto;Totaal hybrides;2021 juni;24790;10301;14489
5205;Personenauto;Totaal hybrides;2021 2e kwartaal;69437;27147;42290
5206;Personenauto;Totaal hybrides;2021 juli;22917;8636;14281
5207;Personenauto;Totaal hybrides;2021 augustus;19815;7279;12536
5208;Personenauto;Totaal hybrides;2021 september;22274;8921;13353
5209;Personenauto;Totaal hybrides;2021 3e kwartaal;65006;24836;40170
5210;Personenauto;Totaal hybrides;2021 oktober;22295;8085;14210
5211;Personenauto;Totaal hybrides;2021 november;22886;9125;13761
5212;Personenauto;Totaal hybrides;2021 december;21305;6473;14832
5213;Personenauto;Totaal hybrides;2021 4e kwartaal;66486;23683;42803
5214;Personenauto;Totaal hybrides;2021;271120;102529;168591
5215;Personenauto;Totaal hybrides;2022 januari;27995;12579;15416
5216;Personenauto;Totaal hybrides;2022 februari;23991;9124;14867
5217;Personenauto;Totaal hybrides;2022 maart;25582;9716;15866
5218;Personenauto;Totaal hybrides;2022 1e kwartaal;77568;31419;46149
5219;Personenauto;Totaal hybrides;2022 april;24055;8898;15157
5220;Personenauto;Totaal hybrides;2022 mei;22403;8429;13974
5221;Personenauto;Totaal hybrides;2022 juni;24487;9445;15042
5222;Personenauto;Totaal hybrides;2022 2e kwartaal;70945;26772;44173
5223;Personenauto;Totaal hybrides;2022 juli;22379;7459;14920
5224;Personenauto;Totaal hybrides;2022 augustus;21539;7848;13691
5225;Personenauto;Totaal hybrides;2022 september;24234;9622;14612
5226;Personenauto;Totaal hybrides;2022 3e kwartaal;68152;24929;43223
5227;Personenauto;Totaal hybrides;2022 oktober;26055;11391;14664
5228;Personenauto;Totaal hybrides;2022 november;26011;10169;15842
5229;Personenauto;Totaal hybrides;2022 december;23251;7710;15541
5230;Personenauto;Totaal hybrides;2022 4e kwartaal;75317;29270;46047
5231;Personenauto;Totaal hybrides;2022;291982;112390;179592
5232;Personenauto;Totaal hybrides;2023 januari;28853;11772;17081
5233;Personenauto;Totaal hybrides;2023 februari;27583;10782;16801
5234;Personenauto;Totaal hybrides;2023 maart;32306;13001;19305
5235;Personenauto;Totaal hybrides;2023 1e kwartaal;88742;35555;53187
5236;Personenauto;Totaal hybrides;2023 april;29045;11091;17954
5237;Personenauto;Totaal hybrides;2023 mei;30252;11747;18505
5238;Personenauto;Totaal hybrides;2023 juni;35506;14317;21189
5239;Personenauto;Totaal hybrides;2023 2e kwartaal;94803;37155;57648
5240;Personenauto;Totaal hybrides;2023 juli;33027;11600;21427
5241;Personenauto;Totaal hybrides;2023 augustus;31199;10314;20885
5242;Personenauto;Totaal hybrides;2023 september;33726;11467;22259
5243;Personenauto;Totaal hybrides;2023 3e kwartaal;97952;33381;64571
5244;Personenauto;Totaal hybrides;2023 oktober;35109;11233;23876
5245;Personenauto;Totaal hybrides;2023 november;36268;10464;25804
5246;Personenauto;Totaal hybrides;2023 december;35132;9289;25843
5247;Personenauto;Totaal hybrides;2023 4e kwartaal;106509;30986;75523
5248;Personenauto;Totaal hybrides;2023;388006;137077;250929
5249;Personenauto;Totaal hybrides;2024 januari;43188;15073;28115
5250;Personenauto;Totaal hybrides;2024 februari;41012;13311;27701
5251;Personenauto;Totaal hybrides;2024 maart;45765;15306;30459
5252;Personenauto;Totaal hybrides;2024 1e kwartaal;129965;43690;86275
5253;Personenauto;Totaal hybrides;2024 april;42422;12530;29892
5254;Personenauto;Totaal hybrides;2024 mei;41968;12196;29772
5255;Personenauto;Totaal hybrides;2024 juni;45936;15496;30440
5256;Personenauto;Totaal hybrides;2024 2e kwartaal;130326;40222;90104
5257;Personenauto;Totaal hybrides;2024 juli;45327;12528;32799
5258;Personenauto;Totaal hybrides;2024 augustus;41397;12109;29288
5259;Personenauto;Totaal hybrides;2024 september;42676;12092;30584
5260;Personenauto;Totaal hybrides;2024 3e kwartaal;129400;36729;92671
5261;Personenauto;Totaal hybrides;2024 oktober;50689;14364;36325
5262;Personenauto;Totaal hybrides;2024 november;49940;13709;36231
5263;Personenauto;Totaal hybrides;2024 december;46811;11459;35352
5264;Personenauto;Totaal hybrides;2024 4e kwartaal;147440;39532;107908
5265;Personenauto;Totaal hybrides;2024;537131;160173;376958
5266;Personenauto;Totaal hybrides;2025 januari;54888;14829;40059
5267;Personenauto;Totaal hybrides;2025 februari;49695;12395;37300
5268;Personenauto;Totaal hybrides;2025 maart;54963;15707;39256
5269;Personenauto;Totaal hybrides;2025 1e kwartaal;159546;42931;116615
5270;Personenauto;Milde hybride (MEV);2007 januari;0;0;0
5271;Personenauto;Milde hybride (MEV);2007 februari;0;0;0
5272;Personenauto;Milde hybride (MEV);2007 maart;0;0;0
5273;Personenauto;Milde hybride (MEV);2007 1e kwartaal;0;0;0
5274;Personenauto;Milde hybride (MEV);2007 april;0;0;0
5275;Personenauto;Milde hybride (MEV);2007 mei;0;0;0
5276;Personenauto;Milde hybride (MEV);2007 juni;0;0;0
5277;Personenauto;Milde hybride (MEV);2007 2e kwartaal;0;0;0
5278;Personenauto;Milde hybride (MEV);2007 juli;0;0;0
5279;Personenauto;Milde hybride (MEV);2007 augustus;0;0;0
5280;Personenauto;Milde hybride (MEV);2007 september;0;0;0
5281;Personenauto;Milde hybride (MEV);2007 3e kwartaal;0;0;0
5282;Personenauto;Milde hybride (MEV);2007 oktober;0;0;0
5283;Personenauto;Milde hybride (MEV);2007 november;0;0;0
5284;Personenauto;Milde hybride (MEV);2007 december;0;0;0
5285;Personenauto;Milde hybride (MEV);2007 4e kwartaal;0;0;0
5286;Personenauto;Milde hybride (MEV);2007;0;0;0
5287;Personenauto;Milde hybride (MEV);2008 januari;0;0;0
5288;Personenauto;Milde hybride (MEV);2008 februari;0;0;0
5289;Personenauto;Milde hybride (MEV);2008 maart;0;0;0
5290;Personenauto;Milde hybride (MEV);2008 1e kwartaal;0;0;0
5291;Personenauto;Milde hybride (MEV);2008 april;0;0;0
5292;Personenauto;Milde hybride (MEV);2008 mei;0;0;0
5293;Personenauto;Milde hybride (MEV);2008 juni;0;0;0
5294;Personenauto;Milde hybride (MEV);2008 2e kwartaal;0;0;0
5295;Personenauto;Milde hybride (MEV);2008 juli;0;0;0
5296;Personenauto;Milde hybride (MEV);2008 augustus;0;0;0
5297;Personenauto;Milde hybride (MEV);2008 september;0;0;0
5298;Personenauto;Milde hybride (MEV);2008 3e kwartaal;0;0;0
5299;Personenauto;Milde hybride (MEV);2008 oktober;0;0;0
5300;Personenauto;Milde hybride (MEV);2008 november;0;0;0
5301;Personenauto;Milde hybride (MEV);2008 december;0;0;0
5302;Personenauto;Milde hybride (MEV);2008 4e kwartaal;0;0;0
5303;Personenauto;Milde hybride (MEV);2008;0;0;0
5304;Personenauto;Milde hybride (MEV);2009 januari;0;0;0
5305;Personenauto;Milde hybride (MEV);2009 februari;0;0;0
5306;Personenauto;Milde hybride (MEV);2009 maart;0;0;0
5307;Personenauto;Milde hybride (MEV);2009 1e kwartaal;0;0;0
5308;Personenauto;Milde hybride (MEV);2009 april;0;0;0
5309;Personenauto;Milde hybride (MEV);2009 mei;0;0;0
5310;Personenauto;Milde hybride (MEV);2009 juni;0;0;0
5311;Personenauto;Milde hybride (MEV);2009 2e kwartaal;0;0;0
5312;Personenauto;Milde hybride (MEV);2009 juli;0;0;0
5313;Personenauto;Milde hybride (MEV);2009 augustus;0;0;0
5314;Personenauto;Milde hybride (MEV);2009 september;0;0;0
5315;Personenauto;Milde hybride (MEV);2009 3e kwartaal;0;0;0
5316;Personenauto;Milde hybride (MEV);2009 oktober;0;0;0
5317;Personenauto;Milde hybride (MEV);2009 november;0;0;0
5318;Personenauto;Milde hybride (MEV);2009 december;0;0;0
5319;Personenauto;Milde hybride (MEV);2009 4e kwartaal;0;0;0
5320;Personenauto;Milde hybride (MEV);2009;0;0;0
5321;Personenauto;Milde hybride (MEV);2010 januari;0;0;0
5322;Personenauto;Milde hybride (MEV);2010 februari;0;0;0
5323;Personenauto;Milde hybride (MEV);2010 maart;0;0;0
5324;Personenauto;Milde hybride (MEV);2010 1e kwartaal;0;0;0
5325;Personenauto;Milde hybride (MEV);2010 april;0;0;0
5326;Personenauto;Milde hybride (MEV);2010 mei;0;0;0
5327;Personenauto;Milde hybride (MEV);2010 juni;0;0;0
5328;Personenauto;Milde hybride (MEV);2010 2e kwartaal;0;0;0
5329;Personenauto;Milde hybride (MEV);2010 juli;0;0;0
5330;Personenauto;Milde hybride (MEV);2010 augustus;0;0;0
5331;Personenauto;Milde hybride (MEV);2010 september;0;0;0
5332;Personenauto;Milde hybride (MEV);2010 3e kwartaal;0;0;0
5333;Personenauto;Milde hybride (MEV);2010 oktober;0;0;0
5334;Personenauto;Milde hybride (MEV);2010 november;0;0;0
5335;Personenauto;Milde hybride (MEV);2010 december;0;0;0
5336;Personenauto;Milde hybride (MEV);2010 4e kwartaal;0;0;0
5337;Personenauto;Milde hybride (MEV);2010;0;0;0
5338;Personenauto;Milde hybride (MEV);2011 januari;0;0;0
5339;Personenauto;Milde hybride (MEV);2011 februari;0;0;0
5340;Personenauto;Milde hybride (MEV);2011 maart;0;0;0
5341;Personenauto;Milde hybride (MEV);2011 1e kwartaal;0;0;0
5342;Personenauto;Milde hybride (MEV);2011 april;0;0;0
5343;Personenauto;Milde hybride (MEV);2011 mei;0;0;0
5344;Personenauto;Milde hybride (MEV);2011 juni;0;0;0
5345;Personenauto;Milde hybride (MEV);2011 2e kwartaal;0;0;0
5346;Personenauto;Milde hybride (MEV);2011 juli;0;0;0
5347;Personenauto;Milde hybride (MEV);2011 augustus;0;0;0
5348;Personenauto;Milde hybride (MEV);2011 september;0;0;0
5349;Personenauto;Milde hybride (MEV);2011 3e kwartaal;0;0;0
5350;Personenauto;Milde hybride (MEV);2011 oktober;0;0;0
5351;Personenauto;Milde hybride (MEV);2011 november;0;0;0
5352;Personenauto;Milde hybride (MEV);2011 december;0;0;0
5353;Personenauto;Milde hybride (MEV);2011 4e kwartaal;0;0;0
5354;Personenauto;Milde hybride (MEV);2011;0;0;0
5355;Personenauto;Milde hybride (MEV);2012 januari;0;0;0
5356;Personenauto;Milde hybride (MEV);2012 februari;0;0;0
5357;Personenauto;Milde hybride (MEV);2012 maart;0;0;0
5358;Personenauto;Milde hybride (MEV);2012 1e kwartaal;0;0;0
5359;Personenauto;Milde hybride (MEV);2012 april;0;0;0
5360;Personenauto;Milde hybride (MEV);2012 mei;0;0;0
5361;Personenauto;Milde hybride (MEV);2012 juni;0;0;0
5362;Personenauto;Milde hybride (MEV);2012 2e kwartaal;0;0;0
5363;Personenauto;Milde hybride (MEV);2012 juli;0;0;0
5364;Personenauto;Milde hybride (MEV);2012 augustus;1;1;0
5365;Personenauto;Milde hybride (MEV);2012 september;1;1;0
5366;Personenauto;Milde hybride (MEV);2012 3e kwartaal;2;2;0
5367;Personenauto;Milde hybride (MEV);2012 oktober;0;0;0
5368;Personenauto;Milde hybride (MEV);2012 november;0;0;0
5369;Personenauto;Milde hybride (MEV);2012 december;0;0;0
5370;Personenauto;Milde hybride (MEV);2012 4e kwartaal;0;0;0
5371;Personenauto;Milde hybride (MEV);2012;2;2;0
5372;Personenauto;Milde hybride (MEV);2013 januari;0;0;0
5373;Personenauto;Milde hybride (MEV);2013 februari;1;1;0
5374;Personenauto;Milde hybride (MEV);2013 maart;0;0;0
5375;Personenauto;Milde hybride (MEV);2013 1e kwartaal;1;1;0
5376;Personenauto;Milde hybride (MEV);2013 april;1;1;0
5377;Personenauto;Milde hybride (MEV);2013 mei;1;0;1
5378;Personenauto;Milde hybride (MEV);2013 juni;0;0;0
5379;Personenauto;Milde hybride (MEV);2013 2e kwartaal;2;1;1
5380;Personenauto;Milde hybride (MEV);2013 juli;0;0;0
5381;Personenauto;Milde hybride (MEV);2013 augustus;1;0;1
5382;Personenauto;Milde hybride (MEV);2013 september;0;0;0
5383;Personenauto;Milde hybride (MEV);2013 3e kwartaal;1;0;1
5384;Personenauto;Milde hybride (MEV);2013 oktober;0;0;0
5385;Personenauto;Milde hybride (MEV);2013 november;0;0;0
5386;Personenauto;Milde hybride (MEV);2013 december;0;0;0
5387;Personenauto;Milde hybride (MEV);2013 4e kwartaal;0;0;0
5388;Personenauto;Milde hybride (MEV);2013;4;2;2
5389;Personenauto;Milde hybride (MEV);2014 januari;0;0;0
5390;Personenauto;Milde hybride (MEV);2014 februari;1;0;1
5391;Personenauto;Milde hybride (MEV);2014 maart;1;0;1
5392;Personenauto;Milde hybride (MEV);2014 1e kwartaal;2;0;2
5393;Personenauto;Milde hybride (MEV);2014 april;1;0;1
5394;Personenauto;Milde hybride (MEV);2014 mei;1;0;1
5395;Personenauto;Milde hybride (MEV);2014 juni;1;0;1
5396;Personenauto;Milde hybride (MEV);2014 2e kwartaal;3;0;3
5397;Personenauto;Milde hybride (MEV);2014 juli;1;0;1
5398;Personenauto;Milde hybride (MEV);2014 augustus;1;0;1
5399;Personenauto;Milde hybride (MEV);2014 september;0;0;0
5400;Personenauto;Milde hybride (MEV);2014 3e kwartaal;2;0;2
5401;Personenauto;Milde hybride (MEV);2014 oktober;0;0;0
5402;Personenauto;Milde hybride (MEV);2014 november;0;0;0
5403;Personenauto;Milde hybride (MEV);2014 december;5;5;0
5404;Personenauto;Milde hybride (MEV);2014 4e kwartaal;5;5;0
5405;Personenauto;Milde hybride (MEV);2014;12;5;7
5406;Personenauto;Milde hybride (MEV);2015 januari;52;51;1
5407;Personenauto;Milde hybride (MEV);2015 februari;39;39;0
5408;Personenauto;Milde hybride (MEV);2015 maart;66;66;0
5409;Personenauto;Milde hybride (MEV);2015 1e kwartaal;157;156;1
5410;Personenauto;Milde hybride (MEV);2015 april;70;69;1
5411;Personenauto;Milde hybride (MEV);2015 mei;77;77;0
5412;Personenauto;Milde hybride (MEV);2015 juni;135;135;0
5413;Personenauto;Milde hybride (MEV);2015 2e kwartaal;282;281;1
5414;Personenauto;Milde hybride (MEV);2015 juli;103;101;2
5415;Personenauto;Milde hybride (MEV);2015 augustus;61;57;4
5416;Personenauto;Milde hybride (MEV);2015 september;77;74;3
5417;Personenauto;Milde hybride (MEV);2015 3e kwartaal;241;232;9
5418;Personenauto;Milde hybride (MEV);2015 oktober;75;71;4
5419;Personenauto;Milde hybride (MEV);2015 november;100;97;3
5420;Personenauto;Milde hybride (MEV);2015 december;123;118;5
5421;Personenauto;Milde hybride (MEV);2015 4e kwartaal;298;286;12
5422;Personenauto;Milde hybride (MEV);2015;978;955;23
5423;Personenauto;Milde hybride (MEV);2016 januari;58;55;3
5424;Personenauto;Milde hybride (MEV);2016 februari;59;44;15
5425;Personenauto;Milde hybride (MEV);2016 maart;34;14;20
5426;Personenauto;Milde hybride (MEV);2016 1e kwartaal;151;113;38
5427;Personenauto;Milde hybride (MEV);2016 april;24;4;20
5428;Personenauto;Milde hybride (MEV);2016 mei;16;10;6
5429;Personenauto;Milde hybride (MEV);2016 juni;28;5;23
5430;Personenauto;Milde hybride (MEV);2016 2e kwartaal;68;19;49
5431;Personenauto;Milde hybride (MEV);2016 juli;22;6;16
5432;Personenauto;Milde hybride (MEV);2016 augustus;28;7;21
5433;Personenauto;Milde hybride (MEV);2016 september;52;29;23
5434;Personenauto;Milde hybride (MEV);2016 3e kwartaal;102;42;60
5435;Personenauto;Milde hybride (MEV);2016 oktober;37;18;19
5436;Personenauto;Milde hybride (MEV);2016 november;65;32;33
5437;Personenauto;Milde hybride (MEV);2016 december;83;56;27
5438;Personenauto;Milde hybride (MEV);2016 4e kwartaal;185;106;79
5439;Personenauto;Milde hybride (MEV);2016;506;280;226
5440;Personenauto;Milde hybride (MEV);2017 januari;275;255;20
5441;Personenauto;Milde hybride (MEV);2017 februari;135;98;37
5442;Personenauto;Milde hybride (MEV);2017 maart;135;114;21
5443;Personenauto;Milde hybride (MEV);2017 1e kwartaal;545;467;78
5444;Personenauto;Milde hybride (MEV);2017 april;200;169;31
5445;Personenauto;Milde hybride (MEV);2017 mei;212;191;21
5446;Personenauto;Milde hybride (MEV);2017 juni;165;129;36
5447;Personenauto;Milde hybride (MEV);2017 2e kwartaal;577;489;88
5448;Personenauto;Milde hybride (MEV);2017 juli;152;117;35
5449;Personenauto;Milde hybride (MEV);2017 augustus;143;108;35
5450;Personenauto;Milde hybride (MEV);2017 september;213;177;36
5451;Personenauto;Milde hybride (MEV);2017 3e kwartaal;508;402;106
5452;Personenauto;Milde hybride (MEV);2017 oktober;280;245;35
5453;Personenauto;Milde hybride (MEV);2017 november;203;152;51
5454;Personenauto;Milde hybride (MEV);2017 december;105;61;44
5455;Personenauto;Milde hybride (MEV);2017 4e kwartaal;588;458;130
5456;Personenauto;Milde hybride (MEV);2017;2218;1816;402
5457;Personenauto;Milde hybride (MEV);2018 januari;453;393;60
5458;Personenauto;Milde hybride (MEV);2018 februari;255;196;59
5459;Personenauto;Milde hybride (MEV);2018 maart;340;271;69
5460;Personenauto;Milde hybride (MEV);2018 1e kwartaal;1048;860;188
5461;Personenauto;Milde hybride (MEV);2018 april;269;201;68
5462;Personenauto;Milde hybride (MEV);2018 mei;211;142;69
5463;Personenauto;Milde hybride (MEV);2018 juni;280;180;100
5464;Personenauto;Milde hybride (MEV);2018 2e kwartaal;760;523;237
5465;Personenauto;Milde hybride (MEV);2018 juli;313;192;121
5466;Personenauto;Milde hybride (MEV);2018 augustus;457;296;161
5467;Personenauto;Milde hybride (MEV);2018 september;226;110;116
5468;Personenauto;Milde hybride (MEV);2018 3e kwartaal;996;598;398
5469;Personenauto;Milde hybride (MEV);2018 oktober;289;119;170
5470;Personenauto;Milde hybride (MEV);2018 november;291;117;174
5471;Personenauto;Milde hybride (MEV);2018 december;230;48;182
5472;Personenauto;Milde hybride (MEV);2018 4e kwartaal;810;284;526
5473;Personenauto;Milde hybride (MEV);2018;3614;2265;1349
5474;Personenauto;Milde hybride (MEV);2019 januari;661;495;166
5475;Personenauto;Milde hybride (MEV);2019 februari;507;337;170
5476;Personenauto;Milde hybride (MEV);2019 maart;637;444;193
5477;Personenauto;Milde hybride (MEV);2019 1e kwartaal;1805;1276;529
5478;Personenauto;Milde hybride (MEV);2019 april;595;406;189
5479;Personenauto;Milde hybride (MEV);2019 mei;732;504;228
5480;Personenauto;Milde hybride (MEV);2019 juni;827;593;234
5481;Personenauto;Milde hybride (MEV);2019 2e kwartaal;2154;1503;651
5482;Personenauto;Milde hybride (MEV);2019 juli;913;620;293
5483;Personenauto;Milde hybride (MEV);2019 augustus;930;669;261
5484;Personenauto;Milde hybride (MEV);2019 september;618;335;283
5485;Personenauto;Milde hybride (MEV);2019 3e kwartaal;2461;1624;837
5486;Personenauto;Milde hybride (MEV);2019 oktober;965;512;453
5487;Personenauto;Milde hybride (MEV);2019 november;1052;538;514
5488;Personenauto;Milde hybride (MEV);2019 december;670;189;481
5489;Personenauto;Milde hybride (MEV);2019 4e kwartaal;2687;1239;1448
5490;Personenauto;Milde hybride (MEV);2019;9107;5642;3465
5491;Personenauto;Milde hybride (MEV);2020 januari;2168;1663;505
5492;Personenauto;Milde hybride (MEV);2020 februari;1586;1069;517
5493;Personenauto;Milde hybride (MEV);2020 maart;1859;1326;533
5494;Personenauto;Milde hybride (MEV);2020 1e kwartaal;5613;4058;1555
5495;Personenauto;Milde hybride (MEV);2020 april;1289;855;434
5496;Personenauto;Milde hybride (MEV);2020 mei;1505;925;580
5497;Personenauto;Milde hybride (MEV);2020 juni;2089;1463;626
5498;Personenauto;Milde hybride (MEV);2020 2e kwartaal;4883;3243;1640
5499;Personenauto;Milde hybride (MEV);2020 juli;3446;2660;786
5500;Personenauto;Milde hybride (MEV);2020 augustus;2425;1757;668
5501;Personenauto;Milde hybride (MEV);2020 september;3670;2866;804
5502;Personenauto;Milde hybride (MEV);2020 3e kwartaal;9541;7283;2258
5503;Personenauto;Milde hybride (MEV);2020 oktober;4231;3129;1102
5504;Personenauto;Milde hybride (MEV);2020 november;4582;3568;1014
5505;Personenauto;Milde hybride (MEV);2020 december;2663;1491;1172
5506;Personenauto;Milde hybride (MEV);2020 4e kwartaal;11476;8188;3288
5507;Personenauto;Milde hybride (MEV);2020;31513;22772;8741
5508;Personenauto;Milde hybride (MEV);2021 januari;6933;5848;1085
5509;Personenauto;Milde hybride (MEV);2021 februari;4883;3654;1229
5510;Personenauto;Milde hybride (MEV);2021 maart;5224;3424;1800
5511;Personenauto;Milde hybride (MEV);2021 1e kwartaal;17040;12926;4114
5512;Personenauto;Milde hybride (MEV);2021 april;5491;3578;1913
5513;Personenauto;Milde hybride (MEV);2021 mei;5420;3569;1851
5514;Personenauto;Milde hybride (MEV);2021 juni;6708;4554;2154
5515;Personenauto;Milde hybride (MEV);2021 2e kwartaal;17619;11701;5918
5516;Personenauto;Milde hybride (MEV);2021 juli;5630;3452;2178
5517;Personenauto;Milde hybride (MEV);2021 augustus;5048;2814;2234
5518;Personenauto;Milde hybride (MEV);2021 september;6152;3703;2449
5519;Personenauto;Milde hybride (MEV);2021 3e kwartaal;16830;9969;6861
5520;Personenauto;Milde hybride (MEV);2021 oktober;5808;3181;2627
5521;Personenauto;Milde hybride (MEV);2021 november;6051;3468;2583
5522;Personenauto;Milde hybride (MEV);2021 december;5304;2330;2974
5523;Personenauto;Milde hybride (MEV);2021 4e kwartaal;17163;8979;8184
5524;Personenauto;Milde hybride (MEV);2021;68652;43575;25077
5525;Personenauto;Milde hybride (MEV);2022 januari;8218;5133;3085
5526;Personenauto;Milde hybride (MEV);2022 februari;6744;3755;2989
5527;Personenauto;Milde hybride (MEV);2022 maart;6948;3763;3185
5528;Personenauto;Milde hybride (MEV);2022 1e kwartaal;21910;12651;9259
5529;Personenauto;Milde hybride (MEV);2022 april;6370;3123;3247
5530;Personenauto;Milde hybride (MEV);2022 mei;6057;3137;2920
5531;Personenauto;Milde hybride (MEV);2022 juni;6841;3566;3275
5532;Personenauto;Milde hybride (MEV);2022 2e kwartaal;19268;9826;9442
5533;Personenauto;Milde hybride (MEV);2022 juli;6223;2988;3235
5534;Personenauto;Milde hybride (MEV);2022 augustus;6384;3188;3196
5535;Personenauto;Milde hybride (MEV);2022 september;7258;3740;3518
5536;Personenauto;Milde hybride (MEV);2022 3e kwartaal;19865;9916;9949
5537;Personenauto;Milde hybride (MEV);2022 oktober;7594;3929;3665
5538;Personenauto;Milde hybride (MEV);2022 november;7866;3749;4117
5539;Personenauto;Milde hybride (MEV);2022 december;6704;2661;4043
5540;Personenauto;Milde hybride (MEV);2022 4e kwartaal;22164;10339;11825
5541;Personenauto;Milde hybride (MEV);2022;83207;42732;40475
5542;Personenauto;Milde hybride (MEV);2023 januari;8953;4395;4558
5543;Personenauto;Milde hybride (MEV);2023 februari;8129;3782;4347
5544;Personenauto;Milde hybride (MEV);2023 maart;9318;4281;5037
5545;Personenauto;Milde hybride (MEV);2023 1e kwartaal;26400;12458;13942
5546;Personenauto;Milde hybride (MEV);2023 april;8725;3947;4778
5547;Personenauto;Milde hybride (MEV);2023 mei;8942;4265;4677
5548;Personenauto;Milde hybride (MEV);2023 juni;10787;5319;5468
5549;Personenauto;Milde hybride (MEV);2023 2e kwartaal;28454;13531;14923
5550;Personenauto;Milde hybride (MEV);2023 juli;9267;3978;5289
5551;Personenauto;Milde hybride (MEV);2023 augustus;8772;3635;5137
5552;Personenauto;Milde hybride (MEV);2023 september;9669;4322;5347
5553;Personenauto;Milde hybride (MEV);2023 3e kwartaal;27708;11935;15773
5554;Personenauto;Milde hybride (MEV);2023 oktober;10609;4378;6231
5555;Personenauto;Milde hybride (MEV);2023 november;10345;3787;6558
5556;Personenauto;Milde hybride (MEV);2023 december;10371;3637;6734
5557;Personenauto;Milde hybride (MEV);2023 4e kwartaal;31325;11802;19523
5558;Personenauto;Milde hybride (MEV);2023;113887;49726;64161
5559;Personenauto;Milde hybride (MEV);2024 januari;12647;5220;7427
5560;Personenauto;Milde hybride (MEV);2024 februari;12009;4875;7134
5561;Personenauto;Milde hybride (MEV);2024 maart;13226;5443;7783
5562;Personenauto;Milde hybride (MEV);2024 1e kwartaal;37882;15538;22344
5563;Personenauto;Milde hybride (MEV);2024 april;11829;4308;7521
5564;Personenauto;Milde hybride (MEV);2024 mei;11620;4300;7320
5565;Personenauto;Milde hybride (MEV);2024 juni;12824;5479;7345
5566;Personenauto;Milde hybride (MEV);2024 2e kwartaal;36273;14087;22186
5567;Personenauto;Milde hybride (MEV);2024 juli;12314;4195;8119
5568;Personenauto;Milde hybride (MEV);2024 augustus;11638;4431;7207
5569;Personenauto;Milde hybride (MEV);2024 september;12199;4466;7733
5570;Personenauto;Milde hybride (MEV);2024 3e kwartaal;36151;13092;23059
5571;Personenauto;Milde hybride (MEV);2024 oktober;14082;4824;9258
5572;Personenauto;Milde hybride (MEV);2024 november;13010;3917;9093
5573;Personenauto;Milde hybride (MEV);2024 december;12682;3650;9032
5574;Personenauto;Milde hybride (MEV);2024 4e kwartaal;39774;12391;27383
5575;Personenauto;Milde hybride (MEV);2024;150080;55108;94972
5576;Personenauto;Milde hybride (MEV);2025 januari;15597;5412;10185
5577;Personenauto;Milde hybride (MEV);2025 februari;14031;4400;9631
5578;Personenauto;Milde hybride (MEV);2025 maart;15109;4752;10357
5579;Personenauto;Milde hybride (MEV);2025 1e kwartaal;44737;14564;30173
5580;Personenauto;Hybrid Electric Vehicle (HEV);2007 januari;198;96;102
5581;Personenauto;Hybrid Electric Vehicle (HEV);2007 februari;114;26;88
5582;Personenauto;Hybrid Electric Vehicle (HEV);2007 maart;364;265;99
5583;Personenauto;Hybrid Electric Vehicle (HEV);2007 1e kwartaal;676;387;289
5584;Personenauto;Hybrid Electric Vehicle (HEV);2007 april;404;311;93
5585;Personenauto;Hybrid Electric Vehicle (HEV);2007 mei;477;371;106
5586;Personenauto;Hybrid Electric Vehicle (HEV);2007 juni;619;495;124
5587;Personenauto;Hybrid Electric Vehicle (HEV);2007 2e kwartaal;1500;1177;323
5588;Personenauto;Hybrid Electric Vehicle (HEV);2007 juli;526;390;136
5589;Personenauto;Hybrid Electric Vehicle (HEV);2007 augustus;474;369;105
5590;Personenauto;Hybrid Electric Vehicle (HEV);2007 september;394;286;108
5591;Personenauto;Hybrid Electric Vehicle (HEV);2007 3e kwartaal;1394;1045;349
5592;Personenauto;Hybrid Electric Vehicle (HEV);2007 oktober;433;260;173
5593;Personenauto;Hybrid Electric Vehicle (HEV);2007 november;338;188;150
5594;Personenauto;Hybrid Electric Vehicle (HEV);2007 december;216;67;149
5595;Personenauto;Hybrid Electric Vehicle (HEV);2007 4e kwartaal;987;515;472
5596;Personenauto;Hybrid Electric Vehicle (HEV);2007;4557;3124;1433
5597;Personenauto;Hybrid Electric Vehicle (HEV);2008 januari;671;481;190
5598;Personenauto;Hybrid Electric Vehicle (HEV);2008 februari;1224;1040;184
5599;Personenauto;Hybrid Electric Vehicle (HEV);2008 maart;1268;1057;211
5600;Personenauto;Hybrid Electric Vehicle (HEV);2008 1e kwartaal;3163;2578;585
5601;Personenauto;Hybrid Electric Vehicle (HEV);2008 april;1191;988;203
5602;Personenauto;Hybrid Electric Vehicle (HEV);2008 mei;1223;1007;216
5603;Personenauto;Hybrid Electric Vehicle (HEV);2008 juni;1596;1350;246
5604;Personenauto;Hybrid Electric Vehicle (HEV);2008 2e kwartaal;4010;3345;665
5605;Personenauto;Hybrid Electric Vehicle (HEV);2008 juli;1581;1300;281
5606;Personenauto;Hybrid Electric Vehicle (HEV);2008 augustus;1688;1431;257
5607;Personenauto;Hybrid Electric Vehicle (HEV);2008 september;1653;1385;268
5608;Personenauto;Hybrid Electric Vehicle (HEV);2008 3e kwartaal;4922;4116;806
5609;Personenauto;Hybrid Electric Vehicle (HEV);2008 oktober;1287;1036;251
5610;Personenauto;Hybrid Electric Vehicle (HEV);2008 november;944;685;259
5611;Personenauto;Hybrid Electric Vehicle (HEV);2008 december;289;51;238
5612;Personenauto;Hybrid Electric Vehicle (HEV);2008 4e kwartaal;2520;1772;748
5613;Personenauto;Hybrid Electric Vehicle (HEV);2008;14615;11811;2804
5614;Personenauto;Hybrid Electric Vehicle (HEV);2009 januari;1948;1684;264
5615;Personenauto;Hybrid Electric Vehicle (HEV);2009 februari;1493;1243;250
5616;Personenauto;Hybrid Electric Vehicle (HEV);2009 maart;1829;1463;366
5617;Personenauto;Hybrid Electric Vehicle (HEV);2009 1e kwartaal;5270;4390;880
5618;Personenauto;Hybrid Electric Vehicle (HEV);2009 april;1711;1394;317
5619;Personenauto;Hybrid Electric Vehicle (HEV);2009 mei;2049;1679;370
5620;Personenauto;Hybrid Electric Vehicle (HEV);2009 juni;1597;1190;407
5621;Personenauto;Hybrid Electric Vehicle (HEV);2009 2e kwartaal;5357;4263;1094
5622;Personenauto;Hybrid Electric Vehicle (HEV);2009 juli;2034;1501;533
5623;Personenauto;Hybrid Electric Vehicle (HEV);2009 augustus;2419;1943;476
5624;Personenauto;Hybrid Electric Vehicle (HEV);2009 september;2387;1866;521
5625;Personenauto;Hybrid Electric Vehicle (HEV);2009 3e kwartaal;6840;5310;1530
5626;Personenauto;Hybrid Electric Vehicle (HEV);2009 oktober;2162;1490;672
5627;Personenauto;Hybrid Electric Vehicle (HEV);2009 november;1389;722;667
5628;Personenauto;Hybrid Electric Vehicle (HEV);2009 december;737;108;629
5629;Personenauto;Hybrid Electric Vehicle (HEV);2009 4e kwartaal;4288;2320;1968
5630;Personenauto;Hybrid Electric Vehicle (HEV);2009;21755;16283;5472
5631;Personenauto;Hybrid Electric Vehicle (HEV);2010 januari;2817;2247;570
5632;Personenauto;Hybrid Electric Vehicle (HEV);2010 februari;1806;1230;576
5633;Personenauto;Hybrid Electric Vehicle (HEV);2010 maart;2301;1620;681
5634;Personenauto;Hybrid Electric Vehicle (HEV);2010 1e kwartaal;6924;5097;1827
5635;Personenauto;Hybrid Electric Vehicle (HEV);2010 april;2265;1570;695
5636;Personenauto;Hybrid Electric Vehicle (HEV);2010 mei;2017;1433;584
5637;Personenauto;Hybrid Electric Vehicle (HEV);2010 juni;2195;1368;827
5638;Personenauto;Hybrid Electric Vehicle (HEV);2010 2e kwartaal;6477;4371;2106
5639;Personenauto;Hybrid Electric Vehicle (HEV);2010 juli;1864;1082;782
5640;Personenauto;Hybrid Electric Vehicle (HEV);2010 augustus;2229;1461;768
5641;Personenauto;Hybrid Electric Vehicle (HEV);2010 september;2452;1660;792
5642;Personenauto;Hybrid Electric Vehicle (HEV);2010 3e kwartaal;6545;4203;2342
5643;Personenauto;Hybrid Electric Vehicle (HEV);2010 oktober;2295;1311;984
5644;Personenauto;Hybrid Electric Vehicle (HEV);2010 november;1736;905;831
5645;Personenauto;Hybrid Electric Vehicle (HEV);2010 december;1215;187;1028
5646;Personenauto;Hybrid Electric Vehicle (HEV);2010 4e kwartaal;5246;2403;2843
5647;Personenauto;Hybrid Electric Vehicle (HEV);2010;25192;16074;9118
5648;Personenauto;Hybrid Electric Vehicle (HEV);2011 januari;2806;1927;879
5649;Personenauto;Hybrid Electric Vehicle (HEV);2011 februari;2432;1496;936
5650;Personenauto;Hybrid Electric Vehicle (HEV);2011 maart;3007;1861;1146
5651;Personenauto;Hybrid Electric Vehicle (HEV);2011 1e kwartaal;8245;5284;2961
5652;Personenauto;Hybrid Electric Vehicle (HEV);2011 april;2881;1759;1122
5653;Personenauto;Hybrid Electric Vehicle (HEV);2011 mei;2239;1110;1129
5654;Personenauto;Hybrid Electric Vehicle (HEV);2011 juni;1901;906;995
5655;Personenauto;Hybrid Electric Vehicle (HEV);2011 2e kwartaal;7021;3775;3246
5656;Personenauto;Hybrid Electric Vehicle (HEV);2011 juli;2088;1004;1084
5657;Personenauto;Hybrid Electric Vehicle (HEV);2011 augustus;2429;1299;1130
5658;Personenauto;Hybrid Electric Vehicle (HEV);2011 september;2349;1203;1146
5659;Personenauto;Hybrid Electric Vehicle (HEV);2011 3e kwartaal;6866;3506;3360
5660;Personenauto;Hybrid Electric Vehicle (HEV);2011 oktober;1844;759;1085
5661;Personenauto;Hybrid Electric Vehicle (HEV);2011 november;2196;1000;1196
5662;Personenauto;Hybrid Electric Vehicle (HEV);2011 december;1874;487;1387
5663;Personenauto;Hybrid Electric Vehicle (HEV);2011 4e kwartaal;5914;2246;3668
5664;Personenauto;Hybrid Electric Vehicle (HEV);2011;28046;14811;13235
5665;Personenauto;Hybrid Electric Vehicle (HEV);2012 januari;3695;2330;1365
5666;Personenauto;Hybrid Electric Vehicle (HEV);2012 februari;2609;1118;1491
5667;Personenauto;Hybrid Electric Vehicle (HEV);2012 maart;3141;1507;1634
5668;Personenauto;Hybrid Electric Vehicle (HEV);2012 1e kwartaal;9445;4955;4490
5669;Personenauto;Hybrid Electric Vehicle (HEV);2012 april;3135;1401;1734
5670;Personenauto;Hybrid Electric Vehicle (HEV);2012 mei;3207;1691;1516
5671;Personenauto;Hybrid Electric Vehicle (HEV);2012 juni;4047;2269;1778
5672;Personenauto;Hybrid Electric Vehicle (HEV);2012 2e kwartaal;10389;5361;5028
5673;Personenauto;Hybrid Electric Vehicle (HEV);2012 juli;4155;1759;2396
5674;Personenauto;Hybrid Electric Vehicle (HEV);2012 augustus;4401;2577;1824
5675;Personenauto;Hybrid Electric Vehicle (HEV);2012 september;4139;2276;1863
5676;Personenauto;Hybrid Electric Vehicle (HEV);2012 3e kwartaal;12695;6612;6083
5677;Personenauto;Hybrid Electric Vehicle (HEV);2012 oktober;3667;1780;1887
5678;Personenauto;Hybrid Electric Vehicle (HEV);2012 november;3610;1689;1921
5679;Personenauto;Hybrid Electric Vehicle (HEV);2012 december;2485;748;1737
5680;Personenauto;Hybrid Electric Vehicle (HEV);2012 4e kwartaal;9762;4217;5545
5681;Personenauto;Hybrid Electric Vehicle (HEV);2012;42291;21145;21146
5682;Personenauto;Hybrid Electric Vehicle (HEV);2013 januari;4416;2241;2175
5683;Personenauto;Hybrid Electric Vehicle (HEV);2013 februari;4267;1675;2592
5684;Personenauto;Hybrid Electric Vehicle (HEV);2013 maart;4408;2224;2184
5685;Personenauto;Hybrid Electric Vehicle (HEV);2013 1e kwartaal;13091;6140;6951
5686;Personenauto;Hybrid Electric Vehicle (HEV);2013 april;3909;1811;2098
5687;Personenauto;Hybrid Electric Vehicle (HEV);2013 mei;4088;1830;2258
5688;Personenauto;Hybrid Electric Vehicle (HEV);2013 juni;3795;1666;2129
5689;Personenauto;Hybrid Electric Vehicle (HEV);2013 2e kwartaal;11792;5307;6485
5690;Personenauto;Hybrid Electric Vehicle (HEV);2013 juli;4045;1773;2272
5691;Personenauto;Hybrid Electric Vehicle (HEV);2013 augustus;3913;1676;2237
5692;Personenauto;Hybrid Electric Vehicle (HEV);2013 september;3776;1586;2190
5693;Personenauto;Hybrid Electric Vehicle (HEV);2013 3e kwartaal;11734;5035;6699
5694;Personenauto;Hybrid Electric Vehicle (HEV);2013 oktober;4873;2285;2588
5695;Personenauto;Hybrid Electric Vehicle (HEV);2013 november;4607;2008;2599
5696;Personenauto;Hybrid Electric Vehicle (HEV);2013 december;5147;2554;2593
5697;Personenauto;Hybrid Electric Vehicle (HEV);2013 4e kwartaal;14627;6847;7780
5698;Personenauto;Hybrid Electric Vehicle (HEV);2013;51244;23329;27915
5699;Personenauto;Hybrid Electric Vehicle (HEV);2014 januari;4671;1571;3100
5700;Personenauto;Hybrid Electric Vehicle (HEV);2014 februari;3713;1089;2624
5701;Personenauto;Hybrid Electric Vehicle (HEV);2014 maart;3787;1192;2595
5702;Personenauto;Hybrid Electric Vehicle (HEV);2014 1e kwartaal;12171;3852;8319
5703;Personenauto;Hybrid Electric Vehicle (HEV);2014 april;3802;1067;2735
5704;Personenauto;Hybrid Electric Vehicle (HEV);2014 mei;3893;1195;2698
5705;Personenauto;Hybrid Electric Vehicle (HEV);2014 juni;3803;1204;2599
5706;Personenauto;Hybrid Electric Vehicle (HEV);2014 2e kwartaal;11498;3466;8032
5707;Personenauto;Hybrid Electric Vehicle (HEV);2014 juli;3711;931;2780
5708;Personenauto;Hybrid Electric Vehicle (HEV);2014 augustus;3427;1057;2370
5709;Personenauto;Hybrid Electric Vehicle (HEV);2014 september;3859;1025;2834
5710;Personenauto;Hybrid Electric Vehicle (HEV);2014 3e kwartaal;10997;3013;7984
5711;Personenauto;Hybrid Electric Vehicle (HEV);2014 oktober;4168;1235;2933
5712;Personenauto;Hybrid Electric Vehicle (HEV);2014 november;3930;1160;2770
5713;Personenauto;Hybrid Electric Vehicle (HEV);2014 december;4881;1751;3130
5714;Personenauto;Hybrid Electric Vehicle (HEV);2014 4e kwartaal;12979;4146;8833
5715;Personenauto;Hybrid Electric Vehicle (HEV);2014;47645;14477;33168
5716;Personenauto;Hybrid Electric Vehicle (HEV);2015 januari;4270;1105;3165
5717;Personenauto;Hybrid Electric Vehicle (HEV);2015 februari;3780;832;2948
5718;Personenauto;Hybrid Electric Vehicle (HEV);2015 maart;3342;368;2974
5719;Personenauto;Hybrid Electric Vehicle (HEV);2015 1e kwartaal;11392;2305;9087
5720;Personenauto;Hybrid Electric Vehicle (HEV);2015 april;3331;333;2998
5721;Personenauto;Hybrid Electric Vehicle (HEV);2015 mei;3015;386;2629
5722;Personenauto;Hybrid Electric Vehicle (HEV);2015 juni;3913;930;2983
5723;Personenauto;Hybrid Electric Vehicle (HEV);2015 2e kwartaal;10259;1649;8610
5724;Personenauto;Hybrid Electric Vehicle (HEV);2015 juli;4445;1324;3121
5725;Personenauto;Hybrid Electric Vehicle (HEV);2015 augustus;3763;1074;2689
5726;Personenauto;Hybrid Electric Vehicle (HEV);2015 september;4200;1068;3132
5727;Personenauto;Hybrid Electric Vehicle (HEV);2015 3e kwartaal;12408;3466;8942
5728;Personenauto;Hybrid Electric Vehicle (HEV);2015 oktober;4858;1434;3424
5729;Personenauto;Hybrid Electric Vehicle (HEV);2015 november;4613;1289;3324
5730;Personenauto;Hybrid Electric Vehicle (HEV);2015 december;8787;4826;3961
5731;Personenauto;Hybrid Electric Vehicle (HEV);2015 4e kwartaal;18258;7549;10709
5732;Personenauto;Hybrid Electric Vehicle (HEV);2015;52317;14969;37348
5733;Personenauto;Hybrid Electric Vehicle (HEV);2016 januari;4809;625;4184
5734;Personenauto;Hybrid Electric Vehicle (HEV);2016 februari;4699;506;4193
5735;Personenauto;Hybrid Electric Vehicle (HEV);2016 maart;5172;603;4569
5736;Personenauto;Hybrid Electric Vehicle (HEV);2016 1e kwartaal;14680;1734;12946
5737;Personenauto;Hybrid Electric Vehicle (HEV);2016 april;4761;625;4136
5738;Personenauto;Hybrid Electric Vehicle (HEV);2016 mei;4555;759;3796
5739;Personenauto;Hybrid Electric Vehicle (HEV);2016 juni;4876;791;4085
5740;Personenauto;Hybrid Electric Vehicle (HEV);2016 2e kwartaal;14192;2175;12017
5741;Personenauto;Hybrid Electric Vehicle (HEV);2016 juli;4611;838;3773
5742;Personenauto;Hybrid Electric Vehicle (HEV);2016 augustus;4565;950;3615
5743;Personenauto;Hybrid Electric Vehicle (HEV);2016 september;4780;1149;3631
5744;Personenauto;Hybrid Electric Vehicle (HEV);2016 3e kwartaal;13956;2937;11019
5745;Personenauto;Hybrid Electric Vehicle (HEV);2016 oktober;4628;945;3683
5746;Personenauto;Hybrid Electric Vehicle (HEV);2016 november;5433;1611;3822
5747;Personenauto;Hybrid Electric Vehicle (HEV);2016 december;5627;1631;3996
5748;Personenauto;Hybrid Electric Vehicle (HEV);2016 4e kwartaal;15688;4187;11501
5749;Personenauto;Hybrid Electric Vehicle (HEV);2016;58516;11033;47483
5750;Personenauto;Hybrid Electric Vehicle (HEV);2017 januari;6321;2073;4248
5751;Personenauto;Hybrid Electric Vehicle (HEV);2017 februari;5337;1275;4062
5752;Personenauto;Hybrid Electric Vehicle (HEV);2017 maart;5633;1302;4331
5753;Personenauto;Hybrid Electric Vehicle (HEV);2017 1e kwartaal;17291;4650;12641
5754;Personenauto;Hybrid Electric Vehicle (HEV);2017 april;4796;1035;3761
5755;Personenauto;Hybrid Electric Vehicle (HEV);2017 mei;5748;1561;4187
5756;Personenauto;Hybrid Electric Vehicle (HEV);2017 juni;5798;1653;4145
5757;Personenauto;Hybrid Electric Vehicle (HEV);2017 2e kwartaal;16342;4249;12093
5758;Personenauto;Hybrid Electric Vehicle (HEV);2017 juli;5727;1546;4181
5759;Personenauto;Hybrid Electric Vehicle (HEV);2017 augustus;5976;1413;4563
5760;Personenauto;Hybrid Electric Vehicle (HEV);2017 september;5705;1564;4141
5761;Personenauto;Hybrid Electric Vehicle (HEV);2017 3e kwartaal;17408;4523;12885
5762;Personenauto;Hybrid Electric Vehicle (HEV);2017 oktober;5812;1527;4285
5763;Personenauto;Hybrid Electric Vehicle (HEV);2017 november;6276;1679;4597
5764;Personenauto;Hybrid Electric Vehicle (HEV);2017 december;5111;1115;3996
5765;Personenauto;Hybrid Electric Vehicle (HEV);2017 4e kwartaal;17199;4321;12878
5766;Personenauto;Hybrid Electric Vehicle (HEV);2017;68240;17743;50497
5767;Personenauto;Hybrid Electric Vehicle (HEV);2018 januari;6653;1963;4690
5768;Personenauto;Hybrid Electric Vehicle (HEV);2018 februari;5835;1409;4426
5769;Personenauto;Hybrid Electric Vehicle (HEV);2018 maart;6952;2205;4747
5770;Personenauto;Hybrid Electric Vehicle (HEV);2018 1e kwartaal;19440;5577;13863
5771;Personenauto;Hybrid Electric Vehicle (HEV);2018 april;5973;1736;4237
5772;Personenauto;Hybrid Electric Vehicle (HEV);2018 mei;6451;2129;4322
5773;Personenauto;Hybrid Electric Vehicle (HEV);2018 juni;7055;2461;4594
5774;Personenauto;Hybrid Electric Vehicle (HEV);2018 2e kwartaal;19479;6326;13153
5775;Personenauto;Hybrid Electric Vehicle (HEV);2018 juli;6111;1573;4538
5776;Personenauto;Hybrid Electric Vehicle (HEV);2018 augustus;5758;1596;4162
5777;Personenauto;Hybrid Electric Vehicle (HEV);2018 september;5859;1704;4155
5778;Personenauto;Hybrid Electric Vehicle (HEV);2018 3e kwartaal;17728;4873;12855
5779;Personenauto;Hybrid Electric Vehicle (HEV);2018 oktober;6190;1417;4773
5780;Personenauto;Hybrid Electric Vehicle (HEV);2018 november;6066;1493;4573
5781;Personenauto;Hybrid Electric Vehicle (HEV);2018 december;5106;1020;4086
5782;Personenauto;Hybrid Electric Vehicle (HEV);2018 4e kwartaal;17362;3930;13432
5783;Personenauto;Hybrid Electric Vehicle (HEV);2018;74009;20706;53303
5784;Personenauto;Hybrid Electric Vehicle (HEV);2019 januari;6394;1624;4770
5785;Personenauto;Hybrid Electric Vehicle (HEV);2019 februari;5418;1208;4210
5786;Personenauto;Hybrid Electric Vehicle (HEV);2019 maart;6830;2252;4578
5787;Personenauto;Hybrid Electric Vehicle (HEV);2019 1e kwartaal;18642;5084;13558
5788;Personenauto;Hybrid Electric Vehicle (HEV);2019 april;5934;1843;4091
5789;Personenauto;Hybrid Electric Vehicle (HEV);2019 mei;7177;2341;4836
5790;Personenauto;Hybrid Electric Vehicle (HEV);2019 juni;6406;2262;4144
5791;Personenauto;Hybrid Electric Vehicle (HEV);2019 2e kwartaal;19517;6446;13071
5792;Personenauto;Hybrid Electric Vehicle (HEV);2019 juli;6281;1735;4546
5793;Personenauto;Hybrid Electric Vehicle (HEV);2019 augustus;6043;1720;4323
5794;Personenauto;Hybrid Electric Vehicle (HEV);2019 september;6760;2274;4486
5795;Personenauto;Hybrid Electric Vehicle (HEV);2019 3e kwartaal;19084;5729;13355
5796;Personenauto;Hybrid Electric Vehicle (HEV);2019 oktober;7497;2215;5282
5797;Personenauto;Hybrid Electric Vehicle (HEV);2019 november;7593;2094;5499
5798;Personenauto;Hybrid Electric Vehicle (HEV);2019 december;6926;1619;5307
5799;Personenauto;Hybrid Electric Vehicle (HEV);2019 4e kwartaal;22016;5928;16088
5800;Personenauto;Hybrid Electric Vehicle (HEV);2019;79259;23187;56072
5801;Personenauto;Hybrid Electric Vehicle (HEV);2020 januari;9025;2869;6156
5802;Personenauto;Hybrid Electric Vehicle (HEV);2020 februari;7599;2267;5332
5803;Personenauto;Hybrid Electric Vehicle (HEV);2020 maart;7686;2332;5354
5804;Personenauto;Hybrid Electric Vehicle (HEV);2020 1e kwartaal;24310;7468;16842
5805;Personenauto;Hybrid Electric Vehicle (HEV);2020 april;5224;1193;4031
5806;Personenauto;Hybrid Electric Vehicle (HEV);2020 mei;6128;1148;4980
5807;Personenauto;Hybrid Electric Vehicle (HEV);2020 juni;6764;1288;5476
5808;Personenauto;Hybrid Electric Vehicle (HEV);2020 2e kwartaal;18116;3629;14487
5809;Personenauto;Hybrid Electric Vehicle (HEV);2020 juli;7916;1845;6071
5810;Personenauto;Hybrid Electric Vehicle (HEV);2020 augustus;7236;2189;5047
5811;Personenauto;Hybrid Electric Vehicle (HEV);2020 september;8246;2304;5942
5812;Personenauto;Hybrid Electric Vehicle (HEV);2020 3e kwartaal;23398;6338;17060
5813;Personenauto;Hybrid Electric Vehicle (HEV);2020 oktober;8898;2693;6205
5814;Personenauto;Hybrid Electric Vehicle (HEV);2020 november;8203;2370;5833
5815;Personenauto;Hybrid Electric Vehicle (HEV);2020 december;8077;2278;5799
5816;Personenauto;Hybrid Electric Vehicle (HEV);2020 4e kwartaal;25178;7341;17837
5817;Personenauto;Hybrid Electric Vehicle (HEV);2020;91002;24776;66226
5818;Personenauto;Hybrid Electric Vehicle (HEV);2021 januari;8002;2675;5327
5819;Personenauto;Hybrid Electric Vehicle (HEV);2021 februari;6451;1633;4818
5820;Personenauto;Hybrid Electric Vehicle (HEV);2021 maart;8239;1941;6298
5821;Personenauto;Hybrid Electric Vehicle (HEV);2021 1e kwartaal;22692;6249;16443
5822;Personenauto;Hybrid Electric Vehicle (HEV);2021 april;8496;2173;6323
5823;Personenauto;Hybrid Electric Vehicle (HEV);2021 mei;8540;2159;6381
5824;Personenauto;Hybrid Electric Vehicle (HEV);2021 juni;9737;2796;6941
5825;Personenauto;Hybrid Electric Vehicle (HEV);2021 2e kwartaal;26773;7128;19645
5826;Personenauto;Hybrid Electric Vehicle (HEV);2021 juli;9640;2677;6963
5827;Personenauto;Hybrid Electric Vehicle (HEV);2021 augustus;8335;2189;6146
5828;Personenauto;Hybrid Electric Vehicle (HEV);2021 september;8882;2478;6404
5829;Personenauto;Hybrid Electric Vehicle (HEV);2021 3e kwartaal;26857;7344;19513
5830;Personenauto;Hybrid Electric Vehicle (HEV);2021 oktober;8847;2282;6565
5831;Personenauto;Hybrid Electric Vehicle (HEV);2021 november;8855;2647;6208
5832;Personenauto;Hybrid Electric Vehicle (HEV);2021 december;8313;2135;6178
5833;Personenauto;Hybrid Electric Vehicle (HEV);2021 4e kwartaal;26015;7064;18951
5834;Personenauto;Hybrid Electric Vehicle (HEV);2021;102337;27785;74552
5835;Personenauto;Hybrid Electric Vehicle (HEV);2022 januari;9345;3365;5980
5836;Personenauto;Hybrid Electric Vehicle (HEV);2022 februari;9060;2665;6395
5837;Personenauto;Hybrid Electric Vehicle (HEV);2022 maart;9399;2646;6753
5838;Personenauto;Hybrid Electric Vehicle (HEV);2022 1e kwartaal;27804;8676;19128
5839;Personenauto;Hybrid Electric Vehicle (HEV);2022 april;8935;2620;6315
5840;Personenauto;Hybrid Electric Vehicle (HEV);2022 mei;8104;2409;5695
5841;Personenauto;Hybrid Electric Vehicle (HEV);2022 juni;9228;3147;6081
5842;Personenauto;Hybrid Electric Vehicle (HEV);2022 2e kwartaal;26267;8176;18091
5843;Personenauto;Hybrid Electric Vehicle (HEV);2022 juli;8550;2420;6130
5844;Personenauto;Hybrid Electric Vehicle (HEV);2022 augustus;8133;2285;5848
5845;Personenauto;Hybrid Electric Vehicle (HEV);2022 september;8610;2677;5933
5846;Personenauto;Hybrid Electric Vehicle (HEV);2022 3e kwartaal;25293;7382;17911
5847;Personenauto;Hybrid Electric Vehicle (HEV);2022 oktober;10357;4109;6248
5848;Personenauto;Hybrid Electric Vehicle (HEV);2022 november;9995;3521;6474
5849;Personenauto;Hybrid Electric Vehicle (HEV);2022 december;8833;2989;5844
5850;Personenauto;Hybrid Electric Vehicle (HEV);2022 4e kwartaal;29185;10619;18566
5851;Personenauto;Hybrid Electric Vehicle (HEV);2022;108549;34853;73696
5852;Personenauto;Hybrid Electric Vehicle (HEV);2023 januari;9971;3294;6677
5853;Personenauto;Hybrid Electric Vehicle (HEV);2023 februari;9473;2730;6743
5854;Personenauto;Hybrid Electric Vehicle (HEV);2023 maart;11003;3470;7533
5855;Personenauto;Hybrid Electric Vehicle (HEV);2023 1e kwartaal;30447;9494;20953
5856;Personenauto;Hybrid Electric Vehicle (HEV);2023 april;10117;3313;6804
5857;Personenauto;Hybrid Electric Vehicle (HEV);2023 mei;10214;3147;7067
5858;Personenauto;Hybrid Electric Vehicle (HEV);2023 juni;11984;4021;7963
5859;Personenauto;Hybrid Electric Vehicle (HEV);2023 2e kwartaal;32315;10481;21834
5860;Personenauto;Hybrid Electric Vehicle (HEV);2023 juli;11326;3379;7947
5861;Personenauto;Hybrid Electric Vehicle (HEV);2023 augustus;11169;3180;7989
5862;Personenauto;Hybrid Electric Vehicle (HEV);2023 september;11671;3479;8192
5863;Personenauto;Hybrid Electric Vehicle (HEV);2023 3e kwartaal;34166;10038;24128
5864;Personenauto;Hybrid Electric Vehicle (HEV);2023 oktober;11551;3379;8172
5865;Personenauto;Hybrid Electric Vehicle (HEV);2023 november;12346;3514;8832
5866;Personenauto;Hybrid Electric Vehicle (HEV);2023 december;11559;3322;8237
5867;Personenauto;Hybrid Electric Vehicle (HEV);2023 4e kwartaal;35456;10215;25241
5868;Personenauto;Hybrid Electric Vehicle (HEV);2023;132384;40228;92156
5869;Personenauto;Hybrid Electric Vehicle (HEV);2024 januari;13862;4860;9002
5870;Personenauto;Hybrid Electric Vehicle (HEV);2024 februari;13116;4128;8988
5871;Personenauto;Hybrid Electric Vehicle (HEV);2024 maart;14404;4881;9523
5872;Personenauto;Hybrid Electric Vehicle (HEV);2024 1e kwartaal;41382;13869;27513
5873;Personenauto;Hybrid Electric Vehicle (HEV);2024 april;13661;4226;9435
5874;Personenauto;Hybrid Electric Vehicle (HEV);2024 mei;13281;3806;9475
5875;Personenauto;Hybrid Electric Vehicle (HEV);2024 juni;14367;4742;9625
5876;Personenauto;Hybrid Electric Vehicle (HEV);2024 2e kwartaal;41309;12774;28535
5877;Personenauto;Hybrid Electric Vehicle (HEV);2024 juli;14357;4272;10085
5878;Personenauto;Hybrid Electric Vehicle (HEV);2024 augustus;13061;3798;9263
5879;Personenauto;Hybrid Electric Vehicle (HEV);2024 september;13123;3961;9162
5880;Personenauto;Hybrid Electric Vehicle (HEV);2024 3e kwartaal;40541;12031;28510
5881;Personenauto;Hybrid Electric Vehicle (HEV);2024 oktober;15819;4537;11282
5882;Personenauto;Hybrid Electric Vehicle (HEV);2024 november;15847;4756;11091
5883;Personenauto;Hybrid Electric Vehicle (HEV);2024 december;14681;4318;10363
5884;Personenauto;Hybrid Electric Vehicle (HEV);2024 4e kwartaal;46347;13611;32736
5885;Personenauto;Hybrid Electric Vehicle (HEV);2024;169579;52285;117294
5886;Personenauto;Hybrid Electric Vehicle (HEV);2025 januari;15942;4034;11908
5887;Personenauto;Hybrid Electric Vehicle (HEV);2025 februari;14585;3630;10955
5888;Personenauto;Hybrid Electric Vehicle (HEV);2025 maart;16142;4687;11455
5889;Personenauto;Hybrid Electric Vehicle (HEV);2025 1e kwartaal;46669;12351;34318
5890;Personenauto;Plug-in Hybrid Electric Vehicle (PHEV);2007 januari;0;0;0
5891;Personenauto;Plug-in Hybrid Electric Vehicle (PHEV);2007 februari;0;0;0
5892;Personenauto;Plug-in Hybrid Electric Vehicle (PHEV);2007 maart;0;0;0
5893;Personenauto;Plug-in Hybrid Electric Vehicle (PHEV);2007 1e kwartaal;0;0;0
5894;Personenauto;Plug-in Hybrid Electric Vehicle (PHEV);2007 april;0;0;0
5895;Personenauto;Plug-in Hybrid Electric Vehicle (PHEV);2007 mei;0;0;0
5896;Personenauto;Plug-in Hybrid Electric Vehicle (PHEV);2007 juni;0;0;0
5897;Personenauto;Plug-in Hybrid Electric Vehicle (PHEV);2007 2e kwartaal;0;0;0
5898;Personenauto;Plug-in Hybrid Electric Vehicle (PHEV);2007 juli;0;0;0
5899;Personenauto;Plug-in Hybrid Electric Vehicle (PHEV);2007 augustus;0;0;0
5900;Personenauto;Plug-in Hybrid Electric Vehicle (PHEV);2007 september;0;0;0
5901;Personenauto;Plug-in Hybrid Electric Vehicle (PHEV);2007 3e kwartaal;0;0;0
5902;Personenauto;Plug-in Hybrid Electric Vehicle (PHEV);2007 oktober;0;0;0
5903;Personenauto;Plug-in Hybrid Electric Vehicle (PHEV);2007 november;0;0;0
5904;Personenauto;Plug-in Hybrid Electric Vehicle (PHEV);2007 december;0;0;0
5905;Personenauto;Plug-in Hybrid Electric Vehicle (PHEV);2007 4e kwartaal;0;0;0
5906;Personenauto;Plug-in Hybrid Electric Vehicle (PHEV);2007;0;0;0
5907;Personenauto;Plug-in Hybrid Electric Vehicle (PHEV);2008 januari;0;0;0
5908;Personenauto;Plug-in Hybrid Electric Vehicle (PHEV);2008 februari;0;0;0
5909;Personenauto;Plug-in Hybrid Electric Vehicle (PHEV);2008 maart;0;0;0
5910;Personenauto;Plug-in Hybrid Electric Vehicle (PHEV);2008 1e kwartaal;0;0;0
5911;Personenauto;Plug-in Hybrid Electric Vehicle (PHEV);2008 april;0;0;0
5912;Personenauto;Plug-in Hybrid Electric Vehicle (PHEV);2008 mei;0;0;0
5913;Personenauto;Plug-in Hybrid Electric Vehicle (PHEV);2008 juni;0;0;0
5914;Personenauto;Plug-in Hybrid Electric Vehicle (PHEV);2008 2e kwartaal;0;0;0
5915;Personenauto;Plug-in Hybrid Electric Vehicle (PHEV);2008 juli;0;0;0
5916;Personenauto;Plug-in Hybrid Electric Vehicle (PHEV);2008 augustus;0;0;0
5917;Personenauto;Plug-in Hybrid Electric Vehicle (PHEV);2008 september;0;0;0
5918;Personenauto;Plug-in Hybrid Electric Vehicle (PHEV);2008 3e kwartaal;0;0;0
5919;Personenauto;Plug-in Hybrid Electric Vehicle (PHEV);2008 oktober;0;0;0
5920;Personenauto;Plug-in Hybrid Electric Vehicle (PHEV);2008 november;0;0;0
5921;Personenauto;Plug-in Hybrid Electric Vehicle (PHEV);2008 december;0;0;0
5922;Personenauto;Plug-in Hybrid Electric Vehicle (PHEV);2008 4e kwartaal;0;0;0
5923;Personenauto;Plug-in Hybrid Electric Vehicle (PHEV);2008;0;0;0
5924;Personenauto;Plug-in Hybrid Electric Vehicle (PHEV);2009 januari;0;0;0
5925;Personenauto;Plug-in Hybrid Electric Vehicle (PHEV);2009 februari;0;0;0
5926;Personenauto;Plug-in Hybrid Electric Vehicle (PHEV);2009 maart;0;0;0
5927;Personenauto;Plug-in Hybrid Electric Vehicle (PHEV);2009 1e kwartaal;0;0;0
5928;Personenauto;Plug-in Hybrid Electric Vehicle (PHEV);2009 april;0;0;0
5929;Personenauto;Plug-in Hybrid Electric Vehicle (PHEV);2009 mei;0;0;0
5930;Personenauto;Plug-in Hybrid Electric Vehicle (PHEV);2009 juni;0;0;0
5931;Personenauto;Plug-in Hybrid Electric Vehicle (PHEV);2009 2e kwartaal;0;0;0
5932;Personenauto;Plug-in Hybrid Electric Vehicle (PHEV);2009 juli;0;0;0
5933;Personenauto;Plug-in Hybrid Electric Vehicle (PHEV);2009 augustus;0;0;0
5934;Personenauto;Plug-in Hybrid Electric Vehicle (PHEV);2009 september;0;0;0
5935;Personenauto;Plug-in Hybrid Electric Vehicle (PHEV);2009 3e kwartaal;0;0;0
5936;Personenauto;Plug-in Hybrid Electric Vehicle (PHEV);2009 oktober;0;0;0
5937;Personenauto;Plug-in Hybrid Electric Vehicle (PHEV);2009 november;0;0;0
5938;Personenauto;Plug-in Hybrid Electric Vehicle (PHEV);2009 december;0;0;0
5939;Personenauto;Plug-in Hybrid Electric Vehicle (PHEV);2009 4e kwartaal;0;0;0
5940;Personenauto;Plug-in Hybrid Electric Vehicle (PHEV);2009;0;0;0
5941;Personenauto;Plug-in Hybrid Electric Vehicle (PHEV);2010 januari;0;0;0
5942;Personenauto;Plug-in Hybrid Electric Vehicle (PHEV);2010 februari;0;0;0
5943;Personenauto;Plug-in Hybrid Electric Vehicle (PHEV);2010 maart;0;0;0
5944;Personenauto;Plug-in Hybrid Electric Vehicle (PHEV);2010 1e kwartaal;0;0;0
5945;Personenauto;Plug-in Hybrid Electric Vehicle (PHEV);2010 april;0;0;0
5946;Personenauto;Plug-in Hybrid Electric Vehicle (PHEV);2010 mei;0;0;0
5947;Personenauto;Plug-in Hybrid Electric Vehicle (PHEV);2010 juni;3;3;0
5948;Personenauto;Plug-in Hybrid Electric Vehicle (PHEV);2010 2e kwartaal;3;3;0
5949;Personenauto;Plug-in Hybrid Electric Vehicle (PHEV);2010 juli;6;6;0
5950;Personenauto;Plug-in Hybrid Electric Vehicle (PHEV);2010 augustus;4;4;0
5951;Personenauto;Plug-in Hybrid Electric Vehicle (PHEV);2010 september;6;6;0
5952;Personenauto;Plug-in Hybrid Electric Vehicle (PHEV);2010 3e kwartaal;16;16;0
5953;Personenauto;Plug-in Hybrid Electric Vehicle (PHEV);2010 oktober;2;1;1
5954;Personenauto;Plug-in Hybrid Electric Vehicle (PHEV);2010 november;1;1;0
5955;Personenauto;Plug-in Hybrid Electric Vehicle (PHEV);2010 december;0;0;0
5956;Personenauto;Plug-in Hybrid Electric Vehicle (PHEV);2010 4e kwartaal;3;2;1
5957;Personenauto;Plug-in Hybrid Electric Vehicle (PHEV);2010;22;21;1
5958;Personenauto;Plug-in Hybrid Electric Vehicle (PHEV);2011 januari;4;3;1
5959;Personenauto;Plug-in Hybrid Electric Vehicle (PHEV);2011 februari;1;0;1
5960;Personenauto;Plug-in Hybrid Electric Vehicle (PHEV);2011 maart;2;1;1
5961;Personenauto;Plug-in Hybrid Electric Vehicle (PHEV);2011 1e kwartaal;7;4;3
5962;Personenauto;Plug-in Hybrid Electric Vehicle (PHEV);2011 april;0;0;0
5963;Personenauto;Plug-in Hybrid Electric Vehicle (PHEV);2011 mei;8;7;1
5964;Personenauto;Plug-in Hybrid Electric Vehicle (PHEV);2011 juni;9;7;2
5965;Personenauto;Plug-in Hybrid Electric Vehicle (PHEV);2011 2e kwartaal;17;14;3
5966;Personenauto;Plug-in Hybrid Electric Vehicle (PHEV);2011 juli;6;4;2
5967;Personenauto;Plug-in Hybrid Electric Vehicle (PHEV);2011 augustus;5;3;2
5968;Personenauto;Plug-in Hybrid Electric Vehicle (PHEV);2011 september;7;5;2
5969;Personenauto;Plug-in Hybrid Electric Vehicle (PHEV);2011 3e kwartaal;18;12;6
5970;Personenauto;Plug-in Hybrid Electric Vehicle (PHEV);2011 oktober;4;3;1
5971;Personenauto;Plug-in Hybrid Electric Vehicle (PHEV);2011 november;4;3;1
5972;Personenauto;Plug-in Hybrid Electric Vehicle (PHEV);2011 december;2;0;2
5973;Personenauto;Plug-in Hybrid Electric Vehicle (PHEV);2011 4e kwartaal;10;6;4
5974;Personenauto;Plug-in Hybrid Electric Vehicle (PHEV);2011;52;36;16
5975;Personenauto;Plug-in Hybrid Electric Vehicle (PHEV);2012 januari;8;6;2
5976;Personenauto;Plug-in Hybrid Electric Vehicle (PHEV);2012 februari;7;5;2
5977;Personenauto;Plug-in Hybrid Electric Vehicle (PHEV);2012 maart;7;6;1
5978;Personenauto;Plug-in Hybrid Electric Vehicle (PHEV);2012 1e kwartaal;22;17;5
5979;Personenauto;Plug-in Hybrid Electric Vehicle (PHEV);2012 april;1;1;0
5980;Personenauto;Plug-in Hybrid Electric Vehicle (PHEV);2012 mei;6;4;2
5981;Personenauto;Plug-in Hybrid Electric Vehicle (PHEV);2012 juni;4;2;2
5982;Personenauto;Plug-in Hybrid Electric Vehicle (PHEV);2012 2e kwartaal;11;7;4
5983;Personenauto;Plug-in Hybrid Electric Vehicle (PHEV);2012 juli;158;152;6
5984;Personenauto;Plug-in Hybrid Electric Vehicle (PHEV);2012 augustus;279;274;5
5985;Personenauto;Plug-in Hybrid Electric Vehicle (PHEV);2012 september;192;188;4
5986;Personenauto;Plug-in Hybrid Electric Vehicle (PHEV);2012 3e kwartaal;629;614;15
5987;Personenauto;Plug-in Hybrid Electric Vehicle (PHEV);2012 oktober;181;178;3
5988;Personenauto;Plug-in Hybrid Electric Vehicle (PHEV);2012 november;214;210;4
5989;Personenauto;Plug-in Hybrid Electric Vehicle (PHEV);2012 december;196;191;5
5990;Personenauto;Plug-in Hybrid Electric Vehicle (PHEV);2012 4e kwartaal;591;579;12
5991;Personenauto;Plug-in Hybrid Electric Vehicle (PHEV);2012;1253;1217;36
5992;Personenauto;Plug-in Hybrid Electric Vehicle (PHEV);2013 januari;344;339;5
5993;Personenauto;Plug-in Hybrid Electric Vehicle (PHEV);2013 februari;147;128;19
5994;Personenauto;Plug-in Hybrid Electric Vehicle (PHEV);2013 maart;307;298;9
5995;Personenauto;Plug-in Hybrid Electric Vehicle (PHEV);2013 1e kwartaal;798;765;33
5996;Personenauto;Plug-in Hybrid Electric Vehicle (PHEV);2013 april;175;171;4
5997;Personenauto;Plug-in Hybrid Electric Vehicle (PHEV);2013 mei;149;142;7
5998;Personenauto;Plug-in Hybrid Electric Vehicle (PHEV);2013 juni;219;205;14
5999;Personenauto;Plug-in Hybrid Electric Vehicle (PHEV);2013 2e kwartaal;543;518;25
6000;Personenauto;Plug-in Hybrid Electric Vehicle (PHEV);2013 juli;498;478;20
6001;Personenauto;Plug-in Hybrid Electric Vehicle (PHEV);2013 augustus;475;449;26
6002;Personenauto;Plug-in Hybrid Electric Vehicle (PHEV);2013 september;933;908;25
6003;Personenauto;Plug-in Hybrid Electric Vehicle (PHEV);2013 3e kwartaal;1906;1835;71
6004;Personenauto;Plug-in Hybrid Electric Vehicle (PHEV);2013 oktober;1824;1778;46
6005;Personenauto;Plug-in Hybrid Electric Vehicle (PHEV);2013 november;4407;4338;69
6006;Personenauto;Plug-in Hybrid Electric Vehicle (PHEV);2013 december;7856;7718;138
6007;Personenauto;Plug-in Hybrid Electric Vehicle (PHEV);2013 4e kwartaal;14087;13834;253
6008;Personenauto;Plug-in Hybrid Electric Vehicle (PHEV);2013;17334;16952;382
6009;Personenauto;Plug-in Hybrid Electric Vehicle (PHEV);2014 januari;298;238;60
6010;Personenauto;Plug-in Hybrid Electric Vehicle (PHEV);2014 februari;1115;1073;42
6011;Personenauto;Plug-in Hybrid Electric Vehicle (PHEV);2014 maart;1459;1392;67
6012;Personenauto;Plug-in Hybrid Electric Vehicle (PHEV);2014 1e kwartaal;2872;2703;169
6013;Personenauto;Plug-in Hybrid Electric Vehicle (PHEV);2014 april;2056;1979;77
6014;Personenauto;Plug-in Hybrid Electric Vehicle (PHEV);2014 mei;1770;1693;77
6015;Personenauto;Plug-in Hybrid Electric Vehicle (PHEV);2014 juni;1076;1017;59
6016;Personenauto;Plug-in Hybrid Electric Vehicle (PHEV);2014 2e kwartaal;4902;4689;213
6017;Personenauto;Plug-in Hybrid Electric Vehicle (PHEV);2014 juli;881;748;133
6018;Personenauto;Plug-in Hybrid Electric Vehicle (PHEV);2014 augustus;724;649;75
6019;Personenauto;Plug-in Hybrid Electric Vehicle (PHEV);2014 september;811;568;243
6020;Personenauto;Plug-in Hybrid Electric Vehicle (PHEV);2014 3e kwartaal;2416;1965;451
6021;Personenauto;Plug-in Hybrid Electric Vehicle (PHEV);2014 oktober;967;836;131
6022;Personenauto;Plug-in Hybrid Electric Vehicle (PHEV);2014 november;1149;1019;130
6023;Personenauto;Plug-in Hybrid Electric Vehicle (PHEV);2014 december;918;621;297
6024;Personenauto;Plug-in Hybrid Electric Vehicle (PHEV);2014 4e kwartaal;3034;2476;558
6025;Personenauto;Plug-in Hybrid Electric Vehicle (PHEV);2014;13224;11833;1391
6026;Personenauto;Plug-in Hybrid Electric Vehicle (PHEV);2015 januari;2321;2111;210
6027;Personenauto;Plug-in Hybrid Electric Vehicle (PHEV);2015 februari;1487;1293;194
6028;Personenauto;Plug-in Hybrid Electric Vehicle (PHEV);2015 maart;1490;1261;229
6029;Personenauto;Plug-in Hybrid Electric Vehicle (PHEV);2015 1e kwartaal;5298;4665;633
6030;Personenauto;Plug-in Hybrid Electric Vehicle (PHEV);2015 april;1636;1384;252
6031;Personenauto;Plug-in Hybrid Electric Vehicle (PHEV);2015 mei;1989;1761;228
6032;Personenauto;Plug-in Hybrid Electric Vehicle (PHEV);2015 juni;2519;2262;257
6033;Personenauto;Plug-in Hybrid Electric Vehicle (PHEV);2015 2e kwartaal;6144;5407;737
6034;Personenauto;Plug-in Hybrid Electric Vehicle (PHEV);2015 juli;2395;2042;353
6035;Personenauto;Plug-in Hybrid Electric Vehicle (PHEV);2015 augustus;1850;1517;333
6036;Personenauto;Plug-in Hybrid Electric Vehicle (PHEV);2015 september;2646;2126;520
6037;Personenauto;Plug-in Hybrid Electric Vehicle (PHEV);2015 3e kwartaal;6891;5685;1206
6038;Personenauto;Plug-in Hybrid Electric Vehicle (PHEV);2015 oktober;4264;3750;514
6039;Personenauto;Plug-in Hybrid Electric Vehicle (PHEV);2015 november;5584;4948;636
6040;Personenauto;Plug-in Hybrid Electric Vehicle (PHEV);2015 december;16241;15308;933
6041;Personenauto;Plug-in Hybrid Electric Vehicle (PHEV);2015 4e kwartaal;26089;24006;2083
6042;Personenauto;Plug-in Hybrid Electric Vehicle (PHEV);2015;44422;39763;4659
6043;Personenauto;Plug-in Hybrid Electric Vehicle (PHEV);2016 januari;1699;368;1331
6044;Personenauto;Plug-in Hybrid Electric Vehicle (PHEV);2016 februari;1577;245;1332
6045;Personenauto;Plug-in Hybrid Electric Vehicle (PHEV);2016 maart;2102;544;1558
6046;Personenauto;Plug-in Hybrid Electric Vehicle (PHEV);2016 1e kwartaal;5378;1157;4221
6047;Personenauto;Plug-in Hybrid Electric Vehicle (PHEV);2016 april;1942;631;1311
6048;Personenauto;Plug-in Hybrid Electric Vehicle (PHEV);2016 mei;1636;471;1165
6049;Personenauto;Plug-in Hybrid Electric Vehicle (PHEV);2016 juni;1745;507;1238
6050;Personenauto;Plug-in Hybrid Electric Vehicle (PHEV);2016 2e kwartaal;5323;1609;3714
6051;Personenauto;Plug-in Hybrid Electric Vehicle (PHEV);2016 juli;1642;640;1002
6052;Personenauto;Plug-in Hybrid Electric Vehicle (PHEV);2016 augustus;1483;641;842
6053;Personenauto;Plug-in Hybrid Electric Vehicle (PHEV);2016 september;2310;1120;1190
6054;Personenauto;Plug-in Hybrid Electric Vehicle (PHEV);2016 3e kwartaal;5435;2401;3034
6055;Personenauto;Plug-in Hybrid Electric Vehicle (PHEV);2016 oktober;2354;1229;1125
6056;Personenauto;Plug-in Hybrid Electric Vehicle (PHEV);2016 november;2985;1854;1131
6057;Personenauto;Plug-in Hybrid Electric Vehicle (PHEV);2016 december;11912;10313;1599
6058;Personenauto;Plug-in Hybrid Electric Vehicle (PHEV);2016 4e kwartaal;17251;13396;3855
6059;Personenauto;Plug-in Hybrid Electric Vehicle (PHEV);2016;33387;18563;14824
6060;Personenauto;Plug-in Hybrid Electric Vehicle (PHEV);2017 januari;2439;236;2203
6061;Personenauto;Plug-in Hybrid Electric Vehicle (PHEV);2017 februari;2074;55;2019
6062;Personenauto;Plug-in Hybrid Electric Vehicle (PHEV);2017 maart;2118;41;2077
6063;Personenauto;Plug-in Hybrid Electric Vehicle (PHEV);2017 1e kwartaal;6631;332;6299
6064;Personenauto;Plug-in Hybrid Electric Vehicle (PHEV);2017 april;1796;43;1753
6065;Personenauto;Plug-in Hybrid Electric Vehicle (PHEV);2017 mei;1905;95;1810
6066;Personenauto;Plug-in Hybrid Electric Vehicle (PHEV);2017 juni;2042;134;1908
6067;Personenauto;Plug-in Hybrid Electric Vehicle (PHEV);2017 2e kwartaal;5743;272;5471
6068;Personenauto;Plug-in Hybrid Electric Vehicle (PHEV);2017 juli;1800;78;1722
6069;Personenauto;Plug-in Hybrid Electric Vehicle (PHEV);2017 augustus;1665;83;1582
6070;Personenauto;Plug-in Hybrid Electric Vehicle (PHEV);2017 september;1667;116;1551
6071;Personenauto;Plug-in Hybrid Electric Vehicle (PHEV);2017 3e kwartaal;5132;277;4855
6072;Personenauto;Plug-in Hybrid Electric Vehicle (PHEV);2017 oktober;1729;100;1629
6073;Personenauto;Plug-in Hybrid Electric Vehicle (PHEV);2017 november;1598;100;1498
6074;Personenauto;Plug-in Hybrid Electric Vehicle (PHEV);2017 december;1634;71;1563
6075;Personenauto;Plug-in Hybrid Electric Vehicle (PHEV);2017 4e kwartaal;4961;271;4690
6076;Personenauto;Plug-in Hybrid Electric Vehicle (PHEV);2017;22467;1152;21315
6077;Personenauto;Plug-in Hybrid Electric Vehicle (PHEV);2018 januari;2304;278;2026
6078;Personenauto;Plug-in Hybrid Electric Vehicle (PHEV);2018 februari;1680;157;1523
6079;Personenauto;Plug-in Hybrid Electric Vehicle (PHEV);2018 maart;1895;262;1633
6080;Personenauto;Plug-in Hybrid Electric Vehicle (PHEV);2018 1e kwartaal;5879;697;5182
6081;Personenauto;Plug-in Hybrid Electric Vehicle (PHEV);2018 april;1816;163;1653
6082;Personenauto;Plug-in Hybrid Electric Vehicle (PHEV);2018 mei;2053;209;1844
6083;Personenauto;Plug-in Hybrid Electric Vehicle (PHEV);2018 juni;2219;261;1958
6084;Personenauto;Plug-in Hybrid Electric Vehicle (PHEV);2018 2e kwartaal;6088;633;5455
6085;Personenauto;Plug-in Hybrid Electric Vehicle (PHEV);2018 juli;3375;276;3099
6086;Personenauto;Plug-in Hybrid Electric Vehicle (PHEV);2018 augustus;2179;294;1885
6087;Personenauto;Plug-in Hybrid Electric Vehicle (PHEV);2018 september;2493;375;2118
6088;Personenauto;Plug-in Hybrid Electric Vehicle (PHEV);2018 3e kwartaal;8047;945;7102
6089;Personenauto;Plug-in Hybrid Electric Vehicle (PHEV);2018 oktober;3284;314;2970
6090;Personenauto;Plug-in Hybrid Electric Vehicle (PHEV);2018 november;3897;417;3480
6091;Personenauto;Plug-in Hybrid Electric Vehicle (PHEV);2018 december;4247;144;4103
6092;Personenauto;Plug-in Hybrid Electric Vehicle (PHEV);2018 4e kwartaal;11428;875;10553
6093;Personenauto;Plug-in Hybrid Electric Vehicle (PHEV);2018;31442;3150;28292
6094;Personenauto;Plug-in Hybrid Electric Vehicle (PHEV);2019 januari;5113;754;4359
6095;Personenauto;Plug-in Hybrid Electric Vehicle (PHEV);2019 februari;3443;353;3090
6096;Personenauto;Plug-in Hybrid Electric Vehicle (PHEV);2019 maart;3533;611;2922
6097;Personenauto;Plug-in Hybrid Electric Vehicle (PHEV);2019 1e kwartaal;12089;1718;10371
6098;Personenauto;Plug-in Hybrid Electric Vehicle (PHEV);2019 april;3136;332;2804
6099;Personenauto;Plug-in Hybrid Electric Vehicle (PHEV);2019 mei;3382;366;3016
6100;Personenauto;Plug-in Hybrid Electric Vehicle (PHEV);2019 juni;2958;427;2531
6101;Personenauto;Plug-in Hybrid Electric Vehicle (PHEV);2019 2e kwartaal;9476;1125;8351
6102;Personenauto;Plug-in Hybrid Electric Vehicle (PHEV);2019 juli;3246;263;2983
6103;Personenauto;Plug-in Hybrid Electric Vehicle (PHEV);2019 augustus;2677;297;2380
6104;Personenauto;Plug-in Hybrid Electric Vehicle (PHEV);2019 september;3020;428;2592
6105;Personenauto;Plug-in Hybrid Electric Vehicle (PHEV);2019 3e kwartaal;8943;988;7955
6106;Personenauto;Plug-in Hybrid Electric Vehicle (PHEV);2019 oktober;4825;456;4369
6107;Personenauto;Plug-in Hybrid Electric Vehicle (PHEV);2019 november;4686;419;4267
6108;Personenauto;Plug-in Hybrid Electric Vehicle (PHEV);2019 december;4415;198;4217
6109;Personenauto;Plug-in Hybrid Electric Vehicle (PHEV);2019 4e kwartaal;13926;1073;12853
6110;Personenauto;Plug-in Hybrid Electric Vehicle (PHEV);2019;44434;4904;39530
6111;Personenauto;Plug-in Hybrid Electric Vehicle (PHEV);2020 januari;7101;1332;5769
6112;Personenauto;Plug-in Hybrid Electric Vehicle (PHEV);2020 februari;5459;844;4615
6113;Personenauto;Plug-in Hybrid Electric Vehicle (PHEV);2020 maart;4660;1109;3551
6114;Personenauto;Plug-in Hybrid Electric Vehicle (PHEV);2020 1e kwartaal;17220;3285;13935
6115;Personenauto;Plug-in Hybrid Electric Vehicle (PHEV);2020 april;3658;577;3081
6116;Personenauto;Plug-in Hybrid Electric Vehicle (PHEV);2020 mei;4847;640;4207
6117;Personenauto;Plug-in Hybrid Electric Vehicle (PHEV);2020 juni;6001;1111;4890
6118;Personenauto;Plug-in Hybrid Electric Vehicle (PHEV);2020 2e kwartaal;14506;2328;12178
6119;Personenauto;Plug-in Hybrid Electric Vehicle (PHEV);2020 juli;7004;1639;5365
6120;Personenauto;Plug-in Hybrid Electric Vehicle (PHEV);2020 augustus;5459;1247;4212
6121;Personenauto;Plug-in Hybrid Electric Vehicle (PHEV);2020 september;6618;1545;5073
6122;Personenauto;Plug-in Hybrid Electric Vehicle (PHEV);2020 3e kwartaal;19081;4431;14650
6123;Personenauto;Plug-in Hybrid Electric Vehicle (PHEV);2020 oktober;7482;1658;5824
6124;Personenauto;Plug-in Hybrid Electric Vehicle (PHEV);2020 november;8359;1962;6397
6125;Personenauto;Plug-in Hybrid Electric Vehicle (PHEV);2020 december;9845;1226;8619
6126;Personenauto;Plug-in Hybrid Electric Vehicle (PHEV);2020 4e kwartaal;25686;4846;20840
6127;Personenauto;Plug-in Hybrid Electric Vehicle (PHEV);2020;76493;14890;61603
6128;Personenauto;Plug-in Hybrid Electric Vehicle (PHEV);2021 januari;11958;3290;8668
6129;Personenauto;Plug-in Hybrid Electric Vehicle (PHEV);2021 februari;8370;1730;6640
6130;Personenauto;Plug-in Hybrid Electric Vehicle (PHEV);2021 maart;9668;2657;7011
6131;Personenauto;Plug-in Hybrid Electric Vehicle (PHEV);2021 1e kwartaal;29996;7677;22319
6132;Personenauto;Plug-in Hybrid Electric Vehicle (PHEV);2021 april;8363;2709;5654
6133;Personenauto;Plug-in Hybrid Electric Vehicle (PHEV);2021 mei;8042;2646;5396
6134;Personenauto;Plug-in Hybrid Electric Vehicle (PHEV);2021 juni;8189;2947;5242
6135;Personenauto;Plug-in Hybrid Electric Vehicle (PHEV);2021 2e kwartaal;24594;8302;16292
6136;Personenauto;Plug-in Hybrid Electric Vehicle (PHEV);2021 juli;7499;2501;4998
6137;Personenauto;Plug-in Hybrid Electric Vehicle (PHEV);2021 augustus;6258;2273;3985
6138;Personenauto;Plug-in Hybrid Electric Vehicle (PHEV);2021 september;7081;2737;4344
6139;Personenauto;Plug-in Hybrid Electric Vehicle (PHEV);2021 3e kwartaal;20838;7511;13327
6140;Personenauto;Plug-in Hybrid Electric Vehicle (PHEV);2021 oktober;7459;2616;4843
6141;Personenauto;Plug-in Hybrid Electric Vehicle (PHEV);2021 november;7790;3005;4785
6142;Personenauto;Plug-in Hybrid Electric Vehicle (PHEV);2021 december;7513;2003;5510
6143;Personenauto;Plug-in Hybrid Electric Vehicle (PHEV);2021 4e kwartaal;22762;7624;15138
6144;Personenauto;Plug-in Hybrid Electric Vehicle (PHEV);2021;98190;31114;67076
6145;Personenauto;Plug-in Hybrid Electric Vehicle (PHEV);2022 januari;10256;4075;6181
6146;Personenauto;Plug-in Hybrid Electric Vehicle (PHEV);2022 februari;8023;2693;5330
6147;Personenauto;Plug-in Hybrid Electric Vehicle (PHEV);2022 maart;9053;3297;5756
6148;Personenauto;Plug-in Hybrid Electric Vehicle (PHEV);2022 1e kwartaal;27332;10065;17267
6149;Personenauto;Plug-in Hybrid Electric Vehicle (PHEV);2022 april;8605;3147;5458
6150;Personenauto;Plug-in Hybrid Electric Vehicle (PHEV);2022 mei;8098;2873;5225
6151;Personenauto;Plug-in Hybrid Electric Vehicle (PHEV);2022 juni;8286;2730;5556
6152;Personenauto;Plug-in Hybrid Electric Vehicle (PHEV);2022 2e kwartaal;24989;8750;16239
6153;Personenauto;Plug-in Hybrid Electric Vehicle (PHEV);2022 juli;7446;2044;5402
6154;Personenauto;Plug-in Hybrid Electric Vehicle (PHEV);2022 augustus;6891;2370;4521
6155;Personenauto;Plug-in Hybrid Electric Vehicle (PHEV);2022 september;8223;3197;5026
6156;Personenauto;Plug-in Hybrid Electric Vehicle (PHEV);2022 3e kwartaal;22560;7611;14949
6157;Personenauto;Plug-in Hybrid Electric Vehicle (PHEV);2022 oktober;7952;3348;4604
6158;Personenauto;Plug-in Hybrid Electric Vehicle (PHEV);2022 november;8027;2897;5130
6159;Personenauto;Plug-in Hybrid Electric Vehicle (PHEV);2022 december;7587;2059;5528
6160;Personenauto;Plug-in Hybrid Electric Vehicle (PHEV);2022 4e kwartaal;23566;8304;15262
6161;Personenauto;Plug-in Hybrid Electric Vehicle (PHEV);2022;98447;34730;63717
6162;Personenauto;Plug-in Hybrid Electric Vehicle (PHEV);2023 januari;9773;4082;5691
6163;Personenauto;Plug-in Hybrid Electric Vehicle (PHEV);2023 februari;9820;4269;5551
6164;Personenauto;Plug-in Hybrid Electric Vehicle (PHEV);2023 maart;11811;5247;6564
6165;Personenauto;Plug-in Hybrid Electric Vehicle (PHEV);2023 1e kwartaal;31404;13598;17806
6166;Personenauto;Plug-in Hybrid Electric Vehicle (PHEV);2023 april;10044;3830;6214
6167;Personenauto;Plug-in Hybrid Electric Vehicle (PHEV);2023 mei;10948;4334;6614
6168;Personenauto;Plug-in Hybrid Electric Vehicle (PHEV);2023 juni;12558;4973;7585
6169;Personenauto;Plug-in Hybrid Electric Vehicle (PHEV);2023 2e kwartaal;33550;13137;20413
6170;Personenauto;Plug-in Hybrid Electric Vehicle (PHEV);2023 juli;12275;4241;8034
6171;Personenauto;Plug-in Hybrid Electric Vehicle (PHEV);2023 augustus;11110;3495;7615
6172;Personenauto;Plug-in Hybrid Electric Vehicle (PHEV);2023 september;12243;3664;8579
6173;Personenauto;Plug-in Hybrid Electric Vehicle (PHEV);2023 3e kwartaal;35628;11400;24228
6174;Personenauto;Plug-in Hybrid Electric Vehicle (PHEV);2023 oktober;12797;3471;9326
6175;Personenauto;Plug-in Hybrid Electric Vehicle (PHEV);2023 november;13405;3162;10243
6176;Personenauto;Plug-in Hybrid Electric Vehicle (PHEV);2023 december;13030;2327;10703
6177;Personenauto;Plug-in Hybrid Electric Vehicle (PHEV);2023 4e kwartaal;39232;8960;30272
6178;Personenauto;Plug-in Hybrid Electric Vehicle (PHEV);2023;139814;47095;92719
6179;Personenauto;Plug-in Hybrid Electric Vehicle (PHEV);2024 januari;16508;4991;11517
6180;Personenauto;Plug-in Hybrid Electric Vehicle (PHEV);2024 februari;15710;4304;11406
6181;Personenauto;Plug-in Hybrid Electric Vehicle (PHEV);2024 maart;17947;4981;12966
6182;Personenauto;Plug-in Hybrid Electric Vehicle (PHEV);2024 1e kwartaal;50165;14276;35889
6183;Personenauto;Plug-in Hybrid Electric Vehicle (PHEV);2024 april;16766;3995;12771
6184;Personenauto;Plug-in Hybrid Electric Vehicle (PHEV);2024 mei;16913;4085;12828
6185;Personenauto;Plug-in Hybrid Electric Vehicle (PHEV);2024 juni;18572;5270;13302
6186;Personenauto;Plug-in Hybrid Electric Vehicle (PHEV);2024 2e kwartaal;52251;13350;38901
6187;Personenauto;Plug-in Hybrid Electric Vehicle (PHEV);2024 juli;18494;4058;14436
6188;Personenauto;Plug-in Hybrid Electric Vehicle (PHEV);2024 augustus;16542;3879;12663
6189;Personenauto;Plug-in Hybrid Electric Vehicle (PHEV);2024 september;17200;3664;13536
6190;Personenauto;Plug-in Hybrid Electric Vehicle (PHEV);2024 3e kwartaal;52236;11601;40635
6191;Personenauto;Plug-in Hybrid Electric Vehicle (PHEV);2024 oktober;20608;5002;15606
6192;Personenauto;Plug-in Hybrid Electric Vehicle (PHEV);2024 november;20930;5034;15896
6193;Personenauto;Plug-in Hybrid Electric Vehicle (PHEV);2024 december;19282;3491;15791
6194;Personenauto;Plug-in Hybrid Electric Vehicle (PHEV);2024 4e kwartaal;60820;13527;47293
6195;Personenauto;Plug-in Hybrid Electric Vehicle (PHEV);2024;215472;52754;162718
6196;Personenauto;Plug-in Hybrid Electric Vehicle (PHEV);2025 januari;23142;5382;17760
6197;Personenauto;Plug-in Hybrid Electric Vehicle (PHEV);2025 februari;20858;4363;16495
6198;Personenauto;Plug-in Hybrid Electric Vehicle (PHEV);2025 maart;23506;6258;17248
6199;Personenauto;Plug-in Hybrid Electric Vehicle (PHEV);2025 1e kwartaal;67506;16003;51503
6200;Personenauto;Overig/onbekend hybride;2007 januari;1;1;0
6201;Personenauto;Overig/onbekend hybride;2007 februari;1;1;0
6202;Personenauto;Overig/onbekend hybride;2007 maart;2;0;2
6203;Personenauto;Overig/onbekend hybride;2007 1e kwartaal;4;2;2
6204;Personenauto;Overig/onbekend hybride;2007 april;1;0;1
6205;Personenauto;Overig/onbekend hybride;2007 mei;0;0;0
6206;Personenauto;Overig/onbekend hybride;2007 juni;2;1;1
6207;Personenauto;Overig/onbekend hybride;2007 2e kwartaal;3;1;2
6208;Personenauto;Overig/onbekend hybride;2007 juli;2;0;2
6209;Personenauto;Overig/onbekend hybride;2007 augustus;4;0;4
6210;Personenauto;Overig/onbekend hybride;2007 september;0;0;0
6211;Personenauto;Overig/onbekend hybride;2007 3e kwartaal;6;0;6
6212;Personenauto;Overig/onbekend hybride;2007 oktober;3;1;2
6213;Personenauto;Overig/onbekend hybride;2007 november;5;1;4
6214;Personenauto;Overig/onbekend hybride;2007 december;2;0;2
6215;Personenauto;Overig/onbekend hybride;2007 4e kwartaal;10;2;8
6216;Personenauto;Overig/onbekend hybride;2007;23;5;18
6217;Personenauto;Overig/onbekend hybride;2008 januari;3;0;3
6218;Personenauto;Overig/onbekend hybride;2008 februari;3;2;1
6219;Personenauto;Overig/onbekend hybride;2008 maart;6;4;2
6220;Personenauto;Overig/onbekend hybride;2008 1e kwartaal;12;6;6
6221;Personenauto;Overig/onbekend hybride;2008 april;3;3;0
6222;Personenauto;Overig/onbekend hybride;2008 mei;6;4;2
6223;Personenauto;Overig/onbekend hybride;2008 juni;7;2;5
6224;Personenauto;Overig/onbekend hybride;2008 2e kwartaal;16;9;7
6225;Personenauto;Overig/onbekend hybride;2008 juli;5;3;2
6226;Personenauto;Overig/onbekend hybride;2008 augustus;6;2;4
6227;Personenauto;Overig/onbekend hybride;2008 september;6;2;4
6228;Personenauto;Overig/onbekend hybride;2008 3e kwartaal;17;7;10
6229;Personenauto;Overig/onbekend hybride;2008 oktober;5;0;5
6230;Personenauto;Overig/onbekend hybride;2008 november;9;4;5
6231;Personenauto;Overig/onbekend hybride;2008 december;3;0;3
6232;Personenauto;Overig/onbekend hybride;2008 4e kwartaal;17;4;13
6233;Personenauto;Overig/onbekend hybride;2008;62;26;36
6234;Personenauto;Overig/onbekend hybride;2009 januari;7;2;5
6235;Personenauto;Overig/onbekend hybride;2009 februari;3;0;3
6236;Personenauto;Overig/onbekend hybride;2009 maart;8;0;8
6237;Personenauto;Overig/onbekend hybride;2009 1e kwartaal;18;2;16
6238;Personenauto;Overig/onbekend hybride;2009 april;7;1;6
6239;Personenauto;Overig/onbekend hybride;2009 mei;5;0;5
6240;Personenauto;Overig/onbekend hybride;2009 juni;0;0;0
6241;Personenauto;Overig/onbekend hybride;2009 2e kwartaal;12;1;11
6242;Personenauto;Overig/onbekend hybride;2009 juli;11;1;10
6243;Personenauto;Overig/onbekend hybride;2009 augustus;10;0;10
6244;Personenauto;Overig/onbekend hybride;2009 september;5;1;4
6245;Personenauto;Overig/onbekend hybride;2009 3e kwartaal;26;2;24
6246;Personenauto;Overig/onbekend hybride;2009 oktober;9;1;8
6247;Personenauto;Overig/onbekend hybride;2009 november;5;0;5
6248;Personenauto;Overig/onbekend hybride;2009 december;6;0;6
6249;Personenauto;Overig/onbekend hybride;2009 4e kwartaal;20;1;19
6250;Personenauto;Overig/onbekend hybride;2009;76;6;70
6251;Personenauto;Overig/onbekend hybride;2010 januari;7;1;6
6252;Personenauto;Overig/onbekend hybride;2010 februari;8;1;7
6253;Personenauto;Overig/onbekend hybride;2010 maart;9;0;9
6254;Personenauto;Overig/onbekend hybride;2010 1e kwartaal;24;2;22
6255;Personenauto;Overig/onbekend hybride;2010 april;5;1;4
6256;Personenauto;Overig/onbekend hybride;2010 mei;8;2;6
6257;Personenauto;Overig/onbekend hybride;2010 juni;8;0;8
6258;Personenauto;Overig/onbekend hybride;2010 2e kwartaal;21;3;18
6259;Personenauto;Overig/onbekend hybride;2010 juli;12;4;8
6260;Personenauto;Overig/onbekend hybride;2010 augustus;4;0;4
6261;Personenauto;Overig/onbekend hybride;2010 september;14;1;13
6262;Personenauto;Overig/onbekend hybride;2010 3e kwartaal;30;5;25
6263;Personenauto;Overig/onbekend hybride;2010 oktober;14;1;13
6264;Personenauto;Overig/onbekend hybride;2010 november;11;5;6
6265;Personenauto;Overig/onbekend hybride;2010 december;8;1;7
6266;Personenauto;Overig/onbekend hybride;2010 4e kwartaal;33;7;26
6267;Personenauto;Overig/onbekend hybride;2010;108;17;91
6268;Personenauto;Overig/onbekend hybride;2011 januari;8;1;7
6269;Personenauto;Overig/onbekend hybride;2011 februari;14;2;12
6270;Personenauto;Overig/onbekend hybride;2011 maart;13;0;13
6271;Personenauto;Overig/onbekend hybride;2011 1e kwartaal;35;3;32
6272;Personenauto;Overig/onbekend hybride;2011 april;12;0;12
6273;Personenauto;Overig/onbekend hybride;2011 mei;7;0;7
6274;Personenauto;Overig/onbekend hybride;2011 juni;7;1;6
6275;Personenauto;Overig/onbekend hybride;2011 2e kwartaal;26;1;25
6276;Personenauto;Overig/onbekend hybride;2011 juli;9;1;8
6277;Personenauto;Overig/onbekend hybride;2011 augustus;17;0;17
6278;Personenauto;Overig/onbekend hybride;2011 september;9;3;6
6279;Personenauto;Overig/onbekend hybride;2011 3e kwartaal;35;4;31
6280;Personenauto;Overig/onbekend hybride;2011 oktober;14;6;8
6281;Personenauto;Overig/onbekend hybride;2011 november;18;4;14
6282;Personenauto;Overig/onbekend hybride;2011 december;17;7;10
6283;Personenauto;Overig/onbekend hybride;2011 4e kwartaal;49;17;32
6284;Personenauto;Overig/onbekend hybride;2011;145;25;120
6285;Personenauto;Overig/onbekend hybride;2012 januari;58;49;9
6286;Personenauto;Overig/onbekend hybride;2012 februari;55;48;7
6287;Personenauto;Overig/onbekend hybride;2012 maart;472;467;5
6288;Personenauto;Overig/onbekend hybride;2012 1e kwartaal;585;564;21
6289;Personenauto;Overig/onbekend hybride;2012 april;217;205;12
6290;Personenauto;Overig/onbekend hybride;2012 mei;410;397;13
6291;Personenauto;Overig/onbekend hybride;2012 juni;338;328;10
6292;Personenauto;Overig/onbekend hybride;2012 2e kwartaal;965;930;35
6293;Personenauto;Overig/onbekend hybride;2012 juli;244;221;23
6294;Personenauto;Overig/onbekend hybride;2012 augustus;260;250;10
6295;Personenauto;Overig/onbekend hybride;2012 september;316;301;15
6296;Personenauto;Overig/onbekend hybride;2012 3e kwartaal;820;772;48
6297;Personenauto;Overig/onbekend hybride;2012 oktober;295;276;19
6298;Personenauto;Overig/onbekend hybride;2012 november;360;339;21
6299;Personenauto;Overig/onbekend hybride;2012 december;274;263;11
6300;Personenauto;Overig/onbekend hybride;2012 4e kwartaal;929;878;51
6301;Personenauto;Overig/onbekend hybride;2012;3299;3144;155
6302;Personenauto;Overig/onbekend hybride;2013 januari;284;261;23
6303;Personenauto;Overig/onbekend hybride;2013 februari;184;129;55
6304;Personenauto;Overig/onbekend hybride;2013 maart;219;188;31
6305;Personenauto;Overig/onbekend hybride;2013 1e kwartaal;687;578;109
6306;Personenauto;Overig/onbekend hybride;2013 april;86;69;17
6307;Personenauto;Overig/onbekend hybride;2013 mei;144;118;26
6308;Personenauto;Overig/onbekend hybride;2013 juni;122;94;28
6309;Personenauto;Overig/onbekend hybride;2013 2e kwartaal;352;281;71
6310;Personenauto;Overig/onbekend hybride;2013 juli;160;131;29
6311;Personenauto;Overig/onbekend hybride;2013 augustus;607;576;31
6312;Personenauto;Overig/onbekend hybride;2013 september;238;184;54
6313;Personenauto;Overig/onbekend hybride;2013 3e kwartaal;1005;891;114
6314;Personenauto;Overig/onbekend hybride;2013 oktober;265;206;59
6315;Personenauto;Overig/onbekend hybride;2013 november;393;341;52
6316;Personenauto;Overig/onbekend hybride;2013 december;825;746;79
6317;Personenauto;Overig/onbekend hybride;2013 4e kwartaal;1483;1293;190
6318;Personenauto;Overig/onbekend hybride;2013;3527;3043;484
6319;Personenauto;Overig/onbekend hybride;2014 januari;51;7;44
6320;Personenauto;Overig/onbekend hybride;2014 februari;133;62;71
6321;Personenauto;Overig/onbekend hybride;2014 maart;107;50;57
6322;Personenauto;Overig/onbekend hybride;2014 1e kwartaal;291;119;172
6323;Personenauto;Overig/onbekend hybride;2014 april;117;57;60
6324;Personenauto;Overig/onbekend hybride;2014 mei;93;31;62
6325;Personenauto;Overig/onbekend hybride;2014 juni;96;35;61
6326;Personenauto;Overig/onbekend hybride;2014 2e kwartaal;306;123;183
6327;Personenauto;Overig/onbekend hybride;2014 juli;125;29;96
6328;Personenauto;Overig/onbekend hybride;2014 augustus;112;47;65
6329;Personenauto;Overig/onbekend hybride;2014 september;104;24;80
6330;Personenauto;Overig/onbekend hybride;2014 3e kwartaal;341;100;241
6331;Personenauto;Overig/onbekend hybride;2014 oktober;93;15;78
6332;Personenauto;Overig/onbekend hybride;2014 november;94;24;70
6333;Personenauto;Overig/onbekend hybride;2014 december;199;31;168
6334;Personenauto;Overig/onbekend hybride;2014 4e kwartaal;386;70;316
6335;Personenauto;Overig/onbekend hybride;2014;1324;412;912
6336;Personenauto;Overig/onbekend hybride;2015 januari;150;41;109
6337;Personenauto;Overig/onbekend hybride;2015 februari;91;13;78
6338;Personenauto;Overig/onbekend hybride;2015 maart;138;29;109
6339;Personenauto;Overig/onbekend hybride;2015 1e kwartaal;379;83;296
6340;Personenauto;Overig/onbekend hybride;2015 april;131;17;114
6341;Personenauto;Overig/onbekend hybride;2015 mei;117;32;85
6342;Personenauto;Overig/onbekend hybride;2015 juni;128;27;101
6343;Personenauto;Overig/onbekend hybride;2015 2e kwartaal;376;76;300
6344;Personenauto;Overig/onbekend hybride;2015 juli;134;22;112
6345;Personenauto;Overig/onbekend hybride;2015 augustus;134;28;106
6346;Personenauto;Overig/onbekend hybride;2015 september;134;34;100
6347;Personenauto;Overig/onbekend hybride;2015 3e kwartaal;402;84;318
6348;Personenauto;Overig/onbekend hybride;2015 oktober;183;40;143
6349;Personenauto;Overig/onbekend hybride;2015 november;199;46;153
6350;Personenauto;Overig/onbekend hybride;2015 december;403;203;200
6351;Personenauto;Overig/onbekend hybride;2015 4e kwartaal;785;289;496
6352;Personenauto;Overig/onbekend hybride;2015;1942;532;1410
6353;Personenauto;Overig/onbekend hybride;2016 januari;217;3;214
6354;Personenauto;Overig/onbekend hybride;2016 februari;218;6;212
6355;Personenauto;Overig/onbekend hybride;2016 maart;226;1;225
6356;Personenauto;Overig/onbekend hybride;2016 1e kwartaal;661;10;651
6357;Personenauto;Overig/onbekend hybride;2016 april;203;0;203
6358;Personenauto;Overig/onbekend hybride;2016 mei;177;1;176
6359;Personenauto;Overig/onbekend hybride;2016 juni;147;4;143
6360;Personenauto;Overig/onbekend hybride;2016 2e kwartaal;527;5;522
6361;Personenauto;Overig/onbekend hybride;2016 juli;186;2;184
6362;Personenauto;Overig/onbekend hybride;2016 augustus;156;3;153
6363;Personenauto;Overig/onbekend hybride;2016 september;157;6;151
6364;Personenauto;Overig/onbekend hybride;2016 3e kwartaal;499;11;488
6365;Personenauto;Overig/onbekend hybride;2016 oktober;202;7;195
6366;Personenauto;Overig/onbekend hybride;2016 november;196;2;194
6367;Personenauto;Overig/onbekend hybride;2016 december;248;5;243
6368;Personenauto;Overig/onbekend hybride;2016 4e kwartaal;646;14;632
6369;Personenauto;Overig/onbekend hybride;2016;2333;40;2293
6370;Personenauto;Overig/onbekend hybride;2017 januari;256;2;254
6371;Personenauto;Overig/onbekend hybride;2017 februari;210;1;209
6372;Personenauto;Overig/onbekend hybride;2017 maart;291;3;288
6373;Personenauto;Overig/onbekend hybride;2017 1e kwartaal;757;6;751
6374;Personenauto;Overig/onbekend hybride;2017 april;216;1;215
6375;Personenauto;Overig/onbekend hybride;2017 mei;257;5;252
6376;Personenauto;Overig/onbekend hybride;2017 juni;272;0;272
6377;Personenauto;Overig/onbekend hybride;2017 2e kwartaal;745;6;739
6378;Personenauto;Overig/onbekend hybride;2017 juli;248;1;247
6379;Personenauto;Overig/onbekend hybride;2017 augustus;277;2;275
6380;Personenauto;Overig/onbekend hybride;2017 september;292;4;288
6381;Personenauto;Overig/onbekend hybride;2017 3e kwartaal;817;7;810
6382;Personenauto;Overig/onbekend hybride;2017 oktober;311;1;310
6383;Personenauto;Overig/onbekend hybride;2017 november;254;1;253
6384;Personenauto;Overig/onbekend hybride;2017 december;243;0;243
6385;Personenauto;Overig/onbekend hybride;2017 4e kwartaal;808;2;806
6386;Personenauto;Overig/onbekend hybride;2017;3127;21;3106
6387;Personenauto;Overig/onbekend hybride;2018 januari;331;1;330
6388;Personenauto;Overig/onbekend hybride;2018 februari;256;0;256
6389;Personenauto;Overig/onbekend hybride;2018 maart;259;1;258
6390;Personenauto;Overig/onbekend hybride;2018 1e kwartaal;846;2;844
6391;Personenauto;Overig/onbekend hybride;2018 april;208;5;203
6392;Personenauto;Overig/onbekend hybride;2018 mei;214;4;210
6393;Personenauto;Overig/onbekend hybride;2018 juni;223;12;211
6394;Personenauto;Overig/onbekend hybride;2018 2e kwartaal;645;21;624
6395;Personenauto;Overig/onbekend hybride;2018 juli;247;13;234
6396;Personenauto;Overig/onbekend hybride;2018 augustus;238;5;233
6397;Personenauto;Overig/onbekend hybride;2018 september;242;3;239
6398;Personenauto;Overig/onbekend hybride;2018 3e kwartaal;727;21;706
6399;Personenauto;Overig/onbekend hybride;2018 oktober;324;4;320
6400;Personenauto;Overig/onbekend hybride;2018 november;229;3;226
6401;Personenauto;Overig/onbekend hybride;2018 december;307;1;306
6402;Personenauto;Overig/onbekend hybride;2018 4e kwartaal;860;8;852
6403;Personenauto;Overig/onbekend hybride;2018;3078;52;3026
6404;Personenauto;Overig/onbekend hybride;2019 januari;333;0;333
6405;Personenauto;Overig/onbekend hybride;2019 februari;168;0;168
6406;Personenauto;Overig/onbekend hybride;2019 maart;175;1;174
6407;Personenauto;Overig/onbekend hybride;2019 1e kwartaal;676;1;675
6408;Personenauto;Overig/onbekend hybride;2019 april;135;1;134
6409;Personenauto;Overig/onbekend hybride;2019 mei;152;0;152
6410;Personenauto;Overig/onbekend hybride;2019 juni;133;0;133
6411;Personenauto;Overig/onbekend hybride;2019 2e kwartaal;420;1;419
6412;Personenauto;Overig/onbekend hybride;2019 juli;133;3;130
6413;Personenauto;Overig/onbekend hybride;2019 augustus;114;2;112
6414;Personenauto;Overig/onbekend hybride;2019 september;152;0;152
6415;Personenauto;Overig/onbekend hybride;2019 3e kwartaal;399;5;394
6416;Personenauto;Overig/onbekend hybride;2019 oktober;158;0;158
6417;Personenauto;Overig/onbekend hybride;2019 november;166;1;165
6418;Personenauto;Overig/onbekend hybride;2019 december;155;0;155
6419;Personenauto;Overig/onbekend hybride;2019 4e kwartaal;479;1;478
6420;Personenauto;Overig/onbekend hybride;2019;1974;8;1966
6421;Personenauto;Overig/onbekend hybride;2020 januari;207;0;207
6422;Personenauto;Overig/onbekend hybride;2020 februari;156;2;154
6423;Personenauto;Overig/onbekend hybride;2020 maart;103;5;98
6424;Personenauto;Overig/onbekend hybride;2020 1e kwartaal;466;7;459
6425;Personenauto;Overig/onbekend hybride;2020 april;79;1;78
6426;Personenauto;Overig/onbekend hybride;2020 mei;115;0;115
6427;Personenauto;Overig/onbekend hybride;2020 juni;114;3;111
6428;Personenauto;Overig/onbekend hybride;2020 2e kwartaal;308;4;304
6429;Personenauto;Overig/onbekend hybride;2020 juli;150;0;150
6430;Personenauto;Overig/onbekend hybride;2020 augustus;121;0;121
6431;Personenauto;Overig/onbekend hybride;2020 september;161;10;151
6432;Personenauto;Overig/onbekend hybride;2020 3e kwartaal;432;10;422
6433;Personenauto;Overig/onbekend hybride;2020 oktober;182;3;179
6434;Personenauto;Overig/onbekend hybride;2020 november;170;9;161
6435;Personenauto;Overig/onbekend hybride;2020 december;165;3;162
6436;Personenauto;Overig/onbekend hybride;2020 4e kwartaal;517;15;502
6437;Personenauto;Overig/onbekend hybride;2020;1723;36;1687
6438;Personenauto;Overig/onbekend hybride;2021 januari;155;3;152
6439;Personenauto;Overig/onbekend hybride;2021 februari;134;0;134
6440;Personenauto;Overig/onbekend hybride;2021 maart;174;8;166
6441;Personenauto;Overig/onbekend hybride;2021 1e kwartaal;463;11;452
6442;Personenauto;Overig/onbekend hybride;2021 april;144;7;137
6443;Personenauto;Overig/onbekend hybride;2021 mei;151;5;146
6444;Personenauto;Overig/onbekend hybride;2021 juni;156;4;152
6445;Personenauto;Overig/onbekend hybride;2021 2e kwartaal;451;16;435
6446;Personenauto;Overig/onbekend hybride;2021 juli;148;6;142
6447;Personenauto;Overig/onbekend hybride;2021 augustus;174;3;171
6448;Personenauto;Overig/onbekend hybride;2021 september;159;3;156
6449;Personenauto;Overig/onbekend hybride;2021 3e kwartaal;481;12;469
6450;Personenauto;Overig/onbekend hybride;2021 oktober;181;6;175
6451;Personenauto;Overig/onbekend hybride;2021 november;190;5;185
6452;Personenauto;Overig/onbekend hybride;2021 december;175;5;170
6453;Personenauto;Overig/onbekend hybride;2021 4e kwartaal;546;16;530
6454;Personenauto;Overig/onbekend hybride;2021;1941;55;1886
6455;Personenauto;Overig/onbekend hybride;2022 januari;176;6;170
6456;Personenauto;Overig/onbekend hybride;2022 februari;164;11;153
6457;Personenauto;Overig/onbekend hybride;2022 maart;182;10;172
6458;Personenauto;Overig/onbekend hybride;2022 1e kwartaal;522;27;495
6459;Personenauto;Overig/onbekend hybride;2022 april;145;8;137
6460;Personenauto;Overig/onbekend hybride;2022 mei;144;10;134
6461;Personenauto;Overig/onbekend hybride;2022 juni;132;2;130
6462;Personenauto;Overig/onbekend hybride;2022 2e kwartaal;421;20;401
6463;Personenauto;Overig/onbekend hybride;2022 juli;160;7;153
6464;Personenauto;Overig/onbekend hybride;2022 augustus;131;5;126
6465;Personenauto;Overig/onbekend hybride;2022 september;143;8;135
6466;Personenauto;Overig/onbekend hybride;2022 3e kwartaal;434;20;414
6467;Personenauto;Overig/onbekend hybride;2022 oktober;152;5;147
6468;Personenauto;Overig/onbekend hybride;2022 november;123;2;121
6469;Personenauto;Overig/onbekend hybride;2022 december;127;1;126
6470;Personenauto;Overig/onbekend hybride;2022 4e kwartaal;402;8;394
6471;Personenauto;Overig/onbekend hybride;2022;1779;75;1704
6472;Personenauto;Overig/onbekend hybride;2023 januari;156;1;155
6473;Personenauto;Overig/onbekend hybride;2023 februari;161;1;160
6474;Personenauto;Overig/onbekend hybride;2023 maart;174;3;171
6475;Personenauto;Overig/onbekend hybride;2023 1e kwartaal;491;5;486
6476;Personenauto;Overig/onbekend hybride;2023 april;159;1;158
6477;Personenauto;Overig/onbekend hybride;2023 mei;148;1;147
6478;Personenauto;Overig/onbekend hybride;2023 juni;177;4;173
6479;Personenauto;Overig/onbekend hybride;2023 2e kwartaal;484;6;478
6480;Personenauto;Overig/onbekend hybride;2023 juli;159;2;157
6481;Personenauto;Overig/onbekend hybride;2023 augustus;148;4;144
6482;Personenauto;Overig/onbekend hybride;2023 september;143;2;141
6483;Personenauto;Overig/onbekend hybride;2023 3e kwartaal;450;8;442
6484;Personenauto;Overig/onbekend hybride;2023 oktober;152;5;147
6485;Personenauto;Overig/onbekend hybride;2023 november;172;1;171
6486;Personenauto;Overig/onbekend hybride;2023 december;172;3;169
6487;Personenauto;Overig/onbekend hybride;2023 4e kwartaal;496;9;487
6488;Personenauto;Overig/onbekend hybride;2023;1921;28;1893
6489;Personenauto;Overig/onbekend hybride;2024 januari;171;2;169
6490;Personenauto;Overig/onbekend hybride;2024 februari;177;4;173
6491;Personenauto;Overig/onbekend hybride;2024 maart;188;1;187
6492;Personenauto;Overig/onbekend hybride;2024 1e kwartaal;536;7;529
6493;Personenauto;Overig/onbekend hybride;2024 april;166;1;165
6494;Personenauto;Overig/onbekend hybride;2024 mei;154;5;149
6495;Personenauto;Overig/onbekend hybride;2024 juni;173;5;168
6496;Personenauto;Overig/onbekend hybride;2024 2e kwartaal;493;11;482
6497;Personenauto;Overig/onbekend hybride;2024 juli;162;3;159
6498;Personenauto;Overig/onbekend hybride;2024 augustus;156;1;155
6499;Personenauto;Overig/onbekend hybride;2024 september;154;1;153
6500;Personenauto;Overig/onbekend hybride;2024 3e kwartaal;472;5;467
6501;Personenauto;Overig/onbekend hybride;2024 oktober;180;1;179
6502;Personenauto;Overig/onbekend hybride;2024 november;153;2;151
6503;Personenauto;Overig/onbekend hybride;2024 december;166;0;166
6504;Personenauto;Overig/onbekend hybride;2024 4e kwartaal;499;3;496
6505;Personenauto;Overig/onbekend hybride;2024;2000;26;1974
6506;Personenauto;Overig/onbekend hybride;2025 januari;207;1;206
6507;Personenauto;Overig/onbekend hybride;2025 februari;221;2;219
6508;Personenauto;Overig/onbekend hybride;2025 maart;206;10;196
6509;Personenauto;Overig/onbekend hybride;2025 1e kwartaal;634;13;621
6510;Personenauto;Overige/onbekende brandstof;2007 januari;34;34;0
6511;Personenauto;Overige/onbekende brandstof;2007 februari;34;34;0
6512;Personenauto;Overige/onbekende brandstof;2007 maart;6;3;3
6513;Personenauto;Overige/onbekende brandstof;2007 1e kwartaal;74;71;3
6514;Personenauto;Overige/onbekende brandstof;2007 april;1;0;1
6515;Personenauto;Overige/onbekende brandstof;2007 mei;7;3;4
6516;Personenauto;Overige/onbekende brandstof;2007 juni;0;0;0
6517;Personenauto;Overige/onbekende brandstof;2007 2e kwartaal;8;3;5
6518;Personenauto;Overige/onbekende brandstof;2007 juli;5;3;2
6519;Personenauto;Overige/onbekende brandstof;2007 augustus;12;10;2
6520;Personenauto;Overige/onbekende brandstof;2007 september;11;11;0
6521;Personenauto;Overige/onbekende brandstof;2007 3e kwartaal;28;24;4
6522;Personenauto;Overige/onbekende brandstof;2007 oktober;9;3;6
6523;Personenauto;Overige/onbekende brandstof;2007 november;10;8;2
6524;Personenauto;Overige/onbekende brandstof;2007 december;7;2;5
6525;Personenauto;Overige/onbekende brandstof;2007 4e kwartaal;26;13;13
6526;Personenauto;Overige/onbekende brandstof;2007;136;111;25
6527;Personenauto;Overige/onbekende brandstof;2008 januari;15;13;2
6528;Personenauto;Overige/onbekende brandstof;2008 februari;31;25;6
6529;Personenauto;Overige/onbekende brandstof;2008 maart;27;26;1
6530;Personenauto;Overige/onbekende brandstof;2008 1e kwartaal;73;64;9
6531;Personenauto;Overige/onbekende brandstof;2008 april;22;16;6
6532;Personenauto;Overige/onbekende brandstof;2008 mei;18;12;6
6533;Personenauto;Overige/onbekende brandstof;2008 juni;8;3;5
6534;Personenauto;Overige/onbekende brandstof;2008 2e kwartaal;48;31;17
6535;Personenauto;Overige/onbekende brandstof;2008 juli;3;1;2
6536;Personenauto;Overige/onbekende brandstof;2008 augustus;6;3;3
6537;Personenauto;Overige/onbekende brandstof;2008 september;35;29;6
6538;Personenauto;Overige/onbekende brandstof;2008 3e kwartaal;44;33;11
6539;Personenauto;Overige/onbekende brandstof;2008 oktober;19;17;2
6540;Personenauto;Overige/onbekende brandstof;2008 november;9;6;3
6541;Personenauto;Overige/onbekende brandstof;2008 december;8;1;7
6542;Personenauto;Overige/onbekende brandstof;2008 4e kwartaal;36;24;12
6543;Personenauto;Overige/onbekende brandstof;2008;201;152;49
6544;Personenauto;Overige/onbekende brandstof;2009 januari;53;40;13
6545;Personenauto;Overige/onbekende brandstof;2009 februari;32;26;6
6546;Personenauto;Overige/onbekende brandstof;2009 maart;64;56;8
6547;Personenauto;Overige/onbekende brandstof;2009 1e kwartaal;149;122;27
6548;Personenauto;Overige/onbekende brandstof;2009 april;118;116;2
6549;Personenauto;Overige/onbekende brandstof;2009 mei;135;127;8
6550;Personenauto;Overige/onbekende brandstof;2009 juni;153;130;23
6551;Personenauto;Overige/onbekende brandstof;2009 2e kwartaal;406;373;33
6552;Personenauto;Overige/onbekende brandstof;2009 juli;565;529;36
6553;Personenauto;Overige/onbekende brandstof;2009 augustus;260;123;137
6554;Personenauto;Overige/onbekende brandstof;2009 september;231;94;137
6555;Personenauto;Overige/onbekende brandstof;2009 3e kwartaal;1056;746;310
6556;Personenauto;Overige/onbekende brandstof;2009 oktober;145;56;89
6557;Personenauto;Overige/onbekende brandstof;2009 november;60;15;45
6558;Personenauto;Overige/onbekende brandstof;2009 december;57;6;51
6559;Personenauto;Overige/onbekende brandstof;2009 4e kwartaal;262;77;185
6560;Personenauto;Overige/onbekende brandstof;2009;1873;1318;555
6561;Personenauto;Overige/onbekende brandstof;2010 januari;124;81;43
6562;Personenauto;Overige/onbekende brandstof;2010 februari;156;43;113
6563;Personenauto;Overige/onbekende brandstof;2010 maart;168;45;123
6564;Personenauto;Overige/onbekende brandstof;2010 1e kwartaal;448;169;279
6565;Personenauto;Overige/onbekende brandstof;2010 april;145;45;100
6566;Personenauto;Overige/onbekende brandstof;2010 mei;86;35;51
6567;Personenauto;Overige/onbekende brandstof;2010 juni;108;38;70
6568;Personenauto;Overige/onbekende brandstof;2010 2e kwartaal;339;118;221
6569;Personenauto;Overige/onbekende brandstof;2010 juli;79;36;43
6570;Personenauto;Overige/onbekende brandstof;2010 augustus;72;38;34
6571;Personenauto;Overige/onbekende brandstof;2010 september;106;53;53
6572;Personenauto;Overige/onbekende brandstof;2010 3e kwartaal;257;127;130
6573;Personenauto;Overige/onbekende brandstof;2010 oktober;124;71;53
6574;Personenauto;Overige/onbekende brandstof;2010 november;134;100;34
6575;Personenauto;Overige/onbekende brandstof;2010 december;82;21;61
6576;Personenauto;Overige/onbekende brandstof;2010 4e kwartaal;340;192;148
6577;Personenauto;Overige/onbekende brandstof;2010;1384;606;778
6578;Personenauto;Overige/onbekende brandstof;2011 januari;125;77;48
6579;Personenauto;Overige/onbekende brandstof;2011 februari;135;89;46
6580;Personenauto;Overige/onbekende brandstof;2011 maart;156;99;57
6581;Personenauto;Overige/onbekende brandstof;2011 1e kwartaal;416;265;151
6582;Personenauto;Overige/onbekende brandstof;2011 april;165;115;50
6583;Personenauto;Overige/onbekende brandstof;2011 mei;166;110;56
6584;Personenauto;Overige/onbekende brandstof;2011 juni;201;133;68
6585;Personenauto;Overige/onbekende brandstof;2011 2e kwartaal;532;358;174
6586;Personenauto;Overige/onbekende brandstof;2011 juli;193;155;38
6587;Personenauto;Overige/onbekende brandstof;2011 augustus;140;103;37
6588;Personenauto;Overige/onbekende brandstof;2011 september;183;120;63
6589;Personenauto;Overige/onbekende brandstof;2011 3e kwartaal;516;378;138
6590;Personenauto;Overige/onbekende brandstof;2011 oktober;147;91;56
6591;Personenauto;Overige/onbekende brandstof;2011 november;267;206;61
6592;Personenauto;Overige/onbekende brandstof;2011 december;98;30;68
6593;Personenauto;Overige/onbekende brandstof;2011 4e kwartaal;512;327;185
6594;Personenauto;Overige/onbekende brandstof;2011;1976;1328;648
6595;Personenauto;Overige/onbekende brandstof;2012 januari;324;278;46
6596;Personenauto;Overige/onbekende brandstof;2012 februari;179;105;74
6597;Personenauto;Overige/onbekende brandstof;2012 maart;201;132;69
6598;Personenauto;Overige/onbekende brandstof;2012 1e kwartaal;704;515;189
6599;Personenauto;Overige/onbekende brandstof;2012 april;165;77;88
6600;Personenauto;Overige/onbekende brandstof;2012 mei;144;66;78
6601;Personenauto;Overige/onbekende brandstof;2012 juni;156;69;87
6602;Personenauto;Overige/onbekende brandstof;2012 2e kwartaal;465;212;253
6603;Personenauto;Overige/onbekende brandstof;2012 juli;205;49;156
6604;Personenauto;Overige/onbekende brandstof;2012 augustus;170;76;94
6605;Personenauto;Overige/onbekende brandstof;2012 september;144;35;109
6606;Personenauto;Overige/onbekende brandstof;2012 3e kwartaal;519;160;359
6607;Personenauto;Overige/onbekende brandstof;2012 oktober;168;41;127
6608;Personenauto;Overige/onbekende brandstof;2012 november;223;87;136
6609;Personenauto;Overige/onbekende brandstof;2012 december;316;172;144
6610;Personenauto;Overige/onbekende brandstof;2012 4e kwartaal;707;300;407
6611;Personenauto;Overige/onbekende brandstof;2012;2395;1187;1208
6612;Personenauto;Overige/onbekende brandstof;2013 januari;208;82;126
6613;Personenauto;Overige/onbekende brandstof;2013 februari;204;91;113
6614;Personenauto;Overige/onbekende brandstof;2013 maart;214;42;172
6615;Personenauto;Overige/onbekende brandstof;2013 1e kwartaal;626;215;411
6616;Personenauto;Overige/onbekende brandstof;2013 april;174;55;119
6617;Personenauto;Overige/onbekende brandstof;2013 mei;160;34;126
6618;Personenauto;Overige/onbekende brandstof;2013 juni;137;31;106
6619;Personenauto;Overige/onbekende brandstof;2013 2e kwartaal;471;120;351
6620;Personenauto;Overige/onbekende brandstof;2013 juli;153;18;135
6621;Personenauto;Overige/onbekende brandstof;2013 augustus;137;21;116
6622;Personenauto;Overige/onbekende brandstof;2013 september;168;59;109
6623;Personenauto;Overige/onbekende brandstof;2013 3e kwartaal;458;98;360
6624;Personenauto;Overige/onbekende brandstof;2013 oktober;170;35;135
6625;Personenauto;Overige/onbekende brandstof;2013 november;195;51;144
6626;Personenauto;Overige/onbekende brandstof;2013 december;187;29;158
6627;Personenauto;Overige/onbekende brandstof;2013 4e kwartaal;552;115;437
6628;Personenauto;Overige/onbekende brandstof;2013;2107;548;1559
6629;Personenauto;Overige/onbekende brandstof;2014 januari;215;69;146
6630;Personenauto;Overige/onbekende brandstof;2014 februari;160;51;109
6631;Personenauto;Overige/onbekende brandstof;2014 maart;308;167;141
6632;Personenauto;Overige/onbekende brandstof;2014 1e kwartaal;683;287;396
6633;Personenauto;Overige/onbekende brandstof;2014 april;385;263;122
6634;Personenauto;Overige/onbekende brandstof;2014 mei;415;270;145
6635;Personenauto;Overige/onbekende brandstof;2014 juni;422;266;156
6636;Personenauto;Overige/onbekende brandstof;2014 2e kwartaal;1222;799;423
6637;Personenauto;Overige/onbekende brandstof;2014 juli;535;349;186
6638;Personenauto;Overige/onbekende brandstof;2014 augustus;339;213;126
6639;Personenauto;Overige/onbekende brandstof;2014 september;386;258;128
6640;Personenauto;Overige/onbekende brandstof;2014 3e kwartaal;1260;820;440
6641;Personenauto;Overige/onbekende brandstof;2014 oktober;477;294;183
6642;Personenauto;Overige/onbekende brandstof;2014 november;412;213;199
6643;Personenauto;Overige/onbekende brandstof;2014 december;984;813;171
6644;Personenauto;Overige/onbekende brandstof;2014 4e kwartaal;1873;1320;553
6645;Personenauto;Overige/onbekende brandstof;2014;5038;3226;1812
6646;Personenauto;Overige/onbekende brandstof;2015 januari;377;127;250
6647;Personenauto;Overige/onbekende brandstof;2015 februari;302;22;280
6648;Personenauto;Overige/onbekende brandstof;2015 maart;332;40;292
6649;Personenauto;Overige/onbekende brandstof;2015 1e kwartaal;1011;189;822
6650;Personenauto;Overige/onbekende brandstof;2015 april;276;30;246
6651;Personenauto;Overige/onbekende brandstof;2015 mei;225;43;182
6652;Personenauto;Overige/onbekende brandstof;2015 juni;312;61;251
6653;Personenauto;Overige/onbekende brandstof;2015 2e kwartaal;813;134;679
6654;Personenauto;Overige/onbekende brandstof;2015 juli;269;47;222
6655;Personenauto;Overige/onbekende brandstof;2015 augustus;242;64;178
6656;Personenauto;Overige/onbekende brandstof;2015 september;272;55;217
6657;Personenauto;Overige/onbekende brandstof;2015 3e kwartaal;783;166;617
6658;Personenauto;Overige/onbekende brandstof;2015 oktober;291;76;215
6659;Personenauto;Overige/onbekende brandstof;2015 november;341;37;304
6660;Personenauto;Overige/onbekende brandstof;2015 december;345;99;246
6661;Personenauto;Overige/onbekende brandstof;2015 4e kwartaal;977;212;765
6662;Personenauto;Overige/onbekende brandstof;2015;3584;701;2883
6663;Personenauto;Overige/onbekende brandstof;2016 januari;285;31;254
6664;Personenauto;Overige/onbekende brandstof;2016 februari;281;16;265
6665;Personenauto;Overige/onbekende brandstof;2016 maart;298;30;268
6666;Personenauto;Overige/onbekende brandstof;2016 1e kwartaal;864;77;787
6667;Personenauto;Overige/onbekende brandstof;2016 april;234;31;203
6668;Personenauto;Overige/onbekende brandstof;2016 mei;284;18;266
6669;Personenauto;Overige/onbekende brandstof;2016 juni;298;42;256
6670;Personenauto;Overige/onbekende brandstof;2016 2e kwartaal;816;91;725
6671;Personenauto;Overige/onbekende brandstof;2016 juli;318;22;296
6672;Personenauto;Overige/onbekende brandstof;2016 augustus;444;94;350
6673;Personenauto;Overige/onbekende brandstof;2016 september;329;88;241
6674;Personenauto;Overige/onbekende brandstof;2016 3e kwartaal;1091;204;887
6675;Personenauto;Overige/onbekende brandstof;2016 oktober;293;47;246
6676;Personenauto;Overige/onbekende brandstof;2016 november;367;109;258
6677;Personenauto;Overige/onbekende brandstof;2016 december;400;138;262
6678;Personenauto;Overige/onbekende brandstof;2016 4e kwartaal;1060;294;766
6679;Personenauto;Overige/onbekende brandstof;2016;3831;666;3165
6680;Personenauto;Overige/onbekende brandstof;2017 januari;415;70;345
6681;Personenauto;Overige/onbekende brandstof;2017 februari;413;13;400
6682;Personenauto;Overige/onbekende brandstof;2017 maart;406;31;375
6683;Personenauto;Overige/onbekende brandstof;2017 1e kwartaal;1234;114;1120
6684;Personenauto;Overige/onbekende brandstof;2017 april;451;108;343
6685;Personenauto;Overige/onbekende brandstof;2017 mei;481;88;393
6686;Personenauto;Overige/onbekende brandstof;2017 juni;570;149;421
6687;Personenauto;Overige/onbekende brandstof;2017 2e kwartaal;1502;345;1157
6688;Personenauto;Overige/onbekende brandstof;2017 juli;624;222;402
6689;Personenauto;Overige/onbekende brandstof;2017 augustus;694;376;318
6690;Personenauto;Overige/onbekende brandstof;2017 september;368;74;294
6691;Personenauto;Overige/onbekende brandstof;2017 3e kwartaal;1686;672;1014
6692;Personenauto;Overige/onbekende brandstof;2017 oktober;373;49;324
6693;Personenauto;Overige/onbekende brandstof;2017 november;427;87;340
6694;Personenauto;Overige/onbekende brandstof;2017 december;284;8;276
6695;Personenauto;Overige/onbekende brandstof;2017 4e kwartaal;1084;144;940
6696;Personenauto;Overige/onbekende brandstof;2017;5506;1275;4231
6697;Personenauto;Overige/onbekende brandstof;2018 januari;444;73;371
6698;Personenauto;Overige/onbekende brandstof;2018 februari;512;212;300
6699;Personenauto;Overige/onbekende brandstof;2018 maart;450;100;350
6700;Personenauto;Overige/onbekende brandstof;2018 1e kwartaal;1406;385;1021
6701;Personenauto;Overige/onbekende brandstof;2018 april;337;73;264
6702;Personenauto;Overige/onbekende brandstof;2018 mei;408;71;337
6703;Personenauto;Overige/onbekende brandstof;2018 juni;454;94;360
6704;Personenauto;Overige/onbekende brandstof;2018 2e kwartaal;1199;238;961
6705;Personenauto;Overige/onbekende brandstof;2018 juli;639;223;416
6706;Personenauto;Overige/onbekende brandstof;2018 augustus;493;125;368
6707;Personenauto;Overige/onbekende brandstof;2018 september;352;7;345
6708;Personenauto;Overige/onbekende brandstof;2018 3e kwartaal;1484;355;1129
6709;Personenauto;Overige/onbekende brandstof;2018 oktober;432;20;412
6710;Personenauto;Overige/onbekende brandstof;2018 november;337;5;332
6711;Personenauto;Overige/onbekende brandstof;2018 december;323;3;320
6712;Personenauto;Overige/onbekende brandstof;2018 4e kwartaal;1092;28;1064
6713;Personenauto;Overige/onbekende brandstof;2018;5181;1006;4175
6714;Personenauto;Overige/onbekende brandstof;2019 januari;433;16;417
6715;Personenauto;Overige/onbekende brandstof;2019 februari;396;25;371
6716;Personenauto;Overige/onbekende brandstof;2019 maart;390;23;367
6717;Personenauto;Overige/onbekende brandstof;2019 1e kwartaal;1219;64;1155
6718;Personenauto;Overige/onbekende brandstof;2019 april;388;21;367
6719;Personenauto;Overige/onbekende brandstof;2019 mei;488;56;432
6720;Personenauto;Overige/onbekende brandstof;2019 juni;345;25;320
6721;Personenauto;Overige/onbekende brandstof;2019 2e kwartaal;1221;102;1119
6722;Personenauto;Overige/onbekende brandstof;2019 juli;462;40;422
6723;Personenauto;Overige/onbekende brandstof;2019 augustus;407;35;372
6724;Personenauto;Overige/onbekende brandstof;2019 september;424;24;400
6725;Personenauto;Overige/onbekende brandstof;2019 3e kwartaal;1293;99;1194
6726;Personenauto;Overige/onbekende brandstof;2019 oktober;480;69;411
6727;Personenauto;Overige/onbekende brandstof;2019 november;397;30;367
6728;Personenauto;Overige/onbekende brandstof;2019 december;486;87;399
6729;Personenauto;Overige/onbekende brandstof;2019 4e kwartaal;1363;186;1177
6730;Personenauto;Overige/onbekende brandstof;2019;5096;451;4645
6731;Personenauto;Overige/onbekende brandstof;2020 januari;513;18;495
6732;Personenauto;Overige/onbekende brandstof;2020 februari;373;13;360
6733;Personenauto;Overige/onbekende brandstof;2020 maart;466;22;444
6734;Personenauto;Overige/onbekende brandstof;2020 1e kwartaal;1352;53;1299
6735;Personenauto;Overige/onbekende brandstof;2020 april;284;7;277
6736;Personenauto;Overige/onbekende brandstof;2020 mei;290;4;286
6737;Personenauto;Overige/onbekende brandstof;2020 juni;363;12;351
6738;Personenauto;Overige/onbekende brandstof;2020 2e kwartaal;937;23;914
6739;Personenauto;Overige/onbekende brandstof;2020 juli;347;15;332
6740;Personenauto;Overige/onbekende brandstof;2020 augustus;294;11;283
6741;Personenauto;Overige/onbekende brandstof;2020 september;318;22;296
6742;Personenauto;Overige/onbekende brandstof;2020 3e kwartaal;959;48;911
6743;Personenauto;Overige/onbekende brandstof;2020 oktober;341;10;331
6744;Personenauto;Overige/onbekende brandstof;2020 november;359;20;339
6745;Personenauto;Overige/onbekende brandstof;2020 december;402;53;349
6746;Personenauto;Overige/onbekende brandstof;2020 4e kwartaal;1102;83;1019
6747;Personenauto;Overige/onbekende brandstof;2020;4350;207;4143
6748;Personenauto;Overige/onbekende brandstof;2021 januari;304;11;293
6749;Personenauto;Overige/onbekende brandstof;2021 februari;236;2;234
6750;Personenauto;Overige/onbekende brandstof;2021 maart;357;24;333
6751;Personenauto;Overige/onbekende brandstof;2021 1e kwartaal;897;37;860
6752;Personenauto;Overige/onbekende brandstof;2021 april;324;8;316
6753;Personenauto;Overige/onbekende brandstof;2021 mei;292;5;287
6754;Personenauto;Overige/onbekende brandstof;2021 juni;317;21;296
6755;Personenauto;Overige/onbekende brandstof;2021 2e kwartaal;933;34;899
6756;Personenauto;Overige/onbekende brandstof;2021 juli;367;15;352
6757;Personenauto;Overige/onbekende brandstof;2021 augustus;318;7;311
6758;Personenauto;Overige/onbekende brandstof;2021 september;341;8;333
6759;Personenauto;Overige/onbekende brandstof;2021 3e kwartaal;1026;30;996
6760;Personenauto;Overige/onbekende brandstof;2021 oktober;321;10;311
6761;Personenauto;Overige/onbekende brandstof;2021 november;361;11;350
6762;Personenauto;Overige/onbekende brandstof;2021 december;330;39;291
6763;Personenauto;Overige/onbekende brandstof;2021 4e kwartaal;1012;60;952
6764;Personenauto;Overige/onbekende brandstof;2021;3868;161;3707
6765;Personenauto;Overige/onbekende brandstof;2022 januari;415;7;408
6766;Personenauto;Overige/onbekende brandstof;2022 februari;299;3;296
6767;Personenauto;Overige/onbekende brandstof;2022 maart;308;5;303
6768;Personenauto;Overige/onbekende brandstof;2022 1e kwartaal;1022;15;1007
6769;Personenauto;Overige/onbekende brandstof;2022 april;284;7;277
6770;Personenauto;Overige/onbekende brandstof;2022 mei;395;8;387
6771;Personenauto;Overige/onbekende brandstof;2022 juni;430;51;379
6772;Personenauto;Overige/onbekende brandstof;2022 2e kwartaal;1109;66;1043
6773;Personenauto;Overige/onbekende brandstof;2022 juli;326;1;325
6774;Personenauto;Overige/onbekende brandstof;2022 augustus;276;3;273
6775;Personenauto;Overige/onbekende brandstof;2022 september;254;8;246
6776;Personenauto;Overige/onbekende brandstof;2022 3e kwartaal;856;12;844
6777;Personenauto;Overige/onbekende brandstof;2022 oktober;309;9;300
6778;Personenauto;Overige/onbekende brandstof;2022 november;353;2;351
6779;Personenauto;Overige/onbekende brandstof;2022 december;334;2;332
6780;Personenauto;Overige/onbekende brandstof;2022 4e kwartaal;996;13;983
6781;Personenauto;Overige/onbekende brandstof;2022;3983;106;3877
6782;Personenauto;Overige/onbekende brandstof;2023 januari;304;3;301
6783;Personenauto;Overige/onbekende brandstof;2023 februari;258;1;257
6784;Personenauto;Overige/onbekende brandstof;2023 maart;284;4;280
6785;Personenauto;Overige/onbekende brandstof;2023 1e kwartaal;846;8;838
6786;Personenauto;Overige/onbekende brandstof;2023 april;292;1;291
6787;Personenauto;Overige/onbekende brandstof;2023 mei;281;6;275
6788;Personenauto;Overige/onbekende brandstof;2023 juni;386;29;357
6789;Personenauto;Overige/onbekende brandstof;2023 2e kwartaal;959;36;923
6790;Personenauto;Overige/onbekende brandstof;2023 juli;435;1;434
6791;Personenauto;Overige/onbekende brandstof;2023 augustus;319;0;319
6792;Personenauto;Overige/onbekende brandstof;2023 september;320;0;320
6793;Personenauto;Overige/onbekende brandstof;2023 3e kwartaal;1074;1;1073
6794;Personenauto;Overige/onbekende brandstof;2023 oktober;342;0;342
6795;Personenauto;Overige/onbekende brandstof;2023 november;331;0;331
6796;Personenauto;Overige/onbekende brandstof;2023 december;371;0;371
6797;Personenauto;Overige/onbekende brandstof;2023 4e kwartaal;1044;0;1044
6798;Personenauto;Overige/onbekende brandstof;2023;3923;45;3878
6799;Personenauto;Overige/onbekende brandstof;2024 januari;347;0;347
6800;Personenauto;Overige/onbekende brandstof;2024 februari;303;0;303
6801;Personenauto;Overige/onbekende brandstof;2024 maart;317;0;317
6802;Personenauto;Overige/onbekende brandstof;2024 1e kwartaal;967;0;967
6803;Personenauto;Overige/onbekende brandstof;2024 april;292;0;292
6804;Personenauto;Overige/onbekende brandstof;2024 mei;284;0;284
6805;Personenauto;Overige/onbekende brandstof;2024 juni;341;0;341
6806;Personenauto;Overige/onbekende brandstof;2024 2e kwartaal;917;0;917
6807;Personenauto;Overige/onbekende brandstof;2024 juli;360;0;360
6808;Personenauto;Overige/onbekende brandstof;2024 augustus;329;0;329
6809;Personenauto;Overige/onbekende brandstof;2024 september;314;0;314
6810;Personenauto;Overige/onbekende brandstof;2024 3e kwartaal;1003;0;1003
6811;Personenauto;Overige/onbekende brandstof;2024 oktober;366;0;366
6812;Personenauto;Overige/onbekende brandstof;2024 november;404;0;404
6813;Personenauto;Overige/onbekende brandstof;2024 december;314;0;314
6814;Personenauto;Overige/onbekende brandstof;2024 4e kwartaal;1084;0;1084
6815;Personenauto;Overige/onbekende brandstof;2024;3971;0;3971
6816;Personenauto;Overige/onbekende brandstof;2025 januari;399;0;399
6817;Personenauto;Overige/onbekende brandstof;2025 februari;367;0;367
6818;Personenauto;Overige/onbekende brandstof;2025 maart;415;0;415
6819;Personenauto;Overige/onbekende brandstof;2025 1e kwartaal;1181;0;1181
6820;Bestelauto;Totaal;2007 januari;35326;9924;25402
6821;Bestelauto;Totaal;2007 februari;30968;6768;24200
6822;Bestelauto;Totaal;2007 maart;33385;7441;25944
6823;Bestelauto;Totaal;2007 1e kwartaal;99679;24133;75546
6824;Bestelauto;Totaal;2007 april;28293;6390;21903
6825;Bestelauto;Totaal;2007 mei;29701;6855;22846
6826;Bestelauto;Totaal;2007 juni;34131;7659;26472
6827;Bestelauto;Totaal;2007 2e kwartaal;92125;20904;71221
6828;Bestelauto;Totaal;2007 juli;31109;6594;24515
6829;Bestelauto;Totaal;2007 augustus;29794;6847;22947
6830;Bestelauto;Totaal;2007 september;30221;6356;23865
6831;Bestelauto;Totaal;2007 3e kwartaal;91124;19797;71327
6832;Bestelauto;Totaal;2007 oktober;32227;7359;24868
6833;Bestelauto;Totaal;2007 november;31790;6930;24860
6834;Bestelauto;Totaal;2007 december;22087;1716;20371
6835;Bestelauto;Totaal;2007 4e kwartaal;86104;16005;70099
6836;Bestelauto;Totaal;2007;369032;80839;288193
6837;Bestelauto;Totaal;2008 januari;37432;11804;25628
6838;Bestelauto;Totaal;2008 februari;34696;8382;26314
6839;Bestelauto;Totaal;2008 maart;33438;8137;25301
6840;Bestelauto;Totaal;2008 1e kwartaal;105566;28323;77243
6841;Bestelauto;Totaal;2008 april;33367;7696;25671
6842;Bestelauto;Totaal;2008 mei;30528;7508;23020
6843;Bestelauto;Totaal;2008 juni;32019;8170;23849
6844;Bestelauto;Totaal;2008 2e kwartaal;95914;23374;72540
6845;Bestelauto;Totaal;2008 juli;29976;6458;23518
6846;Bestelauto;Totaal;2008 augustus;28038;6148;21890
6847;Bestelauto;Totaal;2008 september;31639;6554;25085
6848;Bestelauto;Totaal;2008 3e kwartaal;89653;19160;70493
6849;Bestelauto;Totaal;2008 oktober;32342;6894;25448
6850;Bestelauto;Totaal;2008 november;27467;5348;22119
6851;Bestelauto;Totaal;2008 december;22291;1639;20652
6852;Bestelauto;Totaal;2008 4e kwartaal;82100;13881;68219
6853;Bestelauto;Totaal;2008;373233;84738;288495
6854;Bestelauto;Totaal;2009 januari;33388;9189;24199
6855;Bestelauto;Totaal;2009 februari;27731;5049;22682
6856;Bestelauto;Totaal;2009 maart;31350;5293;26057
6857;Bestelauto;Totaal;2009 1e kwartaal;92469;19531;72938
6858;Bestelauto;Totaal;2009 april;27040;4168;22872
6859;Bestelauto;Totaal;2009 mei;26120;3864;22256
6860;Bestelauto;Totaal;2009 juni;27661;4260;23401
6861;Bestelauto;Totaal;2009 2e kwartaal;80821;12292;68529
6862;Bestelauto;Totaal;2009 juli;26916;3775;23141
6863;Bestelauto;Totaal;2009 augustus;22525;3068;19457
6864;Bestelauto;Totaal;2009 september;27158;4125;23033
6865;Bestelauto;Totaal;2009 3e kwartaal;76599;10968;65631
6866;Bestelauto;Totaal;2009 oktober;28407;3890;24517
6867;Bestelauto;Totaal;2009 november;26770;3423;23347
6868;Bestelauto;Totaal;2009 december;22750;1227;21523
6869;Bestelauto;Totaal;2009 4e kwartaal;77927;8540;69387
6870;Bestelauto;Totaal;2009;327816;51331;276485
6871;Bestelauto;Totaal;2010 januari;28158;5987;22171
6872;Bestelauto;Totaal;2010 februari;26976;4064;22912
6873;Bestelauto;Totaal;2010 maart;31961;5151;26810
6874;Bestelauto;Totaal;2010 1e kwartaal;87095;15202;71893
6875;Bestelauto;Totaal;2010 april;27984;4027;23957
6876;Bestelauto;Totaal;2010 mei;25528;3531;21997
6877;Bestelauto;Totaal;2010 juni;28781;4819;23962
6878;Bestelauto;Totaal;2010 2e kwartaal;82293;12377;69916
6879;Bestelauto;Totaal;2010 juli;25730;3856;21874
6880;Bestelauto;Totaal;2010 augustus;24268;3585;20683
6881;Bestelauto;Totaal;2010 september;28718;4323;24395
6882;Bestelauto;Totaal;2010 3e kwartaal;78716;11764;66952
6883;Bestelauto;Totaal;2010 oktober;28903;4154;24749
6884;Bestelauto;Totaal;2010 november;28143;4657;23486
6885;Bestelauto;Totaal;2010 december;24102;1462;22640
6886;Bestelauto;Totaal;2010 4e kwartaal;81148;10273;70875
6887;Bestelauto;Totaal;2010;329252;49616;279636
6888;Bestelauto;Totaal;2011 januari;31820;7779;24041
6889;Bestelauto;Totaal;2011 februari;29778;5063;24715
6890;Bestelauto;Totaal;2011 maart;32157;6083;26074
6891;Bestelauto;Totaal;2011 1e kwartaal;93755;18925;74830
6892;Bestelauto;Totaal;2011 april;28119;4779;23340
6893;Bestelauto;Totaal;2011 mei;28584;4989;23595
6894;Bestelauto;Totaal;2011 juni;27154;4902;22252
6895;Bestelauto;Totaal;2011 2e kwartaal;83857;14670;69187
6896;Bestelauto;Totaal;2011 juli;26303;4142;22161
6897;Bestelauto;Totaal;2011 augustus;24800;4104;20696
6898;Bestelauto;Totaal;2011 september;27253;4595;22658
6899;Bestelauto;Totaal;2011 3e kwartaal;78356;12841;65515
6900;Bestelauto;Totaal;2011 oktober;27020;5036;21984
6901;Bestelauto;Totaal;2011 november;28275;5412;22863
6902;Bestelauto;Totaal;2011 december;23797;1786;22011
6903;Bestelauto;Totaal;2011 4e kwartaal;79092;12234;66858
6904;Bestelauto;Totaal;2011;335060;58670;276390
6905;Bestelauto;Totaal;2012 januari;32198;8395;23803
6906;Bestelauto;Totaal;2012 februari;28094;5291;22803
6907;Bestelauto;Totaal;2012 maart;31411;6116;25295
6908;Bestelauto;Totaal;2012 1e kwartaal;91703;19802;71901
6909;Bestelauto;Totaal;2012 april;26013;4205;21808
6910;Bestelauto;Totaal;2012 mei;26898;4613;22285
6911;Bestelauto;Totaal;2012 juni;28882;5295;23587
6912;Bestelauto;Totaal;2012 2e kwartaal;81793;14113;67680
6913;Bestelauto;Totaal;2012 juli;29842;4285;25557
6914;Bestelauto;Totaal;2012 augustus;25524;4535;20989
6915;Bestelauto;Totaal;2012 september;24873;3828;21045
6916;Bestelauto;Totaal;2012 3e kwartaal;80239;12648;67591
6917;Bestelauto;Totaal;2012 oktober;27407;4353;23054
6918;Bestelauto;Totaal;2012 november;26129;4086;22043
6919;Bestelauto;Totaal;2012 december;20135;1512;18623
6920;Bestelauto;Totaal;2012 4e kwartaal;73671;9951;63720
6921;Bestelauto;Totaal;2012;327406;56514;270892
6922;Bestelauto;Totaal;2013 januari;29975;6743;23232
6923;Bestelauto;Totaal;2013 februari;27208;4159;23049
6924;Bestelauto;Totaal;2013 maart;28854;5105;23749
6925;Bestelauto;Totaal;2013 1e kwartaal;86037;16007;70030
6926;Bestelauto;Totaal;2013 april;25936;4283;21653
6927;Bestelauto;Totaal;2013 mei;26041;4018;22023
6928;Bestelauto;Totaal;2013 juni;26425;4207;22218
6929;Bestelauto;Totaal;2013 2e kwartaal;78402;12508;65894
6930;Bestelauto;Totaal;2013 juli;25549;3949;21600
6931;Bestelauto;Totaal;2013 augustus;23119;3409;19710
6932;Bestelauto;Totaal;2013 september;24674;3701;20973
6933;Bestelauto;Totaal;2013 3e kwartaal;73342;11059;62283
6934;Bestelauto;Totaal;2013 oktober;26895;4159;22736
6935;Bestelauto;Totaal;2013 november;25964;4208;21756
6936;Bestelauto;Totaal;2013 december;24320;2627;21693
6937;Bestelauto;Totaal;2013 4e kwartaal;77179;10994;66185
6938;Bestelauto;Totaal;2013;314960;50568;264392
6939;Bestelauto;Totaal;2014 januari;30155;6229;23926
6940;Bestelauto;Totaal;2014 februari;26694;4432;22262
6941;Bestelauto;Totaal;2014 maart;27608;4986;22622
6942;Bestelauto;Totaal;2014 1e kwartaal;84457;15647;68810
6943;Bestelauto;Totaal;2014 april;26400;4226;22174
6944;Bestelauto;Totaal;2014 mei;26180;4349;21831
6945;Bestelauto;Totaal;2014 juni;24900;4688;20212
6946;Bestelauto;Totaal;2014 2e kwartaal;77480;13263;64217
6947;Bestelauto;Totaal;2014 juli;26470;4002;22468
6948;Bestelauto;Totaal;2014 augustus;21572;3381;18191
6949;Bestelauto;Totaal;2014 september;25649;4250;21399
6950;Bestelauto;Totaal;2014 3e kwartaal;73691;11633;62058
6951;Bestelauto;Totaal;2014 oktober;26639;4154;22485
6952;Bestelauto;Totaal;2014 november;24319;4350;19969
6953;Bestelauto;Totaal;2014 december;22795;2714;20081
6954;Bestelauto;Totaal;2014 4e kwartaal;73753;11218;62535
6955;Bestelauto;Totaal;2014;309381;51761;257620
6956;Bestelauto;Totaal;2015 januari;28623;6406;22217
6957;Bestelauto;Totaal;2015 februari;25136;4574;20562
6958;Bestelauto;Totaal;2015 maart;29280;5895;23385
6959;Bestelauto;Totaal;2015 1e kwartaal;83039;16875;66164
6960;Bestelauto;Totaal;2015 april;26140;4618;21522
6961;Bestelauto;Totaal;2015 mei;25052;4805;20247
6962;Bestelauto;Totaal;2015 juni;28639;5901;22738
6963;Bestelauto;Totaal;2015 2e kwartaal;79831;15324;64507
6964;Bestelauto;Totaal;2015 juli;26056;4323;21733
6965;Bestelauto;Totaal;2015 augustus;21781;3686;18095
6966;Bestelauto;Totaal;2015 september;26669;4805;21864
6967;Bestelauto;Totaal;2015 3e kwartaal;74506;12814;61692
6968;Bestelauto;Totaal;2015 oktober;26712;4496;22216
6969;Bestelauto;Totaal;2015 november;26109;4781;21328
6970;Bestelauto;Totaal;2015 december;25571;3406;22165
6971;Bestelauto;Totaal;2015 4e kwartaal;78392;12683;65709
6972;Bestelauto;Totaal;2015;315768;57696;258072
6973;Bestelauto;Totaal;2016 januari;29413;7389;22024
6974;Bestelauto;Totaal;2016 februari;29701;6306;23395
6975;Bestelauto;Totaal;2016 maart;31735;7646;24089
6976;Bestelauto;Totaal;2016 1e kwartaal;90849;21341;69508
6977;Bestelauto;Totaal;2016 april;29688;5957;23731
6978;Bestelauto;Totaal;2016 mei;27535;5671;21864
6979;Bestelauto;Totaal;2016 juni;31767;7490;24277
6980;Bestelauto;Totaal;2016 2e kwartaal;88990;19118;69872
6981;Bestelauto;Totaal;2016 juli;27301;5076;22225
6982;Bestelauto;Totaal;2016 augustus;24002;4625;19377
6983;Bestelauto;Totaal;2016 september;28501;5318;23183
6984;Bestelauto;Totaal;2016 3e kwartaal;79804;15019;64785
6985;Bestelauto;Totaal;2016 oktober;29117;5458;23659
6986;Bestelauto;Totaal;2016 november;29702;5984;23718
6987;Bestelauto;Totaal;2016 december;27136;3509;23627
6988;Bestelauto;Totaal;2016 4e kwartaal;85955;14951;71004
6989;Bestelauto;Totaal;2016;345598;70429;275169
6990;Bestelauto;Totaal;2017 januari;33866;8586;25280
6991;Bestelauto;Totaal;2017 februari;29960;6033;23927
6992;Bestelauto;Totaal;2017 maart;35055;8220;26835
6993;Bestelauto;Totaal;2017 1e kwartaal;98881;22839;76042
6994;Bestelauto;Totaal;2017 april;26924;5036;21888
6995;Bestelauto;Totaal;2017 mei;29976;6237;23739
6996;Bestelauto;Totaal;2017 juni;30865;7442;23423
6997;Bestelauto;Totaal;2017 2e kwartaal;87765;18715;69050
6998;Bestelauto;Totaal;2017 juli;28541;5268;23273
6999;Bestelauto;Totaal;2017 augustus;26292;5104;21188
7000;Bestelauto;Totaal;2017 september;29475;5928;23547
7001;Bestelauto;Totaal;2017 3e kwartaal;84308;16300;68008
7002;Bestelauto;Totaal;2017 oktober;29773;5913;23860
7003;Bestelauto;Totaal;2017 november;30629;6225;24404
7004;Bestelauto;Totaal;2017 december;24897;3477;21420
7005;Bestelauto;Totaal;2017 4e kwartaal;85299;15615;69684
7006;Bestelauto;Totaal;2017;356253;73469;282784
7007;Bestelauto;Totaal;2018 januari;34499;9033;25466
7008;Bestelauto;Totaal;2018 februari;29842;6439;23403
7009;Bestelauto;Totaal;2018 maart;34113;7816;26297
7010;Bestelauto;Totaal;2018 1e kwartaal;98454;23288;75166
7011;Bestelauto;Totaal;2018 april;28635;6198;22437
7012;Bestelauto;Totaal;2018 mei;30294;6756;23538
7013;Bestelauto;Totaal;2018 juni;31869;7709;24160
7014;Bestelauto;Totaal;2018 2e kwartaal;90798;20663;70135
7015;Bestelauto;Totaal;2018 juli;30536;5750;24786
7016;Bestelauto;Totaal;2018 augustus;26762;5493;21269
7017;Bestelauto;Totaal;2018 september;28740;5980;22760
7018;Bestelauto;Totaal;2018 3e kwartaal;86038;17223;68815
7019;Bestelauto;Totaal;2018 oktober;32599;6986;25613
7020;Bestelauto;Totaal;2018 november;31726;7185;24541
7021;Bestelauto;Totaal;2018 december;25289;3828;21461
7022;Bestelauto;Totaal;2018 4e kwartaal;89614;17999;71615
7023;Bestelauto;Totaal;2018;364904;79173;285731
7024;Bestelauto;Totaal;2019 januari;35408;9212;26196
7025;Bestelauto;Totaal;2019 februari;31192;6541;24651
7026;Bestelauto;Totaal;2019 maart;32483;7640;24843
7027;Bestelauto;Totaal;2019 1e kwartaal;99083;23393;75690
7028;Bestelauto;Totaal;2019 april;30017;6282;23735
7029;Bestelauto;Totaal;2019 mei;33037;6818;26219
7030;Bestelauto;Totaal;2019 juni;29317;7643;21674
7031;Bestelauto;Totaal;2019 2e kwartaal;92371;20743;71628
7032;Bestelauto;Totaal;2019 juli;30398;5728;24670
7033;Bestelauto;Totaal;2019 augustus;27054;5972;21082
7034;Bestelauto;Totaal;2019 september;28203;5189;23014
7035;Bestelauto;Totaal;2019 3e kwartaal;85655;16889;68766
7036;Bestelauto;Totaal;2019 oktober;31376;5276;26100
7037;Bestelauto;Totaal;2019 november;33095;6047;27048
7038;Bestelauto;Totaal;2019 december;27127;3903;23224
7039;Bestelauto;Totaal;2019 4e kwartaal;91598;15226;76372
7040;Bestelauto;Totaal;2019;368707;76251;292456
7041;Bestelauto;Totaal;2020 januari;33699;7145;26554
7042;Bestelauto;Totaal;2020 februari;30468;5545;24923
7043;Bestelauto;Totaal;2020 maart;29960;6285;23675
7044;Bestelauto;Totaal;2020 1e kwartaal;94127;18975;75152
7045;Bestelauto;Totaal;2020 april;24609;3958;20651
7046;Bestelauto;Totaal;2020 mei;28784;3342;25442
7047;Bestelauto;Totaal;2020 juni;29784;4113;25671
7048;Bestelauto;Totaal;2020 2e kwartaal;83177;11413;71764
7049;Bestelauto;Totaal;2020 juli;31058;5119;25939
7050;Bestelauto;Totaal;2020 augustus;25651;4886;20765
7051;Bestelauto;Totaal;2020 september;30201;5314;24887
7052;Bestelauto;Totaal;2020 3e kwartaal;86910;15319;71591
7053;Bestelauto;Totaal;2020 oktober;31706;5413;26293
7054;Bestelauto;Totaal;2020 november;30307;5712;24595
7055;Bestelauto;Totaal;2020 december;30444;3564;26880
7056;Bestelauto;Totaal;2020 4e kwartaal;92457;14689;77768
7057;Bestelauto;Totaal;2020;356671;60396;296275
7058;Bestelauto;Totaal;2021 januari;31790;6983;24807
7059;Bestelauto;Totaal;2021 februari;30933;6111;24822
7060;Bestelauto;Totaal;2021 maart;36153;7528;28625
7061;Bestelauto;Totaal;2021 1e kwartaal;98876;20622;78254
7062;Bestelauto;Totaal;2021 april;31700;6538;25162
7063;Bestelauto;Totaal;2021 mei;29782;6154;23628
7064;Bestelauto;Totaal;2021 juni;30253;6022;24231
7065;Bestelauto;Totaal;2021 2e kwartaal;91735;18714;73021
7066;Bestelauto;Totaal;2021 juli;28671;4813;23858
7067;Bestelauto;Totaal;2021 augustus;24180;3951;20229
7068;Bestelauto;Totaal;2021 september;27808;4864;22944
7069;Bestelauto;Totaal;2021 3e kwartaal;80659;13628;67031
7070;Bestelauto;Totaal;2021 oktober;28996;5659;23337
7071;Bestelauto;Totaal;2021 november;29439;5578;23861
7072;Bestelauto;Totaal;2021 december;28514;4202;24312
7073;Bestelauto;Totaal;2021 4e kwartaal;86949;15439;71510
7074;Bestelauto;Totaal;2021;358219;68403;289816
7075;Bestelauto;Totaal;2022 januari;30257;5489;24768
7076;Bestelauto;Totaal;2022 februari;27972;4893;23079
7077;Bestelauto;Totaal;2022 maart;30303;5639;24664
7078;Bestelauto;Totaal;2022 1e kwartaal;88532;16021;72511
7079;Bestelauto;Totaal;2022 april;26907;4672;22235
7080;Bestelauto;Totaal;2022 mei;26468;5019;21449
7081;Bestelauto;Totaal;2022 juni;28280;6048;22232
7082;Bestelauto;Totaal;2022 2e kwartaal;81655;15739;65916
7083;Bestelauto;Totaal;2022 juli;25827;3993;21834
7084;Bestelauto;Totaal;2022 augustus;22941;3762;19179
7085;Bestelauto;Totaal;2022 september;27161;4817;22344
7086;Bestelauto;Totaal;2022 3e kwartaal;75929;12572;63357
7087;Bestelauto;Totaal;2022 oktober;26840;4351;22489
7088;Bestelauto;Totaal;2022 november;28322;5396;22926
7089;Bestelauto;Totaal;2022 december;28281;5094;23187
7090;Bestelauto;Totaal;2022 4e kwartaal;83443;14841;68602
7091;Bestelauto;Totaal;2022;329559;59173;270386
7092;Bestelauto;Totaal;2023 januari;31893;6261;25632
7093;Bestelauto;Totaal;2023 februari;29342;5973;23369
7094;Bestelauto;Totaal;2023 maart;34416;7042;27374
7095;Bestelauto;Totaal;2023 1e kwartaal;95651;19276;76375
7096;Bestelauto;Totaal;2023 april;27374;4899;22475
7097;Bestelauto;Totaal;2023 mei;29216;5618;23598
7098;Bestelauto;Totaal;2023 juni;32864;8045;24819
7099;Bestelauto;Totaal;2023 2e kwartaal;89454;18562;70892
7100;Bestelauto;Totaal;2023 juli;28923;5168;23755
7101;Bestelauto;Totaal;2023 augustus;26511;5202;21309
7102;Bestelauto;Totaal;2023 september;28869;5536;23333
7103;Bestelauto;Totaal;2023 3e kwartaal;84303;15906;68397
7104;Bestelauto;Totaal;2023 oktober;32140;5542;26598
7105;Bestelauto;Totaal;2023 november;31936;5472;26464
7106;Bestelauto;Totaal;2023 december;28860;4537;24323
7107;Bestelauto;Totaal;2023 4e kwartaal;92936;15551;77385
7108;Bestelauto;Totaal;2023;362344;69295;293049
7109;Bestelauto;Totaal;2024 januari;33492;6636;26856
7110;Bestelauto;Totaal;2024 februari;32251;6739;25512
7111;Bestelauto;Totaal;2024 maart;36511;8482;28029
7112;Bestelauto;Totaal;2024 1e kwartaal;102254;21857;80397
7113;Bestelauto;Totaal;2024 april;33746;7414;26332
7114;Bestelauto;Totaal;2024 mei;33292;7895;25397
7115;Bestelauto;Totaal;2024 juni;33842;8754;25088
7116;Bestelauto;Totaal;2024 2e kwartaal;100880;24063;76817
7117;Bestelauto;Totaal;2024 juli;34885;7922;26963
7118;Bestelauto;Totaal;2024 augustus;30650;7439;23211
7119;Bestelauto;Totaal;2024 september;35950;9419;26531
7120;Bestelauto;Totaal;2024 3e kwartaal;101485;24780;76705
7121;Bestelauto;Totaal;2024 oktober;42067;11642;30425
7122;Bestelauto;Totaal;2024 november;45531;14934;30597
7123;Bestelauto;Totaal;2024 december;66045;32929;33116
7124;Bestelauto;Totaal;2024 4e kwartaal;153643;59505;94138
7125;Bestelauto;Totaal;2024;458262;130205;328057
7126;Bestelauto;Totaal;2025 januari;34013;1834;32179
7127;Bestelauto;Totaal;2025 februari;29611;1752;27859
7128;Bestelauto;Totaal;2025 maart;30059;1558;28501
7129;Bestelauto;Totaal;2025 1e kwartaal;93683;5144;88539
7130;Bestelauto;Benzine;2007 januari;1363;58;1305
7131;Bestelauto;Benzine;2007 februari;1249;56;1193
7132;Bestelauto;Benzine;2007 maart;1406;38;1368
7133;Bestelauto;Benzine;2007 1e kwartaal;4018;152;3866
7134;Bestelauto;Benzine;2007 april;1142;31;1111
7135;Bestelauto;Benzine;2007 mei;1307;51;1256
7136;Bestelauto;Benzine;2007 juni;1464;58;1406
7137;Bestelauto;Benzine;2007 2e kwartaal;3913;140;3773
7138;Bestelauto;Benzine;2007 juli;1263;41;1222
7139;Bestelauto;Benzine;2007 augustus;1303;36;1267
7140;Bestelauto;Benzine;2007 september;1232;39;1193
7141;Bestelauto;Benzine;2007 3e kwartaal;3798;116;3682
7142;Bestelauto;Benzine;2007 oktober;1308;70;1238
7143;Bestelauto;Benzine;2007 november;1244;62;1182
7144;Bestelauto;Benzine;2007 december;1072;21;1051
7145;Bestelauto;Benzine;2007 4e kwartaal;3624;153;3471
7146;Bestelauto;Benzine;2007;15353;561;14792
7147;Bestelauto;Benzine;2008 januari;1249;79;1170
7148;Bestelauto;Benzine;2008 februari;1306;59;1247
7149;Bestelauto;Benzine;2008 maart;1328;68;1260
7150;Bestelauto;Benzine;2008 1e kwartaal;3883;206;3677
7151;Bestelauto;Benzine;2008 april;1318;81;1237
7152;Bestelauto;Benzine;2008 mei;1230;74;1156
7153;Bestelauto;Benzine;2008 juni;1273;100;1173
7154;Bestelauto;Benzine;2008 2e kwartaal;3821;255;3566
7155;Bestelauto;Benzine;2008 juli;1317;52;1265
7156;Bestelauto;Benzine;2008 augustus;1098;49;1049
7157;Bestelauto;Benzine;2008 september;1294;64;1230
7158;Bestelauto;Benzine;2008 3e kwartaal;3709;165;3544
7159;Bestelauto;Benzine;2008 oktober;1242;79;1163
7160;Bestelauto;Benzine;2008 november;1058;62;996
7161;Bestelauto;Benzine;2008 december;979;32;947
7162;Bestelauto;Benzine;2008 4e kwartaal;3279;173;3106
7163;Bestelauto;Benzine;2008;14692;799;13893
7164;Bestelauto;Benzine;2009 januari;1108;81;1027
7165;Bestelauto;Benzine;2009 februari;978;48;930
7166;Bestelauto;Benzine;2009 maart;1145;91;1054
7167;Bestelauto;Benzine;2009 1e kwartaal;3231;220;3011
7168;Bestelauto;Benzine;2009 april;1070;48;1022
7169;Bestelauto;Benzine;2009 mei;1034;59;975
7170;Bestelauto;Benzine;2009 juni;1116;63;1053
7171;Bestelauto;Benzine;2009 2e kwartaal;3220;170;3050
7172;Bestelauto;Benzine;2009 juli;1069;29;1040
7173;Bestelauto;Benzine;2009 augustus;921;40;881
7174;Bestelauto;Benzine;2009 september;1037;55;982
7175;Bestelauto;Benzine;2009 3e kwartaal;3027;124;2903
7176;Bestelauto;Benzine;2009 oktober;1024;72;952
7177;Bestelauto;Benzine;2009 november;902;56;846
7178;Bestelauto;Benzine;2009 december;834;19;815
7179;Bestelauto;Benzine;2009 4e kwartaal;2760;147;2613
7180;Bestelauto;Benzine;2009;12238;661;11577
7181;Bestelauto;Benzine;2010 januari;880;63;817
7182;Bestelauto;Benzine;2010 februari;849;39;810
7183;Bestelauto;Benzine;2010 maart;1065;74;991
7184;Bestelauto;Benzine;2010 1e kwartaal;2794;176;2618
7185;Bestelauto;Benzine;2010 april;929;53;876
7186;Bestelauto;Benzine;2010 mei;909;47;862
7187;Bestelauto;Benzine;2010 juni;1002;47;955
7188;Bestelauto;Benzine;2010 2e kwartaal;2840;147;2693
7189;Bestelauto;Benzine;2010 juli;945;62;883
7190;Bestelauto;Benzine;2010 augustus;883;61;822
7191;Bestelauto;Benzine;2010 september;860;33;827
7192;Bestelauto;Benzine;2010 3e kwartaal;2688;156;2532
7193;Bestelauto;Benzine;2010 oktober;881;51;830
7194;Bestelauto;Benzine;2010 november;900;69;831
7195;Bestelauto;Benzine;2010 december;709;20;689
7196;Bestelauto;Benzine;2010 4e kwartaal;2490;140;2350
7197;Bestelauto;Benzine;2010;10812;619;10193
7198;Bestelauto;Benzine;2011 januari;892;70;822
7199;Bestelauto;Benzine;2011 februari;820;57;763
7200;Bestelauto;Benzine;2011 maart;921;52;869
7201;Bestelauto;Benzine;2011 1e kwartaal;2633;179;2454
7202;Bestelauto;Benzine;2011 april;817;54;763
7203;Bestelauto;Benzine;2011 mei;869;46;823
7204;Bestelauto;Benzine;2011 juni;876;35;841
7205;Bestelauto;Benzine;2011 2e kwartaal;2562;135;2427
7206;Bestelauto;Benzine;2011 juli;854;64;790
7207;Bestelauto;Benzine;2011 augustus;799;39;760
7208;Bestelauto;Benzine;2011 september;814;34;780
7209;Bestelauto;Benzine;2011 3e kwartaal;2467;137;2330
7210;Bestelauto;Benzine;2011 oktober;790;34;756
7211;Bestelauto;Benzine;2011 november;802;46;756
7212;Bestelauto;Benzine;2011 december;727;16;711
7213;Bestelauto;Benzine;2011 4e kwartaal;2319;96;2223
7214;Bestelauto;Benzine;2011;9981;547;9434
7215;Bestelauto;Benzine;2012 januari;780;42;738
7216;Bestelauto;Benzine;2012 februari;658;30;628
7217;Bestelauto;Benzine;2012 maart;819;67;752
7218;Bestelauto;Benzine;2012 1e kwartaal;2257;139;2118
7219;Bestelauto;Benzine;2012 april;724;41;683
7220;Bestelauto;Benzine;2012 mei;768;43;725
7221;Bestelauto;Benzine;2012 juni;861;51;810
7222;Bestelauto;Benzine;2012 2e kwartaal;2353;135;2218
7223;Bestelauto;Benzine;2012 juli;691;17;674
7224;Bestelauto;Benzine;2012 augustus;715;41;674
7225;Bestelauto;Benzine;2012 september;738;27;711
7226;Bestelauto;Benzine;2012 3e kwartaal;2144;85;2059
7227;Bestelauto;Benzine;2012 oktober;736;30;706
7228;Bestelauto;Benzine;2012 november;615;35;580
7229;Bestelauto;Benzine;2012 december;565;9;556
7230;Bestelauto;Benzine;2012 4e kwartaal;1916;74;1842
7231;Bestelauto;Benzine;2012;8670;433;8237
7232;Bestelauto;Benzine;2013 januari;669;26;643
7233;Bestelauto;Benzine;2013 februari;678;49;629
7234;Bestelauto;Benzine;2013 maart;686;48;638
7235;Bestelauto;Benzine;2013 1e kwartaal;2033;123;1910
7236;Bestelauto;Benzine;2013 april;648;16;632
7237;Bestelauto;Benzine;2013 mei;677;24;653
7238;Bestelauto;Benzine;2013 juni;688;36;652
7239;Bestelauto;Benzine;2013 2e kwartaal;2013;76;1937
7240;Bestelauto;Benzine;2013 juli;637;18;619
7241;Bestelauto;Benzine;2013 augustus;622;24;598
7242;Bestelauto;Benzine;2013 september;633;19;614
7243;Bestelauto;Benzine;2013 3e kwartaal;1892;61;1831
7244;Bestelauto;Benzine;2013 oktober;612;40;572
7245;Bestelauto;Benzine;2013 november;614;46;568
7246;Bestelauto;Benzine;2013 december;649;17;632
7247;Bestelauto;Benzine;2013 4e kwartaal;1875;103;1772
7248;Bestelauto;Benzine;2013;7813;363;7450
7249;Bestelauto;Benzine;2014 januari;668;58;610
7250;Bestelauto;Benzine;2014 februari;661;31;630
7251;Bestelauto;Benzine;2014 maart;652;42;610
7252;Bestelauto;Benzine;2014 1e kwartaal;1981;131;1850
7253;Bestelauto;Benzine;2014 april;673;37;636
7254;Bestelauto;Benzine;2014 mei;672;36;636
7255;Bestelauto;Benzine;2014 juni;653;36;617
7256;Bestelauto;Benzine;2014 2e kwartaal;1998;109;1889
7257;Bestelauto;Benzine;2014 juli;632;36;596
7258;Bestelauto;Benzine;2014 augustus;613;27;586
7259;Bestelauto;Benzine;2014 september;651;42;609
7260;Bestelauto;Benzine;2014 3e kwartaal;1896;105;1791
7261;Bestelauto;Benzine;2014 oktober;621;32;589
7262;Bestelauto;Benzine;2014 november;604;35;569
7263;Bestelauto;Benzine;2014 december;597;21;576
7264;Bestelauto;Benzine;2014 4e kwartaal;1822;88;1734
7265;Bestelauto;Benzine;2014;7697;433;7264
7266;Bestelauto;Benzine;2015 januari;647;43;604
7267;Bestelauto;Benzine;2015 februari;570;36;534
7268;Bestelauto;Benzine;2015 maart;755;67;688
7269;Bestelauto;Benzine;2015 1e kwartaal;1972;146;1826
7270;Bestelauto;Benzine;2015 april;620;43;577
7271;Bestelauto;Benzine;2015 mei;638;39;599
7272;Bestelauto;Benzine;2015 juni;731;64;667
7273;Bestelauto;Benzine;2015 2e kwartaal;1989;146;1843
7274;Bestelauto;Benzine;2015 juli;662;29;633
7275;Bestelauto;Benzine;2015 augustus;557;32;525
7276;Bestelauto;Benzine;2015 september;664;22;642
7277;Bestelauto;Benzine;2015 3e kwartaal;1883;83;1800
7278;Bestelauto;Benzine;2015 oktober;669;24;645
7279;Bestelauto;Benzine;2015 november;608;57;551
7280;Bestelauto;Benzine;2015 december;637;26;611
7281;Bestelauto;Benzine;2015 4e kwartaal;1914;107;1807
7282;Bestelauto;Benzine;2015;7758;482;7276
7283;Bestelauto;Benzine;2016 januari;670;62;608
7284;Bestelauto;Benzine;2016 februari;696;44;652
7285;Bestelauto;Benzine;2016 maart;749;58;691
7286;Bestelauto;Benzine;2016 1e kwartaal;2115;164;1951
7287;Bestelauto;Benzine;2016 april;712;47;665
7288;Bestelauto;Benzine;2016 mei;675;61;614
7289;Bestelauto;Benzine;2016 juni;793;77;716
7290;Bestelauto;Benzine;2016 2e kwartaal;2180;185;1995
7291;Bestelauto;Benzine;2016 juli;690;42;648
7292;Bestelauto;Benzine;2016 augustus;651;41;610
7293;Bestelauto;Benzine;2016 september;776;104;672
7294;Bestelauto;Benzine;2016 3e kwartaal;2117;187;1930
7295;Bestelauto;Benzine;2016 oktober;726;35;691
7296;Bestelauto;Benzine;2016 november;691;65;626
7297;Bestelauto;Benzine;2016 december;728;21;707
7298;Bestelauto;Benzine;2016 4e kwartaal;2145;121;2024
7299;Bestelauto;Benzine;2016;8557;657;7900
7300;Bestelauto;Benzine;2017 januari;716;67;649
7301;Bestelauto;Benzine;2017 februari;614;49;565
7302;Bestelauto;Benzine;2017 maart;783;70;713
7303;Bestelauto;Benzine;2017 1e kwartaal;2113;186;1927
7304;Bestelauto;Benzine;2017 april;609;34;575
7305;Bestelauto;Benzine;2017 mei;734;65;669
7306;Bestelauto;Benzine;2017 juni;708;68;640
7307;Bestelauto;Benzine;2017 2e kwartaal;2051;167;1884
7308;Bestelauto;Benzine;2017 juli;687;39;648
7309;Bestelauto;Benzine;2017 augustus;683;51;632
7310;Bestelauto;Benzine;2017 september;732;48;684
7311;Bestelauto;Benzine;2017 3e kwartaal;2102;138;1964
7312;Bestelauto;Benzine;2017 oktober;737;71;666
7313;Bestelauto;Benzine;2017 november;706;58;648
7314;Bestelauto;Benzine;2017 december;580;24;556
7315;Bestelauto;Benzine;2017 4e kwartaal;2023;153;1870
7316;Bestelauto;Benzine;2017;8289;644;7645
7317;Bestelauto;Benzine;2018 januari;665;65;600
7318;Bestelauto;Benzine;2018 februari;684;51;633
7319;Bestelauto;Benzine;2018 maart;792;66;726
7320;Bestelauto;Benzine;2018 1e kwartaal;2141;182;1959
7321;Bestelauto;Benzine;2018 april;690;40;650
7322;Bestelauto;Benzine;2018 mei;745;57;688
7323;Bestelauto;Benzine;2018 juni;744;58;686
7324;Bestelauto;Benzine;2018 2e kwartaal;2179;155;2024
7325;Bestelauto;Benzine;2018 juli;698;53;645
7326;Bestelauto;Benzine;2018 augustus;739;70;669
7327;Bestelauto;Benzine;2018 september;825;102;723
7328;Bestelauto;Benzine;2018 3e kwartaal;2262;225;2037
7329;Bestelauto;Benzine;2018 oktober;792;99;693
7330;Bestelauto;Benzine;2018 november;814;96;718
7331;Bestelauto;Benzine;2018 december;703;52;651
7332;Bestelauto;Benzine;2018 4e kwartaal;2309;247;2062
7333;Bestelauto;Benzine;2018;8891;809;8082
7334;Bestelauto;Benzine;2019 januari;827;132;695
7335;Bestelauto;Benzine;2019 februari;702;90;612
7336;Bestelauto;Benzine;2019 maart;845;134;711
7337;Bestelauto;Benzine;2019 1e kwartaal;2374;356;2018
7338;Bestelauto;Benzine;2019 april;793;115;678
7339;Bestelauto;Benzine;2019 mei;879;110;769
7340;Bestelauto;Benzine;2019 juni;813;108;705
7341;Bestelauto;Benzine;2019 2e kwartaal;2485;333;2152
7342;Bestelauto;Benzine;2019 juli;821;105;716
7343;Bestelauto;Benzine;2019 augustus;838;105;733
7344;Bestelauto;Benzine;2019 september;745;72;673
7345;Bestelauto;Benzine;2019 3e kwartaal;2404;282;2122
7346;Bestelauto;Benzine;2019 oktober;821;45;776
7347;Bestelauto;Benzine;2019 november;825;96;729
7348;Bestelauto;Benzine;2019 december;776;84;692
7349;Bestelauto;Benzine;2019 4e kwartaal;2422;225;2197
7350;Bestelauto;Benzine;2019;9685;1196;8489
7351;Bestelauto;Benzine;2020 januari;843;78;765
7352;Bestelauto;Benzine;2020 februari;850;73;777
7353;Bestelauto;Benzine;2020 maart;845;104;741
7354;Bestelauto;Benzine;2020 1e kwartaal;2538;255;2283
7355;Bestelauto;Benzine;2020 april;701;52;649
7356;Bestelauto;Benzine;2020 mei;841;40;801
7357;Bestelauto;Benzine;2020 juni;864;34;830
7358;Bestelauto;Benzine;2020 2e kwartaal;2406;126;2280
7359;Bestelauto;Benzine;2020 juli;910;63;847
7360;Bestelauto;Benzine;2020 augustus;866;93;773
7361;Bestelauto;Benzine;2020 september;829;69;760
7362;Bestelauto;Benzine;2020 3e kwartaal;2605;225;2380
7363;Bestelauto;Benzine;2020 oktober;896;64;832
7364;Bestelauto;Benzine;2020 november;895;70;825
7365;Bestelauto;Benzine;2020 december;863;62;801
7366;Bestelauto;Benzine;2020 4e kwartaal;2654;196;2458
7367;Bestelauto;Benzine;2020;10203;802;9401
7368;Bestelauto;Benzine;2021 januari;853;74;779
7369;Bestelauto;Benzine;2021 februari;893;77;816
7370;Bestelauto;Benzine;2021 maart;1045;97;948
7371;Bestelauto;Benzine;2021 1e kwartaal;2791;248;2543
7372;Bestelauto;Benzine;2021 april;908;103;805
7373;Bestelauto;Benzine;2021 mei;904;65;839
7374;Bestelauto;Benzine;2021 juni;913;77;836
7375;Bestelauto;Benzine;2021 2e kwartaal;2725;245;2480
7376;Bestelauto;Benzine;2021 juli;948;76;872
7377;Bestelauto;Benzine;2021 augustus;868;75;793
7378;Bestelauto;Benzine;2021 september;904;108;796
7379;Bestelauto;Benzine;2021 3e kwartaal;2720;259;2461
7380;Bestelauto;Benzine;2021 oktober;870;90;780
7381;Bestelauto;Benzine;2021 november;850;89;761
7382;Bestelauto;Benzine;2021 december;894;77;817
7383;Bestelauto;Benzine;2021 4e kwartaal;2614;256;2358
7384;Bestelauto;Benzine;2021;10850;1008;9842
7385;Bestelauto;Benzine;2022 januari;976;92;884
7386;Bestelauto;Benzine;2022 februari;881;93;788
7387;Bestelauto;Benzine;2022 maart;871;140;731
7388;Bestelauto;Benzine;2022 1e kwartaal;2728;325;2403
7389;Bestelauto;Benzine;2022 april;811;93;718
7390;Bestelauto;Benzine;2022 mei;818;72;746
7391;Bestelauto;Benzine;2022 juni;830;78;752
7392;Bestelauto;Benzine;2022 2e kwartaal;2459;243;2216
7393;Bestelauto;Benzine;2022 juli;773;35;738
7394;Bestelauto;Benzine;2022 augustus;772;69;703
7395;Bestelauto;Benzine;2022 september;918;116;802
7396;Bestelauto;Benzine;2022 3e kwartaal;2463;220;2243
7397;Bestelauto;Benzine;2022 oktober;855;77;778
7398;Bestelauto;Benzine;2022 november;962;120;842
7399;Bestelauto;Benzine;2022 december;801;96;705
7400;Bestelauto;Benzine;2022 4e kwartaal;2618;293;2325
7401;Bestelauto;Benzine;2022;10268;1081;9187
7402;Bestelauto;Benzine;2023 januari;998;148;850
7403;Bestelauto;Benzine;2023 februari;842;107;735
7404;Bestelauto;Benzine;2023 maart;908;112;796
7405;Bestelauto;Benzine;2023 1e kwartaal;2748;367;2381
7406;Bestelauto;Benzine;2023 april;856;100;756
7407;Bestelauto;Benzine;2023 mei;843;106;737
7408;Bestelauto;Benzine;2023 juni;937;111;826
7409;Bestelauto;Benzine;2023 2e kwartaal;2636;317;2319
7410;Bestelauto;Benzine;2023 juli;894;105;789
7411;Bestelauto;Benzine;2023 augustus;926;169;757
7412;Bestelauto;Benzine;2023 september;902;132;770
7413;Bestelauto;Benzine;2023 3e kwartaal;2722;406;2316
7414;Bestelauto;Benzine;2023 oktober;1120;148;972
7415;Bestelauto;Benzine;2023 november;1052;176;876
7416;Bestelauto;Benzine;2023 december;983;187;796
7417;Bestelauto;Benzine;2023 4e kwartaal;3155;511;2644
7418;Bestelauto;Benzine;2023;11261;1601;9660
7419;Bestelauto;Benzine;2024 januari;1013;138;875
7420;Bestelauto;Benzine;2024 februari;984;129;855
7421;Bestelauto;Benzine;2024 maart;1190;202;988
7422;Bestelauto;Benzine;2024 1e kwartaal;3187;469;2718
7423;Bestelauto;Benzine;2024 april;1041;160;881
7424;Bestelauto;Benzine;2024 mei;1132;183;949
7425;Bestelauto;Benzine;2024 juni;1133;204;929
7426;Bestelauto;Benzine;2024 2e kwartaal;3306;547;2759
7427;Bestelauto;Benzine;2024 juli;1174;183;991
7428;Bestelauto;Benzine;2024 augustus;1121;195;926
7429;Bestelauto;Benzine;2024 september;1136;165;971
7430;Bestelauto;Benzine;2024 3e kwartaal;3431;543;2888
7431;Bestelauto;Benzine;2024 oktober;1364;291;1073
7432;Bestelauto;Benzine;2024 november;1391;349;1042
7433;Bestelauto;Benzine;2024 december;1538;509;1029
7434;Bestelauto;Benzine;2024 4e kwartaal;4293;1149;3144
7435;Bestelauto;Benzine;2024;14217;2708;11509
7436;Bestelauto;Benzine;2025 januari;1101;17;1084
7437;Bestelauto;Benzine;2025 februari;958;16;942
7438;Bestelauto;Benzine;2025 maart;1054;8;1046
7439;Bestelauto;Benzine;2025 1e kwartaal;3113;41;3072
7440;Bestelauto;Diesel;2007 januari;33234;9842;23392
7441;Bestelauto;Diesel;2007 februari;29021;6697;22324
7442;Bestelauto;Diesel;2007 maart;31183;7376;23807
7443;Bestelauto;Diesel;2007 1e kwartaal;93438;23915;69523
7444;Bestelauto;Diesel;2007 april;26499;6321;20178
7445;Bestelauto;Diesel;2007 mei;27666;6788;20878
7446;Bestelauto;Diesel;2007 juni;31949;7568;24381
7447;Bestelauto;Diesel;2007 2e kwartaal;86114;20677;65437
7448;Bestelauto;Diesel;2007 juli;29182;6519;22663
7449;Bestelauto;Diesel;2007 augustus;27870;6778;21092
7450;Bestelauto;Diesel;2007 september;28329;6275;22054
7451;Bestelauto;Diesel;2007 3e kwartaal;85381;19572;65809
7452;Bestelauto;Diesel;2007 oktober;30221;7268;22953
7453;Bestelauto;Diesel;2007 november;29859;6846;23013
7454;Bestelauto;Diesel;2007 december;20464;1685;18779
7455;Bestelauto;Diesel;2007 4e kwartaal;80544;15799;64745
7456;Bestelauto;Diesel;2007;345477;79963;265514
7457;Bestelauto;Diesel;2008 januari;35446;11653;23793
7458;Bestelauto;Diesel;2008 februari;32707;8281;24426
7459;Bestelauto;Diesel;2008 maart;31413;8020;23393
7460;Bestelauto;Diesel;2008 1e kwartaal;99566;27954;71612
7461;Bestelauto;Diesel;2008 april;31363;7557;23806
7462;Bestelauto;Diesel;2008 mei;28572;7399;21173
7463;Bestelauto;Diesel;2008 juni;30008;8006;22002
7464;Bestelauto;Diesel;2008 2e kwartaal;89943;22962;66981
7465;Bestelauto;Diesel;2008 juli;27991;6351;21640
7466;Bestelauto;Diesel;2008 augustus;26336;6066;20270
7467;Bestelauto;Diesel;2008 september;29725;6443;23282
7468;Bestelauto;Diesel;2008 3e kwartaal;84052;18860;65192
7469;Bestelauto;Diesel;2008 oktober;30413;6761;23652
7470;Bestelauto;Diesel;2008 november;25869;5240;20629
7471;Bestelauto;Diesel;2008 december;20754;1572;19182
7472;Bestelauto;Diesel;2008 4e kwartaal;77036;13573;63463
7473;Bestelauto;Diesel;2008;350597;83349;267248
7474;Bestelauto;Diesel;2009 januari;31660;9029;22631
7475;Bestelauto;Diesel;2009 februari;26208;4955;21253
7476;Bestelauto;Diesel;2009 maart;29568;5130;24438
7477;Bestelauto;Diesel;2009 1e kwartaal;87436;19114;68322
7478;Bestelauto;Diesel;2009 april;25369;4064;21305
7479;Bestelauto;Diesel;2009 mei;24464;3759;20705
7480;Bestelauto;Diesel;2009 juni;25905;4141;21764
7481;Bestelauto;Diesel;2009 2e kwartaal;75738;11964;63774
7482;Bestelauto;Diesel;2009 juli;25212;3670;21542
7483;Bestelauto;Diesel;2009 augustus;21061;2978;18083
7484;Bestelauto;Diesel;2009 september;25482;3992;21490
7485;Bestelauto;Diesel;2009 3e kwartaal;71755;10640;61115
7486;Bestelauto;Diesel;2009 oktober;26734;3774;22960
7487;Bestelauto;Diesel;2009 november;25313;3328;21985
7488;Bestelauto;Diesel;2009 december;21372;1171;20201
7489;Bestelauto;Diesel;2009 4e kwartaal;73419;8273;65146
7490;Bestelauto;Diesel;2009;308348;49991;258357
7491;Bestelauto;Diesel;2010 januari;26610;5817;20793
7492;Bestelauto;Diesel;2010 februari;25522;3949;21573
7493;Bestelauto;Diesel;2010 maart;30185;5018;25167
7494;Bestelauto;Diesel;2010 1e kwartaal;82317;14784;67533
7495;Bestelauto;Diesel;2010 april;26436;3930;22506
7496;Bestelauto;Diesel;2010 mei;24017;3428;20589
7497;Bestelauto;Diesel;2010 juni;27138;4720;22418
7498;Bestelauto;Diesel;2010 2e kwartaal;77591;12078;65513
7499;Bestelauto;Diesel;2010 juli;24206;3739;20467
7500;Bestelauto;Diesel;2010 augustus;22813;3469;19344
7501;Bestelauto;Diesel;2010 september;27191;4220;22971
7502;Bestelauto;Diesel;2010 3e kwartaal;74210;11428;62782
7503;Bestelauto;Diesel;2010 oktober;27397;4065;23332
7504;Bestelauto;Diesel;2010 november;26609;4531;22078
7505;Bestelauto;Diesel;2010 december;22851;1417;21434
7506;Bestelauto;Diesel;2010 4e kwartaal;76857;10013;66844
7507;Bestelauto;Diesel;2010;310975;48303;262672
7508;Bestelauto;Diesel;2011 januari;30256;7607;22649
7509;Bestelauto;Diesel;2011 februari;28353;4929;23424
7510;Bestelauto;Diesel;2011 maart;30504;5949;24555
7511;Bestelauto;Diesel;2011 1e kwartaal;89113;18485;70628
7512;Bestelauto;Diesel;2011 april;26670;4651;22019
7513;Bestelauto;Diesel;2011 mei;27111;4887;22224
7514;Bestelauto;Diesel;2011 juni;25617;4805;20812
7515;Bestelauto;Diesel;2011 2e kwartaal;79398;14343;65055
7516;Bestelauto;Diesel;2011 juli;24836;4014;20822
7517;Bestelauto;Diesel;2011 augustus;23380;3984;19396
7518;Bestelauto;Diesel;2011 september;25772;4476;21296
7519;Bestelauto;Diesel;2011 3e kwartaal;73988;12474;61514
7520;Bestelauto;Diesel;2011 oktober;25564;4925;20639
7521;Bestelauto;Diesel;2011 november;26830;5262;21568
7522;Bestelauto;Diesel;2011 december;22471;1707;20764
7523;Bestelauto;Diesel;2011 4e kwartaal;74865;11894;62971
7524;Bestelauto;Diesel;2011;317364;57196;260168
7525;Bestelauto;Diesel;2012 januari;30713;8204;22509
7526;Bestelauto;Diesel;2012 februari;26804;5107;21697
7527;Bestelauto;Diesel;2012 maart;29855;5892;23963
7528;Bestelauto;Diesel;2012 1e kwartaal;87372;19203;68169
7529;Bestelauto;Diesel;2012 april;24723;4079;20644
7530;Bestelauto;Diesel;2012 mei;25504;4428;21076
7531;Bestelauto;Diesel;2012 juni;27364;5103;22261
7532;Bestelauto;Diesel;2012 2e kwartaal;77591;13610;63981
7533;Bestelauto;Diesel;2012 juli;28449;4143;24306
7534;Bestelauto;Diesel;2012 augustus;24231;4417;19814
7535;Bestelauto;Diesel;2012 september;23528;3719;19809
7536;Bestelauto;Diesel;2012 3e kwartaal;76208;12279;63929
7537;Bestelauto;Diesel;2012 oktober;26070;4257;21813
7538;Bestelauto;Diesel;2012 november;24898;3955;20943
7539;Bestelauto;Diesel;2012 december;19015;1405;17610
7540;Bestelauto;Diesel;2012 4e kwartaal;69983;9617;60366
7541;Bestelauto;Diesel;2012;311154;54709;256445
7542;Bestelauto;Diesel;2013 januari;28690;6632;22058
7543;Bestelauto;Diesel;2013 februari;25983;4041;21942
7544;Bestelauto;Diesel;2013 maart;27512;4953;22559
7545;Bestelauto;Diesel;2013 1e kwartaal;82185;15626;66559
7546;Bestelauto;Diesel;2013 april;24669;4182;20487
7547;Bestelauto;Diesel;2013 mei;24785;3922;20863
7548;Bestelauto;Diesel;2013 juni;25069;4066;21003
7549;Bestelauto;Diesel;2013 2e kwartaal;74523;12170;62353
7550;Bestelauto;Diesel;2013 juli;24330;3853;20477
7551;Bestelauto;Diesel;2013 augustus;21934;3325;18609
7552;Bestelauto;Diesel;2013 september;23455;3604;19851
7553;Bestelauto;Diesel;2013 3e kwartaal;69719;10782;58937
7554;Bestelauto;Diesel;2013 oktober;25584;4034;21550
7555;Bestelauto;Diesel;2013 november;24674;4077;20597
7556;Bestelauto;Diesel;2013 december;22924;2525;20399
7557;Bestelauto;Diesel;2013 4e kwartaal;73182;10636;62546
7558;Bestelauto;Diesel;2013;299609;49214;250395
7559;Bestelauto;Diesel;2014 januari;28726;6052;22674
7560;Bestelauto;Diesel;2014 februari;25370;4302;21068
7561;Bestelauto;Diesel;2014 maart;26288;4843;21445
7562;Bestelauto;Diesel;2014 1e kwartaal;80384;15197;65187
7563;Bestelauto;Diesel;2014 april;25078;4089;20989
7564;Bestelauto;Diesel;2014 mei;24906;4217;20689
7565;Bestelauto;Diesel;2014 juni;23629;4537;19092
7566;Bestelauto;Diesel;2014 2e kwartaal;73613;12843;60770
7567;Bestelauto;Diesel;2014 juli;25166;3839;21327
7568;Bestelauto;Diesel;2014 augustus;20365;3244;17121
7569;Bestelauto;Diesel;2014 september;24310;4034;20276
7570;Bestelauto;Diesel;2014 3e kwartaal;69841;11117;58724
7571;Bestelauto;Diesel;2014 oktober;25253;3863;21390
7572;Bestelauto;Diesel;2014 november;22995;4109;18886
7573;Bestelauto;Diesel;2014 december;21386;2366;19020
7574;Bestelauto;Diesel;2014 4e kwartaal;69634;10338;59296
7575;Bestelauto;Diesel;2014;293472;49495;243977
7576;Bestelauto;Diesel;2015 januari;27313;6224;21089
7577;Bestelauto;Diesel;2015 februari;23983;4426;19557
7578;Bestelauto;Diesel;2015 maart;27777;5644;22133
7579;Bestelauto;Diesel;2015 1e kwartaal;79073;16294;62779
7580;Bestelauto;Diesel;2015 april;24973;4509;20464
7581;Bestelauto;Diesel;2015 mei;23841;4679;19162
7582;Bestelauto;Diesel;2015 juni;27284;5743;21541
7583;Bestelauto;Diesel;2015 2e kwartaal;76098;14931;61167
7584;Bestelauto;Diesel;2015 juli;24801;4201;20600
7585;Bestelauto;Diesel;2015 augustus;20708;3587;17121
7586;Bestelauto;Diesel;2015 september;25403;4654;20749
7587;Bestelauto;Diesel;2015 3e kwartaal;70912;12442;58470
7588;Bestelauto;Diesel;2015 oktober;25420;4386;21034
7589;Bestelauto;Diesel;2015 november;24901;4635;20266
7590;Bestelauto;Diesel;2015 december;24324;3310;21014
7591;Bestelauto;Diesel;2015 4e kwartaal;74645;12331;62314
7592;Bestelauto;Diesel;2015;300728;55998;244730
7593;Bestelauto;Diesel;2016 januari;28098;7185;20913
7594;Bestelauto;Diesel;2016 februari;28416;6180;22236
7595;Bestelauto;Diesel;2016 maart;30261;7428;22833
7596;Bestelauto;Diesel;2016 1e kwartaal;86775;20793;65982
7597;Bestelauto;Diesel;2016 april;28317;5807;22510
7598;Bestelauto;Diesel;2016 mei;26245;5520;20725
7599;Bestelauto;Diesel;2016 juni;30325;7318;23007
7600;Bestelauto;Diesel;2016 2e kwartaal;84887;18645;66242
7601;Bestelauto;Diesel;2016 juli;25957;4915;21042
7602;Bestelauto;Diesel;2016 augustus;22774;4484;18290
7603;Bestelauto;Diesel;2016 september;27058;5092;21966
7604;Bestelauto;Diesel;2016 3e kwartaal;75789;14491;61298
7605;Bestelauto;Diesel;2016 oktober;27760;5291;22469
7606;Bestelauto;Diesel;2016 november;28305;5720;22585
7607;Bestelauto;Diesel;2016 december;25728;3386;22342
7608;Bestelauto;Diesel;2016 4e kwartaal;81793;14397;67396
7609;Bestelauto;Diesel;2016;329244;68326;260918
7610;Bestelauto;Diesel;2017 januari;32286;8214;24072
7611;Bestelauto;Diesel;2017 februari;28637;5761;22876
7612;Bestelauto;Diesel;2017 maart;33345;7871;25474
7613;Bestelauto;Diesel;2017 1e kwartaal;94268;21846;72422
7614;Bestelauto;Diesel;2017 april;25641;4851;20790
7615;Bestelauto;Diesel;2017 mei;28452;6003;22449
7616;Bestelauto;Diesel;2017 juni;29388;7185;22203
7617;Bestelauto;Diesel;2017 2e kwartaal;83481;18039;65442
7618;Bestelauto;Diesel;2017 juli;27064;5069;21995
7619;Bestelauto;Diesel;2017 augustus;24969;4937;20032
7620;Bestelauto;Diesel;2017 september;28032;5747;22285
7621;Bestelauto;Diesel;2017 3e kwartaal;80065;15753;64312
7622;Bestelauto;Diesel;2017 oktober;28302;5661;22641
7623;Bestelauto;Diesel;2017 november;29286;6013;23273
7624;Bestelauto;Diesel;2017 december;23657;3325;20332
7625;Bestelauto;Diesel;2017 4e kwartaal;81245;14999;66246
7626;Bestelauto;Diesel;2017;339059;70637;268422
7627;Bestelauto;Diesel;2018 januari;33003;8698;24305
7628;Bestelauto;Diesel;2018 februari;28420;6216;22204
7629;Bestelauto;Diesel;2018 maart;32432;7516;24916
7630;Bestelauto;Diesel;2018 1e kwartaal;93855;22430;71425
7631;Bestelauto;Diesel;2018 april;27170;5928;21242
7632;Bestelauto;Diesel;2018 mei;28718;6459;22259
7633;Bestelauto;Diesel;2018 juni;30318;7480;22838
7634;Bestelauto;Diesel;2018 2e kwartaal;86206;19867;66339
7635;Bestelauto;Diesel;2018 juli;29014;5513;23501
7636;Bestelauto;Diesel;2018 augustus;25341;5292;20049
7637;Bestelauto;Diesel;2018 september;27128;5680;21448
7638;Bestelauto;Diesel;2018 3e kwartaal;81483;16485;64998
7639;Bestelauto;Diesel;2018 oktober;30998;6636;24362
7640;Bestelauto;Diesel;2018 november;30015;6774;23241
7641;Bestelauto;Diesel;2018 december;23912;3639;20273
7642;Bestelauto;Diesel;2018 4e kwartaal;84925;17049;67876
7643;Bestelauto;Diesel;2018;346469;75831;270638
7644;Bestelauto;Diesel;2019 januari;33689;8830;24859
7645;Bestelauto;Diesel;2019 februari;29688;6211;23477
7646;Bestelauto;Diesel;2019 maart;30770;7298;23472
7647;Bestelauto;Diesel;2019 1e kwartaal;94147;22339;71808
7648;Bestelauto;Diesel;2019 april;28412;5940;22472
7649;Bestelauto;Diesel;2019 mei;30680;6482;24198
7650;Bestelauto;Diesel;2019 juni;27709;7306;20403
7651;Bestelauto;Diesel;2019 2e kwartaal;86801;19728;67073
7652;Bestelauto;Diesel;2019 juli;28751;5370;23381
7653;Bestelauto;Diesel;2019 augustus;25391;5597;19794
7654;Bestelauto;Diesel;2019 september;26682;4917;21765
7655;Bestelauto;Diesel;2019 3e kwartaal;80824;15884;64940
7656;Bestelauto;Diesel;2019 oktober;29665;5017;24648
7657;Bestelauto;Diesel;2019 november;31256;5633;25623
7658;Bestelauto;Diesel;2019 december;25492;3619;21873
7659;Bestelauto;Diesel;2019 4e kwartaal;86413;14269;72144
7660;Bestelauto;Diesel;2019;348185;72220;275965
7661;Bestelauto;Diesel;2020 januari;31929;6816;25113
7662;Bestelauto;Diesel;2020 februari;28698;5243;23455
7663;Bestelauto;Diesel;2020 maart;28282;5960;22322
7664;Bestelauto;Diesel;2020 1e kwartaal;88909;18019;70890
7665;Bestelauto;Diesel;2020 april;23184;3712;19472
7666;Bestelauto;Diesel;2020 mei;27134;3157;23977
7667;Bestelauto;Diesel;2020 juni;28035;3905;24130
7668;Bestelauto;Diesel;2020 2e kwartaal;78353;10774;67579
7669;Bestelauto;Diesel;2020 juli;29269;4863;24406
7670;Bestelauto;Diesel;2020 augustus;23993;4612;19381
7671;Bestelauto;Diesel;2020 september;28369;4957;23412
7672;Bestelauto;Diesel;2020 3e kwartaal;81631;14432;67199
7673;Bestelauto;Diesel;2020 oktober;29692;4960;24732
7674;Bestelauto;Diesel;2020 november;28197;5145;23052
7675;Bestelauto;Diesel;2020 december;28362;3059;25303
7676;Bestelauto;Diesel;2020 4e kwartaal;86251;13164;73087
7677;Bestelauto;Diesel;2020;335144;56389;278755
7678;Bestelauto;Diesel;2021 januari;29976;6677;23299
7679;Bestelauto;Diesel;2021 februari;29030;5674;23356
7680;Bestelauto;Diesel;2021 maart;33944;7030;26914
7681;Bestelauto;Diesel;2021 1e kwartaal;92950;19381;73569
7682;Bestelauto;Diesel;2021 april;29762;6113;23649
7683;Bestelauto;Diesel;2021 mei;27795;5670;22125
7684;Bestelauto;Diesel;2021 juni;28288;5542;22746
7685;Bestelauto;Diesel;2021 2e kwartaal;85845;17325;68520
7686;Bestelauto;Diesel;2021 juli;26599;4333;22266
7687;Bestelauto;Diesel;2021 augustus;22436;3608;18828
7688;Bestelauto;Diesel;2021 september;25704;4280;21424
7689;Bestelauto;Diesel;2021 3e kwartaal;74739;12221;62518
7690;Bestelauto;Diesel;2021 oktober;26786;4947;21839
7691;Bestelauto;Diesel;2021 november;27469;5103;22366
7692;Bestelauto;Diesel;2021 december;26418;3662;22756
7693;Bestelauto;Diesel;2021 4e kwartaal;80673;13712;66961
7694;Bestelauto;Diesel;2021;334207;62639;271568
7695;Bestelauto;Diesel;2022 januari;28030;4944;23086
7696;Bestelauto;Diesel;2022 februari;25959;4377;21582
7697;Bestelauto;Diesel;2022 maart;28154;5028;23126
7698;Bestelauto;Diesel;2022 1e kwartaal;82143;14349;67794
7699;Bestelauto;Diesel;2022 april;24929;4127;20802
7700;Bestelauto;Diesel;2022 mei;24540;4543;19997
7701;Bestelauto;Diesel;2022 juni;26107;5397;20710
7702;Bestelauto;Diesel;2022 2e kwartaal;75576;14067;61509
7703;Bestelauto;Diesel;2022 juli;23975;3621;20354
7704;Bestelauto;Diesel;2022 augustus;21076;3295;17781
7705;Bestelauto;Diesel;2022 september;25030;4217;20813
7706;Bestelauto;Diesel;2022 3e kwartaal;70081;11133;58948
7707;Bestelauto;Diesel;2022 oktober;24675;3747;20928
7708;Bestelauto;Diesel;2022 november;25898;4608;21290
7709;Bestelauto;Diesel;2022 december;25915;4274;21641
7710;Bestelauto;Diesel;2022 4e kwartaal;76488;12629;63859
7711;Bestelauto;Diesel;2022;304288;52178;252110
7712;Bestelauto;Diesel;2023 januari;29361;5373;23988
7713;Bestelauto;Diesel;2023 februari;26720;5005;21715
7714;Bestelauto;Diesel;2023 maart;31435;5875;25560
7715;Bestelauto;Diesel;2023 1e kwartaal;87516;16253;71263
7716;Bestelauto;Diesel;2023 april;25006;4140;20866
7717;Bestelauto;Diesel;2023 mei;26580;4672;21908
7718;Bestelauto;Diesel;2023 juni;29544;6601;22943
7719;Bestelauto;Diesel;2023 2e kwartaal;81130;15413;65717
7720;Bestelauto;Diesel;2023 juli;26029;4040;21989
7721;Bestelauto;Diesel;2023 augustus;23772;4084;19688
7722;Bestelauto;Diesel;2023 september;26070;4493;21577
7723;Bestelauto;Diesel;2023 3e kwartaal;75871;12617;63254
7724;Bestelauto;Diesel;2023 oktober;28813;4332;24481
7725;Bestelauto;Diesel;2023 november;28772;4287;24485
7726;Bestelauto;Diesel;2023 december;25981;3509;22472
7727;Bestelauto;Diesel;2023 4e kwartaal;83566;12128;71438
7728;Bestelauto;Diesel;2023;328083;56411;271672
7729;Bestelauto;Diesel;2024 januari;30372;5461;24911
7730;Bestelauto;Diesel;2024 februari;29277;5683;23594
7731;Bestelauto;Diesel;2024 maart;32966;7144;25822
7732;Bestelauto;Diesel;2024 1e kwartaal;92615;18288;74327
7733;Bestelauto;Diesel;2024 april;30867;6506;24361
7734;Bestelauto;Diesel;2024 mei;29987;6656;23331
7735;Bestelauto;Diesel;2024 juni;30456;7428;23028
7736;Bestelauto;Diesel;2024 2e kwartaal;91310;20590;70720
7737;Bestelauto;Diesel;2024 juli;31460;6673;24787
7738;Bestelauto;Diesel;2024 augustus;27708;6453;21255
7739;Bestelauto;Diesel;2024 september;32727;8322;24405
7740;Bestelauto;Diesel;2024 3e kwartaal;91895;21448;70447
7741;Bestelauto;Diesel;2024 oktober;38198;10082;28116
7742;Bestelauto;Diesel;2024 november;41212;12933;28279
7743;Bestelauto;Diesel;2024 december;60535;29867;30668
7744;Bestelauto;Diesel;2024 4e kwartaal;139945;52882;87063
7745;Bestelauto;Diesel;2024;415765;113208;302557
7746;Bestelauto;Diesel;2025 januari;30345;583;29762
7747;Bestelauto;Diesel;2025 februari;26144;422;25722
7748;Bestelauto;Diesel;2025 maart;26439;236;26203
7749;Bestelauto;Diesel;2025 1e kwartaal;82928;1241;81687
7750;Bestelauto;Lpg;2007 januari;714;15;699
7751;Bestelauto;Lpg;2007 februari;693;12;681
7752;Bestelauto;Lpg;2007 maart;784;18;766
7753;Bestelauto;Lpg;2007 1e kwartaal;2191;45;2146
7754;Bestelauto;Lpg;2007 april;636;25;611
7755;Bestelauto;Lpg;2007 mei;713;12;701
7756;Bestelauto;Lpg;2007 juni;709;27;682
7757;Bestelauto;Lpg;2007 2e kwartaal;2058;64;1994
7758;Bestelauto;Lpg;2007 juli;657;30;627
7759;Bestelauto;Lpg;2007 augustus;606;19;587
7760;Bestelauto;Lpg;2007 september;639;24;615
7761;Bestelauto;Lpg;2007 3e kwartaal;1902;73;1829
7762;Bestelauto;Lpg;2007 oktober;680;15;665
7763;Bestelauto;Lpg;2007 november;675;18;657
7764;Bestelauto;Lpg;2007 december;541;9;532
7765;Bestelauto;Lpg;2007 4e kwartaal;1896;42;1854
7766;Bestelauto;Lpg;2007;8047;224;7823
7767;Bestelauto;Lpg;2008 januari;712;52;660
7768;Bestelauto;Lpg;2008 februari;669;35;634
7769;Bestelauto;Lpg;2008 maart;678;33;645
7770;Bestelauto;Lpg;2008 1e kwartaal;2059;120;1939
7771;Bestelauto;Lpg;2008 april;655;33;622
7772;Bestelauto;Lpg;2008 mei;705;26;679
7773;Bestelauto;Lpg;2008 juni;696;31;665
7774;Bestelauto;Lpg;2008 2e kwartaal;2056;90;1966
7775;Bestelauto;Lpg;2008 juli;647;46;601
7776;Bestelauto;Lpg;2008 augustus;589;26;563
7777;Bestelauto;Lpg;2008 september;602;36;566
7778;Bestelauto;Lpg;2008 3e kwartaal;1838;108;1730
7779;Bestelauto;Lpg;2008 oktober;655;42;613
7780;Bestelauto;Lpg;2008 november;518;30;488
7781;Bestelauto;Lpg;2008 december;533;13;520
7782;Bestelauto;Lpg;2008 4e kwartaal;1706;85;1621
7783;Bestelauto;Lpg;2008;7659;403;7256
7784;Bestelauto;Lpg;2009 januari;569;59;510
7785;Bestelauto;Lpg;2009 februari;509;22;487
7786;Bestelauto;Lpg;2009 maart;583;35;548
7787;Bestelauto;Lpg;2009 1e kwartaal;1661;116;1545
7788;Bestelauto;Lpg;2009 april;572;39;533
7789;Bestelauto;Lpg;2009 mei;600;33;567
7790;Bestelauto;Lpg;2009 juni;606;36;570
7791;Bestelauto;Lpg;2009 2e kwartaal;1778;108;1670
7792;Bestelauto;Lpg;2009 juli;585;34;551
7793;Bestelauto;Lpg;2009 augustus;511;25;486
7794;Bestelauto;Lpg;2009 september;575;33;542
7795;Bestelauto;Lpg;2009 3e kwartaal;1671;92;1579
7796;Bestelauto;Lpg;2009 oktober;630;34;596
7797;Bestelauto;Lpg;2009 november;535;27;508
7798;Bestelauto;Lpg;2009 december;515;26;489
7799;Bestelauto;Lpg;2009 4e kwartaal;1680;87;1593
7800;Bestelauto;Lpg;2009;6790;403;6387
7801;Bestelauto;Lpg;2010 januari;609;60;549
7802;Bestelauto;Lpg;2010 februari;565;44;521
7803;Bestelauto;Lpg;2010 maart;667;37;630
7804;Bestelauto;Lpg;2010 1e kwartaal;1841;141;1700
7805;Bestelauto;Lpg;2010 april;595;26;569
7806;Bestelauto;Lpg;2010 mei;555;25;530
7807;Bestelauto;Lpg;2010 juni;589;12;577
7808;Bestelauto;Lpg;2010 2e kwartaal;1739;63;1676
7809;Bestelauto;Lpg;2010 juli;555;38;517
7810;Bestelauto;Lpg;2010 augustus;533;26;507
7811;Bestelauto;Lpg;2010 september;624;35;589
7812;Bestelauto;Lpg;2010 3e kwartaal;1712;99;1613
7813;Bestelauto;Lpg;2010 oktober;596;24;572
7814;Bestelauto;Lpg;2010 november;575;33;542
7815;Bestelauto;Lpg;2010 december;514;14;500
7816;Bestelauto;Lpg;2010 4e kwartaal;1685;71;1614
7817;Bestelauto;Lpg;2010;6977;374;6603
7818;Bestelauto;Lpg;2011 januari;625;64;561
7819;Bestelauto;Lpg;2011 februari;556;41;515
7820;Bestelauto;Lpg;2011 maart;657;33;624
7821;Bestelauto;Lpg;2011 1e kwartaal;1838;138;1700
7822;Bestelauto;Lpg;2011 april;577;35;542
7823;Bestelauto;Lpg;2011 mei;563;31;532
7824;Bestelauto;Lpg;2011 juni;637;45;592
7825;Bestelauto;Lpg;2011 2e kwartaal;1777;111;1666
7826;Bestelauto;Lpg;2011 juli;574;40;534
7827;Bestelauto;Lpg;2011 augustus;575;42;533
7828;Bestelauto;Lpg;2011 september;608;41;567
7829;Bestelauto;Lpg;2011 3e kwartaal;1757;123;1634
7830;Bestelauto;Lpg;2011 oktober;620;50;570
7831;Bestelauto;Lpg;2011 november;561;38;523
7832;Bestelauto;Lpg;2011 december;554;26;528
7833;Bestelauto;Lpg;2011 4e kwartaal;1735;114;1621
7834;Bestelauto;Lpg;2011;7107;486;6621
7835;Bestelauto;Lpg;2012 januari;607;62;545
7836;Bestelauto;Lpg;2012 februari;505;57;448
7837;Bestelauto;Lpg;2012 maart;592;42;550
7838;Bestelauto;Lpg;2012 1e kwartaal;1704;161;1543
7839;Bestelauto;Lpg;2012 april;479;30;449
7840;Bestelauto;Lpg;2012 mei;500;38;462
7841;Bestelauto;Lpg;2012 juni;584;88;496
7842;Bestelauto;Lpg;2012 2e kwartaal;1563;156;1407
7843;Bestelauto;Lpg;2012 juli;598;89;509
7844;Bestelauto;Lpg;2012 augustus;520;35;485
7845;Bestelauto;Lpg;2012 september;540;48;492
7846;Bestelauto;Lpg;2012 3e kwartaal;1658;172;1486
7847;Bestelauto;Lpg;2012 oktober;521;28;493
7848;Bestelauto;Lpg;2012 november;525;40;485
7849;Bestelauto;Lpg;2012 december;448;19;429
7850;Bestelauto;Lpg;2012 4e kwartaal;1494;87;1407
7851;Bestelauto;Lpg;2012;6419;576;5843
7852;Bestelauto;Lpg;2013 januari;549;54;495
7853;Bestelauto;Lpg;2013 februari;475;30;445
7854;Bestelauto;Lpg;2013 maart;566;56;510
7855;Bestelauto;Lpg;2013 1e kwartaal;1590;140;1450
7856;Bestelauto;Lpg;2013 april;536;30;506
7857;Bestelauto;Lpg;2013 mei;496;26;470
7858;Bestelauto;Lpg;2013 juni;574;57;517
7859;Bestelauto;Lpg;2013 2e kwartaal;1606;113;1493
7860;Bestelauto;Lpg;2013 juli;497;29;468
7861;Bestelauto;Lpg;2013 augustus;511;35;476
7862;Bestelauto;Lpg;2013 september;511;47;464
7863;Bestelauto;Lpg;2013 3e kwartaal;1519;111;1408
7864;Bestelauto;Lpg;2013 oktober;613;46;567
7865;Bestelauto;Lpg;2013 november;597;47;550
7866;Bestelauto;Lpg;2013 december;645;30;615
7867;Bestelauto;Lpg;2013 4e kwartaal;1855;123;1732
7868;Bestelauto;Lpg;2013;6570;487;6083
7869;Bestelauto;Lpg;2014 januari;700;105;595
7870;Bestelauto;Lpg;2014 februari;560;71;489
7871;Bestelauto;Lpg;2014 maart;584;69;515
7872;Bestelauto;Lpg;2014 1e kwartaal;1844;245;1599
7873;Bestelauto;Lpg;2014 april;550;59;491
7874;Bestelauto;Lpg;2014 mei;531;70;461
7875;Bestelauto;Lpg;2014 juni;509;55;454
7876;Bestelauto;Lpg;2014 2e kwartaal;1590;184;1406
7877;Bestelauto;Lpg;2014 juli;581;84;497
7878;Bestelauto;Lpg;2014 augustus;493;63;430
7879;Bestelauto;Lpg;2014 september;535;68;467
7880;Bestelauto;Lpg;2014 3e kwartaal;1609;215;1394
7881;Bestelauto;Lpg;2014 oktober;517;71;446
7882;Bestelauto;Lpg;2014 november;487;46;441
7883;Bestelauto;Lpg;2014 december;460;40;420
7884;Bestelauto;Lpg;2014 4e kwartaal;1464;157;1307
7885;Bestelauto;Lpg;2014;6507;801;5706
7886;Bestelauto;Lpg;2015 januari;577;115;462
7887;Bestelauto;Lpg;2015 februari;503;76;427
7888;Bestelauto;Lpg;2015 maart;567;70;497
7889;Bestelauto;Lpg;2015 1e kwartaal;1647;261;1386
7890;Bestelauto;Lpg;2015 april;465;43;422
7891;Bestelauto;Lpg;2015 mei;487;42;445
7892;Bestelauto;Lpg;2015 juni;515;53;462
7893;Bestelauto;Lpg;2015 2e kwartaal;1467;138;1329
7894;Bestelauto;Lpg;2015 juli;486;51;435
7895;Bestelauto;Lpg;2015 augustus;432;35;397
7896;Bestelauto;Lpg;2015 september;440;43;397
7897;Bestelauto;Lpg;2015 3e kwartaal;1358;129;1229
7898;Bestelauto;Lpg;2015 oktober;503;47;456
7899;Bestelauto;Lpg;2015 november;495;57;438
7900;Bestelauto;Lpg;2015 december;488;31;457
7901;Bestelauto;Lpg;2015 4e kwartaal;1486;135;1351
7902;Bestelauto;Lpg;2015;5958;663;5295
7903;Bestelauto;Lpg;2016 januari;522;96;426
7904;Bestelauto;Lpg;2016 februari;458;51;407
7905;Bestelauto;Lpg;2016 maart;557;69;488
7906;Bestelauto;Lpg;2016 1e kwartaal;1537;216;1321
7907;Bestelauto;Lpg;2016 april;507;67;440
7908;Bestelauto;Lpg;2016 mei;500;58;442
7909;Bestelauto;Lpg;2016 juni;532;54;478
7910;Bestelauto;Lpg;2016 2e kwartaal;1539;179;1360
7911;Bestelauto;Lpg;2016 juli;510;53;457
7912;Bestelauto;Lpg;2016 augustus;441;46;395
7913;Bestelauto;Lpg;2016 september;500;77;423
7914;Bestelauto;Lpg;2016 3e kwartaal;1451;176;1275
7915;Bestelauto;Lpg;2016 oktober;460;49;411
7916;Bestelauto;Lpg;2016 november;460;67;393
7917;Bestelauto;Lpg;2016 december;485;27;458
7918;Bestelauto;Lpg;2016 4e kwartaal;1405;143;1262
7919;Bestelauto;Lpg;2016;5932;714;5218
7920;Bestelauto;Lpg;2017 januari;574;124;450
7921;Bestelauto;Lpg;2017 februari;471;72;399
7922;Bestelauto;Lpg;2017 maart;588;79;509
7923;Bestelauto;Lpg;2017 1e kwartaal;1633;275;1358
7924;Bestelauto;Lpg;2017 april;496;55;441
7925;Bestelauto;Lpg;2017 mei;584;80;504
7926;Bestelauto;Lpg;2017 juni;557;81;476
7927;Bestelauto;Lpg;2017 2e kwartaal;1637;216;1421
7928;Bestelauto;Lpg;2017 juli;568;82;486
7929;Bestelauto;Lpg;2017 augustus;469;50;419
7930;Bestelauto;Lpg;2017 september;566;73;493
7931;Bestelauto;Lpg;2017 3e kwartaal;1603;205;1398
7932;Bestelauto;Lpg;2017 oktober;541;90;451
7933;Bestelauto;Lpg;2017 november;490;83;407
7934;Bestelauto;Lpg;2017 december;493;68;425
7935;Bestelauto;Lpg;2017 4e kwartaal;1524;241;1283
7936;Bestelauto;Lpg;2017;6397;937;5460
7937;Bestelauto;Lpg;2018 januari;644;173;471
7938;Bestelauto;Lpg;2018 februari;521;86;435
7939;Bestelauto;Lpg;2018 maart;615;92;523
7940;Bestelauto;Lpg;2018 1e kwartaal;1780;351;1429
7941;Bestelauto;Lpg;2018 april;491;86;405
7942;Bestelauto;Lpg;2018 mei;557;76;481
7943;Bestelauto;Lpg;2018 juni;588;83;505
7944;Bestelauto;Lpg;2018 2e kwartaal;1636;245;1391
7945;Bestelauto;Lpg;2018 juli;609;70;539
7946;Bestelauto;Lpg;2018 augustus;530;68;462
7947;Bestelauto;Lpg;2018 september;526;71;455
7948;Bestelauto;Lpg;2018 3e kwartaal;1665;209;1456
7949;Bestelauto;Lpg;2018 oktober;527;77;450
7950;Bestelauto;Lpg;2018 november;571;86;485
7951;Bestelauto;Lpg;2018 december;480;42;438
7952;Bestelauto;Lpg;2018 4e kwartaal;1578;205;1373
7953;Bestelauto;Lpg;2018;6659;1010;5649
7954;Bestelauto;Lpg;2019 januari;634;126;508
7955;Bestelauto;Lpg;2019 februari;531;81;450
7956;Bestelauto;Lpg;2019 maart;603;91;512
7957;Bestelauto;Lpg;2019 1e kwartaal;1768;298;1470
7958;Bestelauto;Lpg;2019 april;586;97;489
7959;Bestelauto;Lpg;2019 mei;585;74;511
7960;Bestelauto;Lpg;2019 juni;560;95;465
7961;Bestelauto;Lpg;2019 2e kwartaal;1731;266;1465
7962;Bestelauto;Lpg;2019 juli;593;126;467
7963;Bestelauto;Lpg;2019 augustus;566;119;447
7964;Bestelauto;Lpg;2019 september;519;68;451
7965;Bestelauto;Lpg;2019 3e kwartaal;1678;313;1365
7966;Bestelauto;Lpg;2019 oktober;606;65;541
7967;Bestelauto;Lpg;2019 november;566;84;482
7968;Bestelauto;Lpg;2019 december;555;57;498
7969;Bestelauto;Lpg;2019 4e kwartaal;1727;206;1521
7970;Bestelauto;Lpg;2019;6904;1083;5821
7971;Bestelauto;Lpg;2020 januari;599;87;512
7972;Bestelauto;Lpg;2020 februari;675;136;539
7973;Bestelauto;Lpg;2020 maart;573;101;472
7974;Bestelauto;Lpg;2020 1e kwartaal;1847;324;1523
7975;Bestelauto;Lpg;2020 april;464;53;411
7976;Bestelauto;Lpg;2020 mei;617;64;553
7977;Bestelauto;Lpg;2020 juni;629;72;557
7978;Bestelauto;Lpg;2020 2e kwartaal;1710;189;1521
7979;Bestelauto;Lpg;2020 juli;669;104;565
7980;Bestelauto;Lpg;2020 augustus;595;85;510
7981;Bestelauto;Lpg;2020 september;656;105;551
7982;Bestelauto;Lpg;2020 3e kwartaal;1920;294;1626
7983;Bestelauto;Lpg;2020 oktober;661;83;578
7984;Bestelauto;Lpg;2020 november;572;79;493
7985;Bestelauto;Lpg;2020 december;630;57;573
7986;Bestelauto;Lpg;2020 4e kwartaal;1863;219;1644
7987;Bestelauto;Lpg;2020;7340;1026;6314
7988;Bestelauto;Lpg;2021 januari;638;86;552
7989;Bestelauto;Lpg;2021 februari;599;92;507
7990;Bestelauto;Lpg;2021 maart;668;95;573
7991;Bestelauto;Lpg;2021 1e kwartaal;1905;273;1632
7992;Bestelauto;Lpg;2021 april;620;88;532
7993;Bestelauto;Lpg;2021 mei;574;67;507
7994;Bestelauto;Lpg;2021 juni;571;89;482
7995;Bestelauto;Lpg;2021 2e kwartaal;1765;244;1521
7996;Bestelauto;Lpg;2021 juli;662;97;565
7997;Bestelauto;Lpg;2021 augustus;563;91;472
7998;Bestelauto;Lpg;2021 september;611;68;543
7999;Bestelauto;Lpg;2021 3e kwartaal;1836;256;1580
8000;Bestelauto;Lpg;2021 oktober;582;63;519
8001;Bestelauto;Lpg;2021 november;580;52;528
8002;Bestelauto;Lpg;2021 december;567;37;530
8003;Bestelauto;Lpg;2021 4e kwartaal;1729;152;1577
8004;Bestelauto;Lpg;2021;7235;925;6310
8005;Bestelauto;Lpg;2022 januari;674;77;597
8006;Bestelauto;Lpg;2022 februari;571;69;502
8007;Bestelauto;Lpg;2022 maart;612;64;548
8008;Bestelauto;Lpg;2022 1e kwartaal;1857;210;1647
8009;Bestelauto;Lpg;2022 april;575;49;526
8010;Bestelauto;Lpg;2022 mei;540;60;480
8011;Bestelauto;Lpg;2022 juni;578;61;517
8012;Bestelauto;Lpg;2022 2e kwartaal;1693;170;1523
8013;Bestelauto;Lpg;2022 juli;564;60;504
8014;Bestelauto;Lpg;2022 augustus;543;53;490
8015;Bestelauto;Lpg;2022 september;564;85;479
8016;Bestelauto;Lpg;2022 3e kwartaal;1671;198;1473
8017;Bestelauto;Lpg;2022 oktober;589;69;520
8018;Bestelauto;Lpg;2022 november;598;76;522
8019;Bestelauto;Lpg;2022 december;621;50;571
8020;Bestelauto;Lpg;2022 4e kwartaal;1808;195;1613
8021;Bestelauto;Lpg;2022;7029;773;6256
8022;Bestelauto;Lpg;2023 januari;656;137;519
8023;Bestelauto;Lpg;2023 februari;651;78;573
8024;Bestelauto;Lpg;2023 maart;713;87;626
8025;Bestelauto;Lpg;2023 1e kwartaal;2020;302;1718
8026;Bestelauto;Lpg;2023 april;621;79;542
8027;Bestelauto;Lpg;2023 mei;673;90;583
8028;Bestelauto;Lpg;2023 juni;716;87;629
8029;Bestelauto;Lpg;2023 2e kwartaal;2010;256;1754
8030;Bestelauto;Lpg;2023 juli;672;83;589
8031;Bestelauto;Lpg;2023 augustus;594;52;542
8032;Bestelauto;Lpg;2023 september;650;79;571
8033;Bestelauto;Lpg;2023 3e kwartaal;1916;214;1702
8034;Bestelauto;Lpg;2023 oktober;684;81;603
8035;Bestelauto;Lpg;2023 november;657;98;559
8036;Bestelauto;Lpg;2023 december;646;71;575
8037;Bestelauto;Lpg;2023 4e kwartaal;1987;250;1737
8038;Bestelauto;Lpg;2023;7933;1022;6911
8039;Bestelauto;Lpg;2024 januari;716;154;562
8040;Bestelauto;Lpg;2024 februari;687;132;555
8041;Bestelauto;Lpg;2024 maart;788;142;646
8042;Bestelauto;Lpg;2024 1e kwartaal;2191;428;1763
8043;Bestelauto;Lpg;2024 april;692;109;583
8044;Bestelauto;Lpg;2024 mei;738;151;587
8045;Bestelauto;Lpg;2024 juni;794;159;635
8046;Bestelauto;Lpg;2024 2e kwartaal;2224;419;1805
8047;Bestelauto;Lpg;2024 juli;811;151;660
8048;Bestelauto;Lpg;2024 augustus;638;93;545
8049;Bestelauto;Lpg;2024 september;792;139;653
8050;Bestelauto;Lpg;2024 3e kwartaal;2241;383;1858
8051;Bestelauto;Lpg;2024 oktober;784;148;636
8052;Bestelauto;Lpg;2024 november;798;166;632
8053;Bestelauto;Lpg;2024 december;1208;471;737
8054;Bestelauto;Lpg;2024 4e kwartaal;2790;785;2005
8055;Bestelauto;Lpg;2024;9446;2015;7431
8056;Bestelauto;Lpg;2025 januari;703;42;661
8057;Bestelauto;Lpg;2025 februari;625;31;594
8058;Bestelauto;Lpg;2025 maart;627;20;607
8059;Bestelauto;Lpg;2025 1e kwartaal;1955;93;1862
8060;Bestelauto;Full elektric (BEV);2007 januari;1;0;1
8061;Bestelauto;Full elektric (BEV);2007 februari;0;0;0
8062;Bestelauto;Full elektric (BEV);2007 maart;0;0;0
8063;Bestelauto;Full elektric (BEV);2007 1e kwartaal;1;0;1
8064;Bestelauto;Full elektric (BEV);2007 april;2;0;2
8065;Bestelauto;Full elektric (BEV);2007 mei;1;0;1
8066;Bestelauto;Full elektric (BEV);2007 juni;0;0;0
8067;Bestelauto;Full elektric (BEV);2007 2e kwartaal;3;0;3
8068;Bestelauto;Full elektric (BEV);2007 juli;0;0;0
8069;Bestelauto;Full elektric (BEV);2007 augustus;0;0;0
8070;Bestelauto;Full elektric (BEV);2007 september;0;0;0
8071;Bestelauto;Full elektric (BEV);2007 3e kwartaal;0;0;0
8072;Bestelauto;Full elektric (BEV);2007 oktober;0;0;0
8073;Bestelauto;Full elektric (BEV);2007 november;2;0;2
8074;Bestelauto;Full elektric (BEV);2007 december;1;0;1
8075;Bestelauto;Full elektric (BEV);2007 4e kwartaal;3;0;3
8076;Bestelauto;Full elektric (BEV);2007;7;0;7
8077;Bestelauto;Full elektric (BEV);2008 januari;0;0;0
8078;Bestelauto;Full elektric (BEV);2008 februari;0;0;0
8079;Bestelauto;Full elektric (BEV);2008 maart;0;0;0
8080;Bestelauto;Full elektric (BEV);2008 1e kwartaal;0;0;0
8081;Bestelauto;Full elektric (BEV);2008 april;0;0;0
8082;Bestelauto;Full elektric (BEV);2008 mei;0;0;0
8083;Bestelauto;Full elektric (BEV);2008 juni;2;0;2
8084;Bestelauto;Full elektric (BEV);2008 2e kwartaal;2;0;2
8085;Bestelauto;Full elektric (BEV);2008 juli;2;0;2
8086;Bestelauto;Full elektric (BEV);2008 augustus;0;0;0
8087;Bestelauto;Full elektric (BEV);2008 september;0;0;0
8088;Bestelauto;Full elektric (BEV);2008 3e kwartaal;2;0;2
8089;Bestelauto;Full elektric (BEV);2008 oktober;1;0;1
8090;Bestelauto;Full elektric (BEV);2008 november;1;0;1
8091;Bestelauto;Full elektric (BEV);2008 december;0;0;0
8092;Bestelauto;Full elektric (BEV);2008 4e kwartaal;2;0;2
8093;Bestelauto;Full elektric (BEV);2008;6;0;6
8094;Bestelauto;Full elektric (BEV);2009 januari;1;0;1
8095;Bestelauto;Full elektric (BEV);2009 februari;1;0;1
8096;Bestelauto;Full elektric (BEV);2009 maart;6;0;6
8097;Bestelauto;Full elektric (BEV);2009 1e kwartaal;8;0;8
8098;Bestelauto;Full elektric (BEV);2009 april;3;0;3
8099;Bestelauto;Full elektric (BEV);2009 mei;2;0;2
8100;Bestelauto;Full elektric (BEV);2009 juni;2;0;2
8101;Bestelauto;Full elektric (BEV);2009 2e kwartaal;7;0;7
8102;Bestelauto;Full elektric (BEV);2009 juli;1;0;1
8103;Bestelauto;Full elektric (BEV);2009 augustus;1;0;1
8104;Bestelauto;Full elektric (BEV);2009 september;3;1;2
8105;Bestelauto;Full elektric (BEV);2009 3e kwartaal;5;1;4
8106;Bestelauto;Full elektric (BEV);2009 oktober;2;1;1
8107;Bestelauto;Full elektric (BEV);2009 november;0;0;0
8108;Bestelauto;Full elektric (BEV);2009 december;1;0;1
8109;Bestelauto;Full elektric (BEV);2009 4e kwartaal;3;1;2
8110;Bestelauto;Full elektric (BEV);2009;23;2;21
8111;Bestelauto;Full elektric (BEV);2010 januari;4;2;2
8112;Bestelauto;Full elektric (BEV);2010 februari;4;2;2
8113;Bestelauto;Full elektric (BEV);2010 maart;5;2;3
8114;Bestelauto;Full elektric (BEV);2010 1e kwartaal;13;6;7
8115;Bestelauto;Full elektric (BEV);2010 april;3;3;0
8116;Bestelauto;Full elektric (BEV);2010 mei;4;2;2
8117;Bestelauto;Full elektric (BEV);2010 juni;0;0;0
8118;Bestelauto;Full elektric (BEV);2010 2e kwartaal;7;5;2
8119;Bestelauto;Full elektric (BEV);2010 juli;1;0;1
8120;Bestelauto;Full elektric (BEV);2010 augustus;8;6;2
8121;Bestelauto;Full elektric (BEV);2010 september;7;6;1
8122;Bestelauto;Full elektric (BEV);2010 3e kwartaal;16;12;4
8123;Bestelauto;Full elektric (BEV);2010 oktober;2;1;1
8124;Bestelauto;Full elektric (BEV);2010 november;12;5;7
8125;Bestelauto;Full elektric (BEV);2010 december;6;5;1
8126;Bestelauto;Full elektric (BEV);2010 4e kwartaal;20;11;9
8127;Bestelauto;Full elektric (BEV);2010;56;34;22
8128;Bestelauto;Full elektric (BEV);2011 januari;13;9;4
8129;Bestelauto;Full elektric (BEV);2011 februari;11;10;1
8130;Bestelauto;Full elektric (BEV);2011 maart;15;7;8
8131;Bestelauto;Full elektric (BEV);2011 1e kwartaal;39;26;13
8132;Bestelauto;Full elektric (BEV);2011 april;15;9;6
8133;Bestelauto;Full elektric (BEV);2011 mei;5;2;3
8134;Bestelauto;Full elektric (BEV);2011 juni;2;1;1
8135;Bestelauto;Full elektric (BEV);2011 2e kwartaal;22;12;10
8136;Bestelauto;Full elektric (BEV);2011 juli;6;3;3
8137;Bestelauto;Full elektric (BEV);2011 augustus;9;8;1
8138;Bestelauto;Full elektric (BEV);2011 september;3;2;1
8139;Bestelauto;Full elektric (BEV);2011 3e kwartaal;18;13;5
8140;Bestelauto;Full elektric (BEV);2011 oktober;5;3;2
8141;Bestelauto;Full elektric (BEV);2011 november;9;7;2
8142;Bestelauto;Full elektric (BEV);2011 december;14;14;0
8143;Bestelauto;Full elektric (BEV);2011 4e kwartaal;28;24;4
8144;Bestelauto;Full elektric (BEV);2011;107;75;32
8145;Bestelauto;Full elektric (BEV);2012 januari;38;38;0
8146;Bestelauto;Full elektric (BEV);2012 februari;59;54;5
8147;Bestelauto;Full elektric (BEV);2012 maart;46;45;1
8148;Bestelauto;Full elektric (BEV);2012 1e kwartaal;143;137;6
8149;Bestelauto;Full elektric (BEV);2012 april;27;25;2
8150;Bestelauto;Full elektric (BEV);2012 mei;28;25;3
8151;Bestelauto;Full elektric (BEV);2012 juni;24;24;0
8152;Bestelauto;Full elektric (BEV);2012 2e kwartaal;79;74;5
8153;Bestelauto;Full elektric (BEV);2012 juli;19;14;5
8154;Bestelauto;Full elektric (BEV);2012 augustus;17;15;2
8155;Bestelauto;Full elektric (BEV);2012 september;15;11;4
8156;Bestelauto;Full elektric (BEV);2012 3e kwartaal;51;40;11
8157;Bestelauto;Full elektric (BEV);2012 oktober;27;21;6
8158;Bestelauto;Full elektric (BEV);2012 november;32;25;7
8159;Bestelauto;Full elektric (BEV);2012 december;45;38;7
8160;Bestelauto;Full elektric (BEV);2012 4e kwartaal;104;84;20
8161;Bestelauto;Full elektric (BEV);2012;377;335;42
8162;Bestelauto;Full elektric (BEV);2013 januari;20;10;10
8163;Bestelauto;Full elektric (BEV);2013 februari;27;18;9
8164;Bestelauto;Full elektric (BEV);2013 maart;28;18;10
8165;Bestelauto;Full elektric (BEV);2013 1e kwartaal;75;46;29
8166;Bestelauto;Full elektric (BEV);2013 april;13;5;8
8167;Bestelauto;Full elektric (BEV);2013 mei;31;17;14
8168;Bestelauto;Full elektric (BEV);2013 juni;26;15;11
8169;Bestelauto;Full elektric (BEV);2013 2e kwartaal;70;37;33
8170;Bestelauto;Full elektric (BEV);2013 juli;21;12;9
8171;Bestelauto;Full elektric (BEV);2013 augustus;18;12;6
8172;Bestelauto;Full elektric (BEV);2013 september;25;14;11
8173;Bestelauto;Full elektric (BEV);2013 3e kwartaal;64;38;26
8174;Bestelauto;Full elektric (BEV);2013 oktober;13;9;4
8175;Bestelauto;Full elektric (BEV);2013 november;23;10;13
8176;Bestelauto;Full elektric (BEV);2013 december;31;26;5
8177;Bestelauto;Full elektric (BEV);2013 4e kwartaal;67;45;22
8178;Bestelauto;Full elektric (BEV);2013;276;166;110
8179;Bestelauto;Full elektric (BEV);2014 januari;14;7;7
8180;Bestelauto;Full elektric (BEV);2014 februari;23;15;8
8181;Bestelauto;Full elektric (BEV);2014 maart;28;7;21
8182;Bestelauto;Full elektric (BEV);2014 1e kwartaal;65;29;36
8183;Bestelauto;Full elektric (BEV);2014 april;30;15;15
8184;Bestelauto;Full elektric (BEV);2014 mei;23;9;14
8185;Bestelauto;Full elektric (BEV);2014 juni;44;24;20
8186;Bestelauto;Full elektric (BEV);2014 2e kwartaal;97;48;49
8187;Bestelauto;Full elektric (BEV);2014 juli;42;25;17
8188;Bestelauto;Full elektric (BEV);2014 augustus;33;13;20
8189;Bestelauto;Full elektric (BEV);2014 september;90;68;22
8190;Bestelauto;Full elektric (BEV);2014 3e kwartaal;165;106;59
8191;Bestelauto;Full elektric (BEV);2014 oktober;115;87;28
8192;Bestelauto;Full elektric (BEV);2014 november;124;88;36
8193;Bestelauto;Full elektric (BEV);2014 december;279;242;37
8194;Bestelauto;Full elektric (BEV);2014 4e kwartaal;518;417;101
8195;Bestelauto;Full elektric (BEV);2014;845;600;245
8196;Bestelauto;Full elektric (BEV);2015 januari;30;7;23
8197;Bestelauto;Full elektric (BEV);2015 februari;19;5;14
8198;Bestelauto;Full elektric (BEV);2015 maart;92;75;17
8199;Bestelauto;Full elektric (BEV);2015 1e kwartaal;141;87;54
8200;Bestelauto;Full elektric (BEV);2015 april;25;5;20
8201;Bestelauto;Full elektric (BEV);2015 mei;19;15;4
8202;Bestelauto;Full elektric (BEV);2015 juni;30;9;21
8203;Bestelauto;Full elektric (BEV);2015 2e kwartaal;74;29;45
8204;Bestelauto;Full elektric (BEV);2015 juli;39;13;26
8205;Bestelauto;Full elektric (BEV);2015 augustus;34;18;16
8206;Bestelauto;Full elektric (BEV);2015 september;93;67;26
8207;Bestelauto;Full elektric (BEV);2015 3e kwartaal;166;98;68
8208;Bestelauto;Full elektric (BEV);2015 oktober;35;19;16
8209;Bestelauto;Full elektric (BEV);2015 november;27;9;18
8210;Bestelauto;Full elektric (BEV);2015 december;58;26;32
8211;Bestelauto;Full elektric (BEV);2015 4e kwartaal;120;54;66
8212;Bestelauto;Full elektric (BEV);2015;501;268;233
8213;Bestelauto;Full elektric (BEV);2016 januari;65;35;30
8214;Bestelauto;Full elektric (BEV);2016 februari;45;19;26
8215;Bestelauto;Full elektric (BEV);2016 maart;83;59;24
8216;Bestelauto;Full elektric (BEV);2016 1e kwartaal;193;113;80
8217;Bestelauto;Full elektric (BEV);2016 april;70;9;61
8218;Bestelauto;Full elektric (BEV);2016 mei;51;12;39
8219;Bestelauto;Full elektric (BEV);2016 juni;64;25;39
8220;Bestelauto;Full elektric (BEV);2016 2e kwartaal;185;46;139
8221;Bestelauto;Full elektric (BEV);2016 juli;74;41;33
8222;Bestelauto;Full elektric (BEV);2016 augustus;40;16;24
8223;Bestelauto;Full elektric (BEV);2016 september;65;11;54
8224;Bestelauto;Full elektric (BEV);2016 3e kwartaal;179;68;111
8225;Bestelauto;Full elektric (BEV);2016 oktober;50;19;31
8226;Bestelauto;Full elektric (BEV);2016 november;73;31;42
8227;Bestelauto;Full elektric (BEV);2016 december;52;22;30
8228;Bestelauto;Full elektric (BEV);2016 4e kwartaal;175;72;103
8229;Bestelauto;Full elektric (BEV);2016;732;299;433
8230;Bestelauto;Full elektric (BEV);2017 januari;62;18;44
8231;Bestelauto;Full elektric (BEV);2017 februari;48;13;35
8232;Bestelauto;Full elektric (BEV);2017 maart;80;41;39
8233;Bestelauto;Full elektric (BEV);2017 1e kwartaal;190;72;118
8234;Bestelauto;Full elektric (BEV);2017 april;90;55;35
8235;Bestelauto;Full elektric (BEV);2017 mei;101;49;52
8236;Bestelauto;Full elektric (BEV);2017 juni;99;50;49
8237;Bestelauto;Full elektric (BEV);2017 2e kwartaal;290;154;136
8238;Bestelauto;Full elektric (BEV);2017 juli;120;56;64
8239;Bestelauto;Full elektric (BEV);2017 augustus;98;51;47
8240;Bestelauto;Full elektric (BEV);2017 september;71;49;22
8241;Bestelauto;Full elektric (BEV);2017 3e kwartaal;289;156;133
8242;Bestelauto;Full elektric (BEV);2017 oktober;69;40;29
8243;Bestelauto;Full elektric (BEV);2017 november;64;42;22
8244;Bestelauto;Full elektric (BEV);2017 december;83;43;40
8245;Bestelauto;Full elektric (BEV);2017 4e kwartaal;216;125;91
8246;Bestelauto;Full elektric (BEV);2017;985;507;478
8247;Bestelauto;Full elektric (BEV);2018 januari;109;69;40
8248;Bestelauto;Full elektric (BEV);2018 februari;68;38;30
8249;Bestelauto;Full elektric (BEV);2018 maart;89;50;39
8250;Bestelauto;Full elektric (BEV);2018 1e kwartaal;266;157;109
8251;Bestelauto;Full elektric (BEV);2018 april;99;59;40
8252;Bestelauto;Full elektric (BEV);2018 mei;128;87;41
8253;Bestelauto;Full elektric (BEV);2018 juni;106;65;41
8254;Bestelauto;Full elektric (BEV);2018 2e kwartaal;333;211;122
8255;Bestelauto;Full elektric (BEV);2018 juli;106;72;34
8256;Bestelauto;Full elektric (BEV);2018 augustus;68;36;32
8257;Bestelauto;Full elektric (BEV);2018 september;119;85;34
8258;Bestelauto;Full elektric (BEV);2018 3e kwartaal;293;193;100
8259;Bestelauto;Full elektric (BEV);2018 oktober;176;140;36
8260;Bestelauto;Full elektric (BEV);2018 november;223;187;36
8261;Bestelauto;Full elektric (BEV);2018 december;124;86;38
8262;Bestelauto;Full elektric (BEV);2018 4e kwartaal;523;413;110
8263;Bestelauto;Full elektric (BEV);2018;1415;974;441
8264;Bestelauto;Full elektric (BEV);2019 januari;143;91;52
8265;Bestelauto;Full elektric (BEV);2019 februari;171;139;32
8266;Bestelauto;Full elektric (BEV);2019 maart;168;106;62
8267;Bestelauto;Full elektric (BEV);2019 1e kwartaal;482;336;146
8268;Bestelauto;Full elektric (BEV);2019 april;154;118;36
8269;Bestelauto;Full elektric (BEV);2019 mei;792;126;666
8270;Bestelauto;Full elektric (BEV);2019 juni;149;107;42
8271;Bestelauto;Full elektric (BEV);2019 2e kwartaal;1095;351;744
8272;Bestelauto;Full elektric (BEV);2019 juli;128;86;42
8273;Bestelauto;Full elektric (BEV);2019 augustus;130;77;53
8274;Bestelauto;Full elektric (BEV);2019 september;128;96;32
8275;Bestelauto;Full elektric (BEV);2019 3e kwartaal;386;259;127
8276;Bestelauto;Full elektric (BEV);2019 oktober;163;95;68
8277;Bestelauto;Full elektric (BEV);2019 november;216;109;107
8278;Bestelauto;Full elektric (BEV);2019 december;197;126;71
8279;Bestelauto;Full elektric (BEV);2019 4e kwartaal;576;330;246
8280;Bestelauto;Full elektric (BEV);2019;2539;1276;1263
8281;Bestelauto;Full elektric (BEV);2020 januari;178;116;62
8282;Bestelauto;Full elektric (BEV);2020 februari;141;77;64
8283;Bestelauto;Full elektric (BEV);2020 maart;178;96;82
8284;Bestelauto;Full elektric (BEV);2020 1e kwartaal;497;289;208
8285;Bestelauto;Full elektric (BEV);2020 april;140;86;54
8286;Bestelauto;Full elektric (BEV);2020 mei;92;39;53
8287;Bestelauto;Full elektric (BEV);2020 juni;141;75;66
8288;Bestelauto;Full elektric (BEV);2020 2e kwartaal;373;200;173
8289;Bestelauto;Full elektric (BEV);2020 juli;133;70;63
8290;Bestelauto;Full elektric (BEV);2020 augustus;123;73;50
8291;Bestelauto;Full elektric (BEV);2020 september;199;120;79
8292;Bestelauto;Full elektric (BEV);2020 3e kwartaal;455;263;192
8293;Bestelauto;Full elektric (BEV);2020 oktober;264;200;64
8294;Bestelauto;Full elektric (BEV);2020 november;469;376;93
8295;Bestelauto;Full elektric (BEV);2020 december;444;344;100
8296;Bestelauto;Full elektric (BEV);2020 4e kwartaal;1177;920;257
8297;Bestelauto;Full elektric (BEV);2020;2502;1672;830
8298;Bestelauto;Full elektric (BEV);2021 januari;197;105;92
8299;Bestelauto;Full elektric (BEV);2021 februari;273;214;59
8300;Bestelauto;Full elektric (BEV);2021 maart;324;227;97
8301;Bestelauto;Full elektric (BEV);2021 1e kwartaal;794;546;248
8302;Bestelauto;Full elektric (BEV);2021 april;248;155;93
8303;Bestelauto;Full elektric (BEV);2021 mei;371;293;78
8304;Bestelauto;Full elektric (BEV);2021 juni;332;248;84
8305;Bestelauto;Full elektric (BEV);2021 2e kwartaal;951;696;255
8306;Bestelauto;Full elektric (BEV);2021 juli;323;242;81
8307;Bestelauto;Full elektric (BEV);2021 augustus;226;147;79
8308;Bestelauto;Full elektric (BEV);2021 september;481;366;115
8309;Bestelauto;Full elektric (BEV);2021 3e kwartaal;1030;755;275
8310;Bestelauto;Full elektric (BEV);2021 oktober;634;509;125
8311;Bestelauto;Full elektric (BEV);2021 november;415;296;119
8312;Bestelauto;Full elektric (BEV);2021 december;472;373;99
8313;Bestelauto;Full elektric (BEV);2021 4e kwartaal;1521;1178;343
8314;Bestelauto;Full elektric (BEV);2021;4296;3175;1121
8315;Bestelauto;Full elektric (BEV);2022 januari;439;329;110
8316;Bestelauto;Full elektric (BEV);2022 februari;444;329;115
8317;Bestelauto;Full elektric (BEV);2022 maart;517;371;146
8318;Bestelauto;Full elektric (BEV);2022 1e kwartaal;1400;1029;371
8319;Bestelauto;Full elektric (BEV);2022 april;476;376;100
8320;Bestelauto;Full elektric (BEV);2022 mei;438;317;121
8321;Bestelauto;Full elektric (BEV);2022 juni;632;481;151
8322;Bestelauto;Full elektric (BEV);2022 2e kwartaal;1546;1174;372
8323;Bestelauto;Full elektric (BEV);2022 juli;400;250;150
8324;Bestelauto;Full elektric (BEV);2022 augustus;430;301;129
8325;Bestelauto;Full elektric (BEV);2022 september;503;352;151
8326;Bestelauto;Full elektric (BEV);2022 3e kwartaal;1333;903;430
8327;Bestelauto;Full elektric (BEV);2022 oktober;536;388;148
8328;Bestelauto;Full elektric (BEV);2022 november;720;564;156
8329;Bestelauto;Full elektric (BEV);2022 december;801;648;153
8330;Bestelauto;Full elektric (BEV);2022 4e kwartaal;2057;1600;457
8331;Bestelauto;Full elektric (BEV);2022;6336;4706;1630
8332;Bestelauto;Full elektric (BEV);2023 januari;728;572;156
8333;Bestelauto;Full elektric (BEV);2023 februari;954;754;200
8334;Bestelauto;Full elektric (BEV);2023 maart;1153;927;226
8335;Bestelauto;Full elektric (BEV);2023 1e kwartaal;2835;2253;582
8336;Bestelauto;Full elektric (BEV);2023 april;728;552;176
8337;Bestelauto;Full elektric (BEV);2023 mei;966;731;235
8338;Bestelauto;Full elektric (BEV);2023 juni;1484;1233;251
8339;Bestelauto;Full elektric (BEV);2023 2e kwartaal;3178;2516;662
8340;Bestelauto;Full elektric (BEV);2023 juli;1156;915;241
8341;Bestelauto;Full elektric (BEV);2023 augustus;1084;883;201
8342;Bestelauto;Full elektric (BEV);2023 september;1092;801;291
8343;Bestelauto;Full elektric (BEV);2023 3e kwartaal;3332;2599;733
8344;Bestelauto;Full elektric (BEV);2023 oktober;1314;950;364
8345;Bestelauto;Full elektric (BEV);2023 november;1248;894;354
8346;Bestelauto;Full elektric (BEV);2023 december;1090;757;333
8347;Bestelauto;Full elektric (BEV);2023 4e kwartaal;3652;2601;1051
8348;Bestelauto;Full elektric (BEV);2023;12997;9969;3028
8349;Bestelauto;Full elektric (BEV);2024 januari;1193;840;353
8350;Bestelauto;Full elektric (BEV);2024 februari;1144;776;368
8351;Bestelauto;Full elektric (BEV);2024 maart;1353;965;388
8352;Bestelauto;Full elektric (BEV);2024 1e kwartaal;3690;2581;1109
8353;Bestelauto;Full elektric (BEV);2024 april;986;622;364
8354;Bestelauto;Full elektric (BEV);2024 mei;1251;868;383
8355;Bestelauto;Full elektric (BEV);2024 juni;1276;927;349
8356;Bestelauto;Full elektric (BEV);2024 2e kwartaal;3513;2417;1096
8357;Bestelauto;Full elektric (BEV);2024 juli;1267;905;362
8358;Bestelauto;Full elektric (BEV);2024 augustus;1002;666;336
8359;Bestelauto;Full elektric (BEV);2024 september;1100;728;372
8360;Bestelauto;Full elektric (BEV);2024 3e kwartaal;3369;2299;1070
8361;Bestelauto;Full elektric (BEV);2024 oktober;1446;1019;427
8362;Bestelauto;Full elektric (BEV);2024 november;1768;1331;437
8363;Bestelauto;Full elektric (BEV);2024 december;2103;1647;456
8364;Bestelauto;Full elektric (BEV);2024 4e kwartaal;5317;3997;1320
8365;Bestelauto;Full elektric (BEV);2024;15889;11294;4595
8366;Bestelauto;Full elektric (BEV);2025 januari;1673;1180;493
8367;Bestelauto;Full elektric (BEV);2025 februari;1684;1250;434
8368;Bestelauto;Full elektric (BEV);2025 maart;1752;1265;487
8369;Bestelauto;Full elektric (BEV);2025 1e kwartaal;5109;3695;1414
8370;Bestelauto;Totaal hybrides;2007 januari;0;0;0
8371;Bestelauto;Totaal hybrides;2007 februari;0;0;0
8372;Bestelauto;Totaal hybrides;2007 maart;0;0;0
8373;Bestelauto;Totaal hybrides;2007 1e kwartaal;0;0;0
8374;Bestelauto;Totaal hybrides;2007 april;0;0;0
8375;Bestelauto;Totaal hybrides;2007 mei;0;0;0
8376;Bestelauto;Totaal hybrides;2007 juni;0;0;0
8377;Bestelauto;Totaal hybrides;2007 2e kwartaal;0;0;0
8378;Bestelauto;Totaal hybrides;2007 juli;0;0;0
8379;Bestelauto;Totaal hybrides;2007 augustus;0;0;0
8380;Bestelauto;Totaal hybrides;2007 september;0;0;0
8381;Bestelauto;Totaal hybrides;2007 3e kwartaal;0;0;0
8382;Bestelauto;Totaal hybrides;2007 oktober;0;0;0
8383;Bestelauto;Totaal hybrides;2007 november;0;0;0
8384;Bestelauto;Totaal hybrides;2007 december;0;0;0
8385;Bestelauto;Totaal hybrides;2007 4e kwartaal;0;0;0
8386;Bestelauto;Totaal hybrides;2007;0;0;0
8387;Bestelauto;Totaal hybrides;2008 januari;0;0;0
8388;Bestelauto;Totaal hybrides;2008 februari;0;0;0
8389;Bestelauto;Totaal hybrides;2008 maart;0;0;0
8390;Bestelauto;Totaal hybrides;2008 1e kwartaal;0;0;0
8391;Bestelauto;Totaal hybrides;2008 april;0;0;0
8392;Bestelauto;Totaal hybrides;2008 mei;0;0;0
8393;Bestelauto;Totaal hybrides;2008 juni;0;0;0
8394;Bestelauto;Totaal hybrides;2008 2e kwartaal;0;0;0
8395;Bestelauto;Totaal hybrides;2008 juli;0;0;0
8396;Bestelauto;Totaal hybrides;2008 augustus;0;0;0
8397;Bestelauto;Totaal hybrides;2008 september;0;0;0
8398;Bestelauto;Totaal hybrides;2008 3e kwartaal;0;0;0
8399;Bestelauto;Totaal hybrides;2008 oktober;0;0;0
8400;Bestelauto;Totaal hybrides;2008 november;0;0;0
8401;Bestelauto;Totaal hybrides;2008 december;0;0;0
8402;Bestelauto;Totaal hybrides;2008 4e kwartaal;0;0;0
8403;Bestelauto;Totaal hybrides;2008;0;0;0
8404;Bestelauto;Totaal hybrides;2009 januari;0;0;0
8405;Bestelauto;Totaal hybrides;2009 februari;0;0;0
8406;Bestelauto;Totaal hybrides;2009 maart;0;0;0
8407;Bestelauto;Totaal hybrides;2009 1e kwartaal;0;0;0
8408;Bestelauto;Totaal hybrides;2009 april;0;0;0
8409;Bestelauto;Totaal hybrides;2009 mei;0;0;0
8410;Bestelauto;Totaal hybrides;2009 juni;0;0;0
8411;Bestelauto;Totaal hybrides;2009 2e kwartaal;0;0;0
8412;Bestelauto;Totaal hybrides;2009 juli;0;0;0
8413;Bestelauto;Totaal hybrides;2009 augustus;0;0;0
8414;Bestelauto;Totaal hybrides;2009 september;0;0;0
8415;Bestelauto;Totaal hybrides;2009 3e kwartaal;0;0;0
8416;Bestelauto;Totaal hybrides;2009 oktober;0;0;0
8417;Bestelauto;Totaal hybrides;2009 november;0;0;0
8418;Bestelauto;Totaal hybrides;2009 december;0;0;0
8419;Bestelauto;Totaal hybrides;2009 4e kwartaal;0;0;0
8420;Bestelauto;Totaal hybrides;2009;0;0;0
8421;Bestelauto;Totaal hybrides;2010 januari;0;0;0
8422;Bestelauto;Totaal hybrides;2010 februari;0;0;0
8423;Bestelauto;Totaal hybrides;2010 maart;0;0;0
8424;Bestelauto;Totaal hybrides;2010 1e kwartaal;0;0;0
8425;Bestelauto;Totaal hybrides;2010 april;0;0;0
8426;Bestelauto;Totaal hybrides;2010 mei;0;0;0
8427;Bestelauto;Totaal hybrides;2010 juni;0;0;0
8428;Bestelauto;Totaal hybrides;2010 2e kwartaal;0;0;0
8429;Bestelauto;Totaal hybrides;2010 juli;0;0;0
8430;Bestelauto;Totaal hybrides;2010 augustus;0;0;0
8431;Bestelauto;Totaal hybrides;2010 september;0;0;0
8432;Bestelauto;Totaal hybrides;2010 3e kwartaal;0;0;0
8433;Bestelauto;Totaal hybrides;2010 oktober;0;0;0
8434;Bestelauto;Totaal hybrides;2010 november;0;0;0
8435;Bestelauto;Totaal hybrides;2010 december;0;0;0
8436;Bestelauto;Totaal hybrides;2010 4e kwartaal;0;0;0
8437;Bestelauto;Totaal hybrides;2010;0;0;0
8438;Bestelauto;Totaal hybrides;2011 januari;0;0;0
8439;Bestelauto;Totaal hybrides;2011 februari;0;0;0
8440;Bestelauto;Totaal hybrides;2011 maart;0;0;0
8441;Bestelauto;Totaal hybrides;2011 1e kwartaal;0;0;0
8442;Bestelauto;Totaal hybrides;2011 april;0;0;0
8443;Bestelauto;Totaal hybrides;2011 mei;0;0;0
8444;Bestelauto;Totaal hybrides;2011 juni;0;0;0
8445;Bestelauto;Totaal hybrides;2011 2e kwartaal;0;0;0
8446;Bestelauto;Totaal hybrides;2011 juli;0;0;0
8447;Bestelauto;Totaal hybrides;2011 augustus;0;0;0
8448;Bestelauto;Totaal hybrides;2011 september;0;0;0
8449;Bestelauto;Totaal hybrides;2011 3e kwartaal;0;0;0
8450;Bestelauto;Totaal hybrides;2011 oktober;0;0;0
8451;Bestelauto;Totaal hybrides;2011 november;0;0;0
8452;Bestelauto;Totaal hybrides;2011 december;0;0;0
8453;Bestelauto;Totaal hybrides;2011 4e kwartaal;0;0;0
8454;Bestelauto;Totaal hybrides;2011;0;0;0
8455;Bestelauto;Totaal hybrides;2012 januari;0;0;0
8456;Bestelauto;Totaal hybrides;2012 februari;0;0;0
8457;Bestelauto;Totaal hybrides;2012 maart;0;0;0
8458;Bestelauto;Totaal hybrides;2012 1e kwartaal;0;0;0
8459;Bestelauto;Totaal hybrides;2012 april;0;0;0
8460;Bestelauto;Totaal hybrides;2012 mei;0;0;0
8461;Bestelauto;Totaal hybrides;2012 juni;0;0;0
8462;Bestelauto;Totaal hybrides;2012 2e kwartaal;0;0;0
8463;Bestelauto;Totaal hybrides;2012 juli;0;0;0
8464;Bestelauto;Totaal hybrides;2012 augustus;0;0;0
8465;Bestelauto;Totaal hybrides;2012 september;0;0;0
8466;Bestelauto;Totaal hybrides;2012 3e kwartaal;0;0;0
8467;Bestelauto;Totaal hybrides;2012 oktober;0;0;0
8468;Bestelauto;Totaal hybrides;2012 november;0;0;0
8469;Bestelauto;Totaal hybrides;2012 december;0;0;0
8470;Bestelauto;Totaal hybrides;2012 4e kwartaal;0;0;0
8471;Bestelauto;Totaal hybrides;2012;0;0;0
8472;Bestelauto;Totaal hybrides;2013 januari;0;0;0
8473;Bestelauto;Totaal hybrides;2013 februari;0;0;0
8474;Bestelauto;Totaal hybrides;2013 maart;0;0;0
8475;Bestelauto;Totaal hybrides;2013 1e kwartaal;0;0;0
8476;Bestelauto;Totaal hybrides;2013 april;0;0;0
8477;Bestelauto;Totaal hybrides;2013 mei;0;0;0
8478;Bestelauto;Totaal hybrides;2013 juni;0;0;0
8479;Bestelauto;Totaal hybrides;2013 2e kwartaal;0;0;0
8480;Bestelauto;Totaal hybrides;2013 juli;0;0;0
8481;Bestelauto;Totaal hybrides;2013 augustus;0;0;0
8482;Bestelauto;Totaal hybrides;2013 september;0;0;0
8483;Bestelauto;Totaal hybrides;2013 3e kwartaal;0;0;0
8484;Bestelauto;Totaal hybrides;2013 oktober;0;0;0
8485;Bestelauto;Totaal hybrides;2013 november;0;0;0
8486;Bestelauto;Totaal hybrides;2013 december;0;0;0
8487;Bestelauto;Totaal hybrides;2013 4e kwartaal;0;0;0
8488;Bestelauto;Totaal hybrides;2013;0;0;0
8489;Bestelauto;Totaal hybrides;2014 januari;0;0;0
8490;Bestelauto;Totaal hybrides;2014 februari;0;0;0
8491;Bestelauto;Totaal hybrides;2014 maart;0;0;0
8492;Bestelauto;Totaal hybrides;2014 1e kwartaal;0;0;0
8493;Bestelauto;Totaal hybrides;2014 april;0;0;0
8494;Bestelauto;Totaal hybrides;2014 mei;0;0;0
8495;Bestelauto;Totaal hybrides;2014 juni;0;0;0
8496;Bestelauto;Totaal hybrides;2014 2e kwartaal;0;0;0
8497;Bestelauto;Totaal hybrides;2014 juli;0;0;0
8498;Bestelauto;Totaal hybrides;2014 augustus;0;0;0
8499;Bestelauto;Totaal hybrides;2014 september;1;0;1
8500;Bestelauto;Totaal hybrides;2014 3e kwartaal;1;0;1
8501;Bestelauto;Totaal hybrides;2014 oktober;0;0;0
8502;Bestelauto;Totaal hybrides;2014 november;0;0;0
8503;Bestelauto;Totaal hybrides;2014 december;0;0;0
8504;Bestelauto;Totaal hybrides;2014 4e kwartaal;0;0;0
8505;Bestelauto;Totaal hybrides;2014;1;0;1
8506;Bestelauto;Totaal hybrides;2015 januari;0;0;0
8507;Bestelauto;Totaal hybrides;2015 februari;0;0;0
8508;Bestelauto;Totaal hybrides;2015 maart;0;0;0
8509;Bestelauto;Totaal hybrides;2015 1e kwartaal;0;0;0
8510;Bestelauto;Totaal hybrides;2015 april;0;0;0
8511;Bestelauto;Totaal hybrides;2015 mei;0;0;0
8512;Bestelauto;Totaal hybrides;2015 juni;1;1;0
8513;Bestelauto;Totaal hybrides;2015 2e kwartaal;1;1;0
8514;Bestelauto;Totaal hybrides;2015 juli;0;0;0
8515;Bestelauto;Totaal hybrides;2015 augustus;0;0;0
8516;Bestelauto;Totaal hybrides;2015 september;0;0;0
8517;Bestelauto;Totaal hybrides;2015 3e kwartaal;0;0;0
8518;Bestelauto;Totaal hybrides;2015 oktober;0;0;0
8519;Bestelauto;Totaal hybrides;2015 november;0;0;0
8520;Bestelauto;Totaal hybrides;2015 december;0;0;0
8521;Bestelauto;Totaal hybrides;2015 4e kwartaal;0;0;0
8522;Bestelauto;Totaal hybrides;2015;1;1;0
8523;Bestelauto;Totaal hybrides;2016 januari;0;0;0
8524;Bestelauto;Totaal hybrides;2016 februari;0;0;0
8525;Bestelauto;Totaal hybrides;2016 maart;2;0;2
8526;Bestelauto;Totaal hybrides;2016 1e kwartaal;2;0;2
8527;Bestelauto;Totaal hybrides;2016 april;1;0;1
8528;Bestelauto;Totaal hybrides;2016 mei;0;0;0
8529;Bestelauto;Totaal hybrides;2016 juni;1;0;1
8530;Bestelauto;Totaal hybrides;2016 2e kwartaal;2;0;2
8531;Bestelauto;Totaal hybrides;2016 juli;0;0;0
8532;Bestelauto;Totaal hybrides;2016 augustus;0;0;0
8533;Bestelauto;Totaal hybrides;2016 september;0;0;0
8534;Bestelauto;Totaal hybrides;2016 3e kwartaal;0;0;0
8535;Bestelauto;Totaal hybrides;2016 oktober;0;0;0
8536;Bestelauto;Totaal hybrides;2016 november;1;0;1
8537;Bestelauto;Totaal hybrides;2016 december;0;0;0
8538;Bestelauto;Totaal hybrides;2016 4e kwartaal;1;0;1
8539;Bestelauto;Totaal hybrides;2016;5;0;5
8540;Bestelauto;Totaal hybrides;2017 januari;0;0;0
8541;Bestelauto;Totaal hybrides;2017 februari;0;0;0
8542;Bestelauto;Totaal hybrides;2017 maart;0;0;0
8543;Bestelauto;Totaal hybrides;2017 1e kwartaal;0;0;0
8544;Bestelauto;Totaal hybrides;2017 april;0;0;0
8545;Bestelauto;Totaal hybrides;2017 mei;0;0;0
8546;Bestelauto;Totaal hybrides;2017 juni;0;0;0
8547;Bestelauto;Totaal hybrides;2017 2e kwartaal;0;0;0
8548;Bestelauto;Totaal hybrides;2017 juli;0;0;0
8549;Bestelauto;Totaal hybrides;2017 augustus;0;0;0
8550;Bestelauto;Totaal hybrides;2017 september;0;0;0
8551;Bestelauto;Totaal hybrides;2017 3e kwartaal;0;0;0
8552;Bestelauto;Totaal hybrides;2017 oktober;0;0;0
8553;Bestelauto;Totaal hybrides;2017 november;0;0;0
8554;Bestelauto;Totaal hybrides;2017 december;0;0;0
8555;Bestelauto;Totaal hybrides;2017 4e kwartaal;0;0;0
8556;Bestelauto;Totaal hybrides;2017;0;0;0
8557;Bestelauto;Totaal hybrides;2018 januari;0;0;0
8558;Bestelauto;Totaal hybrides;2018 februari;0;0;0
8559;Bestelauto;Totaal hybrides;2018 maart;0;0;0
8560;Bestelauto;Totaal hybrides;2018 1e kwartaal;0;0;0
8561;Bestelauto;Totaal hybrides;2018 april;0;0;0
8562;Bestelauto;Totaal hybrides;2018 mei;0;0;0
8563;Bestelauto;Totaal hybrides;2018 juni;1;0;1
8564;Bestelauto;Totaal hybrides;2018 2e kwartaal;1;0;1
8565;Bestelauto;Totaal hybrides;2018 juli;0;0;0
8566;Bestelauto;Totaal hybrides;2018 augustus;0;0;0
8567;Bestelauto;Totaal hybrides;2018 september;0;0;0
8568;Bestelauto;Totaal hybrides;2018 3e kwartaal;0;0;0
8569;Bestelauto;Totaal hybrides;2018 oktober;0;0;0
8570;Bestelauto;Totaal hybrides;2018 november;0;0;0
8571;Bestelauto;Totaal hybrides;2018 december;0;0;0
8572;Bestelauto;Totaal hybrides;2018 4e kwartaal;0;0;0
8573;Bestelauto;Totaal hybrides;2018;1;0;1
8574;Bestelauto;Totaal hybrides;2019 januari;1;0;1
8575;Bestelauto;Totaal hybrides;2019 februari;0;0;0
8576;Bestelauto;Totaal hybrides;2019 maart;0;0;0
8577;Bestelauto;Totaal hybrides;2019 1e kwartaal;1;0;1
8578;Bestelauto;Totaal hybrides;2019 april;0;0;0
8579;Bestelauto;Totaal hybrides;2019 mei;0;0;0
8580;Bestelauto;Totaal hybrides;2019 juni;0;0;0
8581;Bestelauto;Totaal hybrides;2019 2e kwartaal;0;0;0
8582;Bestelauto;Totaal hybrides;2019 juli;0;0;0
8583;Bestelauto;Totaal hybrides;2019 augustus;2;0;2
8584;Bestelauto;Totaal hybrides;2019 september;2;2;0
8585;Bestelauto;Totaal hybrides;2019 3e kwartaal;4;2;2
8586;Bestelauto;Totaal hybrides;2019 oktober;0;0;0
8587;Bestelauto;Totaal hybrides;2019 november;1;1;0
8588;Bestelauto;Totaal hybrides;2019 december;4;2;2
8589;Bestelauto;Totaal hybrides;2019 4e kwartaal;5;3;2
8590;Bestelauto;Totaal hybrides;2019;10;5;5
8591;Bestelauto;Totaal hybrides;2020 januari;6;6;0
8592;Bestelauto;Totaal hybrides;2020 februari;3;3;0
8593;Bestelauto;Totaal hybrides;2020 maart;9;8;1
8594;Bestelauto;Totaal hybrides;2020 1e kwartaal;18;17;1
8595;Bestelauto;Totaal hybrides;2020 april;13;12;1
8596;Bestelauto;Totaal hybrides;2020 mei;13;13;0
8597;Bestelauto;Totaal hybrides;2020 juni;8;7;1
8598;Bestelauto;Totaal hybrides;2020 2e kwartaal;34;32;2
8599;Bestelauto;Totaal hybrides;2020 juli;16;15;1
8600;Bestelauto;Totaal hybrides;2020 augustus;22;19;3
8601;Bestelauto;Totaal hybrides;2020 september;38;33;5
8602;Bestelauto;Totaal hybrides;2020 3e kwartaal;76;67;9
8603;Bestelauto;Totaal hybrides;2020 oktober;28;27;1
8604;Bestelauto;Totaal hybrides;2020 november;23;22;1
8605;Bestelauto;Totaal hybrides;2020 december;22;16;6
8606;Bestelauto;Totaal hybrides;2020 4e kwartaal;73;65;8
8607;Bestelauto;Totaal hybrides;2020;201;181;20
8608;Bestelauto;Totaal hybrides;2021 januari;40;34;6
8609;Bestelauto;Totaal hybrides;2021 februari;50;47;3
8610;Bestelauto;Totaal hybrides;2021 maart;76;73;3
8611;Bestelauto;Totaal hybrides;2021 1e kwartaal;166;154;12
8612;Bestelauto;Totaal hybrides;2021 april;65;58;7
8613;Bestelauto;Totaal hybrides;2021 mei;59;54;5
8614;Bestelauto;Totaal hybrides;2021 juni;75;61;14
8615;Bestelauto;Totaal hybrides;2021 2e kwartaal;199;173;26
8616;Bestelauto;Totaal hybrides;2021 juli;71;57;14
8617;Bestelauto;Totaal hybrides;2021 augustus;24;20;4
8618;Bestelauto;Totaal hybrides;2021 september;40;28;12
8619;Bestelauto;Totaal hybrides;2021 3e kwartaal;135;105;30
8620;Bestelauto;Totaal hybrides;2021 oktober;47;36;11
8621;Bestelauto;Totaal hybrides;2021 november;46;27;19
8622;Bestelauto;Totaal hybrides;2021 december;42;23;19
8623;Bestelauto;Totaal hybrides;2021 4e kwartaal;135;86;49
8624;Bestelauto;Totaal hybrides;2021;635;518;117
8625;Bestelauto;Totaal hybrides;2022 januari;59;39;20
8626;Bestelauto;Totaal hybrides;2022 februari;41;24;17
8627;Bestelauto;Totaal hybrides;2022 maart;51;33;18
8628;Bestelauto;Totaal hybrides;2022 1e kwartaal;151;96;55
8629;Bestelauto;Totaal hybrides;2022 april;43;27;16
8630;Bestelauto;Totaal hybrides;2022 mei;42;27;15
8631;Bestelauto;Totaal hybrides;2022 juni;48;30;18
8632;Bestelauto;Totaal hybrides;2022 2e kwartaal;133;84;49
8633;Bestelauto;Totaal hybrides;2022 juli;56;27;29
8634;Bestelauto;Totaal hybrides;2022 augustus;58;39;19
8635;Bestelauto;Totaal hybrides;2022 september;37;17;20
8636;Bestelauto;Totaal hybrides;2022 3e kwartaal;151;83;68
8637;Bestelauto;Totaal hybrides;2022 oktober;41;17;24
8638;Bestelauto;Totaal hybrides;2022 november;47;27;20
8639;Bestelauto;Totaal hybrides;2022 december;55;23;32
8640;Bestelauto;Totaal hybrides;2022 4e kwartaal;143;67;76
8641;Bestelauto;Totaal hybrides;2022;578;330;248
8642;Bestelauto;Totaal hybrides;2023 januari;60;29;31
8643;Bestelauto;Totaal hybrides;2023 februari;55;27;28
8644;Bestelauto;Totaal hybrides;2023 maart;66;35;31
8645;Bestelauto;Totaal hybrides;2023 1e kwartaal;181;91;90
8646;Bestelauto;Totaal hybrides;2023 april;57;28;29
8647;Bestelauto;Totaal hybrides;2023 mei;45;19;26
8648;Bestelauto;Totaal hybrides;2023 juni;44;11;33
8649;Bestelauto;Totaal hybrides;2023 2e kwartaal;146;58;88
8650;Bestelauto;Totaal hybrides;2023 juli;65;23;42
8651;Bestelauto;Totaal hybrides;2023 augustus;40;12;28
8652;Bestelauto;Totaal hybrides;2023 september;64;29;35
8653;Bestelauto;Totaal hybrides;2023 3e kwartaal;169;64;105
8654;Bestelauto;Totaal hybrides;2023 oktober;70;29;41
8655;Bestelauto;Totaal hybrides;2023 november;56;16;40
8656;Bestelauto;Totaal hybrides;2023 december;55;8;47
8657;Bestelauto;Totaal hybrides;2023 4e kwartaal;181;53;128
8658;Bestelauto;Totaal hybrides;2023;677;266;411
8659;Bestelauto;Totaal hybrides;2024 januari;67;42;25
8660;Bestelauto;Totaal hybrides;2024 februari;52;18;34
8661;Bestelauto;Totaal hybrides;2024 maart;72;27;45
8662;Bestelauto;Totaal hybrides;2024 1e kwartaal;191;87;104
8663;Bestelauto;Totaal hybrides;2024 april;52;14;38
8664;Bestelauto;Totaal hybrides;2024 mei;78;33;45
8665;Bestelauto;Totaal hybrides;2024 juni;66;20;46
8666;Bestelauto;Totaal hybrides;2024 2e kwartaal;196;67;129
8667;Bestelauto;Totaal hybrides;2024 juli;69;9;60
8668;Bestelauto;Totaal hybrides;2024 augustus;76;32;44
8669;Bestelauto;Totaal hybrides;2024 september;113;62;51
8670;Bestelauto;Totaal hybrides;2024 3e kwartaal;258;103;155
8671;Bestelauto;Totaal hybrides;2024 oktober;162;100;62
8672;Bestelauto;Totaal hybrides;2024 november;241;154;87
8673;Bestelauto;Totaal hybrides;2024 december;539;418;121
8674;Bestelauto;Totaal hybrides;2024 4e kwartaal;942;672;270
8675;Bestelauto;Totaal hybrides;2024;1587;929;658
8676;Bestelauto;Totaal hybrides;2025 januari;101;12;89
8677;Bestelauto;Totaal hybrides;2025 februari;113;33;80
8678;Bestelauto;Totaal hybrides;2025 maart;107;29;78
8679;Bestelauto;Totaal hybrides;2025 1e kwartaal;321;74;247
8680;Bestelauto;Milde hybride (MEV);2007 januari;0;0;0
8681;Bestelauto;Milde hybride (MEV);2007 februari;0;0;0
8682;Bestelauto;Milde hybride (MEV);2007 maart;0;0;0
8683;Bestelauto;Milde hybride (MEV);2007 1e kwartaal;0;0;0
8684;Bestelauto;Milde hybride (MEV);2007 april;0;0;0
8685;Bestelauto;Milde hybride (MEV);2007 mei;0;0;0
8686;Bestelauto;Milde hybride (MEV);2007 juni;0;0;0
8687;Bestelauto;Milde hybride (MEV);2007 2e kwartaal;0;0;0
8688;Bestelauto;Milde hybride (MEV);2007 juli;0;0;0
8689;Bestelauto;Milde hybride (MEV);2007 augustus;0;0;0
8690;Bestelauto;Milde hybride (MEV);2007 september;0;0;0
8691;Bestelauto;Milde hybride (MEV);2007 3e kwartaal;0;0;0
8692;Bestelauto;Milde hybride (MEV);2007 oktober;0;0;0
8693;Bestelauto;Milde hybride (MEV);2007 november;0;0;0
8694;Bestelauto;Milde hybride (MEV);2007 december;0;0;0
8695;Bestelauto;Milde hybride (MEV);2007 4e kwartaal;0;0;0
8696;Bestelauto;Milde hybride (MEV);2007;0;0;0
8697;Bestelauto;Milde hybride (MEV);2008 januari;0;0;0
8698;Bestelauto;Milde hybride (MEV);2008 februari;0;0;0
8699;Bestelauto;Milde hybride (MEV);2008 maart;0;0;0
8700;Bestelauto;Milde hybride (MEV);2008 1e kwartaal;0;0;0
8701;Bestelauto;Milde hybride (MEV);2008 april;0;0;0
8702;Bestelauto;Milde hybride (MEV);2008 mei;0;0;0
8703;Bestelauto;Milde hybride (MEV);2008 juni;0;0;0
8704;Bestelauto;Milde hybride (MEV);2008 2e kwartaal;0;0;0
8705;Bestelauto;Milde hybride (MEV);2008 juli;0;0;0
8706;Bestelauto;Milde hybride (MEV);2008 augustus;0;0;0
8707;Bestelauto;Milde hybride (MEV);2008 september;0;0;0
8708;Bestelauto;Milde hybride (MEV);2008 3e kwartaal;0;0;0
8709;Bestelauto;Milde hybride (MEV);2008 oktober;0;0;0
8710;Bestelauto;Milde hybride (MEV);2008 november;0;0;0
8711;Bestelauto;Milde hybride (MEV);2008 december;0;0;0
8712;Bestelauto;Milde hybride (MEV);2008 4e kwartaal;0;0;0
8713;Bestelauto;Milde hybride (MEV);2008;0;0;0
8714;Bestelauto;Milde hybride (MEV);2009 januari;0;0;0
8715;Bestelauto;Milde hybride (MEV);2009 februari;0;0;0
8716;Bestelauto;Milde hybride (MEV);2009 maart;0;0;0
8717;Bestelauto;Milde hybride (MEV);2009 1e kwartaal;0;0;0
8718;Bestelauto;Milde hybride (MEV);2009 april;0;0;0
8719;Bestelauto;Milde hybride (MEV);2009 mei;0;0;0
8720;Bestelauto;Milde hybride (MEV);2009 juni;0;0;0
8721;Bestelauto;Milde hybride (MEV);2009 2e kwartaal;0;0;0
8722;Bestelauto;Milde hybride (MEV);2009 juli;0;0;0
8723;Bestelauto;Milde hybride (MEV);2009 augustus;0;0;0
8724;Bestelauto;Milde hybride (MEV);2009 september;0;0;0
8725;Bestelauto;Milde hybride (MEV);2009 3e kwartaal;0;0;0
8726;Bestelauto;Milde hybride (MEV);2009 oktober;0;0;0
8727;Bestelauto;Milde hybride (MEV);2009 november;0;0;0
8728;Bestelauto;Milde hybride (MEV);2009 december;0;0;0
8729;Bestelauto;Milde hybride (MEV);2009 4e kwartaal;0;0;0
8730;Bestelauto;Milde hybride (MEV);2009;0;0;0
8731;Bestelauto;Milde hybride (MEV);2010 januari;0;0;0
8732;Bestelauto;Milde hybride (MEV);2010 februari;0;0;0
8733;Bestelauto;Milde hybride (MEV);2010 maart;0;0;0
8734;Bestelauto;Milde hybride (MEV);2010 1e kwartaal;0;0;0
8735;Bestelauto;Milde hybride (MEV);2010 april;0;0;0
8736;Bestelauto;Milde hybride (MEV);2010 mei;0;0;0
8737;Bestelauto;Milde hybride (MEV);2010 juni;0;0;0
8738;Bestelauto;Milde hybride (MEV);2010 2e kwartaal;0;0;0
8739;Bestelauto;Milde hybride (MEV);2010 juli;0;0;0
8740;Bestelauto;Milde hybride (MEV);2010 augustus;0;0;0
8741;Bestelauto;Milde hybride (MEV);2010 september;0;0;0
8742;Bestelauto;Milde hybride (MEV);2010 3e kwartaal;0;0;0
8743;Bestelauto;Milde hybride (MEV);2010 oktober;0;0;0
8744;Bestelauto;Milde hybride (MEV);2010 november;0;0;0
8745;Bestelauto;Milde hybride (MEV);2010 december;0;0;0
8746;Bestelauto;Milde hybride (MEV);2010 4e kwartaal;0;0;0
8747;Bestelauto;Milde hybride (MEV);2010;0;0;0
8748;Bestelauto;Milde hybride (MEV);2011 januari;0;0;0
8749;Bestelauto;Milde hybride (MEV);2011 februari;0;0;0
8750;Bestelauto;Milde hybride (MEV);2011 maart;0;0;0
8751;Bestelauto;Milde hybride (MEV);2011 1e kwartaal;0;0;0
8752;Bestelauto;Milde hybride (MEV);2011 april;0;0;0
8753;Bestelauto;Milde hybride (MEV);2011 mei;0;0;0
8754;Bestelauto;Milde hybride (MEV);2011 juni;0;0;0
8755;Bestelauto;Milde hybride (MEV);2011 2e kwartaal;0;0;0
8756;Bestelauto;Milde hybride (MEV);2011 juli;0;0;0
8757;Bestelauto;Milde hybride (MEV);2011 augustus;0;0;0
8758;Bestelauto;Milde hybride (MEV);2011 september;0;0;0
8759;Bestelauto;Milde hybride (MEV);2011 3e kwartaal;0;0;0
8760;Bestelauto;Milde hybride (MEV);2011 oktober;0;0;0
8761;Bestelauto;Milde hybride (MEV);2011 november;0;0;0
8762;Bestelauto;Milde hybride (MEV);2011 december;0;0;0
8763;Bestelauto;Milde hybride (MEV);2011 4e kwartaal;0;0;0
8764;Bestelauto;Milde hybride (MEV);2011;0;0;0
8765;Bestelauto;Milde hybride (MEV);2012 januari;0;0;0
8766;Bestelauto;Milde hybride (MEV);2012 februari;0;0;0
8767;Bestelauto;Milde hybride (MEV);2012 maart;0;0;0
8768;Bestelauto;Milde hybride (MEV);2012 1e kwartaal;0;0;0
8769;Bestelauto;Milde hybride (MEV);2012 april;0;0;0
8770;Bestelauto;Milde hybride (MEV);2012 mei;0;0;0
8771;Bestelauto;Milde hybride (MEV);2012 juni;0;0;0
8772;Bestelauto;Milde hybride (MEV);2012 2e kwartaal;0;0;0
8773;Bestelauto;Milde hybride (MEV);2012 juli;0;0;0
8774;Bestelauto;Milde hybride (MEV);2012 augustus;0;0;0
8775;Bestelauto;Milde hybride (MEV);2012 september;0;0;0
8776;Bestelauto;Milde hybride (MEV);2012 3e kwartaal;0;0;0
8777;Bestelauto;Milde hybride (MEV);2012 oktober;0;0;0
8778;Bestelauto;Milde hybride (MEV);2012 november;0;0;0
8779;Bestelauto;Milde hybride (MEV);2012 december;0;0;0
8780;Bestelauto;Milde hybride (MEV);2012 4e kwartaal;0;0;0
8781;Bestelauto;Milde hybride (MEV);2012;0;0;0
8782;Bestelauto;Milde hybride (MEV);2013 januari;0;0;0
8783;Bestelauto;Milde hybride (MEV);2013 februari;0;0;0
8784;Bestelauto;Milde hybride (MEV);2013 maart;0;0;0
8785;Bestelauto;Milde hybride (MEV);2013 1e kwartaal;0;0;0
8786;Bestelauto;Milde hybride (MEV);2013 april;0;0;0
8787;Bestelauto;Milde hybride (MEV);2013 mei;0;0;0
8788;Bestelauto;Milde hybride (MEV);2013 juni;0;0;0
8789;Bestelauto;Milde hybride (MEV);2013 2e kwartaal;0;0;0
8790;Bestelauto;Milde hybride (MEV);2013 juli;0;0;0
8791;Bestelauto;Milde hybride (MEV);2013 augustus;0;0;0
8792;Bestelauto;Milde hybride (MEV);2013 september;0;0;0
8793;Bestelauto;Milde hybride (MEV);2013 3e kwartaal;0;0;0
8794;Bestelauto;Milde hybride (MEV);2013 oktober;0;0;0
8795;Bestelauto;Milde hybride (MEV);2013 november;0;0;0
8796;Bestelauto;Milde hybride (MEV);2013 december;0;0;0
8797;Bestelauto;Milde hybride (MEV);2013 4e kwartaal;0;0;0
8798;Bestelauto;Milde hybride (MEV);2013;0;0;0
8799;Bestelauto;Milde hybride (MEV);2014 januari;0;0;0
8800;Bestelauto;Milde hybride (MEV);2014 februari;0;0;0
8801;Bestelauto;Milde hybride (MEV);2014 maart;0;0;0
8802;Bestelauto;Milde hybride (MEV);2014 1e kwartaal;0;0;0
8803;Bestelauto;Milde hybride (MEV);2014 april;0;0;0
8804;Bestelauto;Milde hybride (MEV);2014 mei;0;0;0
8805;Bestelauto;Milde hybride (MEV);2014 juni;0;0;0
8806;Bestelauto;Milde hybride (MEV);2014 2e kwartaal;0;0;0
8807;Bestelauto;Milde hybride (MEV);2014 juli;0;0;0
8808;Bestelauto;Milde hybride (MEV);2014 augustus;0;0;0
8809;Bestelauto;Milde hybride (MEV);2014 september;0;0;0
8810;Bestelauto;Milde hybride (MEV);2014 3e kwartaal;0;0;0
8811;Bestelauto;Milde hybride (MEV);2014 oktober;0;0;0
8812;Bestelauto;Milde hybride (MEV);2014 november;0;0;0
8813;Bestelauto;Milde hybride (MEV);2014 december;0;0;0
8814;Bestelauto;Milde hybride (MEV);2014 4e kwartaal;0;0;0
8815;Bestelauto;Milde hybride (MEV);2014;0;0;0
8816;Bestelauto;Milde hybride (MEV);2015 januari;0;0;0
8817;Bestelauto;Milde hybride (MEV);2015 februari;0;0;0
8818;Bestelauto;Milde hybride (MEV);2015 maart;0;0;0
8819;Bestelauto;Milde hybride (MEV);2015 1e kwartaal;0;0;0
8820;Bestelauto;Milde hybride (MEV);2015 april;0;0;0
8821;Bestelauto;Milde hybride (MEV);2015 mei;0;0;0
8822;Bestelauto;Milde hybride (MEV);2015 juni;0;0;0
8823;Bestelauto;Milde hybride (MEV);2015 2e kwartaal;0;0;0
8824;Bestelauto;Milde hybride (MEV);2015 juli;0;0;0
8825;Bestelauto;Milde hybride (MEV);2015 augustus;0;0;0
8826;Bestelauto;Milde hybride (MEV);2015 september;0;0;0
8827;Bestelauto;Milde hybride (MEV);2015 3e kwartaal;0;0;0
8828;Bestelauto;Milde hybride (MEV);2015 oktober;0;0;0
8829;Bestelauto;Milde hybride (MEV);2015 november;0;0;0
8830;Bestelauto;Milde hybride (MEV);2015 december;0;0;0
8831;Bestelauto;Milde hybride (MEV);2015 4e kwartaal;0;0;0
8832;Bestelauto;Milde hybride (MEV);2015;0;0;0
8833;Bestelauto;Milde hybride (MEV);2016 januari;0;0;0
8834;Bestelauto;Milde hybride (MEV);2016 februari;0;0;0
8835;Bestelauto;Milde hybride (MEV);2016 maart;0;0;0
8836;Bestelauto;Milde hybride (MEV);2016 1e kwartaal;0;0;0
8837;Bestelauto;Milde hybride (MEV);2016 april;0;0;0
8838;Bestelauto;Milde hybride (MEV);2016 mei;0;0;0
8839;Bestelauto;Milde hybride (MEV);2016 juni;0;0;0
8840;Bestelauto;Milde hybride (MEV);2016 2e kwartaal;0;0;0
8841;Bestelauto;Milde hybride (MEV);2016 juli;0;0;0
8842;Bestelauto;Milde hybride (MEV);2016 augustus;0;0;0
8843;Bestelauto;Milde hybride (MEV);2016 september;0;0;0
8844;Bestelauto;Milde hybride (MEV);2016 3e kwartaal;0;0;0
8845;Bestelauto;Milde hybride (MEV);2016 oktober;0;0;0
8846;Bestelauto;Milde hybride (MEV);2016 november;0;0;0
8847;Bestelauto;Milde hybride (MEV);2016 december;0;0;0
8848;Bestelauto;Milde hybride (MEV);2016 4e kwartaal;0;0;0
8849;Bestelauto;Milde hybride (MEV);2016;0;0;0
8850;Bestelauto;Milde hybride (MEV);2017 januari;0;0;0
8851;Bestelauto;Milde hybride (MEV);2017 februari;0;0;0
8852;Bestelauto;Milde hybride (MEV);2017 maart;0;0;0
8853;Bestelauto;Milde hybride (MEV);2017 1e kwartaal;0;0;0
8854;Bestelauto;Milde hybride (MEV);2017 april;0;0;0
8855;Bestelauto;Milde hybride (MEV);2017 mei;0;0;0
8856;Bestelauto;Milde hybride (MEV);2017 juni;0;0;0
8857;Bestelauto;Milde hybride (MEV);2017 2e kwartaal;0;0;0
8858;Bestelauto;Milde hybride (MEV);2017 juli;0;0;0
8859;Bestelauto;Milde hybride (MEV);2017 augustus;0;0;0
8860;Bestelauto;Milde hybride (MEV);2017 september;0;0;0
8861;Bestelauto;Milde hybride (MEV);2017 3e kwartaal;0;0;0
8862;Bestelauto;Milde hybride (MEV);2017 oktober;0;0;0
8863;Bestelauto;Milde hybride (MEV);2017 november;0;0;0
8864;Bestelauto;Milde hybride (MEV);2017 december;0;0;0
8865;Bestelauto;Milde hybride (MEV);2017 4e kwartaal;0;0;0
8866;Bestelauto;Milde hybride (MEV);2017;0;0;0
8867;Bestelauto;Milde hybride (MEV);2018 januari;0;0;0
8868;Bestelauto;Milde hybride (MEV);2018 februari;0;0;0
8869;Bestelauto;Milde hybride (MEV);2018 maart;0;0;0
8870;Bestelauto;Milde hybride (MEV);2018 1e kwartaal;0;0;0
8871;Bestelauto;Milde hybride (MEV);2018 april;0;0;0
8872;Bestelauto;Milde hybride (MEV);2018 mei;0;0;0
8873;Bestelauto;Milde hybride (MEV);2018 juni;0;0;0
8874;Bestelauto;Milde hybride (MEV);2018 2e kwartaal;0;0;0
8875;Bestelauto;Milde hybride (MEV);2018 juli;0;0;0
8876;Bestelauto;Milde hybride (MEV);2018 augustus;0;0;0
8877;Bestelauto;Milde hybride (MEV);2018 september;0;0;0
8878;Bestelauto;Milde hybride (MEV);2018 3e kwartaal;0;0;0
8879;Bestelauto;Milde hybride (MEV);2018 oktober;0;0;0
8880;Bestelauto;Milde hybride (MEV);2018 november;0;0;0
8881;Bestelauto;Milde hybride (MEV);2018 december;0;0;0
8882;Bestelauto;Milde hybride (MEV);2018 4e kwartaal;0;0;0
8883;Bestelauto;Milde hybride (MEV);2018;0;0;0
8884;Bestelauto;Milde hybride (MEV);2019 januari;0;0;0
8885;Bestelauto;Milde hybride (MEV);2019 februari;0;0;0
8886;Bestelauto;Milde hybride (MEV);2019 maart;0;0;0
8887;Bestelauto;Milde hybride (MEV);2019 1e kwartaal;0;0;0
8888;Bestelauto;Milde hybride (MEV);2019 april;0;0;0
8889;Bestelauto;Milde hybride (MEV);2019 mei;0;0;0
8890;Bestelauto;Milde hybride (MEV);2019 juni;0;0;0
8891;Bestelauto;Milde hybride (MEV);2019 2e kwartaal;0;0;0
8892;Bestelauto;Milde hybride (MEV);2019 juli;0;0;0
8893;Bestelauto;Milde hybride (MEV);2019 augustus;0;0;0
8894;Bestelauto;Milde hybride (MEV);2019 september;0;0;0
8895;Bestelauto;Milde hybride (MEV);2019 3e kwartaal;0;0;0
8896;Bestelauto;Milde hybride (MEV);2019 oktober;0;0;0
8897;Bestelauto;Milde hybride (MEV);2019 november;1;1;0
8898;Bestelauto;Milde hybride (MEV);2019 december;0;0;0
8899;Bestelauto;Milde hybride (MEV);2019 4e kwartaal;1;1;0
8900;Bestelauto;Milde hybride (MEV);2019;1;1;0
8901;Bestelauto;Milde hybride (MEV);2020 januari;0;0;0
8902;Bestelauto;Milde hybride (MEV);2020 februari;1;1;0
8903;Bestelauto;Milde hybride (MEV);2020 maart;3;2;1
8904;Bestelauto;Milde hybride (MEV);2020 1e kwartaal;4;3;1
8905;Bestelauto;Milde hybride (MEV);2020 april;8;7;1
8906;Bestelauto;Milde hybride (MEV);2020 mei;7;7;0
8907;Bestelauto;Milde hybride (MEV);2020 juni;4;4;0
8908;Bestelauto;Milde hybride (MEV);2020 2e kwartaal;19;18;1
8909;Bestelauto;Milde hybride (MEV);2020 juli;13;13;0
8910;Bestelauto;Milde hybride (MEV);2020 augustus;19;19;0
8911;Bestelauto;Milde hybride (MEV);2020 september;26;26;0
8912;Bestelauto;Milde hybride (MEV);2020 3e kwartaal;58;58;0
8913;Bestelauto;Milde hybride (MEV);2020 oktober;16;16;0
8914;Bestelauto;Milde hybride (MEV);2020 november;15;15;0
8915;Bestelauto;Milde hybride (MEV);2020 december;8;8;0
8916;Bestelauto;Milde hybride (MEV);2020 4e kwartaal;39;39;0
8917;Bestelauto;Milde hybride (MEV);2020;120;118;2
8918;Bestelauto;Milde hybride (MEV);2021 januari;18;16;2
8919;Bestelauto;Milde hybride (MEV);2021 februari;32;32;0
8920;Bestelauto;Milde hybride (MEV);2021 maart;58;57;1
8921;Bestelauto;Milde hybride (MEV);2021 1e kwartaal;108;105;3
8922;Bestelauto;Milde hybride (MEV);2021 april;52;50;2
8923;Bestelauto;Milde hybride (MEV);2021 mei;28;27;1
8924;Bestelauto;Milde hybride (MEV);2021 juni;27;24;3
8925;Bestelauto;Milde hybride (MEV);2021 2e kwartaal;107;101;6
8926;Bestelauto;Milde hybride (MEV);2021 juli;20;17;3
8927;Bestelauto;Milde hybride (MEV);2021 augustus;3;3;0
8928;Bestelauto;Milde hybride (MEV);2021 september;15;11;4
8929;Bestelauto;Milde hybride (MEV);2021 3e kwartaal;38;31;7
8930;Bestelauto;Milde hybride (MEV);2021 oktober;32;28;4
8931;Bestelauto;Milde hybride (MEV);2021 november;23;14;9
8932;Bestelauto;Milde hybride (MEV);2021 december;20;15;5
8933;Bestelauto;Milde hybride (MEV);2021 4e kwartaal;75;57;18
8934;Bestelauto;Milde hybride (MEV);2021;328;294;34
8935;Bestelauto;Milde hybride (MEV);2022 januari;22;19;3
8936;Bestelauto;Milde hybride (MEV);2022 februari;14;9;5
8937;Bestelauto;Milde hybride (MEV);2022 maart;30;22;8
8938;Bestelauto;Milde hybride (MEV);2022 1e kwartaal;66;50;16
8939;Bestelauto;Milde hybride (MEV);2022 april;19;15;4
8940;Bestelauto;Milde hybride (MEV);2022 mei;13;10;3
8941;Bestelauto;Milde hybride (MEV);2022 juni;16;13;3
8942;Bestelauto;Milde hybride (MEV);2022 2e kwartaal;48;38;10
8943;Bestelauto;Milde hybride (MEV);2022 juli;16;9;7
8944;Bestelauto;Milde hybride (MEV);2022 augustus;11;6;5
8945;Bestelauto;Milde hybride (MEV);2022 september;3;3;0
8946;Bestelauto;Milde hybride (MEV);2022 3e kwartaal;30;18;12
8947;Bestelauto;Milde hybride (MEV);2022 oktober;8;6;2
8948;Bestelauto;Milde hybride (MEV);2022 november;16;13;3
8949;Bestelauto;Milde hybride (MEV);2022 december;20;13;7
8950;Bestelauto;Milde hybride (MEV);2022 4e kwartaal;44;32;12
8951;Bestelauto;Milde hybride (MEV);2022;188;138;50
8952;Bestelauto;Milde hybride (MEV);2023 januari;17;11;6
8953;Bestelauto;Milde hybride (MEV);2023 februari;23;19;4
8954;Bestelauto;Milde hybride (MEV);2023 maart;29;21;8
8955;Bestelauto;Milde hybride (MEV);2023 1e kwartaal;69;51;18
8956;Bestelauto;Milde hybride (MEV);2023 april;22;16;6
8957;Bestelauto;Milde hybride (MEV);2023 mei;23;15;8
8958;Bestelauto;Milde hybride (MEV);2023 juni;6;2;4
8959;Bestelauto;Milde hybride (MEV);2023 2e kwartaal;51;33;18
8960;Bestelauto;Milde hybride (MEV);2023 juli;28;17;11
8961;Bestelauto;Milde hybride (MEV);2023 augustus;9;5;4
8962;Bestelauto;Milde hybride (MEV);2023 september;32;23;9
8963;Bestelauto;Milde hybride (MEV);2023 3e kwartaal;69;45;24
8964;Bestelauto;Milde hybride (MEV);2023 oktober;32;21;11
8965;Bestelauto;Milde hybride (MEV);2023 november;9;6;3
8966;Bestelauto;Milde hybride (MEV);2023 december;13;1;12
8967;Bestelauto;Milde hybride (MEV);2023 4e kwartaal;54;28;26
8968;Bestelauto;Milde hybride (MEV);2023;243;157;86
8969;Bestelauto;Milde hybride (MEV);2024 januari;27;23;4
8970;Bestelauto;Milde hybride (MEV);2024 februari;8;4;4
8971;Bestelauto;Milde hybride (MEV);2024 maart;30;14;16
8972;Bestelauto;Milde hybride (MEV);2024 1e kwartaal;65;41;24
8973;Bestelauto;Milde hybride (MEV);2024 april;11;7;4
8974;Bestelauto;Milde hybride (MEV);2024 mei;26;14;12
8975;Bestelauto;Milde hybride (MEV);2024 juni;18;2;16
8976;Bestelauto;Milde hybride (MEV);2024 2e kwartaal;55;23;32
8977;Bestelauto;Milde hybride (MEV);2024 juli;11;0;11
8978;Bestelauto;Milde hybride (MEV);2024 augustus;9;0;9
8979;Bestelauto;Milde hybride (MEV);2024 september;11;0;11
8980;Bestelauto;Milde hybride (MEV);2024 3e kwartaal;31;0;31
8981;Bestelauto;Milde hybride (MEV);2024 oktober;17;0;17
8982;Bestelauto;Milde hybride (MEV);2024 november;10;1;9
8983;Bestelauto;Milde hybride (MEV);2024 december;16;0;16
8984;Bestelauto;Milde hybride (MEV);2024 4e kwartaal;43;1;42
8985;Bestelauto;Milde hybride (MEV);2024;194;65;129
8986;Bestelauto;Milde hybride (MEV);2025 januari;14;0;14
8987;Bestelauto;Milde hybride (MEV);2025 februari;20;0;20
8988;Bestelauto;Milde hybride (MEV);2025 maart;14;0;14
8989;Bestelauto;Milde hybride (MEV);2025 1e kwartaal;48;0;48
8990;Bestelauto;Hybrid Electric Vehicle (HEV);2007 januari;0;0;0
8991;Bestelauto;Hybrid Electric Vehicle (HEV);2007 februari;0;0;0
8992;Bestelauto;Hybrid Electric Vehicle (HEV);2007 maart;0;0;0
8993;Bestelauto;Hybrid Electric Vehicle (HEV);2007 1e kwartaal;0;0;0
8994;Bestelauto;Hybrid Electric Vehicle (HEV);2007 april;0;0;0
8995;Bestelauto;Hybrid Electric Vehicle (HEV);2007 mei;0;0;0
8996;Bestelauto;Hybrid Electric Vehicle (HEV);2007 juni;0;0;0
8997;Bestelauto;Hybrid Electric Vehicle (HEV);2007 2e kwartaal;0;0;0
8998;Bestelauto;Hybrid Electric Vehicle (HEV);2007 juli;0;0;0
8999;Bestelauto;Hybrid Electric Vehicle (HEV);2007 augustus;0;0;0
9000;Bestelauto;Hybrid Electric Vehicle (HEV);2007 september;0;0;0
9001;Bestelauto;Hybrid Electric Vehicle (HEV);2007 3e kwartaal;0;0;0
9002;Bestelauto;Hybrid Electric Vehicle (HEV);2007 oktober;0;0;0
9003;Bestelauto;Hybrid Electric Vehicle (HEV);2007 november;0;0;0
9004;Bestelauto;Hybrid Electric Vehicle (HEV);2007 december;0;0;0
9005;Bestelauto;Hybrid Electric Vehicle (HEV);2007 4e kwartaal;0;0;0
9006;Bestelauto;Hybrid Electric Vehicle (HEV);2007;0;0;0
9007;Bestelauto;Hybrid Electric Vehicle (HEV);2008 januari;0;0;0
9008;Bestelauto;Hybrid Electric Vehicle (HEV);2008 februari;0;0;0
9009;Bestelauto;Hybrid Electric Vehicle (HEV);2008 maart;0;0;0
9010;Bestelauto;Hybrid Electric Vehicle (HEV);2008 1e kwartaal;0;0;0
9011;Bestelauto;Hybrid Electric Vehicle (HEV);2008 april;0;0;0
9012;Bestelauto;Hybrid Electric Vehicle (HEV);2008 mei;0;0;0
9013;Bestelauto;Hybrid Electric Vehicle (HEV);2008 juni;0;0;0
9014;Bestelauto;Hybrid Electric Vehicle (HEV);2008 2e kwartaal;0;0;0
9015;Bestelauto;Hybrid Electric Vehicle (HEV);2008 juli;0;0;0
9016;Bestelauto;Hybrid Electric Vehicle (HEV);2008 augustus;0;0;0
9017;Bestelauto;Hybrid Electric Vehicle (HEV);2008 september;0;0;0
9018;Bestelauto;Hybrid Electric Vehicle (HEV);2008 3e kwartaal;0;0;0
9019;Bestelauto;Hybrid Electric Vehicle (HEV);2008 oktober;0;0;0
9020;Bestelauto;Hybrid Electric Vehicle (HEV);2008 november;0;0;0
9021;Bestelauto;Hybrid Electric Vehicle (HEV);2008 december;0;0;0
9022;Bestelauto;Hybrid Electric Vehicle (HEV);2008 4e kwartaal;0;0;0
9023;Bestelauto;Hybrid Electric Vehicle (HEV);2008;0;0;0
9024;Bestelauto;Hybrid Electric Vehicle (HEV);2009 januari;0;0;0
9025;Bestelauto;Hybrid Electric Vehicle (HEV);2009 februari;0;0;0
9026;Bestelauto;Hybrid Electric Vehicle (HEV);2009 maart;0;0;0
9027;Bestelauto;Hybrid Electric Vehicle (HEV);2009 1e kwartaal;0;0;0
9028;Bestelauto;Hybrid Electric Vehicle (HEV);2009 april;0;0;0
9029;Bestelauto;Hybrid Electric Vehicle (HEV);2009 mei;0;0;0
9030;Bestelauto;Hybrid Electric Vehicle (HEV);2009 juni;0;0;0
9031;Bestelauto;Hybrid Electric Vehicle (HEV);2009 2e kwartaal;0;0;0
9032;Bestelauto;Hybrid Electric Vehicle (HEV);2009 juli;0;0;0
9033;Bestelauto;Hybrid Electric Vehicle (HEV);2009 augustus;0;0;0
9034;Bestelauto;Hybrid Electric Vehicle (HEV);2009 september;0;0;0
9035;Bestelauto;Hybrid Electric Vehicle (HEV);2009 3e kwartaal;0;0;0
9036;Bestelauto;Hybrid Electric Vehicle (HEV);2009 oktober;0;0;0
9037;Bestelauto;Hybrid Electric Vehicle (HEV);2009 november;0;0;0
9038;Bestelauto;Hybrid Electric Vehicle (HEV);2009 december;0;0;0
9039;Bestelauto;Hybrid Electric Vehicle (HEV);2009 4e kwartaal;0;0;0
9040;Bestelauto;Hybrid Electric Vehicle (HEV);2009;0;0;0
9041;Bestelauto;Hybrid Electric Vehicle (HEV);2010 januari;0;0;0
9042;Bestelauto;Hybrid Electric Vehicle (HEV);2010 februari;0;0;0
9043;Bestelauto;Hybrid Electric Vehicle (HEV);2010 maart;0;0;0
9044;Bestelauto;Hybrid Electric Vehicle (HEV);2010 1e kwartaal;0;0;0
9045;Bestelauto;Hybrid Electric Vehicle (HEV);2010 april;0;0;0
9046;Bestelauto;Hybrid Electric Vehicle (HEV);2010 mei;0;0;0
9047;Bestelauto;Hybrid Electric Vehicle (HEV);2010 juni;0;0;0
9048;Bestelauto;Hybrid Electric Vehicle (HEV);2010 2e kwartaal;0;0;0
9049;Bestelauto;Hybrid Electric Vehicle (HEV);2010 juli;0;0;0
9050;Bestelauto;Hybrid Electric Vehicle (HEV);2010 augustus;0;0;0
9051;Bestelauto;Hybrid Electric Vehicle (HEV);2010 september;0;0;0
9052;Bestelauto;Hybrid Electric Vehicle (HEV);2010 3e kwartaal;0;0;0
9053;Bestelauto;Hybrid Electric Vehicle (HEV);2010 oktober;0;0;0
9054;Bestelauto;Hybrid Electric Vehicle (HEV);2010 november;0;0;0
9055;Bestelauto;Hybrid Electric Vehicle (HEV);2010 december;0;0;0
9056;Bestelauto;Hybrid Electric Vehicle (HEV);2010 4e kwartaal;0;0;0
9057;Bestelauto;Hybrid Electric Vehicle (HEV);2010;0;0;0
9058;Bestelauto;Hybrid Electric Vehicle (HEV);2011 januari;0;0;0
9059;Bestelauto;Hybrid Electric Vehicle (HEV);2011 februari;0;0;0
9060;Bestelauto;Hybrid Electric Vehicle (HEV);2011 maart;0;0;0
9061;Bestelauto;Hybrid Electric Vehicle (HEV);2011 1e kwartaal;0;0;0
9062;Bestelauto;Hybrid Electric Vehicle (HEV);2011 april;0;0;0
9063;Bestelauto;Hybrid Electric Vehicle (HEV);2011 mei;0;0;0
9064;Bestelauto;Hybrid Electric Vehicle (HEV);2011 juni;0;0;0
9065;Bestelauto;Hybrid Electric Vehicle (HEV);2011 2e kwartaal;0;0;0
9066;Bestelauto;Hybrid Electric Vehicle (HEV);2011 juli;0;0;0
9067;Bestelauto;Hybrid Electric Vehicle (HEV);2011 augustus;0;0;0
9068;Bestelauto;Hybrid Electric Vehicle (HEV);2011 september;0;0;0
9069;Bestelauto;Hybrid Electric Vehicle (HEV);2011 3e kwartaal;0;0;0
9070;Bestelauto;Hybrid Electric Vehicle (HEV);2011 oktober;0;0;0
9071;Bestelauto;Hybrid Electric Vehicle (HEV);2011 november;0;0;0
9072;Bestelauto;Hybrid Electric Vehicle (HEV);2011 december;0;0;0
9073;Bestelauto;Hybrid Electric Vehicle (HEV);2011 4e kwartaal;0;0;0
9074;Bestelauto;Hybrid Electric Vehicle (HEV);2011;0;0;0
9075;Bestelauto;Hybrid Electric Vehicle (HEV);2012 januari;0;0;0
9076;Bestelauto;Hybrid Electric Vehicle (HEV);2012 februari;0;0;0
9077;Bestelauto;Hybrid Electric Vehicle (HEV);2012 maart;0;0;0
9078;Bestelauto;Hybrid Electric Vehicle (HEV);2012 1e kwartaal;0;0;0
9079;Bestelauto;Hybrid Electric Vehicle (HEV);2012 april;0;0;0
9080;Bestelauto;Hybrid Electric Vehicle (HEV);2012 mei;0;0;0
9081;Bestelauto;Hybrid Electric Vehicle (HEV);2012 juni;0;0;0
9082;Bestelauto;Hybrid Electric Vehicle (HEV);2012 2e kwartaal;0;0;0
9083;Bestelauto;Hybrid Electric Vehicle (HEV);2012 juli;0;0;0
9084;Bestelauto;Hybrid Electric Vehicle (HEV);2012 augustus;0;0;0
9085;Bestelauto;Hybrid Electric Vehicle (HEV);2012 september;0;0;0
9086;Bestelauto;Hybrid Electric Vehicle (HEV);2012 3e kwartaal;0;0;0
9087;Bestelauto;Hybrid Electric Vehicle (HEV);2012 oktober;0;0;0
9088;Bestelauto;Hybrid Electric Vehicle (HEV);2012 november;0;0;0
9089;Bestelauto;Hybrid Electric Vehicle (HEV);2012 december;0;0;0
9090;Bestelauto;Hybrid Electric Vehicle (HEV);2012 4e kwartaal;0;0;0
9091;Bestelauto;Hybrid Electric Vehicle (HEV);2012;0;0;0
9092;Bestelauto;Hybrid Electric Vehicle (HEV);2013 januari;0;0;0
9093;Bestelauto;Hybrid Electric Vehicle (HEV);2013 februari;0;0;0
9094;Bestelauto;Hybrid Electric Vehicle (HEV);2013 maart;0;0;0
9095;Bestelauto;Hybrid Electric Vehicle (HEV);2013 1e kwartaal;0;0;0
9096;Bestelauto;Hybrid Electric Vehicle (HEV);2013 april;0;0;0
9097;Bestelauto;Hybrid Electric Vehicle (HEV);2013 mei;0;0;0
9098;Bestelauto;Hybrid Electric Vehicle (HEV);2013 juni;0;0;0
9099;Bestelauto;Hybrid Electric Vehicle (HEV);2013 2e kwartaal;0;0;0
9100;Bestelauto;Hybrid Electric Vehicle (HEV);2013 juli;0;0;0
9101;Bestelauto;Hybrid Electric Vehicle (HEV);2013 augustus;0;0;0
9102;Bestelauto;Hybrid Electric Vehicle (HEV);2013 september;0;0;0
9103;Bestelauto;Hybrid Electric Vehicle (HEV);2013 3e kwartaal;0;0;0
9104;Bestelauto;Hybrid Electric Vehicle (HEV);2013 oktober;0;0;0
9105;Bestelauto;Hybrid Electric Vehicle (HEV);2013 november;0;0;0
9106;Bestelauto;Hybrid Electric Vehicle (HEV);2013 december;0;0;0
9107;Bestelauto;Hybrid Electric Vehicle (HEV);2013 4e kwartaal;0;0;0
9108;Bestelauto;Hybrid Electric Vehicle (HEV);2013;0;0;0
9109;Bestelauto;Hybrid Electric Vehicle (HEV);2014 januari;0;0;0
9110;Bestelauto;Hybrid Electric Vehicle (HEV);2014 februari;0;0;0
9111;Bestelauto;Hybrid Electric Vehicle (HEV);2014 maart;0;0;0
9112;Bestelauto;Hybrid Electric Vehicle (HEV);2014 1e kwartaal;0;0;0
9113;Bestelauto;Hybrid Electric Vehicle (HEV);2014 april;0;0;0
9114;Bestelauto;Hybrid Electric Vehicle (HEV);2014 mei;0;0;0
9115;Bestelauto;Hybrid Electric Vehicle (HEV);2014 juni;0;0;0
9116;Bestelauto;Hybrid Electric Vehicle (HEV);2014 2e kwartaal;0;0;0
9117;Bestelauto;Hybrid Electric Vehicle (HEV);2014 juli;0;0;0
9118;Bestelauto;Hybrid Electric Vehicle (HEV);2014 augustus;0;0;0
9119;Bestelauto;Hybrid Electric Vehicle (HEV);2014 september;0;0;0
9120;Bestelauto;Hybrid Electric Vehicle (HEV);2014 3e kwartaal;0;0;0
9121;Bestelauto;Hybrid Electric Vehicle (HEV);2014 oktober;0;0;0
9122;Bestelauto;Hybrid Electric Vehicle (HEV);2014 november;0;0;0
9123;Bestelauto;Hybrid Electric Vehicle (HEV);2014 december;0;0;0
9124;Bestelauto;Hybrid Electric Vehicle (HEV);2014 4e kwartaal;0;0;0
9125;Bestelauto;Hybrid Electric Vehicle (HEV);2014;0;0;0
9126;Bestelauto;Hybrid Electric Vehicle (HEV);2015 januari;0;0;0
9127;Bestelauto;Hybrid Electric Vehicle (HEV);2015 februari;0;0;0
9128;Bestelauto;Hybrid Electric Vehicle (HEV);2015 maart;0;0;0
9129;Bestelauto;Hybrid Electric Vehicle (HEV);2015 1e kwartaal;0;0;0
9130;Bestelauto;Hybrid Electric Vehicle (HEV);2015 april;0;0;0
9131;Bestelauto;Hybrid Electric Vehicle (HEV);2015 mei;0;0;0
9132;Bestelauto;Hybrid Electric Vehicle (HEV);2015 juni;0;0;0
9133;Bestelauto;Hybrid Electric Vehicle (HEV);2015 2e kwartaal;0;0;0
9134;Bestelauto;Hybrid Electric Vehicle (HEV);2015 juli;0;0;0
9135;Bestelauto;Hybrid Electric Vehicle (HEV);2015 augustus;0;0;0
9136;Bestelauto;Hybrid Electric Vehicle (HEV);2015 september;0;0;0
9137;Bestelauto;Hybrid Electric Vehicle (HEV);2015 3e kwartaal;0;0;0
9138;Bestelauto;Hybrid Electric Vehicle (HEV);2015 oktober;0;0;0
9139;Bestelauto;Hybrid Electric Vehicle (HEV);2015 november;0;0;0
9140;Bestelauto;Hybrid Electric Vehicle (HEV);2015 december;0;0;0
9141;Bestelauto;Hybrid Electric Vehicle (HEV);2015 4e kwartaal;0;0;0
9142;Bestelauto;Hybrid Electric Vehicle (HEV);2015;0;0;0
9143;Bestelauto;Hybrid Electric Vehicle (HEV);2016 januari;0;0;0
9144;Bestelauto;Hybrid Electric Vehicle (HEV);2016 februari;0;0;0
9145;Bestelauto;Hybrid Electric Vehicle (HEV);2016 maart;0;0;0
9146;Bestelauto;Hybrid Electric Vehicle (HEV);2016 1e kwartaal;0;0;0
9147;Bestelauto;Hybrid Electric Vehicle (HEV);2016 april;0;0;0
9148;Bestelauto;Hybrid Electric Vehicle (HEV);2016 mei;0;0;0
9149;Bestelauto;Hybrid Electric Vehicle (HEV);2016 juni;0;0;0
9150;Bestelauto;Hybrid Electric Vehicle (HEV);2016 2e kwartaal;0;0;0
9151;Bestelauto;Hybrid Electric Vehicle (HEV);2016 juli;0;0;0
9152;Bestelauto;Hybrid Electric Vehicle (HEV);2016 augustus;0;0;0
9153;Bestelauto;Hybrid Electric Vehicle (HEV);2016 september;0;0;0
9154;Bestelauto;Hybrid Electric Vehicle (HEV);2016 3e kwartaal;0;0;0
9155;Bestelauto;Hybrid Electric Vehicle (HEV);2016 oktober;0;0;0
9156;Bestelauto;Hybrid Electric Vehicle (HEV);2016 november;0;0;0
9157;Bestelauto;Hybrid Electric Vehicle (HEV);2016 december;0;0;0
9158;Bestelauto;Hybrid Electric Vehicle (HEV);2016 4e kwartaal;0;0;0
9159;Bestelauto;Hybrid Electric Vehicle (HEV);2016;0;0;0
9160;Bestelauto;Hybrid Electric Vehicle (HEV);2017 januari;0;0;0
9161;Bestelauto;Hybrid Electric Vehicle (HEV);2017 februari;0;0;0
9162;Bestelauto;Hybrid Electric Vehicle (HEV);2017 maart;0;0;0
9163;Bestelauto;Hybrid Electric Vehicle (HEV);2017 1e kwartaal;0;0;0
9164;Bestelauto;Hybrid Electric Vehicle (HEV);2017 april;0;0;0
9165;Bestelauto;Hybrid Electric Vehicle (HEV);2017 mei;0;0;0
9166;Bestelauto;Hybrid Electric Vehicle (HEV);2017 juni;0;0;0
9167;Bestelauto;Hybrid Electric Vehicle (HEV);2017 2e kwartaal;0;0;0
9168;Bestelauto;Hybrid Electric Vehicle (HEV);2017 juli;0;0;0
9169;Bestelauto;Hybrid Electric Vehicle (HEV);2017 augustus;0;0;0
9170;Bestelauto;Hybrid Electric Vehicle (HEV);2017 september;0;0;0
9171;Bestelauto;Hybrid Electric Vehicle (HEV);2017 3e kwartaal;0;0;0
9172;Bestelauto;Hybrid Electric Vehicle (HEV);2017 oktober;0;0;0
9173;Bestelauto;Hybrid Electric Vehicle (HEV);2017 november;0;0;0
9174;Bestelauto;Hybrid Electric Vehicle (HEV);2017 december;0;0;0
9175;Bestelauto;Hybrid Electric Vehicle (HEV);2017 4e kwartaal;0;0;0
9176;Bestelauto;Hybrid Electric Vehicle (HEV);2017;0;0;0
9177;Bestelauto;Hybrid Electric Vehicle (HEV);2018 januari;0;0;0
9178;Bestelauto;Hybrid Electric Vehicle (HEV);2018 februari;0;0;0
9179;Bestelauto;Hybrid Electric Vehicle (HEV);2018 maart;0;0;0
9180;Bestelauto;Hybrid Electric Vehicle (HEV);2018 1e kwartaal;0;0;0
9181;Bestelauto;Hybrid Electric Vehicle (HEV);2018 april;0;0;0
9182;Bestelauto;Hybrid Electric Vehicle (HEV);2018 mei;0;0;0
9183;Bestelauto;Hybrid Electric Vehicle (HEV);2018 juni;0;0;0
9184;Bestelauto;Hybrid Electric Vehicle (HEV);2018 2e kwartaal;0;0;0
9185;Bestelauto;Hybrid Electric Vehicle (HEV);2018 juli;0;0;0
9186;Bestelauto;Hybrid Electric Vehicle (HEV);2018 augustus;0;0;0
9187;Bestelauto;Hybrid Electric Vehicle (HEV);2018 september;0;0;0
9188;Bestelauto;Hybrid Electric Vehicle (HEV);2018 3e kwartaal;0;0;0
9189;Bestelauto;Hybrid Electric Vehicle (HEV);2018 oktober;0;0;0
9190;Bestelauto;Hybrid Electric Vehicle (HEV);2018 november;0;0;0
9191;Bestelauto;Hybrid Electric Vehicle (HEV);2018 december;0;0;0
9192;Bestelauto;Hybrid Electric Vehicle (HEV);2018 4e kwartaal;0;0;0
9193;Bestelauto;Hybrid Electric Vehicle (HEV);2018;0;0;0
9194;Bestelauto;Hybrid Electric Vehicle (HEV);2019 januari;0;0;0
9195;Bestelauto;Hybrid Electric Vehicle (HEV);2019 februari;0;0;0
9196;Bestelauto;Hybrid Electric Vehicle (HEV);2019 maart;0;0;0
9197;Bestelauto;Hybrid Electric Vehicle (HEV);2019 1e kwartaal;0;0;0
9198;Bestelauto;Hybrid Electric Vehicle (HEV);2019 april;0;0;0
9199;Bestelauto;Hybrid Electric Vehicle (HEV);2019 mei;0;0;0
9200;Bestelauto;Hybrid Electric Vehicle (HEV);2019 juni;0;0;0
9201;Bestelauto;Hybrid Electric Vehicle (HEV);2019 2e kwartaal;0;0;0
9202;Bestelauto;Hybrid Electric Vehicle (HEV);2019 juli;0;0;0
9203;Bestelauto;Hybrid Electric Vehicle (HEV);2019 augustus;0;0;0
9204;Bestelauto;Hybrid Electric Vehicle (HEV);2019 september;0;0;0
9205;Bestelauto;Hybrid Electric Vehicle (HEV);2019 3e kwartaal;0;0;0
9206;Bestelauto;Hybrid Electric Vehicle (HEV);2019 oktober;0;0;0
9207;Bestelauto;Hybrid Electric Vehicle (HEV);2019 november;0;0;0
9208;Bestelauto;Hybrid Electric Vehicle (HEV);2019 december;0;0;0
9209;Bestelauto;Hybrid Electric Vehicle (HEV);2019 4e kwartaal;0;0;0
9210;Bestelauto;Hybrid Electric Vehicle (HEV);2019;0;0;0
9211;Bestelauto;Hybrid Electric Vehicle (HEV);2020 januari;0;0;0
9212;Bestelauto;Hybrid Electric Vehicle (HEV);2020 februari;0;0;0
9213;Bestelauto;Hybrid Electric Vehicle (HEV);2020 maart;0;0;0
9214;Bestelauto;Hybrid Electric Vehicle (HEV);2020 1e kwartaal;0;0;0
9215;Bestelauto;Hybrid Electric Vehicle (HEV);2020 april;0;0;0
9216;Bestelauto;Hybrid Electric Vehicle (HEV);2020 mei;0;0;0
9217;Bestelauto;Hybrid Electric Vehicle (HEV);2020 juni;0;0;0
9218;Bestelauto;Hybrid Electric Vehicle (HEV);2020 2e kwartaal;0;0;0
9219;Bestelauto;Hybrid Electric Vehicle (HEV);2020 juli;0;0;0
9220;Bestelauto;Hybrid Electric Vehicle (HEV);2020 augustus;0;0;0
9221;Bestelauto;Hybrid Electric Vehicle (HEV);2020 september;0;0;0
9222;Bestelauto;Hybrid Electric Vehicle (HEV);2020 3e kwartaal;0;0;0
9223;Bestelauto;Hybrid Electric Vehicle (HEV);2020 oktober;0;0;0
9224;Bestelauto;Hybrid Electric Vehicle (HEV);2020 november;0;0;0
9225;Bestelauto;Hybrid Electric Vehicle (HEV);2020 december;0;0;0
9226;Bestelauto;Hybrid Electric Vehicle (HEV);2020 4e kwartaal;0;0;0
9227;Bestelauto;Hybrid Electric Vehicle (HEV);2020;0;0;0
9228;Bestelauto;Hybrid Electric Vehicle (HEV);2021 januari;0;0;0
9229;Bestelauto;Hybrid Electric Vehicle (HEV);2021 februari;0;0;0
9230;Bestelauto;Hybrid Electric Vehicle (HEV);2021 maart;0;0;0
9231;Bestelauto;Hybrid Electric Vehicle (HEV);2021 1e kwartaal;0;0;0
9232;Bestelauto;Hybrid Electric Vehicle (HEV);2021 april;0;0;0
9233;Bestelauto;Hybrid Electric Vehicle (HEV);2021 mei;0;0;0
9234;Bestelauto;Hybrid Electric Vehicle (HEV);2021 juni;0;0;0
9235;Bestelauto;Hybrid Electric Vehicle (HEV);2021 2e kwartaal;0;0;0
9236;Bestelauto;Hybrid Electric Vehicle (HEV);2021 juli;0;0;0
9237;Bestelauto;Hybrid Electric Vehicle (HEV);2021 augustus;0;0;0
9238;Bestelauto;Hybrid Electric Vehicle (HEV);2021 september;0;0;0
9239;Bestelauto;Hybrid Electric Vehicle (HEV);2021 3e kwartaal;0;0;0
9240;Bestelauto;Hybrid Electric Vehicle (HEV);2021 oktober;0;0;0
9241;Bestelauto;Hybrid Electric Vehicle (HEV);2021 november;0;0;0
9242;Bestelauto;Hybrid Electric Vehicle (HEV);2021 december;0;0;0
9243;Bestelauto;Hybrid Electric Vehicle (HEV);2021 4e kwartaal;0;0;0
9244;Bestelauto;Hybrid Electric Vehicle (HEV);2021;0;0;0
9245;Bestelauto;Hybrid Electric Vehicle (HEV);2022 januari;0;0;0
9246;Bestelauto;Hybrid Electric Vehicle (HEV);2022 februari;0;0;0
9247;Bestelauto;Hybrid Electric Vehicle (HEV);2022 maart;0;0;0
9248;Bestelauto;Hybrid Electric Vehicle (HEV);2022 1e kwartaal;0;0;0
9249;Bestelauto;Hybrid Electric Vehicle (HEV);2022 april;0;0;0
9250;Bestelauto;Hybrid Electric Vehicle (HEV);2022 mei;0;0;0
9251;Bestelauto;Hybrid Electric Vehicle (HEV);2022 juni;0;0;0
9252;Bestelauto;Hybrid Electric Vehicle (HEV);2022 2e kwartaal;0;0;0
9253;Bestelauto;Hybrid Electric Vehicle (HEV);2022 juli;0;0;0
9254;Bestelauto;Hybrid Electric Vehicle (HEV);2022 augustus;0;0;0
9255;Bestelauto;Hybrid Electric Vehicle (HEV);2022 september;0;0;0
9256;Bestelauto;Hybrid Electric Vehicle (HEV);2022 3e kwartaal;0;0;0
9257;Bestelauto;Hybrid Electric Vehicle (HEV);2022 oktober;0;0;0
9258;Bestelauto;Hybrid Electric Vehicle (HEV);2022 november;0;0;0
9259;Bestelauto;Hybrid Electric Vehicle (HEV);2022 december;0;0;0
9260;Bestelauto;Hybrid Electric Vehicle (HEV);2022 4e kwartaal;0;0;0
9261;Bestelauto;Hybrid Electric Vehicle (HEV);2022;0;0;0
9262;Bestelauto;Hybrid Electric Vehicle (HEV);2023 januari;0;0;0
9263;Bestelauto;Hybrid Electric Vehicle (HEV);2023 februari;0;0;0
9264;Bestelauto;Hybrid Electric Vehicle (HEV);2023 maart;0;0;0
9265;Bestelauto;Hybrid Electric Vehicle (HEV);2023 1e kwartaal;0;0;0
9266;Bestelauto;Hybrid Electric Vehicle (HEV);2023 april;0;0;0
9267;Bestelauto;Hybrid Electric Vehicle (HEV);2023 mei;0;0;0
9268;Bestelauto;Hybrid Electric Vehicle (HEV);2023 juni;0;0;0
9269;Bestelauto;Hybrid Electric Vehicle (HEV);2023 2e kwartaal;0;0;0
9270;Bestelauto;Hybrid Electric Vehicle (HEV);2023 juli;0;0;0
9271;Bestelauto;Hybrid Electric Vehicle (HEV);2023 augustus;0;0;0
9272;Bestelauto;Hybrid Electric Vehicle (HEV);2023 september;0;0;0
9273;Bestelauto;Hybrid Electric Vehicle (HEV);2023 3e kwartaal;0;0;0
9274;Bestelauto;Hybrid Electric Vehicle (HEV);2023 oktober;0;0;0
9275;Bestelauto;Hybrid Electric Vehicle (HEV);2023 november;0;0;0
9276;Bestelauto;Hybrid Electric Vehicle (HEV);2023 december;0;0;0
9277;Bestelauto;Hybrid Electric Vehicle (HEV);2023 4e kwartaal;0;0;0
9278;Bestelauto;Hybrid Electric Vehicle (HEV);2023;0;0;0
9279;Bestelauto;Hybrid Electric Vehicle (HEV);2024 januari;0;0;0
9280;Bestelauto;Hybrid Electric Vehicle (HEV);2024 februari;0;0;0
9281;Bestelauto;Hybrid Electric Vehicle (HEV);2024 maart;0;0;0
9282;Bestelauto;Hybrid Electric Vehicle (HEV);2024 1e kwartaal;0;0;0
9283;Bestelauto;Hybrid Electric Vehicle (HEV);2024 april;0;0;0
9284;Bestelauto;Hybrid Electric Vehicle (HEV);2024 mei;0;0;0
9285;Bestelauto;Hybrid Electric Vehicle (HEV);2024 juni;0;0;0
9286;Bestelauto;Hybrid Electric Vehicle (HEV);2024 2e kwartaal;0;0;0
9287;Bestelauto;Hybrid Electric Vehicle (HEV);2024 juli;0;0;0
9288;Bestelauto;Hybrid Electric Vehicle (HEV);2024 augustus;0;0;0
9289;Bestelauto;Hybrid Electric Vehicle (HEV);2024 september;0;0;0
9290;Bestelauto;Hybrid Electric Vehicle (HEV);2024 3e kwartaal;0;0;0
9291;Bestelauto;Hybrid Electric Vehicle (HEV);2024 oktober;0;0;0
9292;Bestelauto;Hybrid Electric Vehicle (HEV);2024 november;0;0;0
9293;Bestelauto;Hybrid Electric Vehicle (HEV);2024 december;80;80;0
9294;Bestelauto;Hybrid Electric Vehicle (HEV);2024 4e kwartaal;80;80;0
9295;Bestelauto;Hybrid Electric Vehicle (HEV);2024;80;80;0
9296;Bestelauto;Hybrid Electric Vehicle (HEV);2025 januari;1;0;1
9297;Bestelauto;Hybrid Electric Vehicle (HEV);2025 februari;4;0;4
9298;Bestelauto;Hybrid Electric Vehicle (HEV);2025 maart;5;0;5
9299;Bestelauto;Hybrid Electric Vehicle (HEV);2025 1e kwartaal;10;0;10
9300;Bestelauto;Plug-in Hybrid Electric Vehicle (PHEV);2007 januari;0;0;0
9301;Bestelauto;Plug-in Hybrid Electric Vehicle (PHEV);2007 februari;0;0;0
9302;Bestelauto;Plug-in Hybrid Electric Vehicle (PHEV);2007 maart;0;0;0
9303;Bestelauto;Plug-in Hybrid Electric Vehicle (PHEV);2007 1e kwartaal;0;0;0
9304;Bestelauto;Plug-in Hybrid Electric Vehicle (PHEV);2007 april;0;0;0
9305;Bestelauto;Plug-in Hybrid Electric Vehicle (PHEV);2007 mei;0;0;0
9306;Bestelauto;Plug-in Hybrid Electric Vehicle (PHEV);2007 juni;0;0;0
9307;Bestelauto;Plug-in Hybrid Electric Vehicle (PHEV);2007 2e kwartaal;0;0;0
9308;Bestelauto;Plug-in Hybrid Electric Vehicle (PHEV);2007 juli;0;0;0
9309;Bestelauto;Plug-in Hybrid Electric Vehicle (PHEV);2007 augustus;0;0;0
9310;Bestelauto;Plug-in Hybrid Electric Vehicle (PHEV);2007 september;0;0;0
9311;Bestelauto;Plug-in Hybrid Electric Vehicle (PHEV);2007 3e kwartaal;0;0;0
9312;Bestelauto;Plug-in Hybrid Electric Vehicle (PHEV);2007 oktober;0;0;0
9313;Bestelauto;Plug-in Hybrid Electric Vehicle (PHEV);2007 november;0;0;0
9314;Bestelauto;Plug-in Hybrid Electric Vehicle (PHEV);2007 december;0;0;0
9315;Bestelauto;Plug-in Hybrid Electric Vehicle (PHEV);2007 4e kwartaal;0;0;0
9316;Bestelauto;Plug-in Hybrid Electric Vehicle (PHEV);2007;0;0;0
9317;Bestelauto;Plug-in Hybrid Electric Vehicle (PHEV);2008 januari;0;0;0
9318;Bestelauto;Plug-in Hybrid Electric Vehicle (PHEV);2008 februari;0;0;0
9319;Bestelauto;Plug-in Hybrid Electric Vehicle (PHEV);2008 maart;0;0;0
9320;Bestelauto;Plug-in Hybrid Electric Vehicle (PHEV);2008 1e kwartaal;0;0;0
9321;Bestelauto;Plug-in Hybrid Electric Vehicle (PHEV);2008 april;0;0;0
9322;Bestelauto;Plug-in Hybrid Electric Vehicle (PHEV);2008 mei;0;0;0
9323;Bestelauto;Plug-in Hybrid Electric Vehicle (PHEV);2008 juni;0;0;0
9324;Bestelauto;Plug-in Hybrid Electric Vehicle (PHEV);2008 2e kwartaal;0;0;0
9325;Bestelauto;Plug-in Hybrid Electric Vehicle (PHEV);2008 juli;0;0;0
9326;Bestelauto;Plug-in Hybrid Electric Vehicle (PHEV);2008 augustus;0;0;0
9327;Bestelauto;Plug-in Hybrid Electric Vehicle (PHEV);2008 september;0;0;0
9328;Bestelauto;Plug-in Hybrid Electric Vehicle (PHEV);2008 3e kwartaal;0;0;0
9329;Bestelauto;Plug-in Hybrid Electric Vehicle (PHEV);2008 oktober;0;0;0
9330;Bestelauto;Plug-in Hybrid Electric Vehicle (PHEV);2008 november;0;0;0
9331;Bestelauto;Plug-in Hybrid Electric Vehicle (PHEV);2008 december;0;0;0
9332;Bestelauto;Plug-in Hybrid Electric Vehicle (PHEV);2008 4e kwartaal;0;0;0
9333;Bestelauto;Plug-in Hybrid Electric Vehicle (PHEV);2008;0;0;0
9334;Bestelauto;Plug-in Hybrid Electric Vehicle (PHEV);2009 januari;0;0;0
9335;Bestelauto;Plug-in Hybrid Electric Vehicle (PHEV);2009 februari;0;0;0
9336;Bestelauto;Plug-in Hybrid Electric Vehicle (PHEV);2009 maart;0;0;0
9337;Bestelauto;Plug-in Hybrid Electric Vehicle (PHEV);2009 1e kwartaal;0;0;0
9338;Bestelauto;Plug-in Hybrid Electric Vehicle (PHEV);2009 april;0;0;0
9339;Bestelauto;Plug-in Hybrid Electric Vehicle (PHEV);2009 mei;0;0;0
9340;Bestelauto;Plug-in Hybrid Electric Vehicle (PHEV);2009 juni;0;0;0
9341;Bestelauto;Plug-in Hybrid Electric Vehicle (PHEV);2009 2e kwartaal;0;0;0
9342;Bestelauto;Plug-in Hybrid Electric Vehicle (PHEV);2009 juli;0;0;0
9343;Bestelauto;Plug-in Hybrid Electric Vehicle (PHEV);2009 augustus;0;0;0
9344;Bestelauto;Plug-in Hybrid Electric Vehicle (PHEV);2009 september;0;0;0
9345;Bestelauto;Plug-in Hybrid Electric Vehicle (PHEV);2009 3e kwartaal;0;0;0
9346;Bestelauto;Plug-in Hybrid Electric Vehicle (PHEV);2009 oktober;0;0;0
9347;Bestelauto;Plug-in Hybrid Electric Vehicle (PHEV);2009 november;0;0;0
9348;Bestelauto;Plug-in Hybrid Electric Vehicle (PHEV);2009 december;0;0;0
9349;Bestelauto;Plug-in Hybrid Electric Vehicle (PHEV);2009 4e kwartaal;0;0;0
9350;Bestelauto;Plug-in Hybrid Electric Vehicle (PHEV);2009;0;0;0
9351;Bestelauto;Plug-in Hybrid Electric Vehicle (PHEV);2010 januari;0;0;0
9352;Bestelauto;Plug-in Hybrid Electric Vehicle (PHEV);2010 februari;0;0;0
9353;Bestelauto;Plug-in Hybrid Electric Vehicle (PHEV);2010 maart;0;0;0
9354;Bestelauto;Plug-in Hybrid Electric Vehicle (PHEV);2010 1e kwartaal;0;0;0
9355;Bestelauto;Plug-in Hybrid Electric Vehicle (PHEV);2010 april;0;0;0
9356;Bestelauto;Plug-in Hybrid Electric Vehicle (PHEV);2010 mei;0;0;0
9357;Bestelauto;Plug-in Hybrid Electric Vehicle (PHEV);2010 juni;0;0;0
9358;Bestelauto;Plug-in Hybrid Electric Vehicle (PHEV);2010 2e kwartaal;0;0;0
9359;Bestelauto;Plug-in Hybrid Electric Vehicle (PHEV);2010 juli;0;0;0
9360;Bestelauto;Plug-in Hybrid Electric Vehicle (PHEV);2010 augustus;0;0;0
9361;Bestelauto;Plug-in Hybrid Electric Vehicle (PHEV);2010 september;0;0;0
9362;Bestelauto;Plug-in Hybrid Electric Vehicle (PHEV);2010 3e kwartaal;0;0;0
9363;Bestelauto;Plug-in Hybrid Electric Vehicle (PHEV);2010 oktober;0;0;0
9364;Bestelauto;Plug-in Hybrid Electric Vehicle (PHEV);2010 november;0;0;0
9365;Bestelauto;Plug-in Hybrid Electric Vehicle (PHEV);2010 december;0;0;0
9366;Bestelauto;Plug-in Hybrid Electric Vehicle (PHEV);2010 4e kwartaal;0;0;0
9367;Bestelauto;Plug-in Hybrid Electric Vehicle (PHEV);2010;0;0;0
9368;Bestelauto;Plug-in Hybrid Electric Vehicle (PHEV);2011 januari;0;0;0
9369;Bestelauto;Plug-in Hybrid Electric Vehicle (PHEV);2011 februari;0;0;0
9370;Bestelauto;Plug-in Hybrid Electric Vehicle (PHEV);2011 maart;0;0;0
9371;Bestelauto;Plug-in Hybrid Electric Vehicle (PHEV);2011 1e kwartaal;0;0;0
9372;Bestelauto;Plug-in Hybrid Electric Vehicle (PHEV);2011 april;0;0;0
9373;Bestelauto;Plug-in Hybrid Electric Vehicle (PHEV);2011 mei;0;0;0
9374;Bestelauto;Plug-in Hybrid Electric Vehicle (PHEV);2011 juni;0;0;0
9375;Bestelauto;Plug-in Hybrid Electric Vehicle (PHEV);2011 2e kwartaal;0;0;0
9376;Bestelauto;Plug-in Hybrid Electric Vehicle (PHEV);2011 juli;0;0;0
9377;Bestelauto;Plug-in Hybrid Electric Vehicle (PHEV);2011 augustus;0;0;0
9378;Bestelauto;Plug-in Hybrid Electric Vehicle (PHEV);2011 september;0;0;0
9379;Bestelauto;Plug-in Hybrid Electric Vehicle (PHEV);2011 3e kwartaal;0;0;0
9380;Bestelauto;Plug-in Hybrid Electric Vehicle (PHEV);2011 oktober;0;0;0
9381;Bestelauto;Plug-in Hybrid Electric Vehicle (PHEV);2011 november;0;0;0
9382;Bestelauto;Plug-in Hybrid Electric Vehicle (PHEV);2011 december;0;0;0
9383;Bestelauto;Plug-in Hybrid Electric Vehicle (PHEV);2011 4e kwartaal;0;0;0
9384;Bestelauto;Plug-in Hybrid Electric Vehicle (PHEV);2011;0;0;0
9385;Bestelauto;Plug-in Hybrid Electric Vehicle (PHEV);2012 januari;0;0;0
9386;Bestelauto;Plug-in Hybrid Electric Vehicle (PHEV);2012 februari;0;0;0
9387;Bestelauto;Plug-in Hybrid Electric Vehicle (PHEV);2012 maart;0;0;0
9388;Bestelauto;Plug-in Hybrid Electric Vehicle (PHEV);2012 1e kwartaal;0;0;0
9389;Bestelauto;Plug-in Hybrid Electric Vehicle (PHEV);2012 april;0;0;0
9390;Bestelauto;Plug-in Hybrid Electric Vehicle (PHEV);2012 mei;0;0;0
9391;Bestelauto;Plug-in Hybrid Electric Vehicle (PHEV);2012 juni;0;0;0
9392;Bestelauto;Plug-in Hybrid Electric Vehicle (PHEV);2012 2e kwartaal;0;0;0
9393;Bestelauto;Plug-in Hybrid Electric Vehicle (PHEV);2012 juli;0;0;0
9394;Bestelauto;Plug-in Hybrid Electric Vehicle (PHEV);2012 augustus;0;0;0
9395;Bestelauto;Plug-in Hybrid Electric Vehicle (PHEV);2012 september;0;0;0
9396;Bestelauto;Plug-in Hybrid Electric Vehicle (PHEV);2012 3e kwartaal;0;0;0
9397;Bestelauto;Plug-in Hybrid Electric Vehicle (PHEV);2012 oktober;0;0;0
9398;Bestelauto;Plug-in Hybrid Electric Vehicle (PHEV);2012 november;0;0;0
9399;Bestelauto;Plug-in Hybrid Electric Vehicle (PHEV);2012 december;0;0;0
9400;Bestelauto;Plug-in Hybrid Electric Vehicle (PHEV);2012 4e kwartaal;0;0;0
9401;Bestelauto;Plug-in Hybrid Electric Vehicle (PHEV);2012;0;0;0
9402;Bestelauto;Plug-in Hybrid Electric Vehicle (PHEV);2013 januari;0;0;0
9403;Bestelauto;Plug-in Hybrid Electric Vehicle (PHEV);2013 februari;0;0;0
9404;Bestelauto;Plug-in Hybrid Electric Vehicle (PHEV);2013 maart;0;0;0
9405;Bestelauto;Plug-in Hybrid Electric Vehicle (PHEV);2013 1e kwartaal;0;0;0
9406;Bestelauto;Plug-in Hybrid Electric Vehicle (PHEV);2013 april;0;0;0
9407;Bestelauto;Plug-in Hybrid Electric Vehicle (PHEV);2013 mei;0;0;0
9408;Bestelauto;Plug-in Hybrid Electric Vehicle (PHEV);2013 juni;0;0;0
9409;Bestelauto;Plug-in Hybrid Electric Vehicle (PHEV);2013 2e kwartaal;0;0;0
9410;Bestelauto;Plug-in Hybrid Electric Vehicle (PHEV);2013 juli;0;0;0
9411;Bestelauto;Plug-in Hybrid Electric Vehicle (PHEV);2013 augustus;0;0;0
9412;Bestelauto;Plug-in Hybrid Electric Vehicle (PHEV);2013 september;0;0;0
9413;Bestelauto;Plug-in Hybrid Electric Vehicle (PHEV);2013 3e kwartaal;0;0;0
9414;Bestelauto;Plug-in Hybrid Electric Vehicle (PHEV);2013 oktober;0;0;0
9415;Bestelauto;Plug-in Hybrid Electric Vehicle (PHEV);2013 november;0;0;0
9416;Bestelauto;Plug-in Hybrid Electric Vehicle (PHEV);2013 december;0;0;0
9417;Bestelauto;Plug-in Hybrid Electric Vehicle (PHEV);2013 4e kwartaal;0;0;0
9418;Bestelauto;Plug-in Hybrid Electric Vehicle (PHEV);2013;0;0;0
9419;Bestelauto;Plug-in Hybrid Electric Vehicle (PHEV);2014 januari;0;0;0
9420;Bestelauto;Plug-in Hybrid Electric Vehicle (PHEV);2014 februari;0;0;0
9421;Bestelauto;Plug-in Hybrid Electric Vehicle (PHEV);2014 maart;0;0;0
9422;Bestelauto;Plug-in Hybrid Electric Vehicle (PHEV);2014 1e kwartaal;0;0;0
9423;Bestelauto;Plug-in Hybrid Electric Vehicle (PHEV);2014 april;0;0;0
9424;Bestelauto;Plug-in Hybrid Electric Vehicle (PHEV);2014 mei;0;0;0
9425;Bestelauto;Plug-in Hybrid Electric Vehicle (PHEV);2014 juni;0;0;0
9426;Bestelauto;Plug-in Hybrid Electric Vehicle (PHEV);2014 2e kwartaal;0;0;0
9427;Bestelauto;Plug-in Hybrid Electric Vehicle (PHEV);2014 juli;0;0;0
9428;Bestelauto;Plug-in Hybrid Electric Vehicle (PHEV);2014 augustus;0;0;0
9429;Bestelauto;Plug-in Hybrid Electric Vehicle (PHEV);2014 september;0;0;0
9430;Bestelauto;Plug-in Hybrid Electric Vehicle (PHEV);2014 3e kwartaal;0;0;0
9431;Bestelauto;Plug-in Hybrid Electric Vehicle (PHEV);2014 oktober;0;0;0
9432;Bestelauto;Plug-in Hybrid Electric Vehicle (PHEV);2014 november;0;0;0
9433;Bestelauto;Plug-in Hybrid Electric Vehicle (PHEV);2014 december;0;0;0
9434;Bestelauto;Plug-in Hybrid Electric Vehicle (PHEV);2014 4e kwartaal;0;0;0
9435;Bestelauto;Plug-in Hybrid Electric Vehicle (PHEV);2014;0;0;0
9436;Bestelauto;Plug-in Hybrid Electric Vehicle (PHEV);2015 januari;0;0;0
9437;Bestelauto;Plug-in Hybrid Electric Vehicle (PHEV);2015 februari;0;0;0
9438;Bestelauto;Plug-in Hybrid Electric Vehicle (PHEV);2015 maart;0;0;0
9439;Bestelauto;Plug-in Hybrid Electric Vehicle (PHEV);2015 1e kwartaal;0;0;0
9440;Bestelauto;Plug-in Hybrid Electric Vehicle (PHEV);2015 april;0;0;0
9441;Bestelauto;Plug-in Hybrid Electric Vehicle (PHEV);2015 mei;0;0;0
9442;Bestelauto;Plug-in Hybrid Electric Vehicle (PHEV);2015 juni;0;0;0
9443;Bestelauto;Plug-in Hybrid Electric Vehicle (PHEV);2015 2e kwartaal;0;0;0
9444;Bestelauto;Plug-in Hybrid Electric Vehicle (PHEV);2015 juli;0;0;0
9445;Bestelauto;Plug-in Hybrid Electric Vehicle (PHEV);2015 augustus;0;0;0
9446;Bestelauto;Plug-in Hybrid Electric Vehicle (PHEV);2015 september;0;0;0
9447;Bestelauto;Plug-in Hybrid Electric Vehicle (PHEV);2015 3e kwartaal;0;0;0
9448;Bestelauto;Plug-in Hybrid Electric Vehicle (PHEV);2015 oktober;0;0;0
9449;Bestelauto;Plug-in Hybrid Electric Vehicle (PHEV);2015 november;0;0;0
9450;Bestelauto;Plug-in Hybrid Electric Vehicle (PHEV);2015 december;0;0;0
9451;Bestelauto;Plug-in Hybrid Electric Vehicle (PHEV);2015 4e kwartaal;0;0;0
9452;Bestelauto;Plug-in Hybrid Electric Vehicle (PHEV);2015;0;0;0
9453;Bestelauto;Plug-in Hybrid Electric Vehicle (PHEV);2016 januari;0;0;0
9454;Bestelauto;Plug-in Hybrid Electric Vehicle (PHEV);2016 februari;0;0;0
9455;Bestelauto;Plug-in Hybrid Electric Vehicle (PHEV);2016 maart;0;0;0
9456;Bestelauto;Plug-in Hybrid Electric Vehicle (PHEV);2016 1e kwartaal;0;0;0
9457;Bestelauto;Plug-in Hybrid Electric Vehicle (PHEV);2016 april;0;0;0
9458;Bestelauto;Plug-in Hybrid Electric Vehicle (PHEV);2016 mei;0;0;0
9459;Bestelauto;Plug-in Hybrid Electric Vehicle (PHEV);2016 juni;0;0;0
9460;Bestelauto;Plug-in Hybrid Electric Vehicle (PHEV);2016 2e kwartaal;0;0;0
9461;Bestelauto;Plug-in Hybrid Electric Vehicle (PHEV);2016 juli;0;0;0
9462;Bestelauto;Plug-in Hybrid Electric Vehicle (PHEV);2016 augustus;0;0;0
9463;Bestelauto;Plug-in Hybrid Electric Vehicle (PHEV);2016 september;0;0;0
9464;Bestelauto;Plug-in Hybrid Electric Vehicle (PHEV);2016 3e kwartaal;0;0;0
9465;Bestelauto;Plug-in Hybrid Electric Vehicle (PHEV);2016 oktober;0;0;0
9466;Bestelauto;Plug-in Hybrid Electric Vehicle (PHEV);2016 november;0;0;0
9467;Bestelauto;Plug-in Hybrid Electric Vehicle (PHEV);2016 december;0;0;0
9468;Bestelauto;Plug-in Hybrid Electric Vehicle (PHEV);2016 4e kwartaal;0;0;0
9469;Bestelauto;Plug-in Hybrid Electric Vehicle (PHEV);2016;0;0;0
9470;Bestelauto;Plug-in Hybrid Electric Vehicle (PHEV);2017 januari;0;0;0
9471;Bestelauto;Plug-in Hybrid Electric Vehicle (PHEV);2017 februari;0;0;0
9472;Bestelauto;Plug-in Hybrid Electric Vehicle (PHEV);2017 maart;0;0;0
9473;Bestelauto;Plug-in Hybrid Electric Vehicle (PHEV);2017 1e kwartaal;0;0;0
9474;Bestelauto;Plug-in Hybrid Electric Vehicle (PHEV);2017 april;0;0;0
9475;Bestelauto;Plug-in Hybrid Electric Vehicle (PHEV);2017 mei;0;0;0
9476;Bestelauto;Plug-in Hybrid Electric Vehicle (PHEV);2017 juni;0;0;0
9477;Bestelauto;Plug-in Hybrid Electric Vehicle (PHEV);2017 2e kwartaal;0;0;0
9478;Bestelauto;Plug-in Hybrid Electric Vehicle (PHEV);2017 juli;0;0;0
9479;Bestelauto;Plug-in Hybrid Electric Vehicle (PHEV);2017 augustus;0;0;0
9480;Bestelauto;Plug-in Hybrid Electric Vehicle (PHEV);2017 september;0;0;0
9481;Bestelauto;Plug-in Hybrid Electric Vehicle (PHEV);2017 3e kwartaal;0;0;0
9482;Bestelauto;Plug-in Hybrid Electric Vehicle (PHEV);2017 oktober;0;0;0
9483;Bestelauto;Plug-in Hybrid Electric Vehicle (PHEV);2017 november;0;0;0
9484;Bestelauto;Plug-in Hybrid Electric Vehicle (PHEV);2017 december;0;0;0
9485;Bestelauto;Plug-in Hybrid Electric Vehicle (PHEV);2017 4e kwartaal;0;0;0
9486;Bestelauto;Plug-in Hybrid Electric Vehicle (PHEV);2017;0;0;0
9487;Bestelauto;Plug-in Hybrid Electric Vehicle (PHEV);2018 januari;0;0;0
9488;Bestelauto;Plug-in Hybrid Electric Vehicle (PHEV);2018 februari;0;0;0
9489;Bestelauto;Plug-in Hybrid Electric Vehicle (PHEV);2018 maart;0;0;0
9490;Bestelauto;Plug-in Hybrid Electric Vehicle (PHEV);2018 1e kwartaal;0;0;0
9491;Bestelauto;Plug-in Hybrid Electric Vehicle (PHEV);2018 april;0;0;0
9492;Bestelauto;Plug-in Hybrid Electric Vehicle (PHEV);2018 mei;0;0;0
9493;Bestelauto;Plug-in Hybrid Electric Vehicle (PHEV);2018 juni;0;0;0
9494;Bestelauto;Plug-in Hybrid Electric Vehicle (PHEV);2018 2e kwartaal;0;0;0
9495;Bestelauto;Plug-in Hybrid Electric Vehicle (PHEV);2018 juli;0;0;0
9496;Bestelauto;Plug-in Hybrid Electric Vehicle (PHEV);2018 augustus;0;0;0
9497;Bestelauto;Plug-in Hybrid Electric Vehicle (PHEV);2018 september;0;0;0
9498;Bestelauto;Plug-in Hybrid Electric Vehicle (PHEV);2018 3e kwartaal;0;0;0
9499;Bestelauto;Plug-in Hybrid Electric Vehicle (PHEV);2018 oktober;0;0;0
9500;Bestelauto;Plug-in Hybrid Electric Vehicle (PHEV);2018 november;0;0;0
9501;Bestelauto;Plug-in Hybrid Electric Vehicle (PHEV);2018 december;0;0;0
9502;Bestelauto;Plug-in Hybrid Electric Vehicle (PHEV);2018 4e kwartaal;0;0;0
9503;Bestelauto;Plug-in Hybrid Electric Vehicle (PHEV);2018;0;0;0
9504;Bestelauto;Plug-in Hybrid Electric Vehicle (PHEV);2019 januari;0;0;0
9505;Bestelauto;Plug-in Hybrid Electric Vehicle (PHEV);2019 februari;0;0;0
9506;Bestelauto;Plug-in Hybrid Electric Vehicle (PHEV);2019 maart;0;0;0
9507;Bestelauto;Plug-in Hybrid Electric Vehicle (PHEV);2019 1e kwartaal;0;0;0
9508;Bestelauto;Plug-in Hybrid Electric Vehicle (PHEV);2019 april;0;0;0
9509;Bestelauto;Plug-in Hybrid Electric Vehicle (PHEV);2019 mei;0;0;0
9510;Bestelauto;Plug-in Hybrid Electric Vehicle (PHEV);2019 juni;0;0;0
9511;Bestelauto;Plug-in Hybrid Electric Vehicle (PHEV);2019 2e kwartaal;0;0;0
9512;Bestelauto;Plug-in Hybrid Electric Vehicle (PHEV);2019 juli;0;0;0
9513;Bestelauto;Plug-in Hybrid Electric Vehicle (PHEV);2019 augustus;0;0;0
9514;Bestelauto;Plug-in Hybrid Electric Vehicle (PHEV);2019 september;0;0;0
9515;Bestelauto;Plug-in Hybrid Electric Vehicle (PHEV);2019 3e kwartaal;0;0;0
9516;Bestelauto;Plug-in Hybrid Electric Vehicle (PHEV);2019 oktober;0;0;0
9517;Bestelauto;Plug-in Hybrid Electric Vehicle (PHEV);2019 november;0;0;0
9518;Bestelauto;Plug-in Hybrid Electric Vehicle (PHEV);2019 december;0;0;0
9519;Bestelauto;Plug-in Hybrid Electric Vehicle (PHEV);2019 4e kwartaal;0;0;0
9520;Bestelauto;Plug-in Hybrid Electric Vehicle (PHEV);2019;0;0;0
9521;Bestelauto;Plug-in Hybrid Electric Vehicle (PHEV);2020 januari;0;0;0
9522;Bestelauto;Plug-in Hybrid Electric Vehicle (PHEV);2020 februari;0;0;0
9523;Bestelauto;Plug-in Hybrid Electric Vehicle (PHEV);2020 maart;4;4;0
9524;Bestelauto;Plug-in Hybrid Electric Vehicle (PHEV);2020 1e kwartaal;4;4;0
9525;Bestelauto;Plug-in Hybrid Electric Vehicle (PHEV);2020 april;4;4;0
9526;Bestelauto;Plug-in Hybrid Electric Vehicle (PHEV);2020 mei;0;0;0
9527;Bestelauto;Plug-in Hybrid Electric Vehicle (PHEV);2020 juni;2;2;0
9528;Bestelauto;Plug-in Hybrid Electric Vehicle (PHEV);2020 2e kwartaal;6;6;0
9529;Bestelauto;Plug-in Hybrid Electric Vehicle (PHEV);2020 juli;2;1;1
9530;Bestelauto;Plug-in Hybrid Electric Vehicle (PHEV);2020 augustus;0;0;0
9531;Bestelauto;Plug-in Hybrid Electric Vehicle (PHEV);2020 september;4;3;1
9532;Bestelauto;Plug-in Hybrid Electric Vehicle (PHEV);2020 3e kwartaal;6;4;2
9533;Bestelauto;Plug-in Hybrid Electric Vehicle (PHEV);2020 oktober;4;4;0
9534;Bestelauto;Plug-in Hybrid Electric Vehicle (PHEV);2020 november;5;5;0
9535;Bestelauto;Plug-in Hybrid Electric Vehicle (PHEV);2020 december;4;3;1
9536;Bestelauto;Plug-in Hybrid Electric Vehicle (PHEV);2020 4e kwartaal;13;12;1
9537;Bestelauto;Plug-in Hybrid Electric Vehicle (PHEV);2020;29;26;3
9538;Bestelauto;Plug-in Hybrid Electric Vehicle (PHEV);2021 januari;3;3;0
9539;Bestelauto;Plug-in Hybrid Electric Vehicle (PHEV);2021 februari;1;1;0
9540;Bestelauto;Plug-in Hybrid Electric Vehicle (PHEV);2021 maart;9;9;0
9541;Bestelauto;Plug-in Hybrid Electric Vehicle (PHEV);2021 1e kwartaal;13;13;0
9542;Bestelauto;Plug-in Hybrid Electric Vehicle (PHEV);2021 april;2;2;0
9543;Bestelauto;Plug-in Hybrid Electric Vehicle (PHEV);2021 mei;4;2;2
9544;Bestelauto;Plug-in Hybrid Electric Vehicle (PHEV);2021 juni;7;7;0
9545;Bestelauto;Plug-in Hybrid Electric Vehicle (PHEV);2021 2e kwartaal;13;11;2
9546;Bestelauto;Plug-in Hybrid Electric Vehicle (PHEV);2021 juli;13;11;2
9547;Bestelauto;Plug-in Hybrid Electric Vehicle (PHEV);2021 augustus;2;2;0
9548;Bestelauto;Plug-in Hybrid Electric Vehicle (PHEV);2021 september;2;1;1
9549;Bestelauto;Plug-in Hybrid Electric Vehicle (PHEV);2021 3e kwartaal;17;14;3
9550;Bestelauto;Plug-in Hybrid Electric Vehicle (PHEV);2021 oktober;3;2;1
9551;Bestelauto;Plug-in Hybrid Electric Vehicle (PHEV);2021 november;5;2;3
9552;Bestelauto;Plug-in Hybrid Electric Vehicle (PHEV);2021 december;2;1;1
9553;Bestelauto;Plug-in Hybrid Electric Vehicle (PHEV);2021 4e kwartaal;10;5;5
9554;Bestelauto;Plug-in Hybrid Electric Vehicle (PHEV);2021;53;43;10
9555;Bestelauto;Plug-in Hybrid Electric Vehicle (PHEV);2022 januari;3;0;3
9556;Bestelauto;Plug-in Hybrid Electric Vehicle (PHEV);2022 februari;11;10;1
9557;Bestelauto;Plug-in Hybrid Electric Vehicle (PHEV);2022 maart;9;6;3
9558;Bestelauto;Plug-in Hybrid Electric Vehicle (PHEV);2022 1e kwartaal;23;16;7
9559;Bestelauto;Plug-in Hybrid Electric Vehicle (PHEV);2022 april;6;2;4
9560;Bestelauto;Plug-in Hybrid Electric Vehicle (PHEV);2022 mei;4;2;2
9561;Bestelauto;Plug-in Hybrid Electric Vehicle (PHEV);2022 juni;8;3;5
9562;Bestelauto;Plug-in Hybrid Electric Vehicle (PHEV);2022 2e kwartaal;18;7;11
9563;Bestelauto;Plug-in Hybrid Electric Vehicle (PHEV);2022 juli;10;1;9
9564;Bestelauto;Plug-in Hybrid Electric Vehicle (PHEV);2022 augustus;8;8;0
9565;Bestelauto;Plug-in Hybrid Electric Vehicle (PHEV);2022 september;4;0;4
9566;Bestelauto;Plug-in Hybrid Electric Vehicle (PHEV);2022 3e kwartaal;22;9;13
9567;Bestelauto;Plug-in Hybrid Electric Vehicle (PHEV);2022 oktober;4;0;4
9568;Bestelauto;Plug-in Hybrid Electric Vehicle (PHEV);2022 november;2;0;2
9569;Bestelauto;Plug-in Hybrid Electric Vehicle (PHEV);2022 december;2;0;2
9570;Bestelauto;Plug-in Hybrid Electric Vehicle (PHEV);2022 4e kwartaal;8;0;8
9571;Bestelauto;Plug-in Hybrid Electric Vehicle (PHEV);2022;71;32;39
9572;Bestelauto;Plug-in Hybrid Electric Vehicle (PHEV);2023 januari;5;0;5
9573;Bestelauto;Plug-in Hybrid Electric Vehicle (PHEV);2023 februari;7;0;7
9574;Bestelauto;Plug-in Hybrid Electric Vehicle (PHEV);2023 maart;6;0;6
9575;Bestelauto;Plug-in Hybrid Electric Vehicle (PHEV);2023 1e kwartaal;18;0;18
9576;Bestelauto;Plug-in Hybrid Electric Vehicle (PHEV);2023 april;8;0;8
9577;Bestelauto;Plug-in Hybrid Electric Vehicle (PHEV);2023 mei;1;0;1
9578;Bestelauto;Plug-in Hybrid Electric Vehicle (PHEV);2023 juni;1;0;1
9579;Bestelauto;Plug-in Hybrid Electric Vehicle (PHEV);2023 2e kwartaal;10;0;10
9580;Bestelauto;Plug-in Hybrid Electric Vehicle (PHEV);2023 juli;4;0;4
9581;Bestelauto;Plug-in Hybrid Electric Vehicle (PHEV);2023 augustus;2;0;2
9582;Bestelauto;Plug-in Hybrid Electric Vehicle (PHEV);2023 september;2;0;2
9583;Bestelauto;Plug-in Hybrid Electric Vehicle (PHEV);2023 3e kwartaal;8;0;8
9584;Bestelauto;Plug-in Hybrid Electric Vehicle (PHEV);2023 oktober;5;0;5
9585;Bestelauto;Plug-in Hybrid Electric Vehicle (PHEV);2023 november;4;0;4
9586;Bestelauto;Plug-in Hybrid Electric Vehicle (PHEV);2023 december;4;0;4
9587;Bestelauto;Plug-in Hybrid Electric Vehicle (PHEV);2023 4e kwartaal;13;0;13
9588;Bestelauto;Plug-in Hybrid Electric Vehicle (PHEV);2023;49;0;49
9589;Bestelauto;Plug-in Hybrid Electric Vehicle (PHEV);2024 januari;3;0;3
9590;Bestelauto;Plug-in Hybrid Electric Vehicle (PHEV);2024 februari;1;0;1
9591;Bestelauto;Plug-in Hybrid Electric Vehicle (PHEV);2024 maart;2;0;2
9592;Bestelauto;Plug-in Hybrid Electric Vehicle (PHEV);2024 1e kwartaal;6;0;6
9593;Bestelauto;Plug-in Hybrid Electric Vehicle (PHEV);2024 april;1;0;1
9594;Bestelauto;Plug-in Hybrid Electric Vehicle (PHEV);2024 mei;3;0;3
9595;Bestelauto;Plug-in Hybrid Electric Vehicle (PHEV);2024 juni;1;0;1
9596;Bestelauto;Plug-in Hybrid Electric Vehicle (PHEV);2024 2e kwartaal;5;0;5
9597;Bestelauto;Plug-in Hybrid Electric Vehicle (PHEV);2024 juli;4;0;4
9598;Bestelauto;Plug-in Hybrid Electric Vehicle (PHEV);2024 augustus;8;5;3
9599;Bestelauto;Plug-in Hybrid Electric Vehicle (PHEV);2024 september;52;48;4
9600;Bestelauto;Plug-in Hybrid Electric Vehicle (PHEV);2024 3e kwartaal;64;53;11
9601;Bestelauto;Plug-in Hybrid Electric Vehicle (PHEV);2024 oktober;76;71;5
9602;Bestelauto;Plug-in Hybrid Electric Vehicle (PHEV);2024 november;94;88;6
9603;Bestelauto;Plug-in Hybrid Electric Vehicle (PHEV);2024 december;248;232;16
9604;Bestelauto;Plug-in Hybrid Electric Vehicle (PHEV);2024 4e kwartaal;418;391;27
9605;Bestelauto;Plug-in Hybrid Electric Vehicle (PHEV);2024;493;444;49
9606;Bestelauto;Plug-in Hybrid Electric Vehicle (PHEV);2025 januari;17;6;11
9607;Bestelauto;Plug-in Hybrid Electric Vehicle (PHEV);2025 februari;52;31;21
9608;Bestelauto;Plug-in Hybrid Electric Vehicle (PHEV);2025 maart;54;29;25
9609;Bestelauto;Plug-in Hybrid Electric Vehicle (PHEV);2025 1e kwartaal;123;66;57
9610;Bestelauto;Overig/onbekend hybride;2007 januari;0;0;0
9611;Bestelauto;Overig/onbekend hybride;2007 februari;0;0;0
9612;Bestelauto;Overig/onbekend hybride;2007 maart;0;0;0
9613;Bestelauto;Overig/onbekend hybride;2007 1e kwartaal;0;0;0
9614;Bestelauto;Overig/onbekend hybride;2007 april;0;0;0
9615;Bestelauto;Overig/onbekend hybride;2007 mei;0;0;0
9616;Bestelauto;Overig/onbekend hybride;2007 juni;0;0;0
9617;Bestelauto;Overig/onbekend hybride;2007 2e kwartaal;0;0;0
9618;Bestelauto;Overig/onbekend hybride;2007 juli;0;0;0
9619;Bestelauto;Overig/onbekend hybride;2007 augustus;0;0;0
9620;Bestelauto;Overig/onbekend hybride;2007 september;0;0;0
9621;Bestelauto;Overig/onbekend hybride;2007 3e kwartaal;0;0;0
9622;Bestelauto;Overig/onbekend hybride;2007 oktober;0;0;0
9623;Bestelauto;Overig/onbekend hybride;2007 november;0;0;0
9624;Bestelauto;Overig/onbekend hybride;2007 december;0;0;0
9625;Bestelauto;Overig/onbekend hybride;2007 4e kwartaal;0;0;0
9626;Bestelauto;Overig/onbekend hybride;2007;0;0;0
9627;Bestelauto;Overig/onbekend hybride;2008 januari;0;0;0
9628;Bestelauto;Overig/onbekend hybride;2008 februari;0;0;0
9629;Bestelauto;Overig/onbekend hybride;2008 maart;0;0;0
9630;Bestelauto;Overig/onbekend hybride;2008 1e kwartaal;0;0;0
9631;Bestelauto;Overig/onbekend hybride;2008 april;0;0;0
9632;Bestelauto;Overig/onbekend hybride;2008 mei;0;0;0
9633;Bestelauto;Overig/onbekend hybride;2008 juni;0;0;0
9634;Bestelauto;Overig/onbekend hybride;2008 2e kwartaal;0;0;0
9635;Bestelauto;Overig/onbekend hybride;2008 juli;0;0;0
9636;Bestelauto;Overig/onbekend hybride;2008 augustus;0;0;0
9637;Bestelauto;Overig/onbekend hybride;2008 september;0;0;0
9638;Bestelauto;Overig/onbekend hybride;2008 3e kwartaal;0;0;0
9639;Bestelauto;Overig/onbekend hybride;2008 oktober;0;0;0
9640;Bestelauto;Overig/onbekend hybride;2008 november;0;0;0
9641;Bestelauto;Overig/onbekend hybride;2008 december;0;0;0
9642;Bestelauto;Overig/onbekend hybride;2008 4e kwartaal;0;0;0
9643;Bestelauto;Overig/onbekend hybride;2008;0;0;0
9644;Bestelauto;Overig/onbekend hybride;2009 januari;0;0;0
9645;Bestelauto;Overig/onbekend hybride;2009 februari;0;0;0
9646;Bestelauto;Overig/onbekend hybride;2009 maart;0;0;0
9647;Bestelauto;Overig/onbekend hybride;2009 1e kwartaal;0;0;0
9648;Bestelauto;Overig/onbekend hybride;2009 april;0;0;0
9649;Bestelauto;Overig/onbekend hybride;2009 mei;0;0;0
9650;Bestelauto;Overig/onbekend hybride;2009 juni;0;0;0
9651;Bestelauto;Overig/onbekend hybride;2009 2e kwartaal;0;0;0
9652;Bestelauto;Overig/onbekend hybride;2009 juli;0;0;0
9653;Bestelauto;Overig/onbekend hybride;2009 augustus;0;0;0
9654;Bestelauto;Overig/onbekend hybride;2009 september;0;0;0
9655;Bestelauto;Overig/onbekend hybride;2009 3e kwartaal;0;0;0
9656;Bestelauto;Overig/onbekend hybride;2009 oktober;0;0;0
9657;Bestelauto;Overig/onbekend hybride;2009 november;0;0;0
9658;Bestelauto;Overig/onbekend hybride;2009 december;0;0;0
9659;Bestelauto;Overig/onbekend hybride;2009 4e kwartaal;0;0;0
9660;Bestelauto;Overig/onbekend hybride;2009;0;0;0
9661;Bestelauto;Overig/onbekend hybride;2010 januari;0;0;0
9662;Bestelauto;Overig/onbekend hybride;2010 februari;0;0;0
9663;Bestelauto;Overig/onbekend hybride;2010 maart;0;0;0
9664;Bestelauto;Overig/onbekend hybride;2010 1e kwartaal;0;0;0
9665;Bestelauto;Overig/onbekend hybride;2010 april;0;0;0
9666;Bestelauto;Overig/onbekend hybride;2010 mei;0;0;0
9667;Bestelauto;Overig/onbekend hybride;2010 juni;0;0;0
9668;Bestelauto;Overig/onbekend hybride;2010 2e kwartaal;0;0;0
9669;Bestelauto;Overig/onbekend hybride;2010 juli;0;0;0
9670;Bestelauto;Overig/onbekend hybride;2010 augustus;0;0;0
9671;Bestelauto;Overig/onbekend hybride;2010 september;0;0;0
9672;Bestelauto;Overig/onbekend hybride;2010 3e kwartaal;0;0;0
9673;Bestelauto;Overig/onbekend hybride;2010 oktober;0;0;0
9674;Bestelauto;Overig/onbekend hybride;2010 november;0;0;0
9675;Bestelauto;Overig/onbekend hybride;2010 december;0;0;0
9676;Bestelauto;Overig/onbekend hybride;2010 4e kwartaal;0;0;0
9677;Bestelauto;Overig/onbekend hybride;2010;0;0;0
9678;Bestelauto;Overig/onbekend hybride;2011 januari;0;0;0
9679;Bestelauto;Overig/onbekend hybride;2011 februari;0;0;0
9680;Bestelauto;Overig/onbekend hybride;2011 maart;0;0;0
9681;Bestelauto;Overig/onbekend hybride;2011 1e kwartaal;0;0;0
9682;Bestelauto;Overig/onbekend hybride;2011 april;0;0;0
9683;Bestelauto;Overig/onbekend hybride;2011 mei;0;0;0
9684;Bestelauto;Overig/onbekend hybride;2011 juni;0;0;0
9685;Bestelauto;Overig/onbekend hybride;2011 2e kwartaal;0;0;0
9686;Bestelauto;Overig/onbekend hybride;2011 juli;0;0;0
9687;Bestelauto;Overig/onbekend hybride;2011 augustus;0;0;0
9688;Bestelauto;Overig/onbekend hybride;2011 september;0;0;0
9689;Bestelauto;Overig/onbekend hybride;2011 3e kwartaal;0;0;0
9690;Bestelauto;Overig/onbekend hybride;2011 oktober;0;0;0
9691;Bestelauto;Overig/onbekend hybride;2011 november;0;0;0
9692;Bestelauto;Overig/onbekend hybride;2011 december;0;0;0
9693;Bestelauto;Overig/onbekend hybride;2011 4e kwartaal;0;0;0
9694;Bestelauto;Overig/onbekend hybride;2011;0;0;0
9695;Bestelauto;Overig/onbekend hybride;2012 januari;0;0;0
9696;Bestelauto;Overig/onbekend hybride;2012 februari;0;0;0
9697;Bestelauto;Overig/onbekend hybride;2012 maart;0;0;0
9698;Bestelauto;Overig/onbekend hybride;2012 1e kwartaal;0;0;0
9699;Bestelauto;Overig/onbekend hybride;2012 april;0;0;0
9700;Bestelauto;Overig/onbekend hybride;2012 mei;0;0;0
9701;Bestelauto;Overig/onbekend hybride;2012 juni;0;0;0
9702;Bestelauto;Overig/onbekend hybride;2012 2e kwartaal;0;0;0
9703;Bestelauto;Overig/onbekend hybride;2012 juli;0;0;0
9704;Bestelauto;Overig/onbekend hybride;2012 augustus;0;0;0
9705;Bestelauto;Overig/onbekend hybride;2012 september;0;0;0
9706;Bestelauto;Overig/onbekend hybride;2012 3e kwartaal;0;0;0
9707;Bestelauto;Overig/onbekend hybride;2012 oktober;0;0;0
9708;Bestelauto;Overig/onbekend hybride;2012 november;0;0;0
9709;Bestelauto;Overig/onbekend hybride;2012 december;0;0;0
9710;Bestelauto;Overig/onbekend hybride;2012 4e kwartaal;0;0;0
9711;Bestelauto;Overig/onbekend hybride;2012;0;0;0
9712;Bestelauto;Overig/onbekend hybride;2013 januari;0;0;0
9713;Bestelauto;Overig/onbekend hybride;2013 februari;0;0;0
9714;Bestelauto;Overig/onbekend hybride;2013 maart;0;0;0
9715;Bestelauto;Overig/onbekend hybride;2013 1e kwartaal;0;0;0
9716;Bestelauto;Overig/onbekend hybride;2013 april;0;0;0
9717;Bestelauto;Overig/onbekend hybride;2013 mei;0;0;0
9718;Bestelauto;Overig/onbekend hybride;2013 juni;0;0;0
9719;Bestelauto;Overig/onbekend hybride;2013 2e kwartaal;0;0;0
9720;Bestelauto;Overig/onbekend hybride;2013 juli;0;0;0
9721;Bestelauto;Overig/onbekend hybride;2013 augustus;0;0;0
9722;Bestelauto;Overig/onbekend hybride;2013 september;0;0;0
9723;Bestelauto;Overig/onbekend hybride;2013 3e kwartaal;0;0;0
9724;Bestelauto;Overig/onbekend hybride;2013 oktober;0;0;0
9725;Bestelauto;Overig/onbekend hybride;2013 november;0;0;0
9726;Bestelauto;Overig/onbekend hybride;2013 december;0;0;0
9727;Bestelauto;Overig/onbekend hybride;2013 4e kwartaal;0;0;0
9728;Bestelauto;Overig/onbekend hybride;2013;0;0;0
9729;Bestelauto;Overig/onbekend hybride;2014 januari;0;0;0
9730;Bestelauto;Overig/onbekend hybride;2014 februari;0;0;0
9731;Bestelauto;Overig/onbekend hybride;2014 maart;0;0;0
9732;Bestelauto;Overig/onbekend hybride;2014 1e kwartaal;0;0;0
9733;Bestelauto;Overig/onbekend hybride;2014 april;0;0;0
9734;Bestelauto;Overig/onbekend hybride;2014 mei;0;0;0
9735;Bestelauto;Overig/onbekend hybride;2014 juni;0;0;0
9736;Bestelauto;Overig/onbekend hybride;2014 2e kwartaal;0;0;0
9737;Bestelauto;Overig/onbekend hybride;2014 juli;0;0;0
9738;Bestelauto;Overig/onbekend hybride;2014 augustus;0;0;0
9739;Bestelauto;Overig/onbekend hybride;2014 september;1;0;1
9740;Bestelauto;Overig/onbekend hybride;2014 3e kwartaal;1;0;1
9741;Bestelauto;Overig/onbekend hybride;2014 oktober;0;0;0
9742;Bestelauto;Overig/onbekend hybride;2014 november;0;0;0
9743;Bestelauto;Overig/onbekend hybride;2014 december;0;0;0
9744;Bestelauto;Overig/onbekend hybride;2014 4e kwartaal;0;0;0
9745;Bestelauto;Overig/onbekend hybride;2014;1;0;1
9746;Bestelauto;Overig/onbekend hybride;2015 januari;0;0;0
9747;Bestelauto;Overig/onbekend hybride;2015 februari;0;0;0
9748;Bestelauto;Overig/onbekend hybride;2015 maart;0;0;0
9749;Bestelauto;Overig/onbekend hybride;2015 1e kwartaal;0;0;0
9750;Bestelauto;Overig/onbekend hybride;2015 april;0;0;0
9751;Bestelauto;Overig/onbekend hybride;2015 mei;0;0;0
9752;Bestelauto;Overig/onbekend hybride;2015 juni;1;1;0
9753;Bestelauto;Overig/onbekend hybride;2015 2e kwartaal;1;1;0
9754;Bestelauto;Overig/onbekend hybride;2015 juli;0;0;0
9755;Bestelauto;Overig/onbekend hybride;2015 augustus;0;0;0
9756;Bestelauto;Overig/onbekend hybride;2015 september;0;0;0
9757;Bestelauto;Overig/onbekend hybride;2015 3e kwartaal;0;0;0
9758;Bestelauto;Overig/onbekend hybride;2015 oktober;0;0;0
9759;Bestelauto;Overig/onbekend hybride;2015 november;0;0;0
9760;Bestelauto;Overig/onbekend hybride;2015 december;0;0;0
9761;Bestelauto;Overig/onbekend hybride;2015 4e kwartaal;0;0;0
9762;Bestelauto;Overig/onbekend hybride;2015;1;1;0
9763;Bestelauto;Overig/onbekend hybride;2016 januari;0;0;0
9764;Bestelauto;Overig/onbekend hybride;2016 februari;0;0;0
9765;Bestelauto;Overig/onbekend hybride;2016 maart;2;0;2
9766;Bestelauto;Overig/onbekend hybride;2016 1e kwartaal;2;0;2
9767;Bestelauto;Overig/onbekend hybride;2016 april;1;0;1
9768;Bestelauto;Overig/onbekend hybride;2016 mei;0;0;0
9769;Bestelauto;Overig/onbekend hybride;2016 juni;1;0;1
9770;Bestelauto;Overig/onbekend hybride;2016 2e kwartaal;2;0;2
9771;Bestelauto;Overig/onbekend hybride;2016 juli;0;0;0
9772;Bestelauto;Overig/onbekend hybride;2016 augustus;0;0;0
9773;Bestelauto;Overig/onbekend hybride;2016 september;0;0;0
9774;Bestelauto;Overig/onbekend hybride;2016 3e kwartaal;0;0;0
9775;Bestelauto;Overig/onbekend hybride;2016 oktober;0;0;0
9776;Bestelauto;Overig/onbekend hybride;2016 november;1;0;1
9777;Bestelauto;Overig/onbekend hybride;2016 december;0;0;0
9778;Bestelauto;Overig/onbekend hybride;2016 4e kwartaal;1;0;1
9779;Bestelauto;Overig/onbekend hybride;2016;5;0;5
9780;Bestelauto;Overig/onbekend hybride;2017 januari;0;0;0
9781;Bestelauto;Overig/onbekend hybride;2017 februari;0;0;0
9782;Bestelauto;Overig/onbekend hybride;2017 maart;0;0;0
9783;Bestelauto;Overig/onbekend hybride;2017 1e kwartaal;0;0;0
9784;Bestelauto;Overig/onbekend hybride;2017 april;0;0;0
9785;Bestelauto;Overig/onbekend hybride;2017 mei;0;0;0
9786;Bestelauto;Overig/onbekend hybride;2017 juni;0;0;0
9787;Bestelauto;Overig/onbekend hybride;2017 2e kwartaal;0;0;0
9788;Bestelauto;Overig/onbekend hybride;2017 juli;0;0;0
9789;Bestelauto;Overig/onbekend hybride;2017 augustus;0;0;0
9790;Bestelauto;Overig/onbekend hybride;2017 september;0;0;0
9791;Bestelauto;Overig/onbekend hybride;2017 3e kwartaal;0;0;0
9792;Bestelauto;Overig/onbekend hybride;2017 oktober;0;0;0
9793;Bestelauto;Overig/onbekend hybride;2017 november;0;0;0
9794;Bestelauto;Overig/onbekend hybride;2017 december;0;0;0
9795;Bestelauto;Overig/onbekend hybride;2017 4e kwartaal;0;0;0
9796;Bestelauto;Overig/onbekend hybride;2017;0;0;0
9797;Bestelauto;Overig/onbekend hybride;2018 januari;0;0;0
9798;Bestelauto;Overig/onbekend hybride;2018 februari;0;0;0
9799;Bestelauto;Overig/onbekend hybride;2018 maart;0;0;0
9800;Bestelauto;Overig/onbekend hybride;2018 1e kwartaal;0;0;0
9801;Bestelauto;Overig/onbekend hybride;2018 april;0;0;0
9802;Bestelauto;Overig/onbekend hybride;2018 mei;0;0;0
9803;Bestelauto;Overig/onbekend hybride;2018 juni;1;0;1
9804;Bestelauto;Overig/onbekend hybride;2018 2e kwartaal;1;0;1
9805;Bestelauto;Overig/onbekend hybride;2018 juli;0;0;0
9806;Bestelauto;Overig/onbekend hybride;2018 augustus;0;0;0
9807;Bestelauto;Overig/onbekend hybride;2018 september;0;0;0
9808;Bestelauto;Overig/onbekend hybride;2018 3e kwartaal;0;0;0
9809;Bestelauto;Overig/onbekend hybride;2018 oktober;0;0;0
9810;Bestelauto;Overig/onbekend hybride;2018 november;0;0;0
9811;Bestelauto;Overig/onbekend hybride;2018 december;0;0;0
9812;Bestelauto;Overig/onbekend hybride;2018 4e kwartaal;0;0;0
9813;Bestelauto;Overig/onbekend hybride;2018;1;0;1
9814;Bestelauto;Overig/onbekend hybride;2019 januari;1;0;1
9815;Bestelauto;Overig/onbekend hybride;2019 februari;0;0;0
9816;Bestelauto;Overig/onbekend hybride;2019 maart;0;0;0
9817;Bestelauto;Overig/onbekend hybride;2019 1e kwartaal;1;0;1
9818;Bestelauto;Overig/onbekend hybride;2019 april;0;0;0
9819;Bestelauto;Overig/onbekend hybride;2019 mei;0;0;0
9820;Bestelauto;Overig/onbekend hybride;2019 juni;0;0;0
9821;Bestelauto;Overig/onbekend hybride;2019 2e kwartaal;0;0;0
9822;Bestelauto;Overig/onbekend hybride;2019 juli;0;0;0
9823;Bestelauto;Overig/onbekend hybride;2019 augustus;2;0;2
9824;Bestelauto;Overig/onbekend hybride;2019 september;2;2;0
9825;Bestelauto;Overig/onbekend hybride;2019 3e kwartaal;4;2;2
9826;Bestelauto;Overig/onbekend hybride;2019 oktober;0;0;0
9827;Bestelauto;Overig/onbekend hybride;2019 november;0;0;0
9828;Bestelauto;Overig/onbekend hybride;2019 december;4;2;2
9829;Bestelauto;Overig/onbekend hybride;2019 4e kwartaal;4;2;2
9830;Bestelauto;Overig/onbekend hybride;2019;9;4;5
9831;Bestelauto;Overig/onbekend hybride;2020 januari;6;6;0
9832;Bestelauto;Overig/onbekend hybride;2020 februari;2;2;0
9833;Bestelauto;Overig/onbekend hybride;2020 maart;2;2;0
9834;Bestelauto;Overig/onbekend hybride;2020 1e kwartaal;10;10;0
9835;Bestelauto;Overig/onbekend hybride;2020 april;1;1;0
9836;Bestelauto;Overig/onbekend hybride;2020 mei;6;6;0
9837;Bestelauto;Overig/onbekend hybride;2020 juni;2;1;1
9838;Bestelauto;Overig/onbekend hybride;2020 2e kwartaal;9;8;1
9839;Bestelauto;Overig/onbekend hybride;2020 juli;1;1;0
9840;Bestelauto;Overig/onbekend hybride;2020 augustus;3;0;3
9841;Bestelauto;Overig/onbekend hybride;2020 september;8;4;4
9842;Bestelauto;Overig/onbekend hybride;2020 3e kwartaal;12;5;7
9843;Bestelauto;Overig/onbekend hybride;2020 oktober;8;7;1
9844;Bestelauto;Overig/onbekend hybride;2020 november;3;2;1
9845;Bestelauto;Overig/onbekend hybride;2020 december;10;5;5
9846;Bestelauto;Overig/onbekend hybride;2020 4e kwartaal;21;14;7
9847;Bestelauto;Overig/onbekend hybride;2020;52;37;15
9848;Bestelauto;Overig/onbekend hybride;2021 januari;19;15;4
9849;Bestelauto;Overig/onbekend hybride;2021 februari;17;14;3
9850;Bestelauto;Overig/onbekend hybride;2021 maart;9;7;2
9851;Bestelauto;Overig/onbekend hybride;2021 1e kwartaal;45;36;9
9852;Bestelauto;Overig/onbekend hybride;2021 april;11;6;5
9853;Bestelauto;Overig/onbekend hybride;2021 mei;27;25;2
9854;Bestelauto;Overig/onbekend hybride;2021 juni;41;30;11
9855;Bestelauto;Overig/onbekend hybride;2021 2e kwartaal;79;61;18
9856;Bestelauto;Overig/onbekend hybride;2021 juli;38;29;9
9857;Bestelauto;Overig/onbekend hybride;2021 augustus;19;15;4
9858;Bestelauto;Overig/onbekend hybride;2021 september;23;16;7
9859;Bestelauto;Overig/onbekend hybride;2021 3e kwartaal;80;60;20
9860;Bestelauto;Overig/onbekend hybride;2021 oktober;12;6;6
9861;Bestelauto;Overig/onbekend hybride;2021 november;18;11;7
9862;Bestelauto;Overig/onbekend hybride;2021 december;20;7;13
9863;Bestelauto;Overig/onbekend hybride;2021 4e kwartaal;50;24;26
9864;Bestelauto;Overig/onbekend hybride;2021;254;181;73
9865;Bestelauto;Overig/onbekend hybride;2022 januari;34;20;14
9866;Bestelauto;Overig/onbekend hybride;2022 februari;16;5;11
9867;Bestelauto;Overig/onbekend hybride;2022 maart;12;5;7
9868;Bestelauto;Overig/onbekend hybride;2022 1e kwartaal;62;30;32
9869;Bestelauto;Overig/onbekend hybride;2022 april;18;10;8
9870;Bestelauto;Overig/onbekend hybride;2022 mei;25;15;10
9871;Bestelauto;Overig/onbekend hybride;2022 juni;24;14;10
9872;Bestelauto;Overig/onbekend hybride;2022 2e kwartaal;67;39;28
9873;Bestelauto;Overig/onbekend hybride;2022 juli;30;17;13
9874;Bestelauto;Overig/onbekend hybride;2022 augustus;39;25;14
9875;Bestelauto;Overig/onbekend hybride;2022 september;30;14;16
9876;Bestelauto;Overig/onbekend hybride;2022 3e kwartaal;99;56;43
9877;Bestelauto;Overig/onbekend hybride;2022 oktober;29;11;18
9878;Bestelauto;Overig/onbekend hybride;2022 november;29;14;15
9879;Bestelauto;Overig/onbekend hybride;2022 december;33;10;23
9880;Bestelauto;Overig/onbekend hybride;2022 4e kwartaal;91;35;56
9881;Bestelauto;Overig/onbekend hybride;2022;319;160;159
9882;Bestelauto;Overig/onbekend hybride;2023 januari;38;18;20
9883;Bestelauto;Overig/onbekend hybride;2023 februari;25;8;17
9884;Bestelauto;Overig/onbekend hybride;2023 maart;31;14;17
9885;Bestelauto;Overig/onbekend hybride;2023 1e kwartaal;94;40;54
9886;Bestelauto;Overig/onbekend hybride;2023 april;27;12;15
9887;Bestelauto;Overig/onbekend hybride;2023 mei;21;4;17
9888;Bestelauto;Overig/onbekend hybride;2023 juni;37;9;28
9889;Bestelauto;Overig/onbekend hybride;2023 2e kwartaal;85;25;60
9890;Bestelauto;Overig/onbekend hybride;2023 juli;33;6;27
9891;Bestelauto;Overig/onbekend hybride;2023 augustus;29;7;22
9892;Bestelauto;Overig/onbekend hybride;2023 september;30;6;24
9893;Bestelauto;Overig/onbekend hybride;2023 3e kwartaal;92;19;73
9894;Bestelauto;Overig/onbekend hybride;2023 oktober;33;8;25
9895;Bestelauto;Overig/onbekend hybride;2023 november;43;10;33
9896;Bestelauto;Overig/onbekend hybride;2023 december;38;7;31
9897;Bestelauto;Overig/onbekend hybride;2023 4e kwartaal;114;25;89
9898;Bestelauto;Overig/onbekend hybride;2023;385;109;276
9899;Bestelauto;Overig/onbekend hybride;2024 januari;37;19;18
9900;Bestelauto;Overig/onbekend hybride;2024 februari;43;14;29
9901;Bestelauto;Overig/onbekend hybride;2024 maart;40;13;27
9902;Bestelauto;Overig/onbekend hybride;2024 1e kwartaal;120;46;74
9903;Bestelauto;Overig/onbekend hybride;2024 april;40;7;33
9904;Bestelauto;Overig/onbekend hybride;2024 mei;49;19;30
9905;Bestelauto;Overig/onbekend hybride;2024 juni;47;18;29
9906;Bestelauto;Overig/onbekend hybride;2024 2e kwartaal;136;44;92
9907;Bestelauto;Overig/onbekend hybride;2024 juli;54;9;45
9908;Bestelauto;Overig/onbekend hybride;2024 augustus;59;27;32
9909;Bestelauto;Overig/onbekend hybride;2024 september;50;14;36
9910;Bestelauto;Overig/onbekend hybride;2024 3e kwartaal;163;50;113
9911;Bestelauto;Overig/onbekend hybride;2024 oktober;69;29;40
9912;Bestelauto;Overig/onbekend hybride;2024 november;137;65;72
9913;Bestelauto;Overig/onbekend hybride;2024 december;195;106;89
9914;Bestelauto;Overig/onbekend hybride;2024 4e kwartaal;401;200;201
9915;Bestelauto;Overig/onbekend hybride;2024;820;340;480
9916;Bestelauto;Overig/onbekend hybride;2025 januari;69;6;63
9917;Bestelauto;Overig/onbekend hybride;2025 februari;37;2;35
9918;Bestelauto;Overig/onbekend hybride;2025 maart;34;0;34
9919;Bestelauto;Overig/onbekend hybride;2025 1e kwartaal;140;8;132
9920;Bestelauto;Overige/onbekende brandstof;2007 januari;14;9;5
9921;Bestelauto;Overige/onbekende brandstof;2007 februari;5;3;2
9922;Bestelauto;Overige/onbekende brandstof;2007 maart;12;9;3
9923;Bestelauto;Overige/onbekende brandstof;2007 1e kwartaal;31;21;10
9924;Bestelauto;Overige/onbekende brandstof;2007 april;14;13;1
9925;Bestelauto;Overige/onbekende brandstof;2007 mei;14;4;10
9926;Bestelauto;Overige/onbekende brandstof;2007 juni;9;6;3
9927;Bestelauto;Overige/onbekende brandstof;2007 2e kwartaal;37;23;14
9928;Bestelauto;Overige/onbekende brandstof;2007 juli;7;4;3
9929;Bestelauto;Overige/onbekende brandstof;2007 augustus;15;14;1
9930;Bestelauto;Overige/onbekende brandstof;2007 september;21;18;3
9931;Bestelauto;Overige/onbekende brandstof;2007 3e kwartaal;43;36;7
9932;Bestelauto;Overige/onbekende brandstof;2007 oktober;18;6;12
9933;Bestelauto;Overige/onbekende brandstof;2007 november;10;4;6
9934;Bestelauto;Overige/onbekende brandstof;2007 december;9;1;8
9935;Bestelauto;Overige/onbekende brandstof;2007 4e kwartaal;37;11;26
9936;Bestelauto;Overige/onbekende brandstof;2007;148;91;57
9937;Bestelauto;Overige/onbekende brandstof;2008 januari;25;20;5
9938;Bestelauto;Overige/onbekende brandstof;2008 februari;14;7;7
9939;Bestelauto;Overige/onbekende brandstof;2008 maart;19;16;3
9940;Bestelauto;Overige/onbekende brandstof;2008 1e kwartaal;58;43;15
9941;Bestelauto;Overige/onbekende brandstof;2008 april;31;25;6
9942;Bestelauto;Overige/onbekende brandstof;2008 mei;21;9;12
9943;Bestelauto;Overige/onbekende brandstof;2008 juni;40;33;7
9944;Bestelauto;Overige/onbekende brandstof;2008 2e kwartaal;92;67;25
9945;Bestelauto;Overige/onbekende brandstof;2008 juli;19;9;10
9946;Bestelauto;Overige/onbekende brandstof;2008 augustus;15;7;8
9947;Bestelauto;Overige/onbekende brandstof;2008 september;18;11;7
9948;Bestelauto;Overige/onbekende brandstof;2008 3e kwartaal;52;27;25
9949;Bestelauto;Overige/onbekende brandstof;2008 oktober;31;12;19
9950;Bestelauto;Overige/onbekende brandstof;2008 november;21;16;5
9951;Bestelauto;Overige/onbekende brandstof;2008 december;25;22;3
9952;Bestelauto;Overige/onbekende brandstof;2008 4e kwartaal;77;50;27
9953;Bestelauto;Overige/onbekende brandstof;2008;279;187;92
9954;Bestelauto;Overige/onbekende brandstof;2009 januari;50;20;30
9955;Bestelauto;Overige/onbekende brandstof;2009 februari;35;24;11
9956;Bestelauto;Overige/onbekende brandstof;2009 maart;48;37;11
9957;Bestelauto;Overige/onbekende brandstof;2009 1e kwartaal;133;81;52
9958;Bestelauto;Overige/onbekende brandstof;2009 april;26;17;9
9959;Bestelauto;Overige/onbekende brandstof;2009 mei;20;13;7
9960;Bestelauto;Overige/onbekende brandstof;2009 juni;32;20;12
9961;Bestelauto;Overige/onbekende brandstof;2009 2e kwartaal;78;50;28
9962;Bestelauto;Overige/onbekende brandstof;2009 juli;49;42;7
9963;Bestelauto;Overige/onbekende brandstof;2009 augustus;31;25;6
9964;Bestelauto;Overige/onbekende brandstof;2009 september;61;44;17
9965;Bestelauto;Overige/onbekende brandstof;2009 3e kwartaal;141;111;30
9966;Bestelauto;Overige/onbekende brandstof;2009 oktober;17;9;8
9967;Bestelauto;Overige/onbekende brandstof;2009 november;20;12;8
9968;Bestelauto;Overige/onbekende brandstof;2009 december;28;11;17
9969;Bestelauto;Overige/onbekende brandstof;2009 4e kwartaal;65;32;33
9970;Bestelauto;Overige/onbekende brandstof;2009;417;274;143
9971;Bestelauto;Overige/onbekende brandstof;2010 januari;55;45;10
9972;Bestelauto;Overige/onbekende brandstof;2010 februari;36;30;6
9973;Bestelauto;Overige/onbekende brandstof;2010 maart;39;20;19
9974;Bestelauto;Overige/onbekende brandstof;2010 1e kwartaal;130;95;35
9975;Bestelauto;Overige/onbekende brandstof;2010 april;21;15;6
9976;Bestelauto;Overige/onbekende brandstof;2010 mei;43;29;14
9977;Bestelauto;Overige/onbekende brandstof;2010 juni;52;40;12
9978;Bestelauto;Overige/onbekende brandstof;2010 2e kwartaal;116;84;32
9979;Bestelauto;Overige/onbekende brandstof;2010 juli;23;17;6
9980;Bestelauto;Overige/onbekende brandstof;2010 augustus;31;23;8
9981;Bestelauto;Overige/onbekende brandstof;2010 september;36;29;7
9982;Bestelauto;Overige/onbekende brandstof;2010 3e kwartaal;90;69;21
9983;Bestelauto;Overige/onbekende brandstof;2010 oktober;27;13;14
9984;Bestelauto;Overige/onbekende brandstof;2010 november;47;19;28
9985;Bestelauto;Overige/onbekende brandstof;2010 december;22;6;16
9986;Bestelauto;Overige/onbekende brandstof;2010 4e kwartaal;96;38;58
9987;Bestelauto;Overige/onbekende brandstof;2010;432;286;146
9988;Bestelauto;Overige/onbekende brandstof;2011 januari;34;29;5
9989;Bestelauto;Overige/onbekende brandstof;2011 februari;38;26;12
9990;Bestelauto;Overige/onbekende brandstof;2011 maart;60;42;18
9991;Bestelauto;Overige/onbekende brandstof;2011 1e kwartaal;132;97;35
9992;Bestelauto;Overige/onbekende brandstof;2011 april;40;30;10
9993;Bestelauto;Overige/onbekende brandstof;2011 mei;36;23;13
9994;Bestelauto;Overige/onbekende brandstof;2011 juni;22;16;6
9995;Bestelauto;Overige/onbekende brandstof;2011 2e kwartaal;98;69;29
9996;Bestelauto;Overige/onbekende brandstof;2011 juli;33;21;12
9997;Bestelauto;Overige/onbekende brandstof;2011 augustus;37;31;6
9998;Bestelauto;Overige/onbekende brandstof;2011 september;56;42;14
9999;Bestelauto;Overige/onbekende brandstof;2011 3e kwartaal;126;94;32
